tree
version=v4
num_class=1
num_tree_per_iteration=1
label_index=0
max_feature_idx=96
objective=binary sigmoid:1
feature_names=f_course1 f_course2 f_course3 f_courseout mf_course1 mf_course2 mf_course3 mf_courseout f_mf_course1 f_mf_course2 f_mf_course3 f_mf_courseout f_len1 f_len2 f_len3 f_lenout mf_len1 mf_len2 mf_len3 mf_classout f_mf_len1 f_mf_len2 f_mf_len3 f_mf_classout f_class1 f_class2 f_class3 f_classout mf_class1 mf_class2 mf_class3 mf_classout.1 f_mf_class1 f_mf_class2 f_mf_class3 f_mf_classout.1 time_df_course1 time_df_class1 ninki_1 result_1 agari_1 margin_1 corner_ratio_1 time_df_course2 time_df_class2 ninki_2 result_2 agari_2 margin_2 corner_ratio_2 time_df_course3 time_df_class3 ninki_3 result_3 agari_3 margin_3 corner_ratio_3 rank_trend weight_change dist_change jockey_win_rate jockey_place_rate waku umaban current_odds current_popularity father_cat mother_father_cat paternal_gf_cat time_df_course4 time_df_class4 ninki_4 result_4 agari_4 margin_4 corner_ratio_4 time_df_course5 time_df_class5 ninki_5 result_5 agari_5 margin_5 corner_ratio_5 rank_trend_5 win_rate_recent5 kinryo days_since_last_race n_horses_today n_horses_1 horse_weight_abs_1 corner_chase_1 corner_chase_2 corner_chase_3 corner_chase_4 corner_chase_5 agari_trend_5 time_diff_trend_5
feature_infos=[0:11] [0:4] [0:6] [0:45] [0:10] [0:7] [0:9] [0:55] none none none none none none none none none none none [0:2] none none none none none none none none none none none none none none none none none none [-1:160] [-1:70] [-1:47.899999999999999] [-1:9.6999999999999993] [-1:1] none none [-1:160] [-1:110] [-1:45.100000000000001] [-1:10.4] [-1:1] none none [-1:150] [-1:120] [-1:49.299999999999997] [-1:10.800000000000001] [-1:1] [-40:35] [-16:36] [-980:1480] [-1:1] [-1:1] [1:8] [1:12] [-1:364.80000000000001] [-1:12] [46:1736] [13:1736] [1:1721] none none [-1:160] [-1:140] [-1:43.899999999999999] [-1:9] [-1:1] [-1:0] [-1:0] [-1:140] [-1:90] [-1:42] [-1:4.7999999999999998] [-1:1] [-40:11] [0:0.80000000000000004] [50:58] [-1512:111] [7:12] [6:18] [-1:562] [-1:0.83333333333333337] [-1:0.8571428571428571] [-1:0.625] [-1:0.72727272727272729] [-1:0.8125] [-5.2599999999999998:5.4299999999999997] none
tree_sizes=747 750 748 753 750 754 755 754 755 650 753 650 650 651 651 751 754 648 749 849 852 651 649 649 649 652 652 652 650 651 652 748 650 651 753 857 957 854 750 850 858 752 752 857 856 651 1049 1049 1047 759 759 859 859 1039 1159 1159 855 756 851 758 835 1151 1041 848 846 747 1055 747 750 1054 953 953 851 949 954 844 953 1032 1055 1051 1054 853 554 1145 954 1035 1038 552 1144 1145 1145 863 555 1147 759 1147 1149 759 452 849 852 852 850 853 748 848 851 760

Tree=0
num_leaves=6
num_cat=0
split_feature=71 59 47 41 41
split_gain=67.9591 117.849 8.43394 26.4561 106.446
threshold=9.5000000000000018 -584.99999999999989 37.95000000000001 0.8500000000000002 0.95000000000000007
decision_type=2 2 2 2 2
left_child=1 -1 -2 -4 -5
right_child=2 -3 3 4 -6
leaf_value=-0.19301649273775673 -0.19197789993833425 -0.32659362788753882 -0.19415551196340888 -0.19092758581355412 -0.32596795241545246
leaf_weight=18.126321211457256 234.33287569880486 13.014329627156256 76.45403815805912 21.767890930175785 9.5765821784734708
leaf_count=2 19 53 14 1 39
internal_value=-0.26833 -0.2495 -0.196077 -0.205202 -0.232858
internal_weight=0 31.1407 342.131 107.799 31.3445
internal_count=128 55 73 54 40
is_linear=0
shrinkage=1


Tree=1
num_leaves=6
num_cat=0
split_feature=71 59 47 41 41
split_gain=62.163 109.612 7.54276 24.0996 98.7886
threshold=9.5000000000000018 -584.99999999999989 37.95000000000001 0.8500000000000002 0.95000000000000007
decision_type=2 2 2 2 2
left_child=1 -1 -2 -4 -5
right_child=2 -3 3 4 -6
leaf_value=0.072121527034435334 0.073102089634100614 -0.056780989829604903 0.071033463402386837 0.07410559267329489 -0.056167114071088611
leaf_weight=18.28374053537846 236.39152666926384 12.902865052223204 77.109536856412888 21.961326599121097 9.4955217093229276
leaf_count=2 19 53 14 1 39
internal_value=0 0.0181317 0.0692153 0.0605401 0.0341114
internal_weight=0 31.1866 344.958 108.566 31.4568
internal_count=128 55 73 54 40
is_linear=0
shrinkage=0.0340087


Tree=2
num_leaves=6
num_cat=0
split_feature=71 59 47 41 41
split_gain=57.1034 102.223 6.78416 22.0359 91.9605
threshold=9.5000000000000018 -584.99999999999989 37.95000000000001 0.8500000000000002 0.95000000000000007
decision_type=2 2 2 2 2
left_child=1 -1 -2 -4 -5
right_child=2 -3 3 4 -6
leaf_value=0.069275206053571306 0.070209715584806542 -0.05541344879833221 0.068227210345036815 0.071176847809264601 -0.054808490131180568
leaf_weight=18.38729523122311 237.73542964458466 12.774824172258375 77.544264242053032 22.08663368225098 9.402545437216757
leaf_count=2 19 53 14 1 39
internal_value=0 0.017499 0.0665073 0.0582244 0.0328881
internal_weight=0 31.1621 346.769 109.033 31.4892
internal_count=128 55 73 54 40
is_linear=0
shrinkage=0.0340087


Tree=3
num_leaves=6
num_cat=0
split_feature=71 59 47 41 41
split_gain=52.6518 95.5599 6.13204 20.2151 85.8344
threshold=9.5000000000000018 -584.99999999999989 37.95000000000001 0.8500000000000002 0.95000000000000007
decision_type=2 2 2 2 2
left_child=1 -1 -2 -4 -5
right_child=2 -3 3 4 -6
leaf_value=0.066721341704779488 0.067619401766883067 -0.054147957811748484 0.065704572444698031 0.068558620030954226 -0.053549392242636336
leaf_weight=18.442273572087291 238.43510037660599 12.632149010896681 77.779899105429649 22.150535583496097 9.2990504354238492
leaf_count=2 19 53 14 1 39
internal_value=0 0.0169232 0.0640785 0.0561399 0.0317824
internal_weight=0 31.0744 347.665 109.229 31.4496
internal_count=128 55 73 54 40
is_linear=0
shrinkage=0.0340087


Tree=4
num_leaves=6
num_cat=0
split_feature=71 59 47 41 41
split_gain=48.7081 89.5207 5.56656 18.598 80.3081
threshold=9.5000000000000018 -584.99999999999989 37.95000000000001 0.8500000000000002 0.95000000000000007
decision_type=2 2 2 2 2
left_child=1 -1 -2 -4 -5
right_child=2 -3 3 4 -6
leaf_value=0.064416911150087727 0.065286336384366803 -0.052973571512976728 0.063424073907706824 0.066204601014681425 -0.05237917880982168
leaf_weight=18.453509375452999 238.55488333106041 12.476618111133574 77.836236089468002 22.159166336059574 9.1863152235746366
leaf_count=2 19 53 14 1 39
internal_value=0 0.0163967 0.0618877 0.0542534 0.030778
internal_weight=0 30.9301 347.737 109.182 31.3455
internal_count=128 55 73 54 40
is_linear=0
shrinkage=0.0340087


Tree=5
num_leaves=6
num_cat=0
split_feature=71 59 47 41 94
split_gain=45.1926 84.0236 5.07241 17.1535 62.0457
threshold=9.5000000000000018 -584.99999999999989 37.95000000000001 0.8500000000000002 -0.62152777777777768
decision_type=2 2 2 2 2
left_child=1 -1 -2 -4 -5
right_child=2 -3 3 4 -6
leaf_value=0.062326892557043184 0.063174143344721698 -0.051880832230511327 0.061351924439938775 0.058204013108035503 -0.050925522620864493
leaf_weight=18.425420805811886 238.15355661511421 12.309858381748198 77.731372535228729 23.280376464128498 7.9032648205757132
leaf_count=2 19 53 14 6 34
internal_value=0 0.0159133 0.0599016 0.0525378 0.0298615
internal_weight=0 30.7353 347.069 108.915 31.1836
internal_count=128 55 73 54 40
is_linear=0
shrinkage=0.0340087


Tree=6
num_leaves=6
num_cat=0
split_feature=78 84 83 94 94
split_gain=42.5599 137.199 2.60887 5.73259 6.74262
threshold=11.500000000000002 0.45000000000000007 0.35000000000000003 -0.32051282051282043 -0.19374999999999998
decision_type=2 2 2 2 2
left_child=1 -1 3 -2 -5
right_child=2 -3 -4 4 -6
leaf_value=-0.053643044064510106 0.061317983468528549 0.061688043335813521 0.061882407059527932 0.057010604856119827 0.024191216487465885
leaf_weight=16.889024972915649 44.581663101911545 39.449880331754684 240.0364782512188 16.464562192559242 18.854833394289017
leaf_count=73 4 5 16 4 26
internal_value=0 0.0267386 0.0595416 0.0522263 0.0401157
internal_weight=0 56.3389 319.938 79.9011 35.3194
internal_count=128 78 50 34 30
is_linear=0
shrinkage=0.0340087


Tree=7
num_leaves=6
num_cat=0
split_feature=78 84 83 94 94
split_gain=39.6365 129.017 2.43825 5.41804 6.33798
threshold=11.500000000000002 0.45000000000000007 0.35000000000000003 -0.32051282051282043 -0.19374999999999998
decision_type=2 2 2 2 2
left_child=1 -1 3 -2 -5
right_child=2 -3 -4 4 -6
leaf_value=-0.052565554964369168 0.05956290807435257 0.059892489616835361 0.060104589868614389 0.055305868353863349 0.023370173283055237
leaf_weight=16.653920471668243 44.339647799730301 39.255117237567902 238.75400456786156 16.397209614515305 18.854886248707771
leaf_count=73 4 5 16 4 26
internal_value=0 0.0260151 0.0578166 0.0506698 0.0388499
internal_weight=0 55.909 318.346 79.5917 35.2521
internal_count=128 78 50 34 30
is_linear=0
shrinkage=0.0340087


Tree=8
num_leaves=6
num_cat=0
split_feature=78 84 83 94 94
split_gain=36.9832 121.512 2.30095 5.15315 5.98208
threshold=11.500000000000002 0.45000000000000007 0.35000000000000003 -0.32051282051282043 -0.19374999999999998
decision_type=2 2 2 2 2
left_child=1 -1 3 -2 -5
right_child=2 -3 -4 4 -6
leaf_value=-0.051559986245162746 0.057953727468772906 0.058246905235836234 0.058476365846805059 0.053728560194816762 0.022582934861045848
leaf_weight=16.406325668096542 44.027363985776901 38.996871411800385 237.08519215881824 16.307249188423157 18.850054830312729
leaf_count=73 4 5 16 4 26
internal_value=0 0.0253479 0.0562307 0.0492228 0.0376549
internal_weight=0 55.4032 316.27 79.1847 35.1573
internal_count=128 78 50 34 30
is_linear=0
shrinkage=0.0340087


Tree=9
num_leaves=5
num_cat=0
split_feature=71 59 47 86
split_gain=34.5824 66.8295 4.4222 14.7074
threshold=9.5000000000000018 -584.99999999999989 37.95000000000001 6.5000000000000009
decision_type=2 2 2 2
left_child=1 -1 -2 -4
right_child=2 -3 3 -5
leaf_value=0.055649870747684405 0.056556441760709619 -0.048483911491648483 0.020298753932252816 0.053134906795729318
leaf_weight=17.991628065705303 232.50396512448788 11.601070314645765 22.226746574044228 84.269939631223679
leaf_count=2 19 53 32 22
internal_value=0 0.0141269 0.0534583 0.0464838
internal_weight=0 29.5927 339.001 106.497
internal_count=128 55 73 54
is_linear=0
shrinkage=0.0340087


Tree=10
num_leaves=6
num_cat=0
split_feature=78 84 83 94 94
split_gain=33.0528 110.297 2.33021 5.06516 5.78901
threshold=11.500000000000002 0.45000000000000007 0.35000000000000003 -0.32051282051282043 -0.19374999999999998
decision_type=2 2 2 2 2
left_child=1 -1 3 -2 -5
right_child=2 -3 -4 4 -6
leaf_value=-0.050362584054351768 0.055144007619640799 0.055452781223107588 0.055677995059594164 0.050896665032586483 0.020226354740004601
leaf_weight=15.992624104022978 43.23545104265213 38.323836743831635 232.88435038924217 16.065200656652451 18.768964633345604
leaf_count=73 4 5 16 4 26
internal_value=0 0.023907 0.0534307 0.04644 0.0349996
internal_weight=0 54.3165 310.954 78.0696 34.8342
internal_count=128 78 50 34 30
is_linear=0
shrinkage=0.0340087


Tree=11
num_leaves=5
num_cat=0
split_feature=78 84 83 80
split_gain=30.994 104.278 2.24632 8.82163
threshold=11.500000000000002 0.45000000000000007 0.35000000000000003 39.550000000000004
decision_type=2 2 2 2
left_child=1 -1 3 -2
right_child=2 -3 -4 -5
leaf_value=-0.049502266205123588 0.028043263454759285 0.054152637309345435 0.05439559635744616 0.054216239834831842
leaf_weight=15.722560465335844 27.332126945257187 37.917211085557938 230.31267802417278 50.094930827617645
leaf_count=73 27 5 16 7
internal_value=0 0.0233749 0.0521697 0.0452602
internal_weight=0 53.6398 307.74 77.4271
internal_count=128 78 50 34
is_linear=0
shrinkage=0.0340087


Tree=12
num_leaves=5
num_cat=0
split_feature=78 84 83 80
split_gain=29.0774 98.6969 2.21564 8.46354
threshold=11.500000000000002 0.45000000000000007 0.35000000000000003 39.550000000000004
decision_type=2 2 2 2
left_child=1 -1 3 -2
right_child=2 -3 -4 -5
leaf_value=-0.04869335383727235 0.027206188831666842 0.052945466334510041 0.053206071602003649 0.052956395824672112
leaf_weight=15.445588901638983 27.218158483505249 37.47135329246521 227.50293254852295 49.552717357873917
leaf_count=73 27 5 16 7
internal_value=0 0.0228784 0.0509849 0.044112
internal_weight=0 52.9169 304.274 76.7709
internal_count=128 78 50 34
is_linear=0
shrinkage=0.0340087


Tree=13
num_leaves=5
num_cat=0
split_feature=78 84 83 80
split_gain=27.3091 93.5105 2.1975 8.15088
threshold=11.500000000000002 0.45000000000000007 0.35000000000000003 39.550000000000004
decision_type=2 2 2 2
left_child=1 -1 3 -2
right_child=2 -3 -4 -5
leaf_value=-0.047931324955109773 0.026399800292182966 0.051821496210897079 0.052099717614587017 0.051783288684921699
leaf_weight=15.163005918264387 27.098906338214874 36.991179496049881 224.48517049849033 48.962891429662704
leaf_count=73 27 5 16 7
internal_value=0 0.0224138 0.0498777 0.043027
internal_weight=0 52.1542 300.547 76.0618
internal_count=128 78 50 34
is_linear=0
shrinkage=0.0340087


Tree=14
num_leaves=5
num_cat=0
split_feature=78 84 83 80
split_gain=25.6737 88.6806 2.19006 7.87666
threshold=11.500000000000002 0.45000000000000007 0.35000000000000003 39.550000000000004
decision_type=2 2 2 2
left_child=1 -1 3 -2
right_child=2 -3 -4 -5
leaf_value=-0.047212173737435907 0.025622158181690478 0.05077224374714899 0.051068107151892334 0.050687918959172511
leaf_weight=14.875988841056822 26.975169137120247 36.481186777353287 221.28688199818134 48.331521674990654
leaf_count=73 27 5 16 7
internal_value=0 0.021978 0.0488403 0.0419989
internal_weight=0 51.3572 296.594 75.3067
internal_count=128 78 50 34
is_linear=0
shrinkage=0.0340087


Tree=15
num_leaves=6
num_cat=0
split_feature=71 59 47 41 41
split_gain=24.2829 49.3908 4.32081 14.0144 57.002
threshold=9.5000000000000018 -584.99999999999989 37.95000000000001 0.8500000000000002 0.95000000000000007
decision_type=2 2 2 2 2
left_child=1 -1 -2 -4 -5
right_child=2 -3 3 4 -6
leaf_value=0.048871224407598252 0.049851212493132693 -0.045000043778964841 0.048054029901406163 0.050745165541085276 -0.052278337419630137
leaf_weight=16.69549381732941 216.23179268836975 10.390190973877905 70.835168242454529 20.013708114624027 8.8097435832023603
leaf_count=2 19 53 14 1 39
internal_value=0 0.0120951 0.0467276 0.0397279 0.0185196
internal_weight=0 27.0857 315.89 99.6586 28.8235
internal_count=128 55 73 54 40
is_linear=0
shrinkage=0.0340087


Tree=16
num_leaves=6
num_cat=0
split_feature=71 59 47 41 41
split_gain=22.9403 46.9398 4.08173 13.2257 54.0888
threshold=9.5000000000000018 -584.99999999999989 37.95000000000001 0.8500000000000002 0.95000000000000007
decision_type=2 2 2 2 2
left_child=1 -1 -2 -4 -5
right_child=2 -3 3 4 -6
leaf_value=0.047957646849682033 0.048933700087996218 -0.044395695369389067 0.047118147649068021 0.049844784133330808 -0.051232653577037171
leaf_weight=16.440082252025608 212.85326634347439 10.177664175629614 69.803788721561432 19.688598632812504 8.6867622286081296
leaf_count=2 19 53 14 1 39
internal_value=0 0.0118648 0.0458584 0.0389658 0.0181533
internal_weight=0 26.6177 311.032 98.1791 28.3754
internal_count=128 55 73 54 40
is_linear=0
shrinkage=0.0340087


Tree=17
num_leaves=5
num_cat=0
split_feature=78 84 81 67
split_gain=21.8014 77.4622 2.21093 2.24448
threshold=11.500000000000002 0.45000000000000007 3.1500000000000004 1364.0000000000002
decision_type=2 2 2 2
left_child=1 -1 3 -2
right_child=2 -3 -4 -5
leaf_value=-0.045931599470327066 0.03097377846170182 0.048152402415173878 0.049474805214775 0.044772055277754665
leaf_weight=14.032529309391974 30.833981409668922 34.835319399833679 164.48223645985126 87.969416916370392
leaf_count=73 23 5 6 21
internal_value=0 0.0207026 0.0461562 0.0413745
internal_weight=0 48.8678 283.286 118.803
internal_count=128 78 50 44
is_linear=0
shrinkage=0.0340087


Tree=18
num_leaves=6
num_cat=0
split_feature=71 59 47 41 41
split_gain=20.6135 42.7156 3.80539 12.4924 50.622
threshold=9.5000000000000018 -584.99999999999989 37.95000000000001 0.8500000000000002 0.95000000000000007
decision_type=2 2 2 2 2
left_child=1 -1 -2 -4 -5
right_child=2 -3 3 4 -6
leaf_value=0.046318939695542641 0.047281294802137254 -0.043474165636987007 0.045504745449217947 0.04827662906166421 -0.05066501276324005
leaf_weight=15.899002343416216 205.82297894358635 9.759482800960539 67.696353927254677 19.038501739501957 8.5220109075307828
leaf_count=2 19 53 14 1 39
internal_value=0 0.0113554 0.0442465 0.0374575 0.0169132
internal_weight=0 25.6585 301.08 95.2569 27.5605
internal_count=128 55 73 54 40
is_linear=0
shrinkage=0.0340087


Tree=19
num_leaves=7
num_cat=0
split_feature=78 84 81 94 80 95
split_gain=19.5807 70.8455 2.25249 2.23145 2.35099 5.38885
threshold=11.500000000000002 0.45000000000000007 3.1500000000000004 -0.19374999999999998 35.750000000000007 -1.0700000000000001
decision_type=2 2 2 2 2 2
left_child=1 -1 3 -2 -5 -6
right_child=2 -3 -4 4 5 -7
leaf_value=-0.045109951592630461 0.046169672703733483 0.046630770207638575 0.0479684346720071 0.04391787068202048 0.047248939863875336 0.017345776726842028
leaf_weight=13.462126657366751 52.857901886105537 33.656163573265076 158.6156614869833 24.001445785164833 11.890386581420897 26.513141468167305
leaf_count=73 8 5 6 4 2 30
internal_value=0 0.0199702 0.0445923 0.0397539 0.0339662 0.0271756
internal_weight=0 47.1183 273.879 115.263 62.405 38.4035
internal_count=128 78 50 44 36 32
is_linear=0
shrinkage=0.0340087


Tree=20
num_leaves=7
num_cat=0
split_feature=71 40 86 86 41 72
split_gain=18.5665 39.0502 3.56721 7.64559 1.87784 1.32582
threshold=9.5000000000000018 13.950000000000001 -1112.4999999999998 1.0000000180025095e-35 0.8500000000000002 9.5000000000000018
decision_type=2 2 2 2 2 2
left_child=1 -1 -2 -4 -5 -6
right_child=2 -3 3 4 5 -7
leaf_value=0.04463666387628161 0.046934716732784029 -0.043134825344971046 0.019517972259689282 0.04694680919619252 0.026016760096158924 0.042044103026579516
leaf_weight=15.42929267883301 155.92566834390163 9.2473517507314664 25.549984782934189 62.636092990636826 22.454595223069191 24.142328068614006
leaf_count=3 8 52 31 8 19 7
internal_value=0 0.0109017 0.0428062 0.0378659 0.0419618 0.034788
internal_weight=0 24.6766 290.709 134.783 109.233 46.5969
internal_count=128 55 73 65 34 26
is_linear=0
shrinkage=0.0340087


Tree=21
num_leaves=5
num_cat=0
split_feature=78 84 83 80
split_gain=18.0448 65.5003 2.33949 7.59101
threshold=11.500000000000002 0.45000000000000007 0.35000000000000003 39.550000000000004
decision_type=2 2 2 2
left_child=1 -1 3 -2
right_child=2 -3 -4 -5
leaf_value=-0.04445430239052256 0.019608171883464663 0.045251267649229633 0.045538941035693226 0.045061090212130887
leaf_weight=13.030017301440237 25.012291073799133 32.418909072875977 196.03544174134731 43.46749909222126
leaf_count=73 27 5 16 7
internal_value=0 0.0190673 0.0431731 0.0360796
internal_weight=0 45.4489 264.515 68.4798
internal_count=128 78 50 34
is_linear=0
shrinkage=0.0340087


Tree=22
num_leaves=5
num_cat=0
split_feature=78 84 83 80
split_gain=17.0635 62.4488 2.37453 7.42709
threshold=11.500000000000002 0.45000000000000007 0.35000000000000003 39.550000000000004
decision_type=2 2 2 2
left_child=1 -1 3 -2
right_child=2 -3 -4 -5
leaf_value=-0.043934276751744952 0.019047992150315177 0.044588421595980421 0.044897832854143921 0.04435499376087066
leaf_weight=12.741305634379385 24.875787258148193 31.793284952640533 192.14009809494019 42.671984195709229
leaf_count=73 27 5 16 7
internal_value=0 0.0187869 0.0425 0.0353544
internal_weight=0 44.5346 259.688 67.5478
internal_count=128 78 50 34
is_linear=0
shrinkage=0.0340087


Tree=23
num_leaves=5
num_cat=0
split_feature=78 84 81 66
split_gain=16.1414 59.5694 2.42176 4.03315
threshold=11.500000000000002 0.45000000000000007 3.1500000000000004 1573.5000000000002
decision_type=2 2 2 2
left_child=1 -1 3 -2
right_child=2 -3 -4 -5
leaf_value=-0.04343702427644576 0.023980504013705738 0.043957976640426943 0.045419530024693774 0.041169689322665327
leaf_weight=12.454281181097029 28.536252453923225 31.163906216621399 146.35721692442894 79.94001105427742
leaf_count=73 24 5 6 20
internal_value=0 0.018519 0.0418569 0.0368467
internal_weight=0 43.6182 254.833 108.476
internal_count=128 78 50 44
is_linear=0
shrinkage=0.0340087


Tree=24
num_leaves=5
num_cat=0
split_feature=78 84 81 66
split_gain=15.2634 56.8495 2.4828 3.95599
threshold=11.500000000000002 0.45000000000000007 3.1500000000000004 1573.5000000000002
decision_type=2 2 2 2
left_child=1 -1 3 -2
right_child=2 -3 -4 -5
leaf_value=-0.042960904556476609 0.023378032630221507 0.043357280348364433 0.044858408670450128 0.040498312185413866
leaf_weight=12.169401139020918 28.281630367040634 30.532554537057877 143.20295952260494 78.52654804289341
leaf_count=73 24 5 6 20
internal_value=0 0.0182626 0.0412334 0.0361668
internal_weight=0 42.702 250.011 106.808
internal_count=128 78 50 44
is_linear=0
shrinkage=0.0340087


Tree=25
num_leaves=5
num_cat=0
split_feature=78 84 81 66
split_gain=14.4363 54.2776 2.54783 3.88537
threshold=11.500000000000002 0.45000000000000007 3.1500000000000004 1573.5000000000002
decision_type=2 2 2 2
left_child=1 -1 3 -2
right_child=2 -3 -4 -5
leaf_value=-0.042504407657891694 0.022790387378874649 0.042783939459415055 0.044326722276464683 0.039851748502960298
leaf_weight=11.887073516845701 28.029665380716324 29.900832116603851 140.04676534235477 77.111704185605049
leaf_count=73 24 5 6 20
internal_value=0 0.0180166 0.0406349 0.0355081
internal_weight=0 41.7879 245.188 105.141
internal_count=128 78 50 44
is_linear=0
shrinkage=0.0340087


Tree=26
num_leaves=5
num_cat=0
split_feature=78 84 83 80
split_gain=13.6567 51.8435 2.61969 8.37192
threshold=11.500000000000002 0.45000000000000007 0.35000000000000003 39.550000000000004
decision_type=2 2 2 2
left_child=1 -1 3 -2
right_child=2 -3 -4 -5
leaf_value=-0.042066153415672235 0.015217128425929094 0.042235771559233352 0.042638474898764274 0.042387408773320992
leaf_weight=11.607660815119742 23.819557338953018 29.270188271999359 176.42207357287407 40.133691415190697
leaf_count=73 27 5 16 7
internal_value=0 0.0177802 0.0400594 0.032603
internal_weight=0 40.8778 240.375 63.9532
internal_count=128 78 50 34
is_linear=0
shrinkage=0.0340087


Tree=27
num_leaves=5
num_cat=0
split_feature=78 84 81 66
split_gain=12.9294 49.5376 2.70725 4.03632
threshold=11.500000000000002 0.45000000000000007 3.1500000000000004 1573.5000000000002
decision_type=2 2 2 2
left_child=1 -1 3 -2
right_child=2 -3 -4 -5
leaf_value=-0.041644870001751023 0.021241496535345898 0.041710798074223288 0.043355718199601809 0.038719665008168209
leaf_weight=11.331482440233229 27.310761839151382 28.641925066709518 133.84183676540852 74.390472143888474
leaf_count=73 24 5 6 20
internal_value=0 0.0175527 0.0395118 0.0342372
internal_weight=0 39.9734 235.543 101.701
internal_count=128 78 50 44
is_linear=0
shrinkage=0.0340087


Tree=28
num_leaves=5
num_cat=0
split_feature=41 41 67 52
split_gain=26.2872 50.6838 2.64385 10.7344
threshold=1.8500000000000003 1.9500000000000002 1168.5000000000002 105.00000000000001
decision_type=2 2 2 2
left_child=2 -2 -1 -4
right_child=1 -3 3 -5
leaf_value=0.042006962224754398 0.039846110145467434 -0.05342470842158379 0.011679360579542891 0.043237731318501817
leaf_weight=182.63482370972633 17.934316828846935 10.683818086981772 22.145068258047104 36.459484592080116
leaf_count=25 4 60 36 3
internal_value=0 0.00428678 0.039588 0.0316773
internal_weight=0 28.6181 241.239 58.6046
internal_count=128 64 64 39
is_linear=0
shrinkage=0.0340087


Tree=29
num_leaves=5
num_cat=0
split_feature=41 41 67 52
split_gain=25.1451 48.2339 2.65624 10.5402
threshold=1.8500000000000003 1.9500000000000002 1168.5000000000002 105.00000000000001
decision_type=2 2 2 2
left_child=2 -2 -1 -4
right_child=1 -3 3 -5
leaf_value=0.041525388369843513 0.039229360023252995 -0.052609549393686929 0.011325580652573828 0.042771712959049364
leaf_weight=178.54051454365253 17.603102609515194 10.484440401196478 22.062868356704712 35.618168666958809
leaf_count=25 4 60 36 3
internal_value=0 0.00419528 0.0390753 0.0311139
internal_weight=0 28.0875 236.222 57.681
internal_count=128 64 64 39
is_linear=0
shrinkage=0.0340087


Tree=30
num_leaves=5
num_cat=0
split_feature=41 57 67 52
split_gain=24.0566 46.0479 2.67058 10.3554
threshold=1.8500000000000003 3.2500000000000004 1168.5000000000002 105.00000000000001
decision_type=2 2 2 2
left_child=2 -2 -1 -4
right_child=1 -3 3 -5
leaf_value=0.041062497747427186 -0.052520672202246398 0.038320097844022766 0.010981543601806603 0.042326899627836249
leaf_weight=174.48299975693226 10.145952358841898 17.411149442195892 21.982896611094475 34.783187672495842
leaf_count=25 58 6 36 3
internal_value=0 0.00410616 0.0385796 0.0305644
internal_weight=0 27.5571 231.249 56.7661
internal_count=128 64 64 39
is_linear=0
shrinkage=0.0340087


Tree=31
num_leaves=6
num_cat=0
split_feature=41 41 78 72 58
split_gain=23.041 43.8306 2.7113 8.4904 26.2191
threshold=1.8500000000000003 1.9500000000000002 14.500000000000002 3.5000000000000004 -12.499999999999998
decision_type=2 2 2 2 2
left_child=2 -2 3 -1 -5
right_child=1 -3 -4 4 -6
leaf_value=0.040563926720603591 0.038112885033496552 -0.05106757622212587 0.040191508809465044 0.04090802444798735 -0.049151733157730602
leaf_weight=26.081937342882156 16.944517776370052 10.105468697845934 184.26103961467743 10.250785827636717 5.7351078242063513
leaf_count=6 4 60 23 1 34
internal_value=0 0.00401573 0.0380994 0.0284206 0.00728079
internal_weight=0 27.05 226.329 42.0678 15.9859
internal_count=128 64 64 41 35
is_linear=0
shrinkage=0.0340087


Tree=32
num_leaves=5
num_cat=0
split_feature=41 57 67 52
split_gain=22.125 41.8808 2.6731 10.1157
threshold=1.8500000000000003 3.2500000000000004 1168.5000000000002 105.00000000000001
decision_type=2 2 2 2
left_child=2 -2 -1 -4
right_child=1 -3 3 -5
leaf_value=0.040230628867529997 -0.051036803391942262 0.037246599063087915 0.010057036509607976 0.041538008437842888
leaf_weight=166.47742630541325 9.7693968713283557 16.753208205103874 21.463594004511833 33.161978289484978
leaf_count=25 58 6 36 3
internal_value=0 0.00393075 0.0376923 0.0295588
internal_weight=0 26.5226 221.103 54.6256
internal_count=128 64 64 39
is_linear=0
shrinkage=0.0340087


Tree=33
num_leaves=5
num_cat=0
split_feature=41 41 81 72
split_gain=21.1981 39.8871 2.7444 6.67347
threshold=1.8500000000000003 1.9500000000000002 1.4500000000000002 3.5000000000000004
decision_type=2 2 2 2
left_child=2 -2 3 -1
right_child=1 -3 -4 -5
leaf_value=0.040183402963050313 0.037067503476162535 -0.049651677529221346 0.039536582386002841 0.011913633311813006
leaf_weight=24.740898460149765 16.294320046901706 9.7251421436667425 171.44417050480843 20.116395443677902
leaf_count=5 4 60 29 30
internal_value=0 0.00384423 0.0372406 0.0279829
internal_weight=0 26.0195 216.301 44.8573
internal_count=128 64 64 35
is_linear=0
shrinkage=0.0340087


Tree=34
num_leaves=6
num_cat=0
split_feature=41 57 78 72 58
split_gain=20.2794 38.1435 2.9206 8.55582 24.7119
threshold=1.8500000000000003 3.2500000000000004 14.500000000000002 3.5000000000000004 -12.499999999999998
decision_type=2 2 2 2 2
left_child=2 -2 3 -1 -5
right_child=1 -3 -4 4 -6
leaf_value=0.039285996138438813 -0.049673089598688991 0.036237895243219173 0.039002519817202166 0.039722364474813476 -0.049069556013616053
leaf_weight=24.297670483589172 9.3928371071815508 16.10579115152359 172.07435411214828 9.5358562469482404 5.7175384312868109
leaf_count=6 58 6 23 1 34
internal_value=0 0.00376265 0.0367907 0.0266218 0.00506219
internal_weight=0 25.4986 211.625 39.5511 15.2534
internal_count=128 64 64 41 35
is_linear=0
shrinkage=0.0340087


Tree=35
num_leaves=7
num_cat=0
split_feature=41 41 86 52 91 91
split_gain=19.5037 36.3447 2.82325 12.1456 6.08497 22.48
threshold=1.8500000000000003 1.9500000000000002 -1091.9999999999998 25.000000000000004 -0.7321428571428571 0.19375000000000003
decision_type=2 2 2 2 2 2
left_child=2 -2 -1 4 -4 -6
right_child=1 -3 3 -5 5 -7
leaf_value=0.040353726087548003 0.036082507049034734 -0.048345297961019773 0.035138513885894437 0.037395820441798844 -0.061618052286843701 0.028625645087388588
leaf_weight=121.46696563065052 15.656321048736574 9.3463255837559682 5.578913718461993 66.553090468049049 5.2780576348304731 7.7237084060907364
leaf_count=11 4 60 2 16 30 5
internal_value=0 0.00367931 0.0364228 0.0305579 0.00494034 -0.00651899
internal_weight=0 25.0026 206.601 85.1338 18.5807 13.0018
internal_count=128 64 64 53 37 35
is_linear=0
shrinkage=0.0340087


Tree=36
num_leaves=8
num_cat=0
split_feature=41 57 90 78 80 81 94
split_gain=18.7365 34.7821 2.79116 3.535 1.16837 0.311213 0.218119
threshold=1.8500000000000003 3.2500000000000004 -0.13392857142857137 135.00000000000003 1.0000000180025095e-35 3.1500000000000004 -0.19374999999999998
decision_type=2 2 2 2 2 2 2
left_child=2 -2 3 4 -1 6 -4
right_child=1 -3 5 -5 -6 -7 -8
leaf_value=0.028497261264782733 -0.048414089640309611 0.035284315598474635 0.037838569569508457 0.038233902250918078 0.0070409648074718214 0.040647160781525422 0.027123997371420558
leaf_weight=5.8629458993673351 9.0188819766044617 15.472277671098709 32.076958552002907 16.285674199461937 14.272032096982 107.11449879407883 26.095490127801895
leaf_count=4 58 6 9 2 22 5 22
internal_value=0 0.00360049 0.0360603 0.0256184 0.0143459 0.0382307 0.0334052
internal_weight=0 24.4912 201.708 36.4207 20.135 165.287 58.1724
internal_count=128 64 64 28 26 36 31
is_linear=0
shrinkage=0.0340087


Tree=37
num_leaves=7
num_cat=0
split_feature=41 57 86 52 91 91
split_gain=17.9543 33.156 2.92711 11.9199 5.72453 21.3154
threshold=1.8500000000000003 3.2500000000000004 -1091.9999999999998 25.000000000000004 0.19375000000000003 -0.7321428571428571
decision_type=2 2 2 2 2 2
left_child=2 -2 -1 4 5 -4
right_child=1 -3 3 -5 -6 -7
leaf_value=0.039726528928493314 -0.047783591191057809 0.034767499436475557 0.034309274360020445 0.036567130262063173 0.027517568391539311 -0.060878663520548236
leaf_weight=115.4958014190197 8.830883651971817 15.174003198742867 5.3679235577583322 63.763048753142357 7.431925728917121 5.2278619110584268
leaf_count=11 58 6 2 16 5 30
internal_value=0 0.00351975 0.0356478 0.0296219 0.00389922 -0.010787
internal_weight=0 24.0049 197.287 81.7908 18.0277 10.5958
internal_count=128 64 64 53 37 32
is_linear=0
shrinkage=0.0340087


Tree=38
num_leaves=6
num_cat=0
split_feature=41 41 67 52 94
split_gain=17.2705 31.7226 2.93265 10.5481 37.1663
threshold=1.8500000000000003 1.9500000000000002 1168.5000000000002 105.00000000000001 -0.62152777777777768
decision_type=2 2 2 2 2
left_child=2 -2 -1 4 -4
right_child=1 -3 3 -5 -6
leaf_value=0.038119820342521933 0.034728808807231983 -0.046560948353017335 0.037253427415072024 0.039691797435633336 -0.064663175851973106
leaf_weight=143.89428472518921 14.728913620114328 8.7958578541874868 13.83563005924225 29.017720356583595 5.8053819984197608
leaf_count=25 4 60 3 3 33
internal_value=0 0.00344 0.0353049 0.0265363 0.0060206
internal_weight=0 23.5248 192.553 48.6587 19.641
internal_count=128 64 64 39 36
is_linear=0
shrinkage=0.0340087


Tree=39
num_leaves=7
num_cat=0
split_feature=41 57 86 52 91 91
split_gain=16.6045 30.279 2.94339 11.2594 5.31305 19.666
threshold=1.8500000000000003 3.2500000000000004 -1091.9999999999998 25.000000000000004 0.19375000000000003 -0.7321428571428571
decision_type=2 2 2 2 2 2
left_child=2 -2 -1 4 5 -4
right_child=1 -3 3 -5 -6 -7
leaf_value=0.03916606236079094 -0.046657580022185063 0.033880632786700809 0.03338466542075693 0.03575541734360909 0.026666465238404134 -0.05957241066424477
leaf_weight=109.62080554664135 8.4647684842348099 14.566264420747757 5.1304323822259912 60.879210755228996 7.1277297586202613 5.0946445241570482
leaf_count=11 58 6 2 16 5 30
internal_value=0 0.00336437 0.034977 0.0288289 0.00332708 -0.0109925
internal_weight=0 23.031 187.853 78.232 17.3528 10.2251
internal_count=128 64 64 53 37 32
is_linear=0
shrinkage=0.0340087


Tree=40
num_leaves=7
num_cat=0
split_feature=41 41 86 52 91 91
split_gain=15.9776 28.9831 2.90354 10.7816 5.03169 18.7186
threshold=1.8500000000000003 1.9500000000000002 -1091.9999999999998 25.000000000000004 0.19375000000000003 -0.7321428571428571
decision_type=2 2 2 2 2 2
left_child=2 -2 -1 4 5 -4
right_child=1 -3 3 -5 -6 -7
leaf_value=0.038875265571529961 0.033859544621675827 -0.045474408826714656 0.032957942626989173 0.035349544301827997 0.026181036942537476 -0.058569045030285427
leaf_weight=106.73469705879688 14.13327829539776 8.4301944673061353 5.0225034654140481 59.508086621761322 7.0156765580177298 5.0078773796558389
leaf_count=11 4 60 2 16 5 30
internal_value=0 0.00328648 0.0346519 0.0284795 0.00327311 -0.0107611
internal_weight=0 22.5635 183.289 76.5541 17.0461 10.0304
internal_count=128 64 64 53 37 32
is_linear=0
shrinkage=0.0340087


Tree=41
num_leaves=6
num_cat=0
split_feature=41 64 81 72 57
split_gain=15.3605 27.778 2.92643 6.84743 0.142849
threshold=1.8500000000000003 5.7500000000000009 1.4500000000000002 3.5000000000000004 -0.74999999999999989
decision_type=2 2 2 2 2
left_child=2 -2 3 -1 -4
right_child=1 -3 4 -5 -6
leaf_value=0.037771052634123149 0.030568531327132081 -0.050439934131520044 0.039673826349578459 0.007190658754442714 0.032540391868428289
leaf_weight=20.710639446973801 14.889862239360811 7.1938418298959723 83.351688407361507 17.62433810532093 57.127848662436008
leaf_count=5 14 50 8 30 21
internal_value=0 0.00321238 0.0343343 0.0242666 0.0369285
internal_weight=0 22.0837 178.815 38.335 140.48
internal_count=128 64 64 35 29
is_linear=0
shrinkage=0.0340087


Tree=42
num_leaves=6
num_cat=0
split_feature=41 41 86 52 86
split_gain=14.7755 26.6931 3.01471 10.6581 23.3289
threshold=1.8500000000000003 1.9500000000000002 -1091.9999999999998 25.000000000000004 17.000000000000004
decision_type=2 2 2 2 2
left_child=2 -2 -1 4 -4
right_child=1 -3 3 -5 -6
leaf_value=0.038350499584993168 0.033082099430486518 -0.04456590929732724 -0.055156982047188455 0.034606972473693584 0.03107863471376502
leaf_weight=101.33062353730202 13.593791812658312 8.0981387645006162 5.2798772305250194 56.949696943163872 11.219098597764967
leaf_count=11 4 60 32 16 5
internal_value=0 0.00312504 0.0339595 0.027606 0.00217961
internal_weight=0 21.6919 174.779 73.4487 16.499
internal_count=128 64 64 53 37
is_linear=0
shrinkage=0.0340087


Tree=43
num_leaves=7
num_cat=0
split_feature=41 64 90 72 81 94
split_gain=14.2115 25.6351 3.10683 3.97626 0.553674 0.338293
threshold=1.8500000000000003 5.7500000000000009 -0.13392857142857137 3.5000000000000004 3.1500000000000004 -0.19374999999999998
decision_type=2 2 2 2 2 2
left_child=2 -2 3 -1 5 -4
right_child=1 -3 4 -5 -6 -7
leaf_value=0.036451157667319954 0.029815304791574786 -0.049649635446956546 0.035542020801306355 0.0097527007562716976 0.038915512048299662 0.023959236758061022
leaf_weight=13.695654459297659 14.345971949398519 6.8799272403120986 27.417582608759403 17.622392922639847 88.849242061376572 22.850526750087738
leaf_count=4 14 50 9 24 5 22
internal_value=0 0.00305233 0.03366 0.0221116 0.0361058 0.0307064
internal_weight=0 21.2259 170.435 31.318 139.117 50.2681
internal_count=128 64 64 28 36 31
is_linear=0
shrinkage=0.0340087


Tree=44
num_leaves=7
num_cat=0
split_feature=41 57 90 72 81 94
split_gain=13.6697 24.6703 3.11057 3.89825 0.633149 0.356509
threshold=1.8500000000000003 3.2500000000000004 -0.13392857142857137 3.5000000000000004 3.1500000000000004 -0.19374999999999998
decision_type=2 2 2 2 2 2
left_child=2 -2 3 -1 5 -4
right_child=1 -3 4 -5 -6 -7
leaf_value=0.036123787099080422 -0.044345969961549603 0.032038139314260944 0.035146243445362962 0.0094716780995013176 0.038689413962268569 0.023458137799996441
leaf_weight=13.355985283851625 7.65828412026167 13.187566623091698 26.794577449560165 17.530944913625717 86.371885001659393 22.550997264683247
leaf_count=4 58 6 9 24 5 22
internal_value=0 0.00296664 0.0332949 0.0216892 0.0357784 0.030242
internal_weight=0 20.8459 166.604 30.8869 135.717 49.3456
internal_count=128 64 64 28 36 31
is_linear=0
shrinkage=0.0340087


Tree=45
num_leaves=5
num_cat=0
split_feature=41 64 81 72
split_gain=13.0998 23.6429 3.20273 6.88604
threshold=1.8500000000000003 5.7500000000000009 1.4500000000000002 3.5000000000000004
decision_type=2 2 2 2
left_child=2 -2 3 -1
right_child=1 -3 -4 -5
leaf_value=0.036609965861048054 0.029058409827625739 -0.048858852620100139 0.035759095841792959 0.0050232489358318332
leaf_weight=18.743778467178345 13.830220490694048 6.5801674649119368 127.24112120270729 16.876266732811928
leaf_count=5 14 50 29 30
internal_value=0 0.00289251 0.032934 0.0222402
internal_weight=0 20.4104 162.861 35.62
internal_count=128 64 64 35
is_linear=0
shrinkage=0.0340087


Tree=46
num_leaves=9
num_cat=0
split_feature=42 68 38 54 86 42 47 47
split_gain=13.0508 28.4441 5.28846 5.31623 19.9073 1.07037 1.31351 0.00443087
threshold=0.80625000000000013 43.500000000000007 7.5000000000000009 35.150000000000006 -1471.9999999999998 0.73214285714285732 40.250000000000007 38.45000000000001
decision_type=2 2 2 2 2 2 2 2
left_child=2 -2 3 -1 -5 6 7 -4
right_child=1 -3 5 4 -6 -7 -8 -9
leaf_value=0.03491318323574738 0.031547156779241477 -0.057430327572496644 0.024871568397807672 0.035926849493639508 -0.054245349077561823 0.03761580689589774 0.036654061349228523 0.012836929488223231
leaf_weight=8.3880418688058871 12.630680508911611 6.1213077679276457 12.641884028911592 6.9615035057067871 4.7131578475236875 99.523967325687408 17.742020137608051 10.486522801220415
leaf_count=2 5 40 12 1 32 10 6 20
internal_value=0 0.00135362 0.0325067 0.0143242 0 0.0349546 0.0279442 0.0203288
internal_weight=0 18.752 160.457 20.0627 11.6747 140.394 40.8704 23.1284
internal_count=128 45 83 35 33 48 38 32
is_linear=0
shrinkage=0.0340087


Tree=47
num_leaves=9
num_cat=0
split_feature=42 68 38 54 86 42 47 83
split_gain=12.5683 27.1047 5.02931 5.09295 19.0401 1.13549 1.31738 0.243202
threshold=0.80625000000000013 43.500000000000007 7.5000000000000009 35.150000000000006 -1471.9999999999998 0.73214285714285732 40.250000000000007 -0.14999999999999999
decision_type=2 2 2 2 2 2 2 2
left_child=2 -2 3 -1 -5 6 7 -4
right_child=1 -3 5 4 -6 -7 -8 -9
leaf_value=0.034598622858772722 0.031117037037373476 -0.056601834826526018 0.025019506400547321 0.035664550369576893 -0.053559482766381644 0.03737882236146492 0.036319494172850568 0.011123671573653659
leaf_weight=8.1803815662860888 12.374754078686239 6.0023201406002036 12.910400807857515 6.7776632308959961 4.6134055629372579 96.795888453722 17.304413378238678 9.9707263186573964
leaf_count=2 5 40 16 1 32 10 6 16
internal_value=0 0.00129571 0.0322174 0.0141922 0 0.0346387 0.0274997 0.0198859
internal_weight=0 18.3771 156.553 19.5715 11.3911 136.981 40.1855 22.8811
internal_count=128 45 83 35 33 48 38 32
is_linear=0
shrinkage=0.0340087


Tree=48
num_leaves=9
num_cat=0
split_feature=42 68 38 54 86 42 47 79
split_gain=12.1022 25.8327 4.77949 4.87888 18.2135 1.20462 1.32351 2.86028
threshold=0.80625000000000013 43.500000000000007 7.5000000000000009 35.150000000000006 -1471.9999999999998 0.73214285714285732 40.250000000000007 4.5000000000000009
decision_type=2 2 2 2 2 2 2 2
left_child=2 -2 3 -1 -5 6 7 -4
right_child=1 -3 5 4 -6 -7 -8 -9
leaf_value=0.03428691723613296 0.030691093398043719 -0.055801585278266862 0.030594347190668544 0.035407251379916412 -0.052890976582770408 0.03714761507388227 0.035988754259529222 0.0035923584531835544
leaf_weight=7.9778671115636852 12.124683208763601 5.8839566260576239 12.515982404351236 6.5981173515319833 4.5150398835539791 94.131927065551281 16.877252504229546 10.135551042854784
leaf_count=2 5 40 10 1 32 10 6 22
internal_value=0 0.0012378 0.0319296 0.0140623 0 0.0343238 0.0270518 0.0194405
internal_weight=0 18.0086 152.752 19.091 11.1132 133.661 39.5288 22.6515
internal_count=128 45 83 35 33 48 38 32
is_linear=0
shrinkage=0.0340087


Tree=49
num_leaves=6
num_cat=0
split_feature=41 64 81 72 95
split_gain=11.7932 20.9939 3.29041 6.73845 0.0359066
threshold=1.8500000000000003 5.7500000000000009 1.4500000000000002 3.5000000000000004 -0.075000000000000289
decision_type=2 2 2 2 2
left_child=2 -2 3 -1 -4
right_child=1 -3 4 -5 -6
leaf_value=0.035652514379557923 0.027981412801924493 -0.048017155399514511 0.037911583465038153 0.0032348286086082583 0.030630908859757808
leaf_weight=16.969300404191017 12.787220031023027 6.1719177737832061 62.972215294837952 15.873029388487337 51.878916025161743
leaf_count=5 14 50 8 30 21
internal_value=0 0.00211618 0.0318035 0.0206293 0.0348126
internal_weight=0 18.9591 147.693 32.8423 114.851
internal_count=128 64 64 35 29
is_linear=0
shrinkage=0.0340087


Tree=50
num_leaves=6
num_cat=0
split_feature=42 68 78 72 75
split_gain=11.6557 24.3011 4.17738 7.34643 15.2834
threshold=0.80625000000000013 43.500000000000007 14.500000000000002 3.5000000000000004 0.095454545454545472
decision_type=2 2 2 2 2
left_child=2 -2 3 -1 -5
right_child=1 -3 -4 4 -6
leaf_value=0.032625827163063031 0.029985677037366272 -0.055220811434002405 0.034492279898641016 0.034886572496445861 -0.04115686804661918
leaf_weight=17.145546432584528 11.665446259081365 5.7281315252184859 116.29352471232414 6.2385292053222638 5.8848752118647099
leaf_count=11 5 40 24 1 47
internal_value=0 0.000690296 0.0313795 0.0182839 -0.000360095
internal_weight=0 17.3936 145.562 29.269 12.1234
internal_count=128 45 83 59 48
is_linear=0
shrinkage=0.0340087


Tree=51
num_leaves=7
num_cat=0
split_feature=42 68 42 38 86 78
split_gain=11.2296 23.1674 4.18031 10.1153 20.2846 0.458457
threshold=0.80625000000000013 43.500000000000007 0.65476190476190488 25.000000000000004 -1203.4999999999998 11.500000000000002
decision_type=2 2 2 2 2 2
left_child=2 -2 3 4 -1 -6
right_child=1 -3 -4 -5 5 -7
leaf_value=0.03464209804408331 0.02957019969506796 -0.054472260440309221 0.035243099010055838 0.030955014308516205 -0.03521021516452269 -0.084675012004836958
leaf_weight=6.0720376968383771 11.431656040251257 5.6119184568524352 99.645877607166767 31.056650243699551 3.4055730253458023 1.7309879660606382
leaf_count=1 5 40 26 17 30 9
internal_value=0 0.00063839 0.0311113 0.0208627 -0.00529514 -0.0563554
internal_weight=0 17.0436 141.911 42.2652 11.2086 5.13656
internal_count=128 45 83 57 40 39
is_linear=0
shrinkage=0.0340087


Tree=52
num_leaves=7
num_cat=0
split_feature=41 64 86 52 79 78
split_gain=10.9205 19.3107 3.50822 10.4796 21.4964 0.491418
threshold=1.8500000000000003 5.7500000000000009 -1091.9999999999998 25.000000000000004 2.5000000000000004 11.500000000000002
decision_type=2 2 2 2 2 2
left_child=2 -2 -1 4 -4 -6
right_child=1 -3 3 -5 5 -7
leaf_value=0.036335929640309732 0.027181961255110909 -0.047707818234487567 0.028229704618284352 0.031542909051340995 -0.035346810347490557 -0.086900131923723242
leaf_weight=77.000554025173187 12.064501345157625 5.8610945791006079 9.1656167805194837 46.289982587099075 2.893006205558776 1.8715200275182722
leaf_count=11 14 50 7 16 21 9
internal_value=0 0.001506 0.0309688 0.0237473 -0.000711086 -0.0604082
internal_weight=0 17.9256 137.221 60.2201 13.9301 4.76453
internal_count=128 64 64 53 37 30
is_linear=0
shrinkage=0.0340087


Tree=53
num_leaves=9
num_cat=0
split_feature=42 68 38 54 86 42 47 74
split_gain=10.7304 21.6431 4.50749 4.42981 15.614 1.30859 1.44171 3.69365
threshold=0.80625000000000013 43.500000000000007 7.5000000000000009 35.150000000000006 -1471.9999999999998 0.73214285714285732 40.250000000000007 0.8500000000000002
decision_type=2 2 2 2 2 2 2 2
left_child=2 -2 3 -1 -5 6 7 -4
right_child=1 -3 5 4 -6 -7 -8 -9
leaf_value=0.033013109991201814 0.028869235662880736 -0.053697165479634289 0.030775569469724845 0.034149663233161084 -0.051103444293556413 0.036158428895697245 0.034882970770989043 0
leaf_weight=6.9871143996715572 11.00394266843796 5.4492738917469969 10.944216646254064 5.7426886558532724 4.2928622364997837 82.20303962379694 15.201317921280859 9.5842491649091226
leaf_count=2 5 40 7 1 32 10 6 25
internal_value=0 0.000220178 0.0305931 0.0121927 -0.000349051 0.0330708 0.0253632 0.0172658
internal_weight=0 16.4532 134.955 17.0227 10.0356 117.933 35.7298 20.5285
internal_count=128 45 83 35 33 48 38 32
is_linear=0
shrinkage=0.0340087


Tree=54
num_leaves=10
num_cat=0
split_feature=42 68 38 71 86 42 6 67 42
split_gain=10.3415 20.6388 4.28905 4.26194 14.994 1.35232 2.97984 7.29248 11.9609
threshold=0.80625000000000013 43.500000000000007 7.5000000000000009 1.5000000000000002 -1471.9999999999998 0.73214285714285732 2.5000000000000004 805.00000000000011 0.65476190476190488
decision_type=2 2 2 2 2 2 2 2 2
left_child=2 -2 3 -1 -5 6 7 -4 -9
right_child=1 -3 5 4 -6 -7 -8 8 -10
leaf_value=0.032747972979742725 0.028461365678811853 -0.053000159255951439 0.030939386076686226 0.033914538784372519 -0.050669354271580536 0.035953924130526109 0.036214503314981134 -0.060006830151341936 0.026586246075405748
leaf_weight=6.8209572024643448 10.786380723118784 5.3356638252735129 11.378200046718122 5.5887694358825692 4.1930617317557308 79.898858964443207 16.695805788040161 3.3218298889696589 3.7228257432579994
leaf_count=3 5 40 8 1 31 10 3 24 3
internal_value=0 0.000172153 0.030337 0.012083 -0.000321621 0.0327893 0.0249752 0.013626 -0.0114704
internal_weight=0 16.122 131.62 16.6028 9.78183 115.018 35.1187 18.4229 7.04466
internal_count=128 45 83 35 32 48 38 35 27
is_linear=0
shrinkage=0.0340087


Tree=55
num_leaves=10
num_cat=0
split_feature=42 68 38 54 86 42 6 67 42
split_gain=9.99684 19.6823 4.1072 4.09794 14.3118 1.3188 2.8794 6.94472 11.3914
threshold=0.80625000000000013 43.500000000000007 7.5000000000000009 35.150000000000006 -1471.9999999999998 0.73214285714285732 2.5000000000000004 805.00000000000011 0.65476190476190488
decision_type=2 2 2 2 2 2 2 2 2
left_child=2 -2 3 -1 -5 6 7 -4 -9
right_child=1 -3 5 4 -6 -7 -8 8 -10
leaf_value=0.032530867179897956 0.028055574833874587 -0.052321127739635896 0.030536228169484765 0.033681823552763265 -0.049848980208978828 0.035752542224594015 0.035963665050767618 -0.059047838197557316 0.026171093859092911
leaf_weight=6.6370185464620617 10.574501588940619 5.2235505804419509 11.14098444581032 5.4388566017150888 4.1199282631278011 77.655073687434196 16.248455822467804 3.2626498714089385 3.6550757884979248
leaf_count=2 5 40 8 1 32 10 3 24 3
internal_value=0 0.00012381 0.0301284 0.0119723 -0.000250001 0.032567 0.0247282 0.0134325 -0.0111934
internal_weight=0 15.7981 128.158 16.1958 9.55878 111.962 34.3072 18.0587 6.91773
internal_count=128 45 83 35 33 48 38 35 27
is_linear=0
shrinkage=0.0340087


Tree=56
num_leaves=7
num_cat=0
split_feature=42 64 81 72 62 42
split_gain=9.66509 19.0301 3.94846 5.62661 24.4352 1.03692
threshold=0.80625000000000013 5.7500000000000009 1.4500000000000002 3.5000000000000004 1.5000000000000002 0.76388888888888895
decision_type=2 2 2 2 2 2
left_child=2 -2 3 -1 -5 -4
right_child=1 -3 5 4 -6 -7
leaf_value=0.032322545406448376 0.025240525726417561 -0.057828015354663732 0.025748409972402887 0.033591219795010722 -0.059443150673485039 0.036903793815690179
leaf_weight=14.604471430182459 11.053072780370711 4.4281902462244025 30.97409376502037 9.6394239217042905 4.8701021187007418 64.695245653390884
leaf_count=9 11 34 31 3 36 4
internal_value=0 7.5144e-05 0.0299226 0.0173772 0.000881887 0.033518
internal_weight=0 15.4813 124.783 29.114 14.5095 95.6693
internal_count=128 45 83 48 39 35
is_linear=0
shrinkage=0.0340087


Tree=57
num_leaves=6
num_cat=0
split_feature=41 64 86 52 72
split_gain=9.3939 16.576 3.51091 9.0966 19.4484
threshold=1.8500000000000003 5.7500000000000009 -1091.9999999999998 25.000000000000004 3.5000000000000004
decision_type=2 2 2 2 2
left_child=2 -2 -1 4 -4
right_child=1 -3 3 -5 -6
leaf_value=0.035589857771394458 0.026041775359355489 -0.046775710945211435 0.030020418285665561 0.030050788672691349 -0.055914817709613374
leaf_weight=66.707715459167957 10.962454862892629 5.3184081241488448 7.8707101568579656 41.150635868310928 4.8815012574195862
leaf_count=11 14 50 5 16 32
internal_value=0 0.000946066 0.0298058 0.0222477 -0.00135031
internal_weight=0 16.2809 120.611 53.9028 12.7522
internal_count=128 64 64 53 37
is_linear=0
shrinkage=0.0340087


Tree=58
num_leaves=7
num_cat=0
split_feature=42 68 67 52 72 45
split_gain=9.27468 17.8369 3.88742 9.38663 22.8403 0.0861821
threshold=0.80625000000000013 43.500000000000007 1168.5000000000002 105.00000000000001 3.5000000000000004 35.000000000000007
decision_type=2 2 2 2 2 2
left_child=2 -2 -1 4 -4 -6
right_child=1 -3 3 -5 5 -7
leaf_value=0.033582749703202429 0.027176557622229553 -0.051342875077068667 0.031302690033422217 0.033614089442970375 -0.037942859946185924 -0.082993712216194157
leaf_weight=85.854351688176394 10.006055578589438 4.971047766506671 8.4169888719916326 18.934978201985359 3.4463118165731421 1.8855229914188383
leaf_count=35 5 40 4 5 29 10
internal_value=0 0 0.0294744 0.0180301 -0.00198575 -0.0581805
internal_weight=0 14.9771 118.538 32.6838 13.7488 5.33183
internal_count=128 45 83 48 43 39
is_linear=0
shrinkage=0.0340087


Tree=59
num_leaves=6
num_cat=0
split_feature=41 64 86 52 72
split_gain=8.97843 15.5197 3.48909 8.5814 17.9674
threshold=1.8500000000000003 5.7500000000000009 -1091.9999999999998 25.000000000000004 3.5000000000000004
decision_type=2 2 2 2 2
left_child=2 -2 -1 4 -4
right_child=1 -3 3 -5 -6
leaf_value=0.035288467171076233 0.025309287591798051 -0.046475166000786335 0.029318046282672709 0.029450802135288764 -0.054706321314521071
leaf_weight=63.036863043904305 10.594199679791926 5.1187079027295104 7.5082754492759687 39.271226391196251 4.7464459165930748
leaf_count=11 14 50 5 16 32
internal_value=0 0.000568321 0.0293494 0.0216654 -0.00163643
internal_weight=0 15.7129 114.563 51.5259 12.2547
internal_count=128 64 64 53 37
is_linear=0
shrinkage=0.0340087


Tree=60
num_leaves=7
num_cat=0
split_feature=42 68 81 72 62 42
split_gain=8.86191 16.7421 3.83341 5.13837 21.8216 1.1021
threshold=0.80625000000000013 43.500000000000007 1.4500000000000002 3.5000000000000004 1.5000000000000002 0.76388888888888895
decision_type=2 2 2 2 2 2
left_child=2 -2 3 -1 -5 -4
right_child=1 -3 5 4 -6 -7
leaf_value=0.031116647945991598 0.026564809201891471 -0.050818182075262758 0.024608152922923659 0.032759147124950608 -0.058215308053855226 0.036408579594224375
leaf_weight=13.228656206279995 9.6363947093486768 4.8136452734470359 28.383681990206242 8.7402030378580076 4.6265555061399928 57.642794743180275
leaf_count=9 5 40 31 3 36 4
internal_value=0 0 0.0290189 0.0161004 0 0.0327659
internal_weight=0 14.45 112.622 26.5954 13.3668 86.0265
internal_count=128 45 83 48 39 35
is_linear=0
shrinkage=0.0340087


Tree=61
num_leaves=10
num_cat=0
split_feature=42 91 38 54 67 42 6 67 42
split_gain=8.5378 15.9923 3.77296 3.4994 11.8721 1.28849 2.78689 6.03045 9.49613
threshold=0.80625000000000013 -0.19374999999999998 7.5000000000000009 35.150000000000006 127.00000000000001 0.73214285714285732 2.5000000000000004 805.00000000000011 0.65476190476190488
decision_type=2 2 2 2 2 2 2 2 2
left_child=2 -2 3 -1 -5 6 7 -4 -9
right_child=1 -3 5 4 -6 -7 -8 8 -10
leaf_value=0.031019294084089155 0.025918156489977362 -0.050781679766607635 0.028700135032338973 0.032390708946107676 -0.047588507280505177 0.034757287029769997 0.034981077173742763 -0.056523090370788939 0.02453361175762124
leaf_weight=5.6533958315849295 9.5196630433201772 4.6420992724597445 9.7833435162901932 4.659456253051756 3.854037094861269 65.598473481833935 14.012295663356779 3.0972794517874709 3.1665006652474403
leaf_count=2 10 35 8 1 32 10 3 24 3
internal_value=0 0 0.0287724 0.0101017 -0.00148028 0.0313186 0.0230991 0.0113921 -0.0124103
internal_weight=0 14.1618 109.825 14.1669 8.51349 95.6579 30.0594 16.0471 6.26378
internal_count=128 45 83 35 33 48 38 35 27
is_linear=0
shrinkage=0.0340087


Tree=62
num_leaves=9
num_cat=0
split_feature=42 6 81 72 62 42 52 52
split_gain=8.26154 15.3461 3.66983 4.87328 20.2643 1.14471 1.6509 1.07854
threshold=0.80625000000000013 1.0000000180025095e-35 1.4500000000000002 3.5000000000000004 1.5000000000000002 0.76388888888888895 45.000000000000007 25.000000000000004
decision_type=2 2 2 2 2 2 2 2
left_child=2 -2 3 -1 -5 6 7 -4
right_child=1 -3 5 4 -6 -7 -8 -9
leaf_value=0.030567248826536827 -0.055880028352786611 0.023137449636446906 0.00046658016641193005 0.032234334446452198 -0.057144564851427958 0.036156794127863427 0.032958384804511465 0.023722469867098597
leaf_weight=12.63360980153084 3.9291194900870314 9.9618957601487619 7.1968469768762589 8.2934988513588888 4.4853370971977702 54.299348697066307 14.369148388504982 5.6528795808553696
leaf_count=9 31 14 24 3 36 4 4 3
internal_value=0 0 0.0285802 0.0156143 0 0.0323619 0.0239997 0.0123248
internal_weight=0 13.891 106.931 25.4124 12.7788 81.5182 27.2189 12.8497
internal_count=128 45 83 48 39 35 31 27
is_linear=0
shrinkage=0.0340087


Tree=63
num_leaves=7
num_cat=0
split_feature=41 64 94 38 72 78
split_gain=8.06682 13.9435 3.47918 7.26002 23.6218 0.336622
threshold=1.8500000000000003 5.7500000000000009 0.11805555555555557 35.000000000000007 3.5000000000000004 11.500000000000002
decision_type=2 2 2 2 2 2
left_child=2 -2 3 4 -1 -6
right_child=1 -3 -4 -5 5 -7
leaf_value=0.033402198242716383 0.024573747054218286 -0.04592888435216412 0.035561178992767707 0.028890670978331718 -0.033187960580615003 -0.080612897890320875
leaf_weight=8.9254665374755842 9.83504820615053 4.7778834253549567 50.482935648411512 38.881524935364723 2.8020984120666972 2.2028194963932037
leaf_count=3 14 50 8 19 24 10
internal_value=0 6.46628e-05 0.028504 0.0213495 0 -0.0585879
internal_weight=0 14.6129 103.295 52.8119 13.9304 5.00492
internal_count=128 64 64 56 37 34
is_linear=0
shrinkage=0.0340087


Tree=64
num_leaves=7
num_cat=0
split_feature=42 64 67 52 80 81
split_gain=7.91055 14.9381 3.60822 8.45202 18.8222 0.387631
threshold=0.80625000000000013 5.7500000000000009 1168.5000000000002 105.00000000000001 40.150000000000013 3.1500000000000004
decision_type=2 2 2 2 2 2
left_child=2 -2 5 4 -4 -1
right_child=1 -3 3 -5 -6 -7
leaf_value=0.025133641244336025 0.023284175883468625 -0.055362307208724294 -0.054940147128886715 0.032469544937666336 0.03015708582326795 0.035701106419638015
leaf_weight=24.25957353785634 9.5656721182167512 3.8976143375039092 5.0662769712507743 16.309266671538353 7.1233465783298016 48.801800098270178
leaf_count=29 11 34 40 5 3 6
internal_value=0 0 0.0281659 0.0163404 -0.00360474 0.0324875
internal_weight=0 13.4633 101.56 28.4989 12.1896 73.0614
internal_count=128 45 83 48 43 35
is_linear=0
shrinkage=0.0340087


Tree=65
num_leaves=6
num_cat=0
split_feature=41 64 86 52 72
split_gain=7.65463 12.8916 3.46038 7.23764 14.3583
threshold=1.8500000000000003 5.7500000000000009 -1091.9999999999998 25.000000000000004 3.5000000000000004
decision_type=2 2 2 2 2
left_child=2 -2 -1 4 -4
right_child=1 -3 3 -5 -6
leaf_value=0.034555722882425831 0.023737564579290993 -0.045334645155067708 0.027487819601363241 0.027759006310968899 -0.051192361185692072
leaf_weight=52.937018096446991 9.5478022582828981 4.5858916006982318 6.5679741501808149 34.181140527129173 4.414685320109129
leaf_count=11 14 50 5 16 32
internal_value=0 0 0.0280682 0.019988 -0.00235676
internal_weight=0 14.1337 98.1008 45.1638 10.9827
internal_count=128 64 64 53 37
is_linear=0
shrinkage=0.0340087


Tree=66
num_leaves=9
num_cat=0
split_feature=42 5 81 56 91 42 52 95
split_gain=7.59514 14.092 3.49505 4.96065 8.62669 1.16614 1.58552 3.16941
threshold=0.80625000000000013 1.0000000180025095e-35 1.4500000000000002 0.51666666666666672 -0.7321428571428571 0.76388888888888895 45.000000000000007 -0.73499999999999999
decision_type=2 2 2 2 2 2 2 2
left_child=2 -2 3 -1 -5 6 7 -4
right_child=1 -3 5 4 -6 -7 -8 -9
leaf_value=0.023655818073948981 -0.056673255624791502 0.021985140240662594 0.032520645313031685 0.028600861320183961 -0.053733256394104381 0.035737648843526926 0.032211562578430455 -0.00060870925520939781
leaf_weight=17.773194886744026 3.6093601249158356 9.42840775847435 4.8321834802627563 2.6091465950012207 2.9048920553177586 48.18150894343853 13.047837555408476 7.1181348673999327
leaf_count=24 29 16 2 1 23 4 4 25
internal_value=0 0 0.0277575 0.0145286 -0.0111702 0.0316779 0.0229921 0.0111473
internal_weight=0 13.0378 96.4669 23.2872 5.51404 73.1797 24.9982 11.9503
internal_count=128 45 83 48 24 35 31 27
is_linear=0
shrinkage=0.0340087


Tree=67
num_leaves=6
num_cat=0
split_feature=41 64 86 52 72
split_gain=7.36358 12.1353 3.4195 6.77924 13.3423
threshold=1.8500000000000003 5.7500000000000009 -1091.9999999999998 25.000000000000004 3.5000000000000004
decision_type=2 2 2 2 2
left_child=2 -2 -1 4 -4
right_child=1 -3 3 -5 -6
leaf_value=0.034280892534685935 0.023076118482206143 -0.044963048733595488 0.026879306371969829 0.027173096134715635 -0.050228549401317303
leaf_weight=50.039890542626381 9.2635527737438661 4.4516921993345013 6.3032108843326551 32.65779484808445 4.2855929061770439
leaf_count=11 14 50 5 16 32
internal_value=0 0 0.0276337 0.0194455 -0.00247796
internal_weight=0 13.7152 93.2865 43.2466 10.5888
internal_count=128 64 64 53 37
is_linear=0
shrinkage=0.0340087


Tree=68
num_leaves=6
num_cat=0
split_feature=42 5 42 38 86
split_gain=7.28665 13.2598 3.44042 6.71644 11.9108
threshold=0.80625000000000013 1.0000000180025095e-35 0.65476190476190488 25.000000000000004 -1203.4999999999998
decision_type=2 2 2 2 2
left_child=2 -2 3 4 -1
right_child=1 -3 -4 -5 -6
leaf_value=0.031186207391986728 -0.055884673451781691 0.021415394230498888 0.03224307314645096 0.026632558038835474 -0.048692545009988444
leaf_weight=4.0259466171264648 3.5226984675973627 9.136853264644742 62.136120615527034 21.283870011568069 4.3129071593284625
leaf_count=1 29 16 26 17 39
internal_value=0 0 0.02732 0.0162748 -0.00772428
internal_weight=0 12.6596 91.7588 29.6227 8.33885
internal_count=128 45 83 57 40
is_linear=0
shrinkage=0.0340087


Tree=69
num_leaves=9
num_cat=0
split_feature=42 64 81 56 55 42 52 95
split_gain=7.04451 12.7794 3.46387 4.5707 7.90724 1.20863 1.54299 2.98221
threshold=0.80625000000000013 5.7500000000000009 1.4500000000000002 0.51666666666666672 0.35000000000000003 0.76388888888888895 45.000000000000007 -0.73499999999999999
decision_type=2 2 2 2 2 2 2 2
left_child=2 -2 3 -1 -5 6 7 -4
right_child=1 -3 5 4 -6 -7 -8 -9
leaf_value=0.022648217260795498 0.021948800236929054 -0.053328488313353718 0.031877315104326336 0.027733624695619099 -0.053070207474924025 0.035437564656463291 0.031594642597170215 -0.0012400077886977462
leaf_weight=16.727932877838615 8.8227799125015718 3.6556211374700061 4.5089270062744617 2.4215164184570304 2.7904641944915056 44.117364481091499 12.127862691879271 6.8277640230953711
leaf_count=24 11 34 2 1 23 4 4 25
internal_value=0 0 0.0270703 0.0135493 -0.0117128 0.0311469 0.0221634 0.0102017
internal_weight=0 12.4784 89.5218 21.9399 5.21198 67.5819 23.4646 11.3367
internal_count=128 45 83 48 24 35 31 27
is_linear=0
shrinkage=0.0340087


Tree=70
num_leaves=8
num_cat=0
split_feature=41 6 85 52 90 81 86
split_gain=6.96549 11.1752 5.90932 6.27236 17.3288 0.559057 0.229721
threshold=1.8500000000000003 1.0000000180025095e-35 56.500000000000007 105.00000000000001 1.0000000180025095e-35 2.2500000000000004 6.5000000000000009
decision_type=2 2 2 2 2 2 2
left_child=2 -2 5 4 -4 6 -1
right_child=1 -3 3 -5 -6 -7 -8
leaf_value=0.015010183014876614 -0.044927412842980394 0.021980967780013943 -0.069648602813175656 0.0308517175435092 0.027401666509602577 0.034630208700270483 0.029308534272250879
leaf_weight=11.174842167645695 4.2205364946275923 8.9108748752623796 3.5965750850737077 6.8948177993297568 4.7721938863396645 47.094169914722443 13.005013689398764
leaf_count=21 45 19 23 2 4 8 6
internal_value=0 0 0.0269905 0.00604608 -0.0120104 0.0311834 0.0235801
internal_weight=0 13.1314 86.5376 15.2636 8.36877 71.274 24.1799
internal_count=128 64 64 29 27 35 27
is_linear=0
shrinkage=0.0340087


Tree=71
num_leaves=8
num_cat=0
split_feature=41 64 85 52 90 81 86
split_gain=6.72868 10.8927 5.68956 5.98607 16.3747 0.605648 0.240143
threshold=1.8500000000000003 5.7500000000000009 56.500000000000007 105.00000000000001 1.0000000180025095e-35 2.2500000000000004 6.5000000000000009
decision_type=2 2 2 2 2 2 2
left_child=2 -2 5 4 -4 6 -1
right_child=1 -3 3 -5 -6 -7 -8
leaf_value=0.014625992472179475 0.022147306954094458 -0.044177456272129462 -0.067917807156212082 0.030570584036585038 0.027032472167479841 0.034491381140410622 0.029010065629328976
leaf_weight=11.081050943583252 8.6891176365315896 4.2211136110126963 3.5643793717026693 6.7248800396919242 4.6750865578651428 45.699740156531334 12.697693064808844
leaf_count=21 14 50 23 2 4 8 6
internal_value=0 0 0.0267579 0.00596237 -0.0117053 0.0309369 0.0232009
internal_weight=0 12.9102 84.4428 14.9643 8.23947 69.4785 23.7787
internal_count=128 64 64 29 27 35 27
is_linear=0
shrinkage=0.0340087


Tree=72
num_leaves=7
num_cat=0
split_feature=41 6 85 47 81 86
split_gain=6.49564 10.4048 5.47649 5.73055 0.651483 0.249437
threshold=1.8500000000000003 1.0000000180025095e-35 56.500000000000007 40.250000000000007 2.2500000000000004 6.5000000000000009
decision_type=2 2 2 2 2 2
left_child=2 -2 4 -4 5 -1
right_child=1 -3 3 -5 -6 -7
leaf_value=0.014248085826381167 -0.044320593574233499 0.021462748835986638 -0.011591307964392207 0.030135754860614258 0.034352640154670162 0.028709825041451018
leaf_weight=10.990756895393135 4.0517067480832312 8.6348950024694204 8.0519280321896058 6.6206499189138404 44.347199454903603 12.399693280458449
leaf_count=21 45 19 25 4 8 6
internal_value=0 0 0.0265244 0.00587907 0.0306887 0.0228228
internal_weight=0 12.6866 82.4102 14.6726 67.7376 23.3905
internal_count=128 64 64 29 35 27
is_linear=0
shrinkage=0.0340087


Tree=73
num_leaves=8
num_cat=0
split_feature=42 45 67 52 80 86 81
split_gain=6.4148 11.4597 3.62869 7.63029 14.8924 0.806921 0.0934195
threshold=0.80625000000000013 115.00000000000001 1168.5000000000002 105.00000000000001 40.150000000000013 -1112.4999999999998 0.35000000000000003
decision_type=2 2 2 2 2 2 2
left_child=2 -2 5 4 -4 -1 -7
right_child=1 -3 3 -5 -6 6 -8
leaf_value=0.035300558653395972 -0.046871908724728531 0.0234760199383241 -0.052929362817227502 0.030689945450849396 0.028008956895337875 0.028610296473946559 0.014579446816925454
leaf_weight=37.137507915496826 4.0370688755065185 7.7556421086192131 4.7126652877777833 13.17203404009342 5.6010175161063671 9.9190840050578117 10.745271477848291
leaf_count=3 38 7 40 5 3 10 22
internal_value=0 0 0.0261633 0.0132586 -0.00706284 0.0310405 0.0223438
internal_weight=0 11.7927 81.2876 23.4857 10.3137 57.8019 20.6644
internal_count=128 45 83 48 43 35 32
is_linear=0
shrinkage=0.0340087


Tree=74
num_leaves=8
num_cat=0
split_feature=42 45 67 52 94 86 81
split_gain=6.18855 10.9287 3.47917 7.30329 14.2295 0.866333 0.097852
threshold=0.80625000000000013 115.00000000000001 1168.5000000000002 105.00000000000001 -0.62152777777777768 -1112.4999999999998 0.35000000000000003
decision_type=2 2 2 2 2 2 2
left_child=2 -2 5 4 -4 -1 -7
right_child=1 -3 3 -5 -6 6 -8
leaf_value=0.035216524581761444 -0.046313270652114588 0.023088415414076066 0.026869240619087558 0.030411169793949977 -0.053257039412271008 0.028266301353297822 0.014208263780707116
leaf_weight=35.980030298233032 3.9488194342702609 7.6206702273339033 5.5915364213287813 12.846683055162428 4.4993134327232873 9.7025869078934193 10.653659626841545
leaf_count=3 38 7 5 5 38 10 22
internal_value=0 0 0.0259552 0.0131198 -0.00691013 0.0308056 0.0219533
internal_weight=0 11.5695 79.2738 22.9375 10.0908 56.3363 20.3562
internal_count=128 45 83 48 43 35 32
is_linear=0
shrinkage=0.0340087


Tree=75
num_leaves=7
num_cat=0
split_feature=41 64 85 47 81 86
split_gain=6.06046 9.88672 5.25641 5.07337 0.638897 0.171967
threshold=1.8500000000000003 5.7500000000000009 56.500000000000007 40.250000000000007 2.2500000000000004 6.5000000000000009
decision_type=2 2 2 2 2 2
left_child=2 -2 4 -4 5 -1
right_child=1 -3 3 -5 -6 -7
leaf_value=0.013817657456324479 0.021431477136887624 -0.043870875605244365 -0.010844226396806255 0.029325010241483422 0.034026278085199577 0.027970136209175614
leaf_weight=10.499619305133821 8.1159936971962434 3.9545936882495871 7.9385941773653013 6.1495923474431038 40.494224295020103 11.5365914106369
leaf_count=21 14 50 25 4 8 6
internal_value=0 0 0.0258879 0.00527718 0.0301986 0.02219
internal_weight=0 12.0706 76.6186 14.0882 62.5304 22.0362
internal_count=128 64 64 29 35 27
is_linear=0
shrinkage=0.0340087


Tree=76
num_leaves=8
num_cat=0
split_feature=42 5 81 56 75 42 95
split_gain=5.92137 10.4458 3.53875 4.04388 6.3375 1.14385 3.06254
threshold=0.80625000000000013 1.0000000180025095e-35 1.4500000000000002 0.51666666666666672 0.32291666666666669 0.76388888888888895 -0.11000000000000044
decision_type=2 2 2 2 2 2 2
left_child=2 -2 3 -1 -5 6 -4
right_child=1 -3 5 4 -6 -7 -8
leaf_value=0.02059164514120064 -0.052259556006518708 0.019858156002673506 0.032221451882878387 0.024350767072846939 -0.050788261917818413 0.034845222869355111 0.0028062956135036267
leaf_weight=14.595372848212721 3.2240115366876108 7.9898333437740803 11.965705152601005 2.0795116759836665 2.6557993646711111 35.58131155371666 8.7418800108134729
leaf_count=24 29 16 8 2 22 4 23
internal_value=0 0 0.0255102 0.0111539 -0.0135849 0.0300662 0.020818
internal_weight=0 11.2138 75.6196 19.3307 4.73531 56.2889 20.7076
internal_count=128 45 83 48 24 35 31
is_linear=0
shrinkage=0.0340087


Tree=77
num_leaves=9
num_cat=0
split_feature=41 64 85 52 90 81 47 94
split_gain=5.79359 9.3166 5.1504 4.83871 14.2625 0.645662 1.75317 1.32025
threshold=1.8500000000000003 5.7500000000000009 56.500000000000007 105.00000000000001 1.0000000180025095e-35 2.2500000000000004 36.95000000000001 -0.19374999999999998
decision_type=2 2 2 2 2 2 2 2
left_child=2 -2 5 4 -4 6 -1 -8
right_child=1 -3 3 -5 -6 -7 7 -9
leaf_value=0.033331405653193188 0.020798290988313092 -0.043454213181354562 -0.063472292342846542 0.029179404454083187 0.026643154775066975 0.033779344061667591 0.022746017816939267 0
leaf_weight=9.8541242778301257 7.8929955959320051 3.8489495050162077 3.4944162443280202 5.833042711019516 4.4197577126324177 38.106001406908035 5.1281397044658625 6.3991809152066725
leaf_count=3 14 50 23 2 4 8 5 19
internal_value=0 0 0.0253933 0.00477641 -0.0106972 0.0298081 0.0217264 0.00995787
internal_weight=0 11.7419 73.2347 13.7472 7.91417 59.4874 21.3814 11.5273
internal_count=128 64 64 29 27 35 27 24
is_linear=0
shrinkage=0.0340087


Tree=78
num_leaves=9
num_cat=0
split_feature=38 58 42 91 81 47 47 75
split_gain=5.86528 7.82175 5.78999 9.2646 1.52959 2.88224 4.30865 5.41475
threshold=5.5000000000000009 -12.499999999999998 0.80625000000000013 -0.14835164835164827 1.4500000000000002 40.250000000000007 34.400000000000006 0.18465909090909091
decision_type=2 2 2 2 2 2 2 2
left_child=1 -1 4 -4 5 6 -2 -8
right_child=2 -3 3 -5 -6 -7 7 -9
leaf_value=0.028896055886819292 0.029634808776604106 -0.043370055109479153 0.022663524963390011 -0.045906899824927253 0.031687687197114775 0.030930519297018816 0.013536566193879955 -0.052358572670875403
leaf_weight=3.0829935073852539 3.8053287826478481 3.5421203300356856 7.0848002377897501 3.3077455423772317 48.925265643745661 8.2914163693785667 2.3089294321835041 2.6736129820346832
leaf_count=1 2 34 9 29 20 6 4 23
internal_value=0 -0.00670387 0.0243549 0 0.0280695 0.0164611 0.000415598 -0.0178904
internal_weight=0 6.62511 76.3971 10.3925 66.0046 17.0793 8.78787 4.98254
internal_count=128 35 93 38 55 35 29 27
is_linear=0
shrinkage=0.0340087


Tree=79
num_leaves=9
num_cat=0
split_feature=38 58 42 91 81 47 47 75
split_gain=5.61548 7.49327 5.59768 8.8248 1.45571 2.75447 4.09589 5.17521
threshold=5.5000000000000009 -12.499999999999998 0.80625000000000013 -0.14835164835164827 1.4500000000000002 40.250000000000007 34.400000000000006 0.18465909090909091
decision_type=2 2 2 2 2 2 2 2
left_child=1 -1 4 -4 5 6 -2 -8
right_child=2 -3 3 -5 -6 -7 7 -9
leaf_value=0.028661551487564135 0.029394575026462321 -0.042898571887849082 0.022286171854999884 -0.045284860542850136 0.031463008606159124 0.03066117133326372 0.013206493769708234 -0.05153559038460933
leaf_weight=3.0041968822479248 3.7079612724483013 3.4611015859991303 6.9625379238277674 3.2408506236970407 47.621584311127663 8.0837270990014076 2.2875301390886307 2.6254066862165928
leaf_count=1 2 34 9 29 20 6 4 23
internal_value=0 -0.00653441 0.0241461 0 0.0278575 0.0163075 0.000409048 -0.0174029
internal_weight=0 6.4653 74.5296 10.2034 64.3262 16.7046 8.6209 4.91294
internal_count=128 35 93 38 55 35 29 27
is_linear=0
shrinkage=0.0340087


Tree=80
num_leaves=9
num_cat=0
split_feature=38 58 42 91 42 6 40 75
split_gain=5.37522 7.17855 5.41109 8.40545 1.41143 3.50785 3.47017 7.29696
threshold=5.5000000000000009 -12.499999999999998 0.80625000000000013 -0.14835164835164827 0.65476190476190488 2.5000000000000004 36.300000000000004 0.18465909090909091
decision_type=2 2 2 2 2 2 2 2
left_child=1 -1 4 -4 5 6 -2 -8
right_child=2 -3 3 -5 -6 -7 7 -9
leaf_value=0.028425326366358306 0.026569297207872749 -0.042432342485550931 0.02190940187271222 -0.044673297898996565 0.031664108743498752 0.032219554852103545 0.022234855574771135 -0.051880441047352739
leaf_weight=2.9277942180633545 3.9869962520897406 3.3819357864558688 6.8441566750407219 3.1751747047528607 43.885130489245057 9.1976593509316427 2.5816417448222637 3.0496150255203247
leaf_count=1 4 34 9 29 17 4 3 27
internal_value=0 -0.00636368 0.0239354 0 0.0276431 0.0171334 0.000517158 -0.0143827
internal_weight=0 6.30973 72.7204 10.0193 62.701 18.8159 9.61825 5.63126
internal_count=128 35 93 38 55 38 34 30
is_linear=0
shrinkage=0.0340087


Tree=81
num_leaves=7
num_cat=0
split_feature=83 84 72 91 58 58
split_gain=5.21803 15.9922 3.28919 4.80095 8.04966 0.312716
threshold=-0.24999999999999997 0.45000000000000007 7.5000000000000009 -0.7321428571428571 -9.4999999999999982 4.5000000000000009
decision_type=2 2 2 2 2 2
left_child=1 -1 5 -4 -5 -2
right_child=2 -3 3 4 -6 -7
leaf_value=-0.047490052823783852 0.021922704026019639 0.030864307885052268 0.031674651451869908 0.028187307773254854 -0.045022162616839424 0.032991883743647213
leaf_weight=4.8116462258622033 21.769820258021355 7.8895084708929062 5.2638821601867658 2.8537206649780238 3.7809999287128484 30.720737045630813
leaf_count=54 21 4 1 1 36 11
internal_value=0 0 0.0250104 0.00649466 -0.0104919 0.0288104
internal_weight=0 12.7012 64.3892 11.8986 6.63472 52.4906
internal_count=128 58 70 38 37 32
is_linear=0
shrinkage=0.0340087


Tree=82
num_leaves=4
num_cat=0
split_feature=86 41 72
split_gain=5.05758 28.3054 0.149385
threshold=-748.49999999999989 0.95000000000000007 3.5000000000000004
decision_type=2 2 2
left_child=-1 2 -2
right_child=1 -3 -4
leaf_value=0.02946644293336902 0.033473665801312287 -0.048544888422174831 0.019908298110427509
leaf_weight=40.015889452770352 11.931677445769312 7.1797166243195525 16.114125752821565
leaf_count=25 5 76 22
internal_value=0 0.0105444 0.0264467
internal_weight=0 35.2255 28.0458
internal_count=128 103 27
is_linear=0
shrinkage=0.0340087


Tree=83
num_leaves=10
num_cat=0
split_feature=3 72 73 6 95 47 52 86 95
split_gain=5.03952 14.5535 5.03223 4.30731 11.9864 1.19431 2.69037 2.45372 3.89726
threshold=3.5000000000000004 3.5000000000000004 38.850000000000001 1.0000000180025095e-35 -0.73499999999999999 37.250000000000007 45.000000000000007 -1471.9999999999998 0.079999999999999363
decision_type=2 2 2 2 2 2 2 2 2
left_child=2 -2 5 4 -4 -1 7 -7 -9
right_child=1 -3 3 -5 -6 6 -8 8 -10
leaf_value=0.034025694919412035 0.031226571557298671 -0.050037806824093291 0.030331793402241645 0.025529140790398863 -0.054924144114739171 0.027692336286341112 0.031161056543992108 0.013337722609578613 -0.045869800760561498
leaf_weight=33.484758544713259 6.361414907500146 4.1894503813236952 3.4488425254821777 6.4284392520785332 3.8277528788894397 2.7085704803466735 8.7136357538402063 2.1075438484549576 2.2674409616738558
leaf_count=9 4 37 1 7 33 1 6 6 24
internal_value=0 0 0.0243106 0.00425774 -0.0117785 0.0294649 0.0184455 0 -0.0128582
internal_weight=0 10.5509 62.987 13.705 7.2766 49.2819 15.7972 7.08356 4.37498
internal_count=128 41 87 41 34 46 37 31 30
is_linear=0
shrinkage=0.0340087


Tree=84
num_leaves=8
num_cat=0
split_feature=38 58 42 91 81 41 47
split_gain=4.88128 6.26486 5.00691 7.15534 1.30286 3.39738 6.86266
threshold=5.5000000000000009 -12.499999999999998 0.80625000000000013 -0.14835164835164827 1.4500000000000002 0.95000000000000007 35.500000000000007
decision_type=2 2 2 2 2 2 2
left_child=1 -1 4 -4 5 -2 -7
right_child=2 -3 3 -5 -6 6 -8
leaf_value=0.027448421326048002 0.028681653302046379 -0.041221285874097034 0.020571128311050204 -0.043021397815560677 0.030765647802204255 0.028173946966973878 -0.044018098436931975
leaf_weight=2.641223669052124 8.9795717000961286 3.1878648698329917 6.3250020649284124 2.9758032532408816 41.579478088766336 3.2278891280293456 2.7246625125408173
leaf_count=1 5 34 9 29 20 2 28
internal_value=0 -0.00664988 0.0232512 0 0.0270542 0.0152998 -0.00153438
internal_weight=0 5.82909 65.8124 9.30081 56.5116 14.9321 5.95255
internal_count=128 35 93 38 55 35 30
is_linear=0
shrinkage=0.0340087


Tree=85
num_leaves=9
num_cat=0
split_feature=3 72 73 65 47 52 86 95
split_gain=4.80732 13.5532 4.81104 14.2742 1.13413 2.52833 2.2481 3.58417
threshold=3.5000000000000004 3.5000000000000004 38.850000000000001 3.5000000000000004 37.250000000000007 45.000000000000007 -1471.9999999999998 0.079999999999999363
decision_type=2 2 2 2 2 2 2 2
left_child=2 -2 4 -4 -1 6 -6 -8
right_child=1 -3 3 -5 5 -7 7 -9
leaf_value=0.033846971663787896 0.030867497497844031 -0.049125785994422168 0.026430668020010432 -0.053340324160941532 0.027202466285791278 0.030808362442600448 0.012590828088507356 -0.044824713002678436
leaf_weight=31.572038061916828 6.023915318772195 4.0609487760812044 9.736232962459324 3.43541804421693 2.5759558677673278 8.2678379677236062 2.0428195483982616 2.1891498379409313
leaf_count=9 4 37 8 33 1 6 6 24
internal_value=0 0 0.0240107 0.00397912 0.029221 0.0181169 0 -0.0124689
internal_weight=0 10.0849 59.8195 13.1717 46.6478 15.0758 6.80793 4.23197
internal_count=128 41 87 41 46 37 31 30
is_linear=0
shrinkage=0.0340087


Tree=86
num_leaves=9
num_cat=0
split_feature=3 72 73 65 47 52 86 95
split_gain=4.62532 12.9481 4.67917 13.6092 1.10143 2.41704 2.1336 3.42656
threshold=3.5000000000000004 3.5000000000000004 38.850000000000001 3.5000000000000004 37.250000000000007 45.000000000000007 -1471.9999999999998 0.079999999999999363
decision_type=2 2 2 2 2 2 2 2
left_child=2 -2 4 -4 -1 6 -6 -8
right_child=1 -3 3 -5 5 -7 7 -9
leaf_value=0.033732404044198278 0.030654969033871163 -0.048413410444324706 0.026059694758812195 -0.052593333535676044 0.026954432080282652 0.030550478743390945 0.012263489408489741 -0.044140314726741341
leaf_weight=30.618386369198561 5.8624484967440349 3.9825090561062098 9.5429208092391473 3.3674632906913748 2.5127081871032653 8.0580296628177148 2.0273631773889118 2.1488094907253981
leaf_count=9 4 37 8 33 1 6 6 24
internal_value=0 0 0.0238446 0.0038668 0.0290715 0.017947 0 -0.0120564
internal_weight=0 9.84496 58.2757 12.9104 45.3653 14.7469 6.68888 4.17617
internal_count=128 41 87 41 46 37 31 30
is_linear=0
shrinkage=0.0340087


Tree=87
num_leaves=4
num_cat=0
split_feature=86 41 72
split_gain=4.4693 23.929 0.128997
threshold=-748.49999999999989 0.95000000000000007 3.5000000000000004
decision_type=2 2 2
left_child=-1 2 -2
right_child=1 -3 -4
leaf_value=0.028745561063366107 0.032852890559929862 -0.046364841396572466 0.018782708253787004
leaf_weight=34.933053314685822 10.49872057139874 6.6403019400313488 14.320235580205916
leaf_count=25 5 76 22
internal_value=0 0.00972148 0.0256001
internal_weight=0 31.4593 24.819
internal_count=128 103 27
is_linear=0
shrinkage=0.0340087


Tree=88
num_leaves=10
num_cat=0
split_feature=3 72 73 6 95 47 52 86 95
split_gain=4.43508 12.0725 4.60499 3.81477 10.1839 1.04382 2.32658 1.97214 3.21888
threshold=3.5000000000000004 3.5000000000000004 38.850000000000001 1.0000000180025095e-35 -0.73499999999999999 37.250000000000007 45.000000000000007 -1471.9999999999998 0.079999999999999363
decision_type=2 2 2 2 2 2 2 2 2
left_child=2 -2 5 4 -4 -1 7 -7 -9
right_child=1 -3 3 -5 -6 6 -8 8 -10
leaf_value=0.03355381687264012 0.030290293169524602 -0.047532903850954537 0.029142948174873635 0.024636089290626766 -0.052939638939224376 0.026432536224081603 0.030266403890615412 0.0116837179284624 -0.043638338099132014
leaf_weight=28.956787683069706 5.5361239910125715 3.8752988902851939 3.0375626087188721 5.7890853174030781 3.5900910515338165 2.3875608444213814 7.7179011665284634 1.9509516432881389 2.0790748875588179
leaf_count=9 4 37 1 7 33 1 6 6 24
internal_value=0 0 0.0234953 0.00330093 -0.0123064 0.028832 0.0176498 0 -0.0119856
internal_weight=0 9.41142 55.509 12.4167 6.62765 43.0923 14.1355 6.41759 4.03003
internal_count=128 41 87 41 34 46 37 31 30
is_linear=0
shrinkage=0.0340087


Tree=89
num_leaves=10
num_cat=0
split_feature=3 72 73 6 95 47 52 86 95
split_gain=4.27154 11.5338 4.44771 3.61776 9.72607 1.01247 2.22209 1.86967 3.07805
threshold=3.5000000000000004 3.5000000000000004 38.850000000000001 1.0000000180025095e-35 -0.73499999999999999 37.250000000000007 45.000000000000007 -1471.9999999999998 0.079999999999999363
decision_type=2 2 2 2 2 2 2 2 2
left_child=2 -2 5 4 -4 -1 7 -7 -9
right_child=1 -3 3 -5 -6 6 -8 8 -10
leaf_value=0.033435444079540869 0.030070644936094529 -0.046855445663037398 0.028897433178227641 0.024248488469154884 -0.052161131007031653 0.026177932238201928 0.030001804423109901 0.011373364972466394 -0.042965939395856259
leaf_weight=28.086108945310116 5.3897230364382249 3.7995194746181369 2.960850715637207 5.684058278799057 3.5215411065146309 2.3301746845245308 7.5248588696122169 1.9373646304011383 2.041084879077971
leaf_count=9 4 37 1 7 33 1 6 6 24
internal_value=0 0 0.0233444 0.00325583 -0.0120547 0.0286791 0.0174805 0 -0.0115708
internal_weight=0 9.18924 54.086 12.1665 6.48239 41.9196 13.8335 6.30862 3.97845
internal_count=128 41 87 41 34 46 37 31 30
is_linear=0
shrinkage=0.0340087


Tree=90
num_leaves=10
num_cat=0
split_feature=3 72 73 6 95 47 52 95 95
split_gain=4.11351 11.0194 4.29506 3.42956 9.28933 0.981862 2.12116 1.62545 3.02105
threshold=3.5000000000000004 3.5000000000000004 38.850000000000001 1.0000000180025095e-35 -0.73499999999999999 37.250000000000007 45.000000000000007 -0.51500000000000012 0.079999999999999363
decision_type=2 2 2 2 2 2 2 2 2
left_child=2 -2 5 4 -4 -1 7 -7 -9
right_child=1 -3 3 -5 -6 6 -8 8 -10
leaf_value=0.03331481588626483 0.029847288062329665 -0.046192381510758183 0.028650610517435525 0.023859490802909996 -0.051395152590671386 0.024500810178317532 0.029732565609032542 0.01240833847777266 -0.042301435085723239
leaf_weight=27.243767086416483 5.2481245212256891 3.7248534224927425 2.8864238262176514 5.5826840847730637 3.4542390955612046 2.32884887605905 7.3383492939174175 1.870047081261877 2.0039175283163786
leaf_count=9 4 37 1 7 33 2 6 5 24
internal_value=0 0 0.0231919 0.0032107 -0.0118031 0.0285239 0.0173101 0 -0.0108152
internal_weight=0 8.97298 52.7083 11.9233 6.34066 40.7849 13.5412 6.20281 3.87396
internal_count=128 41 87 41 34 46 37 31 29
is_linear=0
shrinkage=0.0340087


Tree=91
num_leaves=7
num_cat=0
split_feature=39 41 90 84 81 86
split_gain=4.01221 8.40121 5.96091 9.13493 0.54226 1.3594
threshold=8.5000000000000018 1.1500000000000001 -0.13392857142857137 0.45000000000000007 3.1500000000000004 1.0000000180025095e-35
decision_type=2 2 2 2 2 2
left_child=2 -2 3 -1 5 -4
right_child=1 -3 4 -5 -6 -7
leaf_value=-0.045008436201779557 0.029909692499094934 -0.040770432533632814 0.0046086295377748138 0.028124455336406146 0.033611534697010614 0.026911198842159763
leaf_weight=3.5117937149479976 3.9914152622222892 3.6421106662601233 6.9966008495539453 4.2731303423643112 21.805867791175842 15.918029824271796
leaf_count=31 1 48 26 3 5 14
internal_value=0 -0.0011873 0.0228083 -0.00231636 0.0276366 0.0210117
internal_weight=0 7.63353 52.5054 7.78492 44.7205 22.9146
internal_count=128 49 79 34 45 40
is_linear=0
shrinkage=0.0340087


Tree=92
num_leaves=4
num_cat=0
split_feature=86 41 71
split_gain=3.91258 20.135 0.0608045
threshold=-748.49999999999989 0.95000000000000007 65.000000000000014
decision_type=2 2 2
left_child=-1 2 -2
right_child=1 -3 -4
leaf_value=0.028012547035969584 0.016913529123563156 -0.044076689069576964 0.030937492609462033
leaf_weight=30.567526034079492 11.209938557818537 6.1490114573389283 10.81534196436405
leaf_count=25 23 76 4
internal_value=0 0.00897846 0.0247698
internal_weight=0 28.1743 22.0253
internal_count=128 103 27
is_linear=0
shrinkage=0.0340087


Tree=93
num_leaves=10
num_cat=0
split_feature=3 72 73 6 95 47 52 95 95
split_gain=3.82612 10.076 4.03398 3.20919 8.51245 0.929228 1.99175 1.42096 2.79238
threshold=3.5000000000000004 3.5000000000000004 38.850000000000001 1.0000000180025095e-35 -0.73499999999999999 37.250000000000007 45.000000000000007 -0.51500000000000012 0.079999999999999363
decision_type=2 2 2 2 2 2 2 2 2
left_child=2 -2 5 4 -4 -1 7 -7 -9
right_child=1 -3 3 -5 -6 6 -8 8 -10
leaf_value=0.033063571501891389 0.029439322447977027 -0.045009468300626965 0.028015490260286175 0.023389398411690174 -0.050319610408156294 0.023610278044980469 0.029267644586351539 0.011828124349584357 -0.041665306815693678
leaf_weight=24.964492745697498 4.9047129247337562 3.5968415113165975 2.7068006992340088 5.3281947448849678 3.3390690758824331 2.1515759117901272 6.7863267436623573 1.7732391990721263 1.91690082475543
leaf_count=9 4 37 1 7 33 2 6 5 24
internal_value=0 0 0.0226903 0.00284543 -0.0119373 0.0281421 0.0167257 0 -0.0106317
internal_weight=0 8.50155 48.9666 11.3741 6.04587 37.5925 12.628 5.84172 3.69014
internal_count=128 41 87 41 34 46 37 31 29
is_linear=0
shrinkage=0.0340087


Tree=94
num_leaves=6
num_cat=0
split_feature=39 41 90 84 91
split_gain=3.69128 7.49538 5.50049 8.22922 0.772899
threshold=8.5000000000000018 1.1500000000000001 -0.13392857142857137 0.45000000000000007 -0.066964285714285685
decision_type=2 2 2 2 2
left_child=2 -2 3 -1 -4
right_child=1 -3 4 -5 -6
leaf_value=-0.04355262239091872 0.029303958269002853 -0.039629416529486344 0.0135651346690473 0.027613233263281124 0.030321845274083346
leaf_weight=3.3822109564207485 3.6581399440765372 3.4667135076597333 9.2116342345252615 3.982824370265007 32.343854313716292
leaf_count=31 1 48 21 3 24
internal_value=0 -0.00141896 0.022261 -0.00236757 0.0271153
internal_weight=0 7.12485 48.9205 7.36504 41.5555
internal_count=128 49 79 34 45
is_linear=0
shrinkage=0.0340087


Tree=95
num_leaves=10
num_cat=0
split_feature=3 72 73 6 95 47 52 95 95
split_gain=3.65936 9.36043 3.79972 3.01359 8.01458 0.898721 1.88724 1.29466 2.61132
threshold=3.5000000000000004 3.5000000000000004 38.850000000000001 1.0000000180025095e-35 -0.73499999999999999 37.250000000000007 45.000000000000007 -0.51500000000000012 0.079999999999999363
decision_type=2 2 2 2 2 2 2 2 2
left_child=2 -2 5 4 -4 -1 7 -7 -9
right_child=1 -3 3 -5 -6 6 -8 8 -10
leaf_value=0.032883437410281394 0.0290547525036664 -0.044006472609360331 0.027639785849598766 0.023028431408418659 -0.049530473329542732 0.022995911402948547 0.028877820511158978 0.011263090377922049 -0.040961280959462353
leaf_weight=23.54736890271306 4.6443900223821384 3.5080612553283572 2.608191967010498 5.1693534888327122 3.2425698172301036 2.0479693710803932 6.4385377988219261 1.7142051234841384 1.8615048360079525
leaf_count=9 4 37 1 7 33 2 6 5 24
internal_value=0 0 0.0223804 0.00276408 -0.0117064 0.0278679 0.0163116 0 -0.0104269
internal_weight=0 8.15245 46.6297 11.0201 5.85076 35.6096 12.0622 5.62368 3.57571
internal_count=128 41 87 41 34 46 37 31 29
is_linear=0
shrinkage=0.0340087


Tree=96
num_leaves=10
num_cat=0
split_feature=3 72 73 6 95 47 52 95 95
split_gain=3.52215 8.94381 3.66507 2.85291 7.6578 0.869255 1.79816 1.22098 2.49718
threshold=3.5000000000000004 3.5000000000000004 38.850000000000001 1.0000000180025095e-35 -0.73499999999999999 37.250000000000007 45.000000000000007 -0.51500000000000012 0.079999999999999363
decision_type=2 2 2 2 2 2 2 2 2
left_child=2 -2 5 4 -4 -1 7 -7 -9
right_child=1 -3 3 -5 -6 6 -8 8 -10
leaf_value=0.032754497691195913 0.028818901017676375 -0.04340696675833032 0.027385099884826965 0.022638252837211565 -0.048818158273402829 0.022686252662770127 0.028595825983733034 0.010966541320889431 -0.040322625488763378
leaf_weight=22.848249860107899 4.5255328491330138 3.4373351973481476 2.5443956851959229 5.0818286389112473 3.1796712977811676 2.0065888091921762 6.2839677222073078 1.7019868604838877 1.8278970466926692
leaf_count=9 4 37 1 7 33 2 6 5 24
internal_value=0 0 0.0222259 0.00272402 -0.0114455 0.0277055 0.0161452 0 -0.0100242
internal_weight=0 7.96287 45.4746 10.8059 5.72407 34.6687 11.8204 5.53647 3.52988
internal_count=128 41 87 41 34 46 37 31 29
is_linear=0
shrinkage=0.0340087


Tree=97
num_leaves=6
num_cat=0
split_feature=39 41 90 84 91
split_gain=3.48416 6.71522 4.94725 7.26023 0.725007
threshold=8.5000000000000018 1.1500000000000001 -0.13392857142857137 0.45000000000000007 -0.066964285714285685
decision_type=2 2 2 2 2
left_child=2 -2 3 -1 -4
right_child=1 -3 4 -5 -6
leaf_value=-0.04173968552412937 0.028654475061246468 -0.038558587481341056 0.013052088382178922 0.027084422205007556 0.029958115434947169
leaf_weight=3.2152674701064816 3.3475019931793204 3.328114673960954 8.7761922702193242 3.7123239114880562 29.756073037162423
leaf_count=31 1 48 21 3 24
internal_value=0 -0.001842 0.0218439 -0.00198246 0.026655
internal_weight=0 6.67562 45.4599 6.92759 38.5323
internal_count=128 49 79 34 45
is_linear=0
shrinkage=0.0340087


Tree=98
num_leaves=3
num_cat=0
split_feature=86 41
split_gain=3.40177 16.485
threshold=-748.49999999999989 0.95000000000000007
decision_type=2 2
left_child=-1 -2
right_child=1 -3
leaf_value=0.027118248278641122 0.023682121137114646 -0.041743265060496616
leaf_weight=26.20300730317831 19.14834216423333 5.6270099268294862
leaf_count=25 27 76
internal_value=0 0.00795558
internal_weight=0 24.7754
internal_count=128 103
is_linear=0
shrinkage=0.0340087


Tree=99
num_leaves=7
num_cat=0
split_feature=92 58 72 78 67 67
split_gain=5.05449 4.62882 3.15352 5.58935 0.858601 0.598636
threshold=0.080128205128205107 -12.499999999999998 7.5000000000000009 135.00000000000003 1168.5000000000002 1521.0000000000002
decision_type=2 2 2 2 2 2
left_child=2 -2 4 -4 -1 -6
right_child=1 -3 3 -5 5 -7
leaf_value=0.029586691464963243 0.023290393280047863 -0.041110093583132071 -0.038240858989417169 0.028278505517288208 0.021949541497793247 0.0021963644886344937
leaf_weight=26.56076215300709 1.8140608072280882 2.9820091743022195 2.6156736528500906 3.1869368553161621 6.7192400190979225 6.031795933842659
leaf_count=24 1 34 38 1 14 16
internal_value=0 -0.012535 0.0216878 0 0.0251476 0.0142393
internal_weight=0 4.79607 45.1144 5.80261 39.3118 12.751
internal_count=128 35 93 39 54 30
is_linear=0
shrinkage=0.0340087


Tree=100
num_leaves=7
num_cat=0
split_feature=92 58 72 78 67 86
split_gain=4.81317 4.43207 3.00195 5.35138 0.873357 0.0570983
threshold=0.080128205128205107 -12.499999999999998 7.5000000000000009 135.00000000000003 1399.0000000000002 -1091.9999999999998
decision_type=2 2 2 2 2 2
left_child=2 -2 4 -4 5 -1
right_child=1 -3 3 -5 -6 -7
leaf_value=0.033051569385403351 0.023011465805378384 -0.040571366290441342 -0.03780655271908883 0.028069609224542835 0.010942470251550778 0.020028530337276695
leaf_weight=17.083284422755241 1.7747740745544431 2.9204412978142491 2.5572142209857693 3.1032042503356934 8.8014867175370437 12.652262625284495
leaf_count=4 1 34 38 1 21 29
internal_value=0 -0.0122308 0.0214257 0 0.0248278 0.0282312
internal_weight=0 4.69522 44.1975 5.66042 38.537 29.7355
internal_count=128 35 93 39 54 33
is_linear=0
shrinkage=0.0340087


Tree=101
num_leaves=7
num_cat=0
split_feature=92 58 72 78 67 86
split_gain=4.58289 4.24392 2.85772 5.12301 0.869893 0.0979189
threshold=0.080128205128205107 -12.499999999999998 7.5000000000000009 135.00000000000003 1399.0000000000002 -1091.9999999999998
decision_type=2 2 2 2 2 2
left_child=2 -2 4 -4 5 -1
right_child=1 -3 3 -5 -6 -7
leaf_value=0.032956864304585796 0.022730777494019316 -0.040040361228713628 -0.037373667293202704 0.027858062127417857 0.010650083675566727 0.019611817543332438
leaf_weight=16.558829940855503 1.7367403507232664 2.8601082609966388 2.500306104309856 3.0221321582794189 8.7377976188436133 12.48543082457036
leaf_count=4 1 34 38 1 21 29
internal_value=0 -0.0119265 0.0211657 0 0.0245109 0.0279578
internal_weight=0 4.59685 43.3045 5.52244 37.7821 29.0443
internal_count=128 35 93 39 54 33
is_linear=0
shrinkage=0.0340087


Tree=102
num_leaves=7
num_cat=0
split_feature=92 58 72 78 67 67
split_gain=4.36223 4.06395 2.7195 4.90386 0.877738 0.580591
threshold=0.080128205128205107 -12.499999999999998 7.5000000000000009 135.00000000000003 1168.5000000000002 1521.0000000000002
decision_type=2 2 2 2 2 2
left_child=2 -2 4 -4 -1 -6
right_child=1 -3 3 -5 5 -7
leaf_value=0.028850200704982062 0.022448407330885069 -0.039516832262265586 -0.036942154775342795 0.027643830173829275 0.020907115322354515 0.0014180393426664892
leaf_weight=24.633467678911984 1.699921131134033 2.8009953158907583 2.444911651313304 2.9436399936676025 6.472275014035402 5.9474173048511147
leaf_count=24 1 34 38 1 14 16
internal_value=0 -0.0116222 0.0209039 0 0.0241919 0.0132491
internal_weight=0 4.50092 42.4417 5.38855 37.0532 12.4197
internal_count=128 35 93 39 54 30
is_linear=0
shrinkage=0.0340087


Tree=103
num_leaves=7
num_cat=0
split_feature=92 58 90 52 64 75
split_gain=4.14963 3.89179 2.73266 3.02667 3.08986 1.25464
threshold=0.080128205128205107 -12.499999999999998 -0.16025641025641016 115.00000000000001 2.9500000000000006 0.4330357142857143
decision_type=2 2 2 2 2 2
left_child=2 -2 3 4 -1 -4
right_child=1 -3 5 -5 -6 -7
leaf_value=0.013785716108431384 0.022164441512275805 -0.039000535404758785 0.0076779381477996506 0.027426872741770678 -0.041285790495036993 0.028256156975073995
leaf_weight=1.3246979713439935 1.6642788648605344 2.7430878537707022 7.3428933075629166 2.867650032043457 2.6746203908696771 27.407619129866362
leaf_count=2 1 34 22 1 25 43
internal_value=0 -0.0113178 0.0206351 0 -0.0180302 0.0245092
internal_weight=0 4.40737 41.6175 6.86697 3.99932 34.7505
internal_count=128 35 93 28 27 65
is_linear=0
shrinkage=0.0340087


Tree=104
num_leaves=6
num_cat=0
split_feature=56 86 3 72 62
split_gain=4.04509 3.82861 3.48649 7.24432 1.54467
threshold=0.30952380952380959 -1471.9999999999998 3.5000000000000004 3.5000000000000004 3.5000000000000004
decision_type=2 2 2 2 2
left_child=1 -1 4 -4 -2
right_child=2 -3 3 -5 -6
leaf_value=0.021878962093845968 0.0061179311311384977 -0.039325485953748782 0.029215439245165547 -0.041413202817942897 0.028743353520278396
leaf_weight=1.6297773122787473 6.8357751923613241 2.6756690423935643 3.7374324798583975 2.9651022874750197 27.290402807295322
leaf_count=1 22 31 2 32 40
internal_value=0 -0.011467 0.0204062 0 0.0248219
internal_weight=0 4.30545 40.8287 6.70253 34.1262
internal_count=128 32 96 34 62
is_linear=0
shrinkage=0.0340087


Tree=105
num_leaves=7
num_cat=0
split_feature=92 58 90 52 64 75
split_gain=3.87 3.62948 2.58583 2.7979 2.86164 1.24362
threshold=0.080128205128205107 -12.499999999999998 -0.16025641025641016 115.00000000000001 2.9500000000000006 0.4330357142857143
decision_type=2 2 2 2 2 2
left_child=2 -2 3 4 -1 -4
right_child=1 -3 5 -5 -6 -7
leaf_value=0.013051349521377339 0.021592067905170237 -0.038309414182661809 0.0070945427637192629 0.026971978417260914 -0.040266055422193046 0.027847678841309797
leaf_weight=1.2751732617616647 1.5963810682296751 2.6611323496326795 7.1467503192834547 2.7189047336578369 2.6207904946058989 26.19539352087304
leaf_count=2 1 34 22 1 25 43
internal_value=0 -0.0111024 0.0201738 0 -0.0176685 0.0240254
internal_weight=0 4.25751 39.957 6.61487 3.89596 33.3421
internal_count=128 35 93 28 27 65
is_linear=0
shrinkage=0.0340087


Tree=106
num_leaves=7
num_cat=0
split_feature=92 58 72 78 54 83
split_gain=3.67852 3.47634 2.54125 4.34648 1.37411 0.00450689
threshold=0.080128205128205107 -12.499999999999998 7.5000000000000009 135.00000000000003 39.45000000000001 0.35000000000000003
decision_type=2 2 2 2 2 2
left_child=2 -2 4 -4 5 -1
right_child=1 -3 3 -5 -6 -7
leaf_value=0.01854661002994629 0.021303857754106852 -0.037809536010541989 -0.035932463871977023 0.026746538781420453 0.0072451892831460049 0.032027748149335039
leaf_weight=10.423218178562822 1.564055800437927 2.6060983911156645 2.3626685738563529 2.650099515914917 8.1625998038798553 15.608699627220629
leaf_count=30 1 34 38 1 19 5
internal_value=0 -0.0107935 0.0199038 0 0.0232384 0.0274506
internal_weight=0 4.17015 39.2073 5.01277 34.1945 26.0319
internal_count=128 35 93 39 54 35
is_linear=0
shrinkage=0.0340087


Tree=107
num_leaves=6
num_cat=0
split_feature=90 56 81 64 46
split_gain=5.55189 3.92995 3.19878 2.81497 1.60282
threshold=-0.17424242424242417 0.30952380952380959 3.3500000000000001 2.9500000000000006 9.5000000000000018
decision_type=2 2 2 2 2
left_child=3 2 -2 -1 -3
right_child=1 4 -4 -5 -6
leaf_value=0.012358847756317699 -0.038086715850696368 0.027711001944014959 0.021014432013597897 -0.039749864652613272 0.0034112930806798184
leaf_weight=1.242528773844241 2.2274128748103967 28.961713759694248 1.5327681303024294 2.8221103055402637 5.7655125386081627
leaf_count=2 28 43 1 28 26
internal_value=0 0.0205204 -0.00865093 -0.0188776 0.0242731
internal_weight=0 38.4874 3.76018 4.06464 34.7272
internal_count=128 98 29 30 69
is_linear=0
shrinkage=0.0340087


end of trees

feature_importances:
margin_1=64
corner_ratio_1=43
days_since_last_race=41
ninki_3=37
result_4=37
agari_2=32
margin_5=32
ninki_5=29
agari_trend_5=25
win_rate_recent5=21
mother_father_cat=20
current_odds=19
corner_chase_2=17
corner_chase_5=17
weight_change=15
mf_course3=14
ninki_1=14
rank_trend_5=14
ninki_4=13
corner_chase_1=12
agari_5=11
f_courseout=10
dist_change=10
paternal_gf_cat=10
agari_4=9
rank_trend=8
agari_3=7
corner_ratio_4=7
corner_chase_3=7
corner_ratio_3=5
kinryo=5
waku=4
father_cat=4
mf_course2=3
result_1=3
ninki_2=3
agari_1=2
current_popularity=2
result_5=2
result_2=1
margin_3=1
margin_4=1

parameters:
[boosting: gbdt]
[objective: binary]
[metric: binary_logloss]
[tree_learner: serial]
[device_type: cpu]
[data_sample_strategy: bagging]
[data: ]
[valid: ]
[num_iterations: 108]
[learning_rate: 0.0340087]
[num_leaves: 54]
[num_threads: 16]
[seed: 0]
[deterministic: 0]
[force_col_wise: 1]
[force_row_wise: 0]
[histogram_pool_size: -1]
[max_depth: 9]
[min_data_in_leaf: 12]
[min_sum_hessian_in_leaf: 0.001]
[bagging_fraction: 1]
[pos_bagging_fraction: 1]
[neg_bagging_fraction: 1]
[bagging_freq: 0]
[bagging_seed: 7719]
[feature_fraction: 1]
[feature_fraction_bynode: 1]
[feature_fraction_seed: 2437]
[extra_trees: 0]
[extra_seed: 11797]
[early_stopping_round: 0]
[first_metric_only: 0]
[max_delta_step: 0]
[lambda_l1: 0.600857]
[lambda_l2: 0.0402365]
[linear_lambda: 0]
[min_gain_to_split: 0]
[drop_rate: 0.1]
[max_drop: 50]
[skip_drop: 0.5]
[xgboost_dart_mode: 0]
[uniform_drop: 0]
[drop_seed: 21238]
[top_rate: 0.2]
[other_rate: 0.1]
[min_data_per_group: 100]
[max_cat_threshold: 32]
[cat_l2: 10]
[cat_smooth: 10]
[max_cat_to_onehot: 4]
[top_k: 20]
[monotone_constraints: ]
[monotone_constraints_method: basic]
[monotone_penalty: 0]
[feature_contri: ]
[forcedsplits_filename: ]
[refit_decay_rate: 0.9]
[cegb_tradeoff: 1]
[cegb_penalty_split: 0]
[cegb_penalty_feature_lazy: ]
[cegb_penalty_feature_coupled: ]
[path_smooth: 0]
[interaction_constraints: ]
[verbosity: -1]
[saved_feature_importance_type: 0]
[use_quantized_grad: 0]
[num_grad_quant_bins: 4]
[quant_train_renew_leaf: 0]
[stochastic_rounding: 1]
[linear_tree: 0]
[max_bin: 255]
[max_bin_by_feature: ]
[min_data_in_bin: 3]
[bin_construct_sample_cnt: 200000]
[data_random_seed: 38]
[is_enable_sparse: 1]
[enable_bundle: 1]
[use_missing: 1]
[zero_as_missing: 0]
[feature_pre_filter: 1]
[pre_partition: 0]
[two_round: 0]
[header: 0]
[label_column: ]
[weight_column: ]
[group_column: ]
[ignore_column: ]
[categorical_feature: ]
[forcedbins_filename: ]
[precise_float_parser: 0]
[parser_config_file: ]
[objective_seed: 8855]
[num_class: 1]
[is_unbalance: 0]
[scale_pos_weight: 15.8301]
[sigmoid: 1]
[boost_from_average: 1]
[reg_sqrt: 0]
[alpha: 0.9]
[fair_c: 1]
[poisson_max_delta_step: 0.7]
[tweedie_variance_power: 1.5]
[lambdarank_truncation_level: 30]
[lambdarank_norm: 1]
[label_gain: ]
[lambdarank_position_bias_regularization: 0]
[eval_at: ]
[multi_error_top_k: 1]
[auc_mu_weights: ]
[num_machines: 1]
[local_listen_port: 12400]
[time_out: 120]
[machine_list_filename: ]
[machines: ]
[gpu_platform_id: -1]
[gpu_device_id: -1]
[gpu_use_dp: 0]
[num_gpu: 1]

end of parameters

pandas_categorical:[]
