tree
version=v4
num_class=1
num_tree_per_iteration=1
label_index=0
max_feature_idx=50
objective=lambdarank
feature_names=f_course1 f_course2 f_course3 f_courseout mf_course1 mf_course2 mf_course3 mf_courseout f_mf_course1 f_mf_course2 f_mf_course3 f_mf_courseout f_len1 f_len2 f_len3 f_lenout mf_len1 mf_len2 mf_len3 mf_classout f_mf_len1 f_mf_len2 f_mf_len3 f_mf_classout f_class1 f_class2 f_class3 f_classout mf_class1 mf_class2 mf_class3 mf_classout.1 f_mf_class1 f_mf_class2 f_mf_class3 f_mf_classout.1 time_df_course1 time_df_class1 ninki_1 result_1 time_df_course2 time_df_class2 ninki_2 result_2 time_df_course3 time_df_class3 ninki_3 result_3 waku umaban self_popularity
feature_infos=[0:12] [0:8] [0:8] [0:57] [0:11] [0:12] [0:13] [0:69] [0:2] [0:2] [0:2] [0:6] [0:9] [0:6] [0:6] [0:31] [0:6] [0:5] [0:4] [0:19] none none [0:2] [0:4] [0:6] [0:4] [0:3] [0:14] [0:3] [0:4] [0:2] [0:12] none none none [0:4] [-1:0] [-1:0] [-1:170] [-1:150] [-1:0] [-1:0] [-1:180] [-1:180] [-1:0] [-1:0] [-1:160] [-1:150] [1:8] [1:12] [-1:12]
tree_sizes=2833 3033 2614 2209 2636 2215 2925 2632

Tree=0
num_leaves=26
num_cat=0
split_feature=50 47 3 49 14 3 50 6 0 43 46 47 31 6 7 7 47 38 3 49 43 19 7 50 12
split_gain=46.7306 17.6413 8.07921 5.98186 8.0768 6.60096 5.53073 12.6404 5.86699 5.05462 4.33371 3.76136 3.38496 2.90975 4.58506 2.90571 2.42183 3.05285 3.09883 2.41212 1.47914 1.03891 2.33792 0.171786 0.00643901
threshold=5.5000000000000009 5.5000000000000009 1.0000000180025095e-35 5.5000000000000009 1.5000000000000002 1.0000000180025095e-35 3.5000000000000004 2.5000000000000004 1.0000000180025095e-35 5.5000000000000009 125.00000000000001 1.5000000000000002 1.0000000180025095e-35 1.0000000180025095e-35 1.0000000180025095e-35 3.5000000000000004 3.5000000000000004 9.5000000000000018 3.5000000000000004 5.5000000000000009 5.5000000000000009 2.5000000000000004 1.0000000180025095e-35 4.5000000000000009 1.5000000000000002
decision_type=2 2 2 2 2 2 2 2 2 2 2 2 2 2 2 2 2 2 2 2 2 2 2 2 2
left_child=6 2 11 4 10 -5 16 8 12 -4 13 -2 23 14 -3 -11 21 18 -18 -19 -21 22 -1 -8 -7
right_child=1 3 9 5 -6 24 7 -9 -10 15 -12 -13 -14 -15 -16 -17 17 19 -20 20 -22 -23 -24 -25 -26
leaf_value=0.18864317866070673 -0.28724118345047372 -0.28983864372056017 0.15401022746915835 -0.083078041375197226 0.1159661703884102 -0.29105809834470531 -0.18160861593425079 0.18135860289733877 0.056870824382341936 0.06168107761880437 0.033828798078576625 -0.021403785939673813 -0.0093428759053435975 -0.27692763551583427 -0.050041023053719214 -0.13534606774435429 -0.11143860285177634 0.031321312032203466 0.10434902624998438 0.20626251263471368 0.093125330836019024 0.1916916396727209 0.038649504773977689 -0.24389361367227894 -0.25684034495801517
leaf_weight=4.9886396322399396 2.2442347221076515 2.5109035223722476 7.2789058573544008 4.8870146740227964 2.9599302113056174 9.7018017042428237 2.3333706110715884 7.1490005012601605 5.2938790321350098 3.685991270467639 2.3313409537076941 2.3002583552151918 2.6330907084047794 4.4463284574449062 5.2536819316446781 2.7816005609929562 2.8794006109237698 4.5505190938711158 2.7620158158242702 6.0025492310523969 4.3082004357129335 9.7672901190817338 4.0220454968512058 2.556598300114274 1.8785284496843804
leaf_count=32 32 38 41 53 17 156 36 38 50 29 19 25 26 66 56 35 36 41 22 27 40 51 39 38 25
internal_value=0 -0.100538 0.0149007 -0.162716 -0.103092 -0.225887 0.0886854 0.0260679 -0.0605437 0.0707105 -0.147825 -0.153378 -0.14329 -0.182607 -0.128083 -0.0229611 0.120463 0.0855785 -0.00557256 0.12024 0.159278 0.158405 0.121973 -0.214958 -0.285893
internal_weight=0 52.2605 18.291 33.9695 17.5022 16.4673 59.2466 19.9659 12.8169 13.7465 14.5423 4.54449 7.52306 12.2109 7.76459 6.46759 39.2807 20.5027 5.64142 14.8613 10.3107 18.778 9.01069 4.88997 11.5803
internal_count=1068 592 162 430 196 234 476 188 150 105 179 57 100 160 94 64 288 166 58 108 67 122 71 74 181
is_linear=0
shrinkage=0.145878


Tree=1
num_leaves=28
num_cat=0
split_feature=27 16 47 4 48 49 3 50 47 48 3 39 31 50 43 19 38 16 7 47 49 3 12 42 5 7 1
split_gain=9.01051 13.611 10.1813 11.2395 8.55675 8.7879 8.22724 9.87313 9.12164 7.95553 7.4967 6.29899 6.08447 7.52875 8.83874 6.89456 5.98287 8.82447 10.7019 7.60359 3.74031 7.84131 2.1742 1.53227 1.04204 0.101986 0.082946
threshold=1.5000000000000002 2.5000000000000004 5.5000000000000009 3.5000000000000004 6.5000000000000009 10.500000000000002 27.500000000000004 5.5000000000000009 6.5000000000000009 1.5000000000000002 33.500000000000007 6.5000000000000009 3.5000000000000004 4.5000000000000009 11.500000000000002 1.0000000180025095e-35 13.500000000000002 1.0000000180025095e-35 2.5000000000000004 3.5000000000000004 8.5000000000000018 3.5000000000000004 1.0000000180025095e-35 8.5000000000000018 1.0000000180025095e-35 3.5000000000000004 2.5000000000000004
decision_type=2 2 2 2 2 2 2 2 2 2 2 2 2 2 2 2 2 2 2 2 2 2 2 2 2 2 2
left_child=2 6 9 4 12 23 7 8 -2 -1 -8 -7 13 15 -15 -4 17 18 -11 20 21 -18 24 -6 -9 -25 -24
right_child=1 -3 3 -5 5 11 10 22 -10 16 -12 -13 -14 14 -16 -17 19 -19 -20 -21 -22 -23 26 25 -26 -27 -28
leaf_value=0.17202597662625205 -0.13081350105056985 0.14695539157849857 -0.034871935657400641 -0.25767347448101335 -0.11429270394686677 0.1086643458001245 0.11818970834160455 -0.2110734714047432 0.039447046383067223 0.016603326673902016 -0.06714003675256712 -0.13303489535166707 0.17486761853739433 -0.15962419785846116 0.028207027869314637 0.14494071066773903 -0.15222913812531599 0.11576659927544521 -0.18403435260886708 0.15990321782228281 0.086079762317033362 0.072399089007796485 -0.2475130000319167 -0.27072056311989601 -0.082002226049934235 -0.22050009394181572 -0.2917596743633889
leaf_weight=10.527680071070789 15.467927886173131 6.9901608116924754 7.4619528204202679 4.0519428066909304 3.122103266417982 5.3771025761961919 7.981244063004854 2.6518994532525522 11.777353623881934 16.218452399596575 11.070344174280761 3.9827413056045771 5.1700995136052361 9.2418068274855631 12.549469660967587 11.514474473893641 5.8751318752765673 8.9145028386265022 8.6663896385580284 14.297746539115904 11.968326551839708 7.5271720439195633 3.385541339404881 2.4797191135585308 2.8007264547049999 3.1257329266518354 3.4040952753275633
leaf_count=26 44 15 44 38 18 23 28 28 39 53 44 47 18 119 84 38 42 23 45 42 34 22 48 28 28 34 16
internal_value=0 -0.0452161 0.0194861 -0.0224259 -0.00747173 -0.0924412 -0.0682106 -0.10619 -0.0571845 0.0534682 0.0104607 0.00564558 0.0259726 0.00701234 -0.0514414 0.0741921 0.0364364 -0.00862954 -0.0532772 0.0748568 0.0268252 -0.0260272 -0.214984 -0.197636 -0.145338 -0.243483 -0.270368
internal_weight=0 65.5293 152.073 68.0771 64.0252 18.0874 58.5391 39.4875 27.2453 83.9954 19.0516 9.35984 45.9378 40.7677 21.7913 18.9764 73.4677 33.7993 24.8848 39.6684 25.3706 13.4023 12.2423 8.72756 5.45263 5.60545 6.78964
internal_count=1068 290 778 491 453 150 275 203 83 287 72 70 303 285 203 82 261 121 98 140 98 64 120 80 56 62 64
is_linear=0
shrinkage=0.145878


Tree=2
num_leaves=24
num_cat=0
split_feature=47 43 39 1 1 2 7 39 5 42 47 46 42 50 19 7 19 46 3 0 38 47 38
split_gain=11.1329 8.07228 7.87649 9.95016 8.06566 8.40962 9.69069 8.99641 7.29712 5.60259 6.17456 5.75157 4.77586 4.45358 4.98664 10.1077 4.6163 4.52058 4.38786 4.3629 3.75204 3.61077 0.336953
threshold=5.5000000000000009 1.0000000180025095e-35 6.5000000000000009 1.5000000000000002 2.5000000000000004 2.5000000000000004 2.5000000000000004 10.500000000000002 2.5000000000000004 14.500000000000002 11.500000000000002 8.5000000000000018 10.500000000000002 7.5000000000000009 2.5000000000000004 2.5000000000000004 9.5000000000000018 10.500000000000002 5.5000000000000009 1.5000000000000002 45.000000000000007 1.5000000000000002 13.500000000000002
decision_type=2 2 2 2 2 2 2 2 2 2 2 2 2 2 2 2 2 2 2 2 2 2 2
left_child=13 -2 3 8 5 6 7 -4 9 11 -11 -3 -8 14 15 20 18 22 -16 -5 21 -1 -15
right_child=1 2 4 19 -6 -7 12 -9 -10 10 -12 -13 -14 17 16 -17 -18 -19 -20 -21 -22 -23 -24
leaf_value=0.038909030422752316 0.16548720597622177 0.039699800949262357 -0.13095470848047588 0.16920074518066755 -0.26254683307236926 0.087268008854455362 -0.060698943127826477 0.082443254590965839 -0.23670939637473021 -0.044491504005209022 0.14891335035755732 -0.20695428661925072 -0.214586162458584 0.11274324022351746 0.15373686229401984 -0.17853965861459681 -0.017182212369067029 -0.0039044598545676097 0.032427078489572603 0.0095395712369922645 0.092458925724876073 -0.080254767464405782 0.15730400932737229
leaf_weight=11.315116845071321 4.0290228202939025 3.2115443665534311 7.5423929542303112 8.0999309048056585 4.913424175232648 6.5052205128595224 6.4918049611151245 9.4633366335183364 3.8693841435015193 8.5472021680325252 5.9400069173425427 5.3245024383068085 12.875559808686374 7.8577406294643897 12.108162160962822 6.9965944681316605 12.791473325341938 7.3144781552255145 13.401258468627928 6.6438339091837397 9.3728178180754167 10.337496984750031 7.6914278268814087
leaf_count=36 11 32 81 32 44 45 50 65 33 54 25 63 113 28 34 54 40 35 50 36 32 47 28
internal_value=0 -0.036125 -0.0452437 0.00111225 -0.0856451 -0.0652754 -0.0926118 -0.0121563 -0.0516548 -0.0203899 0.0347812 -0.114086 -0.16314 0.0340385 0.0170933 -0.0203045 0.0542458 0.0905107 0.0901025 0.0974066 0.015396 -0.0179386 0.134972
internal_weight=0 93.4572 89.4281 41.6364 47.7917 42.8783 36.3731 17.0057 26.8926 23.0233 14.4872 8.53605 19.3674 99.1866 76.3229 38.022 38.3009 22.8636 25.5094 14.7438 31.0254 21.6526 15.5492
internal_count=1068 684 673 275 398 354 309 146 207 174 79 95 163 384 293 169 124 91 84 68 115 83 56
is_linear=0
shrinkage=0.145878


Tree=3
num_leaves=20
num_cat=0
split_feature=39 6 7 50 48 39 43 0 3 48 48 39 39 7 1 4 43 3 3
split_gain=6.47813 6.28321 6.05162 8.20232 11.3724 4.79805 7.31993 6.42004 5.3161 8.05225 5.30662 4.16476 3.10309 3.17335 2.06916 2.35544 1.29408 0.689773 0.00602065
threshold=12.500000000000002 2.5000000000000004 10.500000000000002 3.5000000000000004 2.5000000000000004 10.500000000000002 9.5000000000000018 2.5000000000000004 1.0000000180025095e-35 6.5000000000000009 7.5000000000000009 5.5000000000000009 10.500000000000002 28.500000000000004 1.0000000180025095e-35 1.0000000180025095e-35 3.5000000000000004 6.5000000000000009 11.500000000000002
decision_type=2 2 2 2 2 2 2 2 2 2 2 2 2 2 2 2 2 2 2
left_child=1 2 5 -4 -5 7 -7 8 10 -10 -1 16 13 -13 15 -2 -3 -6 -19
right_child=14 11 3 4 17 6 -8 -9 9 -11 -12 12 -14 -15 -16 -17 -18 18 -20
leaf_value=-0.079238854782536089 -0.11009278592273641 0.052262366363660218 0.028033848786888173 0.070309191841143495 -0.17208464398220724 0.1649135761901252 -0.026944498937394507 -0.15898518707876769 0.06545950684790125 -0.062771585509211192 0.069472467309905736 0.030456510590563386 0.081809131095732984 -0.15575773780745475 -0.16788016199501374 0.020780146996205569 0.12720614376386125 -0.26539771337946932 -0.23440751317832667
leaf_weight=22.268769789487127 6.7921624425798672 7.5112723521888283 10.274152640253307 3.8745255758985868 3.983539982698856 9.517337445169689 7.5892202183604232 5.3710439410060635 40.274251323193312 14.037430964410303 6.6055688932538024 3.9477113522589189 5.5510282423347235 3.8078364618122578 4.7679358674213281 5.1050633527338505 14.638761318288742 3.5577702615410089 2.8851620927453041
leaf_count=166 52 26 42 19 45 34 47 49 192 90 31 26 28 32 45 31 54 24 35
internal_value=0 0.00872195 -0.0060927 -0.0712826 -0.142683 0.00906388 0.0797661 -0.0045888 0.00538716 0.0322872 -0.04516 0.0631572 -0.00126052 -0.0609132 -0.0866614 -0.0538677 0.101891 -0.221941 -0.252187
internal_weight=0 165.695 130.239 24.5752 14.301 105.664 17.1066 88.5571 83.186 54.3117 28.8743 35.4566 13.3066 7.75555 16.6652 11.8972 22.15 10.4265 6.44293
internal_count=1068 940 774 165 123 609 81 528 479 282 197 166 86 58 128 83 80 104 59
is_linear=0
shrinkage=0.145878


Tree=4
num_leaves=24
num_cat=0
split_feature=8 38 42 43 50 42 47 47 42 46 14 43 50 39 50 19 17 46 50 50 42 50 43
split_gain=4.79224 4.83641 9.70913 5.32839 6.82201 5.4756 4.69328 4.42421 4.62903 8.58481 3.98947 3.80021 4.94563 3.57245 3.16889 3.72699 3.80681 2.99503 2.42045 2.28531 2.1673 1.99433 1.40325
threshold=1.0000000180025095e-35 11.500000000000002 65.000000000000014 3.5000000000000004 10.500000000000002 13.500000000000002 1.5000000000000002 12.500000000000002 125.00000000000001 85.000000000000014 1.0000000180025095e-35 7.5000000000000009 7.5000000000000009 11.500000000000002 6.5000000000000009 1.0000000180025095e-35 1.0000000180025095e-35 15.500000000000002 5.5000000000000009 2.5000000000000004 16.500000000000004 6.5000000000000009 9.5000000000000018
decision_type=2 2 2 2 2 2 2 2 2 2 2 2 2 2 2 2 2 2 2 2 2 2 2
left_child=1 3 13 10 5 11 -4 8 9 -8 19 21 -13 14 15 -3 -17 -7 -9 -1 22 -5 -15
right_child=-2 2 6 4 -6 17 7 18 -10 -11 -12 12 -14 20 -16 16 -18 -19 -20 -21 -22 -23 -24
leaf_value=0.049614801798003164 -0.13713843961763605 -0.027470311024138702 -0.18624305237884162 -0.23293487085127362 -0.23169075914345189 0.083238966649437293 0.037221661209635146 -0.039932925019838979 0.11176580390925965 -0.21555585063760987 0.10578880271203352 -0.010314751140691513 -0.17007571356796639 0.0021285902691425976 0.14141576351028554 0.1482442996805016 0.038531926445488023 -0.054981967516318786 -0.23066243997496008 -0.067274835302862337 0.070379595172708143 -0.074557553112870184 -0.12837737384735803
leaf_weight=6.4274912551045436 5.245415559038519 8.6485305707901698 4.0322131626307991 3.846143063157796 3.9969613142311564 10.347615450620649 10.07803999073804 2.9956945218145838 6.8553768992424002 3.9751048777252427 9.7862614598125202 21.271373444236819 5.1094164960086337 3.460968451574443 12.455798969604073 11.131941309198739 17.131875295192003 4.8993430510163298 2.7160155335441232 7.9327794015407562 4.0656505674123764 3.0945509662851691 3.5023392150178552
leaf_count=28 36 45 22 29 63 54 69 20 29 47 20 142 70 19 54 42 58 33 39 51 24 35 39
internal_value=0 0.00429767 0.0270374 -0.0226759 -0.0487397 -0.0336031 -0.0397952 -0.0174899 0.0135578 -0.0343172 0.0340076 -0.0667419 -0.0413692 0.0609777 0.0777471 0.0561889 0.0818328 0.038734 -0.131147 -0.0148721 -0.0139762 -0.162757 -0.0634445
internal_weight=0 167.761 91.0495 76.7119 52.5654 48.5684 30.6524 26.6202 20.9085 14.0531 24.1465 33.3215 26.3808 60.3971 49.3681 36.9123 28.2638 15.247 5.71171 14.3603 11.029 6.94069 6.96331
internal_count=1068 1032 507 525 426 363 226 204 145 116 99 276 212 281 199 145 100 87 59 79 82 64 58
is_linear=0
shrinkage=0.145878


Tree=5
num_leaves=20
num_cat=0
split_feature=39 16 47 48 4 6 3 38 46 47 46 46 50 3 50 49 31 46 42
split_gain=7.16818 4.58296 4.30492 4.97199 5.86224 4.68755 9.06676 3.81793 4.74348 3.30058 5.11444 6.53018 4.36334 6.20849 4.07383 3.1197 5.20214 3.91738 1.87134
threshold=15.500000000000002 2.5000000000000004 2.5000000000000004 1.5000000000000002 1.5000000000000002 1.0000000180025095e-35 1.0000000180025095e-35 11.500000000000002 8.5000000000000018 11.500000000000002 6.5000000000000009 4.5000000000000009 7.5000000000000009 17.500000000000004 9.5000000000000018 5.5000000000000009 2.5000000000000004 65.000000000000014 10.500000000000002
decision_type=2 2 2 2 2 2 2 2 2 2 2 2 2 2 2 2 2 2 2
left_child=1 2 3 -1 5 6 -5 9 -9 10 11 -4 18 -14 -12 16 -10 -17 -11
right_child=-2 -3 7 4 -6 -7 -8 8 15 12 14 -13 13 -15 -16 17 -18 -19 -20
leaf_value=0.15106177071538798 -0.18217867180414801 0.096468432865996559 -0.10016221530866734 -0.16718377694819464 -0.10489449459063142 0.12742892796623709 0.0704676179888791 0.10947300699179653 -0.095295136062688454 -0.00707647351673691 -0.1627488844443423 0.10577395549947488 -0.21751767391824484 0.086406308901089163 -0.013156511668441184 -0.033646477004287446 0.067614341214096943 0.072730249947857956 0.10566315597706029
leaf_weight=7.0008172690868369 4.4594043334946027 10.87195830978453 6.9569349326193315 4.8625898919999662 6.7865255745127788 9.7004464622586948 11.404739338904617 8.5116068981587869 15.344691375270488 5.8994428440928477 13.989478084258737 6.171457476913929 3.6478906422853461 2.3318119738250971 5.3849036302417508 13.948502315208318 5.7077279705554238 15.565220626071094 6.6193641973659396
leaf_count=18 49 36 47 48 39 36 47 36 110 37 148 35 59 14 58 100 25 97 29
internal_value=0 0.00506882 -0.00156222 0.0395668 0.0156504 0.0472367 -0.000566854 -0.0164301 0.00879461 -0.0456687 -0.0736582 -0.00325166 0.00345924 -0.0988595 -0.12127 -0.00815013 -0.0510544 0.0224203 0.052481
internal_weight=0 160.706 149.834 39.7551 32.7543 25.9678 16.2673 110.079 59.0777 51.0013 32.5028 13.1284 18.4985 5.9797 19.3744 50.5661 21.0524 29.5137 12.5188
internal_count=1068 1019 983 188 170 131 95 795 368 427 288 82 139 73 206 332 135 197 66
is_linear=0
shrinkage=0.145878


Tree=6
num_leaves=27
num_cat=0
split_feature=47 43 43 3 49 27 46 46 15 50 47 43 50 14 43 39 48 46 47 6 48 7 43 7 7 47
split_gain=5.235 3.74411 5.80413 4.25521 6.72395 5.03343 3.13802 4.11863 2.59475 2.34675 2.56866 2.3801 4.09325 2.39638 4.10152 4.98182 2.07241 1.98338 1.95711 3.20825 1.59539 1.56472 1.44472 1.05414 1.03319 0.3239
threshold=5.5000000000000009 3.5000000000000004 13.500000000000002 3.5000000000000004 6.5000000000000009 2.5000000000000004 125.00000000000001 9.5000000000000018 10.500000000000002 2.5000000000000004 1.5000000000000002 8.5000000000000018 7.5000000000000009 1.0000000180025095e-35 1.5000000000000002 4.5000000000000009 6.5000000000000009 5.5000000000000009 10.500000000000002 1.0000000180025095e-35 4.5000000000000009 2.5000000000000004 10.500000000000002 4.5000000000000009 1.5000000000000002 8.5000000000000018
decision_type=2 2 2 2 2 2 2 2 2 2 2 2 2 2 2 2 2 2 2 2 2 2 2 2 2 2
left_child=9 -2 3 6 5 22 7 17 24 10 -1 13 -13 14 15 -11 21 -3 -4 20 -20 -16 -5 -12 -6 -9
right_child=1 2 18 4 8 -7 -8 25 -10 11 23 12 -14 -15 16 -17 -18 -19 19 -21 -22 -23 -24 -25 -26 -27
leaf_value=0.03311169363740462 0.056094665315359955 -0.13254996778218331 -0.048024768801173782 0.020588439406308841 -0.094463802336975128 -0.098971489777799779 0.0089792113744448874 -0.15564549682663237 0.0016459967239594326 -0.15626175943179155 -0.11224049517739854 -0.084376942765154603 0.077335381529630917 0.11089506951353027 0.14581762051023481 0.06842137398413646 -0.0020432466233875411 0.018418947764446903 0.14869865881683395 -0.055769937563598861 0.037426689382291864 0.051884946235050987 0.1201738898581057 -0.017973786197567926 -0.21660004853056714 -0.21343163027123954
leaf_weight=11.583157371729614 10.193986196070908 3.5414417739957633 5.5469142403453615 5.7281894432380849 2.3274273872375471 4.9078156203031531 3.6718726940453044 3.4187930766493064 2.3909280486404896 4.4282914772629756 5.3016982413828355 7.3344044201076013 6.0780409853905439 13.258802462369202 7.5986087918281573 3.9652558676898479 6.0108087696135035 3.8358102925121784 5.6149949543178064 4.1660085525363675 5.4420268759131432 7.6381268389523029 6.850470582023263 4.8881945610046387 4.3932492015883327 7.4519763048738241
leaf_count=46 51 31 44 54 28 47 19 48 18 41 30 51 33 40 27 18 40 37 24 45 44 32 31 26 69 94
internal_value=0 -0.0263531 -0.038509 -0.0661358 -0.0268355 0.0260568 -0.113725 -0.138473 -0.128378 0.0268244 -0.0137975 0.0425524 -0.0109983 0.0593221 0.0361745 -0.0500248 0.0702941 -0.0539853 0.0259674 0.0530271 0.094148 0.098891 0.074987 -0.0672181 -0.174738 -0.195569
internal_weight=0 79.4819 69.2879 48.518 26.5981 17.4865 21.9199 18.248 9.1116 78.0854 21.7731 56.3123 13.4124 42.8999 29.6411 8.39355 21.2475 7.37725 20.7699 15.223 11.057 15.2367 12.5787 10.1899 6.72068 10.8708
internal_count=1068 684 633 476 247 132 229 210 115 384 102 282 84 198 158 59 99 68 157 113 68 59 85 56 97 142
is_linear=0
shrinkage=0.145878


Tree=7
num_leaves=24
num_cat=0
split_feature=42 11 47 7 46 7 50 49 46 39 47 7 7 12 47 6 43 19 42 38 19 39 47
split_gain=4.11581 3.57096 3.53577 5.16612 4.91439 4.19347 6.19591 4.3027 5.64073 3.32331 3.2812 3.12267 4.59153 3.81842 3.06627 2.89632 3.33115 3.28158 7.51783 5.12138 1.9568 0.566492 0.0616554
threshold=65.000000000000014 1.5000000000000002 4.5000000000000009 26.500000000000004 45.000000000000007 1.0000000180025095e-35 5.5000000000000009 6.5000000000000009 12.500000000000002 10.500000000000002 1.5000000000000002 6.5000000000000009 1.0000000180025095e-35 1.0000000180025095e-35 8.5000000000000018 1.5000000000000002 4.5000000000000009 1.0000000180025095e-35 9.5000000000000018 7.5000000000000009 2.5000000000000004 1.5000000000000002 6.5000000000000009
decision_type=2 2 2 2 2 2 2 2 2 2 2 2 2 2 2 2 2 2 2 2 2 2 2
left_child=2 10 15 4 5 6 -4 9 -9 -7 -2 12 -12 22 -14 17 -17 18 21 -19 -21 -1 -13
right_child=1 -3 3 -5 -6 7 -8 8 -10 -11 11 13 14 -15 -16 16 -18 19 -20 20 -22 -23 -24
leaf_value=0.13745030617118792 -0.19214534791703569 0.095857467087524476 0.011199490521969559 -0.14667189655943319 0.094493468729349356 0.0045505051606451801 -0.22229829048790611 -0.13038973151606015 0.070930727435661353 0.11919444484679736 -0.10290186653898557 -0.23577761950480206 0.12372685540008704 -0.018630643527867242 -0.034640128111677111 0.020469472383377391 0.14354323412309405 -0.18299723808623017 -0.075927009699125664 -0.050163848089214265 0.082306112167298509 0.079093078463541661 -0.18867776207370426
leaf_weight=7.5896492004394549 3.6155433487147119 3.3794111255556336 4.9205867964774352 5.4074274133890858 10.13749525696039 17.797256526537243 4.7229880942031741 8.8389786928892118 4.4326868047937742 7.7162711396813384 6.5743921864777866 2.0908802915364486 5.7678764406591636 4.3765896707773209 4.7062861453741789 8.7814466767013091 10.084618620574473 3.8529301993548861 6.79754021950066 4.7134356126189214 4.7453960068523884 7.0574077554047108 2.2033812571316957
leaf_count=29 28 18 42 54 44 135 69 107 36 42 53 20 29 33 48 43 35 34 40 33 24 32 40
internal_value=0 -0.0457568 0.0127326 -0.0104099 0.00217813 -0.0171395 -0.103166 0.00424411 -0.0630524 0.0393128 -0.0621466 -0.0437403 -0.00738957 -0.114958 0.0524931 0.0403619 0.0863736 0.0153287 0.05066 -0.041489 0.0161842 0.109507 -0.212508
internal_weight=0 32.7144 117.596 63.9737 58.5663 48.4288 9.64357 38.7852 13.2717 25.5135 29.3349 25.7194 17.0486 8.67085 10.4742 53.6224 18.8661 34.7564 21.4446 13.3118 9.45883 14.6471 4.29426
internal_count=1068 269 799 529 475 431 111 320 143 177 251 223 130 93 77 270 78 192 101 91 57 61 60
is_linear=0
shrinkage=0.145878


end of trees

feature_importances:
result_3=21
self_popularity=18
mf_courseout=16
result_2=15
ninki_3=14
f_courseout=13
result_1=12
ninki_2=10
waku=8
mf_classout=7
ninki_1=7
umaban=7
mf_course3=6
f_course2=4
f_course1=3
mf_course1=3
f_len1=3
f_len3=3
mf_len1=3
mf_classout.1=3
mf_course2=2
f_classout=2
f_course3=1
f_mf_course1=1
f_mf_courseout=1
f_lenout=1
mf_len2=1

parameters:
[boosting: gbdt]
[objective: lambdarank]
[metric: ndcg]
[tree_learner: serial]
[device_type: cpu]
[data_sample_strategy: bagging]
[data: ]
[valid: ]
[num_iterations: 146]
[learning_rate: 0.145878]
[num_leaves: 61]
[num_threads: 16]
[seed: 0]
[deterministic: 0]
[force_col_wise: 1]
[force_row_wise: 0]
[histogram_pool_size: -1]
[max_depth: 7]
[min_data_in_leaf: 28]
[min_sum_hessian_in_leaf: 0.001]
[bagging_fraction: 1]
[pos_bagging_fraction: 1]
[neg_bagging_fraction: 1]
[bagging_freq: 0]
[bagging_seed: 7719]
[feature_fraction: 1]
[feature_fraction_bynode: 1]
[feature_fraction_seed: 2437]
[extra_trees: 0]
[extra_seed: 11797]
[early_stopping_round: 0]
[first_metric_only: 0]
[max_delta_step: 0]
[lambda_l1: 0.00852971]
[lambda_l2: 0.0123159]
[linear_lambda: 0]
[min_gain_to_split: 0]
[drop_rate: 0.1]
[max_drop: 50]
[skip_drop: 0.5]
[xgboost_dart_mode: 0]
[uniform_drop: 0]
[drop_seed: 21238]
[top_rate: 0.2]
[other_rate: 0.1]
[min_data_per_group: 100]
[max_cat_threshold: 32]
[cat_l2: 10]
[cat_smooth: 10]
[max_cat_to_onehot: 4]
[top_k: 20]
[monotone_constraints: ]
[monotone_constraints_method: basic]
[monotone_penalty: 0]
[feature_contri: ]
[forcedsplits_filename: ]
[refit_decay_rate: 0.9]
[cegb_tradeoff: 1]
[cegb_penalty_split: 0]
[cegb_penalty_feature_lazy: ]
[cegb_penalty_feature_coupled: ]
[path_smooth: 0]
[interaction_constraints: ]
[verbosity: -1]
[saved_feature_importance_type: 0]
[use_quantized_grad: 0]
[num_grad_quant_bins: 4]
[quant_train_renew_leaf: 0]
[stochastic_rounding: 1]
[linear_tree: 0]
[max_bin: 255]
[max_bin_by_feature: ]
[min_data_in_bin: 3]
[bin_construct_sample_cnt: 200000]
[data_random_seed: 38]
[is_enable_sparse: 1]
[enable_bundle: 1]
[use_missing: 1]
[zero_as_missing: 0]
[feature_pre_filter: 1]
[pre_partition: 0]
[two_round: 0]
[header: 0]
[label_column: ]
[weight_column: ]
[group_column: ]
[ignore_column: ]
[categorical_feature: ]
[forcedbins_filename: ]
[precise_float_parser: 0]
[parser_config_file: ]
[objective_seed: 8855]
[num_class: 1]
[is_unbalance: 0]
[scale_pos_weight: 1]
[sigmoid: 1]
[boost_from_average: 1]
[reg_sqrt: 0]
[alpha: 0.9]
[fair_c: 1]
[poisson_max_delta_step: 0.7]
[tweedie_variance_power: 1.5]
[lambdarank_truncation_level: 30]
[lambdarank_norm: 1]
[label_gain: ]
[lambdarank_position_bias_regularization: 0]
[eval_at: 1,3,5]
[multi_error_top_k: 1]
[auc_mu_weights: ]
[num_machines: 1]
[local_listen_port: 12400]
[time_out: 120]
[machine_list_filename: ]
[machines: ]
[gpu_platform_id: -1]
[gpu_device_id: -1]
[gpu_use_dp: 0]
[num_gpu: 1]

end of parameters

pandas_categorical:[]
