tree
version=v4
num_class=1
num_tree_per_iteration=1
label_index=0
max_feature_idx=50
objective=lambdarank
feature_names=f_course1 f_course2 f_course3 f_courseout mf_course1 mf_course2 mf_course3 mf_courseout f_mf_course1 f_mf_course2 f_mf_course3 f_mf_courseout f_len1 f_len2 f_len3 f_lenout mf_len1 mf_len2 mf_len3 mf_classout f_mf_len1 f_mf_len2 f_mf_len3 f_mf_classout f_class1 f_class2 f_class3 f_classout mf_class1 mf_class2 mf_class3 mf_classout.1 f_mf_class1 f_mf_class2 f_mf_class3 f_mf_classout.1 time_df_course1 time_df_class1 ninki_1 result_1 time_df_course2 time_df_class2 ninki_2 result_2 time_df_course3 time_df_class3 ninki_3 result_3 waku umaban self_popularity
feature_infos=[0:12] [0:8] [0:7] [0:57] [0:11] [0:12] [0:13] [0:69] [0:2] [0:3] [0:2] [0:7] [0:7] [0:5] [0:4] [0:40] [0:8] [0:11] [0:10] [0:48] [0:2] [0:3] [0:2] [0:6] [0:5] [0:4] [0:4] [0:21] [0:5] [0:8] [0:7] [0:33] none [0:2] none [0:5] none none [-1:170] [-1:140] none none [-1:180] [-1:140] [-1:0] [-1:0] [-1:180] [-1:160] [1:8] [1:14] [-1:14]
tree_sizes=2709 1867 2021 2320 2802 2973 1393 1975 3533 2252 3075 2173 2183 2707 3170 2637 2375 1998 3010 1854 3143 2880 3204 2849 2150 2696 2969 2454 3126 2599 1758

Tree=0
num_leaves=27
num_cat=0
split_feature=50 43 38 50 38 46 42 43 43 50 39 42 7 1 50 43 47 48 43 2 19 15 46 2 49 38
split_gain=52.5769 14.5768 6.04952 6.235 5.49842 4.9667 4.62425 3.30438 2.64291 3.49599 3.79492 2.61877 2.43046 2.0428 2.47723 1.58925 4.90017 1.77276 1.15309 1.11849 0.995359 0.659845 0.605563 0.0866567 0.0158305 0.00620789
threshold=8.5000000000000018 5.5000000000000009 9.5000000000000018 5.5000000000000009 75.000000000000014 85.000000000000014 7.5000000000000009 13.500000000000002 6.5000000000000009 3.5000000000000004 3.5000000000000004 115.00000000000001 35.500000000000007 1.0000000180025095e-35 9.5000000000000018 13.500000000000002 9.5000000000000018 3.5000000000000004 6.5000000000000009 1.0000000180025095e-35 1.5000000000000002 7.5000000000000009 6.5000000000000009 1.0000000180025095e-35 4.5000000000000009 4.5000000000000009
decision_type=2 2 2 2 2 2 2 2 2 2 2 2 2 2 2 2 2 2 2 2 2 2 2 2 2 2
left_child=2 13 7 11 6 23 -3 8 20 22 -11 12 18 14 -2 16 17 -5 -4 -7 25 -22 -10 -6 -14 -1
right_child=1 4 3 15 5 19 -8 -9 9 10 -12 -13 24 -15 -16 -17 -18 -19 -20 -21 21 -23 -24 -25 -26 -27
leaf_value=0 0.16766801856179869 0 0.15603779998787887 0.092435988770278199 0.022461226905307077 -0.24923911884530978 -0.25393304872985839 0.10981748101169986 -0.012386036655851553 0 -0.21549532498581847 0 0.013238869531681357 -0.051744293195458015 0 0.089595316869849978 -0.16636239044507597 0 0.050613934629672237 0 0 0.11243056485083619 0.068446209283391138 0 0 -0.0091771877608398961
leaf_weight=2.9948235191404811 5.0630648434162122 4.1974903009831896 46.790104243904352 8.003957882523542 5.8382994234561938 4.2179340850561839 32.285219537094235 7.6845133919268838 3.7577319685369757 6.2962748631834966 7.7012676578015089 3.9077872447669497 2.9869692996144286 4.0409852229058734 4.4605290740728378 6.7492842935025683 5.7470320574939242 15.498374678194521 21.594781989231706 3.95604282990098 4.41734381765127 4.6395612433552742 4.2213698402047157 4.3994130119681358 4.5945957023650408 2.4053814355283976
leaf_count=29 20 43 324 54 43 68 453 48 50 61 115 43 22 52 44 40 83 159 213 43 48 30 27 44 54 36
internal_value=0 -0.137019 0.058715 0.0811365 -0.180721 -0.0567497 -0.229526 0 -0.0238929 -0.0706324 -0.128194 0.110766 0.118755 0.00469926 0.0790019 0.00181121 -0.0024262 0.0181756 0.130013 -0.16732 0.0141093 0.063954 0 0 0 0
internal_weight=0 68.459 159.991 115.873 54.8944 18.4117 36.4827 44.1183 36.4338 21.9766 13.9975 79.8742 75.9665 13.5646 9.52359 35.9986 29.2494 23.5023 68.3849 8.17398 14.4571 9.05691 7.9791 10.2377 7.58157 5.4002
internal_count=2246 810 1436 992 694 198 496 444 396 253 176 656 613 116 64 336 296 213 537 111 143 78 77 87 76 65
is_linear=0
shrinkage=0.187109


Tree=1
num_leaves=17
num_cat=0
split_feature=1 39 39 47 7 39 27 3 38 47 47 42 27 38 49 12
split_gain=12.9623 11.8568 8.78213 15.0017 11.168 14.3926 11.0236 8.83113 11.3312 9.92756 8.78988 7.47743 6.50811 11.2881 9.2182 1.04289
threshold=4.5000000000000009 1.0000000180025095e-35 10.500000000000002 4.5000000000000009 4.5000000000000009 8.5000000000000018 3.5000000000000004 15.500000000000002 105.00000000000001 9.5000000000000018 12.500000000000002 95.000000000000014 1.0000000180025095e-35 5.5000000000000009 11.500000000000002 1.0000000180025095e-35
decision_type=2 2 2 2 2 2 2 2 2 2 2 2 2 2 2 2
left_child=1 15 3 4 5 -3 -6 8 10 -9 -4 -10 13 -5 -14 -1
right_child=-2 2 7 12 6 -7 -8 9 11 -11 -12 -13 14 -15 -16 -17
leaf_value=-0.26588554721179453 -0.24584979668067053 -0.11879920286072895 -0.19022365903038038 -0.10511875541093589 0.066045935687472815 0.07665030246087573 -0.086481676948282238 0.12327160245388577 0.13903482444765281 -0.11801785876009652 0 -0.093150343099732649 0.10673926480185132 0.048535675632718787 -0.055256318968550842 0
leaf_weight=5.7513256110250932 7.2163821142166844 58.602174492552876 31.058234052732587 19.341464860364795 62.915832128375769 13.721244266256688 20.422415798529983 18.315509694628421 10.50282840896398 7.082427278161048 11.231289795599876 6.950331454165279 100.4989996580407 88.123657511547208 9.7475551487877947 4.1794948596507311
leaf_count=49 44 203 236 161 205 42 82 60 41 51 76 53 430 403 78 32
internal_value=0 0.0038778 0.00930198 0.0225305 -0.0195618 -0.0749538 0.022776 -0.04297 -0.0849308 0.0367322 -0.139168 0.0191385 0.0548366 0.0162633 0.0879727 -0.194538
internal_weight=0 468.445 458.514 373.373 155.662 72.3234 83.3382 85.1406 59.7427 25.3979 42.2895 17.4532 217.712 107.465 110.247 9.93082
internal_count=2246 2202 2121 1604 532 245 287 517 406 111 312 94 1072 564 508 81
is_linear=0
shrinkage=0.187109


Tree=2
num_leaves=19
num_cat=0
split_feature=1 0 39 50 12 43 43 47 38 42 50 48 49 3 23 26 38 48
split_gain=4.52351 13.1381 7.25066 4.74469 6.67689 5.55397 13.648 7.83667 5.54518 9.03072 4.8796 4.55971 6.03839 4.51627 4.7443 4.10623 3.9939 4.59411
threshold=2.5000000000000004 2.5000000000000004 8.5000000000000018 4.5000000000000009 2.5000000000000004 1.5000000000000002 3.5000000000000004 6.5000000000000009 35.000000000000007 45.000000000000007 11.500000000000002 6.5000000000000009 3.5000000000000004 1.0000000180025095e-35 1.0000000180025095e-35 1.0000000180025095e-35 65.000000000000014 5.5000000000000009
decision_type=2 2 2 2 2 2 2 2 2 2 2 2 2 2 2 2 2 2
left_child=3 2 -2 4 13 -5 7 -7 9 -8 -10 12 -3 16 15 -15 17 -1
right_child=1 11 -4 5 -6 6 8 -9 10 -11 -12 -13 -14 14 -16 -17 -18 -19
leaf_value=-0.10091785839445915 0.18376938876276838 0 0 -0.12947847414550853 0.10201019162082763 0 -0.010023300502440225 0.2378523215761382 0.054363326054197983 -0.24163011987853908 -0.066173073118353756 0.025014214293768763 -0.2382550506935486 -0.10470725090046767 0.0072771550870499484 0 0.12145212329994676 0.025205821851483907
leaf_weight=16.274586848914623 23.764123524539176 7.0031356271356362 7.7559706754982463 8.7975755427032691 9.5234026871621591 10.780385423451664 86.564793445635587 14.18449581414461 74.202721784822643 6.7747022309340528 10.520924177020786 8.1732958042994124 7.0301819536834955 70.106207042001188 13.227433877065776 16.354406597092748 8.1309239342808706 16.531133266165853
leaf_count=85 77 35 46 53 28 49 670 30 358 72 97 53 65 319 47 75 21 66
internal_value=0 0.0505711 0.132281 -0.00752695 -0.0336726 0.00873773 0.0172127 0.14629 0 -0.032425 0.0335946 -0.0439339 -0.117932 -0.0464107 -0.0679722 -0.0850567 0 -0.0229068
internal_weight=0 53.7267 31.5201 361.974 150.148 211.826 203.028 24.9649 178.063 93.3395 84.7236 22.2066 14.0333 140.625 99.688 86.4606 40.9366 32.8057
internal_count=2246 276 123 1970 641 1329 1276 79 1197 742 455 153 100 613 441 394 172 151
is_linear=0
shrinkage=0.187109


Tree=3
num_leaves=22
num_cat=0
split_feature=48 43 47 42 38 43 26 42 38 49 3 3 30 39 3 47 46 27 50 47 13
split_gain=6.57109 7.39212 11.1505 7.45996 9.45716 14.3279 6.4575 5.36631 4.09852 4.59999 4.18329 3.68014 5.09345 2.87785 3.96407 2.18202 3.57478 3.27196 1.96684 1.18057 0.607345
threshold=7.5000000000000009 13.500000000000002 3.5000000000000004 125.00000000000001 75.000000000000014 3.5000000000000004 1.0000000180025095e-35 105.00000000000001 85.000000000000014 10.500000000000002 2.5000000000000004 15.500000000000002 1.0000000180025095e-35 9.5000000000000018 5.5000000000000009 10.500000000000002 25.000000000000004 1.0000000180025095e-35 7.5000000000000009 8.5000000000000018 1.5000000000000002
decision_type=2 2 2 2 2 2 2 2 2 2 2 2 2 2 2 2 2 2 2 2 2
left_child=1 2 8 4 5 -4 15 -6 9 10 -1 12 13 14 19 17 -17 -3 -5 -2 -13
right_child=11 6 3 18 7 -7 -8 -9 -10 -11 -12 20 -14 -15 -16 16 -18 -19 -20 -21 -22
leaf_value=0.097721030809483009 0.063095035592210247 -0.12190609559559257 0.048555027101200895 0 0.082973702917329972 -0.078065122182709251 0.17945426800498857 -0.056028680555391827 -0.031581329259641203 0.21325867370490384 0 0.058314830261035455 -0.25465490007810271 -0.15934187276736664 -0.12401231986512583 0.13758992467003817 0 0.023409363355322517 -0.24855483641663687 0 0
leaf_weight=28.681219208985567 13.866497498005634 7.4166929107159403 39.541705667972565 4.4934126660227758 43.136363352648914 104.56340941973031 15.659331580623983 8.0959959961473924 8.2842426635324937 9.2982600117102248 33.142053224146366 6.077524630352853 6.6661015218123785 6.2082225624471894 7.9016283228993407 10.679935025051238 7.4285987149924031 8.8639657590538246 6.640571303665638 6.910464694723486 6.9816512707620859
leaf_count=126 68 68 142 27 167 768 48 49 47 27 214 24 55 73 49 50 51 47 63 46 37
internal_value=0 0.00979475 -0.000166688 -0.0247451 -0.0134732 -0.0399534 0.0761233 0.0514867 0.0575806 0.0747997 0.0456331 -0.0600874 -0.0884764 -0.04182 0 0.0144117 0.06629 -0.0140013 -0.176477 0.0263686 0
internal_weight=0 335.926 285.877 206.471 195.337 144.105 50.0485 51.2324 79.4058 71.1215 61.8233 54.6121 41.5529 34.8868 28.6786 34.3892 18.1085 16.2807 11.134 20.777 13.0592
internal_count=2246 1894 1630 1216 1126 910 264 216 414 367 340 352 291 236 163 216 101 115 90 114 61
is_linear=0
shrinkage=0.187109


Tree=4
num_leaves=27
num_cat=0
split_feature=42 7 38 7 5 49 49 48 49 49 43 3 42 47 49 3 46 48 43 27 38 47 16 42 46 27
split_gain=4.81907 9.59592 4.86499 4.32209 6.68108 7.09477 6.28623 6.09889 8.0061 5.441 4.63754 3.64212 3.35632 4.73943 2.83575 2.5817 2.36093 2.09559 1.64816 4.2762 1.50704 2.73479 1.39178 1.13047 0.834579 0.675037
threshold=14.500000000000002 45.000000000000007 12.500000000000002 20.500000000000004 1.0000000180025095e-35 10.500000000000002 4.5000000000000009 3.5000000000000004 7.5000000000000009 11.500000000000002 5.5000000000000009 6.5000000000000009 45.000000000000007 6.5000000000000009 5.5000000000000009 1.0000000180025095e-35 16.500000000000004 5.5000000000000009 13.500000000000002 2.5000000000000004 55.000000000000007 6.5000000000000009 3.5000000000000004 75.000000000000014 55.000000000000007 3.5000000000000004
decision_type=2 2 2 2 2 2 2 2 2 2 2 2 2 2 2 2 2 2 2 2 2 2 2 2 2 2
left_child=1 2 16 4 9 6 24 22 -9 12 -8 15 17 -14 -13 -4 18 -2 19 -1 -10 -22 -5 -11 -6 -20
right_child=3 -3 11 7 5 -7 10 8 20 23 -12 14 13 -15 -16 -17 -18 -19 25 -21 21 -23 -24 -25 -26 -27
leaf_value=-0.044941935161881268 0.059980523634503728 0.13502419291846932 0 0 0.057197573460658048 -0.036677704644478837 0.0031502153113074972 -0.21513078298697044 0.031396686105364266 0.13028186105969025 0.20666442383532913 0.16104920997326647 -0.1280780926764313 0 0 -0.12445741426254525 0.0080412829903846305 -0.013663520764337063 -0.043974419910648613 -0.16244766511145181 0 -0.18483769126184982 0.10119539896404249 0 -0.01420804276183733 0.02875571857369523
leaf_weight=70.584515606053174 24.452293338254094 10.567999696359037 7.9074979629367608 6.725006725639104 8.1567278355360049 8.6862251926213485 10.754064880311487 10.500727800652387 11.166529789566995 12.381699139252307 24.083569520618767 8.2181029468774778 17.064375713467598 38.856973535381258 7.2141247466206542 6.6094261948019266 4.0641206391155711 12.919765902683137 8.8412243193015474 20.709697363898158 3.7998460028320542 3.844311123713851 8.1751511543989164 7.3312149001285425 9.534935047850011 7.3197923600673667
leaf_count=552 103 47 50 45 35 60 43 75 58 46 74 30 114 232 53 65 16 64 70 198 26 36 29 50 53 22
internal_value=0 -0.0255626 -0.0411244 0.0177986 0.0324379 0.0824463 0.111375 -0.0288973 -0.0851517 0.000990874 0.157981 0.0136486 -0.0135043 -0.0456441 0.0871043 -0.0316379 -0.060161 0.0216994 -0.0672416 -0.0771435 0 -0.0729227 0.0493975 0.0934161 0 0
internal_weight=0 152.037 141.469 218.433 174.222 61.2155 52.5293 44.2116 29.3114 113.006 34.8376 29.9492 93.2934 55.9213 15.4322 14.5169 111.519 37.3721 107.455 91.2942 18.8107 7.64416 14.9002 19.7129 17.6917 16.161
internal_count=2246 1103 1056 1143 874 265 205 269 195 609 117 198 513 346 83 115 858 167 842 750 120 62 74 96 88 92
is_linear=0
shrinkage=0.187109


Tree=5
num_leaves=29
num_cat=0
split_feature=43 43 2 2 47 42 50 12 47 47 46 3 42 50 50 50 39 47 7 47 19 3 38 42 49 39 6 50
split_gain=5.76999 6.67379 12.1024 7.22308 6.77495 6.69794 6.62758 4.90979 4.12067 4.64197 9.03636 10.0408 6.56524 5.98647 6.15135 5.26053 4.47735 3.245 2.97798 1.96165 1.95251 1.2795 1.04399 3.24311 0.685234 0.641997 0.47878 0.327626
threshold=8.5000000000000018 13.500000000000002 3.5000000000000004 2.5000000000000004 13.500000000000002 7.5000000000000009 8.5000000000000018 1.0000000180025095e-35 11.500000000000002 6.5000000000000009 65.000000000000014 1.5000000000000002 10.500000000000002 9.5000000000000018 3.5000000000000004 1.5000000000000002 2.5000000000000004 11.500000000000002 1.0000000180025095e-35 2.5000000000000004 2.5000000000000004 1.0000000180025095e-35 95.000000000000014 105.00000000000001 6.5000000000000009 6.5000000000000009 1.0000000180025095e-35 7.5000000000000009
decision_type=2 2 2 2 2 2 2 2 2 2 2 2 2 2 2 2 2 2 2 2 2 2 2 2 2 2 2 2
left_child=8 2 4 7 5 27 -7 17 9 10 12 -12 15 14 24 -1 -14 19 -10 -3 -19 -6 23 -15 -11 -16 -9 -2
right_child=1 3 -4 -5 21 6 -8 26 18 13 11 -13 16 22 25 -17 -18 20 -20 -21 -22 -23 -24 -25 -26 -27 -28 -29
leaf_value=0.096358969238748218 -0.01185331600890337 0 0.11133344651143728 -0.15297956750890665 0.091283068980539117 -0.072091558945161144 -0.24231412386671244 0.15691217340610228 0 0.012013556913759153 0 -0.23383891259456052 0 -0.19535889550163257 0.15593309381215181 -0.056387360820291887 0.095647362662431026 0 -0.1414373133426477 -0.14782861504431768 0.10634598688701771 0 0 0 -0.059706902661204271 0.042358865017944621 0.009291086340950612 0.047121755835349492
leaf_weight=8.2638128958642465 8.2800401858985406 3.2670050263404864 9.9654915798455459 6.3094791490584603 5.2851161956787092 35.633286133408546 19.489269787445664 12.136797847226264 5.437548477202653 6.4126261193305236 7.7618590537458685 10.590652061626313 14.111525043845175 4.0430409526452404 29.684826111420989 38.146889110095799 49.120012972503901 7.4627544488757875 8.3823249563574773 6.6238415441475809 8.8491531126201135 6.5467786835506558 3.5343634728342295 2.8880282640457153 6.2875799536705017 17.031778414733708 9.5486325714737159 4.4554661363363257
leaf_count=32 82 21 47 35 25 274 287 39 32 32 34 78 76 59 97 256 207 44 84 83 34 57 23 14 38 85 46 25
internal_value=0 -0.0288956 -0.0614946 0.0161629 -0.089358 -0.113356 -0.141596 0.048984 0.0196429 0.0283415 0.0030572 -0.113137 0.0270586 0.067627 0.0933312 -0.018551 0.0681192 0 -0.0691548 -0.0890953 0.0452132 0.00765335 -0.0320029 -0.0817125 0 0.12515 0.114623 0
internal_weight=0 143.853 89.6554 54.1977 79.69 67.8581 55.1226 47.8882 211.697 197.877 127.995 18.3525 109.642 69.8822 59.4168 46.4107 63.2315 26.2028 13.8199 9.89085 16.3119 11.8319 10.4654 6.93107 12.7002 46.7166 21.6854 12.7355
internal_count=2246 1099 797 302 750 668 561 267 1147 1031 683 112 571 348 252 288 283 182 116 104 78 82 96 73 70 182 85 107
is_linear=0
shrinkage=0.187109


Tree=6
num_leaves=13
num_cat=0
split_feature=2 49 3 39 38 50 31 43 43 27 42 38
split_gain=3.38581 4.16889 3.20433 4.14355 3.3626 4.09558 2.13558 2.06655 4.87037 3.28847 1.31938 1.53577
threshold=3.5000000000000004 9.5000000000000018 25.500000000000004 6.5000000000000009 135.00000000000003 12.500000000000002 3.5000000000000004 13.500000000000002 9.5000000000000018 3.5000000000000004 7.5000000000000009 105.00000000000001
decision_type=2 2 2 2 2 2 2 2 2 2 2 2
left_child=2 6 4 -4 5 7 -2 8 -1 -9 -7 -12
right_child=1 -3 3 -5 -6 10 -8 9 -10 -11 11 -13
leaf_value=0.002057513516514503 0.1415108533430072 -0.029076012456404277 0 -0.21815123910884804 0.10484294114248571 0 0 0 -0.063723202343685656 0.11553295467978064 -0.20483493530675201 0
leaf_weight=193.18342877551913 16.002578801475472 5.7033716831356278 4.1086237765848619 5.4438344072550535 9.6191451083868724 2.0130901299417001 7.9052998460829249 31.609640917740762 45.980154587887228 12.542400989681481 5.8683137409389019 1.7528791874647138
leaf_count=1088 69 45 24 56 46 16 50 196 482 35 118 21
internal_value=0 0.0602748 -0.00574893 -0.112147 -0.00072984 -0.0059064 0.101722 -7.15655e-05 -0.00860636 0.0351038 -0.125138 -0.160086
internal_weight=0 29.6113 312.122 9.55246 302.569 292.95 23.9079 283.316 239.164 44.152 9.63428 7.62119
internal_count=2246 164 2082 80 2002 1956 119 1801 1570 231 155 139
is_linear=0
shrinkage=0.187109


Tree=7
num_leaves=19
num_cat=0
split_feature=7 46 42 42 30 39 48 6 47 38 50 27 43 39 17 47 0 15
split_gain=2.48693 3.40417 4.66815 3.47392 2.77153 2.6256 2.6706 2.50178 5.07603 2.55422 4.93585 3.71308 2.46221 2.76681 0.559093 0.0264647 0.0213981 0.0126286
threshold=45.000000000000007 5.5000000000000009 14.500000000000002 115.00000000000001 1.5000000000000002 3.5000000000000004 7.5000000000000009 2.5000000000000004 9.5000000000000018 25.000000000000004 8.5000000000000018 1.0000000180025095e-35 15.500000000000002 5.5000000000000009 1.5000000000000002 7.5000000000000009 3.5000000000000004 2.5000000000000004
decision_type=2 2 2 2 2 2 2 2 2 2 2 2 2 2 2 2 2 2
left_child=1 2 5 7 16 -1 15 9 14 11 -11 -3 13 17 -9 -7 -2 -5
right_child=4 3 -4 12 -6 6 -8 8 -10 10 -12 -13 -14 -15 -16 -17 -18 -19
leaf_value=0 -0.010786765226468648 -0.034929438951167555 0.014997364237190872 -0.0098316501286103159 0.12466585177238537 -0.19518938706968064 0 0.018567370925355223 -0.20466361382016232 0.0078301838341360078 0.10925492036984884 0.033723541492833915 0 -0.16778291124519723 -0.036684889775534447 0 0 0
leaf_weight=9.7071405006572622 6.2633127328008431 55.432462172582746 11.821134597063063 4.3987796884030157 11.29035581089556 12.196736464276915 3.7813947293907395 17.552519241347913 4.9283503592014304 74.815940048545599 27.79622601158917 54.472792501561344 4.9153000488877288 9.7984510036185366 9.8281048927456123 5.0374608170241109 4.8854084461927414 4.1151110157370567
leaf_count=75 50 461 58 37 52 121 32 97 70 358 148 356 32 120 82 51 22 24
internal_value=0 -0.00435936 -0.0539367 0.0017368 0.0599078 -0.096043 -0.13337 0.0100467 -0.0333185 0.0189347 0.0401479 0 -0.0646124 -0.0997367 0 -0.164383 0 0
internal_weight=0 310.598 42.5439 268.054 22.4391 30.7227 21.0156 244.826 32.309 212.517 102.612 109.905 23.2276 18.3123 27.3806 17.2342 11.1487 8.51389
internal_count=2246 2122 337 1785 124 279 204 1572 249 1323 506 817 213 181 179 172 72 61
is_linear=0
shrinkage=0.187109


Tree=8
num_leaves=36
num_cat=0
split_feature=19 46 48 27 43 47 6 49 39 1 39 39 39 14 18 39 50 28 2 50 6 46 3 15 50 38 43 48 43 39 42 50 3 39 25
split_gain=2.38569 4.37237 4.85543 3.4808 3.37191 3.19735 2.6468 3.69674 2.77443 1.72282 2.15044 2.20406 1.59558 2.25107 1.38323 3.48448 2.22353 3.19626 2.07977 2.7085 1.85655 1.66513 1.52368 2.06415 1.2732 1.06977 1.12504 1.05185 0.855114 1.03473 0.839326 0.562408 0.194756 0.131382 0.0925048
threshold=1.5000000000000002 16.500000000000004 2.5000000000000004 1.5000000000000002 13.500000000000002 9.5000000000000018 1.0000000180025095e-35 9.5000000000000018 2.5000000000000004 2.5000000000000004 8.5000000000000018 3.5000000000000004 7.5000000000000009 1.0000000180025095e-35 1.5000000000000002 8.5000000000000018 10.500000000000002 1.0000000180025095e-35 1.5000000000000002 4.5000000000000009 2.5000000000000004 8.5000000000000018 17.500000000000004 1.0000000180025095e-35 6.5000000000000009 85.000000000000014 5.5000000000000009 6.5000000000000009 2.5000000000000004 7.5000000000000009 25.000000000000004 7.5000000000000009 3.5000000000000004 9.5000000000000018 1.0000000180025095e-35
decision_type=2 2 2 2 2 2 2 2 2 2 2 2 2 2 2 2 2 2 2 2 2 2 2 2 2 2 2 2 2 2 2 2 2 2 2
left_child=1 4 3 -3 12 25 7 8 -2 10 11 -9 34 33 15 18 17 20 19 -8 -16 -20 23 -17 -7 26 -4 -18 -10 -30 -19 -6 -26 -14 -1
right_child=6 2 5 -5 31 24 14 9 28 -11 -12 -13 13 -15 16 22 27 30 21 -21 -22 -23 -24 -25 32 -27 -28 -29 29 -31 -32 -33 -34 -35 -36
leaf_value=-0.13807408392394979 0 -0.20872967757296196 0.11437093498954264 0 0.059719646759328324 0 -0.0084438952510729349 0 0 0.038255728587518543 0 -0.20469039385278273 0.024330676145119533 -0.10991255380214071 0.04378580164553128 0 -0.13969513145518533 0.10600149237878939 0 0.074830788526754261 -0.049078734388068278 -0.10594497061815623 0 -0.19474430806071469 0 0 0 0 0.13311919712039044 0.022648534383201416 0 0 -0.12745232884445573 0 0
leaf_weight=19.284414820373062 9.8950383774936181 5.0176799762994033 19.285231448709968 4.4813049081712961 5.3456910178065282 8.0980190597474557 15.699909340590237 3.2809740956872719 5.7412199415266505 3.8883982468396416 5.4063301663845769 4.847715949639678 7.5947514818981352 7.1709752804599693 10.395033993292602 3.6045939177274722 3.4257698971778145 17.704937338829041 3.8356307670474044 21.203503355383873 18.395940098911524 9.1873428560793382 7.761117296293377 7.2290715174749494 4.0352927632629862 8.2068449323996884 9.4445990025997144 1.7264205482788382 22.537583079189062 18.295332043431699 14.581007259897886 4.8557505086064339 3.1389891970902681 8.8669792227447015 3.3455779291689387
leaf_count=206 56 41 71 25 27 42 85 27 26 16 44 45 51 74 47 33 66 86 30 119 134 71 56 96 45 48 69 20 90 123 83 41 30 92 31
internal_value=0 -0.0212238 0.0064965 -0.103873 -0.0599813 0.0360873 0.0120286 0.0407301 0.0662566 -0.014364 -0.0650416 -0.126693 -0.0832479 -0.0204306 -0.000159432 -0.0219865 0.0151404 0.0311989 0 0.0264909 0 -0.0595428 -0.0909313 -0.137634 -0.0125749 0.0692001 0.0862785 -0.0792355 0.086005 0.0957208 0.0726906 0 -0.0799837 0 -0.126987
internal_weight=0 118.172 61.708 9.49898 56.4641 52.209 208.643 73.8926 56.4692 17.4234 13.535 8.12869 46.2627 23.6327 134.75 68.5212 66.2291 61.0769 49.9264 36.9034 28.791 13.023 18.5948 10.8337 15.2723 36.9367 28.7298 5.15219 46.5741 40.8329 32.2859 10.2014 7.17428 16.4617 22.63
internal_count=2246 893 371 66 522 305 1353 427 295 132 116 72 454 217 926 490 436 350 305 204 181 101 185 129 117 188 140 86 239 213 169 68 75 143 237
is_linear=0
shrinkage=0.187109


Tree=9
num_leaves=22
num_cat=0
split_feature=39 13 50 2 49 19 46 49 19 48 49 4 27 46 6 4 0 47 46 3 39
split_gain=1.69086 1.77815 6.74031 4.97379 4.04487 3.10987 4.39235 4.89726 3.68864 4.03326 5.3863 3.7414 2.33345 2.00919 1.85556 2.52132 1.45283 3.77807 0.637553 0.483048 0.12378
threshold=1.0000000180025095e-35 1.0000000180025095e-35 10.500000000000002 3.5000000000000004 9.5000000000000018 14.500000000000002 65.000000000000014 9.5000000000000018 6.5000000000000009 4.5000000000000009 7.5000000000000009 1.5000000000000002 11.500000000000002 75.000000000000014 2.5000000000000004 1.5000000000000002 2.5000000000000004 4.5000000000000009 5.5000000000000009 5.5000000000000009 3.5000000000000004
decision_type=2 2 2 2 2 2 2 2 2 2 2 2 2 2 2 2 2 2 2 2 2
left_child=18 5 4 -4 12 8 7 -7 9 11 -11 -2 13 -3 15 -10 19 -18 -1 -6 -16
right_child=1 2 3 -5 16 6 -8 -9 14 10 -12 -13 -14 -15 20 -17 17 -19 -20 -21 -22
leaf_value=0 -0.080367121810193037 0.08521374251057523 -0.21395142706335576 0 0.054880152630589325 -0.17974682841075013 0.0089588561976989244 0 0.10647362486305199 0.076731552003832248 -0.01976332657891372 0.055472318049948684 0 0 0.005393306708367275 0 0 -0.17940944769042577 -0.13683869798830131 0 -0.02401973607250471
leaf_weight=2.1474120281636706 42.772546655498445 61.866092598997056 6.4585288390517217 3.3856227733194828 5.4398302882909801 13.544146221131092 6.7493012193590394 6.0816312069073311 22.831316481344405 28.516388296149671 58.947352751158178 4.0192183991894117 5.8025803640484801 12.250355804339049 4.2563274223357421 5.8532572211697689 4.3979215919971448 5.6174287796020508 4.1151694701984525 10.098666457459329 7.1125170681625605
leaf_count=17 360 320 123 26 30 111 56 41 96 147 454 17 34 73 23 43 21 54 65 77 58
internal_value=0 0.00193291 0.0215684 -0.1137 0.0389376 -0.00695192 -0.0668311 -0.117161 0 -0.0126632 0.00627118 -0.0582414 0.0610449 0.0715345 0.0517133 0.0773223 -0.0113557 -0.0729165 -0.0949302 0 0
internal_weight=0 316.001 115.317 9.84415 105.473 200.684 26.3751 19.6258 174.309 134.256 87.4637 46.7918 79.919 74.1164 40.0534 28.6846 25.5538 10.0154 6.26258 15.5385 11.3688
internal_count=2246 2164 758 149 609 1406 208 152 1198 978 601 377 427 393 220 139 182 75 82 107 81
is_linear=0
shrinkage=0.187109


Tree=10
num_leaves=31
num_cat=0
split_feature=42 5 50 24 15 16 3 3 16 19 5 50 46 50 5 38 42 47 43 19 50 49 6 42 19 48 43 42 42 46
split_gain=1.47546 2.51094 3.17384 2.54376 2.94567 2.08475 4.8527 3.31762 2.83459 2.07949 2.0538 2.03276 2.27854 1.71636 1.65682 1.54346 1.52543 1.42658 0.920081 2.96364 0.779194 1.25839 0.758475 0.672261 0.493137 0.472101 0.382275 0.333831 0.210453 0.220188
threshold=14.500000000000002 2.5000000000000004 1.5000000000000002 1.0000000180025095e-35 7.5000000000000009 1.0000000180025095e-35 1.0000000180025095e-35 18.500000000000004 5.5000000000000009 3.5000000000000004 1.0000000180025095e-35 3.5000000000000004 25.000000000000004 3.5000000000000004 1.0000000180025095e-35 10.500000000000002 85.000000000000014 5.5000000000000009 3.5000000000000004 1.5000000000000002 2.5000000000000004 10.500000000000002 1.0000000180025095e-35 25.000000000000004 1.0000000180025095e-35 5.5000000000000009 13.500000000000002 75.000000000000014 6.5000000000000009 10.500000000000002
decision_type=2 2 2 2 2 2 2 2 2 2 2 2 2 2 2 2 2 2 2 2 2 2 2 2 2 2 2 2 2 2
left_child=1 2 9 4 15 11 17 8 13 -1 -6 18 22 -8 16 -4 -14 -7 24 -20 -3 28 -13 -9 -2 -25 -5 -16 -22 -30
right_child=5 20 3 26 10 6 7 23 -10 -11 -12 12 14 -15 27 -17 -18 -19 19 -21 21 -23 -24 25 -26 -27 -28 -29 29 -31
leaf_value=0 0.054502972636136959 0 -0.073059689077795947 -0.17016531293759504 0.077477180567309401 0 0 0.067914571807068724 0 0.11706662004179588 -0.023567178952912958 0.11515028444534303 -0.041466637166618567 -0.13722145993693655 0.092241371445869497 0 0.025118265295610356 0.12459074884694586 -0.13465269736176413 0 0 0 0 -0.04680128274581967 0 0 0 0 0.093651848016966965 0
leaf_weight=7.8514627162367088 6.1068406552076357 5.6287302467972067 37.845137476921082 8.3240147489123029 12.818098156712951 6.4114019982516748 7.9516849275678423 4.9275484140962389 4.7929028198122969 6.1897724345326424 4.9910141462460151 18.931446563452486 21.83474263548851 19.858446025289595 9.1522153941914457 18.579238516278565 24.486159546300769 7.9773905090987682 7.25797633267939 8.4239798784255964 4.0465344386175337 3.9670191239565602 8.6863279435783607 7.3707025516778213 7.8342683166265488 6.2669623587280512 2.7205550707876673 7.7954295519739381 11.575564457103612 4.9363114787265649
leaf_count=48 20 41 403 111 75 35 55 23 27 22 38 84 133 179 31 166 182 34 57 50 33 41 45 52 44 37 19 55 64 42
internal_value=0 -0.0153266 -0.0319734 -0.0481847 -0.0271227 0.0106693 -0.0113473 -0.0445168 -0.0815334 0.0318555 0.0223216 0.0266517 0.0414813 -0.106453 0.0123454 -0.0512919 0 0.072526 -0.00259782 -0.0442267 0.02343 0.0421719 0.090333 0 0.00994638 0 -0.144021 0.0628673 0.065143 0.0755923
internal_weight=0 129.473 99.3193 85.2781 74.2335 186.066 65.557 51.1682 32.603 14.0412 17.8091 120.509 90.8863 27.8101 63.2685 56.4244 46.3209 14.3888 29.6231 15.682 30.1542 24.5254 27.6178 18.5652 13.9411 13.6377 11.0446 16.9476 20.5584 16.5119
internal_count=2246 1103 882 812 682 1143 442 373 261 70 113 701 530 234 401 569 315 69 171 107 221 180 129 112 64 89 130 86 139 106
is_linear=0
shrinkage=0.187109


Tree=11
num_leaves=21
num_cat=0
split_feature=39 48 48 46 42 39 39 39 38 38 48 42 42 43 46 43 42 39 47 7
split_gain=1.54587 1.19441 2.131 2.80544 2.35638 1.6808 1.68878 4.88004 2.43162 1.52346 2.21988 2.54784 2.17951 2.06192 1.76405 1.63772 1.20225 0.599138 0.498758 0.345632
threshold=1.0000000180025095e-35 7.5000000000000009 6.5000000000000009 85.000000000000014 11.500000000000002 9.5000000000000018 6.5000000000000009 4.5000000000000009 55.000000000000007 7.5000000000000009 5.5000000000000009 14.500000000000002 7.5000000000000009 7.5000000000000009 6.5000000000000009 7.5000000000000009 85.000000000000014 12.500000000000002 7.5000000000000009 24.500000000000004
decision_type=2 2 2 2 2 2 2 2 2 2 2 2 2 2 2 2 2 2 2 2
left_child=-1 2 9 4 19 6 7 8 -3 10 11 -2 15 -12 -14 -11 -6 -7 -8 -4
right_child=1 5 3 -5 16 17 18 -9 -10 12 13 -13 14 -15 -16 -17 -18 -19 -20 -21
leaf_value=-0.093015982145999598 -0.037002944775883409 -0.034059870810053697 -0.024318859699063486 -0.043699979701748201 0.10521419556386048 -0.159839134570368 0.07864048403003962 -0.19607886843842676 0.12350457574847074 0 0 0.082422677745467507 -0.067506299551520779 -0.19713311189613289 0.00671125006073127 0.11935271741485511 0 0 0 0.038569047661993046
leaf_weight=5.955438910983502 26.808250661939383 10.36869064345956 9.0945854689925891 5.1142314570024601 27.301200467161834 3.9683755310252291 7.0657569132745248 5.0958478432148686 4.604023188352584 5.9585111532360306 3.1771651227027169 7.5164943486452094 12.006504207849501 4.799962799064815 138.50129787623882 9.901378717273472 5.4208072312176219 4.1736018108204007 6.0637972671538591 4.2738999649882308
leaf_count=82 261 89 91 50 135 62 34 50 18 43 24 28 92 59 930 53 37 47 43 18
internal_value=0 0.00189206 0.00805042 0.0421909 0.0623011 -0.0250454 0 -0.0396373 0 0 -0.0319778 0 0.00771012 -0.121907 0 0.0733213 0.0892549 -0.101026 0.0453136 0
internal_weight=0 301.214 259.874 51.2047 46.0905 41.3401 33.1981 20.0686 14.9727 208.67 42.3019 34.3247 166.368 7.97713 150.508 15.8599 32.722 8.14198 13.1296 13.3685
internal_count=2246 2164 1821 331 281 343 234 157 107 1490 372 289 1118 83 1022 96 172 109 77 109
is_linear=0
shrinkage=0.187109


Tree=12
num_leaves=21
num_cat=0
split_feature=7 49 2 47 4 43 3 43 47 43 4 7 50 43 47 42 19 0 49 31
split_gain=0.955998 2.42264 1.6559 4.22793 2.37778 3.75587 3.08567 1.81671 2.23933 1.68702 1.50136 2.33625 1.75287 7.67368 3.33765 0.934523 0.847199 0.767245 0.729121 0.549633
threshold=45.000000000000007 4.5000000000000009 1.5000000000000002 11.500000000000002 1.5000000000000002 2.5000000000000004 7.5000000000000009 1.5000000000000002 3.5000000000000004 7.5000000000000009 1.5000000000000002 15.500000000000002 6.5000000000000009 5.5000000000000009 4.5000000000000009 12.500000000000002 35.500000000000007 1.5000000000000002 5.5000000000000009 11.500000000000002
decision_type=2 2 2 2 2 2 2 2 2 2 2 2 2 2 2 2 2 2 2 2
left_child=2 -2 7 4 6 -6 -4 8 -1 -8 12 18 14 -14 -9 -13 -3 -7 -12 -18
right_child=1 16 3 -5 5 17 9 10 -10 -11 11 15 13 -15 -16 -17 19 -19 -20 -21
leaf_value=0 0.1086917636250771 0.029444854595785608 -0.098969830164425177 -0.15078844850352183 0 0 0 -0.017920392640338983 -0.15377349413967917 0.07598901946447395 0 -0.061487180118800847 0.069181079099605886 -0.061516911586960703 0.049136501767665333 0.027388425520951547 0 -0.17131668619174392 0.13403943155977679 -0.11056285218398507
leaf_weight=5.9175000917166454 9.6378460749983805 5.1134284287691099 5.4178521316498509 8.8504536128602904 5.2293341793119934 4.1167162023484689 19.683431890793145 33.499952184036374 5.1361940242350101 20.210994099266827 5.8364867493510237 5.5972739318385747 19.66440556012094 52.979761850088835 57.790008545853198 14.347447088919578 2.9835780560970306 7.8917659688740969 9.7794020324945432 3.4502419792115688
leaf_count=43 37 23 55 111 29 37 126 228 37 123 41 70 91 553 338 106 21 90 44 43
internal_value=0 0.0381656 -0.00288961 -0.0284091 -0.00301231 -0.0671025 0.0109045 0.00348647 -0.0648309 0.0382597 0.00974685 0.04474 0 -0.0194167 0.0192559 0 0 -0.131255 0.0985368 -0.0615962
internal_weight=0 21.1851 281.949 71.4005 62.5501 17.2378 45.3123 210.548 11.0537 39.8944 199.495 35.5606 163.934 72.6442 91.29 19.9447 11.5472 12.0085 15.6159 6.43382
internal_count=2246 124 2122 571 460 156 304 1551 80 249 1471 261 1210 644 566 176 87 127 85 64
is_linear=0
shrinkage=0.187109


Tree=13
num_leaves=27
num_cat=0
split_feature=2 38 39 48 47 50 48 0 27 42 4 3 43 39 7 27 47 47 31 38 43 11 49 42 15 42
split_gain=1.17319 2.43243 1.60047 5.14782 3.23503 1.82541 1.70133 1.40743 3.85923 2.34231 2.6336 1.21576 1.62658 1.18543 1.12548 1.90063 1.79637 0.970505 1.77021 1.58461 0.90581 0.858403 0.473321 0.343711 0.315418 0.0105435
threshold=3.5000000000000004 65.000000000000014 9.5000000000000018 4.5000000000000009 2.5000000000000004 3.5000000000000004 7.5000000000000009 1.0000000180025095e-35 1.0000000180025095e-35 7.5000000000000009 3.5000000000000004 7.5000000000000009 5.5000000000000009 8.5000000000000018 1.5000000000000002 6.5000000000000009 5.5000000000000009 3.5000000000000004 1.0000000180025095e-35 25.000000000000004 8.5000000000000018 1.0000000180025095e-35 3.5000000000000004 19.000000000000004 8.5000000000000018 11.500000000000002
decision_type=2 2 2 2 2 2 2 2 2 2 2 2 2 2 2 2 2 2 2 2 2 2 2 2 2 2
left_child=2 21 7 4 -4 -6 11 13 9 -9 -11 12 -5 17 15 -10 -16 19 -19 -1 -15 -2 -3 -13 -8 -7
right_child=1 22 3 6 5 25 24 8 14 10 -12 23 -14 20 16 -17 -18 18 -20 -21 -22 -23 -24 -25 -26 -27
leaf_value=0 -0.06956820654822933 0.1455264282692984 0 0 0 0 -0.10137388123264575 0 -0.089110173105064472 -0.14108921264932078 0 0 0.074386412256363513 0.10728072052624336 0 0.00079526631408349401 0.063621436389244626 0.017853804941647421 -0.037225325241754682 0.070881406158420909 0 0.013402737431749585 0 -0.062066620934698349 0 -0.19017714851940248
leaf_weight=16.514273673295975 5.7954928409308213 6.3963510412722808 4.4691523145884302 4.047606103122237 3.7682487890124348 3.5936372969299546 4.4754105582833281 3.926178244873884 9.5911965258419496 16.093355346471075 3.2870757430791846 6.5944299157708866 21.93149842787534 8.9610211700201017 20.562866257503629 3.6083982316777101 22.688583442009985 40.910507085733116 35.191398554481566 18.136390695348382 6.1808116976171723 6.2607144899666309 7.6709275003522635 2.9485011659562588 2.136756585445255 11.335081832483409
leaf_count=103 59 17 32 33 34 52 80 31 96 153 21 64 148 35 137 16 144 288 282 86 57 39 49 36 22 132
internal_value=0 0.0377321 -0.00365992 -0.0299 -0.101139 -0.136575 0 0.0023414 -0.0140553 -0.0798281 -0.108836 0.0252802 0.0499968 0.0165694 0.0047246 -0.0286945 0.0261317 0.00491143 -0.00130452 0.0323843 0.0692424 0 0.0927799 0 -0.073583 -0.165945
internal_weight=0 26.1235 270.952 65.3003 23.1661 18.697 42.1342 205.652 79.7577 23.3066 19.3804 35.522 25.9791 125.894 56.451 13.1996 43.2514 110.753 76.1019 34.6507 15.1418 12.0562 14.0673 9.54293 6.61217 14.9287
internal_count=2246 164 2082 633 250 218 383 1449 598 205 174 281 181 851 393 112 281 759 570 189 92 98 66 100 102 184
is_linear=0
shrinkage=0.187109


Tree=14
num_leaves=32
num_cat=0
split_feature=38 3 2 46 1 50 38 27 46 15 3 39 28 48 39 2 49 5 39 47 43 47 48 50 42 49 3 19 49 27 3
split_gain=0.875787 2.43522 4.07564 2.50465 1.37985 1.21126 1.16128 0.9681 2.06002 5.54249 1.95407 1.85633 1.81138 1.55256 1.1917 1.1703 2.14239 2.02558 1.56823 1.61008 1.73222 1.06159 2.34017 1.67368 1.01129 0.739939 0.510333 0.321935 0.317033 0.178079 0.353158
threshold=75.000000000000014 3.5000000000000004 2.5000000000000004 85.000000000000014 1.0000000180025095e-35 5.5000000000000009 105.00000000000001 1.0000000180025095e-35 8.5000000000000018 2.5000000000000004 6.5000000000000009 5.5000000000000009 1.0000000180025095e-35 3.5000000000000004 10.500000000000002 2.5000000000000004 7.5000000000000009 3.5000000000000004 8.5000000000000018 8.5000000000000018 11.500000000000002 6.5000000000000009 4.5000000000000009 7.5000000000000009 10.500000000000002 11.500000000000002 6.5000000000000009 3.5000000000000004 7.5000000000000009 2.5000000000000004 24.500000000000004
decision_type=2 2 2 2 2 2 2 2 2 2 2 2 2 2 2 2 2 2 2 2 2 2 2 2 2 2 2 2 2 2 2
left_child=7 3 4 27 -3 -6 -4 8 9 25 11 12 -10 -12 -13 18 17 24 21 26 -21 23 -23 -9 -17 -1 -20 -2 -5 -18 -31
right_child=1 2 6 28 5 -7 -8 15 10 -11 13 14 -14 -15 -16 16 29 -19 19 20 -22 22 -24 -25 -26 -27 -28 -29 -30 30 -32
leaf_value=-0.13801130016073562 0.0012369071034258085 0 0.090923333076535925 0 0 -0.17840303701056767 0 0.026101083579140826 -0.045896750560107065 0.039084176969760534 0 0.05572500042055395 0.034669637556124011 -0.14896394167428573 0 0 0.036181084446449102 0 0 -0.1594804337832583 0 0.10919435123783219 0 -0.084692816027695267 -0.20046893711829458 0 0.041549755167828203 0.13525579636609639 -0.058098578814993085 -0.05768125511024353 0
leaf_weight=16.705213069915779 9.6491365209221893 7.3387924423441318 9.0989405065774935 6.5617672558873874 3.6284197960048896 6.0377865545451641 6.9282014761120072 30.817711717449129 30.327016751281917 6.2892912887036792 2.7346157021820527 31.354049383662641 7.9024086538702241 5.2787959286943078 7.8551552528515449 2.6961893606930989 4.5873695202171794 4.2293216157704592 3.7328698178753283 4.567239501513539 4.2534342957660556 16.228850138373673 15.980285529047249 5.0501860342919818 4.7608792162500322 3.7033189330250016 10.17404345050454 11.183620104566215 3.1130577733274549 3.5409456035122258 4.6226591169834137
leaf_count=196 51 60 42 45 25 83 51 191 247 52 24 174 41 65 86 27 24 27 50 68 41 83 122 48 57 34 73 43 46 42 28
internal_value=0 0.0193898 -0.00327211 0.0595633 -0.0789294 -0.125635 0.0471458 -0.0054288 -0.018712 -0.0643996 0 0.00473698 -0.0165713 -0.0902322 0.0377703 0.00331773 -0.0263156 -0.0880925 0.0166423 -0.0125469 -0.0816509 0.0334782 0.0592436 0 -0.146123 -0.11984 0 0.0967248 0 0 0
internal_weight=0 63.5397 33.0321 30.5076 17.005 9.66621 16.0271 227.392 112.15 26.6978 85.452 77.4386 38.2294 8.01341 39.2092 115.242 24.4374 11.6864 90.8046 22.7276 8.82067 68.077 32.2091 35.8679 7.45707 20.4085 13.9069 20.8328 9.67483 12.751 8.1636
internal_count=2246 446 261 185 168 108 93 1800 919 282 637 548 288 89 260 881 205 111 676 232 109 444 205 239 84 230 123 94 91 94 70
is_linear=0
shrinkage=0.187109


Tree=15
num_leaves=26
num_cat=0
split_feature=46 47 17 39 2 27 48 39 2 43 39 39 47 7 13 38 47 42 43 31 46 47 46 49 15
split_gain=0.694116 2.18719 0.689579 2.35228 2.97353 1.40174 1.47724 1.07027 1.46038 1.90858 1.58694 1.51939 2.38626 1.38275 2.21039 2.11592 1.5688 0.943102 0.695174 0.418038 0.485036 0.367887 0.300249 0.228752 0.0394429
threshold=125.00000000000001 12.500000000000002 1.5000000000000002 6.5000000000000009 3.5000000000000004 4.5000000000000009 6.5000000000000009 5.5000000000000009 1.0000000180025095e-35 2.5000000000000004 12.500000000000002 9.5000000000000018 4.5000000000000009 8.5000000000000018 1.0000000180025095e-35 25.000000000000004 4.5000000000000009 7.5000000000000009 15.500000000000002 10.500000000000002 35.000000000000007 4.5000000000000009 16.500000000000004 6.5000000000000009 1.0000000180025095e-35
decision_type=2 2 2 2 2 2 2 2 2 2 2 2 2 2 2 2 2 2 2 2 2 2 2 2 2
left_child=2 -2 7 17 5 6 -5 13 11 -10 -11 12 -9 14 15 -1 -15 -4 -13 23 -21 -16 -18 -19 -3
right_child=1 24 3 4 -6 -7 -8 8 9 10 -12 18 -14 16 21 -17 22 19 -20 20 -22 -23 -24 -25 -26
leaf_value=-0.096580426605260949 0.092169339717274118 0 0.071598305428777043 -0.18349399390405771 0 0 0 0 0.068839613703264177 -0.053663479582031305 0.00075448088814823321 -0.018825910403638946 0.07878645366005177 0.06922070863098248 0 0 0 0.02873837267313168 0.051615176876215099 -0.079141661190299487 0 0.028296353384328253 -0.048817555219787361 0 -0.022479945782606162
leaf_weight=22.206355972215533 11.533141820691528 2.1825000997632733 6.2620624480769029 9.1132963318377787 6.7450359407812348 4.4344192864373317 4.646641192957758 13.903189755976198 7.0531982332468024 30.666781234554946 9.8886252744123322 22.007255285978321 33.748833599500358 12.335802959278228 6.618165863677862 20.048086188733578 5.1917691435664874 9.521682491526013 6.0092806275933972 4.8755982182919961 3.1251781620085239 15.910698822699485 4.3177543133497238 8.2255199560895544 2.5573703818954527
leaf_count=260 75 20 29 114 39 46 43 89 36 314 84 241 197 57 53 121 44 57 29 45 26 95 36 58 38
internal_value=0 0.0373055 -0.0022979 -0.0211259 -0.0655304 -0.107416 -0.136863 0.00052221 0.0137713 -0.00382788 -0.0285781 0.0312023 0.0515374 -0.0127517 -0.0297018 -0.0563425 0.0153945 0 0 -0.000846135 -0.0423359 0 -0.00449497 0 0
internal_weight=0 16.273 266.855 56.9494 24.9394 18.1944 13.7599 209.906 123.277 47.6086 40.5554 75.6686 47.652 86.6286 64.7833 42.2544 21.8453 32.01 28.0165 25.748 8.00078 22.5289 9.50952 17.7472 4.73987
internal_count=2246 133 2113 457 242 203 157 1656 990 434 398 556 286 666 529 381 137 215 270 186 71 148 80 115 58
is_linear=0
shrinkage=0.187109


Tree=16
num_leaves=24
num_cat=0
split_feature=43 7 31 46 4 7 39 27 43 42 43 27 2 47 50 46 49 42 48 38 15 42 42
split_gain=0.914957 1.84545 2.24146 1.73346 1.39082 1.0906 2.12529 2.08233 1.71166 2.28943 0.914528 1.69025 2.04239 1.88754 1.82091 1.77158 1.49468 1.35131 0.612186 0.203653 0.0519982 0.0489205 0.0405158
threshold=3.5000000000000004 1.0000000180025095e-35 3.5000000000000004 13.500000000000002 4.5000000000000009 1.0000000180025095e-35 2.5000000000000004 6.5000000000000009 6.5000000000000009 7.5000000000000009 4.5000000000000009 6.5000000000000009 5.5000000000000009 7.5000000000000009 8.5000000000000018 6.5000000000000009 9.5000000000000018 8.5000000000000018 3.5000000000000004 17.000000000000004 4.5000000000000009 10.500000000000002 7.5000000000000009
decision_type=2 2 2 2 2 2 2 2 2 2 2 2 2 2 2 2 2 2 2 2 2 2 2
left_child=1 -1 3 22 20 6 21 8 -8 -10 16 13 17 15 -15 -12 19 -13 -5 -7 -4 -2 -3
right_child=5 2 4 18 -6 10 7 -9 9 -11 11 12 -14 14 -16 -17 -18 -19 -20 -21 -22 -23 -24
leaf_value=0.071391336190171309 0.028954720054748112 0 0 0 0 0 0 0 0 -0.14671760231245881 0 0 0 0.01067941079729158 -0.05226170397245701 0.052452383619373398 0 -0.12646526860641366 -0.11059788153273499 -0.11576260057811597 0.08893745637116092 0 0.014893265576692096
leaf_weight=17.327457187697291 4.1121076801791769 4.0318864863365906 5.1267752647399965 4.5629709437489501 5.9625714551657429 3.198920598253606 10.418782580643894 3.1877938769757739 4.7429699841886785 15.207211392465977 15.16404711268842 3.5550177171826389 3.2768859267234793 47.885141406208277 21.237693384289742 56.571661836002022 4.2859517140313974 9.4168098811060172 9.5871097818016988 6.3781118486076593 11.417411858215926 4.2637092648074031 6.2197413314133883
leaf_count=78 29 40 34 33 44 32 69 23 51 216 146 30 15 326 319 375 28 100 82 50 54 42 30
internal_value=0 0.0195417 0 -0.0389524 0.0426107 -0.00590724 -0.0329143 -0.0591809 -0.0790866 -0.111671 0 0.00482087 -0.0458959 0.0141492 -0.00176521 0.0361745 -0.0449485 -0.0898347 -0.0827017 -0.090962 0.073318 0.0148341 0
internal_weight=0 64.2359 46.9085 24.4017 22.5068 212.903 41.9326 33.5568 30.369 19.9502 170.97 157.107 16.2487 140.859 69.1228 71.7357 13.863 12.9718 14.1501 9.57703 16.5442 8.37582 10.2516
internal_count=2246 395 317 185 132 1851 430 359 336 267 1421 1311 145 1166 645 521 110 130 115 82 88 71 70
is_linear=0
shrinkage=0.187109


Tree=17
num_leaves=20
num_cat=0
split_feature=50 50 47 15 0 46 27 50 46 2 43 3 0 42 49 4 43 47 31
split_gain=0.974196 1.3249 1.24641 1.05564 2.23709 1.63687 1.94834 1.63019 1.60723 1.44161 1.34594 1.25785 1.06343 1.03736 1.00949 0.854864 0.850223 0.819823 0.316321
threshold=1.5000000000000002 2.5000000000000004 2.5000000000000004 7.5000000000000009 1.0000000180025095e-35 9.5000000000000018 1.0000000180025095e-35 8.5000000000000018 13.500000000000002 3.5000000000000004 13.500000000000002 34.500000000000007 1.0000000180025095e-35 85.000000000000014 10.500000000000002 1.5000000000000002 14.500000000000002 4.5000000000000009 5.5000000000000009
decision_type=2 2 2 2 2 2 2 2 2 2 2 2 2 2 2 2 2 2 2
left_child=14 2 -2 4 5 6 -3 11 -7 16 13 12 -5 -6 15 17 -9 -1 -4
right_child=1 3 18 7 10 8 -8 9 -10 -11 -12 -13 -14 -15 -16 -17 -18 -19 -20
leaf_value=0 0 -0.073000432445319091 -0.089242101238830335 0 -0.088039112366322031 0.063303341217507372 0 -0.10258840888361907 0 0.0074400596049259363 0 0 0.067365034965306353 0 0 0 0 0.11036747454388457 0
leaf_weight=7.9555410295724966 6.1095864605158594 18.003957386128608 12.994881765916945 7.1309428270906201 21.926990305772055 21.065054812468588 11.43450399301946 7.5907707200385648 62.91921982076019 7.3808856885880223 9.2171468958258611 5.7640813682228318 35.88140628952533 7.941717989742755 6.6072879098355761 5.4750674683600655 2.2730157412588596 10.028153477236627 3.907457757741212
leaf_count=54 43 226 112 43 267 169 80 147 471 51 71 46 218 69 48 39 20 49 23
internal_value=0 -0.00396109 -0.0465191 0 -0.00799458 0.00134922 -0.0311129 0.0202704 0.018514 -0.0104803 -0.0473091 0.0410177 0.0540988 -0.0670314 0.0316608 0.0527071 -0.0719471 0.0725521 -0.0741176
internal_weight=0 241.542 23.0119 218.53 152.509 113.423 29.4385 66.0211 83.9843 17.2447 39.0859 48.7764 43.0123 29.8687 30.066 23.4588 9.86379 17.9837 16.9023
internal_count=2246 2056 178 1878 1353 946 306 525 640 218 407 307 261 336 190 142 167 103 135
is_linear=0
shrinkage=0.187109


Tree=18
num_leaves=30
num_cat=0
split_feature=38 50 46 46 47 3 31 19 31 39 39 27 42 6 48 38 18 27 19 50 43 46 39 27 7 31 5 39 15
split_gain=0.509697 1.2904 5.66219 0.564924 1.29669 0.725058 2.75381 0.607528 0.672452 0.559222 2.48769 1.20978 0.502116 0.779845 1.5708 1.10946 1.05968 1.11286 0.942912 0.920282 0.856404 0.507672 2.37287 0.421896 0.722784 0.659594 0.328977 0.194511 0.132873
threshold=14.500000000000002 8.5000000000000018 11.500000000000002 10.500000000000002 5.5000000000000009 1.5000000000000002 1.0000000180025095e-35 1.5000000000000002 1.0000000180025095e-35 5.5000000000000009 7.5000000000000009 1.5000000000000002 115.00000000000001 2.5000000000000004 4.5000000000000009 35.000000000000007 1.0000000180025095e-35 5.5000000000000009 26.500000000000004 6.5000000000000009 7.5000000000000009 75.000000000000014 6.5000000000000009 1.5000000000000002 9.5000000000000018 1.0000000180025095e-35 2.5000000000000004 3.5000000000000004 1.0000000180025095e-35
decision_type=2 2 2 2 2 2 2 2 2 2 2 2 2 2 2 2 2 2 2 2 2 2 2 2 2 2 2 2 2
left_child=1 3 9 5 28 6 -1 -6 -9 26 -11 -12 13 16 18 -16 17 20 -15 27 -2 -14 -23 24 -7 -25 -3 -18 -5
right_child=12 2 -4 4 7 23 -8 8 -10 10 11 -13 21 14 15 -17 19 -19 -20 -21 -22 22 -24 25 -26 -27 -28 -29 -30
leaf_value=0 0.0073677274344647724 -0.076005073868902651 -0.18407475691402103 0 0 0.054509162003489327 -0.13114232496245462 0.13018601253619319 0 0.1117466403706955 -0.10893289473099731 0 0 0 0 -0.10768479698523185 0.030086700021768432 0.064816312457707151 0.065080859961005794 0.088472913555773802 -0.036813545508588306 0 -0.13213830325360537 -0.061278418551173296 0 0 0 0 -0.031814877589759392
leaf_weight=10.388103207573296 45.057118194177747 3.6670221202075544 7.3042342576663932 4.0802978137508052 6.8428835943341282 12.433330924250187 7.1731580551713696 6.0437972061336032 9.787903865799306 7.512006998062132 3.3942360039800406 4.4560430529527366 7.9178926777094629 5.8092289324849871 4.3104469235986453 7.5908144507557154 7.3477165177464503 9.2193973157554847 8.5477383118122798 15.098621724173425 20.136600590310991 5.9697925318032485 5.704156962223351 6.6701331026852158 4.7674711281433693 16.195058763958514 2.2983093243092299 7.7064948752522469 4.4216766208410263
leaf_count=99 264 80 184 26 53 100 76 20 65 34 82 45 52 52 36 92 37 40 40 84 185 47 112 71 36 118 21 59 36
internal_value=0 -0.0092299 -0.0437729 0 0.0220142 -0.00890538 -0.0411053 0.0514943 0.0715123 0 0.0239337 -0.000455605 0.0072085 0.0134208 -0.00241391 -0.0651207 0.0220106 0.00260675 0.016455 0.053663 0 -0.00956586 -0.0406527 0 0.0264523 -0.0106476 -0.0417008 0 -0.000340666
internal_weight=0 117.436 28.6319 88.8038 31.1766 57.6273 17.5613 22.6746 15.8317 21.3276 15.3623 7.85028 150.416 130.824 26.2582 11.9013 104.566 74.4131 14.357 30.1528 65.1937 19.5918 11.6739 40.066 17.2008 22.8652 5.96533 15.0542 8.50197
internal_count=2246 1146 446 700 200 500 175 138 85 262 161 127 1100 889 220 128 669 489 92 180 449 211 159 325 136 189 101 96 62
is_linear=0
shrinkage=0.187109


Tree=19
num_leaves=18
num_cat=0
split_feature=39 48 7 43 43 15 39 39 46 48 49 50 3 46 50 7 0
split_gain=0.371418 0.435016 0.926787 0.661778 1.73112 3.12286 1.93399 1.18954 1.07014 1.00163 0.877624 0.876601 1.30596 0.409053 0.386669 0.347703 0.0126842
threshold=1.0000000180025095e-35 7.5000000000000009 1.0000000180025095e-35 12.500000000000002 9.5000000000000018 4.5000000000000009 10.500000000000002 8.5000000000000018 75.000000000000014 6.5000000000000009 10.500000000000002 3.5000000000000004 11.500000000000002 105.00000000000001 3.5000000000000004 6.5000000000000009 2.5000000000000004
decision_type=2 2 2 2 2 2 2 2 2 2 2 2 2 2 2 2 2
left_child=-1 3 -3 4 6 10 7 -2 11 -8 -6 -5 -13 14 -4 -7 -10
right_child=1 2 13 8 5 15 9 -9 16 -11 -12 12 -14 -15 -16 -17 -18
leaf_value=-0.048948400016548439 0.0056006334358651147 0.0026331747809632314 0 0 -0.11378355034135321 0.039351373545106753 -0.075757762604957313 0.059973700100404863 -0.01033096501613094 0 0 0.073354621559834868 0 0 -0.069653775026613393 0 0
leaf_weight=5.1414988313335916 103.62448787875473 7.5421290155500165 8.5053703207522684 6.62576114013791 14.313657691702248 7.6858625076711204 11.194026046898214 24.567356853280216 3.985586527734994 4.5161507260054341 2.1810987433418623 26.643094801343981 4.8144477326422921 3.5109290787950149 13.940683571621774 9.4917400963604432 2.4206380732357502
leaf_count=82 708 63 75 45 220 60 164 153 63 39 26 182 54 35 170 88 19
internal_value=0 0.00101762 -0.0156369 0.00571591 0 -0.0374716 0.00952824 0.0198551 0.0261016 -0.0435901 -0.097003 0.0421265 0.055826 -0.0394294 -0.0492853 0 0
internal_weight=0 255.563 33.4991 222.064 177.574 33.6724 143.902 128.192 44.4895 15.7102 16.4948 38.0833 31.4575 25.957 22.4461 17.1776 6.40622
internal_count=2246 2164 343 1821 1458 394 1064 861 363 203 246 281 236 280 245 148 82
is_linear=0
shrinkage=0.187109


Tree=20
num_leaves=32
num_cat=0
split_feature=48 3 1 43 48 43 48 2 15 43 47 7 43 39 47 38 19 38 31 38 49 19 38 46 42 2 47 39 3 7 19
split_gain=0.293422 0.977235 1.96394 1.68282 1.5962 0.87322 0.699575 1.54281 1.64109 3.18428 3.1404 1.8771 1.6318 0.68756 0.6715 0.741375 1.1715 1.07692 2.91885 1.40825 0.601856 1.10444 0.607256 0.345193 0.321872 0.867337 0.867907 0.268636 0.254927 0.0890041 0.0600464
threshold=3.5000000000000004 4.5000000000000009 1.5000000000000002 8.5000000000000018 2.5000000000000004 7.5000000000000009 5.5000000000000009 2.5000000000000004 3.5000000000000004 6.5000000000000009 13.500000000000002 6.5000000000000009 7.5000000000000009 3.5000000000000004 7.5000000000000009 6.5000000000000009 5.5000000000000009 35.000000000000007 1.5000000000000002 75.000000000000014 7.5000000000000009 3.5000000000000004 6.5000000000000009 9.5000000000000018 7.5000000000000009 1.0000000180025095e-35 13.500000000000002 4.5000000000000009 1.0000000180025095e-35 18.500000000000004 6.5000000000000009
decision_type=2 2 2 2 2 2 2 2 2 2 2 2 2 2 2 2 2 2 2 2 2 2 2 2 2 2 2 2 2 2 2
left_child=1 3 4 13 30 -4 7 8 9 27 -11 12 -10 -1 15 16 -8 18 -17 -19 -16 22 -22 -15 -5 26 -26 -2 -23 -13 -3
right_child=6 2 5 24 -6 -7 14 -9 11 10 -12 29 -14 23 20 17 -18 19 -20 -21 21 28 -24 -25 25 -27 -28 -29 -30 -31 -32
leaf_value=0 0 -0.12748366418673587 0 0 0 0.071114033852751446 -0.093907820808205186 -0.10503318576793233 0 -0.14633002222594668 0 0 0.12356654773813443 0 0 0.094944904360299898 0 -0.041636610766142258 0 0.037700341329461672 0 0.041678807907095147 -0.075785751810151167 0.097165955489774053 -0.12566523959354367 0 0 0.028240352083730692 -0.0039069735009798498 -0.02616510547299649 0
leaf_weight=6.3457368435338166 6.3486756235361126 6.6628984827548265 7.9899847204796997 3.3126750197261563 8.9229119569063187 8.962509570643304 4.5351618928834778 7.1878579449839881 5.9506614860147264 12.113695804961027 4.0295588336884967 5.2754664821550232 8.9100113045424205 5.0074896393343833 6.9757744895759961 20.071145878173411 3.7651489330455661 14.810667481273414 15.32310180319473 16.234382146038115 5.5753988996148136 4.8620292358100441 15.048675522673873 14.288702973164616 4.3853877740912122 2.6033164970576763 1.9888609647750852 11.617560720071195 11.270948282442985 4.3763287980109453 4.3828084766864777
leaf_count=50 47 69 62 22 76 54 75 99 42 175 32 43 46 46 47 120 27 123 109 103 76 25 167 64 93 25 23 59 152 56 39
internal_value=0 0.00986553 -0.00090688 0.0329944 -0.0513656 0.0302181 -0.00401283 -0.020356 -0.00146834 -0.0348789 -0.0968893 0.0253562 0.0736637 0.062361 0.00100721 0.0151475 -0.00786901 0.0252942 0.0475204 0 -0.0121112 -0.0272932 -0.056407 0.0799534 0 -0.0350883 -0.0797302 0 0 0 -0.0985737
internal_weight=0 74.8533 36.9211 37.9322 19.9686 16.9525 184.282 65.8098 58.622 34.1095 16.1433 24.5125 14.8607 25.6419 118.472 74.7396 8.30031 66.4393 35.3942 31.045 43.7328 36.7571 20.6241 19.2962 12.2902 8.97757 6.37425 17.9662 16.133 9.6518 11.0457
internal_count=2246 623 300 323 184 116 1623 599 500 313 207 187 88 160 1024 557 102 455 229 226 467 420 243 110 163 141 116 106 177 99 108
is_linear=0
shrinkage=0.187109


Tree=21
num_leaves=29
num_cat=0
split_feature=46 42 47 50 43 49 48 1 39 49 39 49 43 47 19 39 7 7 27 42 46 19 31 49 43 39 42 49
split_gain=0.397798 1.06097 1.77979 0.728933 1.01913 3.0826 1.65305 1.17112 1.00767 0.972284 0.712664 1.04545 1.95716 1.35465 0.822081 0.552561 0.471779 0.466279 0.407278 1.02786 0.376578 0.376415 1.15022 0.804518 0.619959 0.278707 1.12638 0.0110449
threshold=45.000000000000007 55.000000000000007 7.5000000000000009 8.5000000000000018 7.5000000000000009 7.5000000000000009 5.5000000000000009 1.5000000000000002 5.5000000000000009 11.500000000000002 11.500000000000002 7.5000000000000009 6.5000000000000009 6.5000000000000009 4.5000000000000009 12.500000000000002 1.0000000180025095e-35 34.500000000000007 4.5000000000000009 135.00000000000003 5.5000000000000009 7.5000000000000009 5.5000000000000009 12.500000000000002 8.5000000000000018 7.5000000000000009 13.500000000000002 8.5000000000000018
decision_type=2 2 2 2 2 2 2 2 2 2 2 2 2 2 2 2 2 2 2 2 2 2 2 2 2 2 2 2
left_child=1 3 -3 4 6 20 7 -1 17 -8 11 12 13 -2 16 -7 -14 -5 19 27 -6 23 -23 24 -13 -10 -27 -12
right_child=10 2 -4 8 5 15 9 -9 25 -11 18 21 14 -15 -16 -17 -18 -19 -20 -21 -22 22 -24 -25 -26 26 -28 -29
leaf_value=-0.062469220878663259 0 0 -0.15610263620237713 -0.10451874657217554 0 -0.036904256330512121 0.042043521449695254 0 0.021007233712533033 -0.00093359617084092081 -0.11971457660921475 -0.082163589447224475 0 0.10227439568050709 -0.064942629427991699 0 0.047451691823180826 0 0 0 0.075855428614471018 0.081299304071171502 0 0 0 -0.072994034552313278 0 0
leaf_weight=23.074682670645419 9.738599920645358 14.332253326661887 4.1000470900908104 6.4028857890516546 7.5528068309649816 16.73898647539318 24.125509379431609 7.3986297007650128 8.1667901724576968 7.3243213761597863 3.5211884900927526 8.6903397813439422 3.1847732891328659 17.449627216905355 5.7967743799090377 3.4726574458181849 8.7564028159249556 1.3639720752835272 2.4637898290529838 2.6769010676071048 27.210545981302857 6.4013590728864056 5.1313553191721439 4.0669168327003709 4.4945714697241774 8.366406556684522 6.1582355527207246 2.6492275167256594
leaf_count=198 71 111 40 151 74 176 142 51 62 68 60 78 48 77 69 28 62 15 20 23 181 32 51 31 50 171 72 34
internal_value=0 -0.00533527 -0.0474353 0 0.00670467 0.0269863 -0.0035407 -0.0402811 -0.0257153 0.0167966 0.0103931 0.0207488 0.0389462 0.07074 0 -0.0134549 0.0172227 -0.0836218 -0.0142858 -0.0428972 0.064287 0 0.0165304 -0.0239295 -0.0534337 0 -0.020331 -0.0910349
internal_weight=0 165.789 18.4323 147.356 116.898 54.975 61.9231 30.4733 30.4583 31.4498 85.0218 73.7107 44.9262 27.1882 17.738 20.2116 11.9412 7.76686 11.3111 8.84732 34.7634 28.7845 11.5327 17.2518 13.1849 22.6914 14.5246 6.17042
internal_count=2246 1540 151 1389 918 459 459 249 471 210 706 569 327 148 179 204 110 166 137 117 255 242 83 159 128 305 243 94
is_linear=0
shrinkage=0.187109


Tree=22
num_leaves=33
num_cat=0
split_feature=50 38 46 42 38 43 2 3 3 2 46 46 50 42 48 42 50 3 39 3 19 28 43 46 38 46 19 47 39 7 7 38
split_gain=0.328777 0.58978 1.851 1.78737 0.641235 1.17262 1.77813 0.801609 0.724069 1.14125 0.827519 0.583393 0.505498 0.696333 1.00826 0.973722 0.541082 0.915632 0.497725 0.448081 0.437741 0.398058 0.371054 0.274737 0.214903 0.207511 0.218519 0.0318649 0.00254821 0.113667 0.00356459 0.00189288
threshold=5.5000000000000009 25.000000000000004 6.5000000000000009 7.5000000000000009 65.000000000000014 6.5000000000000009 2.5000000000000004 7.5000000000000009 5.5000000000000009 2.5000000000000004 95.000000000000014 105.00000000000001 2.5000000000000004 55.000000000000007 5.5000000000000009 9.5000000000000018 1.5000000000000002 14.500000000000002 8.5000000000000018 4.5000000000000009 2.5000000000000004 1.0000000180025095e-35 5.5000000000000009 55.000000000000007 65.000000000000014 14.500000000000002 7.5000000000000009 3.5000000000000004 4.5000000000000009 1.5000000000000002 3.5000000000000004 11.500000000000002
decision_type=2 2 2 2 2 2 2 2 2 2 2 2 2 2 2 2 2 2 2 2 2 2 2 2 2 2 2 2 2 2 2 2
left_child=12 2 18 20 7 6 11 22 10 -10 -7 -6 16 14 28 -16 25 27 19 -2 -4 -5 -3 -15 -25 -1 -27 -18 30 -30 -14 -20
right_child=1 4 3 21 5 8 -8 -9 9 -11 -12 -13 13 23 15 -17 17 -19 31 -21 -22 -23 -24 24 -26 26 -28 -29 29 -31 -32 -33
leaf_value=0 0 0.072448703699810865 -0.01170426746960895 -0.077704828030132178 -0.16507962399157547 0.067557879973749749 0 0 -0.088664466782777507 0 0 0 0 -0.038967834521405217 0 0.078834190458914891 0 -0.10669190849740666 -0.0047965184385804797 0.066074316950773176 0.046367996131456327 0 0 0 0.031730752433612015 0 0.04979669099886723 -0.010637596384538007 0 0.018419153980057241 -0.0054057283549912702 0
leaf_weight=10.896933592855932 4.1005644723773029 11.568876201286917 4.6756320521235448 27.06281935190782 4.4334690254181606 11.202213490381839 3.7405623765662313 6.5657867630943647 5.211763273458927 8.8501352276653034 4.5965561852790406 3.0023001339286566 4.204711904749276 6.159083845093849 7.4572228752076652 18.721301913261414 6.4779005218297305 4.225274257361888 2.7052736268378785 8.104864380322395 6.6438111281022429 6.1964693893678477 6.1722479481250039 5.560391800478099 7.2974383905529976 9.9905344396829623 6.2060197768732897 9.6834441348910314 4.8775426317006376 11.817457914352415 4.095448300242424 2.118416678160429
leaf_count=83 45 42 49 439 63 78 29 56 85 61 70 22 38 54 80 105 51 38 53 49 35 89 62 47 38 68 39 89 50 85 37 17
internal_value=0 -0.00659972 -0.0205871 -0.0443311 0 -0.00672177 -0.0614864 0.0289987 0 -0.0129668 0.0379088 -0.117549 0.00711949 0.0183411 0.0305899 0.0562378 0 -0.029616 0.0132853 0.0406538 0 -0.0670983 0.0521105 0 0 0.00577134 0.0223434 0 0 0.0022996 0 0
internal_weight=0 126.952 61.6079 44.5787 65.3439 41.037 11.1763 24.3069 29.8607 14.0619 15.7988 7.43577 117.671 70.1906 51.1737 26.1785 47.4801 20.3866 17.0291 12.2054 11.3194 33.2593 17.7411 19.0169 12.8578 27.0935 16.1966 16.1613 24.9952 16.695 8.30016 4.82369
internal_count=2246 1344 776 612 568 408 114 160 294 146 148 85 902 534 395 185 368 178 164 94 84 528 104 139 85 190 107 140 210 135 75 70
is_linear=0
shrinkage=0.187109


Tree=23
num_leaves=29
num_cat=0
split_feature=48 19 39 30 0 47 14 15 39 3 38 49 46 15 43 43 46 7 39 3 50 24 38 43 15 43 3 38
split_gain=0.333889 0.566676 0.865753 0.597045 0.564724 0.921872 1.67263 0.670623 0.501705 0.360231 0.833907 0.734494 0.537176 0.925197 0.456427 0.373283 0.333893 0.411111 0.299969 0.285665 0.223498 0.118161 0.0939331 0.0436308 0.0114432 0.335219 0.151052 0.195562
threshold=3.5000000000000004 1.5000000000000002 6.5000000000000009 1.0000000180025095e-35 2.5000000000000004 4.5000000000000009 3.5000000000000004 8.5000000000000018 4.5000000000000009 9.5000000000000018 25.000000000000004 11.500000000000002 65.000000000000014 11.500000000000002 12.500000000000002 8.5000000000000018 115.00000000000001 21.500000000000004 9.5000000000000018 3.5000000000000004 5.5000000000000009 1.0000000180025095e-35 4.5000000000000009 5.5000000000000009 6.5000000000000009 7.5000000000000009 1.5000000000000002 8.5000000000000018
decision_type=2 2 2 2 2 2 2 2 2 2 2 2 2 2 2 2 2 2 2 2 2 2 2 2 2 2 2 2
left_child=1 8 3 23 9 21 7 -7 -1 10 14 12 13 -11 15 -2 17 -12 -18 20 -10 -6 -16 -3 26 -26 -4 -28
right_child=4 2 24 -5 5 6 -8 -9 19 11 16 -13 -14 -15 22 -17 18 -19 -20 -21 -22 -23 -24 -25 25 -27 27 -29
leaf_value=-0.05042057196625091 -0.0026922657262213119 0 0 0 0.029633549019597593 0 0 -0.12939932804985937 0 0.074654454474605128 0.024454044933476679 0 0 0 0.022790410469868756 -0.071109874800484932 -0.050921642776942104 0 0 0 0.054503670632272648 0 -0.0053152323129147206 0.087424960396003448 0 0.04168059514872529 0 -0.065865347588419415
leaf_weight=6.7339567188173559 30.224879358429462 6.291068781167275 4.1848876005969959 8.5636857692152244 4.5356513801962155 2.6652864301577202 3.0664535611867896 8.0327184805646521 3.8646478094160539 15.334092166274791 44.271131682209671 4.9213047493249169 4.4691771706566206 9.2958038309589011 5.7261679442599398 11.706010242458431 4.0808154577389351 6.4780090842396012 2.6203140523284674 5.8939270027913144 5.8254392649978399 4.9263805914670229 7.7326707323081791 10.41167310066521 4.4171867687255126 6.5802205801010132 2.7978302650153637 2.7143589467741549
leaf_count=92 277 45 47 67 23 32 22 115 35 107 303 56 48 75 53 218 49 72 26 73 47 56 91 63 35 47 26 46
internal_value=0 0.0110361 0.0247129 0.0479464 -0.00443707 -0.0314339 -0.0630406 -0.102374 0 0 -0.00522571 0.0166901 0.0346957 0.0466782 -0.0237154 -0.0334918 0.0042285 0.0154692 -0.00881226 0 0.0318398 0 0 0.0685837 0 0 -0.00637031 -0.0316271
internal_weight=0 68.2789 45.9609 25.2664 170.087 23.2265 13.7645 10.698 22.318 146.86 112.84 34.0204 29.0991 24.6299 55.3897 41.9309 57.4503 50.7491 6.70113 15.584 9.69009 9.46203 13.4588 16.7027 20.6945 10.9974 9.69708 5.51219
internal_count=2246 623 376 175 1623 248 169 147 247 1375 1089 286 230 182 639 495 450 375 75 155 82 79 144 108 201 82 119 72
is_linear=0
shrinkage=0.187109


Tree=24
num_leaves=21
num_cat=0
split_feature=46 47 42 19 38 39 39 17 19 3 50 31 47 6 43 7 0 38 19 19
split_gain=0.301991 0.833012 0.317568 1.75313 1.53165 1.04565 0.874094 0.773773 0.726045 1.37978 0.698132 0.227732 0.618939 1.10525 0.537022 1.38579 0.549123 0.148397 0.144407 0.0127965
threshold=125.00000000000001 9.5000000000000018 7.5000000000000009 3.5000000000000004 9.5000000000000018 7.5000000000000009 3.5000000000000004 1.5000000000000002 27.500000000000004 1.0000000180025095e-35 2.5000000000000004 1.0000000180025095e-35 12.500000000000002 1.5000000000000002 4.5000000000000009 1.0000000180025095e-35 1.5000000000000002 35.000000000000007 35.500000000000007 6.5000000000000009
decision_type=2 2 2 2 2 2 2 2 2 2 2 2 2 2 2 2 2 2 2 2
left_child=2 -2 3 4 6 19 -1 11 9 -9 -11 14 13 -13 16 -16 -4 -14 -10 -5
right_child=1 -3 7 5 -6 -7 -8 8 18 10 -12 12 17 -15 15 -17 -18 -19 -20 -21
leaf_value=0 0.07321036731022848 0 0.043936575888532371 0.12913808598563759 0.010882233849057496 0 -0.10036818569047667 0 0.020956708922614923 0 -0.10169689915474227 -0.042657221271427126 0 0 -0.045097322522165501 0.017550211000606452 0 0.037327346190172465 -0.015857511918870554 0
leaf_weight=3.35446993634105 7.1219206871464831 6.665118059143424 21.109658390283588 5.7509197033941764 7.6558258254081002 7.3160924753174177 8.4039173573255521 4.671545676887038 6.7384479409083706 4.2745576407760408 12.731020529754458 34.495601143687963 3.994188701733945 25.115129680372775 18.708586993161589 32.652122043073177 5.4511783346533766 5.1221045861020684 7.8552539283409715 6.4114420600235462
leaf_count=48 47 86 118 18 56 83 110 34 52 35 180 356 56 204 281 290 44 26 78 44
internal_value=0 0.0266913 -0.00167879 0.0094929 -0.012633 0.0560625 -0.0683939 -0.00670161 -0.0311273 -0.052718 -0.0796649 0 -0.0084416 -0.0201994 0.00626251 0 0.0285967 0.0153368 0 0.0892973
internal_weight=0 13.787 221.812 38.8927 19.4142 19.4785 11.7584 182.919 36.2708 21.6771 17.0056 146.649 68.727 59.6107 77.9215 51.3607 26.5608 9.11629 14.5937 12.1624
internal_count=2246 133 2113 359 214 145 158 1754 379 249 215 1375 642 560 733 571 162 82 130 62
is_linear=0
shrinkage=0.187109


Tree=25
num_leaves=27
num_cat=0
split_feature=48 46 19 7 19 2 48 7 7 15 15 7 19 42 27 27 3 19 48 39 39 39 42 0 38 7
split_gain=0.204482 0.460991 0.962745 0.873834 1.09272 0.389832 0.364491 1.1037 0.453101 0.384867 1.03714 0.766496 0.711448 0.554659 0.309391 0.453852 0.734435 0.319219 0.267309 0.943872 0.562188 0.135704 0.0768063 0.0594638 0.0162262 0.00101239
threshold=3.5000000000000004 9.5000000000000018 1.5000000000000002 5.5000000000000009 7.5000000000000009 1.0000000180025095e-35 5.5000000000000009 20.500000000000004 47.000000000000007 3.5000000000000004 10.500000000000002 6.5000000000000009 10.500000000000002 7.5000000000000009 8.5000000000000018 3.5000000000000004 23.500000000000004 13.500000000000002 7.5000000000000009 9.5000000000000018 9.5000000000000018 4.5000000000000009 85.000000000000014 1.0000000180025095e-35 55.000000000000007 1.0000000180025095e-35
decision_type=2 2 2 2 2 2 2 2 2 2 2 2 2 2 2 2 2 2 2 2 2 2 2 2 2 2
left_child=1 5 21 -4 -5 23 7 9 -9 12 11 -11 13 -2 15 18 17 -17 19 -8 -20 -3 -6 -1 -12 -23
right_child=6 2 3 4 22 -7 14 8 -10 10 24 -13 -14 -15 -16 16 -18 -19 20 -21 -22 25 -24 -25 -26 -27
leaf_value=0 0 -0.030311645190332418 0.093071116610027038 -0.047835480003948987 0.045957841161572803 -0.043376011651670494 0 -0.10473576959438098 0 0.074483086715053506 -0.015858721705716401 0 0 -0.052714147230821295 0.035591115786462769 -0.092260684642618815 0 0 0 0.047706981166827561 -0.069600202391091701 0 0 0.022664989962125778 0 0.0024667247686631344
leaf_weight=7.4179654549807328 4.5993097554892364 4.9957131212577215 9.6993745621293765 5.2142526218667653 13.37175213173032 7.0786821572110048 42.882360154297203 6.1445824503898603 1.9609296675771473 11.770788291469218 3.1369163715280584 4.0789987626485518 3.8636853713542214 19.404484326951206 8.3758014030754548 6.0239314036443812 5.1427621133625498 2.9155356893315911 19.925468037836257 17.849840450100601 4.1747575462795785 5.0875309156253916 4.1548206293955436 3.877406470477581 2.619388384744525 5.6498601548373699
leaf_count=87 44 70 58 61 90 85 378 108 26 74 41 41 19 220 60 87 40 35 191 147 86 66 40 24 26 42
internal_value=0 0.00874101 0.0209584 0.0410435 0 0 -0.00353373 -0.0160198 -0.0803507 0 0.0124808 0.0496089 -0.0189604 -0.0380406 0 0 -0.0333724 -0.0675509 0.000352485 0.0114458 -0.00756642 0 0.0382685 0 -0.00668296 0
internal_weight=0 66.5474 48.1733 32.4402 22.7408 18.3741 164.87 57.5791 8.10551 49.4736 21.6061 15.8498 27.8675 24.0038 107.29 98.9147 14.0822 8.93947 84.8324 60.7322 24.1002 15.7331 17.5266 11.2954 5.7563 10.7374
internal_count=2246 623 427 249 191 196 1623 599 134 465 182 115 283 264 1024 964 162 122 802 525 277 178 130 111 67 108
is_linear=0
shrinkage=0.187109


Tree=26
num_leaves=30
num_cat=0
split_feature=50 38 46 46 15 39 39 50 15 3 3 47 27 46 42 47 3 6 15 47 27 46 24 7 0 27 2 46 27
split_gain=0.291114 1.42942 1.72849 0.695224 0.627786 0.436767 0.909831 0.920441 0.512152 0.4545 1.35093 1.18796 1.91933 0.790958 1.08104 0.793344 0.617216 0.386132 0.264909 0.430671 0.250904 0.660621 0.240248 0.105182 0.0579435 0.0543691 0.0438015 0.028052 0.0214253
threshold=8.5000000000000018 25.000000000000004 11.500000000000002 65.000000000000014 3.5000000000000004 3.5000000000000004 1.5000000000000002 3.5000000000000004 1.5000000000000002 2.5000000000000004 16.500000000000004 10.500000000000002 5.5000000000000009 5.5000000000000009 25.000000000000004 11.500000000000002 25.500000000000004 1.5000000000000002 11.500000000000002 5.5000000000000009 1.0000000180025095e-35 10.500000000000002 1.0000000180025095e-35 7.5000000000000009 6.5000000000000009 2.5000000000000004 1.0000000180025095e-35 105.00000000000001 1.0000000180025095e-35
decision_type=2 2 2 2 2 2 2 2 2 2 2 2 2 2 2 2 2 2 2 2 2 2 2 2 2 2 2 2 2
left_child=5 2 20 4 -3 6 18 23 -9 13 11 12 -11 -7 15 -15 22 -5 19 -1 21 -2 -12 -8 -18 -22 -25 -16 -13
right_child=1 3 -4 17 -6 9 7 8 -10 10 16 28 -14 14 27 -17 24 -19 -20 -21 25 -23 -24 26 -26 -27 -28 -29 -30
leaf_value=-0.058069419435116079 -0.078286983861817427 0.067742004253894123 -0.14255211740278226 0 0 -0.022573459253837906 -0.001969142533014299 0 0.093003246648559995 -0.071948148743365595 0.064286759551398412 0.010244717556735033 0 0.072255580603052608 -0.0084493132517248788 0 -0.023459053873272438 -0.070696737298009418 0 0 0.019432330543618152 0 0 0.027489023792049629 0 0 0 0 0
leaf_weight=7.0465869447216409 5.0317312274128261 9.7797680050134677 5.6465280123520634 12.418934762477873 6.0184268457815042 5.4064525552093974 9.7817198093980569 6.0268350765109089 11.353066308423875 31.24697293061763 7.9646868202835339 6.9717147964984161 5.8807286713272324 18.247994266450409 13.581432038918139 4.2152865352109066 3.510980364866553 2.662897501140832 4.1339089255779973 5.8739901632070541 4.8655475121922773 2.4508174639195204 6.0578777808696032 6.6762880831956846 5.5465262178331614 5.3005007007159293 4.5483401622623205 5.4126863963901988 5.3131155390292406
leaf_count=76 111 58 199 158 62 78 82 50 60 323 48 38 45 124 104 41 48 64 25 57 49 34 50 40 35 75 37 27 48
internal_value=0 -0.0119615 -0.0496208 0.000998576 0.0385226 0.00371552 0.0178431 0.0358499 0.0682549 0 -0.0118453 -0.0329604 -0.0505876 0.0110233 0.0270946 0.0549714 0.0124775 -0.00660895 0 -0.0266121 0 -0.0338688 0.0421544 0 0 0 0.0178784 0 0
internal_weight=0 54.1752 23.2951 30.88 15.7982 174.797 55.4407 38.3862 17.3799 119.356 72.4926 49.4125 37.1277 46.8639 41.4574 22.4633 23.0801 15.0818 17.0545 12.9206 17.6486 7.48255 14.0226 21.0063 9.05751 10.166 11.2246 18.9941 12.2848
internal_count=2246 810 468 342 120 1436 427 269 110 1009 635 454 368 374 296 165 181 222 158 133 269 145 98 159 83 124 77 131 86
is_linear=0
shrinkage=0.187109


Tree=27
num_leaves=25
num_cat=0
split_feature=50 50 3 16 2 27 43 39 46 47 39 2 50 43 39 47 46 42 43 42 38 2 7 7
split_gain=0.254018 0.367502 0.348264 0.426678 0.316882 1.045 1.82355 0.588628 0.458979 1.14703 0.63 0.303229 0.261886 0.260972 0.389553 0.113428 0.0812803 0.381762 0.181008 0.496309 0.0764259 0.045472 0.0338511 0.0330907
threshold=5.5000000000000009 2.5000000000000004 1.0000000180025095e-35 1.5000000000000002 3.5000000000000004 1.5000000000000002 13.500000000000002 10.500000000000002 6.5000000000000009 6.5000000000000009 10.500000000000002 1.5000000000000002 10.500000000000002 8.5000000000000018 7.5000000000000009 8.5000000000000018 45.000000000000007 9.5000000000000018 2.5000000000000004 45.000000000000007 65.000000000000014 1.0000000180025095e-35 4.5000000000000009 2.5000000000000004
decision_type=2 2 2 2 2 2 2 2 2 2 2 2 2 2 2 2 2 2 2 2 2 2 2 2
left_child=1 16 23 13 5 8 7 12 9 -2 15 -12 -7 14 -4 -10 17 -1 -19 -20 -6 -18 -15 -3
right_child=4 2 3 -5 20 6 -8 -9 10 -11 11 -13 -14 22 -16 -17 21 18 19 -21 -22 -23 -24 -25
leaf_value=0 0 0 0.055294199651180133 0 0 -0.087899580409605105 0 0 0.010859597437356353 0.085986988837120359 -0.062830439575177852 0 0 0 0 -0.0064594579890158701 0.014479976980478504 0 -0.054669911742807858 0 0.018779956071637641 0 0.014254686183080987 -0.013727248783726822
leaf_weight=8.0323764849454147 5.1119803218170983 8.3924299646168929 21.845122724771503 10.86776424013078 4.3747184965759507 18.640336615499116 7.7157237487845114 4.8890434314962468 26.777451227419078 7.1679772194474936 8.5907055987045151 1.609105504117905 3.2251963205635539 6.8372483216226083 6.2271595243364564 18.820205692667514 7.4175668805837613 7.6550486087799099 13.182654144242408 3.3639772618189445 8.1545489076524955 4.1773050222545862 5.6572323339059949 5.9727613646537057
leaf_count=78 72 70 137 89 51 192 61 93 242 43 167 22 74 85 52 272 50 55 115 28 55 42 46 55
internal_value=0 0.00644019 0.0162495 0.0239539 -0.00613574 -0.0121527 -0.0386508 -0.0655179 0 0.0336894 -0.00587586 -0.048085 -0.0786115 0.033068 0.0435961 0 0 -0.00937031 -0.025788 -0.0367209 0.00454227 0 0 0
internal_weight=0 109.629 65.7997 51.4345 115.077 102.548 34.4703 26.7546 68.0774 12.28 55.7975 10.1998 21.8655 40.5668 28.0723 45.5977 43.8289 32.2341 24.2017 16.5466 12.5293 11.5949 12.4945 14.3652
internal_count=2246 902 534 409 1344 1238 420 359 818 115 703 189 266 320 189 514 368 276 198 143 106 92 131 125
is_linear=0
shrinkage=0.187109


Tree=28
num_leaves=32
num_cat=0
split_feature=50 43 38 46 46 38 43 31 7 31 19 50 49 43 47 38 47 19 7 49 38 19 47 47 46 46 49 49 42 27 43
split_gain=0.224691 0.848587 1.3417 0.999617 1.81197 0.629512 0.406584 0.959765 1.19703 0.795667 1.08743 0.579935 0.433449 0.361549 0.61715 0.354434 0.414491 0.318603 0.306715 0.275156 0.197971 0.258111 0.176166 0.286227 0.125824 0.0493318 0.449261 0.145677 0.0233792 0.125148 0.00769708
threshold=8.5000000000000018 5.5000000000000009 75.000000000000014 11.500000000000002 145.00000000000003 65.000000000000014 5.5000000000000009 3.5000000000000004 4.5000000000000009 4.5000000000000009 3.5000000000000004 6.5000000000000009 2.5000000000000004 13.500000000000002 3.5000000000000004 10.500000000000002 11.500000000000002 35.500000000000007 1.5000000000000002 8.5000000000000018 35.000000000000007 1.5000000000000002 2.5000000000000004 4.5000000000000009 35.000000000000007 85.000000000000014 8.5000000000000018 5.5000000000000009 14.500000000000002 1.0000000180025095e-35 3.5000000000000004
decision_type=2 2 2 2 2 2 2 2 2 2 2 2 2 2 2 2 2 2 2 2 2 2 2 2 2 2 2 2 2 2 2
left_child=6 5 3 28 -5 -2 7 8 20 10 15 24 -11 14 -14 18 -17 22 -8 -10 21 -1 -9 -24 -12 26 -4 -27 29 -3 -22
right_child=1 2 25 4 -6 -7 9 17 19 12 11 -13 13 -15 -16 16 -18 -19 -20 -21 30 -23 23 -25 -26 27 -28 -29 -30 -31 -32
leaf_value=0 0.048948135003966886 -0.035429721874307298 0 -0.16196251804372214 0 0 0 0 -0.098908560929972258 0 0.017031831648619582 0.09094083731411251 0 0 -0.091349450538042193 0.030158869183525682 0 0 -0.05413950564823565 0 0 0.034395515021158965 0.067457973297493423 0 0 0 0.048371442013260428 -0.044768060613269656 0 0 -0.037245281722155403
leaf_weight=14.840347777120771 9.4103439366444928 3.9673162577673811 4.2579147238284367 6.6940102691296479 0.99995396472513665 4.4868573732674113 11.278130540624263 5.5681109614670339 7.820332180708645 4.6574044264853027 15.205687228590252 12.000995617359875 3.5984245203435403 2.8785455003380767 5.8757861731573939 24.429676557891071 7.6257208455353966 4.1974295862019053 5.037401537410914 4.1167309284210205 6.6654136218130571 7.7033026963472357 7.4683254491537792 7.9058266691863537 5.4462336413562289 3.2264988883398464 7.2851621760055423 2.3695669192820787 2.4818593915551892 7.1785065424628556 4.8105235379189253
leaf_count=124 64 116 49 240 11 52 137 43 75 27 119 67 35 23 86 196 73 38 72 38 44 47 39 60 49 46 38 65 23 106 44
internal_value=0 -0.0106903 -0.0300057 -0.0616707 -0.121807 0.00811618 0.00331704 -0.00269264 -0.024048 0.0125955 0.0228464 0.0495049 -0.00783319 -0.0359925 -0.0547146 0 0.0156244 0.0171432 -0.0165933 -0.0752499 0 0.00353682 0.0296733 0.0399056 0.00164922 0 0.0121402 0 0 -0.00850291 -0.0238848
internal_weight=0 52.358 38.4608 21.3216 7.69396 13.8972 169.13 71.0963 45.9567 98.034 81.0238 32.6529 17.0102 12.3528 9.47421 48.3709 32.0554 25.1397 16.3155 11.9371 34.0196 22.5437 20.9423 15.3742 20.6519 17.1391 11.5431 5.59607 13.6277 11.1458 11.4759
internal_count=2246 810 694 496 251 116 1436 552 372 884 713 235 171 144 121 478 269 180 209 113 259 171 142 99 168 198 87 111 245 222 88
is_linear=0
shrinkage=0.187109


Tree=29
num_leaves=26
num_cat=0
split_feature=49 7 48 3 15 43 46 39 7 42 48 49 43 50 46 42 19 6 50 3 46 48 48 15 3
split_gain=0.0837985 0.486197 0.657423 0.744129 0.572687 0.91751 0.447394 0.435433 0.382028 0.774727 0.653989 0.498806 0.507497 0.962187 0.396897 0.367409 0.0735575 0.0619518 0.051027 0.0363989 0.0261598 0.0135736 0.054941 0.00972363 0.00617917
threshold=7.5000000000000009 17.000000000000004 4.5000000000000009 5.5000000000000009 9.5000000000000018 7.5000000000000009 11.500000000000002 9.5000000000000018 24.500000000000004 15.500000000000002 7.5000000000000009 11.500000000000002 14.500000000000002 3.5000000000000004 9.5000000000000018 7.5000000000000009 34.500000000000007 3.5000000000000004 3.5000000000000004 1.0000000180025095e-35 11.500000000000002 4.5000000000000009 2.5000000000000004 7.5000000000000009 14.500000000000002
decision_type=2 2 2 2 2 2 2 2 2 2 2 2 2 2 2 2 2 2 2 2 2 2 2 2 2
left_child=1 2 4 -4 7 -6 17 20 9 14 16 12 13 -11 -2 -9 -10 -3 -13 -16 -1 22 -8 -5 -12
right_child=8 6 3 23 5 -7 21 15 10 11 24 18 -14 -15 19 -17 -18 -19 -20 -21 -22 -23 -24 -25 -26
leaf_value=0.0061982523676754244 -0.058349241573251921 -0.061609365368549683 0.05460083564949765 -0.0092825162004025012 0 0.074489607995839383 0 0 0.05514651947857107 0 -0.0090911439798601768 0 0 -0.059430886683906461 0 -0.06193553377310667 0 0 0.035714011624806773 -0.011681401579322124 -0.0031679002607220832 0 0.015634296475263171 0 0
leaf_weight=18.139034995809197 15.953205887228252 5.4332002745941299 21.256484253332019 3.7756401440128666 4.9252988286316386 8.6579219112172705 4.7545063067227629 2.5175611209124309 8.580824668984862 9.4440276175737434 2.4422944365069261 3.9837139956653109 3.2602276504039756 15.590603212825952 5.8706118138507 7.9756911380682141 3.6304556410759679 4.7095000399276614 11.599048175849019 9.1635721665807051 20.974499144591391 3.3898469605483106 9.6381802563555521 6.9793466115370393 2.9851834308356047
leaf_count=175 235 79 155 45 53 61 44 30 74 68 44 31 21 176 54 139 28 48 95 152 224 57 89 47 22
internal_value=0 0.0031953 0.0124674 0.0342882 0 0.0350376 -0.0110895 -0.00796649 -0.00425109 -0.0136065 0.00805874 0 -0.0121917 -0.0295405 -0.0362794 -0.0415341 0.0440667 -0.0430463 0.0289771 0 0 0 0.00571144 0 0
internal_weight=0 123.127 95.2015 32.0115 63.19 13.5832 27.9252 49.6068 92.5038 74.865 17.6388 43.8776 28.2949 25.0346 30.9874 10.4933 12.2113 10.1427 15.5828 15.0342 39.1135 17.7825 14.3927 10.755 5.42748
internal_count=2246 1246 929 247 682 114 317 568 1000 832 168 391 265 244 441 169 102 127 126 206 399 190 133 92 66
is_linear=0
shrinkage=0.187109


Tree=30
num_leaves=17
num_cat=0
split_feature=7 50 19 19 39 46 27 31 42 39 39 42 15 42 19 15
split_gain=0.112889 0.660906 0.454614 0.369377 0.265174 0.258762 0.156723 0.47037 0.21922 0.472361 0.608615 0.25072 0.374216 0.251037 0.109773 0.0314956
threshold=17.000000000000004 10.500000000000002 10.500000000000002 27.500000000000004 9.5000000000000018 25.000000000000004 5.5000000000000009 1.0000000180025095e-35 15.500000000000002 3.5000000000000004 5.5000000000000009 55.000000000000007 2.5000000000000004 85.000000000000014 37.500000000000007 14.500000000000002
decision_type=2 2 2 2 2 2 2 2 2 2 2 2 2 2 2 2
left_child=2 3 6 4 5 -2 8 15 9 -1 -11 12 -10 -13 -5 -8
right_child=1 -3 -4 14 -6 -7 7 -9 11 10 -12 13 -14 -15 -16 -17
leaf_value=0 -0.04895600743903146 -0.085884255410242957 0.044832921931494657 0.028154708730992468 0 0 0.067487014087348751 0 0.033327754194320582 -0.085378125590460111 -0.00042108788547947729 -0.023473098500116103 0 0 0 0
leaf_weight=16.745349525008351 10.131892389617866 3.366340310778468 8.2247693529352528 12.963801885023715 7.4705185992643228 12.791620112955568 4.7613818286918121 8.166709060315041 19.328429742716256 6.1472227326594284 37.235024881083518 16.167023877613246 12.48848493862897 27.147731910226867 5.4732102481648317 4.9064353951252997
leaf_count=197 114 112 51 96 93 110 30 84 134 115 468 146 107 299 51 39
internal_value=0 -0.00754879 0.00244808 0 -0.0144239 -0.0260241 0 0.0165171 -0.00205792 -0.0116955 -0.0238545 0 0.0163595 -0.00222624 0.0187909 0.0466068
internal_weight=0 52.1974 161.319 48.831 30.394 22.9235 153.094 17.8345 135.259 60.1276 43.3822 75.1317 31.8169 43.3148 18.437 9.66782
internal_count=2246 576 1670 464 317 224 1619 153 1466 780 583 686 241 445 147 69
is_linear=0
shrinkage=0.187109


end of trees

feature_importances:
result_1=67
result_2=63
ninki_3=57
ninki_2=56
result_3=55
self_popularity=51
ninki_1=47
f_courseout=42
umaban=39
mf_courseout=37
waku=36
mf_classout=35
f_classout=30
f_course3=24
f_lenout=24
mf_classout.1=15
f_course1=12
mf_course3=10
f_course2=7
mf_course1=7
mf_course2=6
mf_len1=4
f_len1=3
f_len2=3
mf_len2=3
f_class1=3
mf_class1=3
mf_class3=3
f_len3=2
mf_len3=2
f_class3=2
f_mf_courseout=1
f_mf_classout=1
f_class2=1

parameters:
[boosting: gbdt]
[objective: lambdarank]
[metric: ndcg]
[tree_learner: serial]
[device_type: cpu]
[data_sample_strategy: bagging]
[data: ]
[valid: ]
[num_iterations: 125]
[learning_rate: 0.187109]
[num_leaves: 62]
[num_threads: 16]
[seed: 0]
[deterministic: 0]
[force_col_wise: 1]
[force_row_wise: 0]
[histogram_pool_size: -1]
[max_depth: 6]
[min_data_in_leaf: 29]
[min_sum_hessian_in_leaf: 0.001]
[bagging_fraction: 1]
[pos_bagging_fraction: 1]
[neg_bagging_fraction: 1]
[bagging_freq: 0]
[bagging_seed: 7719]
[feature_fraction: 1]
[feature_fraction_bynode: 1]
[feature_fraction_seed: 2437]
[extra_trees: 0]
[extra_seed: 11797]
[early_stopping_round: 0]
[first_metric_only: 0]
[max_delta_step: 0]
[lambda_l1: 2.58401]
[lambda_l2: 0.175191]
[linear_lambda: 0]
[min_gain_to_split: 0]
[drop_rate: 0.1]
[max_drop: 50]
[skip_drop: 0.5]
[xgboost_dart_mode: 0]
[uniform_drop: 0]
[drop_seed: 21238]
[top_rate: 0.2]
[other_rate: 0.1]
[min_data_per_group: 100]
[max_cat_threshold: 32]
[cat_l2: 10]
[cat_smooth: 10]
[max_cat_to_onehot: 4]
[top_k: 20]
[monotone_constraints: ]
[monotone_constraints_method: basic]
[monotone_penalty: 0]
[feature_contri: ]
[forcedsplits_filename: ]
[refit_decay_rate: 0.9]
[cegb_tradeoff: 1]
[cegb_penalty_split: 0]
[cegb_penalty_feature_lazy: ]
[cegb_penalty_feature_coupled: ]
[path_smooth: 0]
[interaction_constraints: ]
[verbosity: -1]
[saved_feature_importance_type: 0]
[use_quantized_grad: 0]
[num_grad_quant_bins: 4]
[quant_train_renew_leaf: 0]
[stochastic_rounding: 1]
[linear_tree: 0]
[max_bin: 255]
[max_bin_by_feature: ]
[min_data_in_bin: 3]
[bin_construct_sample_cnt: 200000]
[data_random_seed: 38]
[is_enable_sparse: 1]
[enable_bundle: 1]
[use_missing: 1]
[zero_as_missing: 0]
[feature_pre_filter: 1]
[pre_partition: 0]
[two_round: 0]
[header: 0]
[label_column: ]
[weight_column: ]
[group_column: ]
[ignore_column: ]
[categorical_feature: ]
[forcedbins_filename: ]
[precise_float_parser: 0]
[parser_config_file: ]
[objective_seed: 8855]
[num_class: 1]
[is_unbalance: 0]
[scale_pos_weight: 1]
[sigmoid: 1]
[boost_from_average: 1]
[reg_sqrt: 0]
[alpha: 0.9]
[fair_c: 1]
[poisson_max_delta_step: 0.7]
[tweedie_variance_power: 1.5]
[lambdarank_truncation_level: 30]
[lambdarank_norm: 1]
[label_gain: ]
[lambdarank_position_bias_regularization: 0]
[eval_at: 1,3,5]
[multi_error_top_k: 1]
[auc_mu_weights: ]
[num_machines: 1]
[local_listen_port: 12400]
[time_out: 120]
[machine_list_filename: ]
[machines: ]
[gpu_platform_id: -1]
[gpu_device_id: -1]
[gpu_use_dp: 0]
[num_gpu: 1]

end of parameters

pandas_categorical:[]
