tree
version=v4
num_class=1
num_tree_per_iteration=1
label_index=0
max_feature_idx=49
objective=lambdarank
feature_names=f_course1 f_course2 f_course3 f_courseout mf_course1 mf_course2 mf_course3 mf_courseout f_mf_course1 f_mf_course2 f_mf_course3 f_mf_courseout f_len1 f_len2 f_len3 f_lenout mf_len1 mf_len2 mf_len3 mf_classout f_mf_len1 f_mf_len2 f_mf_len3 f_mf_classout f_class1 f_class2 f_class3 f_classout mf_class1 mf_class2 mf_class3 mf_classout.1 f_mf_class1 f_mf_class2 f_mf_class3 f_mf_classout.1 time_df_course1 time_df_class1 ninki_1 result_1 time_df_course2 time_df_class2 ninki_2 result_2 time_df_course3 time_df_class3 ninki_3 result_3 waku umaban
feature_infos=[0:12] [0:8] [0:8] [0:57] [0:11] [0:12] [0:13] [0:69] [0:2] [0:2] [0:2] [0:6] [0:9] [0:6] [0:6] [0:31] [0:6] [0:5] [0:4] [0:19] none none none [0:4] [0:6] [0:4] [0:3] [0:14] [0:3] [0:4] [0:2] [0:12] none none none [0:4] [-1:0] [-1:0] [-1:170] [-1:150] [-1:0] [-1:0] [-1:180] [-1:180] [-1:0] [-1:0] [-1:160] [-1:150] [1:8] [1:12]
tree_sizes=1988 1897 2604 2309 2418 1591

Tree=0
num_leaves=18
num_cat=0
split_feature=43 47 38 49 47 38 39 39 3 46 19 19 47 6 7 15 43
split_gain=30.7399 10.0768 9.34893 6.49624 6.31175 6.15967 5.96508 5.19654 5.37485 4.82649 3.9103 3.15609 3.05508 2.39103 3.15228 1.18324 2.2568
threshold=4.5000000000000009 3.5000000000000004 75.000000000000014 11.500000000000002 13.500000000000002 9.5000000000000018 1.5000000000000002 7.5000000000000009 1.5000000000000002 55.000000000000007 1.0000000180025095e-35 2.5000000000000004 8.5000000000000018 1.0000000180025095e-35 1.0000000180025095e-35 1.5000000000000002 2.5000000000000004
decision_type=2 2 2 2 2 2 2 2 2 2 2 2 2 2 2 2 2
left_child=7 6 3 4 5 -3 -2 8 13 -4 -6 -8 -9 14 -1 -10 -17
right_child=1 2 9 -5 10 -7 11 12 15 -11 -12 -13 -14 -15 -16 16 -18
leaf_value=0.1178088473177745 0.25933362473648863 -0.18484685000921849 -0.036434260254938615 0.10867704286548041 -0.094908566997204555 -0.040135699032072578 -0.10878494207821883 -0.12790965603498233 0.29664972169103904 -0.30773577923586704 0.093285086687507762 0.088591738557257479 0.11735591345497 0.16430213686841433 -0.12288512646351973 0.081485441289354268 0.24565872295211752
leaf_weight=3.3507197983562964 4.0222893878817549 20.575219217687845 3.0713797286152831 6.6093458235263816 5.6537541523575774 18.654536753892899 4.4381806217133981 3.3064774312078944 6.4442481249570873 8.243663836270569 9.2356735281646234 5.999874722212553 2.9505773633718491 4.6000338457524776 3.3719111308455467 4.852811947464942 8.003581337630747
leaf_count=23 15 230 28 44 57 175 57 39 22 112 61 42 20 28 38 41 36
internal_value=0 -0.0590572 -0.0868028 -0.0579858 -0.0788377 -0.11683 0.077862 0.138068 0.168644 -0.236839 0.0209403 0.00338629 -0.0108972 0.0667436 -0.001771 0.226623 0.186651
internal_weight=0 86.5039 72.0436 60.7285 54.1192 39.2298 14.4603 36.8804 30.6233 11.315 14.8894 10.4381 6.25705 11.3227 6.72263 19.3006 12.8564
internal_count=1068 821 707 567 523 405 114 247 188 140 118 99 59 89 61 99 77
is_linear=0
shrinkage=0.181219


Tree=1
num_leaves=17
num_cat=0
split_feature=47 17 43 15 42 3 39 38 43 46 46 19 39 38 47 49
split_gain=23.0193 15.7833 11.7561 8.8435 11.0611 6.67848 11.1786 8.34925 11.9992 11.2489 4.97047 4.56827 4.14505 3.94085 3.31418 2.99159
threshold=3.5000000000000004 2.5000000000000004 3.5000000000000004 10.500000000000002 55.000000000000007 12.500000000000002 6.5000000000000009 8.5000000000000018 13.500000000000002 8.5000000000000018 1.0000000180025095e-35 1.0000000180025095e-35 4.5000000000000009 25.000000000000004 9.5000000000000018 6.5000000000000009
decision_type=2 2 2 2 2 2 2 2 2 2 2 2 2 2 2 2
left_child=3 2 11 4 10 7 13 8 -4 -9 15 -2 -12 -7 -8 -1
right_child=1 -3 5 -5 -6 6 14 9 -10 -11 12 -13 -14 -15 -16 -17
leaf_value=-0.012736162850918007 0.1764283707357332 -0.27172604222283064 -0.17057645609547603 0.23421777543074984 -0.12674219591273933 -0.10074438524261704 -0.13649443061569536 0.13845375378460498 0.050949907991116102 -0.033650276227619902 0.18523412642603723 0.016789498302183951 0.035813738381099178 0.11112082819535403 -0.33432856318511739 0.11174688910826448
leaf_weight=18.022271435707811 10.79160473495722 8.8846599683165532 23.876012183725834 10.554682441055773 9.1077059954404813 5.9458044618368167 5.6478529423475248 16.804118808358908 11.850469892844556 46.415519677102566 19.683461830019954 13.046860232949255 9.1826794110238534 5.209721777588129 6.9263554289937019 9.4606299698352796
leaf_count=56 27 46 176 21 51 39 49 50 53 253 51 38 51 22 52 33
internal_value=0 -0.0399655 -0.0254833 0.0815905 0.0561777 -0.0481716 -0.134177 -0.0272187 -0.0969947 0.0122721 0.0862546 0.0903218 0.138596 -0.000835822 -0.249849 0.0303374
internal_weight=0 155.399 146.514 76.0114 65.4567 122.676 23.7297 98.9461 35.7265 63.2196 56.349 23.8385 28.8661 11.1555 12.5742 27.4829
internal_count=1068 805 759 263 242 694 162 532 229 303 191 65 102 61 101 89
is_linear=0
shrinkage=0.181219


Tree=2
num_leaves=24
num_cat=0
split_feature=39 39 47 49 39 27 48 42 46 49 0 3 39 19 15 31 42 49 46 47 47 47 43
split_gain=9.5253 13.0987 8.91322 13.0907 7.93618 4.98503 4.77174 4.27757 3.9841 3.76559 3.48255 5.39841 3.46912 4.74058 3.90465 3.19092 5.45562 5.21051 7.5254 2.76825 2.17357 1.28361 1.18002
threshold=7.5000000000000009 10.500000000000002 4.5000000000000009 10.500000000000002 14.500000000000002 1.5000000000000002 3.5000000000000004 10.500000000000002 19.000000000000004 7.5000000000000009 1.5000000000000002 2.5000000000000004 2.5000000000000004 2.5000000000000004 1.0000000180025095e-35 1.5000000000000002 25.000000000000004 5.5000000000000009 13.500000000000002 9.5000000000000018 7.5000000000000009 8.5000000000000018 6.5000000000000009
decision_type=2 2 2 2 2 2 2 2 2 2 2 2 2 2 2 2 2 2 2 2 2 2 2
left_child=2 5 8 15 6 7 -3 19 12 -6 11 -8 13 -1 -14 17 -17 18 -4 -2 -19 -9 -10
right_child=1 4 3 -5 9 -7 10 21 22 -11 -12 -13 14 -15 -16 16 -18 20 -20 -21 -22 -23 -24
leaf_value=0.012763094530756016 -0.10285536763171377 0.14108858722565729 -0.049079852444662571 0.1356757119023447 -0.23361401659384468 -0.26591574250159522 0.029104361769067166 -0.11424265479733715 0.099199121747521074 0.0046188682880137118 0.11115952639578146 -0.19354500643099079 0.061691999890260509 0.17400633256719186 -0.11672793320272624 -0.12025816455446374 0.089120555369942844 0.061910842990503145 -0.29957242201208006 0.075768183178765186 -0.079904184739632789 -0.26065767553356572 0.18502959251549658
leaf_weight=14.348799481987955 5.8253616169095093 12.066161662340162 8.3122030124068278 13.351946014910935 5.3111494909971935 8.2044441625475866 10.34604822099209 5.1919944472610933 17.198159620165828 3.4731485806405544 6.3180689122527829 5.1821290869265786 7.8514306023716909 10.266743551939724 7.8010183349251747 7.0064868405461338 9.2073552031069976 5.8999183867126694 7.6226748395711175 5.1583693362772465 8.1843333598226291 4.2334591997787356 9.0329111590981466
leaf_count=52 43 47 66 56 48 68 50 49 52 28 38 48 33 23 30 49 39 27 53 25 62 52 30
internal_value=0 -0.0528429 0.0299252 -0.0208382 0.0106442 -0.147253 0.0506922 -0.0969075 0.0754585 -0.14059 0 -0.0462652 0.0390229 0.0812618 -0.027071 -0.0666314 -0.00122944 -0.101423 -0.171778 -0.0183694 -0.0198726 -0.185149 0.130315
internal_weight=0 71.3103 126.084 59.5849 42.6967 28.6136 33.9124 20.4092 66.4991 8.7843 21.8462 15.5282 40.268 24.6155 15.6524 46.233 16.2138 30.0191 15.9349 10.9837 14.0843 9.42545 26.2311
internal_count=1068 496 572 352 259 237 183 169 220 76 136 98 138 75 63 296 88 208 119 68 89 101 82
is_linear=0
shrinkage=0.181219


Tree=3
num_leaves=21
num_cat=0
split_feature=47 0 47 49 43 6 7 38 42 48 38 48 49 6 48 46 38 42 39 3
split_gain=7.39333 5.39508 4.49024 5.38121 8.87 5.70191 6.20797 6.74127 3.95561 4.72586 2.99017 2.97739 3.21469 3.41265 2.70243 2.7492 2.67401 2.24598 0.898529 0.626547
threshold=4.5000000000000009 5.5000000000000009 6.5000000000000009 10.500000000000002 7.5000000000000009 1.0000000180025095e-35 1.5000000000000002 9.5000000000000018 55.000000000000007 5.5000000000000009 7.5000000000000009 2.5000000000000004 7.5000000000000009 1.0000000180025095e-35 2.5000000000000004 10.500000000000002 65.000000000000014 14.500000000000002 2.5000000000000004 4.5000000000000009
decision_type=2 2 2 2 2 2 2 2 2 2 2 2 2 2 2 2 2 2 2 2
left_child=1 8 16 5 -5 6 17 -8 11 -10 -6 -1 18 -14 -7 -16 19 -4 -13 -2
right_child=2 -3 3 4 10 14 7 -9 9 -11 -12 12 13 -15 15 -17 -18 -19 -20 -21
leaf_value=-0.039165675858097486 -0.10561969144158799 0.19328426057131184 -0.031594398090502032 0.23641771745633289 0.068655397710088328 -0.0039511072779889128 -0.08571809984108629 0.13291507389360549 -0.20043651233072057 0.047963415234260648 -0.1269782076859334 0.14046557301517223 -0.051308806099669285 0.084135110603875615 -0.038727538807293897 -0.18879600063620181 0.0067153268457454118 -0.16802153837184716 0.064385471162866317 -0.2070175722216181
leaf_weight=11.053553488105534 4.7430215459316951 6.8878170996904364 14.795971971005203 6.5437509343028095 4.7417848221957666 6.5147605091333416 6.3467627353966263 15.516344102099536 4.911558546125887 4.729669377207756 5.0760510805994272 14.260845545679333 11.915182657539846 12.051402805373071 6.2421501856297281 12.639735887758432 3.7422046288847914 5.3919000038877121 9.6426078863441926 6.4146357364952564
leaf_count=46 41 16 101 17 25 50 61 79 41 26 43 43 61 45 52 124 28 60 51 58
internal_value=0 0.0426403 -0.0326154 -0.0160621 0.0763707 -0.0387772 0.00207015 0.0688532 0.0268377 -0.0793106 -0.0321976 0.0445694 0.0641664 0.0165904 -0.106199 -0.140602 -0.123643 -0.0698067 0.110956 -0.167417
internal_weight=0 75.4526 98.7091 83.8092 16.3616 67.4476 42.051 21.8631 68.5648 9.64123 9.81784 58.9236 47.87 23.9666 25.3966 18.8819 14.8999 20.1879 23.9035 11.1577
internal_count=1068 329 739 612 85 527 301 140 313 67 68 246 200 106 226 176 127 161 94 99
is_linear=0
shrinkage=0.181219


Tree=4
num_leaves=22
num_cat=0
split_feature=43 5 3 43 15 49 15 19 49 43 7 3 47 46 7 7 5 49 46 31 38
split_gain=7.30357 6.91814 3.56882 3.14916 4.50397 7.94631 6.72486 6.44886 4.36558 3.6783 2.70175 2.69865 3.20607 2.6069 4.91673 1.812 2.73553 0.776696 0.731878 0.448733 0.0908508
threshold=5.5000000000000009 2.5000000000000004 11.500000000000002 14.500000000000002 1.0000000180025095e-35 6.5000000000000009 1.5000000000000002 1.0000000180025095e-35 6.5000000000000009 8.5000000000000018 7.5000000000000009 2.5000000000000004 7.5000000000000009 19.000000000000004 1.5000000000000002 22.500000000000004 1.0000000180025095e-35 7.5000000000000009 8.5000000000000018 2.5000000000000004 10.500000000000002
decision_type=2 2 2 2 2 2 2 2 2 2 2 2 2 2 2 2 2 2 2 2 2
left_child=11 3 20 4 5 7 18 -2 -8 -7 17 13 15 14 -1 16 -13 -5 -6 -4 -3
right_child=1 2 19 10 6 9 8 -9 -10 -11 -12 12 -14 -15 -16 -17 -18 -19 -20 -21 -22
leaf_value=0.05974848275710095 -0.20085036530633732 -0.16504875205991187 0.013314081173110762 -0.056412947735216247 -0.12798953780823852 0.16748896187146961 0.041585318611653238 0.036936476718022582 -0.1094818451540075 0.012024208373762895 0.1547840123763137 0.1288971161452892 -0.027342373658927586 0.075656938693954207 -0.12900429824421689 0.17590016141840889 -0.0032473443495109632 0.051337233661748638 -0.26763369210673099 -0.08140788011759488 -0.25331648621524433
leaf_weight=8.5537376739084774 7.3297980017960054 3.5442509502172452 2.8342327810823909 4.1646793708205205 2.9201386198401442 10.073683762922885 13.256567480042579 7.2348215747624636 11.515881706029175 10.034511018544434 6.0771221686154595 12.251124868169432 7.2287053409963837 10.411099374294279 9.1332789510488492 8.6195081342011672 8.5370516330003721 4.1899514906108379 4.8364392872899771 3.1840302497148514 4.8304036632180214
leaf_count=33 70 35 25 38 21 44 108 53 107 71 31 50 37 49 57 33 45 23 55 37 46
internal_value=0 -0.0316894 -0.146617 -0.0109976 -0.0276047 0.0176191 -0.0758684 -0.0833238 -0.0286362 0.0912531 0.0650428 0.0469579 0.0792303 0.00430475 -0.0376228 0.105719 0.0747424 -0.00146019 -0.220903 -0.0365113 -0.221919
internal_weight=0 96.0265 14.3929 81.6336 67.2018 34.6728 32.529 14.5646 24.7724 20.1082 14.4318 64.7345 36.6364 28.0981 17.687 29.4077 20.7882 8.35463 7.75658 6.01826 8.37465
internal_count=1068 764 143 621 529 238 291 123 215 115 92 304 165 139 90 128 95 61 76 62 81
is_linear=0
shrinkage=0.181219


Tree=5
num_leaves=14
num_cat=0
split_feature=46 39 38 42 46 13 46 47 38 39 0 39 39
split_gain=4.33842 4.37518 3.75992 3.48207 4.47051 3.82441 6.43235 2.80436 3.89415 1.01244 0.76027 0.643444 0.215137
threshold=95.000000000000014 14.500000000000002 65.000000000000014 95.000000000000014 13.500000000000002 1.5000000000000002 8.5000000000000018 12.500000000000002 35.000000000000007 15.500000000000002 1.0000000180025095e-35 9.5000000000000018 6.5000000000000009
decision_type=2 2 2 2 2 2 2 2 2 2 2 2 2
left_child=1 3 -2 4 5 6 -1 8 -6 -3 -5 -9 -4
right_child=2 9 12 10 7 -7 -8 11 -10 -11 -12 -13 -14
leaf_value=0.017023570240833348 -0.0096605515585827546 -0.059236512255525557 -0.11910236297267893 -0.039923354166816416 0.12948959003793048 0.10813480288490325 -0.10127750147527781 -0.080904971363896572 0.021861143797266953 -0.23242396328696055 -0.17077070081283471 0.017357675685191504 -0.23473161146519331
leaf_weight=48.44851278886199 7.341659674420951 2.4751159101724616 1.9176391270011661 3.1041966732591382 24.127277991734445 8.4310134779661876 21.632783103734255 4.2767267525196058 20.786067610606551 2.5079176519066095 3.3431508261710405 3.9331522174179554 3.9613287830725312
leaf_count=280 51 25 28 31 97 55 189 41 121 33 35 21 61
internal_value=0 0.00923214 -0.098479 0.0154069 0.0218954 -0.00549526 -0.0195688 0.0623959 0.0802005 -0.153925 -0.112299 -0.0335769 -0.203834
internal_weight=0 143.066 13.2206 138.083 131.636 78.5123 70.0813 53.1232 44.9133 4.98303 6.44735 8.20988 5.87897
internal_count=1068 928 140 870 804 524 469 280 218 58 66 62 89
is_linear=0
shrinkage=0.181219


end of trees

feature_importances:
result_1=13
result_3=13
ninki_3=11
ninki_1=10
umaban=10
result_2=9
f_courseout=6
ninki_2=6
mf_courseout=5
f_lenout=5
mf_classout=5
waku=4
f_course1=3
mf_course3=3
mf_course2=2
mf_classout.1=2
f_len2=1
mf_len2=1
f_classout=1

parameters:
[boosting: gbdt]
[objective: lambdarank]
[metric: ndcg]
[tree_learner: serial]
[device_type: cpu]
[data_sample_strategy: bagging]
[data: ]
[valid: ]
[num_iterations: 146]
[learning_rate: 0.181219]
[num_leaves: 62]
[num_threads: 16]
[seed: 0]
[deterministic: 0]
[force_col_wise: 1]
[force_row_wise: 0]
[histogram_pool_size: -1]
[max_depth: 6]
[min_data_in_leaf: 29]
[min_sum_hessian_in_leaf: 0.001]
[bagging_fraction: 1]
[pos_bagging_fraction: 1]
[neg_bagging_fraction: 1]
[bagging_freq: 0]
[bagging_seed: 7719]
[feature_fraction: 1]
[feature_fraction_bynode: 1]
[feature_fraction_seed: 2437]
[extra_trees: 0]
[extra_seed: 11797]
[early_stopping_round: 0]
[first_metric_only: 0]
[max_delta_step: 0]
[lambda_l1: 0.0463838]
[lambda_l2: 0.211211]
[linear_lambda: 0]
[min_gain_to_split: 0]
[drop_rate: 0.1]
[max_drop: 50]
[skip_drop: 0.5]
[xgboost_dart_mode: 0]
[uniform_drop: 0]
[drop_seed: 21238]
[top_rate: 0.2]
[other_rate: 0.1]
[min_data_per_group: 100]
[max_cat_threshold: 32]
[cat_l2: 10]
[cat_smooth: 10]
[max_cat_to_onehot: 4]
[top_k: 20]
[monotone_constraints: ]
[monotone_constraints_method: basic]
[monotone_penalty: 0]
[feature_contri: ]
[forcedsplits_filename: ]
[refit_decay_rate: 0.9]
[cegb_tradeoff: 1]
[cegb_penalty_split: 0]
[cegb_penalty_feature_lazy: ]
[cegb_penalty_feature_coupled: ]
[path_smooth: 0]
[interaction_constraints: ]
[verbosity: -1]
[saved_feature_importance_type: 0]
[use_quantized_grad: 0]
[num_grad_quant_bins: 4]
[quant_train_renew_leaf: 0]
[stochastic_rounding: 1]
[linear_tree: 0]
[max_bin: 255]
[max_bin_by_feature: ]
[min_data_in_bin: 3]
[bin_construct_sample_cnt: 200000]
[data_random_seed: 38]
[is_enable_sparse: 1]
[enable_bundle: 1]
[use_missing: 1]
[zero_as_missing: 0]
[feature_pre_filter: 1]
[pre_partition: 0]
[two_round: 0]
[header: 0]
[label_column: ]
[weight_column: ]
[group_column: ]
[ignore_column: ]
[categorical_feature: ]
[forcedbins_filename: ]
[precise_float_parser: 0]
[parser_config_file: ]
[objective_seed: 8855]
[num_class: 1]
[is_unbalance: 0]
[scale_pos_weight: 1]
[sigmoid: 1]
[boost_from_average: 1]
[reg_sqrt: 0]
[alpha: 0.9]
[fair_c: 1]
[poisson_max_delta_step: 0.7]
[tweedie_variance_power: 1.5]
[lambdarank_truncation_level: 30]
[lambdarank_norm: 1]
[label_gain: ]
[lambdarank_position_bias_regularization: 0]
[eval_at: 1,3,5]
[multi_error_top_k: 1]
[auc_mu_weights: ]
[num_machines: 1]
[local_listen_port: 12400]
[time_out: 120]
[machine_list_filename: ]
[machines: ]
[gpu_platform_id: -1]
[gpu_device_id: -1]
[gpu_use_dp: 0]
[num_gpu: 1]

end of parameters

pandas_categorical:[]
