tree
version=v4
num_class=1
num_tree_per_iteration=1
label_index=0
max_feature_idx=103
objective=binary sigmoid:1
feature_names=f_course1 f_course2 f_course3 f_courseout mf_course1 mf_course2 mf_course3 mf_courseout f_mf_course1 f_mf_course2 f_mf_course3 f_mf_courseout f_len1 f_len2 f_len3 f_lenout mf_len1 mf_len2 mf_len3 mf_classout f_mf_len1 f_mf_len2 f_mf_len3 f_mf_classout f_class1 f_class2 f_class3 f_classout mf_class1 mf_class2 mf_class3 mf_classout.1 f_mf_class1 f_mf_class2 f_mf_class3 f_mf_classout.1 time_df_course1 time_df_class1 ninki_1 result_1 agari_1 margin_1 corner_ratio_1 time_df_course2 time_df_class2 ninki_2 result_2 agari_2 margin_2 corner_ratio_2 time_df_course3 time_df_class3 ninki_3 result_3 agari_3 margin_3 corner_ratio_3 rank_trend weight_change dist_change jockey_win_rate jockey_place_rate waku umaban current_odds current_popularity father_cat mother_father_cat paternal_gf_cat time_df_course4 time_df_class4 ninki_4 result_4 agari_4 margin_4 corner_ratio_4 time_df_course5 time_df_class5 ninki_5 result_5 agari_5 margin_5 corner_ratio_5 rank_trend_5 win_rate_recent5 kinryo days_since_last_race n_horses_today n_horses_1 horse_weight_abs_1 corner_chase_1 corner_chase_2 corner_chase_3 corner_chase_4 corner_chase_5 agari_trend_5 time_diff_trend_5 agari_df_course_1 agari_df_course_2 agari_df_course_3 agari_df_course_4 agari_df_course_5 corner_ratio_std5 agari_std5
feature_infos=[0:11] [0:4] [0:6] [0:45] [0:10] [0:7] [0:9] [0:55] none none none none none none none none none none none [0:2] none none none none none none none none none none none none none none none none none none [-1:160] [-1:70] [-1:47.899999999999999] [-1:9.6999999999999993] [-1:1] none none [-1:160] [-1:110] [-1:45.100000000000001] [-1:10.4] [-1:1] none none [-1:150] [-1:120] [-1:49.299999999999997] [-1:10.800000000000001] [-1:1] [-40:35] [-16:36] [-980:1480] [-1:1] [-1:1] [1:8] [1:12] [-1:364.80000000000001] [-1:12] [46:1736] [13:1736] [1:1721] none none [-1:160] [-1:140] [-1:43.899999999999999] [-1:9] [-1:1] [-1:0] [-1:0] [-1:140] [-1:90] [-1:42] [-1:4.7999999999999998] [-1:1] [-40:11] [0:0.80000000000000004] [50:58] [-1512:111] [7:12] [6:18] [-1:562] [-1:0.83333333333333337] [-1:0.8571428571428571] [-1:0.625] [-1:0.72727272727272729] [-1:0.8125] [-5.2599999999999998:5.4299999999999997] none [-2.8288999999999973:7.7748999999999953] [-2.4258999999999986:5.1769000000000034] [-2.4258999999999986:9.1748999999999938] [-2.6231000000000009:6.4531999999999954] [-3.3386999999999958:5.0587000000000018] [-1:0.38685994049102251] [-1:12.868970432789096]
tree_sizes=747 750 748 753 750 754 755 754 755 650 753 650 650 651 651 751 754 751 752 651 747 651 855 857 855 652 651 651 649 651 651 650 858 650 858 649 861 754 858 857 757 754 853 755 960 855 948 1045 755 1150 759 754 758 854 1046 755 759 949 862 739 746 750 762 837 961 756 949 748 847 951 935 951 943 829 949 831 950 759 831 849 1049 954 952 724 854 1034 955 726 964 956 837 839 835 949 953 831 955 1052 860 954 865 849 841 837 749 1059 952 658

Tree=0
num_leaves=6
num_cat=0
split_feature=71 59 47 41 41
split_gain=67.9591 117.849 8.43394 26.4561 106.446
threshold=9.5000000000000018 -584.99999999999989 37.95000000000001 0.8500000000000002 0.95000000000000007
decision_type=2 2 2 2 2
left_child=1 -1 -2 -4 -5
right_child=2 -3 3 4 -6
leaf_value=-0.19301649273775673 -0.19197789993833425 -0.32659362788753882 -0.19415551196340888 -0.19092758581355412 -0.32596795241545246
leaf_weight=18.126321211457256 234.33287569880486 13.014329627156256 76.45403815805912 21.767890930175785 9.5765821784734708
leaf_count=2 19 53 14 1 39
internal_value=-0.26833 -0.2495 -0.196077 -0.205202 -0.232858
internal_weight=0 31.1407 342.131 107.799 31.3445
internal_count=128 55 73 54 40
is_linear=0
shrinkage=1


Tree=1
num_leaves=6
num_cat=0
split_feature=71 59 47 41 41
split_gain=62.163 109.612 7.54276 24.0996 98.7886
threshold=9.5000000000000018 -584.99999999999989 37.95000000000001 0.8500000000000002 0.95000000000000007
decision_type=2 2 2 2 2
left_child=1 -1 -2 -4 -5
right_child=2 -3 3 4 -6
leaf_value=0.072121527034435334 0.073102089634100614 -0.056780989829604903 0.071033463402386837 0.07410559267329489 -0.056167114071088611
leaf_weight=18.28374053537846 236.39152666926384 12.902865052223204 77.109536856412888 21.961326599121097 9.4955217093229276
leaf_count=2 19 53 14 1 39
internal_value=0 0.0181317 0.0692153 0.0605401 0.0341114
internal_weight=0 31.1866 344.958 108.566 31.4568
internal_count=128 55 73 54 40
is_linear=0
shrinkage=0.0340087


Tree=2
num_leaves=6
num_cat=0
split_feature=71 59 47 41 41
split_gain=57.1034 102.223 6.78416 22.0359 91.9605
threshold=9.5000000000000018 -584.99999999999989 37.95000000000001 0.8500000000000002 0.95000000000000007
decision_type=2 2 2 2 2
left_child=1 -1 -2 -4 -5
right_child=2 -3 3 4 -6
leaf_value=0.069275206053571306 0.070209715584806542 -0.05541344879833221 0.068227210345036815 0.071176847809264601 -0.054808490131180568
leaf_weight=18.38729523122311 237.73542964458466 12.774824172258375 77.544264242053032 22.08663368225098 9.402545437216757
leaf_count=2 19 53 14 1 39
internal_value=0 0.017499 0.0665073 0.0582244 0.0328881
internal_weight=0 31.1621 346.769 109.033 31.4892
internal_count=128 55 73 54 40
is_linear=0
shrinkage=0.0340087


Tree=3
num_leaves=6
num_cat=0
split_feature=71 59 47 41 41
split_gain=52.6518 95.5599 6.13204 20.2151 85.8344
threshold=9.5000000000000018 -584.99999999999989 37.95000000000001 0.8500000000000002 0.95000000000000007
decision_type=2 2 2 2 2
left_child=1 -1 -2 -4 -5
right_child=2 -3 3 4 -6
leaf_value=0.066721341704779488 0.067619401766883067 -0.054147957811748484 0.065704572444698031 0.068558620030954226 -0.053549392242636336
leaf_weight=18.442273572087291 238.43510037660599 12.632149010896681 77.779899105429649 22.150535583496097 9.2990504354238492
leaf_count=2 19 53 14 1 39
internal_value=0 0.0169232 0.0640785 0.0561399 0.0317824
internal_weight=0 31.0744 347.665 109.229 31.4496
internal_count=128 55 73 54 40
is_linear=0
shrinkage=0.0340087


Tree=4
num_leaves=6
num_cat=0
split_feature=71 59 47 41 41
split_gain=48.7081 89.5207 5.56656 18.598 80.3081
threshold=9.5000000000000018 -584.99999999999989 37.95000000000001 0.8500000000000002 0.95000000000000007
decision_type=2 2 2 2 2
left_child=1 -1 -2 -4 -5
right_child=2 -3 3 4 -6
leaf_value=0.064416911150087727 0.065286336384366803 -0.052973571512976728 0.063424073907706824 0.066204601014681425 -0.05237917880982168
leaf_weight=18.453509375452999 238.55488333106041 12.476618111133574 77.836236089468002 22.159166336059574 9.1863152235746366
leaf_count=2 19 53 14 1 39
internal_value=0 0.0163967 0.0618877 0.0542534 0.030778
internal_weight=0 30.9301 347.737 109.182 31.3455
internal_count=128 55 73 54 40
is_linear=0
shrinkage=0.0340087


Tree=5
num_leaves=6
num_cat=0
split_feature=71 59 47 41 94
split_gain=45.1926 84.0236 5.07241 17.1535 62.0457
threshold=9.5000000000000018 -584.99999999999989 37.95000000000001 0.8500000000000002 -0.62152777777777768
decision_type=2 2 2 2 2
left_child=1 -1 -2 -4 -5
right_child=2 -3 3 4 -6
leaf_value=0.062326892557043184 0.063174143344721698 -0.051880832230511327 0.061351924439938775 0.058204013108035503 -0.050925522620864493
leaf_weight=18.425420805811886 238.15355661511421 12.309858381748198 77.731372535228729 23.280376464128498 7.9032648205757132
leaf_count=2 19 53 14 6 34
internal_value=0 0.0159133 0.0599016 0.0525378 0.0298615
internal_weight=0 30.7353 347.069 108.915 31.1836
internal_count=128 55 73 54 40
is_linear=0
shrinkage=0.0340087


Tree=6
num_leaves=6
num_cat=0
split_feature=78 84 83 94 94
split_gain=42.5599 137.199 2.60887 5.73259 6.74262
threshold=11.500000000000002 0.45000000000000007 0.35000000000000003 -0.32051282051282043 -0.19374999999999998
decision_type=2 2 2 2 2
left_child=1 -1 3 -2 -5
right_child=2 -3 -4 4 -6
leaf_value=-0.053643044064510106 0.061317983468528549 0.061688043335813521 0.061882407059527932 0.057010604856119827 0.024191216487465885
leaf_weight=16.889024972915649 44.581663101911545 39.449880331754684 240.0364782512188 16.464562192559242 18.854833394289017
leaf_count=73 4 5 16 4 26
internal_value=0 0.0267386 0.0595416 0.0522263 0.0401157
internal_weight=0 56.3389 319.938 79.9011 35.3194
internal_count=128 78 50 34 30
is_linear=0
shrinkage=0.0340087


Tree=7
num_leaves=6
num_cat=0
split_feature=78 84 83 94 94
split_gain=39.6365 129.017 2.43825 5.41804 6.33798
threshold=11.500000000000002 0.45000000000000007 0.35000000000000003 -0.32051282051282043 -0.19374999999999998
decision_type=2 2 2 2 2
left_child=1 -1 3 -2 -5
right_child=2 -3 -4 4 -6
leaf_value=-0.052565554964369168 0.05956290807435257 0.059892489616835361 0.060104589868614389 0.055305868353863349 0.023370173283055237
leaf_weight=16.653920471668243 44.339647799730301 39.255117237567902 238.75400456786156 16.397209614515305 18.854886248707771
leaf_count=73 4 5 16 4 26
internal_value=0 0.0260151 0.0578166 0.0506698 0.0388499
internal_weight=0 55.909 318.346 79.5917 35.2521
internal_count=128 78 50 34 30
is_linear=0
shrinkage=0.0340087


Tree=8
num_leaves=6
num_cat=0
split_feature=78 84 83 94 94
split_gain=36.9832 121.512 2.30095 5.15315 5.98208
threshold=11.500000000000002 0.45000000000000007 0.35000000000000003 -0.32051282051282043 -0.19374999999999998
decision_type=2 2 2 2 2
left_child=1 -1 3 -2 -5
right_child=2 -3 -4 4 -6
leaf_value=-0.051559986245162746 0.057953727468772906 0.058246905235836234 0.058476365846805059 0.053728560194816762 0.022582934861045848
leaf_weight=16.406325668096542 44.027363985776901 38.996871411800385 237.08519215881824 16.307249188423157 18.850054830312729
leaf_count=73 4 5 16 4 26
internal_value=0 0.0253479 0.0562307 0.0492228 0.0376549
internal_weight=0 55.4032 316.27 79.1847 35.1573
internal_count=128 78 50 34 30
is_linear=0
shrinkage=0.0340087


Tree=9
num_leaves=5
num_cat=0
split_feature=71 59 47 86
split_gain=34.5824 66.8295 4.4222 14.7074
threshold=9.5000000000000018 -584.99999999999989 37.95000000000001 6.5000000000000009
decision_type=2 2 2 2
left_child=1 -1 -2 -4
right_child=2 -3 3 -5
leaf_value=0.055649870747684405 0.056556441760709619 -0.048483911491648483 0.020298753932252816 0.053134906795729318
leaf_weight=17.991628065705303 232.50396512448788 11.601070314645765 22.226746574044228 84.269939631223679
leaf_count=2 19 53 32 22
internal_value=0 0.0141269 0.0534583 0.0464838
internal_weight=0 29.5927 339.001 106.497
internal_count=128 55 73 54
is_linear=0
shrinkage=0.0340087


Tree=10
num_leaves=6
num_cat=0
split_feature=78 84 83 94 94
split_gain=33.0528 110.297 2.33021 5.06516 5.78901
threshold=11.500000000000002 0.45000000000000007 0.35000000000000003 -0.32051282051282043 -0.19374999999999998
decision_type=2 2 2 2 2
left_child=1 -1 3 -2 -5
right_child=2 -3 -4 4 -6
leaf_value=-0.050362584054351768 0.055144007619640799 0.055452781223107588 0.055677995059594164 0.050896665032586483 0.020226354740004601
leaf_weight=15.992624104022978 43.23545104265213 38.323836743831635 232.88435038924217 16.065200656652451 18.768964633345604
leaf_count=73 4 5 16 4 26
internal_value=0 0.023907 0.0534307 0.04644 0.0349996
internal_weight=0 54.3165 310.954 78.0696 34.8342
internal_count=128 78 50 34 30
is_linear=0
shrinkage=0.0340087


Tree=11
num_leaves=5
num_cat=0
split_feature=78 84 83 80
split_gain=30.994 104.278 2.24632 8.82163
threshold=11.500000000000002 0.45000000000000007 0.35000000000000003 39.550000000000004
decision_type=2 2 2 2
left_child=1 -1 3 -2
right_child=2 -3 -4 -5
leaf_value=-0.049502266205123588 0.028043263454759285 0.054152637309345435 0.05439559635744616 0.054216239834831842
leaf_weight=15.722560465335844 27.332126945257187 37.917211085557938 230.31267802417278 50.094930827617645
leaf_count=73 27 5 16 7
internal_value=0 0.0233749 0.0521697 0.0452602
internal_weight=0 53.6398 307.74 77.4271
internal_count=128 78 50 34
is_linear=0
shrinkage=0.0340087


Tree=12
num_leaves=5
num_cat=0
split_feature=78 84 83 80
split_gain=29.0774 98.6969 2.21564 8.46354
threshold=11.500000000000002 0.45000000000000007 0.35000000000000003 39.550000000000004
decision_type=2 2 2 2
left_child=1 -1 3 -2
right_child=2 -3 -4 -5
leaf_value=-0.04869335383727235 0.027206188831666842 0.052945466334510041 0.053206071602003649 0.052956395824672112
leaf_weight=15.445588901638983 27.218158483505249 37.47135329246521 227.50293254852295 49.552717357873917
leaf_count=73 27 5 16 7
internal_value=0 0.0228784 0.0509849 0.044112
internal_weight=0 52.9169 304.274 76.7709
internal_count=128 78 50 34
is_linear=0
shrinkage=0.0340087


Tree=13
num_leaves=5
num_cat=0
split_feature=78 84 83 80
split_gain=27.3091 93.5105 2.1975 8.15088
threshold=11.500000000000002 0.45000000000000007 0.35000000000000003 39.550000000000004
decision_type=2 2 2 2
left_child=1 -1 3 -2
right_child=2 -3 -4 -5
leaf_value=-0.047931324955109773 0.026399800292182966 0.051821496210897079 0.052099717614587017 0.051783288684921699
leaf_weight=15.163005918264387 27.098906338214874 36.991179496049881 224.48517049849033 48.962891429662704
leaf_count=73 27 5 16 7
internal_value=0 0.0224138 0.0498777 0.043027
internal_weight=0 52.1542 300.547 76.0618
internal_count=128 78 50 34
is_linear=0
shrinkage=0.0340087


Tree=14
num_leaves=5
num_cat=0
split_feature=78 84 83 80
split_gain=25.6737 88.6806 2.19006 7.87666
threshold=11.500000000000002 0.45000000000000007 0.35000000000000003 39.550000000000004
decision_type=2 2 2 2
left_child=1 -1 3 -2
right_child=2 -3 -4 -5
leaf_value=-0.047212173737435907 0.025622158181690478 0.05077224374714899 0.051068107151892334 0.050687918959172511
leaf_weight=14.875988841056822 26.975169137120247 36.481186777353287 221.28688199818134 48.331521674990654
leaf_count=73 27 5 16 7
internal_value=0 0.021978 0.0488403 0.0419989
internal_weight=0 51.3572 296.594 75.3067
internal_count=128 78 50 34
is_linear=0
shrinkage=0.0340087


Tree=15
num_leaves=6
num_cat=0
split_feature=71 59 47 41 41
split_gain=24.2829 49.3908 4.32081 14.0144 57.002
threshold=9.5000000000000018 -584.99999999999989 37.95000000000001 0.8500000000000002 0.95000000000000007
decision_type=2 2 2 2 2
left_child=1 -1 -2 -4 -5
right_child=2 -3 3 4 -6
leaf_value=0.048871224407598252 0.049851212493132693 -0.045000043778964841 0.048054029901406163 0.050745165541085276 -0.052278337419630137
leaf_weight=16.69549381732941 216.23179268836975 10.390190973877905 70.835168242454529 20.013708114624027 8.8097435832023603
leaf_count=2 19 53 14 1 39
internal_value=0 0.0120951 0.0467276 0.0397279 0.0185196
internal_weight=0 27.0857 315.89 99.6586 28.8235
internal_count=128 55 73 54 40
is_linear=0
shrinkage=0.0340087


Tree=16
num_leaves=6
num_cat=0
split_feature=71 59 47 41 41
split_gain=22.9403 46.9398 4.08173 13.2257 54.0888
threshold=9.5000000000000018 -584.99999999999989 37.95000000000001 0.8500000000000002 0.95000000000000007
decision_type=2 2 2 2 2
left_child=1 -1 -2 -4 -5
right_child=2 -3 3 4 -6
leaf_value=0.047957646849682033 0.048933700087996218 -0.044395695369389067 0.047118147649068021 0.049844784133330808 -0.051232653577037171
leaf_weight=16.440082252025608 212.85326634347439 10.177664175629614 69.803788721561432 19.688598632812504 8.6867622286081296
leaf_count=2 19 53 14 1 39
internal_value=0 0.0118648 0.0458584 0.0389658 0.0181533
internal_weight=0 26.6177 311.032 98.1791 28.3754
internal_count=128 55 73 54 40
is_linear=0
shrinkage=0.0340087


Tree=17
num_leaves=6
num_cat=0
split_feature=78 84 81 103 86
split_gain=21.8014 77.4622 2.21093 2.81344 3.86197
threshold=11.500000000000002 0.45000000000000007 3.1500000000000004 0.82606086490977659 24.500000000000004
decision_type=2 2 2 2 2
left_child=1 -1 3 -2 -5
right_child=2 -3 -4 4 -6
leaf_value=-0.045931599470327066 0.045666729635671428 0.048152402415173878 0.049474805214775 0.017000117733978373 0.041836146697351979
leaf_weight=14.032529309391974 80.510873645544052 34.835319399833679 164.48223645985126 16.373588621616364 21.918936058878899
leaf_count=73 17 5 6 20 7
internal_value=0 0.0207026 0.0461562 0.0413745 0.0317785
internal_weight=0 48.8678 283.286 118.803 38.2925
internal_count=128 78 50 44 27
is_linear=0
shrinkage=0.0340087


Tree=18
num_leaves=6
num_cat=0
split_feature=71 59 47 41 41
split_gain=20.6059 42.6977 3.84337 12.4403 50.5235
threshold=9.5000000000000018 -584.99999999999989 37.95000000000001 0.8500000000000002 0.95000000000000007
decision_type=2 2 2 2 2
left_child=1 -1 -2 -4 -5
right_child=2 -3 3 4 -6
leaf_value=0.046318939695542641 0.047295525480142701 -0.043459234433728802 0.045470477499002716 0.04826244900972252 -0.050606441229600896
leaf_weight=15.899002343416216 205.86318100988865 9.7579162716865522 67.649821326136589 19.032106399536136 8.5169845074415189
leaf_count=2 19 53 14 1 39
internal_value=0 0.0113645 0.044251 0.0374355 0.0169266
internal_weight=0 25.6569 301.062 95.1989 27.5491
internal_count=128 55 73 54 40
is_linear=0
shrinkage=0.0340087


Tree=19
num_leaves=5
num_cat=0
split_feature=78 84 81 101
split_gain=19.5905 70.8469 2.2389 6.80067
threshold=11.500000000000002 0.45000000000000007 3.1500000000000004 0.37449999999999767
decision_type=2 2 2 2
left_child=1 -1 3 -2
right_child=2 -3 -4 -5
leaf_value=-0.045110098925805295 0.024016866198165433 0.046631047792594325 0.04796828042202373 0.044898677960826534
leaf_weight=13.462287545204161 29.353230848908424 33.656402081251144 158.61501027643681 85.89057169854641
leaf_count=73 27 5 6 17
internal_value=0 0.0199702 0.0445982 0.0397675
internal_weight=0 47.1187 273.859 115.244
internal_count=128 78 50 44
is_linear=0
shrinkage=0.0340087


Tree=20
num_leaves=6
num_cat=0
split_feature=71 40 47 41 41
split_gain=18.5598 39.0417 3.6659 11.7071 47.2402
threshold=9.5000000000000018 13.950000000000001 37.95000000000001 0.8500000000000002 0.95000000000000007
decision_type=2 2 2 2 2
left_child=1 -1 -2 -4 -5
right_child=2 -3 3 4 -6
leaf_value=0.044636641600032237 0.045837907415760874 -0.043127296721131816 0.043958639489316317 0.046848915764173646 -0.049993375583578165
leaf_weight=15.429293632507326 198.6471088975668 9.2465940713882429 65.3583113104105 18.343503952026371 8.3407403379678708
leaf_count=3 19 52 14 1 39
internal_value=0 0.0109061 0.0428059 0.036023 0.0157844
internal_weight=0 24.6759 290.69 92.0426 26.6842
internal_count=128 55 73 54 40
is_linear=0
shrinkage=0.0340087


Tree=21
num_leaves=5
num_cat=0
split_feature=78 84 83 80
split_gain=17.6655 64.9766 2.35086 7.5128
threshold=11.500000000000002 0.45000000000000007 0.35000000000000003 39.550000000000004
decision_type=2 2 2 2
left_child=1 -1 3 -2
right_child=2 -3 -4 -5
leaf_value=-0.044352737289026722 0.019554635505357416 0.045274602835202592 0.045556102141433706 0.044995029483655753
leaf_weight=12.908271476626394 24.751487299799919 32.441065907478333 196.06740702688694 43.31606537103653
leaf_count=73 27 5 16 7
internal_value=0 0.0192961 0.0431925 0.0360612
internal_weight=0 45.3493 264.135 68.0676
internal_count=128 78 50 34
is_linear=0
shrinkage=0.0340087


Tree=22
num_leaves=7
num_cat=0
split_feature=71 40 86 103 103 72
split_gain=16.7823 35.6793 3.58696 6.91477 14.0855 47.3136
threshold=9.5000000000000018 13.950000000000001 -748.49999999999989 0.82606086490977659 0.93402294069006209 2.5000000000000004
decision_type=2 2 2 2 2 2
left_child=1 -1 -2 -4 -5 -6
right_child=2 -3 3 4 5 -7
leaf_value=0.043320832264849965 0.045135202297038449 -0.042324651754602073 0.042300962911173211 0.04339242829215998 0.047246179799288843 -0.060873948724651475
leaf_weight=14.854302614927294 169.49278044700623 8.8462190181016904 72.162393003702164 19.240857511758804 11.16257953643799 7.9845820516347876
leaf_count=3 14 52 17 3 1 38
internal_value=0 0.0104754 0.0415036 0.0357364 0.0228332 0.00106077
internal_weight=0 23.7005 280.043 110.55 38.388 19.1472
internal_count=128 55 73 59 42 39
is_linear=0
shrinkage=0.0340087


Tree=23
num_leaves=7
num_cat=0
split_feature=71 59 86 103 103 72
split_gain=15.9509 34.1438 3.48535 10.1052 16.291 50.355
threshold=9.5000000000000018 -584.99999999999989 -1112.4999999999998 0.82606086490977659 0.93402294069006209 2.5000000000000004
decision_type=2 2 2 2 2 2
left_child=1 -1 -2 -4 -5 -6
right_child=2 -3 3 4 5 -7
leaf_value=0.043023102982620291 0.045098042138309619 -0.041439792527292775 0.042393474115242809 0.042732124795695402 0.046508350106764851 -0.063431929946874466
leaf_weight=14.471625670790674 146.77190950512886 8.751060023903845 89.500384360551834 18.88052587211132 10.958169937133791 8.5234162807464582
leaf_count=2 8 53 20 3 1 41
internal_value=0 0.0102997 0.0409014 0.0359117 0.0202288 -0.000576633
internal_weight=0 23.2227 274.634 127.862 38.3621 19.4816
internal_count=128 55 73 65 45 42
is_linear=0
shrinkage=0.0340087


Tree=24
num_leaves=7
num_cat=0
split_feature=71 40 81 101 41 102
split_gain=15.1595 32.5901 3.40576 11.6588 10.4976 28.4957
threshold=9.5000000000000018 13.950000000000001 3.1500000000000004 0.16220000000000212 0.45000000000000007 0.29262145848689253
decision_type=2 2 2 2 2 2
left_child=1 -1 3 4 -2 -6
right_child=2 -3 -4 -5 5 -7
leaf_value=0.042137260722622839 0.040093287261985223 -0.041471058628939073 0.044525898853927499 0.040355963279302097 -0.060244413485693746 0.037688912528417988
leaf_weight=14.280720114707949 9.3659980744123477 8.45207232236862 143.86297343671322 102.2847934961319 6.2369331121444684 7.4235134273767471
leaf_count=3 2 52 9 29 30 3
internal_value=0 0.010136 0.0403321 0.0353416 0.0121501 -0.00557851
internal_weight=0 22.7328 269.174 125.311 23.0264 13.6604
internal_count=128 55 73 64 35 33
is_linear=0
shrinkage=0.0340087


Tree=25
num_leaves=5
num_cat=0
split_feature=78 84 83 80
split_gain=14.3976 55.0631 2.42634 7.24559
threshold=11.500000000000002 0.45000000000000007 0.35000000000000003 39.550000000000004
decision_type=2 2 2 2
left_child=1 -1 3 -2
right_child=2 -3 -4 -5
leaf_value=-0.042843426876668964 0.016899326350161673 0.043042837788232861 0.043223315474248396 0.042551568027589186
leaf_weight=11.879667058587073 23.543868541717529 29.99687871336937 180.50013338029385 40.183546856045723
leaf_count=73 27 5 16 7
internal_value=0 0.0181731 0.0407527 0.0334115
internal_weight=0 41.8765 244.228 63.7274
internal_count=128 78 50 34
is_linear=0
shrinkage=0.0340087


Tree=26
num_leaves=5
num_cat=0
split_feature=78 84 81 101
split_gain=13.635 52.59 2.50594 6.64827
threshold=11.500000000000002 0.45000000000000007 3.1500000000000004 0.37449999999999767
decision_type=2 2 2 2
left_child=1 -1 3 -2
right_child=2 -3 -4 -5
leaf_value=-0.042398508800244039 0.018776947666798615 0.042488505056317877 0.043880791506570455 0.040391111793937541
leaf_weight=11.601283639669417 26.417619124054909 29.366144716739655 137.10600854456425 75.850091904401779
leaf_count=73 27 5 6 17
internal_value=0 0.0179336 0.0401858 0.0350171
internal_weight=0 40.9674 239.374 102.268
internal_count=128 78 50 44
is_linear=0
shrinkage=0.0340087


Tree=27
num_leaves=5
num_cat=0
split_feature=78 84 83 80
split_gain=12.9102 50.2474 2.62456 7.29246
threshold=11.500000000000002 0.45000000000000007 0.35000000000000003 39.550000000000004
decision_type=2 2 2 2
left_child=1 -1 3 -2
right_child=2 -3 -4 -5
leaf_value=-0.041970684061345707 0.015426823169142382 0.041957787980955209 0.04222114060033709 0.041421699464123669
leaf_weight=11.326112374663351 23.09179562330246 28.737572312355042 172.87394000589848 38.597465991973877
leaf_count=73 27 5 16 7
internal_value=0 0.0177031 0.0396362 0.0320386
internal_weight=0 40.0637 234.563 61.6893
internal_count=128 78 50 34
is_linear=0
shrinkage=0.0340087


Tree=28
num_leaves=5
num_cat=0
split_feature=78 84 83 80
split_gain=12.2299 48.0267 2.66576 7.15907
threshold=11.500000000000002 0.45000000000000007 0.35000000000000003 39.550000000000004
decision_type=2 2 2 2
left_child=1 -1 3 -2
right_child=2 -3 -4 -5
leaf_value=-0.041558783085307631 0.014981936061682946 0.041448845483771889 0.041738259586997534 0.040880000490072115
leaf_weight=11.054431796073912 22.97214874625206 28.112354546785355 168.99388693273067 37.793247118592262
leaf_count=73 27 5 16 7
internal_value=0 0.017481 0.03911 0.0314418
internal_weight=0 39.1668 229.759 60.7654
internal_count=128 78 50 34
is_linear=0
shrinkage=0.0340087


Tree=29
num_leaves=5
num_cat=0
split_feature=41 41 67 52
split_gain=23.8668 46.2078 2.48931 10.6999
threshold=1.8500000000000003 1.9500000000000002 1168.5000000000002 105.00000000000001
decision_type=2 2 2 2
left_child=2 -2 -1 -4
right_child=1 -3 3 -5
leaf_value=0.041516057088890737 0.039232691407327429 -0.051055681877143655 0.011040413783220467 0.042910093951591621
leaf_weight=178.06501469016075 17.537973240017894 10.34747041761875 21.569705635309219 35.749413788318634
leaf_count=25 4 60 36 3
internal_value=0 0.00497229 0.0391184 0.0312897
internal_weight=0 27.8854 235.384 57.3191
internal_count=128 64 64 39
is_linear=0
shrinkage=0.0340087


Tree=30
num_leaves=5
num_cat=0
split_feature=41 41 67 52
split_gain=22.8272 44.0194 2.50709 10.5078
threshold=1.8500000000000003 1.9500000000000002 1168.5000000000002 105.00000000000001
decision_type=2 2 2 2
left_child=2 -2 -1 -4
right_child=1 -3 3 -5
leaf_value=0.041056275467960306 0.038639630174005991 -0.050356610210038025 0.010704399241820338 0.042463200393874578
leaf_weight=174.00578951835632 17.207864135503772 10.138482943177221 21.492813304066658 34.911873131990433
leaf_count=25 4 60 36 3
internal_value=0 0.00487319 0.0386253 0.0307399
internal_weight=0 27.3463 230.41 56.4047
internal_count=128 64 64 39
is_linear=0
shrinkage=0.0340087


Tree=31
num_leaves=5
num_cat=0
split_feature=41 41 67 52
split_gain=21.8363 41.9491 2.52619 10.3243
threshold=1.8500000000000003 1.9500000000000002 1168.5000000000002 105.00000000000001
decision_type=2 2 2 2
left_child=2 -2 -1 -4
right_child=1 -3 3 -5
leaf_value=0.040613589541178101 0.038065928753314208 -0.049686326570225321 0.010377678538362335 0.042036303058246703
leaf_weight=169.9897069633007 16.879437938332561 9.9299369901418668 21.418095663189888 34.081720545887947
leaf_count=25 4 60 36 3
internal_value=0 0.00477651 0.0381477 0.0302031
internal_weight=0 26.8094 225.49 55.4998
internal_count=128 64 64 39
is_linear=0
shrinkage=0.0340087


Tree=32
num_leaves=7
num_cat=0
split_feature=41 57 86 52 100 91
split_gain=20.8913 40.0951 2.59927 11.1929 6.20413 23.0708
threshold=1.8500000000000003 3.2500000000000004 -1091.9999999999998 25.000000000000004 -1.4237999999999997 0.19375000000000003
decision_type=2 2 2 2 2 2
left_child=2 -2 -1 4 -4 -6
right_child=1 -3 3 -5 5 -7
leaf_value=0.041361563243312693 -0.049651575218121545 0.037240397598010039 0.037066338500535541 0.038528035265773211 -0.059532069828820249 0.030409989329322602
leaf_weight=131.00942032039165 9.6023270636796969 16.673161342740059 6.0102582722902325 69.91635063290596 5.3402978181838963 8.351026326417923
leaf_count=11 58 6 2 16 30 5
internal_value=0 0.00468202 0.0376843 0.0320646 0.00806073 -0.0032554
internal_weight=0 26.2755 220.627 89.6179 19.7016 13.6913
internal_count=128 64 64 53 37 35
is_linear=0
shrinkage=0.0340087


Tree=33
num_leaves=5
num_cat=0
split_feature=41 41 67 52
split_gain=20.0714 38.221 2.58132 10.1317
threshold=1.8500000000000003 1.9500000000000002 1168.5000000000002 105.00000000000001
decision_type=2 2 2 2
left_child=2 -2 -1 -4
right_child=1 -3 3 -5
leaf_value=0.03982825231176413 0.037026063444841752 -0.048413577299675249 0.009442042307898987 0.041265483540657837
leaf_weight=162.03620372712612 16.228887900710109 9.5357552841305715 20.984770849347115 32.508454203605652
leaf_count=25 4 60 36 3
internal_value=0 0.00458593 0.0372861 0.0291797
internal_weight=0 25.7646 215.529 53.4932
internal_count=128 64 64 39
is_linear=0
shrinkage=0.0340087


Tree=34
num_leaves=7
num_cat=0
split_feature=41 57 86 52 100 103
split_gain=19.2088 36.5599 2.6646 11.0424 5.95078 25.9424
threshold=1.8500000000000003 3.2500000000000004 -1091.9999999999998 25.000000000000004 -1.4237999999999997 0.59647492724370177
decision_type=2 2 2 2 2 2
left_child=2 -2 -1 4 -4 -6
right_child=1 -3 3 -5 5 -7
leaf_value=0.040644362973420653 -0.048427174467117681 0.036235634324093081 0.036125079515900077 0.037667859260163486 0.03445559183051055 -0.061067415827642045
leaf_weight=124.6607780456543 9.2128498703241366 16.026045575737953 5.7463925331831005 67.072056904435158 7.7173338085412961 5.6006211042404175
leaf_count=11 58 6 2 16 3 32
internal_value=0 0.00449528 0.0368488 0.0311021 0.00690209 -0.00424807
internal_weight=0 25.2389 210.797 86.1364 19.0643 13.318
internal_count=128 64 64 53 37 35
is_linear=0
shrinkage=0.0340087


Tree=35
num_leaves=5
num_cat=0
split_feature=41 41 81 72
split_gain=18.4677 34.8659 2.63119 6.78383
threshold=1.8500000000000003 1.9500000000000002 1.4500000000000002 3.5000000000000004
decision_type=2 2 2 2
left_child=2 -2 3 -1
right_child=1 -3 -4 -5
leaf_value=0.039695862489720728 0.036045937857749663 -0.04723542616112044 0.038797686829694658 0.010648407693110037
leaf_weight=23.711565628647804 15.590863093733789 9.1459891572594625 162.87375898659229 19.228443413972855
leaf_count=5 4 60 29 30
internal_value=0 0.00440278 0.0364801 0.0271861
internal_weight=0 24.7369 205.814 42.94
internal_count=128 64 64 35
is_linear=0
shrinkage=0.0340087


Tree=36
num_leaves=7
num_cat=0
split_feature=41 57 86 52 100 103
split_gain=17.667 33.3742 2.74245 10.9392 5.71015 24.5083
threshold=1.8500000000000003 3.2500000000000004 -1091.9999999999998 25.000000000000004 -1.4237999999999997 0.59647492724370177
decision_type=2 2 2 2 2 2
left_child=2 -2 -1 4 -4 -6
right_child=1 -3 3 -5 5 -7
leaf_value=0.039981145929449673 -0.047292690925122893 0.035285535945898006 0.035171600975995546 0.036848613295384428 0.033435325481845156 -0.060431838647278864
leaf_weight=118.52368167042732 8.8288212865591049 15.393091946840286 5.4914637953043011 64.331971064209938 7.3915224671363813 5.5461123883724213
leaf_count=11 58 6 2 16 3 32
internal_value=0 0.00431525 0.0360545 0.0301675 0.00570939 -0.00529175
internal_weight=0 24.2219 201.285 82.7611 18.4291 12.9376
internal_count=128 64 64 53 37 35
is_linear=0
shrinkage=0.0340087


Tree=37
num_leaves=6
num_cat=0
split_feature=41 41 67 52 94
split_gain=16.9916 31.8383 2.70215 10.2482 35.6493
threshold=1.8500000000000003 1.9500000000000002 1168.5000000000002 105.00000000000001 -0.62152777777777768
decision_type=2 2 2 2 2
left_child=2 -2 -1 4 -4
right_child=1 -3 3 -5 -6
leaf_value=0.038420289174181478 0.03511659857269743 -0.046139383594685224 0.037487689751513245 0.040025148133716666 -0.061617559477590192
leaf_weight=146.80951870977879 14.968312725424768 8.7627653330564481 13.989613413810732 29.770141869783401 5.886844500899314
leaf_count=25 4 60 3 3 33
internal_value=0 0.00422567 0.0357072 0.0272486 0.00704434
internal_weight=0 23.7311 196.456 49.6466 19.8765
internal_count=128 64 64 39 36
is_linear=0
shrinkage=0.0340087


Tree=38
num_leaves=7
num_cat=0
split_feature=41 57 86 52 91 100
split_gain=16.3321 30.4963 2.74483 10.3267 5.22738 19.2747
threshold=1.8500000000000003 3.2500000000000004 -1091.9999999999998 25.000000000000004 0.19375000000000003 -1.4237999999999997
decision_type=2 2 2 2 2 2
left_child=2 -2 -1 4 5 -4
right_child=1 -3 3 -5 -6 -7
leaf_value=0.039395667992285666 -0.046236490620747264 0.034381981150303415 0.034411079051503132 0.036033125863352659 0.027712579440057991 -0.057122448799973226
leaf_weight=112.54721963405609 8.4521416127681732 14.77688966691494 5.238180175423623 61.415573179721832 7.3432874977588645 5.1334668248891839
leaf_count=11 58 6 2 16 5 30
internal_value=0 0.00414066 0.0353722 0.0293745 0.00510938 -0.00897669
internal_weight=0 23.229 191.678 79.1305 17.7149 10.3716
internal_count=128 64 64 53 37 32
is_linear=0
shrinkage=0.0340087


Tree=39
num_leaves=7
num_cat=0
split_feature=41 41 86 52 91 100
split_gain=15.7094 29.1 2.70508 9.88776 4.95282 18.3502
threshold=1.8500000000000003 1.9500000000000002 -1091.9999999999998 25.000000000000004 0.19375000000000003 -1.4237999999999997
decision_type=2 2 2 2 2 2
left_child=2 -2 -1 4 5 -4
right_child=1 -3 3 -5 -6 -7
leaf_value=0.039093661387033005 0.034230453349322287 -0.045114981237706769 0.033986881044575666 0.03562308590808011 0.027217676761576076 -0.056165174240580533
leaf_weight=109.61025184392929 14.363510131835939 8.3877562880516034 5.1256345808506021 60.034048542380333 7.2253114432096472 5.0456034913659105
leaf_count=11 4 60 2 16 5 30
internal_value=0 0.00405343 0.0350394 0.0290192 0.00502823 -0.00877845
internal_weight=0 22.7513 187.041 77.4306 17.3965 10.1712
internal_count=128 64 64 53 37 32
is_linear=0
shrinkage=0.0340087


Tree=40
num_leaves=6
num_cat=0
split_feature=41 64 81 72 57
split_gain=15.0983 27.9243 2.70842 6.74193 0.0462234
threshold=1.8500000000000003 5.7500000000000009 1.4500000000000002 3.5000000000000004 -0.74999999999999989
decision_type=2 2 2 2 2
left_child=2 -2 3 -1 -4
right_child=1 -3 4 -5 -6
leaf_value=0.038231721460492869 0.030995274996996169 -0.050157097384783966 0.039848072333359769 0.0079633418821516838 0.033009542967625628
leaf_weight=21.023085370659828 15.112848035991194 7.1508531123399726 84.913024306297302 17.727195873856544 58.829161271452904
leaf_count=5 14 50 8 30 21
internal_value=0 0.0039704 0.0347146 0.0249342 0.0372014
internal_weight=0 22.2637 182.492 38.7503 143.742
internal_count=128 64 64 35 29
is_linear=0
shrinkage=0.0340087


Tree=41
num_leaves=6
num_cat=0
split_feature=41 57 86 52 86
split_gain=14.5237 26.8914 2.81125 9.79433 22.8304
threshold=1.8500000000000003 3.2500000000000004 -1091.9999999999998 25.000000000000004 17.000000000000004
decision_type=2 2 2 2 2
left_child=2 -2 -1 4 -4
right_child=1 -3 3 -5 -6
leaf_value=0.038547877842352314 -0.044846791599970612 0.033181937389969503 -0.052942933458472327 0.034873169729257733 0.031817213477534426
leaf_weight=104.0940555781126 7.9437167569994935 13.922054700553417 5.2886113747954395 57.449745312333107 11.544131428003309
leaf_count=11 58 6 32 16 5
internal_value=0 0.0038714 0.0343348 0.0281383 0.00391295
internal_weight=0 21.8658 178.377 74.2825 16.8327
internal_count=128 64 64 53 37
is_linear=0
shrinkage=0.0340087


Tree=42
num_leaves=7
num_cat=0
split_feature=41 64 94 38 54 94
split_gain=13.9783 25.7401 2.79898 8.28161 10.7294 21.3229
threshold=1.8500000000000003 5.7500000000000009 0.11805555555555557 35.000000000000007 35.150000000000006 -0.19374999999999998
decision_type=2 2 2 2 2 2
left_child=2 -2 3 4 -1 -6
right_child=1 -3 -4 -5 5 -7
leaf_value=0.037258893563291214 0.030199632819480758 -0.049349277986770829 0.03880136221347593 0.03486456683924502 0.023560173634926608 -0.067871458339129567
leaf_weight=8.9525051116943377 14.568544372916223 6.8396300449967375 91.859087482094765 61.14976954460144 7.2411418557167053 4.7583705410361272
leaf_count=1 14 50 8 19 7 29
internal_value=0 0.00378718 0.0340284 0.028423 0.0086185 -0.0111052
internal_weight=0 21.4082 173.961 82.1018 20.952 11.9995
internal_count=128 64 64 56 37 36
is_linear=0
shrinkage=0.0340087


Tree=43
num_leaves=6
num_cat=0
split_feature=41 41 86 52 86
split_gain=13.5044 24.8054 2.79783 9.13116 21.0874
threshold=1.8500000000000003 1.9500000000000002 -1091.9999999999998 25.000000000000004 17.000000000000004
decision_type=2 2 2 2 2
left_child=2 -2 -1 4 -4
right_child=1 -3 3 -5 -6
leaf_value=0.038045154257135422 0.032741784984527844 -0.043460041887075036 -0.05158848566127943 0.034112465664575035 0.031110892763567502
leaf_weight=98.560027107596397 13.283522769808771 7.7389196008443824 5.1501118093729046 54.867722690105438 11.103705957531927
leaf_count=11 4 60 32 16 5
internal_value=0 0.00369026 0.0337239 0.0274302 0.00359035
internal_weight=0 21.0224 169.682 71.1215 16.2538
internal_count=128 64 64 53 37
is_linear=0
shrinkage=0.0340087


Tree=44
num_leaves=8
num_cat=0
split_feature=41 64 90 78 39 81 94
split_gain=12.9881 23.7939 2.85877 3.77501 4.0402 0.605989 0.338896
threshold=1.8500000000000003 5.7500000000000009 -0.13392857142857137 135.00000000000003 5.5000000000000009 3.1500000000000004 -0.19374999999999998
decision_type=2 2 2 2 2 2 2
left_child=2 -2 3 4 -1 6 -4
right_child=1 -3 5 -5 -6 -7 -8
leaf_value=-0.0065912005170978543 0.029461158430674848 -0.048687166064069531 0.035139798022313311 0.036107350797673445 0.024977261091870782 0.038717781322334992 0.023357512151691982
leaf_weight=7.6186528876423845 14.034661903977396 6.5289858132600775 26.292031273245811 13.690409004688265 9.5908207520842552 86.501430332660675 21.755869336426258
leaf_count=18 14 50 9 2 8 5 22
internal_value=0 0.00361056 0.0334298 0.0221671 0.00983447 0.035857 0.0302538
internal_weight=0 20.5636 165.449 30.8999 17.2095 134.549 48.0479
internal_count=128 64 64 28 26 36 31
is_linear=0
shrinkage=0.0340087


Tree=45
num_leaves=7
num_cat=0
split_feature=41 57 94 38 54 94
split_gain=12.501 22.9332 2.8799 7.99771 10.1829 19.4945
threshold=1.8500000000000003 3.2500000000000004 0.11805555555555557 35.000000000000007 35.150000000000006 -0.19374999999999998
decision_type=2 2 2 2 2 2
left_child=2 -2 3 4 -1 -6
right_child=1 -3 -4 -5 5 -7
leaf_value=0.036533757548449723 -0.043250798495887678 0.031739873793906741 0.038107815500266061 0.033840669001087467 0.022178932653020785 -0.066519700737042414
leaf_weight=8.3247718811035174 7.3188178837299356 12.872205644845963 84.490524932742119 57.313546031713486 6.8688955903053284 4.6668442189693433
leaf_count=1 58 6 8 19 7 29
internal_value=0 0.00351535 0.0330774 0.0272884 0.00732278 -0.0120458
internal_weight=0 20.191 161.665 77.1741 19.8605 11.5357
internal_count=128 64 64 56 37 36
is_linear=0
shrinkage=0.0340087


Tree=46
num_leaves=8
num_cat=0
split_feature=42 68 38 71 67 42 47
split_gain=12.3183 26.9969 4.66544 4.59025 18.1216 0.999936 1.1552
threshold=0.80625000000000013 43.500000000000007 7.5000000000000009 1.5000000000000002 127.00000000000001 0.73214285714285732 40.250000000000007
decision_type=2 2 2 2 2 2 2
left_child=2 -2 3 -1 -5 6 -4
right_child=1 -3 5 4 -6 -7 -8
leaf_value=0.034635902618672776 0.031616368212412434 -0.055662496539135541 0.020520029832622844 0.035947913445738361 -0.050537204474256602 0.037641825566787634 0.036509390435560417
leaf_weight=8.2861364483833331 12.546533025801184 6.0059545859694472 22.470643989741802 6.9762911796569806 4.6160107329487801 99.256347678601742 17.256873726844788
leaf_count=3 5 40 32 1 31 10 6
internal_value=0 0.00220342 0.0327103 0.0153277 0 0.0350443 0.0280093
internal_weight=0 18.5525 158.862 19.8784 11.5923 138.984 39.7275
internal_count=128 45 83 35 32 48 38
is_linear=0
shrinkage=0.0340087


Tree=47
num_leaves=9
num_cat=0
split_feature=42 68 38 54 67 42 47 67
split_gain=11.8604 25.7379 4.43606 4.41732 17.2823 1.07101 1.173 1.37448
threshold=0.80625000000000013 43.500000000000007 7.5000000000000009 35.150000000000006 127.00000000000001 0.73214285714285732 40.250000000000007 1013.5000000000001
decision_type=2 2 2 2 2 2 2 2
left_child=2 -2 3 -1 -5 6 7 -4
right_child=1 -3 5 4 -6 -7 -8 -9
leaf_value=0.03440137177938167 0.031190118237534509 -0.054891171128144588 0.028800937854271003 0.035685199749724943 -0.049627017845896793 0.037406152967393538 0.036186510615832078 0.0079897436120078442
leaf_weight=8.0625082701444644 12.290444865822794 5.8858587816357604 11.859554223716261 6.792109012603758 4.5430745035409927 96.531862959265709 16.826492488384247 10.369066052138804
leaf_count=2 5 40 9 1 32 10 6 23
internal_value=0 0.00213382 0.0324172 0.0151818 0 0.0347271 0.0275508 0.0200427
internal_weight=0 18.1763 154.985 19.3977 11.3352 135.587 39.0551 22.2286
internal_count=128 45 83 35 33 48 38 32
is_linear=0
shrinkage=0.0340087


Tree=48
num_leaves=6
num_cat=0
split_feature=41 64 67 52 80
split_gain=11.5374 20.9746 2.93486 10.1244 28.3021
threshold=1.8500000000000003 5.7500000000000009 1168.5000000000002 105.00000000000001 40.150000000000013
decision_type=2 2 2 2 2
left_child=2 -2 -1 4 -4
right_child=1 -3 3 -5 -6
leaf_value=0.035474461725829326 0.028348885538292089 -0.047803614647207449 -0.060486996043982118 0.037231253661333244 0.034080801047043321
leaf_weight=110.79410532861948 12.968200154602529 6.0729274153709403 5.4856527298688897 22.92246650159359 10.744702592492104
leaf_count=25 14 50 33 3 3
internal_value=0 0.00294051 0.0322725 0.0226633 0.000791647
internal_weight=0 19.0411 149.947 39.1528 16.2304
internal_count=128 64 64 39 36
is_linear=0
shrinkage=0.0340087


Tree=49
num_leaves=10
num_cat=0
split_feature=42 68 38 71 86 42 47 103 103
split_gain=11.3112 24.0278 4.12808 4.1674 16.0527 1.11813 1.1345 0.954959 3.77559
threshold=0.80625000000000013 43.500000000000007 7.5000000000000009 1.5000000000000002 -1471.9999999999998 0.73214285714285732 40.250000000000007 0.33503710361930022 1.9197509498517276
decision_type=2 2 2 2 2 2 2 2 2
left_child=2 -2 3 -1 -5 6 7 -4 -9
right_child=1 -3 5 4 -6 -7 -8 8 -10
leaf_value=0.033909063227157137 0.030512247215437823 -0.054068685637974671 0.031315455000097261 0.035174110182276119 -0.048927896142340617 0.036987435041528231 0.035586496160046277 -0.0030492019264888085 0.029984860434851001
leaf_weight=7.6604859083890942 11.815650112926962 5.7083326876163474 7.3401083126664188 6.43638038635254 4.3681775778532002 91.383198566734791 15.979751147329806 7.2644645646214467 6.854862280189991
leaf_count=3 5 40 3 1 31 10 6 23 6
internal_value=0 0.00173636 0.0319136 0.0147655 0 0.0342076 0.0268447 0.0193302 0.0115852
internal_weight=0 17.524 147.287 18.465 10.8046 128.822 37.4392 21.4594 14.1193
internal_count=128 45 83 35 32 48 38 32 29
is_linear=0
shrinkage=0.0340087


Tree=50
num_leaves=6
num_cat=0
split_feature=42 68 42 102 75
split_gain=10.9014 22.9153 4.05609 11.4566 15.7728
threshold=0.80625000000000013 43.500000000000007 0.65476190476190488 0.12967650550515689 0.18465909090909091
decision_type=2 2 2 2 2
left_child=2 -2 3 -1 -5
right_child=1 -3 -4 4 -6
leaf_value=0.031901831522367773 0.030098031152365163 -0.053353632251010565 0.035635085349002484 0.031115480415429341 -0.050816819858960346
leaf_weight=31.099204998463392 11.575594261288645 5.5906678885221472 101.93924520909786 5.3333401754498464 5.2497266158461571
leaf_count=16 5 40 26 3 38
internal_value=0 0.00167088 0.0316456 0.0213743 -0.007642
internal_weight=0 17.1663 143.622 41.6823 10.5831
internal_count=128 45 83 57 41
is_linear=0
shrinkage=0.0340087


Tree=51
num_leaves=6
num_cat=0
split_feature=41 64 86 52 72
split_gain=10.6616 19.1564 2.9977 7.72355 21.3763
threshold=1.8500000000000003 5.7500000000000009 -1091.9999999999998 25.000000000000004 3.5000000000000004
decision_type=2 2 2 2 2
left_child=2 -2 -1 4 -4
right_child=1 -3 3 -5 -6
leaf_value=0.036477260674241715 0.027519752752618303 -0.047322361751709952 0.03288722947133637 0.031488842881679448 -0.053998745078697272
leaf_weight=78.947587460279465 12.234960108995439 5.7489240616559973 9.3592423200607282 45.602578669786453 4.9605671912431708
leaf_count=11 14 50 5 16 32
internal_value=0 0.00240895 0.0315169 0.0246208 0.00129884
internal_weight=0 17.9839 138.87 59.9224 14.3198
internal_count=128 64 64 53 37
is_linear=0
shrinkage=0.0340087


Tree=52
num_leaves=6
num_cat=0
split_feature=42 68 42 102 75
split_gain=10.4285 21.4538 3.88907 10.6677 14.615
threshold=0.80625000000000013 43.500000000000007 0.65476190476190488 0.12967650550515689 0.18465909090909091
decision_type=2 2 2 2 2
left_child=2 -2 3 -1 -5
right_child=1 -3 -4 4 -6
leaf_value=0.031273789131965254 0.029440704581592231 -0.052674508674329754 0.035191088224539056 0.030526913483729684 -0.049914369095191549
leaf_weight=29.69453003257513 11.130665525794031 5.4224203340709201 96.583043240010738 5.0875715389847738 5.0651314072310925
leaf_count=16 5 40 26 3 38
internal_value=0 0.00124762 0.0311594 0.0208492 -0.00763869
internal_weight=0 16.5531 136.43 39.8472 10.1527
internal_count=128 45 83 57 41
is_linear=0
shrinkage=0.0340087


Tree=53
num_leaves=7
num_cat=0
split_feature=41 64 94 38 54 3
split_gain=10.1018 17.9533 3.02786 6.99886 8.34983 18.4969
threshold=1.8500000000000003 5.7500000000000009 0.11805555555555557 35.000000000000007 35.150000000000006 26.000000000000004
decision_type=2 2 2 2 2 2
left_child=2 -2 3 4 -1 -6
right_child=1 -3 -4 -5 5 -7
leaf_value=0.034641266318067736 0.026878158351435821 -0.046999518382866153 0.036755099151947072 0.031433800939416015 -0.059111556171369546 0.031085773306128144
leaf_weight=6.7046608924865749 11.792605929076673 5.5240297988057128 67.446381852030754 47.609277322888374 5.255563370883463 4.9055077135562897
leaf_count=1 14 50 8 19 34 2
internal_value=0 0.00207945 0.0310204 0.0246855 0.00439792 -0.0136126
internal_weight=0 17.3166 131.921 64.475 16.8657 10.1611
internal_count=128 64 64 56 37 36
is_linear=0
shrinkage=0.0340087


Tree=54
num_leaves=9
num_cat=0
split_feature=42 68 38 71 86 42 47 42
split_gain=9.92059 20.0102 3.80337 3.72073 13.6914 1.167 2.03019 1.72715
threshold=0.80625000000000013 43.500000000000007 7.5000000000000009 1.5000000000000002 -1471.9999999999998 0.65476190476190488 40.250000000000007 0.34848484848484851
decision_type=2 2 2 2 2 2 2 2
left_child=2 -2 3 -1 -5 6 7 -4
right_child=1 -3 5 4 -6 -7 -8 -9
leaf_value=0.032575459072831235 0.028801081569549681 -0.05188166805218667 0.026825361580762302 0.033977104195811139 -0.047450924842220819 0.035778684062432509 0.03504569973867238 0.0011114413199412078
leaf_weight=6.6931211538612869 10.705075494945048 5.2513829693198195 6.7909609302878389 5.6294946670532235 4.0857164189219448 83.592001810669899 14.057880267500877 8.7198442965745908
leaf_count=3 5 40 5 1 31 14 5 24
internal_value=0 0.0009067 0.0306865 0.0131442 0 0.0330441 0.0245849 0.0137238
internal_weight=0 15.9565 129.569 16.4083 9.71521 113.161 29.5687 15.5108
internal_count=128 45 83 35 32 48 34 29
is_linear=0
shrinkage=0.0340087


Tree=55
num_leaves=6
num_cat=0
split_feature=41 64 86 52 103
split_gain=9.5645 16.7675 3.02713 6.98966 18.5623
threshold=1.8500000000000003 5.7500000000000009 -1091.9999999999998 25.000000000000004 0.59647492724370177
decision_type=2 2 2 2 2
left_child=2 -2 -1 4 -4
right_child=1 -3 3 -5 -6
leaf_value=0.035833672536948073 0.026221021726615647 -0.046589247847407242 0.032185397629681832 0.030243253587368523 -0.051126254351535061
leaf_weight=70.448989428579807 11.374690257012846 5.3032992444932452 8.4223489314317685 41.61791904270649 4.8197669945657244
leaf_count=11 14 50 4 16 33
internal_value=0 0.00178998 0.0305554 0.0233838 0.000260763
internal_weight=0 16.678 125.309 54.86 13.2421
internal_count=128 64 64 53 37
is_linear=0
shrinkage=0.0340087


Tree=56
num_leaves=6
num_cat=0
split_feature=42 68 42 102 75
split_gain=9.54224 18.8055 3.65852 9.61314 12.8419
threshold=0.80625000000000013 43.500000000000007 0.65476190476190488 0.12967650550515689 0.18465909090909091
decision_type=2 2 2 2 2
left_child=2 -2 3 -1 -5
right_child=1 -3 -4 4 -6
leaf_value=0.03019910238931383 0.028171332650761941 -0.051356375291951223 0.034414451098351236 0.029550194810383332 -0.04867892974707947
leaf_weight=27.188355844467878 10.299612000584601 5.0963368192315093 86.500719785690308 4.6034923493862134 4.7827630713582039
leaf_count=16 5 40 26 3 38
internal_value=0 0.000457183 0.0302433 0.0197932 -0.0081813
internal_weight=0 15.3959 123.075 36.5746 9.38626
internal_count=128 45 83 57 41
is_linear=0
shrinkage=0.0340087


Tree=57
num_leaves=8
num_cat=0
split_feature=42 68 38 54 86 42 98
split_gain=9.18948 17.943 3.56971 3.45212 12.409 1.15429 5.12659
threshold=0.80625000000000013 43.500000000000007 7.5000000000000009 35.150000000000006 -1471.9999999999998 0.65476190476190488 0.64074999999999716
decision_type=2 2 2 2 2 2 2
left_child=2 -2 3 -1 -5 6 -4
right_child=1 -3 5 4 -6 -7 -8
leaf_value=0.031889500206378964 0.027775708376671419 -0.050730228724323617 0.00018147087177832096 0.033291782714703795 -0.046499347003983456 0.035205774712280237 0.033824999873579134
leaf_weight=6.154149502515792 10.095156364142893 4.9861743450164786 8.9701922610402125 5.1935653686523429 3.9147048555314532 76.916482895612717 18.85165873914957
leaf_count=2 5 40 24 1 32 14 10
internal_value=0 0.000402894 0.0299827 0.0122774 0 0.032362 0.0237271
internal_weight=0 15.0813 120.001 15.2624 9.10827 104.738 27.8219
internal_count=128 45 83 35 33 48 34
is_linear=0
shrinkage=0.0340087


Tree=58
num_leaves=7
num_cat=0
split_feature=90 91 78 72 81 97
split_gain=14.6994 13.9607 4.88924 12.2048 0.504462 1.22932
threshold=-0.17424242424242417 -0.46428571428571419 11.500000000000002 3.5000000000000004 3.1500000000000004 -0.66074999999999651
decision_type=2 2 2 2 2 2
left_child=1 -1 3 -2 5 -4
right_child=2 -3 4 -5 -6 -7
leaf_value=0.031275313960098673 0.030257362587220546 -0.058646264284698199 0.033733888983750737 -0.035020094423271614 0.035823274925809452 0.019483456511337621
leaf_weight=3.3081450462341309 10.726494360715149 4.3768955841660491 26.460797734558582 4.5471442416310301 58.344298630952835 24.032641679048538
leaf_count=1 9 29 10 51 5 23
internal_value=0 -0.0173317 0.0294843 0.00944816 0.0321038 0.0273766
internal_weight=0 7.68504 124.111 15.2736 108.838 50.4934
internal_count=128 30 98 60 38 33
is_linear=0
shrinkage=0.0340087


Tree=59
num_leaves=6
num_cat=0
split_feature=41 64 81 72 95
split_gain=8.88694 15.3413 3.05123 6.43009 0.0432202
threshold=1.8500000000000003 5.7500000000000009 1.4500000000000002 3.5000000000000004 -0.075000000000000289
decision_type=2 2 2 2 2
left_child=2 -2 3 -1 -4
right_child=1 -3 4 -5 -6
leaf_value=0.033991081765926016 0.02531581846799108 -0.046601711211645885 0.036480427284771591 0 0.028330012690119196
leaf_weight=13.296675592660906 10.590165376663206 4.9986136741936198 47.528371121734381 12.533698827028273 39.682064868509769
leaf_count=5 14 50 8 30 21
internal_value=0 0.000887063 0.0296749 0.0175546 0.0330208
internal_weight=0 15.5888 113.041 25.8304 87.2104
internal_count=128 64 64 35 29
is_linear=0
shrinkage=0.0340087


Tree=60
num_leaves=6
num_cat=0
split_feature=42 68 67 52 80
split_gain=8.74151 16.5731 3.53234 8.00035 19.5662
threshold=0.80625000000000013 43.500000000000007 1168.5000000000002 105.00000000000001 40.150000000000013
decision_type=2 2 2 2 2
left_child=2 -2 -1 4 -4
right_child=1 -3 3 -5 -6
leaf_value=0.033318156372404539 0.026883649503140372 -0.050234223845306875 -0.053171789331086128 0.03295118841228703 0.031474426416769584
leaf_weight=80.941122855991125 9.5817348808050138 4.7999741174280635 5.2074525393545645 17.399582870304585 7.835904274135828
leaf_count=35 5 40 40 5 3
internal_value=0 0 0.0292765 0.0178305 -0.000817638
internal_weight=0 14.3817 111.384 30.4429 13.0434
internal_count=128 45 83 48 43
is_linear=0
shrinkage=0.0340087


Tree=61
num_leaves=6
num_cat=0
split_feature=42 68 42 102 75
split_gain=8.42559 15.8131 3.58568 8.80921 11.1279
threshold=0.80625000000000013 43.500000000000007 0.65476190476190488 0.12967650550515689 0.18465909090909091
decision_type=2 2 2 2 2
left_child=2 -2 3 -1 -5
right_child=1 -3 -4 4 -6
leaf_value=0.028837301527388413 0.026493700802044214 -0.04963512715080793 0.033490586259731676 0.028055666100779544 -0.047775567160485609
leaf_weight=24.480372115969658 9.3959115520119649 4.6949927993118754 75.48368077725172 4.0605250149965268 4.5345178246498108
leaf_count=16 5 40 26 3 38
internal_value=0 0 0.0290367 0.0182269 -0.00962071
internal_weight=0 14.0909 108.559 33.0754 8.59504
internal_count=128 45 83 57 41
is_linear=0
shrinkage=0.0340087


Tree=62
num_leaves=6
num_cat=0
split_feature=41 64 86 101 72
split_gain=8.27783 14.1734 3.17927 6.91377 17.7213
threshold=1.8500000000000003 5.7500000000000009 -1091.9999999999998 0.16220000000000212 3.5000000000000004
decision_type=2 2 2 2 2
left_child=2 -2 -1 4 -4
right_child=1 -3 3 -5 -6
leaf_value=0.034896882398079747 0.024550169067152773 -0.046486390086747931 0.029649470691240687 0.028450898773564905 -0.059300806799842676
leaf_weight=57.821702569723129 10.024837415665386 4.7390184625983229 7.1524202898144704 35.947336241602898 3.9908977784216404
leaf_count=11 14 50 5 21 27
internal_value=0 0.000303605 0.0289438 0.0211769 -0.000478979
internal_weight=0 14.7639 104.912 47.0907 11.1433
internal_count=128 64 64 53 32
is_linear=0
shrinkage=0.0340087


Tree=63
num_leaves=7
num_cat=0
split_feature=42 68 81 103 38 42
split_gain=8.0496 14.7876 3.55884 5.81768 18.1569 1.0326
threshold=0.80625000000000013 43.500000000000007 1.4500000000000002 0.59647492724370177 95.000000000000014 0.76388888888888895
decision_type=2 2 2 2 2 2
left_child=2 -2 3 -1 -5 -4
right_child=1 -3 5 4 -6 -7
leaf_value=0.032259848417020946 0.025896837079733837 -0.048884460591074125 0.023954524194102916 -0.054382941416355288 0.030572278607253651 0.036087786283172253
leaf_weight=12.122310452163221 9.0509934872388822 4.5654715858399859 25.772268664091825 4.5764636360108835 7.8194362744688988 52.871587559580803
leaf_count=7 5 40 31 37 4 4
internal_value=0 0 0.028587 0.0155376 0 0.0323856
internal_weight=0 13.6165 103.162 24.5182 12.3959 78.6439
internal_count=128 45 83 48 41 35
is_linear=0
shrinkage=0.0340087


Tree=64
num_leaves=8
num_cat=0
split_feature=41 64 94 72 52 49 78
split_gain=7.84111 13.3614 3.17094 6.23524 16.2816 21.7292 0.458354
threshold=1.8500000000000003 5.7500000000000009 0.11805555555555557 3.5000000000000004 105.00000000000001 0.26969696969696971 11.500000000000002
decision_type=2 2 2 2 2 2 2
left_child=2 -2 3 -1 5 -5 -7
right_child=1 -3 -4 4 -6 6 -8
leaf_value=0.034752549349097946 0.024032040101494626 -0.04628453734714439 0.035355510427322483 0.026225727945667646 0.032507749760482166 -0.030633405317605427 -0.078045615071892546
leaf_weight=23.109783694148064 9.6742264032363874 4.5545394383370867 49.143201820552349 5.5765330493450165 15.690976649522781 2.2282764315605164 3.9475833475589752
leaf_count=8 14 50 8 5 4 21 18
internal_value=0 2.50139e-05 0.0284933 0.0213958 0.00937038 -0.0197937 -0.0645354
internal_weight=0 14.2288 99.6964 50.5532 27.4434 11.7524 6.17586
internal_count=128 64 64 56 48 44 39
is_linear=0
shrinkage=0.0340087


Tree=65
num_leaves=6
num_cat=0
split_feature=42 6 42 102 75
split_gain=7.60122 13.9742 3.41451 7.89221 9.58594
threshold=0.80625000000000013 1.0000000180025095e-35 0.65476190476190488 0.12967650550515689 0.18465909090909091
decision_type=2 2 2 2 2
left_child=2 -2 3 -1 -5
right_child=1 -3 -4 4 -6
leaf_value=0.027778836331596526 -0.054491761935099692 0.022780559380264048 0.032809208692975295 0.026953653523286668 -0.045835920509194154
leaf_weight=22.395572915673259 3.7535390574485055 9.3966684937477094 67.500120468437672 3.6702114120125753 4.3324701972305775
leaf_count=16 31 14 26 3 38
internal_value=0 0 0.0281728 0.0171764 -0.00994447
internal_weight=0 13.1502 97.8984 30.3983 8.00268
internal_count=128 45 83 57 41
is_linear=0
shrinkage=0.0340087


Tree=66
num_leaves=8
num_cat=0
split_feature=41 64 94 72 52 103 78
split_gain=7.46567 12.5663 3.1477 6.03562 15.3162 20.0963 0.353784
threshold=1.8500000000000003 5.7500000000000009 0.11805555555555557 3.5000000000000004 105.00000000000001 0.33503710361930022 11.500000000000002
decision_type=2 2 2 2 2 2 2
left_child=2 -2 3 -1 5 -5 -7
right_child=1 -3 -4 4 -6 6 -8
leaf_value=0.034383953338534515 0.023514232553588102 -0.04577150033165029 0.035116807342726521 0.027925246315001821 0.032023630577033321 -0.032032406509683933 -0.075459690962483589
leaf_weight=21.906684145331383 9.362544868141411 4.4155927132815114 46.376942753791809 5.0905743539333361 14.908232659101484 2.6647076942026615 3.7018524259328842
leaf_count=8 14 50 8 2 4 25 17
internal_value=0 0 0.0280712 0.0208556 0.00880595 -0.0196344 -0.0607881
internal_weight=0 13.7781 94.649 48.2721 26.3654 11.4571 6.36656
internal_count=128 64 64 56 48 44 42
is_linear=0
shrinkage=0.0340087


Tree=67
num_leaves=6
num_cat=0
split_feature=41 64 86 101 75
split_gain=7.23438 12.0022 3.11115 6.25688 14.4167
threshold=1.8500000000000003 5.7500000000000009 -1091.9999999999998 0.16220000000000212 0.18465909090909091
decision_type=2 2 2 2 2
left_child=2 -2 -1 4 -4
right_child=1 -3 3 -5 -6
leaf_value=0.034253606582780614 0.023041452801221537 -0.045435870605050714 0.02784223630994867 0.027261753697847876 -0.054964415300873128
leaf_weight=49.939191207289696 9.2327941544353944 4.2992294672876588 6.339638985693453 32.004147458821535 3.8500686213374138
leaf_count=11 14 50 6 21 26
internal_value=0 0 0.0278801 0.0198273 -0.00154096
internal_weight=0 13.532 92.133 42.1939 10.1897
internal_count=128 64 64 53 32
is_linear=0
shrinkage=0.0340087


Tree=68
num_leaves=7
num_cat=0
split_feature=42 68 81 103 62 42
split_gain=7.12409 12.6362 3.41316 5.22485 15.3387 1.05254
threshold=0.80625000000000013 43.500000000000007 1.4500000000000002 0.59647492724370177 1.5000000000000002 0.76388888888888895
decision_type=2 2 2 2 2 2
left_child=2 -2 3 -1 -5 -4
right_child=1 -3 5 4 -6 -7
leaf_value=0.031236675286061541 0.02472075784378756 -0.046937900232571793 0.022707472805944824 0.029073230229320811 -0.05186289839960101 0.03557562613186506
leaf_weight=10.605079241096975 8.2890144512057287 4.2829772643744937 23.080689933151007 6.9809074290096742 4.3493156265467405 45.560875430703163
leaf_count=7 5 40 31 4 37 4
internal_value=0 0 0.0275574 0.0140609 -0.000272038 0.0315621
internal_weight=0 12.572 90.5769 21.9353 11.3302 68.6416
internal_count=128 45 83 48 41 35
is_linear=0
shrinkage=0.0340087


Tree=69
num_leaves=8
num_cat=0
split_feature=41 6 85 99 66 94 94
split_gain=6.87647 11.4211 5.49451 5.64612 14.181 0.237909 0.986006
threshold=1.8500000000000003 1.0000000180025095e-35 56.500000000000007 1.0820499999999991 1047.0000000000002 0.11805555555555557 -0.19374999999999998
decision_type=2 2 2 2 2 2 2
left_child=2 -2 5 4 -4 6 -1
right_child=1 -3 3 -5 -6 -7 -8
leaf_value=0.032763019924185247 -0.045563792505190714 0.02254913251297562 0.026177093486045615 0.03146675055129481 -0.059970819983877252 0.035115513865540716 0.01565480499045124
leaf_weight=16.277901694178581 4.1242718063294861 8.9354808777570724 4.8905750662088376 6.5916619375348082 3.7841079160571098 42.190304480493069 13.869301632046701
leaf_count=7 45 19 3 3 23 6 22
internal_value=0 0 0.027441 0.00708254 -0.00916135 0.0314489 0.0256006
internal_weight=0 13.0598 87.6039 15.2663 8.67468 72.3375 30.1472
internal_count=128 64 64 29 26 35 29
is_linear=0
shrinkage=0.0340087


Tree=70
num_leaves=8
num_cat=0
split_feature=42 6 38 54 67 42 98
split_gain=6.78161 11.8718 3.44254 2.65875 8.80374 1.07215 4.23063
threshold=0.80625000000000013 1.0000000180025095e-35 7.5000000000000009 35.150000000000006 127.00000000000001 0.65476190476190488 0.64074999999999716
decision_type=2 2 2 2 2 2 2
left_child=2 -2 3 -1 -5 6 -4
right_child=1 -3 5 4 -6 -7 -8
leaf_value=0.028810621842754663 -0.052107682148831602 0.021519607805736841 0 0.030366163192760667 -0.044279628792623038 0.033259827328884245 0.031427597292645999
leaf_weight=4.294993728399275 3.5373633429408047 8.6338742952793837 7.3268713206052807 3.6500265598297119 3.4525808896869421 53.424219183623791 13.976295705884693
leaf_count=2 31 14 24 1 32 14 10
internal_value=0 0 0.0271394 0.00719534 -0.00310341 0.0299025 0.0204787
internal_weight=0 12.1712 86.125 11.3976 7.10261 74.7274 21.3032
internal_count=128 45 83 35 33 48 34
is_linear=0
shrinkage=0.0340087


Tree=71
num_leaves=8
num_cat=0
split_feature=42 65 81 103 52 42 95
split_gain=6.54984 11.4946 3.34787 4.92603 14.0316 1.07989 2.4998
threshold=0.80625000000000013 3.5000000000000004 1.4500000000000002 0.59647492724370177 105.00000000000001 0.76388888888888895 -0.11000000000000044
decision_type=2 2 2 2 2 2 2
left_child=2 -2 3 -1 -5 6 -4
right_child=1 -3 5 4 -6 -7 -8
leaf_value=0.03059071071961025 0.021027580627172714 -0.052474835203884504 0.032656093981972445 -0.050026596733708587 0.028809963732175949 0.035282524881625199 0.0062197272175148702
leaf_weight=9.8047400265932101 8.5670744776725751 3.4056922905147067 12.247733458876612 4.3102255184203369 6.4092288017272949 41.599893540143967 9.6560152582824212
leaf_count=7 11 34 8 38 3 4 23
internal_value=0 0 0.0268995 0.0130971 -0.0010591 0.0310277 0.0219659
internal_weight=0 11.9728 84.0278 20.5242 10.7195 63.5036 21.9037
internal_count=128 45 83 48 41 35 31
is_linear=0
shrinkage=0.0340087


Tree=72
num_leaves=8
num_cat=0
split_feature=41 64 85 99 42 81 86
split_gain=6.3986 10.5403 5.28999 5.149 12.1878 0.458641 0.537351
threshold=1.8500000000000003 5.7500000000000009 56.500000000000007 1.0820499999999991 0.34848484848484851 2.2500000000000004 6.5000000000000009
decision_type=2 2 2 2 2 2 2
left_child=2 -2 5 4 -4 6 -1
right_child=1 -3 3 -5 -6 -7 -8
leaf_value=0.013115954660472858 0.022112649102040319 -0.044538375659178911 0.024155573962878554 0.03078944185032725 -0.056864617629738351 0.034366624879735914 0.029891357487184047
leaf_weight=10.110702939331533 8.4798741191625577 4.0051481369882813 4.689728716388343 6.108902044594287 3.6840302310883999 44.18667421489954 12.453060418367384
leaf_count=21 14 50 4 3 22 8 6
internal_value=0 0 0.0268184 0.00632137 -0.00916207 0.0309531 0.0233151
internal_weight=0 12.485 81.2331 14.4827 8.37376 66.7504 22.5638
internal_count=128 64 64 29 26 35 27
is_linear=0
shrinkage=0.0340087


Tree=73
num_leaves=7
num_cat=0
split_feature=42 45 102 42 102 75
split_gain=6.23041 10.8406 3.634 3.25517 7.31806 7.28826
threshold=0.80625000000000013 115.00000000000001 0.097764001687017724 0.65476190476190488 0.12967650550515689 0.18465909090909091
decision_type=2 2 2 2 2 2
left_child=2 -2 -1 4 -4 -6
right_child=1 -3 3 -5 5 -7
leaf_value=0 -0.045554932274962302 0.02344364790735309 0.029443761566175737 0.033323567804364566 0.024677238590642782 -0.04295514500822023
leaf_weight=5.2265814095735541 3.9619681499898416 7.6607704907655716 14.629677254706623 53.06297655403614 2.9917782172560683 4.000014653429389
leaf_count=11 38 7 10 21 3 38
internal_value=0 0 0.0264955 0.0284141 0.0153824 -0.0111338
internal_weight=0 11.6227 79.911 74.6844 21.6215 6.99179
internal_count=128 45 83 72 51 41
is_linear=0
shrinkage=0.0340087


Tree=74
num_leaves=8
num_cat=0
split_feature=41 6 85 99 66 81 86
split_gain=6.09194 9.9932 5.03944 4.80358 12.1782 0.531209 0.550433
threshold=1.8500000000000003 1.0000000180025095e-35 56.500000000000007 1.0820499999999991 1047.0000000000002 2.2500000000000004 6.5000000000000009
decision_type=2 2 2 2 2 2 2
left_child=2 -2 5 4 -4 6 -1
right_child=1 -3 3 -5 -6 -7 -8
leaf_value=0.012344236316800736 -0.044489503431125871 0.021591202463089699 0.02553345774470081 0.030315806660258845 -0.056588352306775343 0.034153595929157399 0.029373337584708319
leaf_weight=9.808690659701826 3.8543261159211371 8.2172372508794069 4.4495530501008016 5.8101072385907164 3.6540661416947842 41.723204966634512 11.837362781167029
leaf_count=21 45 19 3 3 23 8 6
internal_value=0 0 0.0263967 0.00594406 -0.00908418 0.0305586 0.0226363
internal_weight=0 12.0716 77.283 13.9137 8.10362 63.3693 21.6461
internal_count=128 64 64 29 26 35 27
is_linear=0
shrinkage=0.0340087


Tree=75
num_leaves=7
num_cat=0
split_feature=42 65 102 42 102 75
split_gain=5.928 10.2626 3.61248 3.10248 6.82739 6.69931
threshold=0.80625000000000013 3.5000000000000004 0.097764001687017724 0.65476190476190488 0.12967650550515689 0.18465909090909091
decision_type=2 2 2 2 2 2
left_child=2 -2 -1 4 -4 -6
right_child=1 -3 3 -5 5 -7
leaf_value=0 0.02026479248769562 -0.051086382913344421 0.02896949371655411 0.033039016453144714 0.024037800573209787 -0.041904447499529096
leaf_weight=5.1191475018858901 8.0253759473562223 3.2386674415320149 14.017638329416515 50.151016276329756 2.8620598316192618 3.876421170309186
leaf_count=11 11 34 10 21 3 38
internal_value=0 0 0.0260777 0.0280714 0.0150454 -0.0109056
internal_weight=0 11.264 76.0263 70.9071 20.7561 6.73848
internal_count=128 45 83 72 51 41
is_linear=0
shrinkage=0.0340087


Tree=76
num_leaves=8
num_cat=0
split_feature=41 64 85 99 90 81 86
split_gain=5.79023 9.4609 4.81644 4.49492 10.7235 0.605514 0.565153
threshold=1.8500000000000003 5.7500000000000009 56.500000000000007 1.0820499999999991 1.0000000180025095e-35 2.2500000000000004 6.5000000000000009
decision_type=2 2 2 2 2 2 2
left_child=2 -2 5 4 -4 6 -1
right_child=1 -3 3 -5 -6 -7 -8
leaf_value=0.011565048348954748 0.021274449867247122 -0.043838628550452091 -0.055637638762663706 0.02984126265500299 0.022751399703626003 0.033946273750280684 0.028853825748957673
leaf_weight=9.5258278511464614 7.9420161321759206 3.7736407965421677 3.432556262239812 5.5284511372447014 4.4081668704748154 39.401479579508305 11.256451457738875
leaf_count=21 14 50 21 3 5 8 6
internal_value=0 0 0.0259664 0.0055309 -0.00908217 0.0301599 0.0219483
internal_weight=0 11.7157 73.5529 13.3692 7.84072 60.1838 20.7823
internal_count=128 64 64 29 26 35 27
is_linear=0
shrinkage=0.0340087


Tree=77
num_leaves=6
num_cat=0
split_feature=72 79 61 87 103
split_gain=5.64396 16.6918 3.38076 0.888195 0.833649
threshold=7.5000000000000009 13.500000000000002 0.29166666666666669 11.500000000000002 0.49452078799117088
decision_type=2 2 2 2 2
left_child=2 -2 3 4 -1
right_child=1 -3 -4 -5 -6
leaf_value=0.030394947541351448 -0.046039323559258667 0.029804605357236356 0.0070963671608805512 0.033087662463598441 0.0081732595894072318
leaf_weight=5.7175777852535239 5.1518465317785713 9.3345087021589279 11.622224001213906 42.923820942640305 8.5810713134706003
leaf_count=3 54 4 22 21 24
internal_value=0 0.0013724 0.0262919 0.0298261 0.0185445
internal_weight=0 14.4864 68.8447 57.2225 14.2986
internal_count=128 58 70 48 27
is_linear=0
shrinkage=0.0340087


Tree=78
num_leaves=7
num_cat=0
split_feature=42 68 102 42 102 75
split_gain=5.67286 9.36819 3.56702 2.95905 6.3154 6.1418
threshold=0.80625000000000013 43.500000000000007 0.097764001687017724 0.65476190476190488 0.12967650550515689 0.18465909090909091
decision_type=2 2 2 2 2 2
left_child=2 -2 -1 4 -4 -6
right_child=1 -3 3 -5 5 -7
leaf_value=0 0.022236233222722394 -0.04395590067049962 0.028358811402277868 0.032660009115597459 0.023337719676943737 -0.040991847952581199
leaf_weight=4.9345978386700144 6.9686835110187513 3.774017620831728 13.251269005239012 46.170878484845161 2.7196599394083014 3.7451123483479023
leaf_count=11 5 40 10 21 3 38
internal_value=0 0 0.0254478 0.0275435 0.0144851 -0.0108108
internal_weight=0 10.7427 70.8215 65.8869 19.716 6.46477
internal_count=128 45 83 72 51 41
is_linear=0
shrinkage=0.0340087


Tree=79
num_leaves=7
num_cat=0
split_feature=38 58 42 91 81 103
split_gain=5.70105 7.65988 5.75299 8.48803 1.30711 2.2328
threshold=5.5000000000000009 -12.499999999999998 0.80625000000000013 -0.14835164835164827 1.4500000000000002 0.59647492724370177
decision_type=2 2 2 2 2 2
left_child=1 -1 4 -4 5 -2
right_child=2 -3 3 -5 -6 -7
leaf_value=0.028860517284627969 0.02933483124078512 -0.043094721687946397 0.022076589189306578 -0.044455620003233755 0.0317904999837538 0.00086223958902135447
leaf_weight=3.0708596706390381 8.1914600618183595 3.4736989866942158 6.835955498740077 3.2314729727804643 47.075734928250313 7.782271532341837
leaf_count=1 7 34 9 29 20 28
internal_value=0 -0.00625834 0.0245128 0 0.0283236 0.0167763
internal_weight=0 6.54456 73.1169 10.0674 63.0495 15.9737
internal_count=128 35 93 38 55 35
is_linear=0
shrinkage=0.0340087


Tree=80
num_leaves=9
num_cat=0
split_feature=38 58 42 91 81 47 47 103
split_gain=5.44283 7.33741 5.5375 8.0848 1.31045 2.25988 3.1236 4.60829
threshold=5.5000000000000009 -12.499999999999998 0.80625000000000013 -0.14835164835164827 1.4500000000000002 40.250000000000007 34.400000000000006 0.59647492724370177
decision_type=2 2 2 2 2 2 2 2
left_child=1 -1 4 -4 5 6 -2 -8
right_child=2 -3 3 -5 -6 -7 7 -9
leaf_value=0.028625756429977174 0.028117321474011345 -0.042621871486661161 0.021702500523736543 -0.043857092699365358 0.031570463106365458 0.029847442180042399 0.017553033441811906 -0.045501846035011562
leaf_weight=2.9924311637878418 3.3711262717843038 3.3945992756634942 6.7200031448155642 3.1658567069098336 45.813681170344353 7.692117389291524 2.0438579916954041 2.6711920946836472
leaf_count=1 2 34 9 29 20 6 3 24
internal_value=0 -0.0060916 0.0242529 0 0.028044 0.0164586 0.00112295 -0.0139547
internal_weight=0 6.38703 71.4778 9.88586 61.592 15.7783 8.08618 4.71505
internal_count=128 35 93 38 55 35 29 27
is_linear=0
shrinkage=0.0340087


Tree=81
num_leaves=8
num_cat=0
split_feature=41 6 85 52 90 81 86
split_gain=5.28623 8.54721 4.59773 3.75394 10.0823 0.650064 0.483965
threshold=1.8500000000000003 1.0000000180025095e-35 56.500000000000007 105.00000000000001 1.0000000180025095e-35 2.2500000000000004 6.5000000000000009
decision_type=2 2 2 2 2 2 2
left_child=2 -2 5 4 -4 6 -1
right_child=1 -3 3 -5 -6 -7 -8
leaf_value=0.010337311420101112 -0.043850463064436809 0.020391668739849187 -0.052407036872236815 0.027847708153409704 0.025646226714863472 0.033503283460746908 0.027654861998589672
leaf_weight=8.7019110508263129 3.5308325719088298 7.2199739199131727 3.5233707260340434 5.0189989656209946 3.7776123583316803 34.228826481848955 9.9700689017772657
leaf_count=21 45 19 23 2 4 8 6
internal_value=0 0 0.0249563 0.00421056 -0.00931866 0.0293949 0.0207158
internal_weight=0 10.7508 65.2208 12.32 7.30098 52.9008 18.672
internal_count=128 64 64 29 27 35 27
is_linear=0
shrinkage=0.0340087


Tree=82
num_leaves=8
num_cat=0
split_feature=38 58 42 54 81 41 47
split_gain=5.22653 6.88309 5.26674 6.40569 1.21562 3.26016 6.0669
threshold=5.5000000000000009 -12.499999999999998 0.80625000000000013 40.050000000000004 1.4500000000000002 0.95000000000000007 35.500000000000007
decision_type=2 2 2 2 2 2 2
left_child=1 -1 4 -4 5 -2 -7
right_child=2 -3 3 -5 -6 6 -8
leaf_value=0.02810762675693421 0.029069751834765494 -0.042254944897499432 -0.042807800727039283 0.018195363564886841 0.031242367124018455 0.027808863494801578 -0.03977455530673029
leaf_weight=2.8295578956604004 9.1200197041034681 3.2919148094952098 2.7635349510237557 6.8188050910830498 43.399054627865553 3.2568381279706946 2.7834947984665632
leaf_count=1 5 34 28 10 20 2 28
internal_value=0 -0.00644341 0.0238776 0 0.0277005 0.0161613 -3.13122e-05
internal_weight=0 6.12147 68.1417 9.58234 58.5594 15.1604 6.04033
internal_count=128 35 93 38 55 35 30
is_linear=0
shrinkage=0.0340087


Tree=83
num_leaves=6
num_cat=0
split_feature=72 79 61 87 72
split_gain=5.09786 13.9694 3.58615 0.872716 2.47476
threshold=7.5000000000000009 13.500000000000002 0.29166666666666669 11.500000000000002 2.5000000000000004
decision_type=2 2 2 2 2
left_child=2 -2 3 4 -1
right_child=1 -3 -4 -5 -6
leaf_value=0.029949654312446623 -0.044409253614596939 0.02869438489906263 0.0044845474918202739 0.03253980956948796 0
leaf_weight=7.332394063472746 4.7767560305073831 8.0447192415595055 10.402487266808746 36.592244753614068 5.3178288210183382
leaf_count=5 54 4 22 21 22
internal_value=0 0 0.0250965 0.0290289 0.0171919
internal_weight=0 12.8215 59.645 49.2425 12.6502
internal_count=128 58 70 48 27
is_linear=0
shrinkage=0.0340087


Tree=84
num_leaves=7
num_cat=0
split_feature=74 78 90 47 102 91
split_gain=4.91142 10.6011 4.74258 3.3166 3.51209 1.80688
threshold=2.1500000000000008 135.00000000000003 -0.13392857142857137 34.400000000000006 0.23061987514755589 -0.066964285714285685
decision_type=2 2 2 2 2 2
left_child=2 -2 3 -1 -5 -4
right_child=1 -3 5 4 -6 -7
leaf_value=0.02612487830858793 -0.042522811229182805 0.0311159519070873 0.012046001056973064 -0.048472401464946496 0.0031314589977395556 0.031247507802782012
leaf_weight=3.2445256412029249 4.1482800152152759 4.8066520690917969 11.028010372072456 2.3566505275666714 2.4541945392265916 42.910158394835889
leaf_count=2 46 1 25 15 10 29
internal_value=0 -0.000762363 0.0240793 0 -0.0181274 0.0277121
internal_weight=0 8.95493 61.9935 8.05537 4.81085 53.9382
internal_count=128 47 81 27 25 54
is_linear=0
shrinkage=0.0340087


Tree=85
num_leaves=9
num_cat=0
split_feature=41 64 85 52 90 81 47 94
split_gain=4.81505 7.85238 4.51699 3.38398 9.01421 0.640764 1.58175 0.355366
threshold=1.8500000000000003 5.7500000000000009 56.500000000000007 105.00000000000001 1.0000000180025095e-35 2.2500000000000004 36.95000000000001 -0.087121212121212085
decision_type=2 2 2 2 2 2 2 2
left_child=2 -2 5 4 -4 6 -1 -8
right_child=1 -3 3 -5 -6 -7 7 -9
leaf_value=0.032248381936014925 0.019638061969802764 -0.043821177804923783 -0.050905387022581926 0.026968945925734206 0.024454395039032985 0.033116623769845269 0.014234934042355686 0
leaf_weight=7.7777900770306614 6.7798024863004667 3.319570105522871 3.4315320290625078 4.5187105089426041 3.5078583955764771 30.576139219105244 4.6381225734949085 4.862781450152398
leaf_count=3 14 50 23 2 4 8 8 16
internal_value=0 0 0.024125 0.00286866 -0.00996197 0.0287812 0.0198702 0.00750202
internal_weight=0 10.0994 59.3129 11.4581 6.93939 47.8548 17.2787 9.5009
internal_count=128 64 64 29 27 35 27 24
is_linear=0
shrinkage=0.0340087


Tree=86
num_leaves=8
num_cat=0
split_feature=38 58 42 91 81 41 47
split_gain=4.76268 5.98253 5.03719 6.69585 1.16741 2.93884 5.45285
threshold=5.5000000000000009 -12.499999999999998 0.80625000000000013 -0.14835164835164827 1.4500000000000002 0.95000000000000007 35.500000000000007
decision_type=2 2 2 2 2 2 2
left_child=1 -1 4 -4 5 -2 -7
right_child=2 -3 3 -5 -6 6 -8
leaf_value=0.027040789133992476 0.028211079873671562 -0.040966708784807578 0.020058668724974589 -0.041725943224886833 0.030710847069192946 0.027160580694116473 -0.038685420545943629
leaf_weight=2.5344431400299072 8.3286875039339048 3.124931074678897 6.0929852686822414 2.9904849175363761 39.108392938971519 3.0101297982037059 2.6705797519534826
leaf_count=1 5 34 9 29 20 2 28
internal_value=0 -0.00694973 0.0230291 0 0.0270288 0.0152372 -0.000277049
internal_weight=0 5.65937 62.2013 9.08347 53.1178 14.0094 5.68071
internal_count=128 35 93 38 55 35 30
is_linear=0
shrinkage=0.0340087


Tree=87
num_leaves=6
num_cat=0
split_feature=72 79 61 87 72
split_gain=4.61567 12.0926 3.60271 0.888476 2.41219
threshold=7.5000000000000009 13.500000000000002 0.29166666666666669 11.500000000000002 2.5000000000000004
decision_type=2 2 2 2 2
left_child=2 -2 3 4 -1
right_child=1 -3 -4 -5 -6
leaf_value=0.029351386160804922 -0.043011968967780555 0.02780310337787022 0.002980380470695836 0.032094526174507289 0
leaf_weight=6.8275226578116399 4.4809671696275455 7.2323945388197899 9.7435136921703798 32.899995366111398 5.0401688255369663
leaf_count=5 54 4 22 21 22
internal_value=0 0 0.0242008 0.0283564 0.0162041
internal_weight=0 11.7134 54.5112 44.7677 11.8677
internal_count=128 58 70 48 27
is_linear=0
shrinkage=0.0340087


Tree=88
num_leaves=8
num_cat=0
split_feature=39 41 90 84 81 102 94
split_gain=4.54715 9.58312 5.85669 9.3954 0.751194 2.03533 1.75991
threshold=8.5000000000000018 1.1500000000000001 -0.13392857142857137 0.45000000000000007 3.1500000000000004 0.16290213905359718 -0.37980769230769224
decision_type=2 2 2 2 2 2 2
left_child=2 -2 3 -1 5 -4 -7
right_child=1 -3 4 -5 -6 6 -8
leaf_value=-0.044632888631394314 0.030405044846604532 -0.04264101468145811 0.029730925030847608 0.028297614799299823 0.033796129175117665 0.019900369042129305 -0.0062270436583652397
leaf_weight=3.5585633879527432 4.2998418807983381 3.8620732314884663 14.216351307928564 4.5900586545467377 24.121451020240784 5.7716170549392665 4.4538232795894164
leaf_count=31 1 48 9 3 5 5 26
internal_value=0 -0.00170733 0.0232404 -0.0011191 0.0277458 0.0208943 0.00654988
internal_weight=0 8.16192 56.7119 8.14862 48.5632 24.4418 10.2254
internal_count=128 49 79 34 45 40 31
is_linear=0
shrinkage=0.0340087


Tree=89
num_leaves=8
num_cat=0
split_feature=38 58 42 6 42 98 6
split_gain=4.37862 5.3457 4.81882 7.23556 1.17662 3.28723 6.52092
threshold=5.5000000000000009 -12.499999999999998 0.80625000000000013 1.0000000180025095e-35 0.65476190476190488 0.64074999999999716 3.5000000000000004
decision_type=2 2 2 2 2 2 2
left_child=1 -1 4 -4 5 6 -2
right_child=2 -3 3 -5 -6 -7 -8
leaf_value=0.026206185115984309 -0.04300337569168803 -0.039926033783880814 -0.049138876622134176 0.018917749125509916 0.030743367028366202 0.028079063793645703 0.028628186254713188
leaf_weight=2.3364291191101074 2.6955695413053027 2.9834910817444316 2.5138576133176667 6.1109329499304295 34.377045981585979 9.2760128984227759 3.0098590850830078
leaf_count=1 26 34 27 11 17 11 1
internal_value=0 -0.00709079 0.0224161 0 0.0265148 0.0153952 -0.00172231
internal_weight=0 5.31992 57.9833 8.62479 49.3585 14.9814 5.70543
internal_count=128 35 93 38 55 38 27
is_linear=0
shrinkage=0.0340087


Tree=90
num_leaves=7
num_cat=0
split_feature=56 81 72 78 67 94
split_gain=4.60267 5.36676 5.36333 8.81524 1.76794 2.44429
threshold=0.30952380952380959 3.3500000000000001 7.5000000000000009 135.00000000000003 1168.5000000000002 -0.62152777777777768
decision_type=2 2 2 2 2 2
left_child=1 -1 4 -4 -2 -6
right_child=2 -3 3 -5 5 -7
leaf_value=-0.040293030354183849 0.031632319227633897 0.025949655153681233 -0.041862995648025821 0.030031774075885864 0.025843466698534882 0
leaf_weight=3.0358013166114679 33.25852076895535 2.2806413173675537 3.6754587590694419 4.064265251159668 9.0058632418513263 6.486603695899249
leaf_count=31 19 1 43 1 6 27
internal_value=0 -0.00808011 0.0223758 -0.00152318 0.0265869 0.0143862
internal_weight=0 5.31644 56.4907 7.73972 48.751 15.4925
internal_count=128 32 96 44 52 33
is_linear=0
shrinkage=0.0340087


Tree=91
num_leaves=7
num_cat=0
split_feature=56 38 72 78 67 94
split_gain=4.39366 5.1385 5.12064 8.43825 1.76939 2.36755
threshold=0.30952380952380959 1.5000000000000002 7.5000000000000009 135.00000000000003 1168.5000000000002 -0.62152777777777768
decision_type=2 2 2 2 2 2
left_child=1 -1 4 -4 -2 -6
right_child=2 -3 3 -5 5 -7
leaf_value=0.025690954044874099 0.031430153749097703 -0.039810638086405337 -0.041352549061748338 0.029843827614558636 0.025537979668188739 0
leaf_weight=2.2266008853912345 32.349971234798431 2.9697188651189208 3.5961511079221955 3.9529366493225098 8.8075555637478793 6.486603695899249
leaf_count=1 19 31 43 1 6 27
internal_value=0 -0.00785949 0.0221404 -0.00141883 0.0262999 0.0140618
internal_weight=0 5.19632 55.1932 7.54909 47.6441 15.2942
internal_count=128 32 96 44 52 33
is_linear=0
shrinkage=0.0340087


Tree=92
num_leaves=7
num_cat=0
split_feature=56 81 72 78 67 56
split_gain=4.19294 4.9199 4.88724 8.07732 1.76885 2.66356
threshold=0.30952380952380959 3.3500000000000001 7.5000000000000009 135.00000000000003 1168.5000000000002 0.51666666666666672
decision_type=2 2 2 2 2 2
left_child=1 -1 4 -4 -2 -6
right_child=2 -3 3 -5 5 -7
leaf_value=-0.039333852393848519 0.03122356865908146 0.025430084943165229 -0.040849685512217106 0.029653821591446521 0.028033847360767451 0
leaf_weight=2.9050976485013953 31.47191515006125 2.1742568016052246 3.5184488557279101 3.8450806140899658 7.5174441635608655 7.584619976580143
leaf_count=31 19 1 43 1 7 26
internal_value=0 -0.00763776 0.0219028 -0.00131316 0.0260097 0.0137406
internal_weight=0 5.07935 53.9375 7.36353 46.574 15.1021
internal_count=128 32 96 44 52 33
is_linear=0
shrinkage=0.0340087


Tree=93
num_leaves=8
num_cat=0
split_feature=92 58 72 78 103 6 103
split_gain=6.3837 6.04367 3.56915 6.81122 0.80902 2.47781 2.2304
threshold=0.080128205128205107 -12.499999999999998 7.5000000000000009 135.00000000000003 1.673675473363027 1.0000000180025095e-35 0.54070660511173008
decision_type=2 2 2 2 2 2 2
left_child=2 -2 4 -4 5 6 -1
right_child=1 -3 3 -5 -6 -7 -8
leaf_value=0.020612293773073803 0.025167058666605336 -0.04414070628976359 -0.03961698243839152 0.029461672472337004 0.03259410880106893 0.027514133213476972 -0.013147314201371182
leaf_weight=4.3942698761820811 2.1235587596893311 3.3796311207115641 2.8881172398105255 3.7405974864959717 21.456074416637421 15.567350788041947 4.1529895048588514
leaf_count=6 1 34 38 1 11 15 22
internal_value=0 -0.0137216 0.0226297 0 0.0260199 0.01928 0.0018447
internal_weight=0 5.50319 52.1994 6.62871 45.5707 24.1146 8.54726
internal_count=128 35 93 39 54 43 28
is_linear=0
shrinkage=0.0340087


Tree=94
num_leaves=8
num_cat=0
split_feature=92 58 72 78 103 6 103
split_gain=6.0924 5.78492 3.40864 6.52173 0.825112 2.40523 2.10727
threshold=0.080128205128205107 -12.499999999999998 7.5000000000000009 135.00000000000003 1.673675473363027 1.0000000180025095e-35 0.54070660511173008
decision_type=2 2 2 2 2 2 2
left_child=2 -2 4 -4 5 6 -1
right_child=1 -3 3 -5 -6 -7 -8
leaf_value=0.020228206439062684 0.024901890926784485 -0.043564644874405881 -0.03914893139767435 0.029267303938997343 0.032444971152342288 0.027195388267394982 -0.012675969784225581
leaf_weight=4.3273532167077082 2.074458122253418 3.3096035690978161 2.8248237157240501 3.6393887996673584 20.832541896030307 15.22063730470836 4.1622583270072937
leaf_count=6 1 34 38 1 11 15 22
internal_value=0 -0.0134285 0.0223966 0 0.0257442 0.0189513 0.00171673
internal_weight=0 5.38406 51.007 6.46421 44.5428 23.7102 8.48961
internal_count=128 35 93 39 54 43 28
is_linear=0
shrinkage=0.0340087


Tree=95
num_leaves=7
num_cat=0
split_feature=92 58 72 78 67 94
split_gain=5.81261 5.53769 3.25413 6.24412 0.865992 1.55913
threshold=0.080128205128205107 -12.499999999999998 7.5000000000000009 135.00000000000003 1168.5000000000002 -0.62152777777777768
decision_type=2 2 2 2 2 2
left_child=2 -2 4 -4 -1 -6
right_child=1 -3 3 -5 5 -7
leaf_value=0.029684539145170722 0.024634606203531154 -0.042997933838371152 -0.038684237496170504 0.029070631283361688 0.024533561584738978 0
leaf_weight=29.627623582258821 2.0269076824188232 3.240900474600493 2.7630823878571382 3.5413596630096436 8.1489471048116631 5.7733511738479164
leaf_count=24 1 34 38 1 6 24
internal_value=0 -0.0131356 0.0221606 0 0.025465 0.0149622
internal_weight=0 5.26781 49.8544 6.30444 43.5499 13.9223
internal_count=128 35 93 39 54 30
is_linear=0
shrinkage=0.0340087


Tree=96
num_leaves=8
num_cat=0
split_feature=92 58 72 78 103 6 103
split_gain=5.53866 5.30143 3.09982 5.9779 0.886184 2.46456 1.98446
threshold=0.080128205128205107 -12.499999999999998 7.5000000000000009 135.00000000000003 1.673675473363027 1.0000000180025095e-35 0.54070660511173008
decision_type=2 2 2 2 2 2 2
left_child=2 -2 4 -4 5 6 -1
right_child=1 -3 3 -5 -6 -7 -8
leaf_value=0.019364488932527481 0.024365239959998918 -0.042440224380084837 -0.03822283499380439 0.02887159039900113 0.032165281478410399 0.026699420321126266 -0.013146971171253683
leaf_weight=4.1666519641876238 1.9808605909347532 3.1735130734741679 2.7028578463941804 3.4464163780212402 19.689118560403585 14.648747613653539 4.137835131958127
leaf_count=6 1 34 38 1 11 15 22
internal_value=0 -0.0128428 0.0219032 0 0.0251568 0.0182105 0.000731108
internal_weight=0 5.15437 48.7916 6.14927 42.6424 22.9532 8.30449
internal_count=128 35 93 39 54 43 28
is_linear=0
shrinkage=0.0340087


Tree=97
num_leaves=9
num_cat=0
split_feature=42 65 54 79 66 73 54 59
split_gain=3.88111 6.65632 2.97756 2.48428 1.95473 5.88419 1.43428 4.13692
threshold=0.80625000000000013 3.5000000000000004 39.350000000000001 6.5000000000000009 1139.5000000000002 40.650000000000013 38.750000000000007 -584.99999999999989
decision_type=2 2 2 2 2 2 2 2
left_child=2 -2 3 6 -4 -6 7 -1
right_child=1 -3 4 -5 5 -7 -8 -9
leaf_value=0.023292066382183462 0.016746749557110734 -0.04929472128241718 0.026585573094955725 0.030613178321496813 -0.046542146162789698 0.024767534387039578 0.023784491680488313 -0.038578280913370129
leaf_weight=2.4016128852963421 5.4596744515001765 2.5015668673440814 2.4323928356170645 29.448356496170163 2.6942771123722196 2.2344437967985868 3.2719167787581682 2.3097697533667105
leaf_count=2 11 34 1 21 27 3 6 23
internal_value=0 -0.00159439 0.0219349 0.0258372 0 -0.0101626 0.0056078 -0.00280938
internal_weight=0 7.96124 44.7928 37.4317 7.36111 4.92872 7.9833 4.71138
internal_count=128 45 83 52 31 30 31 25
is_linear=0
shrinkage=0.0340087


Tree=98
num_leaves=7
num_cat=0
split_feature=39 41 90 84 81 86
split_gain=3.80512 6.9623 4.9927 7.19243 0.68245 1.72567
threshold=8.5000000000000018 1.1500000000000001 -0.13392857142857137 0.45000000000000007 3.1500000000000004 1.0000000180025095e-35
decision_type=2 2 2 2 2 2
left_child=2 -2 3 -1 5 -4
right_child=1 -3 4 -5 -6 -7
leaf_value=-0.042426217207739272 0.028452166048924952 -0.039532092338408015 0.0012274361408993204 0.026679510994801828 0.033187106517699023 0.026223487800209711
leaf_weight=3.1760521545074871 3.259471893310546 3.4575254861265421 6.5382143873721388 3.5893273204565048 17.987297922372818 13.554052111692725
leaf_count=31 1 48 26 3 5 14
internal_value=0 -0.00354518 0.0214791 -0.00281909 0.0263305 0.0191232
internal_weight=0 6.717 44.8449 6.76538 38.0796 20.0923
internal_count=128 49 79 34 45 40
is_linear=0
shrinkage=0.0340087


Tree=99
num_leaves=8
num_cat=0
split_feature=39 41 90 84 81 6 95
split_gain=3.63502 6.6705 4.77973 6.86679 0.709501 3.19707 1.95445
threshold=8.5000000000000018 1.1500000000000001 -0.13392857142857137 0.45000000000000007 3.1500000000000004 1.0000000180025095e-35 -0.39000000000000262
decision_type=2 2 2 2 2 2 2
left_child=2 -2 3 -1 5 6 -4
right_child=1 -3 4 -5 -6 -7 -8
leaf_value=-0.041834949033141521 0.028245457199926789 -0.039106836468599346 0.025260028731808271 0.026397511881542702 0.033091694556798432 0.028119720698436251 -0.014531991950695659
leaf_weight=3.1130555691197506 3.1734383106231681 3.3780653448775411 2.0958325862884513 3.5061637312173843 17.435249239206314 13.493784266524015 4.2098821289837396
leaf_count=31 1 48 1 3 5 13 26
internal_value=0 -0.00340925 0.0212601 -0.002683 0.0260629 0.0187889 0
internal_weight=0 6.5515 43.854 6.61922 37.2347 19.7995 6.30571
internal_count=128 49 79 34 45 40 27
is_linear=0
shrinkage=0.0340087


Tree=100
num_leaves=7
num_cat=0
split_feature=42 65 67 52 86 81
split_gain=3.50679 6.14605 2.87612 8.56123 0.503791 0.182783
threshold=0.80625000000000013 3.5000000000000004 1168.5000000000002 45.000000000000007 -1112.4999999999998 0.35000000000000003
decision_type=2 2 2 2 2 2
left_child=2 -2 4 -4 -1 -6
right_child=1 -3 3 -5 5 -7
leaf_value=0.033512915455116976 0.016439641713716143 -0.048467980256026416 -0.040544430514569803 0.022707557598559861 0.025090848995901902 0.0074399667848532329
leaf_weight=16.775896191596988 5.2530787251889697 2.3822640073485672 3.1109630661085239 10.104744762182234 5.5002165632322413 6.0849773045629263
leaf_count=3 11 34 35 13 10 22
internal_value=0 -0.00129751 0.0214243 0.00619871 0.0277808 0.0176355
internal_weight=0 7.63534 41.5768 13.2157 28.3611 11.5852
internal_count=128 45 83 48 35 32
is_linear=0
shrinkage=0.0340087


Tree=101
num_leaves=7
num_cat=0
split_feature=56 3 72 81 73 6
split_gain=3.46975 3.84019 8.77853 3.61768 1.78023 1.7414
threshold=0.30952380952380959 3.5000000000000004 3.5000000000000004 3.3500000000000001 38.850000000000001 1.0000000180025095e-35
decision_type=2 2 2 2 2 2
left_child=3 4 -3 -1 -2 -6
right_child=1 2 -4 -5 5 -7
leaf_value=-0.037087242006861046 0.02944465911564478 0.030187177751707581 -0.042679944422565952 0.022550678450078545 -0.0053223840086434318 0.022642757475091344
leaf_weight=2.5897788889706126 27.751650994643569 4.3370727300643912 3.34379618242383 1.7130939960479734 3.8191144708543998 4.6502466984093189
leaf_count=31 35 2 32 1 21 6
internal_value=0 0.0202925 0 -0.00864976 0.0249298 0.00766548
internal_weight=0 43.9019 7.68087 4.30287 36.221 8.46936
internal_count=128 96 34 32 62 27
is_linear=0
shrinkage=0.0340087


Tree=102
num_leaves=7
num_cat=0
split_feature=39 41 90 84 81 97
split_gain=3.41138 6.08287 4.46538 6.21372 0.678602 3.12304
threshold=8.5000000000000018 1.1500000000000001 -0.13392857142857137 0.45000000000000007 3.1500000000000004 -0.30519999999999919
decision_type=2 2 2 2 2 2
left_child=2 -2 3 -1 5 -4
right_child=1 -3 4 -5 -6 -7
leaf_value=-0.04082651454167268 0.027638367296240574 -0.038334151229613554 0.028468128775611414 0.025767321343378242 0.032851020869640778 0
leaf_weight=2.991904867347329 2.9416844844818106 3.2579432362690568 12.153391379863022 3.2537770494818687 15.929731924086807 6.636389720253649
leaf_count=31 1 48 14 3 5 26
internal_value=0 -0.00377943 0.020723 -0.00293982 0.0255661 0.0182478
internal_weight=0 6.19963 40.9652 6.24568 34.7195 18.7898
internal_count=128 49 79 34 45 40
is_linear=0
shrinkage=0.0340087


Tree=103
num_leaves=7
num_cat=0
split_feature=39 41 90 84 81 97
split_gain=3.25543 5.82729 4.27085 5.93288 0.703156 3.03623
threshold=8.5000000000000018 1.1500000000000001 -0.13392857142857137 0.45000000000000007 3.1500000000000004 -0.30519999999999919
decision_type=2 2 2 2 2 2
left_child=2 -2 3 -1 5 -4
right_child=1 -3 4 -5 -6 -7
leaf_value=-0.040269407269142556 0.027421340739783733 -0.03791891325210367 0.028184934307386233 0.025475728936383057 0.0327500892985335 0
leaf_weight=2.9317324156872919 2.8657569885253897 3.18333446001634 11.86343641579151 3.1808164417743683 15.443859677761791 6.636389720253649
leaf_count=31 1 48 14 3 5 26
internal_value=0 -0.00363155 0.0204981 -0.00279327 0.025292 0.0179061
internal_weight=0 6.04909 40.0562 6.11255 33.9437 18.4998
internal_count=128 49 79 34 45 40
is_linear=0
shrinkage=0.0340087


Tree=104
num_leaves=6
num_cat=0
split_feature=56 3 72 81 62
split_gain=3.25871 3.56518 7.87123 3.24339 1.62006
threshold=0.30952380952380959 3.5000000000000004 3.5000000000000004 3.3500000000000001 3.5000000000000004
decision_type=2 2 2 2 2
left_child=3 4 -3 -1 -2
right_child=1 2 -4 -5 -6
leaf_value=-0.036330474403322176 0.0053485548299646406 0.029672319423241753 -0.041275514765365645 0.021412802991843675 0.028390309557483624
leaf_weight=2.4922811621800056 6.7472322019748381 3.9984171390533438 3.2162482137791812 1.5761348009109495 27.049359240569174
leaf_count=31 22 2 32 1 40
internal_value=0 0.0197616 0 -0.00899618 0.0244059
internal_weight=0 41.0113 7.21467 4.06842 33.7966
internal_count=128 96 34 32 62
is_linear=0
shrinkage=0.0340087


Tree=105
num_leaves=9
num_cat=0
split_feature=39 41 90 84 81 6 95 97
split_gain=3.11536 5.47009 4.03419 5.48802 0.710776 3.01209 1.8074 3.61987
threshold=8.5000000000000018 1.1500000000000001 -0.13392857142857137 0.45000000000000007 3.1500000000000004 1.0000000180025095e-35 -0.39000000000000262 -0.30519999999999919
decision_type=2 2 2 2 2 2 2 2
left_child=2 -2 3 -1 5 6 -4 -8
right_child=1 -3 4 -5 -6 -7 7 -9
leaf_value=-0.039357062189562364 0.026969175894849554 -0.037480286459670609 0.02401251844694894 0.024985438589943551 0.032592703740129479 0.027178779149335874 0.010281955217072371 -0.04840857166482114
leaf_weight=2.8516049697063854 2.7180297374725333 3.0986451110802591 1.8897691965103121 3.0277296304702759 14.581149138510225 12.054980317130683 1.8699394334107613 2.0773529261350712
leaf_count=31 1 48 1 3 5 13 6 20
internal_value=0 -0.00389688 0.0201201 -0.00282547 0.0249013 0.0174346 0 -0.0156575
internal_weight=0 5.81667 38.3525 5.87933 32.4732 17.892 5.83706 3.94729
internal_count=128 49 79 34 45 40 27 26
is_linear=0
shrinkage=0.0340087


Tree=106
num_leaves=8
num_cat=0
split_feature=39 41 61 47 86 86 73
split_gain=2.98727 5.23989 3.95764 1.01919 2.62444 2.59997 0.768838
threshold=8.5000000000000018 1.1500000000000001 0.29166666666666669 37.95000000000001 17.000000000000004 -1471.9999999999998 39.45000000000001
decision_type=2 2 2 2 2 2 2
left_child=2 -2 3 -1 5 -5 -4
right_child=1 -3 6 4 -6 -7 -8
leaf_value=0.030450230641627694 0.026743700375620714 -0.037073246773150804 -0.011522134031235927 0.020674044219145867 0.027409254055594891 -0.033203155580041582 0.010171741687449254
leaf_weight=20.865168185904626 2.6492526531219474 3.0277911177836359 4.305340062826871 1.4973974227905276 5.5581129901111126 2.2155509712174517 2.9783257856033742
leaf_count=16 1 48 17 1 7 28 10
internal_value=0 -0.00373963 0.0199673 0.0254286 0.0118497 -0.00604175 0
internal_weight=0 5.67704 37.4199 30.1362 9.27106 3.71295 7.28367
internal_count=128 49 79 52 36 29 27
is_linear=0
shrinkage=0.0340087


Tree=107
num_leaves=5
num_cat=0
split_feature=67 97 103 56
split_gain=2.91245 2.76434 10.6988 1.28308
threshold=1556.5000000000002 -0.30519999999999919 10.839718747860955 0.55844155844155852
decision_type=2 2 2 2
left_child=1 3 -3 -1
right_child=-2 2 -4 -5
leaf_value=0.032228071912850466 -0.0017583042274433255 -0.039060020742183676 0.031324164014385134 0.010228541628586064
leaf_weight=17.466471632011238 6.6848038909956804 3.8959115478210133 6.5520830154418945 7.5934709594584993
leaf_count=20 30 53 1 24
internal_value=0 0.020127 0.00308141 0.0264031
internal_weight=0 35.5079 10.448 25.0599
internal_count=128 98 54 44
is_linear=0
shrinkage=0.0340087


end of trees

feature_importances:
margin_1=69
corner_ratio_1=45
margin_5=32
days_since_last_race=28
ninki_5=27
corner_chase_5=25
result_4=24
agari_std5=24
agari_2=22
ninki_3=22
win_rate_recent5=21
mother_father_cat=17
ninki_4=17
ninki_1=16
current_odds=15
corner_ratio_std5=14
mf_course3=13
paternal_gf_cat=13
dist_change=12
rank_trend_5=12
corner_chase_1=12
agari_5=10
agari_3=9
weight_change=9
corner_ratio_4=9
result_1=8
corner_chase_2=8
corner_ratio_3=7
rank_trend=7
kinryo=6
agari_df_course_1=5
agari_df_course_4=5
agari_df_course_5=5
jockey_place_rate=4
current_popularity=4
result_5=4
corner_chase_3=4
agari_trend_5=4
agari_df_course_3=4
f_courseout=3
agari_1=3
father_cat=3
agari_4=3
n_horses_today=3
agari_df_course_2=3
waku=2
ninki_2=1
corner_ratio_2=1
margin_4=1

parameters:
[boosting: gbdt]
[objective: binary]
[metric: binary_logloss]
[tree_learner: serial]
[device_type: cpu]
[data_sample_strategy: bagging]
[data: ]
[valid: ]
[num_iterations: 108]
[learning_rate: 0.0340087]
[num_leaves: 54]
[num_threads: 16]
[seed: 0]
[deterministic: 0]
[force_col_wise: 1]
[force_row_wise: 0]
[histogram_pool_size: -1]
[max_depth: 9]
[min_data_in_leaf: 12]
[min_sum_hessian_in_leaf: 0.001]
[bagging_fraction: 1]
[pos_bagging_fraction: 1]
[neg_bagging_fraction: 1]
[bagging_freq: 0]
[bagging_seed: 7719]
[feature_fraction: 1]
[feature_fraction_bynode: 1]
[feature_fraction_seed: 2437]
[extra_trees: 0]
[extra_seed: 11797]
[early_stopping_round: 0]
[first_metric_only: 0]
[max_delta_step: 0]
[lambda_l1: 0.600857]
[lambda_l2: 0.0402365]
[linear_lambda: 0]
[min_gain_to_split: 0]
[drop_rate: 0.1]
[max_drop: 50]
[skip_drop: 0.5]
[xgboost_dart_mode: 0]
[uniform_drop: 0]
[drop_seed: 21238]
[top_rate: 0.2]
[other_rate: 0.1]
[min_data_per_group: 100]
[max_cat_threshold: 32]
[cat_l2: 10]
[cat_smooth: 10]
[max_cat_to_onehot: 4]
[top_k: 20]
[monotone_constraints: ]
[monotone_constraints_method: basic]
[monotone_penalty: 0]
[feature_contri: ]
[forcedsplits_filename: ]
[refit_decay_rate: 0.9]
[cegb_tradeoff: 1]
[cegb_penalty_split: 0]
[cegb_penalty_feature_lazy: ]
[cegb_penalty_feature_coupled: ]
[path_smooth: 0]
[interaction_constraints: ]
[verbosity: -1]
[saved_feature_importance_type: 0]
[use_quantized_grad: 0]
[num_grad_quant_bins: 4]
[quant_train_renew_leaf: 0]
[stochastic_rounding: 1]
[linear_tree: 0]
[max_bin: 255]
[max_bin_by_feature: ]
[min_data_in_bin: 3]
[bin_construct_sample_cnt: 200000]
[data_random_seed: 38]
[is_enable_sparse: 1]
[enable_bundle: 1]
[use_missing: 1]
[zero_as_missing: 0]
[feature_pre_filter: 1]
[pre_partition: 0]
[two_round: 0]
[header: 0]
[label_column: ]
[weight_column: ]
[group_column: ]
[ignore_column: ]
[categorical_feature: ]
[forcedbins_filename: ]
[precise_float_parser: 0]
[parser_config_file: ]
[objective_seed: 8855]
[num_class: 1]
[is_unbalance: 0]
[scale_pos_weight: 15.8301]
[sigmoid: 1]
[boost_from_average: 1]
[reg_sqrt: 0]
[alpha: 0.9]
[fair_c: 1]
[poisson_max_delta_step: 0.7]
[tweedie_variance_power: 1.5]
[lambdarank_truncation_level: 30]
[lambdarank_norm: 1]
[label_gain: ]
[lambdarank_position_bias_regularization: 0]
[eval_at: ]
[multi_error_top_k: 1]
[auc_mu_weights: ]
[num_machines: 1]
[local_listen_port: 12400]
[time_out: 120]
[machine_list_filename: ]
[machines: ]
[gpu_platform_id: -1]
[gpu_device_id: -1]
[gpu_use_dp: 0]
[num_gpu: 1]

end of parameters

pandas_categorical:[]
