tree
version=v4
num_class=1
num_tree_per_iteration=1
label_index=0
max_feature_idx=50
objective=lambdarank
feature_names=f_course1 f_course2 f_course3 f_courseout mf_course1 mf_course2 mf_course3 mf_courseout f_mf_course1 f_mf_course2 f_mf_course3 f_mf_courseout f_len1 f_len2 f_len3 f_lenout mf_len1 mf_len2 mf_len3 mf_classout f_mf_len1 f_mf_len2 f_mf_len3 f_mf_classout f_class1 f_class2 f_class3 f_classout mf_class1 mf_class2 mf_class3 mf_classout.1 f_mf_class1 f_mf_class2 f_mf_class3 f_mf_classout.1 time_df_course1 time_df_class1 ninki_1 result_1 time_df_course2 time_df_class2 ninki_2 result_2 time_df_course3 time_df_class3 ninki_3 result_3 waku umaban self_popularity
feature_infos=[0:24] [0:27] [0:17] [0:152] [0:16] [0:25] [0:21] [0:176] [0:4] [0:7] [0:3] [0:21] [0:7] [0:8] [0:8] [0:58] [0:6] [0:10] [0:8] [0:54] [0:3] [0:3] [0:2] [0:13] [0:4] [0:4] [0:5] [0:27] [0:3] [0:5] [0:4] [0:33] [0:2] [0:3] [0:1] [0:5] [-1:0] [-1:0] [-1:180] [-1:140] [-1:0] [-1:0] [-1:180] [-1:160] [-1:0] [-1:0] [-1:170] [-1:160] [1:8] [1:16] [-1:16]
tree_sizes=5103 5104 5118 5091 4426 5100

Tree=0
num_leaves=48
num_cat=0
split_feature=46 13 46 17 19 49 47 0 50 24 42 27 7 7 48 2 43 50 49 47 39 7 7 5 3 46 50 19 33 26 42 47 49 42 49 13 15 6 0 49 49 29 49 38 7 50 49
split_gain=4.26921 5.06078 4.95701 5.68443 5.95341 4.4378 3.83834 5.15624 3.44039 4.06001 5.67953 5.34522 4.7369 9.6467 4.28388 3.36656 3.28065 4.59867 4.09431 3.14227 2.99412 4.52089 5.23386 3.93143 2.94092 2.91958 2.84175 2.53805 2.31161 3.15151 2.22647 2.18135 2.12863 2.05122 1.96761 1.9024 1.69654 3.43242 2.24385 1.64317 1.57842 1.24916 1.03217 0.929019 1.43876 0.718894 0.614833
threshold=3.5000000000000004 2.5000000000000004 8.5000000000000018 1.0000000180025095e-35 1.5000000000000002 12.500000000000002 6.5000000000000009 5.5000000000000009 7.5000000000000009 1.0000000180025095e-35 65.000000000000014 2.5000000000000004 11.500000000000002 17.500000000000004 3.5000000000000004 8.5000000000000018 11.500000000000002 9.5000000000000018 2.5000000000000004 3.5000000000000004 10.500000000000002 19.500000000000004 26.500000000000004 2.5000000000000004 12.500000000000002 25.000000000000004 12.500000000000002 9.5000000000000018 1.0000000180025095e-35 1.0000000180025095e-35 105.00000000000001 6.5000000000000009 1.5000000000000002 1.5000000000000002 1.5000000000000002 4.5000000000000009 7.5000000000000009 1.5000000000000002 10.500000000000002 6.5000000000000009 1.5000000000000002 1.5000000000000002 7.5000000000000009 7.5000000000000009 3.5000000000000004 8.5000000000000018 5.5000000000000009
decision_type=2 2 2 2 2 2 2 2 2 2 2 2 2 2 2 2 2 2 2 2 2 2 2 2 2 2 2 2 2 2 2 2 2 2 2 2 2 2 2 2 2 2 2 2 2 2 2
left_child=1 16 3 4 5 43 7 -6 9 10 12 19 25 -14 34 20 17 18 32 -12 21 24 -23 30 -10 -4 40 -25 29 -20 -22 -13 -1 39 -11 -28 37 -16 -38 -3 -17 -5 -8 44 -2 -18 -43
right_child=2 33 8 41 6 -7 42 -9 15 14 11 31 13 -15 36 26 45 -19 28 -21 23 22 -24 27 -26 -27 35 -29 -30 -31 -32 -33 -34 -35 -36 -37 38 -39 -40 -41 -42 46 -44 -45 -46 -47 -48
leaf_value=0.01609192019239938 -0.12706555717271364 -0.096202941950692122 -0.029908275740608486 -0.17622000699816179 -0.17323071278237895 0.088790349390685225 0.036748654229606492 0.15275503382813219 -0.11879662707171214 0.057775823411168964 -0.089339054436828394 0.031412321288664828 0.15072523654452122 -0.037350276440689875 0.13284381575076384 0.020286332524712916 0.063534852098118266 -0.13339576845839451 0.07139446410949038 0.088093308589251365 0.021676695602721268 0.1437991977231268 -0.027257095429503733 -0.15972318930839377 -0.016877177226200246 -0.13268923605665126 -0.085492339551003382 0 0.19316483491427497 -0.13061264844027745 0.11618182300506899 -0.16997688298856126 -0.17790247286142652 -0.19380939096247796 -0.15350621619071364 0.10227815892897368 0.15234871149104845 -0.127246644048046 0.027120017292138872 0.11603896089069028 -0.17860377994015372 0.01998532995715473 0.16431655145320168 -0.18443777326861266 0.023991953117185202 0.15996625630245442 -0.11711415345412814
leaf_weight=1.1833613612689176 2.5951638836413644 0.96561805484816365 7.086435950361194 3.9629411911591879 1.3153371263761076 1.1970331727061418 1.0896765459328892 0.78933697892352928 6.9839590047486144 0.70887676067650218 1.0906172664836074 0.84753554174676482 3.8740664469078174 10.450792498420922 1.1471661692485198 0.42828013980761115 1.3765634628944088 1.5215113963931788 11.193441674346101 12.991846641409209 7.8430420681834239 2.527091474272309 6.8648737057810649 1.6101570390164841 5.314888103865087 5.0366336825536564 1.2922547804191711 2.7943672625115141 1.4882419519126404 0.83726258948445398 4.0039331876905635 1.4333498748019335 1.0778524130582809 1.1596655575558541 1.1414310380350796 0.96771473810076702 5.7375368727371097 0.94791400735266496 2.1567113529890776 0.59837753884494305 2.9981986253987998 0.55952287744730689 2.310842803446576 1.9480498654302207 0.80327718332409848 3.1891035693697631 0.68278581881895661
leaf_count=17 48 17 123 95 26 13 20 5 146 8 20 10 26 174 10 6 19 29 144 123 108 22 123 36 99 113 25 38 3 19 30 28 21 23 29 10 37 12 27 13 74 8 15 52 17 22 16
internal_value=0 0.0385861 -0.00821665 -0.0586311 -0.0196101 -0.0856082 0.0579649 -0.0484539 0.000591309 0.0176927 0.00294193 0.0502623 -0.026161 0.0132694 0.0705497 -0.0207169 0.055069 0.034328 0.0509151 0.0739283 -0.00958591 -0.0344747 0.0183937 0.0233325 -0.0752209 -0.0731184 -0.0939192 -0.0583036 0.072353 0.0567922 0.0541305 -0.0932726 -0.0747517 -0.0915591 -0.0701042 -0.00279571 0.0971555 0.0127758 0.118866 -0.0115792 -0.152337 -0.147717 0.125196 -0.125701 -0.0899709 0.132248 -0.0519284
internal_weight=0 24.591 115.534 17.254 12.0487 6.54352 5.50519 2.10467 98.2797 54.6509 42.8113 16.3633 26.4479 14.3249 11.8396 43.6288 21.8673 17.3017 15.7802 14.0825 37.9423 21.6908 9.39197 16.2515 12.2988 12.1231 5.68645 4.40452 13.5189 12.0307 11.847 2.28089 2.26121 2.72366 1.85031 2.25997 9.98933 2.09508 7.89425 1.564 3.42648 5.20525 3.40052 5.34649 3.39844 4.56567 1.24231
internal_count=2099 327 1772 315 196 130 66 31 1457 740 617 181 436 200 123 717 274 233 204 143 602 390 145 212 245 236 115 74 166 163 138 38 38 53 37 35 86 22 64 30 80 119 35 117 65 41 24
is_linear=0
shrinkage=0.102021


Tree=1
num_leaves=48
num_cat=0
split_feature=5 7 39 38 26 38 0 12 47 7 42 46 50 7 42 39 43 10 39 49 50 49 38 20 25 10 42 23 42 50 43 48 6 49 18 0 3 46 50 31 38 49 42 42 39 15 43
split_gain=13.4387 17.5444 15.524 19.7562 11.6065 12.0254 11.4299 16.8164 10.2595 10.041 16.0056 15.4955 13.6925 17.8937 14.6761 13.6021 12.3327 10.1101 9.19479 19.5998 13.7763 8.24491 9.23599 8.51503 8.06612 7.32052 8.02967 7.08553 5.73906 5.56855 13.8273 5.54672 11.3944 2.96803 2.78394 2.39788 2.34125 4.14701 2.19451 2.15924 2.84458 1.69936 1.29101 1.08103 0.149863 0.0616626 0.0193781
threshold=2.5000000000000004 19.500000000000004 4.5000000000000009 2.5000000000000004 2.5000000000000004 145.00000000000003 3.5000000000000004 1.0000000180025095e-35 7.5000000000000009 40.500000000000007 6.5000000000000009 75.000000000000014 2.5000000000000004 67.500000000000014 9.5000000000000018 6.5000000000000009 7.5000000000000009 1.0000000180025095e-35 3.5000000000000004 9.5000000000000018 3.5000000000000004 14.500000000000002 85.000000000000014 1.0000000180025095e-35 1.0000000180025095e-35 1.5000000000000002 1.5000000000000002 3.5000000000000004 35.000000000000007 3.5000000000000004 12.500000000000002 7.5000000000000009 1.0000000180025095e-35 9.5000000000000018 1.0000000180025095e-35 3.5000000000000004 40.500000000000007 9.5000000000000018 7.5000000000000009 3.5000000000000004 9.5000000000000018 9.5000000000000018 19.000000000000004 11.500000000000002 8.5000000000000018 1.0000000180025095e-35 7.5000000000000009
decision_type=2 2 2 2 2 2 2 2 2 2 2 2 2 2 2 2 2 2 2 2 2 2 2 2 2 2 2 2 2 2 2 2 2 2 2 2 2 2 2 2 2 2 2 2 2 2 2
left_child=2 38 6 -4 5 21 7 18 33 10 39 15 13 -11 34 45 27 -18 19 20 -1 23 -23 -5 -17 26 -15 -16 36 -30 -31 32 -20 -9 -14 -13 42 41 -2 40 -3 -38 -8 -40 -45 -12 -21
right_child=1 9 3 4 -6 -7 28 8 -10 12 11 35 14 25 16 24 17 -19 31 46 -22 22 -24 -25 -26 -27 -28 -29 29 30 -32 -33 -34 -35 -36 -37 37 -39 43 -41 -42 -43 -44 44 -46 -47 -48
leaf_value=-0.065013144137095885 -0.19956186209278351 0.024685310316236993 -0.20067263822996934 0.016601736764117324 -0.19785617249871579 -0.18301010018905253 0.121328976394416 -0.19698549969856724 0.030089664771728194 -0.18792486522539828 -0.15124254956242356 0.049050821072631354 -0.036341504287189144 0.1601904314049182 -0.14686754341804895 0.042884603800265021 0.018464484204572588 -0.14181801445113368 -0.085679238732756804 -0.19309099176671005 0.082402917200438894 -0.17855484979179947 0.08140626279964279 -0.14172984238716715 -0.17614143004639943 0.18565309780218767 -0.017676689697760026 0.029803653715313776 0.12141089573477444 -0.20089431439129576 0.14927420280452003 0.19459146696416721 0.13573016186542244 -0.044450529813853661 -0.18795850376897238 0.16479829680450389 0.072552702463085691 -0.025390028786198511 -0.019245330464245647 0.19222659495510969 0.17346058652863475 0.18645340230833227 0.187863374086258 -0.18007037114504698 -0.089886375570548058 -0.1952677214725615 -0.14867797404579491
leaf_weight=8.7938614357262832 6.108153408393262 3.0328870434313995 5.229687448590993 152.08129985257983 3.0042644143104544 3.4867632263340047 8.7361583784222656 5.6954114343970996 4.7587925288826227 3.1232755780220058 2.2157680131495061 4.0232406854629508 1.5569057166576374 3.7478232681751278 12.416934182867406 9.2660153042525035 29.906758127734065 4.729872563853859 3.4599057361483592 2.6665887366980305 25.985402435064316 4.7979361210018387 1.9799357652664182 3.6001739855855694 2.1422736309468737 4.6812152359634629 8.7403489090502244 2.8577133901417247 3.4108902215957624 2.6972036119550467 2.0441908203065395 5.3640319108963004 7.8230484500527382 1.8593554235994814 9.5225440859794599 3.7643481381237507 3.1757588163018209 2.6641886811703444 1.4083924666047098 4.411491397768259 2.5226888954639435 2.732175026088953 5.6333156470209351 0.93359412066638447 0.68244651146233082 4.4513238240033388 2.1128524728119373
leaf_count=56 39 21 32 798 15 18 21 31 19 25 17 21 20 10 110 49 146 43 31 25 102 31 6 26 13 8 41 11 11 19 5 6 19 10 82 7 19 18 14 5 6 7 6 12 13 36 19
internal_value=0 -0.0275354 0.0126974 -0.00564932 0.000374618 0.00400943 0.0448232 0.0214422 -0.0863385 -0.0168585 0.0280503 -0.0141218 -0.0367163 0.0357061 -0.0608956 -0.0661137 -0.0371659 -0.00333036 0.0451579 0.0182255 0.0449768 0.00806905 -0.101882 0.0128963 0.00115917 0.0767931 0.0354309 -0.113496 0.0961554 0.0218451 -0.0488967 0.108794 0.0673786 -0.160245 -0.167169 0.105826 0.122318 0.0786705 -0.16368 0.137837 0.0933907 0.126374 0.147912 -0.0890075 -0.146103 -0.181721 -0.174976
internal_weight=0 126.246 273.793 174.18 168.95 165.946 99.6131 68.5193 12.3136 117.113 35.83 25.863 81.2834 20.2927 60.9907 18.0754 49.9113 34.6366 56.2057 39.5587 34.7793 162.459 6.77787 155.681 11.4083 17.1694 12.4882 15.2746 31.0939 8.15228 4.74139 16.647 11.283 7.55477 11.0794 7.78759 22.9416 8.57212 9.13259 9.96707 5.55558 5.90793 14.3695 3.02443 1.61604 6.66709 4.77944
internal_count=2099 749 1350 926 894 879 424 318 60 671 175 143 496 84 412 115 310 189 258 202 158 861 37 824 62 59 51 121 106 35 24 56 50 41 102 28 71 44 78 32 27 26 27 39 25 53 44
is_linear=0
shrinkage=0.102021


Tree=2
num_leaves=48
num_cat=0
split_feature=46 42 1 39 14 15 4 50 47 49 49 3 27 49 12 3 10 50 38 38 18 38 49 49 43 14 31 9 2 38 50 15 3 13 3 48 5 50 6 49 24 1 31 19 15 7 3
split_gain=10.4764 13.5169 13.375 9.25793 13.5405 10.0595 16.8335 9.00984 10.3678 11.686 8.10742 8.56637 7.96853 11.0345 10.3887 9.91725 10.3727 9.53668 9.41801 8.53452 9.4284 8.52837 7.29277 7.82936 12.2799 8.96958 7.15335 6.96045 6.92279 6.56271 6.47715 18.0745 12.5553 6.39835 6.35346 6.14433 6.70531 5.95961 4.95403 4.71673 6.02063 3.40461 3.21449 3.80085 2.88115 4.46924 5.96957
threshold=3.5000000000000004 75.000000000000014 13.500000000000002 8.5000000000000018 2.5000000000000004 11.500000000000002 5.5000000000000009 2.5000000000000004 4.5000000000000009 8.5000000000000018 8.5000000000000018 43.500000000000007 1.0000000180025095e-35 7.5000000000000009 1.5000000000000002 1.0000000180025095e-35 1.0000000180025095e-35 5.5000000000000009 95.000000000000014 4.5000000000000009 6.5000000000000009 6.5000000000000009 1.5000000000000002 6.5000000000000009 11.500000000000002 1.0000000180025095e-35 3.5000000000000004 1.5000000000000002 7.5000000000000009 3.5000000000000004 4.5000000000000009 3.5000000000000004 36.500000000000007 1.5000000000000002 1.0000000180025095e-35 2.5000000000000004 1.0000000180025095e-35 9.5000000000000018 1.5000000000000002 6.5000000000000009 1.0000000180025095e-35 1.5000000000000002 1.0000000180025095e-35 1.0000000180025095e-35 8.5000000000000018 40.500000000000007 1.5000000000000002
decision_type=2 2 2 2 2 2 2 2 2 2 2 2 2 2 2 2 2 2 2 2 2 2 2 2 2 2 2 2 2 2 2 2 2 2 2 2 2 2 2 2 2 2 2 2 2 2 2
left_child=1 2 26 7 5 22 10 8 9 39 11 -7 15 17 18 19 29 -14 -15 -9 -21 -19 -5 24 -24 -25 30 -6 34 -17 31 38 -33 42 -11 36 -32 -16 -1 40 -2 -37 43 -10 45 -28 -47
right_child=3 -3 -4 4 27 6 -8 12 33 28 -12 -13 13 14 37 16 -18 21 -20 20 -22 -23 23 25 -26 -27 44 -29 -30 -31 35 32 -34 -35 -36 41 -38 -39 -40 -41 -42 -43 -44 -45 -46 46 -48
leaf_value=-0.16821295379455131 -0.12736715707534824 -0.15605502161792092 -0.18408016631403062 -0.15742908811033846 -0.16163852230916451 0.1716014180128683 -0.17366293494410323 0.049927540317355676 0.017671795537066846 0.1213076242011417 0.13028532022019251 -0.095192506169758606 -0.16186731744498345 -0.082597314001360098 0.093080094973745739 -0.10794630603852966 -0.14948342578735438 -0.13479035311754514 0.11985738433933038 -0.16917561445274643 0.11025408343554721 0.00084499372282029531 -0.055611848231666879 -0.030396268044861438 0.064186355298568296 -0.13821548237541667 0.15372844081639744 0.097239788557446249 0.13068118163432332 0.048803508152986778 -0.18674572516253515 0.12831002320002868 -0.064880169100411 0.15740789549181045 -0.16233743967713055 0.11104377689042104 0.062187049111686224 -0.058759176173982103 0.0026994702091715423 -0.19227439244227279 0.10026848547189406 0.025863336973469458 -0.049510069497348097 0.14091389337900728 0.16307089573326819 0.11438672305438437 -0.15935490829444393
leaf_weight=6.2929002046585101 2.9507288597524184 3.6603396832942954 2.5459519773721686 4.7699440438300362 10.48252720851451 1.769531250000006 3.1265444234013549 4.4787619374692431 5.9733446370810288 1.3313754647970184 12.005789777263997 4.170729273930192 9.3392341658472997 14.14807026460767 13.99211877025664 2.8854914121329776 3.0869881920516482 6.8177667800337103 2.8477925620973101 7.409929331392048 1.4805397540330885 16.184742094948888 16.697827145457268 34.458882476203144 19.027044259011745 10.542326819151638 3.1809033565223199 1.1712131891399611 6.1985278110951185 59.30280421487987 1.8931432161480213 10.306473672389982 5.2506515290588132 9.5462869927287084 2.0611828193068504 18.285692472010854 2.7009122371673584 3.2782215550541869 2.3727955259382725 3.3481754548847675 2.0106171667575836 6.8991225808858863 2.7579504810273638 4.7608146630227566 7.3291283007711172 1.7248044908046725 1.5637380406260488
leaf_count=43 36 25 16 37 129 4 36 27 36 4 29 36 88 105 54 29 28 59 10 82 3 92 114 195 70 65 6 6 14 259 16 26 29 20 23 55 12 27 15 17 5 38 21 12 19 5 22
internal_value=0 0.0344237 0.044434 -0.00837001 -0.0307026 -0.0192223 0.0437908 0.00578494 0.0480626 -0.00993507 0.0820552 -0.0146756 -0.00610062 -0.0320866 0.00812711 0.0158476 0.0322946 -0.0748298 -0.0483147 -0.064038 -0.12199 -0.039201 -0.0348154 -0.0274834 0.00805543 -0.0557992 0.0531237 -0.135114 0.0664426 0.0414287 0.0362234 -0.00276077 0.0627919 0.0933176 -0.0495418 0.068085 -0.039587 0.0639499 -0.120921 -0.0986452 -0.0341073 0.0879317 0.0474904 0.0729018 0.118804 0.0676534 -0.014419
internal_weight=0 74.0066 70.3462 304.414 118.222 106.569 21.0726 186.191 40.939 17.9006 17.9461 5.94026 145.252 66.6079 34.2662 78.6445 65.2753 32.3417 16.9959 13.3692 8.89047 23.0025 85.496 80.7261 35.7249 45.0012 67.8003 11.6537 9.59109 62.1883 54.0017 24.2228 15.5571 23.0384 3.39256 29.7789 4.59406 17.2703 8.6657 8.30952 4.96135 25.1848 13.4921 10.7342 13.7986 6.46945 3.28854
internal_count=2099 327 302 1772 721 586 105 1051 188 99 69 40 863 435 196 428 316 239 115 112 85 151 481 444 184 260 286 135 41 288 234 113 55 89 27 121 28 81 58 58 41 93 69 48 52 33 27
is_linear=0
shrinkage=0.102021


Tree=3
num_leaves=48
num_cat=0
split_feature=50 4 15 39 43 43 15 49 1 15 49 7 3 15 13 42 47 2 42 47 0 15 3 46 50 7 12 7 6 39 49 7 7 1 7 42 43 19 47 38 50 3 49 48 18 38 3
split_gain=5.90407 11.8897 7.87553 8.44994 11.0123 8.43937 7.50806 7.4189 8.03286 7.33616 9.92883 8.97384 7.18946 8.84799 7.02577 6.96065 6.85049 6.02368 5.98211 14.4008 8.56231 11.5977 6.15453 6.45546 6.55849 5.87959 5.41308 5.28608 5.18267 7.31508 4.94057 4.55766 14.0634 8.30806 6.62481 5.31601 5.28088 3.77622 6.57957 3.63128 4.99533 2.70798 2.69304 2.5758 2.51461 2.48002 2.37163
threshold=5.5000000000000009 3.5000000000000004 1.5000000000000002 1.5000000000000002 5.5000000000000009 15.500000000000002 3.5000000000000004 3.5000000000000004 2.5000000000000004 23.500000000000004 1.5000000000000002 24.500000000000004 1.5000000000000002 16.500000000000004 1.0000000180025095e-35 6.5000000000000009 6.5000000000000009 11.500000000000002 55.000000000000007 4.5000000000000009 7.5000000000000009 13.500000000000002 57.500000000000007 1.5000000000000002 1.5000000000000002 56.000000000000007 2.5000000000000004 5.5000000000000009 3.5000000000000004 4.5000000000000009 3.5000000000000004 11.500000000000002 4.5000000000000009 1.0000000180025095e-35 40.500000000000007 25.000000000000004 5.5000000000000009 1.0000000180025095e-35 9.5000000000000018 10.500000000000002 13.500000000000002 9.5000000000000018 5.5000000000000009 5.5000000000000009 1.5000000000000002 55.000000000000007 44.500000000000007
decision_type=2 2 2 2 2 2 2 2 2 2 2 2 2 2 2 2 2 2 2 2 2 2 2 2 2 2 2 2 2 2 2 2 2 2 2 2 2 2 2 2 2 2 2 2 2 2 2
left_child=18 2 5 -4 6 7 -5 8 -2 11 -11 -6 16 39 15 -9 -3 25 20 -20 21 31 43 -24 -25 -15 -26 37 29 -29 -8 32 33 -1 35 -33 -36 38 -21 40 -14 -30 -18 -22 -43 -7 -34
right_child=1 12 3 4 9 45 30 14 -10 10 -12 -13 13 17 -16 -17 42 -19 19 27 22 -23 23 24 26 -27 -28 28 41 -31 -32 34 46 -35 36 -37 -38 -39 -40 -41 -42 44 -44 -45 -46 -47 -48
leaf_value=-0.068586781845290934 -0.16395698577245232 -0.11057370394766582 0.10600929703487379 0.042549884798518095 0.014349247465489401 0.11471228618734269 0.033476159244574963 0.063379567419683619 0.078921538856963624 0.12561757152127381 -0.15712955661444009 0.10214089470560954 -0.1078468493741678 -0.093510780865780976 -0.18066642116798998 -0.035406085602273436 0.13832164974706601 -0.14444499547978756 -0.11619093685410921 -0.033322386654276705 0.059567120439198949 -0.15400601026809249 0.12571019792513208 0.084159007048229886 -0.18444068451192594 0.089375842879770073 -0.01488081031190672 0.044384559969572107 0.15171429719989116 -0.17115595226321645 -0.1494906250853707 0.081497728749054463 -0.1610956878449718 0.039403012773582186 0.00808955184658189 -0.042733905751419471 -0.13403740604340936 0.16051387129128206 0.14800875430835742 -0.15005630673032913 0.063668395625328042 0.10373518031295251 0.0094192817340217391 0.16466751725202414 -0.072269411331378444 -0.0015793897608143035 -0.0033463783987143386
leaf_weight=10.881119566038249 8.079892519861458 2.9587493203580362 10.555939085781572 4.2443376742303363 49.581178462132812 5.0232250448316327 1.8099523708224285 9.5938847921788675 1.6796058565378178 1.7614998258650292 4.6248197797685862 16.107557721436024 7.377549013122918 2.5721501037478429 2.7580963671207419 32.404967330396175 3.4354777783155441 2.5022350884973994 4.6064003054052582 3.8342080153524929 4.8110892586410063 5.6135444156825534 4.3230871595442322 4.5464640334248534 2.7651257552206499 6.1275787651538849 6.9124681819230318 4.6020518988370878 3.7183635085821152 2.5116202458739281 8.6700510233640653 18.512629095464948 7.5664873681962472 23.160643702372909 9.1419391427189094 4.3796714767813674 3.8260181769728652 8.9876350872218591 4.4441476389765739 13.624372454360126 2.2739130593836308 1.8505043089389803 3.4775375835597515 5.378439761698246 1.5064728166908024 2.9401448667049408 1.2154980450868604
leaf_count=95 70 20 36 18 264 16 14 35 5 6 50 56 81 19 24 231 6 36 48 20 17 60 18 16 18 29 46 20 6 21 77 70 70 125 59 24 41 15 10 126 11 6 19 10 16 14 5
internal_value=0 -0.0112698 0.00166984 0.0198396 0.00928824 -0.0265617 -0.0709794 -0.0409517 -0.121602 0.025765 -0.0782695 0.0359687 -0.0580003 -0.0799995 -0.0232231 -0.0127098 0.0183414 -0.00502812 0.0154334 0.0516157 0.00384175 -0.0125067 0.0519524 0.0166184 -0.0162846 0.0346768 -0.0640324 0.076387 0.0297397 -0.0312157 -0.117421 -0.00232359 -0.0248457 0.00472692 0.0244343 0.0575043 -0.033565 0.114382 0.0635176 -0.115845 -0.0668957 0.0916577 0.0743379 0.115675 0.0233239 0.0712343 -0.13986
internal_weight=0 204.185 159.835 97.3553 86.7994 62.4798 14.7243 54.5164 9.7595 72.0751 6.38632 65.6887 44.3496 34.4778 44.7569 41.9989 9.87176 11.202 149.096 36.0614 113.034 84.2976 28.7367 18.5471 14.2241 8.69973 9.67759 31.455 14.189 7.11367 10.48 78.684 42.8237 34.0418 35.8603 22.8923 12.968 17.266 8.27836 23.2758 9.65146 7.07534 6.91302 10.1895 3.35698 7.96337 8.78199
internal_count=2099 1263 916 521 485 395 109 365 75 376 56 320 347 302 290 266 45 84 836 162 674 549 125 98 80 48 64 114 69 41 91 489 295 220 194 94 100 45 30 218 92 28 25 27 22 30 75
is_linear=0
shrinkage=0.102021


Tree=4
num_leaves=41
num_cat=0
split_feature=24 1 3 46 17 19 19 35 6 31 46 46 47 9 12 49 44 43 1 50 0 39 49 42 39 48 25 5 7 39 49 25 43 47 47 47 3 31 28 0
split_gain=6.15229 7.37803 6.67282 6.07666 6.52684 10.1799 9.83591 7.14972 7.70983 11.9951 8.67827 6.95003 8.33587 7.50507 7.48567 4.71357 4.30207 3.95747 6.0015 6.54877 5.03997 4.52937 4.14594 3.8531 6.05984 6.44007 5.38074 12.2753 3.75533 3.44275 3.43497 3.38304 3.27846 2.65648 1.41417 1.40187 0.758911 0.581224 0.20812 0.0786303
threshold=1.0000000180025095e-35 16.000000000000004 14.500000000000002 3.5000000000000004 1.0000000180025095e-35 7.5000000000000009 9.5000000000000018 1.0000000180025095e-35 1.0000000180025095e-35 1.0000000180025095e-35 9.5000000000000018 9.5000000000000018 5.5000000000000009 1.5000000000000002 1.5000000000000002 13.500000000000002 -1.0000000180025095e-35 11.500000000000002 4.5000000000000009 7.5000000000000009 1.5000000000000002 4.5000000000000009 6.5000000000000009 16.500000000000004 -1.0000000180025095e-35 1.5000000000000002 1.0000000180025095e-35 1.0000000180025095e-35 3.5000000000000004 1.5000000000000002 6.5000000000000009 1.0000000180025095e-35 12.500000000000002 5.5000000000000009 8.5000000000000018 6.5000000000000009 17.500000000000004 17.000000000000004 1.0000000180025095e-35 7.5000000000000009
decision_type=2 2 2 2 2 2 2 2 2 2 2 2 2 2 2 2 2 2 2 2 2 2 2 2 2 2 2 2 2 2 2 2 2 2 2 2 2 2 2 2
left_child=3 2 -2 17 6 31 7 8 10 -10 -5 37 13 -13 -14 23 -17 18 19 20 29 -21 39 24 -4 -26 30 -28 -9 -1 -25 34 -19 -33 35 -6 -22 -7 -3 -20
right_child=1 38 15 4 5 11 -8 28 9 -11 -12 12 14 -15 -16 16 -18 32 22 21 36 -23 -24 26 25 -27 27 -29 -30 -31 -32 33 -34 -35 -36 -37 -38 -39 -40 -41
leaf_value=-0.046521044515170043 -0.15934010980684296 -0.17379485349788232 0.11450064199783265 -0.11381495974783626 -0.13517532690363357 -0.14791269830690523 -0.17144652514840464 0.14764706839849404 0.050788435515174112 -0.041054530194172989 -0.012848813917312843 -0.11942296990855594 0.045025363325276804 0.06533874196406278 -0.12627594400677564 0.05475778434619747 -0.17715036990881763 0.11864745055337281 -0.1277304990292156 0.012580305683976799 0.067850910691434715 -0.16558637704683468 0.046039571665170809 0.022586022878429448 0.12369898971733936 -0.02492639511098663 0.099432881996643491 -0.13728692621935612 0.01312946961533489 0.047329095974497179 0.13703000764251058 0.070127010717654883 0.0028492658406005919 -0.10193524851717918 -0.1690521257518231 -0.051244074013503019 0.13133666875540548 -0.039494281767970381 -0.092320699520513097 -0.18495658033031215
leaf_weight=6.2463291734457078 1.7460691072046746 1.4830088205635541 5.9152423106133929 10.289975976571439 5.3372526746243256 4.0117926690727463 3.4962078370153895 5.0540272518992406 45.306549912318587 21.913072425872087 64.624056857079268 9.0973355546593648 26.204414414241914 3.0081104561686507 2.9292481616139403 1.4320338275283575 1.8808381557464591 7.3866262435913068 1.5752386562526219 3.0327571444213381 3.7373092174530012 2.8076282907277346 1.4100739788264034 3.5973364599049154 3.5921795554459157 19.102646672166884 6.5908682122826558 3.4609383065253496 3.9194525945931673 11.479879813268779 13.012168329209088 1.8072168156504624 4.0138617176562548 1.8798033595085142 5.6032477095723143 3.8136703185737133 5.661570530384779 0.7538267858326434 0.93880937248468388 1.7434803135693071
leaf_count=39 21 17 16 107 59 65 37 10 208 160 418 91 133 13 36 5 20 17 17 18 15 33 15 23 12 143 21 40 21 62 32 9 21 21 57 27 14 7 11 8
internal_value=0 0.0287526 0.0358387 -0.00672995 -0.0140154 -0.0412928 -0.00261042 0.00127914 -0.00426763 0.020773 -0.0268015 -0.0154836 -0.00186446 -0.0730836 0.0275807 0.0417766 -0.0756225 0.0256708 0.0095813 0.0251282 0.0463398 -0.0724233 -0.0975172 0.0489195 0.0226555 -0.00112341 0.0768925 0.0173622 0.089551 0.013971 0.112579 -0.105351 0.0783613 -0.016326 -0.12723 -0.100865 0.106753 -0.131957 -0.144943 -0.159922
internal_weight=0 62.7521 60.3303 268.144 219.049 64.4459 154.603 151.107 142.134 67.2196 74.914 46.0047 41.2391 12.1054 29.1337 58.5843 3.31287 49.0948 37.6943 32.9655 27.1251 5.84039 4.72879 55.2714 28.6101 22.6948 26.6613 10.0518 8.97348 17.7262 16.6095 18.4412 11.4005 3.68702 14.7542 9.15092 9.39888 4.76562 2.42182 3.31872
internal_count=2099 361 333 1738 1479 518 961 924 893 368 525 345 273 104 169 312 25 259 221 181 130 51 40 287 171 155 116 61 31 101 55 173 38 30 143 86 29 72 28 25
is_linear=0
shrinkage=0.102021


Tree=5
num_leaves=48
num_cat=0
split_feature=39 14 2 16 46 1 49 7 15 38 49 50 38 49 47 47 0 27 3 7 42 47 49 42 11 46 46 39 3 1 19 43 42 2 3 46 16 5 47 46 47 49 48 47 6 46 38
split_gain=4.25568 10.5175 8.21822 10.0298 7.61693 5.84802 5.72184 7.34071 8.0869 5.84045 5.21259 6.28311 8.08842 7.12419 7.00217 6.26266 5.20213 11.1349 5.48385 5.19629 5.28618 5.16813 4.63187 3.72039 5.21778 3.32999 3.25555 3.19257 3.19098 3.12648 2.48884 5.63719 3.59523 3.0958 5.33125 2.85171 2.71547 5.72909 2.48353 2.42272 2.22167 2.14323 2.11338 2.0706 1.78466 1.69336 1.28548
threshold=8.5000000000000018 2.5000000000000004 3.5000000000000004 1.0000000180025095e-35 2.5000000000000004 3.5000000000000004 2.5000000000000004 26.500000000000004 22.500000000000004 55.000000000000007 4.5000000000000009 9.5000000000000018 9.5000000000000018 7.5000000000000009 12.500000000000002 11.500000000000002 7.5000000000000009 6.5000000000000009 7.5000000000000009 1.0000000180025095e-35 4.5000000000000009 6.5000000000000009 12.500000000000002 6.5000000000000009 1.0000000180025095e-35 12.500000000000002 11.500000000000002 65.000000000000014 1.5000000000000002 1.0000000180025095e-35 1.0000000180025095e-35 10.500000000000002 2.5000000000000004 1.0000000180025095e-35 2.5000000000000004 19.000000000000004 1.0000000180025095e-35 5.5000000000000009 3.5000000000000004 75.000000000000014 3.5000000000000004 13.500000000000002 4.5000000000000009 11.500000000000002 1.5000000000000002 55.000000000000007 4.5000000000000009
decision_type=2 2 2 2 2 2 2 2 2 2 2 2 2 2 2 2 2 2 2 2 2 2 2 2 2 2 2 2 2 2 2 2 2 2 2 2 2 2 2 2 2 2 2 2 2 2 2
left_child=6 2 19 5 -5 -4 7 8 9 28 30 15 13 -13 -15 16 18 -18 -12 22 -21 -7 43 -22 -25 -23 -17 41 46 -11 31 32 -8 34 35 -32 44 -38 -6 -31 -14 -3 -28 -2 -35 -34 -1
right_child=1 27 3 4 38 21 10 -9 -10 29 11 12 40 14 -16 26 17 -19 -20 20 23 25 -24 24 -26 -27 42 -29 -30 39 33 -33 45 36 -36 -37 37 -39 -40 -41 -42 -43 -44 -45 -46 -47 -48
leaf_value=-0.062585062028081478 -0.16648238069883564 -0.14239814613824525 0.13536161904818833 0.10848111837708442 0.0025278532194483267 -0.10963192515158883 0.042453959562167284 -0.13839086856110014 0.13068804110634816 0.092308961951117346 0.022775185697115039 -0.16570064462338138 0 0.060469833036331626 -0.15971221820903089 -0.029698691024887695 0.092240538540217604 -0.076642003051514362 -0.030966039081859492 -0.15202040125635435 0.077906845629855906 -0.024938181779765554 0.046518417498892919 0.00094559969975719607 -0.076630484007540606 0.098538341326553036 0.15223082516927955 0.082660454755322993 -0.12527525726042901 -0.12855141499716846 -0.024685366354504551 0.10642767286959533 -0.1668934894625658 0.13692998689610356 -0.13756740415283888 0.13042080604444767 -0.098106827551250067 0.088894685221406408 -0.13494861269776465 0.046091182458810762 -0.14333172798690061 0.011031891173042572 0.064334732252148016 -0.038875222250433758 0.056353678126116746 -0.0063213572762833622 0.070774703423556559
leaf_weight=1.5702209249138923 5.3604618124663812 9.0957212466746515 9.5472883321344906 2.3536230847239477 1.723458085209131 2.2603738233447066 2.1740225814282876 5.6530907088890663 3.6282631866633883 4.0499023906886569 37.763025846332312 2.2157259713858393 1.352660920470951 11.471394004300235 1.7075332067906845 2.4046029746532431 16.581064570695165 5.338492974638938 41.351816652342677 2.7632413264363995 4.8063901402056208 3.2368647940456849 1.8096533454954622 42.002033102326095 11.438146745786069 7.1690590344369411 4.8008442521095258 0.77978826686739999 6.956069003790617 1.641981936991215 2.1623232495039728 3.3940635044127703 2.5408644713461404 9.0931706298142689 1.9657760821282861 2.71583291888237 2.3526596296578628 5.9667082224041224 5.5230243317782879 1.5869787037372587 7.1903565507382154 0.98987563699483949 7.8683880977332592 1.9143057614564893 4.5804245918989173 1.0234065726399419 1.4181329086422918
leaf_count=14 51 134 24 7 12 22 14 70 12 16 210 27 14 67 22 17 58 43 288 35 19 24 9 263 98 21 10 3 67 15 22 15 30 24 15 8 27 28 65 8 80 10 30 14 19 10 8
internal_value=0 -0.0159103 -0.00567946 0.0372521 -0.0495274 0.0749842 0.00877349 -0.0353824 -0.00714584 -0.0365498 0.0153777 0.0062454 -0.041274 0.00261298 0.0314297 0.0160884 0.00687836 0.0508627 -0.00525282 -0.0252384 -0.0144143 0.0289875 -0.0972574 -0.00776676 -0.0155825 0.059677 0.0774306 -0.111284 -0.0874606 0.0323665 0.0489173 0.00194005 -0.0591181 0.0636162 0.00293566 0.0607913 0.0822623 0.0353466 -0.101635 -0.041377 -0.120807 -0.126859 0.0981609 -0.133717 0.110383 -0.122366 0
internal_weight=0 112.773 101.908 31.8137 9.60011 22.2136 204.52 26.5046 20.8515 17.2233 178.015 140.046 23.9377 15.3947 13.1789 116.108 101.034 21.9196 79.1148 70.0942 61.0098 12.6663 9.08442 58.2466 53.4402 10.4059 15.0738 10.8654 9.94442 7.27886 37.9693 9.13236 5.73829 28.8369 6.84393 4.87816 21.993 8.31937 7.24648 3.22896 8.54302 10.0856 12.6692 7.27477 13.6736 3.56427 2.98835
internal_count=2099 811 664 175 84 91 1288 210 140 128 1078 866 210 116 89 656 599 101 498 489 415 67 74 380 361 45 57 147 89 39 212 69 54 143 45 30 98 55 77 23 94 144 40 65 43 40 22
is_linear=0
shrinkage=0.102021


end of trees

feature_importances:
umaban=30
mf_courseout=18
result_3=18
ninki_2=17
self_popularity=17
f_courseout=16
ninki_3=16
ninki_1=14
result_1=13
f_lenout=11
result_2=11
f_course1=8
f_course2=8
mf_classout=7
mf_course3=6
waku=6
f_course3=5
mf_course2=5
mf_classout.1=5
f_len1=4
f_len2=4
f_mf_course3=3
f_len3=3
mf_len3=3
f_class1=3
f_class2=3
f_classout=3
mf_course1=2
f_mf_course2=2
mf_len1=2
mf_len2=2
f_class3=2
f_mf_courseout=1
f_mf_len1=1
f_mf_classout=1
mf_class1=1
mf_class2=1
f_mf_class2=1
f_mf_classout.1=1
time_df_course3=1

parameters:
[boosting: gbdt]
[objective: lambdarank]
[metric: ndcg]
[tree_learner: serial]
[device_type: cpu]
[data_sample_strategy: bagging]
[data: ]
[valid: ]
[num_iterations: 244]
[learning_rate: 0.102021]
[num_leaves: 48]
[num_threads: 16]
[seed: 0]
[deterministic: 0]
[force_col_wise: 1]
[force_row_wise: 0]
[histogram_pool_size: -1]
[max_depth: 7]
[min_data_in_leaf: 11]
[min_sum_hessian_in_leaf: 0.001]
[bagging_fraction: 1]
[pos_bagging_fraction: 1]
[neg_bagging_fraction: 1]
[bagging_freq: 0]
[bagging_seed: 7719]
[feature_fraction: 1]
[feature_fraction_bynode: 1]
[feature_fraction_seed: 2437]
[extra_trees: 0]
[extra_seed: 11797]
[early_stopping_round: 0]
[first_metric_only: 0]
[max_delta_step: 0]
[lambda_l1: 0.0481038]
[lambda_l2: 0.0140945]
[linear_lambda: 0]
[min_gain_to_split: 0]
[drop_rate: 0.1]
[max_drop: 50]
[skip_drop: 0.5]
[xgboost_dart_mode: 0]
[uniform_drop: 0]
[drop_seed: 21238]
[top_rate: 0.2]
[other_rate: 0.1]
[min_data_per_group: 100]
[max_cat_threshold: 32]
[cat_l2: 10]
[cat_smooth: 10]
[max_cat_to_onehot: 4]
[top_k: 20]
[monotone_constraints: ]
[monotone_constraints_method: basic]
[monotone_penalty: 0]
[feature_contri: ]
[forcedsplits_filename: ]
[refit_decay_rate: 0.9]
[cegb_tradeoff: 1]
[cegb_penalty_split: 0]
[cegb_penalty_feature_lazy: ]
[cegb_penalty_feature_coupled: ]
[path_smooth: 0]
[interaction_constraints: ]
[verbosity: -1]
[saved_feature_importance_type: 0]
[use_quantized_grad: 0]
[num_grad_quant_bins: 4]
[quant_train_renew_leaf: 0]
[stochastic_rounding: 1]
[linear_tree: 0]
[max_bin: 255]
[max_bin_by_feature: ]
[min_data_in_bin: 3]
[bin_construct_sample_cnt: 200000]
[data_random_seed: 38]
[is_enable_sparse: 1]
[enable_bundle: 1]
[use_missing: 1]
[zero_as_missing: 0]
[feature_pre_filter: 1]
[pre_partition: 0]
[two_round: 0]
[header: 0]
[label_column: ]
[weight_column: ]
[group_column: ]
[ignore_column: ]
[categorical_feature: ]
[forcedbins_filename: ]
[precise_float_parser: 0]
[parser_config_file: ]
[objective_seed: 8855]
[num_class: 1]
[is_unbalance: 0]
[scale_pos_weight: 1]
[sigmoid: 1]
[boost_from_average: 1]
[reg_sqrt: 0]
[alpha: 0.9]
[fair_c: 1]
[poisson_max_delta_step: 0.7]
[tweedie_variance_power: 1.5]
[lambdarank_truncation_level: 30]
[lambdarank_norm: 1]
[label_gain: ]
[lambdarank_position_bias_regularization: 0]
[eval_at: 1,3,5]
[multi_error_top_k: 1]
[auc_mu_weights: ]
[num_machines: 1]
[local_listen_port: 12400]
[time_out: 120]
[machine_list_filename: ]
[machines: ]
[gpu_platform_id: -1]
[gpu_device_id: -1]
[gpu_use_dp: 0]
[num_gpu: 1]

end of parameters

pandas_categorical:[]
