tree
version=v4
num_class=1
num_tree_per_iteration=1
label_index=0
max_feature_idx=49
objective=lambdarank
feature_names=f_course1 f_course2 f_course3 f_courseout mf_course1 mf_course2 mf_course3 mf_courseout f_mf_course1 f_mf_course2 f_mf_course3 f_mf_courseout f_len1 f_len2 f_len3 f_lenout mf_len1 mf_len2 mf_len3 mf_classout f_mf_len1 f_mf_len2 f_mf_len3 f_mf_classout f_class1 f_class2 f_class3 f_classout mf_class1 mf_class2 mf_class3 mf_classout.1 f_mf_class1 f_mf_class2 f_mf_class3 f_mf_classout.1 time_df_course1 time_df_class1 ninki_1 result_1 time_df_course2 time_df_class2 ninki_2 result_2 time_df_course3 time_df_class3 ninki_3 result_3 waku umaban
feature_infos=[0:16] [0:17] [0:17] [0:152] [0:16] [0:25] [0:21] [0:176] [0:3] [0:4] [0:3] [0:14] [0:5] [0:3] [0:4] [0:22] [0:2] [0:3] [0:2] [0:17] [0:1] [0:2] [0:2] [0:4] [0:3] [0:2] [0:2] [0:12] [0:2] [0:2] [0:1] [0:10] [0:1] [0:1] [0:1] [0:2] none none [-1:160] [-1:110] none none [-1:160] [-1:120] [-1:0] [-1:0] [-1:170] [-1:160] [1:8] [1:16]
tree_sizes=2000 2387 2749

Tree=0
num_leaves=19
num_cat=0
split_feature=43 49 31 42 0 0 38 42 2 49 43 46 48 4 3 48 8 19
split_gain=13.9657 6.88571 5.72781 5.63461 5.59846 5.30191 4.04832 3.46984 2.8321 0.958482 0.946595 0.84745 0.795045 0.618655 2.08255 0.598583 0.461695 0.0661378
threshold=4.5000000000000009 8.5000000000000018 1.0000000180025095e-35 55.000000000000007 4.5000000000000009 9.5000000000000018 2.5000000000000004 25.000000000000004 13.500000000000002 2.5000000000000004 14.500000000000002 105.00000000000001 7.5000000000000009 1.0000000180025095e-35 46.500000000000007 7.5000000000000009 1.0000000180025095e-35 8.5000000000000018
decision_type=2 2 2 2 2 2 2 2 2 2 2 2 2 2 2 2 2 2
left_child=3 2 4 8 7 -6 15 -2 13 17 -8 -5 -11 14 -1 -3 -15 -4
right_child=1 6 9 11 5 -7 10 -9 -10 12 -12 -13 -14 16 -16 -17 -18 -19
leaf_value=-0.02447697713794067 0.0026983300978700247 -0.010238305621884543 -0.024282295221908234 -0.10328508019312263 0.10678572925523418 -0.097147794027962933 -0.14142086705027801 -0.10330102256206912 -0.067497435559898664 -0.12920117010153809 0 0 0 0.10708565256987104 0.093422613968174611 0.074209492952501649 0 0
leaf_weight=1.2071005366742587 5.7387897260487133 0.25812601298093696 0.72190488502383132 1.1580817624926556 5.3002857416868201 0.7838848903775214 5.4988375343382359 2.6647320538759232 0.49503952264785844 2.859880488365889 0.35950173065066326 0.55528877675533284 0.27902806550264347 9.3260506615042651 1.9283175989985464 0.72473593428730965 0.25235886499285776 0.27330219745635986
leaf_count=14 47 4 9 16 21 11 80 38 7 40 5 6 3 42 8 3 3 2
internal_value=0 -0.0364566 -0.00859385 0.0621848 0.0130855 0.0739488 -0.106434 -0.0263926 0.0814764 -0.0937648 -0.133109 -0.063402 -0.116453 0.090411 0.0357327 0.0130449 0.104163 0
internal_weight=0 25.463 18.6218 14.9222 14.4877 6.08417 6.8412 8.40352 13.2089 4.13412 5.85834 1.71337 3.13891 12.7138 3.13542 0.982862 9.57841 0.995207
internal_count=359 263 171 96 117 32 92 85 74 54 85 22 43 67 22 7 45 11
is_linear=0
shrinkage=0.0809954


Tree=1
num_leaves=23
num_cat=0
split_feature=46 38 42 12 49 47 42 38 4 49 38 9 4 48 26 11 49 22 39 46 10 2
split_gain=13.6362 14.8233 10.3003 8.83977 8.58019 6.54821 8.43891 6.2925 6.24723 6.1142 6.77763 6.52829 3.90916 3.76508 2.95898 2.87122 2.41758 2.1533 1.94503 1.63043 0.655508 0.172689
threshold=6.5000000000000009 17.000000000000004 95.000000000000014 1.0000000180025095e-35 6.5000000000000009 11.500000000000002 12.500000000000002 65.000000000000014 5.5000000000000009 3.5000000000000004 5.5000000000000009 1.0000000180025095e-35 1.0000000180025095e-35 7.5000000000000009 1.0000000180025095e-35 1.5000000000000002 8.5000000000000018 1.0000000180025095e-35 11.500000000000002 155.00000000000003 1.5000000000000002 7.5000000000000009
decision_type=2 2 2 2 2 2 2 2 2 2 2 2 2 2 2 2 2 2 2 2 2 2
left_child=9 4 3 7 5 20 -7 -3 -5 10 18 13 16 14 -11 -14 -6 19 -1 -4 -2 -12
right_child=1 2 17 8 12 6 -8 -9 -10 11 21 -13 15 -15 -16 -17 -18 -19 -20 -21 -22 -23
leaf_value=0 -0.13884210737387348 0.013351511942230386 -0.11816904817676531 0.10453270971770322 0.076356406766520973 -0.12227241474295594 0.12075027693120689 -0.12181247394801611 -0.065045362277734456 0.11939750964005398 -0.13288844642350803 -0.11213073936896678 -0.12663380318276748 -0.045763512813902542 0 0 -0.022821951213576514 0.0067870636282690343 0.12798292537563524 0 0 0
leaf_weight=1.2687039449811011 11.237897830083966 20.897158555686477 4.925969883799552 11.11501877941191 3.7224610317498428 2.0199119895696636 1.6976668685674665 2.5168514586985102 1.3293403722345818 12.774963207542889 1.8579550758004191 0.85286876186728555 2.33145977370441 0.73544032126665193 0.88528951443731863 1.5753212347626684 2.0063364952802658 0.64786164462566365 1.5652959942817686 0.40239715576171864 0.32129357755184251 0.72225994616746891
leaf_count=3 40 59 38 29 13 13 3 30 11 25 8 4 22 9 8 12 21 2 2 2 2 3
internal_value=0 -0.0178007 0.0108566 0.0280955 -0.0674691 -0.105332 -0.000798212 0 0.0832327 0.0574749 -0.0102317 0.0840596 -0.0033292 0.0984886 0.109148 -0.0692007 0.034855 -0.0858889 0.0678414 -0.104451 -0.135537 -0.110932
internal_weight=0 66.7469 41.8346 35.8584 24.9123 15.2768 3.71758 23.414 12.4444 20.6628 5.41421 15.2486 9.63558 14.3957 13.6603 3.90678 5.7288 5.97623 2.834 5.32837 11.5592 2.58022
internal_count=359 297 171 129 126 58 16 89 40 62 16 46 68 42 33 34 34 42 5 40 42 11
is_linear=0
shrinkage=0.0809954


Tree=2
num_leaves=27
num_cat=0
split_feature=43 46 49 39 39 6 14 43 3 49 38 47 48 43 14 46 39 5 46 49 38 5 0 48 39 12
split_gain=8.10672 7.64432 7.51844 6.42907 5.30499 10.709 8.40058 4.26055 4.1994 3.3121 2.71547 2.66725 2.49994 2.325 2.23297 2.09 2.08246 1.369 1.17993 0.863456 0.849 0.494292 0.409276 0.233542 0.564985 0.37485
threshold=7.5000000000000009 5.5000000000000009 5.5000000000000009 9.5000000000000018 5.5000000000000009 5.5000000000000009 1.5000000000000002 14.500000000000002 2.5000000000000004 10.500000000000002 10.500000000000002 13.500000000000002 4.5000000000000009 11.500000000000002 1.0000000180025095e-35 4.5000000000000009 8.5000000000000018 13.500000000000002 3.5000000000000004 14.500000000000002 25.000000000000004 13.500000000000002 2.5000000000000004 3.5000000000000004 11.500000000000002 1.0000000180025095e-35
decision_type=2 2 2 2 2 2 2 2 2 2 2 2 2 2 2 2 2 2 2 2 2 2 2 2 2 2
left_child=1 14 3 11 6 9 8 17 -3 -6 16 18 -7 22 23 -15 -9 19 -2 -4 -8 -16 -5 24 -1 -25
right_child=2 4 7 13 5 12 20 10 -10 -11 -12 -13 -14 15 21 -17 -18 -19 -20 -21 -22 -23 -24 25 -26 -27
leaf_value=0 0 -0.013036457087493694 -0.12005361568412422 0.025238790416650943 -0.106822473288446 0.12003352290086897 0 -0.0066384529903253144 0.069180642458679165 0 -0.10996507150845135 0.041736375038216776 0 0.065425781375116607 -0.07325594621187051 -0.093962848081012199 0.12305828919030078 0 -0.093165157589617978 0 -0.098601635459956219 0.011794366485459203 0.12143844210331795 0.11995669973486646 0.074584048093828764 0.018702032806976434
leaf_weight=0.77715380489825825 0.30539885163307356 4.4879480525851312 8.7600424997508473 1.6707542762160299 7.6837748400866968 2.6436648815870276 1.0274731591343869 0.87849746644496907 15.780065067112444 3.2758966498076916 0.95548270642757405 1.0498002357780931 1.3707842230796812 1.1446069031953814 0.58089906722307283 0.97729311138391484 1.2878519892692564 0.48184643685817796 4.5905043222010136 0.76271466538310129 2.9841458648443222 0.34945893287658691 2.8866148665547371 5.9228016622364521 0.83583951741456985 1.2657226324081419
leaf_count=4 1 17 79 5 58 4 6 7 46 13 7 4 9 3 5 9 2 3 40 6 11 1 4 10 2 3
internal_value=0 0.01934 -0.03678 0.00499068 0.00236882 -0.0344114 0.0266658 -0.0798877 0.0490546 -0.0776178 0 -0.0527451 0.0737164 0.0622193 0.0836875 0 0.0528571 -0.105644 -0.0810142 -0.112544 -0.0765325 -0.000276817 0.0948935 0.0969766 0.0250478 0.107618
internal_weight=0 48.9856 25.7514 12.625 39.2538 14.9741 24.2796 13.1264 20.268 10.9597 3.12183 5.9457 4.01445 6.67927 9.73188 2.1219 2.16635 10.0046 4.8959 9.52276 4.01162 0.930358 4.55737 8.80152 1.61299 7.18852
internal_count=359 189 170 66 164 84 80 104 63 71 16 45 13 21 25 12 9 88 41 85 17 6 9 19 6 13
is_linear=0
shrinkage=0.0809954


end of trees

feature_importances:
umaban=8
ninki_1=6
ninki_3=6
result_1=5
result_2=5
waku=5
ninki_2=4
f_course1=3
mf_course1=3
f_course3=2
f_courseout=2
mf_course2=2
f_len1=2
f_len3=2
result_3=2
mf_course3=1
f_mf_course1=1
f_mf_course2=1
f_mf_course3=1
f_mf_courseout=1
mf_classout=1
f_mf_len3=1
f_class3=1
mf_classout.1=1

parameters:
[boosting: gbdt]
[objective: lambdarank]
[metric: ndcg]
[tree_learner: serial]
[device_type: cpu]
[data_sample_strategy: bagging]
[data: ]
[valid: ]
[num_iterations: 241]
[learning_rate: 0.0809954]
[num_leaves: 29]
[num_threads: 16]
[seed: 0]
[deterministic: 0]
[force_col_wise: 1]
[force_row_wise: 0]
[histogram_pool_size: -1]
[max_depth: 5]
[min_data_in_leaf: 2]
[min_sum_hessian_in_leaf: 0.001]
[bagging_fraction: 1]
[pos_bagging_fraction: 1]
[neg_bagging_fraction: 1]
[bagging_freq: 0]
[bagging_seed: 7719]
[feature_fraction: 1]
[feature_fraction_bynode: 1]
[feature_fraction_seed: 2437]
[extra_trees: 0]
[extra_seed: 11797]
[early_stopping_round: 0]
[first_metric_only: 0]
[max_delta_step: 0]
[lambda_l1: 0.48186]
[lambda_l2: 0.0139467]
[linear_lambda: 0]
[min_gain_to_split: 0]
[drop_rate: 0.1]
[max_drop: 50]
[skip_drop: 0.5]
[xgboost_dart_mode: 0]
[uniform_drop: 0]
[drop_seed: 21238]
[top_rate: 0.2]
[other_rate: 0.1]
[min_data_per_group: 100]
[max_cat_threshold: 32]
[cat_l2: 10]
[cat_smooth: 10]
[max_cat_to_onehot: 4]
[top_k: 20]
[monotone_constraints: ]
[monotone_constraints_method: basic]
[monotone_penalty: 0]
[feature_contri: ]
[forcedsplits_filename: ]
[refit_decay_rate: 0.9]
[cegb_tradeoff: 1]
[cegb_penalty_split: 0]
[cegb_penalty_feature_lazy: ]
[cegb_penalty_feature_coupled: ]
[path_smooth: 0]
[interaction_constraints: ]
[verbosity: -1]
[saved_feature_importance_type: 0]
[use_quantized_grad: 0]
[num_grad_quant_bins: 4]
[quant_train_renew_leaf: 0]
[stochastic_rounding: 1]
[linear_tree: 0]
[max_bin: 255]
[max_bin_by_feature: ]
[min_data_in_bin: 3]
[bin_construct_sample_cnt: 200000]
[data_random_seed: 38]
[is_enable_sparse: 1]
[enable_bundle: 1]
[use_missing: 1]
[zero_as_missing: 0]
[feature_pre_filter: 1]
[pre_partition: 0]
[two_round: 0]
[header: 0]
[label_column: ]
[weight_column: ]
[group_column: ]
[ignore_column: ]
[categorical_feature: ]
[forcedbins_filename: ]
[precise_float_parser: 0]
[parser_config_file: ]
[objective_seed: 8855]
[num_class: 1]
[is_unbalance: 0]
[scale_pos_weight: 1]
[sigmoid: 1]
[boost_from_average: 1]
[reg_sqrt: 0]
[alpha: 0.9]
[fair_c: 1]
[poisson_max_delta_step: 0.7]
[tweedie_variance_power: 1.5]
[lambdarank_truncation_level: 30]
[lambdarank_norm: 1]
[label_gain: ]
[lambdarank_position_bias_regularization: 0]
[eval_at: 1,3,5]
[multi_error_top_k: 1]
[auc_mu_weights: ]
[num_machines: 1]
[local_listen_port: 12400]
[time_out: 120]
[machine_list_filename: ]
[machines: ]
[gpu_platform_id: -1]
[gpu_device_id: -1]
[gpu_use_dp: 0]
[num_gpu: 1]

end of parameters

pandas_categorical:[]
