tree
version=v4
num_class=1
num_tree_per_iteration=1
label_index=0
max_feature_idx=103
feature_names=f_course1 f_course2 f_course3 f_courseout mf_course1 mf_course2 mf_course3 mf_courseout f_mf_course1 f_mf_course2 f_mf_course3 f_mf_courseout f_len1 f_len2 f_len3 f_lenout mf_len1 mf_len2 mf_len3 mf_classout f_mf_len1 f_mf_len2 f_mf_len3 f_mf_classout f_class1 f_class2 f_class3 f_classout mf_class1 mf_class2 mf_class3 mf_classout.1 f_mf_class1 f_mf_class2 f_mf_class3 f_mf_classout.1 time_df_course1 time_df_class1 ninki_1 result_1 agari_1 margin_1 corner_ratio_1 time_df_course2 time_df_class2 ninki_2 result_2 agari_2 margin_2 corner_ratio_2 time_df_course3 time_df_class3 ninki_3 result_3 agari_3 margin_3 corner_ratio_3 rank_trend weight_change dist_change jockey_win_rate jockey_place_rate waku umaban current_odds current_popularity father_cat mother_father_cat paternal_gf_cat time_df_course4 time_df_class4 ninki_4 result_4 agari_4 margin_4 corner_ratio_4 time_df_course5 time_df_class5 ninki_5 result_5 agari_5 margin_5 corner_ratio_5 rank_trend_5 win_rate_recent5 kinryo days_since_last_race n_horses_today n_horses_1 horse_weight_abs_1 corner_chase_1 corner_chase_2 corner_chase_3 corner_chase_4 corner_chase_5 agari_trend_5 time_diff_trend_5 agari_df_course_1 agari_df_course_2 agari_df_course_3 agari_df_course_4 agari_df_course_5 corner_ratio_std5 agari_std5
feature_infos=[0:13] [0:15] [0:15] [0:123] [0:15] [0:22] [0:15] [0:122] [0:3] [0:3] [0:3] [0:12] [0:5] [0:3] [0:4] [0:22] [0:2] [0:2] [0:2] [0:15] [0:1] [0:2] none [0:4] [0:3] [0:2] [0:2] [0:12] [0:2] [0:2] [0:1] [0:8] none none none [0:2] none none [-1:160] [-1:110] [-1:51.899999999999999] [-1:17.899999999999999] [-1:1] none none [-1:170] [-1:150] [-1:48.600000000000001] [-1:14.6] [-1:1] none none [-1:170] [-1:160] [-1:43.5] [-1:14.699999999999999] [-1:1] [-25:45] [-32:39] [-1330:1680] [-1:1] [-1:1] [1:8] [1:16] [-1:311.30000000000001] [-1:16] [52:1736] [2:1736] [54:1618] [-1:0] [-1:0] [-1:170] [-1:150] [-1:43.5] [-1:7.2999999999999998] [-1:1] [-1:0] [-1:0] [-1:180] [-1:150] [-1:42] [-1:11.6] [-1:1] [-13:10] [0:1] [50:58] [-1652:154] [8:16] [6:18] [-1:552] [-1:0.9285714285714286] [-1:0.91666666666666663] [-1:0.875] [-1:0.66666666666666663] [-1:0.75] [-7.4199999999999999:8.8699999999999992] none [-2.4920000000000044:14.694599999999999] [-3.0413000000000001:11.4587] [-2.6413000000000011:6.5587000000000018] [-2.9453000000000031:6.0945999999999998] [-2.8166000000000011:5.0587000000000018] [0.022512473659019198:0.38055302107834049] [0.13564659966250489:14.196422084454944]
tree_sizes=1445 1487 1488 1486 1798 1793 1494 1795 1488 2216

Tree=0
num_leaves=13
num_cat=0
split_feature=40 88 100 63 101 48 92 94 64 99 63 5
split_gain=119.333 72.9729 54.6508 44.1696 38.5495 34.9111 23.1161 36.7696 19.3962 18.0937 17.9023 0.108654
threshold=36.150000000000013 10.500000000000002 -1.6789500000000002 7.5000000000000009 4.0814500000000047 0.45000000000000007 0.060661764705882353 0.080128205128205107 6.3500000000000005 -0.37190000000000006 5.5000000000000009 4.5000000000000009
decision_type=2 2 2 2 2 2 2 2 2 2 2 2
left_child=1 11 -2 6 8 -5 7 -3 9 10 -4 -1
right_child=2 3 4 5 -6 -7 -8 -9 -10 -11 -12 -13
leaf_value=-0.044963119354743508 0.027280379444858026 -0.044947186276616764 0.029107413675752446 0.025265252886150891 0.022377976808914644 -0.044963988618608161 0.041554682292444828 0.036116874299817463 -0.044984978225701348 -0.04495894715733495 -0.036758055598191591 -0.038630803421693845
leaf_weight=7.2499999999999982 8.9000001549720746 4.4999999999999982 5.6749999523162824 6.8500000238418561 5.9749999046325675 7.5 39.349999874830246 7.6250001192092896 44.75 6.2499999999999991 3.300000011920929 2.1500000059604645
leaf_count=29 11 18 10 10 8 30 13 7 179 25 13 9
internal_value=0 0.0150846 -0.0250322 0.0234579 -0.0320938 -0.0114357 0.0331871 0.00602166 -0.0375225 -0.0155796 0.00487714 -0.0435336
internal_weight=0 75.225 74.85 65.825 65.95 14.35 51.475 12.125 59.975 15.225 8.975 9.4
internal_count=362 116 246 78 235 40 38 25 227 48 23 38
is_linear=0
shrinkage=0.0224946


Tree=1
num_leaves=13
num_cat=0
split_feature=40 88 100 63 101 48 92 94 64 99 63 64
split_gain=114.071 69.7592 52.243 42.224 36.8548 33.3735 22.0985 35.1494 18.5473 17.2988 17.1112 0.110558
threshold=36.150000000000013 10.500000000000002 -1.6789500000000002 7.5000000000000009 4.0814500000000047 0.45000000000000007 0.060661764705882353 0.080128205128205107 6.3500000000000005 -0.37190000000000006 5.5000000000000009 3.9000000000000004
decision_type=2 2 2 2 2 2 2 2 2 2 2 2
left_child=1 11 -2 6 8 -5 7 -3 9 10 -4 -1
right_child=2 3 4 5 -6 -7 -8 -9 -10 -11 -12 -13
leaf_value=-0.037649261302917195 0.026671883851064063 -0.043959013756928532 0.028459002935560151 0.024701090886476651 0.021877556017475208 -0.043975249551994555 0.040637655719069 0.035316296138297169 -0.043995532921970816 -0.04397037943187819 -0.035944027193631455 -0.044012090286311166
leaf_weight=2.1489335149526578 8.8983445912599546 4.4977279007434827 5.6737981438636762 6.8489070832729322 5.9742518663406363 7.4962104856967926 39.333016440272331 7.6225139796733856 44.727367892861366 6.2468428164720526 3.2988855242729187 7.246601328253746
leaf_count=9 11 18 10 10 8 30 13 7 179 25 13 29
internal_value=0 0.0147513 -0.0244792 0.0229396 -0.0313858 -0.0111823 0.0324544 0.00588831 -0.0366959 -0.0152349 0.00476841 -0.0425754
internal_weight=0 75.1939 74.8195 65.7984 65.9211 14.3451 51.4533 12.1202 59.9469 15.2195 8.97268 9.39553
internal_count=362 116 246 78 235 40 38 25 227 48 23 38
is_linear=0
shrinkage=0.0224946


Tree=2
num_leaves=13
num_cat=0
split_feature=40 88 100 63 101 48 92 94 64 99 63 47
split_gain=109.13 66.7436 49.983 40.3994 35.2706 31.9309 21.1455 33.6278 17.7621 16.5568 16.3638 0.109963
threshold=36.150000000000013 10.500000000000002 -1.6789500000000002 7.5000000000000009 4.0814500000000047 0.45000000000000007 0.060661764705882353 0.080128205128205107 6.3500000000000005 -0.37190000000000006 5.5000000000000009 35.150000000000013
decision_type=2 2 2 2 2 2 2 2 2 2 2 2
left_child=1 11 -2 6 8 -5 7 -3 9 10 -4 -1
right_child=2 3 4 5 -6 -7 -8 -9 -10 -11 -12 -13
leaf_value=-0.036770176133739521 0.026086337800334015 -0.043034549011926895 0.027836428801947685 0.024156977762093405 0.021393497761809578 -0.043050292717794481 0.039774046798671095 0.034555236000337261 -0.043069959032854363 -0.043045569905133321 -0.035170968772848386 -0.043107451463668782
leaf_weight=2.1460324972867948 8.893526539206503 4.4911194741725904 5.6703010201454145 6.8457263410091382 5.9720753431320182 7.4851879477500916 39.283615753054619 7.615281343460083 44.661538735032082 6.2376592308282843 3.2956432104110718 7.2365530282258987
leaf_count=9 11 18 10 10 8 30 13 7 179 25 13 29
internal_value=0 0.0144368 -0.0239574 0.0224502 -0.0307194 -0.0109418 0.0317638 0.00576222 -0.0359201 -0.0149083 0.00466438 -0.0416764
internal_weight=0 75.1035 74.7307 65.7209 65.8372 14.3309 51.39 12.1064 59.8651 15.2036 8.96594 9.38259
internal_count=362 116 246 78 235 40 38 25 227 48 23 38
is_linear=0
shrinkage=0.0224946


Tree=3
num_leaves=13
num_cat=0
split_feature=40 88 100 63 101 48 92 94 64 99 63 100
split_gain=104.481 63.909 47.8582 38.6852 33.7867 30.575 20.2512 32.1962 17.0339 15.8627 15.6568 0.110337
threshold=36.150000000000013 10.500000000000002 -1.6789500000000002 7.5000000000000009 4.0814500000000047 0.45000000000000007 0.060661764705882353 0.080128205128205107 6.3500000000000005 -0.37190000000000006 5.5000000000000009 -1.2005499999999996
decision_type=2 2 2 2 2 2 2 2 2 2 2 2
left_child=1 11 -2 6 8 -5 7 -3 9 10 -4 -1
right_child=2 3 4 5 -6 -7 -8 -9 -10 -11 -12 -13
leaf_value=-0.035924180186692772 0.025522213501987853 -0.042168013935841582 0.027237879912293303 0.02363164866854639 0.020924876274018726 -0.042183324587401219 0.038959180812681508 0.033830493291174088 -0.042202454180993547 -0.042178729358113148 -0.03443553254925405 -0.04226293538579437
leaf_weight=2.1413321495056152 8.8857616335153562 4.4804721772670728 5.6646646559238416 6.8405995368957502 5.96856665611267 7.4674299359321594 39.204021289944649 7.6036262661218643 44.55548657476902 6.2228642404079428 3.2904183864593506 7.2203881293535215
leaf_count=9 11 18 10 10 8 30 13 7 179 25 13 29
internal_value=0 0.0141396 -0.0234641 0.0219874 -0.0300911 -0.0107132 0.0311116 0.00564276 -0.0351906 -0.0145982 0.00456471 -0.0408313
internal_weight=0 74.9579 74.5878 65.5961 65.702 14.308 51.2881 12.0841 59.7334 15.1779 8.95508 9.36172
internal_count=362 116 246 78 235 40 38 25 227 48 23 38
is_linear=0
shrinkage=0.0224946


Tree=4
num_leaves=16
num_cat=0
split_feature=40 88 100 61 101 53 103 46 60 84 82 2 64 91 87
split_gain=100.1 61.2403 45.8572 37.4715 32.3942 19.0928 19.783 16.3578 20.2673 15.1177 6.61034 11.3243 2.88473 0.112332 0.0100858
threshold=36.150000000000013 10.500000000000002 -1.6789500000000002 0.14835164835164832 4.0814500000000047 8.5000000000000018 0.7386474125047755 3.5000000000000004 1.0000000180025095e-35 0.45000000000000007 0.2752525252525253 11.500000000000002 3.9000000000000004 0.095454545454545472 12.500000000000002
decision_type=2 2 2 2 2 2 2 2 2 2 2 2 2 2 2
left_child=1 13 -2 9 7 6 -5 8 -4 14 -7 -12 -9 -1 -3
right_child=2 3 4 5 -6 10 -8 12 -10 -11 11 -13 -14 -15 -16
leaf_value=-0.041477288049031835 0.024978114024488653 -0.045250612779279019 -0.041387150404986528 0.022497925742894727 0.020470828439178454 0.04163895129254503 -0.0427260484410594 -0.018928275835918214 0.020229302698746097 0.017082562636646301 0.0059394551308049716 0.041625752390991748 -0.041480078241431399 -0.035094203302284847 -0.041765503113962703
leaf_weight=7.1987792849540693 8.8752527683973295 2.2358065247535688 5.2109875977039319 7.2683583796024305 5.9638182222843161 27.620788812637329 3.4764529168605804 3.083303451538085 5.6017756164073944 3.3357051014900208 8.8497949689626694 9.1655316352844238 45.659182235598564 2.1347160190343857 3.474885106086731
leaf_count=29 11 9 21 12 8 3 14 11 11 6 18 2 184 9 14
internal_value=0 0.0138582 -0.0229969 0.0215488 -0.0294975 0.0283683 0.00138255 -0.0345033 -0.00946066 -0.0209407 0.0347198 0.0241029 -0.0400562 -0.0400355 -0.0431626
internal_weight=0 74.7608 74.3943 65.4273 65.5191 56.3809 10.7448 59.5552 10.8128 9.0464 45.6361 18.0153 48.7425 9.3335 5.71069
internal_count=362 116 246 78 235 49 26 227 32 29 23 20 195 38 23
is_linear=0
shrinkage=0.0224946


Tree=5
num_leaves=16
num_cat=0
split_feature=40 88 100 61 101 53 103 64 99 63 84 82 2 89 87
split_gain=95.9378 58.7035 43.9595 35.9069 31.0753 18.3302 18.9425 15.8457 14.8327 14.6383 14.483 6.37832 10.8955 0.111378 0.00685714
threshold=36.150000000000013 10.500000000000002 -1.6789500000000002 0.14835164835164832 4.0814500000000047 8.5000000000000018 0.7386474125047755 6.3500000000000005 -0.37190000000000006 5.5000000000000009 0.45000000000000007 0.2752525252525253 11.500000000000002 493.50000000000006 12.500000000000002
decision_type=2 2 2 2 2 2 2 2 2 2 2 2 2 2 2
left_child=1 13 -2 10 7 6 -5 8 9 -4 14 -7 -13 -1 -3
right_child=2 3 4 5 -6 11 -8 -9 -10 -11 -12 12 -14 -15 -16
leaf_value=-0.04072138358225575 0.024452765757114008 -0.044253315983677169 0.026514212433974886 0.022005957925920985 0.020030565308211443 0.040857943828127193 -0.041884685727400971 -0.040639682133661759 -0.040726646238619567 -0.033221067502447167 0.016706762213949879 0.005806839948240345 0.04084507757128774 -0.034362400502796764 -0.04097758708327378
leaf_weight=7.1713287085294706 8.8621926009654981 2.2348273843526822 5.6540232896804792 7.2637996226549131 5.9579162895679465 27.516763687133789 3.466669112443924 44.237600311636925 6.1821704804897299 3.2763099670410156 3.334087073802948 8.8483582586050034 9.1310245990753174 2.127112403512001 3.4622170627117157
leaf_count=29 11 9 10 12 8 3 14 179 25 13 6 18 2 9 14
internal_value=0 0.0135841 -0.0225486 0.0211196 -0.0289285 0.0278075 0.00135267 -0.0338453 -0.0139481 0.00458682 -0.0205053 0.0340448 0.023609 -0.0392847 -0.0422949
internal_weight=0 74.5562 74.1702 65.2577 65.308 56.2266 10.7305 59.3501 15.1125 8.93033 9.03113 45.4961 17.9794 9.29844 5.69704
internal_count=362 116 246 78 235 49 26 227 48 23 29 23 20 38 23
is_linear=0
shrinkage=0.0224946


Tree=6
num_leaves=13
num_cat=0
split_feature=40 88 100 63 101 48 92 94 46 60 64 97
split_gain=92.0176 56.3081 42.1758 34.6754 29.8415 28.2205 17.5577 29.9235 15.2783 18.8111 2.6776 0.111333
threshold=36.150000000000013 10.500000000000002 -1.6789500000000002 7.5000000000000009 4.0814500000000047 0.45000000000000007 0.060661764705882353 0.080128205128205107 3.5000000000000004 1.0000000180025095e-35 3.9000000000000004 -1.3912999999999973
decision_type=2 2 2 2 2 2 2 2 2 2 2 2
left_child=1 11 -2 6 8 -5 7 -3 9 -4 -10 -1
right_child=2 3 4 5 -6 -7 -8 -9 10 -11 -12 -13
leaf_value=-0.033652766253738517 0.023945002347617275 -0.040666295698388089 -0.039902997466198804 0.022685313701950253 0.019603359794194569 -0.040703124216799398 0.036764162819198386 0.032826533727168261 -0.018234301890356422 0.019631604464500924 -0.04000642461263252 -0.040012544352371844
leaf_weight=2.1180187612771988 8.8467637151479703 4.4456949084997159 5.165875777602194 6.8224325478076917 5.9509433507919303 7.4111407250165939 38.793889731168747 7.5779487192630768 3.07206006348133 5.5865128934383392 45.267284989356995 7.1390117555856687
leaf_count=9 11 18 21 10 8 30 13 7 11 11 184 29
internal_value=0 0.0133233 -0.0221265 0.0207111 -0.0283948 -0.0103155 0.0294031 0.00564346 -0.0332305 -0.00896626 -0.0386254 -0.0385753
internal_weight=0 74.3081 73.8894 65.0511 65.0427 14.2336 50.8175 12.0236 59.0917 10.7524 48.3393 9.25703
internal_count=362 116 246 78 235 40 38 25 227 32 195 38
is_linear=0
shrinkage=0.0224946


Tree=7
num_leaves=16
num_cat=0
split_feature=40 88 100 61 101 53 103 64 99 63 84 82 2 100 87
split_gain=88.3002 54.0557 40.4786 33.4313 28.6682 16.8947 17.7489 14.8173 13.9122 13.7052 13.5999 6.01639 10.227 0.111434 0.0182312
threshold=36.150000000000013 10.500000000000002 -1.6789500000000002 0.14835164835164832 4.0814500000000047 8.5000000000000018 0.7386474125047755 6.3500000000000005 -0.37190000000000006 5.5000000000000009 0.45000000000000007 0.2752525252525253 11.500000000000002 -1.2005499999999996 12.500000000000002
decision_type=2 2 2 2 2 2 2 2 2 2 2 2 2 2 2
left_child=1 13 -2 10 7 6 -5 8 9 -4 14 -7 -13 -1 -3
right_child=2 3 4 5 -6 11 -8 -9 -10 -11 -12 12 -14 -15 -16
leaf_value=-0.032976373086932749 0.023453755639913598 -0.04347507545458458 0.025829060504873363 0.021351586514877334 0.019188534228493641 0.039486034155143415 -0.040699017368532937 -0.039252393206084112 -0.039431406179516786 -0.03211016451936697 0.016132729776111191 0.005421273199290374 0.03947349061886192 -0.03934324996828175 -0.039632826752181535
leaf_weight=2.1076545268297195 8.8291378170251829 2.2245133370161039 5.6392548680305463 7.2395492196083051 5.9429773092269889 27.261452913284302 3.4383108019828796 43.792108297348022 6.1257001906633368 3.2563961744308472 3.3240768611431122 8.8201062828302383 9.046324610710144 7.1020790934562665 3.4290061295032501
leaf_count=9 11 9 10 12 8 3 14 179 25 13 6 18 2 29 14
internal_value=0 0.0130795 -0.0217196 0.0203298 -0.0278806 0.0268117 0.00135885 -0.0326389 -0.0133497 0.00460748 -0.0199496 0.032832 0.0226705 -0.0379039 -0.0411768
internal_weight=0 73.9931 73.5856 64.7833 64.7564 55.8057 10.6779 58.8135 15.0214 8.89565 8.9776 45.1279 17.8664 9.20973 5.65352
internal_count=362 116 246 78 235 49 26 227 48 23 29 23 20 38 23
is_linear=0
shrinkage=0.0224946


Tree=8
num_leaves=13
num_cat=0
split_feature=40 88 100 63 101 48 92 94 46 60 64 91
split_gain=84.7833 51.9084 38.8806 32.2554 27.5686 26.6074 16.0916 28.298 14.3275 17.5014 2.5047 0.113595
threshold=36.150000000000013 10.500000000000002 -1.6789500000000002 7.5000000000000009 4.0814500000000047 0.45000000000000007 0.060661764705882353 0.080128205128205107 3.5000000000000004 1.0000000180025095e-35 3.9000000000000004 0.095454545454545472
decision_type=2 2 2 2 2 2 2 2 2 2 2 2
left_child=1 11 -2 6 8 -5 7 -3 9 -4 -10 -1
right_child=2 3 4 5 -6 -7 -8 -9 10 -11 -12 -13
leaf_value=-0.038720860849285159 0.02297804169158197 -0.039658902279917009 -0.038580783252496267 0.022011278498635479 0.018785461547247459 -0.039700422378349601 0.035485295943311193 0.032041658297799244 -0.017583053856802307 0.019063477436525811 -0.038694306311820165 -0.032293276091606031
leaf_weight=7.0615842640399915 8.8094787001609784 4.4097804278135282 5.106764078140257 6.8033097982406598 5.9340916275978079 7.3528570085763931 38.400229051709175 7.5500149428844452 3.0582161992788306 5.5672999769449234 44.753648191690445 2.0954058468341827
leaf_count=29 11 18 21 10 8 30 13 7 11 11 184 9
internal_value=0 0.0128415 -0.021336 0.019956 -0.0273979 -0.010038 0.028389 0.00559505 -0.0320857 -0.00851008 -0.0373466 -0.0372677
internal_weight=0 73.6732 73.2295 64.5162 64.42 14.1562 50.36 11.9598 58.4859 10.6741 47.8119 9.15699
internal_count=362 116 246 78 235 40 38 25 227 32 195 38
is_linear=0
shrinkage=0.0224946


Tree=9
num_leaves=20
num_cat=0
split_feature=40 88 64 42 61 41 53 48 84 18 82 2 75 95 101 100 64 54 87
split_gain=81.4398 49.8856 37.8659 46.0624 31.1918 29.8333 15.6163 16.8293 12.8015 7.01194 5.70895 9.64227 3.2917 0.981868 0.136621 0.140602 0.113893 0.0600843 0.0294616
threshold=36.150000000000013 10.500000000000002 17.150000000000002 0.51666666666666672 0.14835164835164832 0.95000000000000007 8.5000000000000018 0.45000000000000007 0.45000000000000007 1.0000000180025095e-35 0.2752525252525253 11.500000000000002 0.67708333333333337 0.59500000000000075 3.1875000000000004 -1.3092000000000004 3.9000000000000004 35.150000000000013 12.500000000000002
decision_type=2 2 2 2 2 2 2 2 2 2 2 2 2 2 2 2 2 2 2
left_child=1 16 3 5 8 13 7 -6 18 17 -8 -12 -7 -2 15 -4 -1 -5 -3
right_child=2 4 14 9 6 12 10 -9 -10 -11 11 -13 -14 -15 -16 -17 -18 -19 -20
leaf_value=-0.031676633495313106 -0.039186930948378371 -0.042772628601439072 -0.043511917404603903 -0.041826335350355973 0.020896748392595414 0.0188145685073327 0.038258311883766452 -0.039708842622835548 0.015589819065788069 0.0013294832222336306 0.0050531640527277082 0.038246002308300713 0.038734375862246456 -0.019494504329217743 -0.044713380681619695 -0.03798649280214924 -0.038121351549725166 -0.038104426149112004 -0.038429222296393124
leaf_weight=2.0827527046203596 3.1531716138124493 2.2111712247133237 2.9305664151906994 3.9165664017200497 7.1942313611507398 7.693553730845454 26.941452264785767 3.4177767485380173 3.3119554817676544 2.5297307819128028 8.786815270781517 8.9401650428771973 9.3168072104454023 2.2086086273193359 2.2113672643899909 27.530737921595573 7.0164761692285538 11.366060033440588 3.3872299194335938
leaf_count=9 13 9 12 16 12 15 3 14 6 6 18 2 6 8 9 114 29 47 14
internal_value=0 0.0126188 -0.0209645 -0.00633862 0.0196071 0.015148 0.025903 0.00136552 -0.0194409 -0.0333285 0.0317303 0.0218006 0.0297336 -0.0311027 -0.0389488 -0.0385241 -0.0366638 -0.03907 -0.0401768
internal_weight=0 73.29 72.8572 40.1845 64.1908 22.3721 55.2804 10.612 8.91036 17.8124 44.6684 17.727 17.0104 5.36178 32.6727 30.4613 9.09923 15.2826 5.5984
internal_count=362 116 246 111 78 42 49 26 29 69 23 20 21 21 135 126 38 63 23
is_linear=0
shrinkage=0.0224946


end of trees

feature_importances:
umaban=12
current_odds=12
agari_df_course_4=12
agari_1=10
n_horses_1=10
agari_df_course_5=10
margin_2=7
corner_chase_3=6
corner_chase_5=6
agari_df_course_3=6
f_course3=4
result_3=4
jockey_place_rate=4
corner_ratio_5=4
win_rate_recent5=4
n_horses_today=4
result_2=3
jockey_win_rate=3
agari_std5=3
corner_chase_2=2
mf_course2=1
mf_len3=1
margin_1=1
corner_ratio_1=1
agari_2=1
agari_3=1
corner_ratio_4=1
horse_weight_abs_1=1
agari_trend_5=1
agari_df_course_1=1

parameters:
[boosting: gbdt]
[objective: custom]
[metric: custom]
[tree_learner: serial]
[device_type: cpu]
[data_sample_strategy: bagging]
[data: ]
[valid: ]
[num_iterations: 363]
[learning_rate: 0.0224946]
[num_leaves: 28]
[num_threads: 0]
[seed: 0]
[deterministic: 0]
[force_col_wise: 1]
[force_row_wise: 0]
[histogram_pool_size: -1]
[max_depth: 6]
[min_data_in_leaf: 9]
[min_sum_hessian_in_leaf: 0.001]
[bagging_fraction: 1]
[pos_bagging_fraction: 1]
[neg_bagging_fraction: 1]
[bagging_freq: 0]
[bagging_seed: 3]
[feature_fraction: 1]
[feature_fraction_bynode: 1]
[feature_fraction_seed: 2]
[extra_trees: 0]
[extra_seed: 6]
[early_stopping_round: 0]
[first_metric_only: 0]
[max_delta_step: 0]
[lambda_l1: 0.00357073]
[lambda_l2: 0.00241985]
[linear_lambda: 0]
[min_gain_to_split: 0]
[drop_rate: 0.1]
[max_drop: 50]
[skip_drop: 0.5]
[xgboost_dart_mode: 0]
[uniform_drop: 0]
[drop_seed: 4]
[top_rate: 0.2]
[other_rate: 0.1]
[min_data_per_group: 100]
[max_cat_threshold: 32]
[cat_l2: 10]
[cat_smooth: 10]
[max_cat_to_onehot: 4]
[top_k: 20]
[monotone_constraints: ]
[monotone_constraints_method: basic]
[monotone_penalty: 0]
[feature_contri: ]
[forcedsplits_filename: ]
[refit_decay_rate: 0.9]
[cegb_tradeoff: 1]
[cegb_penalty_split: 0]
[cegb_penalty_feature_lazy: ]
[cegb_penalty_feature_coupled: ]
[path_smooth: 0]
[interaction_constraints: ]
[verbosity: -1]
[saved_feature_importance_type: 0]
[use_quantized_grad: 0]
[num_grad_quant_bins: 4]
[quant_train_renew_leaf: 0]
[stochastic_rounding: 1]
[linear_tree: 0]
[max_bin: 255]
[max_bin_by_feature: ]
[min_data_in_bin: 3]
[bin_construct_sample_cnt: 200000]
[data_random_seed: 1]
[is_enable_sparse: 1]
[enable_bundle: 1]
[use_missing: 1]
[zero_as_missing: 0]
[feature_pre_filter: 1]
[pre_partition: 0]
[two_round: 0]
[header: 0]
[label_column: ]
[weight_column: ]
[group_column: ]
[ignore_column: ]
[categorical_feature: ]
[forcedbins_filename: ]
[precise_float_parser: 0]
[parser_config_file: ]
[objective_seed: 5]
[num_class: 1]
[is_unbalance: 0]
[scale_pos_weight: 1]
[sigmoid: 1]
[boost_from_average: 1]
[reg_sqrt: 0]
[alpha: 0.9]
[fair_c: 1]
[poisson_max_delta_step: 0.7]
[tweedie_variance_power: 1.5]
[lambdarank_truncation_level: 30]
[lambdarank_norm: 1]
[label_gain: ]
[lambdarank_position_bias_regularization: 0]
[eval_at: ]
[multi_error_top_k: 1]
[auc_mu_weights: ]
[num_machines: 1]
[local_listen_port: 12400]
[time_out: 120]
[machine_list_filename: ]
[machines: ]
[gpu_platform_id: -1]
[gpu_device_id: -1]
[gpu_use_dp: 0]
[num_gpu: 1]

end of parameters

pandas_categorical:null
