tree
version=v4
num_class=1
num_tree_per_iteration=1
label_index=0
max_feature_idx=50
objective=lambdarank
feature_names=f_course1 f_course2 f_course3 f_courseout mf_course1 mf_course2 mf_course3 mf_courseout f_mf_course1 f_mf_course2 f_mf_course3 f_mf_courseout f_len1 f_len2 f_len3 f_lenout mf_len1 mf_len2 mf_len3 mf_classout f_mf_len1 f_mf_len2 f_mf_len3 f_mf_classout f_class1 f_class2 f_class3 f_classout mf_class1 mf_class2 mf_class3 mf_classout.1 f_mf_class1 f_mf_class2 f_mf_class3 f_mf_classout.1 time_df_course1 time_df_class1 ninki_1 result_1 time_df_course2 time_df_class2 ninki_2 result_2 time_df_course3 time_df_class3 ninki_3 result_3 waku umaban self_popularity
feature_infos=[0:24] [0:27] [0:17] [0:152] [0:16] [0:25] [0:21] [0:176] [0:4] [0:7] [0:3] [0:17] [0:18] [0:21] [0:10] [0:105] [0:13] [0:11] [0:8] [0:68] [0:4] [0:7] [0:2] [0:15] [0:7] [0:6] [0:7] [0:32] [0:5] [0:6] [0:3] [0:28] [0:1] [0:3] [0:2] [0:7] [-1:0] [-1:0] [-1:180] [-1:120] [-1:0] [-1:0] [-1:180] [-1:160] [-1:0] [-1:0] [-1:180] [-1:160] [1:8] [1:16] [-1:16]
tree_sizes=3924 2979 3189 3822 4015 3185

Tree=0
num_leaves=36
num_cat=0
split_feature=50 47 43 16 39 47 24 7 42 2 3 43 39 46 43 38 43 47 16 17 19 38 14 38 39 47 16 38 50 49 39 2 50 50 13
split_gain=71.2286 14.1311 9.08813 9.0487 8.82124 6.70354 8.14602 9.42982 5.67413 5.65613 6.19152 6.07308 5.65001 7.28384 4.70559 4.57725 4.50943 5.11802 4.83361 3.89931 5.32776 5.86921 4.38502 5.05779 3.55822 3.13013 2.64658 2.36128 3.23915 2.25182 1.99897 1.19692 0.911506 0.589277 0.0938603
threshold=6.5000000000000009 5.5000000000000009 13.500000000000002 8.5000000000000018 7.5000000000000009 14.500000000000002 1.0000000180025095e-35 71.500000000000014 65.000000000000014 2.5000000000000004 67.000000000000014 14.500000000000002 9.5000000000000018 5.5000000000000009 12.500000000000002 95.000000000000014 4.5000000000000009 7.5000000000000009 1.0000000180025095e-35 1.0000000180025095e-35 3.5000000000000004 8.5000000000000018 2.5000000000000004 19.000000000000004 1.5000000000000002 10.500000000000002 1.5000000000000002 9.5000000000000018 12.500000000000002 8.5000000000000018 6.5000000000000009 1.5000000000000002 12.500000000000002 1.5000000000000002 2.5000000000000004
decision_type=2 2 2 2 2 2 2 2 2 2 2 2 2 2 2 2 2 2 2 2 2 2 2 2 2 2 2 2 2 2 2 2 2 2 2
left_child=1 15 5 4 8 6 16 14 24 26 11 -11 25 -14 -8 19 17 -2 -18 20 21 -1 33 -24 -3 -6 30 -7 -29 -22 32 -32 -4 -21 -10
right_child=2 3 9 -5 12 27 7 -9 34 10 -12 -13 13 -15 -16 -17 18 -19 -20 22 29 -23 23 -25 -26 -27 -28 28 -30 -31 31 -33 -34 -35 -36
leaf_value=-0.0099051139084979888 0.019416711001578529 0.0058757306465242569 0.0039031344082294107 0.036119170795956015 0.023302770538664079 0.032553796380947707 -0.028609722200416979 0.022705447317052468 -0.046316333404348931 0.015167978812311651 0.026777227990822258 -0.039366607981829879 0.014715497997901205 -0.018327632137345333 0.010874994662651714 0.00061831950660791392 -0.004202200529549522 -0.012243952537994221 0.010378422607364214 -0.031230103459496627 -0.015194103938969139 -0.036824557455775418 -0.044546521967576504 -0.0044477233194639742 -0.019915161122772491 -0.0053563335627482356 0.0079228348837652347 -0.004390479122873236 0.028108422907339576 0.014296011623822618 0.027252643854179047 0.041193738490398236 0.023652339488038888 -0.047059683075413097 -0.031520912494972013
leaf_weight=8.0798743935301953 24.719651857391003 4.13011302053929 2.8141204342246082 2.6680320538580409 6.9843756817281264 7.0265662521123868 9.9326179800555092 3.5842892713844767 3.6236983947455874 2.0405066274106485 3.395324008539319 2.6775191016495228 5.5621557720005539 12.732071863487361 2.0766740711405864 3.8161439187824717 24.949006093665957 3.3267732430249444 28.549132023006678 2.9422652591019895 2.9050434604287139 12.247307905927299 2.9781388789415351 4.8969115670770407 12.151812527328728 3.1790372468531132 4.901511061936616 3.4372983779758215 3.5843404736369848 3.033541901037097 16.414029356092218 5.7665504850447169 2.9710769783705473 9.7371257152408344 1.7912462018430231
leaf_count=112 188 36 32 10 44 33 158 26 59 20 25 50 41 166 23 36 304 46 260 40 33 186 47 53 163 34 46 40 22 21 108 17 23 153 27
internal_value=0 -0.0155236 0.0105571 -0.00670546 -0.00905581 0.00693619 0.00464884 -0.0113525 -0.0206773 0.020326 0.00203444 -0.0157245 -0.000129407 -0.00820991 -0.0216776 -0.024679 0.00772833 0.0156038 0.00356503 -0.0267584 -0.0203654 -0.0262506 -0.0347725 -0.0200237 -0.0133188 0.0142747 0.0247969 0.0225707 0.0121959 0 0.0276901 0.0310534 0.0143889 -0.0436774 -0.0421197
internal_weight=0 103.459 152.167 52.8225 50.1545 111.186 97.1381 15.5936 21.6969 40.9806 8.11335 4.71803 28.4576 18.2942 12.0093 50.6364 81.5446 28.0464 53.4981 46.8202 26.2658 20.3272 20.5544 7.87505 16.2819 10.1634 32.8673 14.0482 7.02164 5.93859 27.9658 22.1806 5.7852 12.6794 5.41494
internal_count=2682 1261 1421 580 570 1100 1005 207 285 321 95 70 285 207 181 681 798 234 564 645 352 298 293 100 199 78 226 95 62 54 180 125 55 193 86
is_linear=0
shrinkage=0.0242593


Tree=1
num_leaves=27
num_cat=0
split_feature=50 23 43 16 26 47 46 49 30 6 18 6 46 6 42 13 3 43 18 39 39 50 38 29 15 2
split_gain=85.7612 19.8416 17.6497 16.0639 16.7906 15.9183 15.4934 14.5657 14.344 14.1103 15.2698 13.9427 13.2565 22.0777 14.8508 13.0031 16.3742 12.6696 12.4875 11.5054 11.5105 16.9915 8.94468 4.80626 2.21536 1.00615
threshold=5.5000000000000009 1.0000000180025095e-35 10.500000000000002 8.5000000000000018 2.5000000000000004 7.5000000000000009 2.5000000000000004 14.500000000000002 1.5000000000000002 5.5000000000000009 1.0000000180025095e-35 9.5000000000000018 11.500000000000002 3.5000000000000004 3.5000000000000004 3.5000000000000004 2.5000000000000004 6.5000000000000009 3.5000000000000004 35.000000000000007 7.5000000000000009 10.500000000000002 13.500000000000002 1.5000000000000002 7.5000000000000009 1.0000000180025095e-35
decision_type=2 2 2 2 2 2 2 2 2 2 2 2 2 2 2 2 2 2 2 2 2 2 2 2 2 2
left_child=1 3 7 4 12 6 -4 8 9 10 -2 -11 14 -14 -1 16 -8 -10 25 20 21 -7 -22 -20 -9 -3
right_child=2 18 5 -5 -6 19 15 24 17 11 -12 -13 13 -15 -16 -17 -18 -19 23 -21 22 -23 -24 -25 -26 -27
leaf_value=-0.020536383250242901 0.0056307981164545684 -0.030144053689836092 0.024494550912794382 0.033963757383987332 0.025814389319593831 -0.012238657503387667 0.0093802843492282011 -0.04202797716741017 -0.047288093238202836 0.026200679625805495 -0.0085634760695015872 -0.005351775360633762 -0.032405673182144809 0.0089115789148376569 -0.00094967829320771443 0.019914645242884353 -0.031571128905627258 0.0034174659108858227 -0.027295654731480507 -0.011314884421820132 0.01081636332000057 0.014635614868228246 0.023603359688656591 0.0027622151339361969 -0.016390244656079897 -0.046696081528691036
leaf_weight=36.668590879067779 122.93999166227877 3.6501095946878257 8.8872102536261064 4.5686404034495345 6.5887822620570651 21.126357486471534 8.2567423582077044 4.4886865019798261 6.3332064896821958 26.793349731713533 69.883300550282001 11.78946306183934 37.671831779181957 9.4544496312737447 60.249236840754747 6.2026330959051839 18.370885921642184 5.2168375328183174 6.1506424546241742 11.031665358692406 57.491246357560158 39.724653633311391 74.872785221785307 6.1643550544977188 4.0834663920104504 15.59253961406648
leaf_count=205 435 22 19 10 22 92 30 29 35 55 277 37 297 41 281 18 90 19 34 36 156 111 163 16 25 127
internal_value=0 -0.014014 0.00526225 -0.0104289 -0.0117988 0.0098822 -0.00375012 0.00073907 0.00184358 0.00316737 0.00048021 0.0165439 -0.0135391 -0.0240957 -0.00838069 -0.0114652 -0.0188475 -0.0244382 -0.031545 0.0126716 0.01405 0.00528615 0.0180663 -0.0122529 -0.0301864 -0.0437419
internal_weight=0 186.759 497.492 155.202 150.633 245.964 41.7175 251.528 242.956 231.406 192.823 38.5828 144.044 47.1263 96.9178 32.8303 26.6276 11.55 31.5576 204.247 193.215 60.851 132.364 12.315 8.57215 19.2426
internal_count=2682 1055 1627 856 846 715 157 912 858 804 712 92 824 338 486 138 120 54 199 558 522 203 319 50 54 149
is_linear=0
shrinkage=0.0242593


Tree=2
num_leaves=29
num_cat=0
split_feature=50 43 38 19 13 26 48 27 23 5 27 24 39 16 18 38 3 2 3 42 3 3 49 49 46 38 30 43
split_gain=63.3476 18.5963 19.5635 17.6057 16.8107 25.1013 15.0781 21.213 15.2819 16.8423 14.6939 23.2399 13.6509 13.3649 11.2897 10.2702 20.1155 20.0562 9.61872 24.5182 7.38184 7.16222 6.52829 5.46825 4.16559 3.56552 2.98119 0.525104
threshold=5.5000000000000009 13.500000000000002 55.000000000000007 6.5000000000000009 3.5000000000000004 2.5000000000000004 6.5000000000000009 11.500000000000002 1.5000000000000002 6.5000000000000009 6.5000000000000009 1.0000000180025095e-35 7.5000000000000009 8.5000000000000018 1.0000000180025095e-35 5.5000000000000009 3.5000000000000004 1.5000000000000002 3.5000000000000004 17.500000000000004 1.0000000180025095e-35 2.5000000000000004 10.500000000000002 6.5000000000000009 16.500000000000004 105.00000000000001 1.5000000000000002 9.5000000000000018
decision_type=2 2 2 2 2 2 2 2 2 2 2 2 2 2 2 2 2 2 2 2 2 2 2 2 2 2 2 2
left_child=4 6 18 21 5 13 7 8 9 -2 11 12 -8 15 -10 16 -1 -17 19 20 -3 -4 23 -20 -12 -5 -6 -13
right_child=1 2 3 25 26 -7 10 -9 14 -11 24 27 -14 -15 -16 17 -18 -19 22 -21 -22 -23 -24 -25 -26 -27 -28 -29
leaf_value=0.010011020902038295 -0.0018928737870856276 0.00196986290343303 0.022798658550148176 -0.014544954996971357 -0.045886818451315502 0.033620109962688445 -0.0047988284982607154 -0.045724191411858732 0.0054264767267208159 0.018554537233179673 0.016311432908600342 -0.045060065169760383 0.015742559832610033 0.019925750854188608 -0.036882576039469116 -0.027246167730757571 -0.023563790679087801 -0.0040992524896402904 0.018627177970951429 0.026336535639360885 -0.02767872844439118 -0.0046543568719992672 0.0080369351579906278 0.033934571414829709 0.038707646272828432 -0.041060997241791068 -0.016758229951068071 -0.028427044201190396
leaf_weight=24.082637261599302 177.00163686089218 10.200578451156618 10.776627898216249 6.596024386584757 9.9677606094628555 7.0863039419054976 30.202844154089689 6.3416034430265418 5.4163658209145096 27.287480726838112 10.460797648876907 3.7026018984615794 51.032587748020887 6.8734728619456282 11.349448876455424 61.31261820346117 18.47650714032352 34.572199892252684 31.094730988144875 19.000115871429443 9.3916873000562173 11.397930322214959 16.194408629089594 25.871705919504166 9.8281395919620973 5.8501463830471039 2.9036991149187079 3.2700081467628479
leaf_count=98 682 27 19 28 104 14 135 41 21 75 38 38 146 13 62 463 123 226 66 29 31 40 45 43 16 26 14 19
internal_value=0 0.00444207 0.0116567 -0.00424855 -0.0129577 -0.0106878 0.0012933 -0.00225393 -0.000986624 0.000839901 0.00873271 0.00442713 0.00809662 -0.0128721 -0.0231973 -0.0145177 -0.00455977 -0.0189204 0.016592 0.00673852 -0.012249 0.00867911 0.021764 0.0256332 0.0273152 -0.0272649 -0.0395313 -0.037801
internal_weight=0 482.267 146.374 34.6207 165.275 152.404 335.894 227.397 221.055 204.289 108.497 88.208 81.2354 145.317 16.7658 138.444 42.5591 95.8848 111.753 38.5924 19.5923 22.1746 73.1608 56.9664 20.2889 12.4462 12.8715 6.97261
internal_count=2682 1627 354 113 1055 937 1273 881 840 757 392 338 281 923 83 910 221 689 241 87 58 59 154 109 54 54 118 57
is_linear=0
shrinkage=0.0242593


Tree=3
num_leaves=35
num_cat=0
split_feature=50 43 47 39 26 47 3 3 49 26 50 5 3 39 23 42 50 1 20 38 2 31 38 43 0 43 50 39 42 11 3 16 46 42
split_gain=54.0571 22.4066 14.8965 13.45 12.1724 13.996 16.1402 14.7809 10.4681 10.4199 15.074 12.643 12.3128 9.2291 9.1991 8.8261 8.24677 21.353 20.0803 17.529 14.9751 10.7821 9.59612 7.47714 15.1814 7.631 7.05045 7.86026 6.74018 6.09594 4.79354 3.66577 1.47052 0.413322
threshold=5.5000000000000009 13.500000000000002 65.000000000000014 6.5000000000000009 1.0000000180025095e-35 11.500000000000002 53.500000000000007 5.5000000000000009 13.500000000000002 2.5000000000000004 3.5000000000000004 1.5000000000000002 1.0000000180025095e-35 5.5000000000000009 1.0000000180025095e-35 9.5000000000000018 12.500000000000002 2.5000000000000004 1.0000000180025095e-35 14.500000000000002 5.5000000000000009 6.5000000000000009 85.000000000000014 5.5000000000000009 4.5000000000000009 2.5000000000000004 12.500000000000002 7.5000000000000009 14.500000000000002 1.0000000180025095e-35 64.500000000000014 1.0000000180025095e-35 10.500000000000002 9.5000000000000018
decision_type=2 2 2 2 2 2 2 2 2 2 2 2 2 2 2 2 2 2 2 2 2 2 2 2 2 2 2 2 2 2 2 2 2 2
left_child=3 4 8 13 16 6 7 -6 26 10 11 15 -12 14 23 -5 17 21 -19 20 -18 -2 -21 25 -25 -1 27 -3 -7 -13 -8 -28 -14 -16
right_child=1 2 -4 9 5 28 30 -9 -10 -11 12 29 32 -15 33 -17 19 18 -20 22 -22 -23 -24 24 -26 -27 31 -29 -30 -31 -32 -33 -34 -35
leaf_value=-0.013966329531840937 0.0013377615470633627 -0.0012740395561901675 -0.013264775610373954 0.00037727765306940522 0.026564239739494171 0.035474214647138652 0.034515912199643617 -0.018913482367370046 -0.0075246616454169371 0.025992114032756169 0.0058216538326023052 0.025948080803437062 -0.042000531377831767 -0.046038850406131836 -0.030306168398164017 -0.03121860698241612 -0.022408990858625823 -0.031587446433168388 0.0073025744725161261 0.029490256522084923 0.02202308261368147 -0.024663415948638308 0.0039694538048178655 -0.014100311049006839 0.02893194410843913 -0.038493277840463899 0.029173708080929506 0.017308869567904547 0.011106151727036405 -0.0009656749276522582 0.0076053219274892425 0.015065220115020657 -0.026324001710185466 -0.044514635307698731
leaf_weight=34.364750520326197 156.31638455204666 18.929085321724415 12.0061819255352 13.632291467860343 5.1050354316830662 13.46906526014209 7.4739976264536372 22.056449394673109 11.020462390035389 5.9185960665345183 6.1286671292036798 11.986765451729299 8.0861462466418761 6.7829826846718779 3.4594194628298265 8.2766453828662616 16.28264141082764 26.99399483948946 10.897195544093845 17.968232187442482 6.0491274558007708 9.905029393732546 16.928546003997326 18.112349754199389 6.4824251160025588 9.6320959972217661 31.077616468071938 44.920553978532553 13.677863884717224 8.2807765640318376 8.3956911750137788 17.644449133425951 8.3968033622950298 5.5805035112425685
leaf_count=225 564 63 42 59 10 22 13 126 46 16 38 41 75 62 31 81 86 164 42 40 13 51 57 124 22 99 50 106 46 43 39 47 74 65
internal_value=0 0.00412067 0.0124257 -0.0124044 0.000718758 0.00968521 0.00104767 -0.0102788 0.0149359 -0.00457401 -0.00740923 0.00114516 -0.0233549 -0.0189416 -0.0165172 -0.0115858 -0.00168763 -0.00397232 -0.0203864 0.00643881 -0.0102961 -0.000217029 0.017174 -0.0134335 -0.00266361 -0.019417 0.0171468 0.0117903 0.0232992 0.0149448 0.0204469 0.0241165 -0.0342359 -0.0394918
internal_weight=0 467.118 135.598 155.121 331.519 70.1781 43.0312 27.1615 123.592 70.7067 64.7881 42.1765 22.6116 84.4145 77.6315 21.9089 261.341 204.113 37.8912 57.2285 22.3318 166.221 34.8968 68.5916 24.5948 43.9968 112.572 63.8496 27.1469 20.2675 15.8697 48.7221 16.4829 9.03992
internal_count=2682 1627 354 1055 1273 256 188 136 312 427 411 224 187 628 566 140 1017 821 206 196 99 615 97 470 146 324 266 169 68 84 52 97 149 96
is_linear=0
shrinkage=0.0242593


Tree=4
num_leaves=37
num_cat=0
split_feature=50 39 49 50 50 38 46 2 0 17 7 19 38 11 43 50 50 3 42 38 49 46 25 43 15 15 48 18 15 3 11 48 0 39 7 42
split_gain=45.64 21.6439 20.6737 19.0175 17.2746 17.2676 10.6898 10.6691 19.666 10.2389 21.9321 16.9983 9.98218 12.1713 10.4879 9.85821 9.71429 10.5282 9.55141 9.41982 14.8499 7.88138 7.42017 6.9481 6.09008 5.77176 5.0519 4.84949 4.43062 4.09469 3.95565 2.95044 0.796746 0.761447 2.80247 0.0592212
threshold=6.5000000000000009 6.5000000000000009 9.5000000000000018 1.5000000000000002 12.500000000000002 85.000000000000014 35.000000000000007 4.5000000000000009 7.5000000000000009 5.5000000000000009 69.500000000000014 24.500000000000004 14.500000000000002 1.0000000180025095e-35 13.500000000000002 4.5000000000000009 14.500000000000002 16.500000000000004 145.00000000000003 1.5000000000000002 9.5000000000000018 65.000000000000014 1.5000000000000002 5.5000000000000009 1.5000000000000002 17.500000000000004 5.5000000000000009 1.5000000000000002 5.5000000000000009 1.0000000180025095e-35 4.5000000000000009 6.5000000000000009 5.5000000000000009 3.5000000000000004 6.5000000000000009 5.5000000000000009
decision_type=2 2 2 2 2 2 2 2 2 2 2 2 2 2 2 2 2 2 2 2 2 2 2 2 2 2 2 2 2 2 2 2 2 2 2 2
left_child=1 7 3 -3 9 12 22 15 23 10 11 18 13 14 -6 19 17 -7 -2 24 -21 29 -5 -9 -1 -13 -11 -8 -14 -4 35 -12 -31 -17 -35 -10
right_child=4 2 21 6 5 16 27 8 30 26 31 25 28 -15 -16 33 -18 -19 -20 20 -22 -23 -24 -25 -26 -27 -28 -29 -30 32 -32 -33 -34 34 -36 -37
leaf_value=0.009633484133434983 0.00026942517440111817 -0.031997720589286023 -0.0077862990327604124 0.0081270469503263564 -0.012562335903960411 -0.04132393629219263 -0.025188564361962089 -0.010714831189700963 -0.0324608440435014 -0.038862358897763315 0.015587098015657041 -0.042048470978779694 0.01625081866098305 0.025889415308043402 0.01249330443117283 -0.041547859933425177 0.0096806221062633036 0.00040674291522435055 0.022269261042632514 -0.033020183036887439 0.0017331200649726454 0.0072784916101507734 0.032589669676801485 0.023966536214585069 -0.022292275145395484 -0.0069271146760053973 -0.0037025387370170542 0.0074554728178161181 0.033196621891918209 -0.045172904714224062 -0.0070558939683226362 0.033318899858120872 -0.028635460779062934 -0.012914585328324476 -0.044711428104240163 -0.04466630226670748
leaf_weight=10.29072195664048 222.54033519327641 7.871382948011159 3.0349454022944 52.423693992197514 15.741499971598385 6.5544115826487559 7.5362824611365777 4.9062732160091427 2.4584964066743833 5.3153083361685258 11.45883382856846 7.1029857322573644 15.98172516748309 20.336670208722353 25.838369391858578 12.334630817174913 13.476238183677195 7.5753477811813354 12.180436454713343 26.924966048449278 9.8050851803272945 3.4186021946370593 8.4689252711832506 10.516840968281029 5.2364109903573981 4.6404386684298515 4.4882380943745375 4.0274033322930336 22.835666358470917 7.5397547502070648 3.0356322266161442 11.674062624573706 3.5428107567131519 3.3478470779955378 3.5131321661174297 4.4251302573829889
leaf_count=42 846 49 21 237 90 34 53 40 21 37 33 39 36 42 62 97 43 31 26 245 69 19 18 33 37 25 20 21 39 86 23 18 34 29 35 52
internal_value=0 -0.00966187 -0.0016033 0.00360247 0.00461364 0.0119791 0.00751372 -0.0177917 -0.00420551 0.00122459 0.00211622 -3.11801e-06 0.0166367 0.0105428 0.0029792 -0.0225872 -0.0049816 -0.0190077 0.00142222 -0.0170478 -0.0237336 -0.0254114 0.0115828 0.012875 -0.00113173 -0.0283895 -0.0230198 -0.0137653 0.0262914 -0.03339 -0.0307486 0.0246594 -0.040212 -0.0374863 -0.0296569 -0.0408623
internal_weight=0 194.659 97.8638 80.3277 407.741 128.34 72.4563 96.7952 25.3424 279.401 269.597 246.464 100.734 61.9165 41.5799 71.4528 27.606 14.1298 234.721 52.2572 36.7301 17.5361 60.8926 15.4231 15.5271 11.7434 9.80355 11.5637 38.8174 14.1175 9.91926 23.1329 11.0826 19.1956 6.86098 6.88363
internal_count=2682 1261 538 378 1421 377 329 723 169 1044 987 936 269 194 152 554 108 65 872 393 314 160 255 73 79 64 57 74 75 141 96 51 120 161 64 73
is_linear=0
shrinkage=0.0242593


Tree=5
num_leaves=29
num_cat=0
split_feature=50 50 13 14 23 38 43 46 39 43 42 39 42 47 14 11 38 13 47 38 2 39 7 43 7 47 42 30
split_gain=37.2204 19.8408 13.4623 16.6388 12.4906 9.28185 9.7817 7.674 18.4472 14.5364 12.352 16.9754 9.2318 10.0841 9.25592 7.61667 10.464 19.45 12.3866 7.54772 7.33428 7.30512 5.4685 5.29063 4.65389 4.14505 3.12081 2.76991
threshold=12.500000000000002 5.5000000000000009 3.5000000000000004 4.5000000000000009 1.0000000180025095e-35 85.000000000000014 12.500000000000002 25.000000000000004 8.5000000000000018 4.5000000000000009 45.000000000000007 15.500000000000002 55.000000000000007 7.5000000000000009 4.5000000000000009 1.0000000180025095e-35 11.500000000000002 1.5000000000000002 9.5000000000000018 8.5000000000000018 1.5000000000000002 2.5000000000000004 25.500000000000004 10.500000000000002 14.500000000000002 10.500000000000002 2.5000000000000004 1.5000000000000002
decision_type=2 2 2 2 2 2 2 2 2 2 2 2 2 2 2 2 2 2 2 2 2 2 2 2 2 2 2 2
left_child=1 2 3 4 21 15 23 12 9 22 -10 -12 13 14 -3 16 17 18 -2 -15 -11 -1 -9 -7 -17 -18 -6 -4
right_child=5 7 27 -5 26 6 -8 8 10 20 11 -13 -14 19 -16 24 25 -19 -20 -21 -22 -23 -24 -25 -26 -27 -28 -29
leaf_value=-0.018685435690504796 0.0082101324829192916 -0.0069525457352994343 -0.0438702354732209 0.015155754905363382 -0.011563100908796576 -0.0021848127191446041 -0.021635948582498839 -0.011870719268676432 -0.027836266793515273 -0.015785728589234028 0.013273684550876534 -0.023543043215509471 0.023437786438570255 0.012392714173399525 0.017698398748164871 0.033863012540692586 0.027002598440872567 0.023949049431415216 -0.031543813306578829 -0.00059193033445117222 -0.039925938821894491 -0.0049092346479493393 0.022810662309984294 0.025255835913316343 0.01531017811249983 0.010505472322829388 -0.042955450987938758 -0.013187941909510937
leaf_weight=32.404292963445187 7.6832003481686177 82.062546212226152 8.063833072781561 15.364836435765026 2.5781612843275061 9.4691289775073582 8.9904805161058885 4.8705090768635255 6.5629064291715613 17.94946977682412 44.774226427078247 8.7301723808050138 12.038993779569862 59.877915389835835 9.9691995196044427 16.267835922539234 18.855056457221508 12.022857513278721 11.248881697654722 46.747532747685909 13.007447171956299 76.140237054787576 5.7083625420928001 7.1697351634502402 16.496904924511909 17.81654903665185 8.6081479731947166 2.4320856332778922
leaf_count=253 35 348 104 48 16 44 48 32 39 90 144 43 33 195 36 24 41 30 57 181 89 518 20 16 37 45 102 14
internal_value=0 -0.00321348 -0.0106069 -0.00852874 -0.011584 0.0116707 -0.00132305 0.000232101 -0.00523839 -0.0176566 0.00334499 0.00722286 0.00287555 0.00161584 -0.0042591 0.0149957 0.0103004 -6.08573e-05 -0.0153942 0.00669488 -0.0260355 -0.00904122 0.00678577 0.0096471 0.02461 0.0190532 -0.0359363 -0.037002
internal_weight=0 457.891 145.592 135.096 119.731 126.021 25.6293 312.299 101.603 41.5358 60.0673 53.5044 210.696 198.657 92.0317 100.391 67.6265 30.9549 18.9321 106.625 30.9569 108.545 10.5789 16.6389 32.7647 36.6716 11.1863 10.4959
internal_count=2682 2305 1055 937 889 377 108 1250 457 231 226 187 793 760 384 269 208 122 92 376 179 771 52 60 61 86 118 118
is_linear=0
shrinkage=0.0242593


end of trees

feature_importances:
self_popularity=18
ninki_1=16
result_2=16
result_1=15
f_courseout=12
ninki_2=11
result_3=10
ninki_3=8
f_course3=7
umaban=7
mf_len1=6
mf_courseout=5
f_len2=5
f_mf_courseout=4
f_lenout=4
mf_len3=4
f_mf_classout=4
f_class3=4
f_course1=3
mf_course3=3
f_len3=3
mf_classout=3
mf_class3=3
waku=3
mf_course2=2
mf_len2=2
f_class1=2
f_classout=2
f_course2=1
f_mf_len1=1
f_class2=1
mf_class2=1
mf_classout.1=1

parameters:
[boosting: gbdt]
[objective: lambdarank]
[metric: ndcg]
[tree_learner: serial]
[device_type: cpu]
[data_sample_strategy: bagging]
[data: ]
[valid: ]
[num_iterations: 130]
[learning_rate: 0.0242593]
[num_leaves: 48]
[num_threads: 16]
[seed: 0]
[deterministic: 0]
[force_col_wise: 1]
[force_row_wise: 0]
[histogram_pool_size: -1]
[max_depth: 6]
[min_data_in_leaf: 25]
[min_sum_hessian_in_leaf: 0.001]
[bagging_fraction: 1]
[pos_bagging_fraction: 1]
[neg_bagging_fraction: 1]
[bagging_freq: 0]
[bagging_seed: 7719]
[feature_fraction: 1]
[feature_fraction_bynode: 1]
[feature_fraction_seed: 2437]
[extra_trees: 0]
[extra_seed: 11797]
[early_stopping_round: 0]
[first_metric_only: 0]
[max_delta_step: 0]
[lambda_l1: 0.0387263]
[lambda_l2: 0.0794703]
[linear_lambda: 0]
[min_gain_to_split: 0]
[drop_rate: 0.1]
[max_drop: 50]
[skip_drop: 0.5]
[xgboost_dart_mode: 0]
[uniform_drop: 0]
[drop_seed: 21238]
[top_rate: 0.2]
[other_rate: 0.1]
[min_data_per_group: 100]
[max_cat_threshold: 32]
[cat_l2: 10]
[cat_smooth: 10]
[max_cat_to_onehot: 4]
[top_k: 20]
[monotone_constraints: ]
[monotone_constraints_method: basic]
[monotone_penalty: 0]
[feature_contri: ]
[forcedsplits_filename: ]
[refit_decay_rate: 0.9]
[cegb_tradeoff: 1]
[cegb_penalty_split: 0]
[cegb_penalty_feature_lazy: ]
[cegb_penalty_feature_coupled: ]
[path_smooth: 0]
[interaction_constraints: ]
[verbosity: -1]
[saved_feature_importance_type: 0]
[use_quantized_grad: 0]
[num_grad_quant_bins: 4]
[quant_train_renew_leaf: 0]
[stochastic_rounding: 1]
[linear_tree: 0]
[max_bin: 255]
[max_bin_by_feature: ]
[min_data_in_bin: 3]
[bin_construct_sample_cnt: 200000]
[data_random_seed: 38]
[is_enable_sparse: 1]
[enable_bundle: 1]
[use_missing: 1]
[zero_as_missing: 0]
[feature_pre_filter: 1]
[pre_partition: 0]
[two_round: 0]
[header: 0]
[label_column: ]
[weight_column: ]
[group_column: ]
[ignore_column: ]
[categorical_feature: ]
[forcedbins_filename: ]
[precise_float_parser: 0]
[parser_config_file: ]
[objective_seed: 8855]
[num_class: 1]
[is_unbalance: 0]
[scale_pos_weight: 1]
[sigmoid: 1]
[boost_from_average: 1]
[reg_sqrt: 0]
[alpha: 0.9]
[fair_c: 1]
[poisson_max_delta_step: 0.7]
[tweedie_variance_power: 1.5]
[lambdarank_truncation_level: 30]
[lambdarank_norm: 1]
[label_gain: ]
[lambdarank_position_bias_regularization: 0]
[eval_at: 1,3,5]
[multi_error_top_k: 1]
[auc_mu_weights: ]
[num_machines: 1]
[local_listen_port: 12400]
[time_out: 120]
[machine_list_filename: ]
[machines: ]
[gpu_platform_id: -1]
[gpu_device_id: -1]
[gpu_use_dp: 0]
[num_gpu: 1]

end of parameters

pandas_categorical:[]
