tree
version=v4
num_class=1
num_tree_per_iteration=1
label_index=0
max_feature_idx=28
objective=lambdarank
feature_names=sire_course_win sire_course_place sire_course_runs sire_global_win sire_global_place bms_course_win bms_course_place bms_course_runs bms_global_win bms_global_place dam_shinba_win dam_shinba_place dam_shinba_runs grandsire_win grandsire_place cross_score jockey_shinba_win jockey_shinba_place trainer_shinba_win trainer_shinba_place place_id race_type_code course_len waku umaban kinryo sex_code horse_weight birth_month
feature_infos=[-1:1] [-1:1] [0:195] [-1:1] [-1:1] [-1:1] [-1:1] [0:216] [-1:1] [-1:1] [-1:1] [-1:1] [-1:6] [-1:1] [-1:1] [0:0.05078125] [-1:1] [-1:1] [-1:1] [-1:1] [1:10] none [1000:1800] [1:8] [1:16] [50:57] [0:1] [354:618] [-1:9]
tree_sizes=1873 1859 1858 1854 1757 1861 1860 1863 1852 1866 1874 1844 1761 1873 1851 1868 1873 1853 1851 1864 1860 1871 1863 1865 1857 1753 1869 1857 1878 1861 1862 1754 1741 1654

Tree=0
num_leaves=16
num_cat=0
split_feature=16 19 13 19 9 5 27 16 1 27 13 2 13 5 1
split_gain=69.8021 19.5779 12.2413 11.2704 9.978 7.57365 7.39163 6.46768 6.26102 5.19832 4.60225 4.45612 5.20135 4.25611 4.02397
threshold=0.10353760943362517 0.17407773386034259 0.075009104151493103 0.18727517985611514 0.24922832890336966 0.099369146976999348 435.00000000000006 0.030349083540572908 0.24253565062388596 469.00000000000006 0.070261676667677048 36.500000000000007 0.076941236289678236 0.063914893617021282 0.36827646038172362
decision_type=2 2 2 2 2 2 2 2 2 2 2 2 2 2 2
left_child=1 4 7 11 8 -6 -4 -3 -1 10 -5 12 -2 -13 -11
right_child=3 2 6 9 5 -7 -8 -9 -10 14 -12 13 -14 -15 -16
leaf_value=-0.0056450757715138938 -0.00039141614582400186 -0.0041587326301533367 -0.0055663312653971295 0.0058893683059547033 -0.0026479870568037298 0.0033785484117778756 0.0025297060833581833 -0.00046782088962171194 -0.0022202110199882135 0.0052676203305799503 0.00047902069927204064 -0.0087598499826479284 0.0060685915993187864 0.0011644970667713387 0.0089712719723447389
leaf_weight=68.654586714226753 13.769879647996282 30.11629137233831 5.0068427326623342 12.002226879587399 26.453628284507431 13.247313407249747 65.676017320947722 62.348364558070898 35.0489169358043 46.015118022682145 15.173214311245827 3.4395435652695587 8.4912786390632373 3.6482850813772529 18.424714766675606
leaf_count=1834 249 655 123 169 571 229 1124 1231 795 595 241 65 132 53 185
internal_value=0 -0.00166342 -0.000109879 0.00421055 -0.00342771 -0.000628798 0.00193955 -0.00167756 -0.00449529 0.00534029 0.00289887 0.000669253 0.00210996 -0.00377693 0.00635547
internal_weight=0 306.552 163.148 120.964 143.404 39.7009 70.6829 92.4647 103.704 91.6153 27.1754 29.349 22.2612 7.08783 64.4398
internal_count=8251 6562 3133 1689 3429 800 1247 1886 2629 1190 410 499 381 118 780
is_linear=0
shrinkage=0.00655316


Tree=1
num_leaves=16
num_cat=0
split_feature=19 27 4 27 8 19 1 18 4 4 25 6 25 23 1
split_gain=180.569 47.1829 46.7545 35.9136 35.1261 28.4312 28.2988 27.3603 26.2043 23.1659 20.8405 19.2033 15.8874 12.5285 12.1147
threshold=0.19061381778144784 475.00000000000006 0.41240409207161127 465.00000000000006 0.057205789804908751 0.11738208797032328 0.33460559796437667 0.079042029534267325 0.28306194537778934 0.099549549549549574 53.500000000000007 0.21629524261103211 54.500000000000007 6.5000000000000009 0.33079814921920186
decision_type=2 2 2 2 2 2 2 2 2 2 2 2 2 2 2
left_child=3 2 10 4 13 -6 8 9 -3 -5 -2 -8 -4 -1 -9
right_child=1 6 12 7 5 -7 11 14 -10 -11 -12 -13 -14 -15 -16
leaf_value=-0.0077401003744285626 -0.0047825538161134435 0.0026376008307989443 0.002434197333469649 -0.004967800573815356 -0.0051305327454197825 0.00012943590364731866 0.0028913474710048725 0.0018120170058391581 -0.0011571376643182032 -0.00098677610227999998 1.072657022091804e-05 0.0069010453811589548 0.011707323261650953 -0.0036361424929658654 0.010814952511544219
leaf_weight=99.461902882205322 42.625341281294823 386.30314523167908 14.212480604648588 74.506893734680489 76.305868402123451 104.1801718249917 110.47887040302157 18.224445186555389 97.800088532269001 393.28880451340228 427.26082639396191 96.509697549045086 18.18091969192028 48.036119623109698 9.7791759930551034
leaf_count=681 229 1238 54 496 505 477 268 80 294 1838 1580 181 31 279 20
internal_value=0 0.00162888 0.00010026 -0.00235947 -0.00404113 -0.00209811 0.00273945 -0.0012456 0.00187077 -0.00162304 -0.000426247 0.00476664 0.00768589 -0.00641152 0.00502011
internal_weight=0 1193.37 502.28 823.783 327.984 180.486 691.092 495.799 484.103 467.796 469.886 206.989 32.3934 147.498 28.0036
internal_count=8251 3875 1894 4376 1942 982 1981 2434 1532 2334 1809 449 85 960 100
is_linear=0
shrinkage=0.00655316


Tree=2
num_leaves=16
num_cat=0
split_feature=17 19 27 16 5 19 18 9 14 2 27 17 27 6 16
split_gain=243.023 69.8416 52.3558 34.3556 30.7407 28.9618 28.6461 27.7935 27.1391 37.2366 22.562 20.0928 18.8006 15.2423 10.9038
threshold=0.26967240797028036 0.28035087719298252 467.00000000000006 0.10197834352169376 0.066915422885572159 0.1577144917087239 0.15415884928080054 0.25930877401465641 0.1780203871172458 2.5000000000000004 487.00000000000006 0.089057073246591692 531.00000000000011 0.27602627257799678 0.016997303543913714
decision_type=2 2 2 2 2 2 2 2 2 2 2 2 2 2 2
left_child=1 4 11 8 5 -1 10 -6 9 -2 -5 -3 -10 -8 -4
right_child=3 2 14 6 7 -7 13 -9 12 -11 -12 -13 -14 -15 -16
leaf_value=-0.0052534299424742466 0.0052802959274881218 -0.010998436409199737 -0.00061340604420905497 0.0014572843204547559 -0.0023870042714956136 -0.0022520611277978379 0.0045921581414064905 0.0019111714874269776 0.00078927193855484802 -0.008667289624075045 0.0042334000095552871 -0.001921773007001573 0.0083942446468359046 0.0094193476109113265 0.0037690601569157081
leaf_weight=281.89536950737238 11.483413700014351 12.149484079331158 29.136243799701333 276.05420065671206 246.98134698346257 271.61331206746399 86.611791532486677 87.264203423634171 149.62481570243835 27.576566331088543 231.23974350467324 68.997169233858585 15.170282609760759 42.143291190266609 147.15976206865162
leaf_count=1960 45 67 130 757 1418 1309 178 355 512 147 525 316 34 63 435
internal_value=0 -0.00196346 0.00104098 0.00267695 -0.00283479 -0.00378222 0.00342705 -0.00126426 0.000335297 -0.0045595 0.00272411 -0.0033087 0.00150036 0.00618652 0.00304487
internal_weight=0 1145.2 257.443 839.904 887.754 553.509 636.049 334.246 203.855 39.06 507.294 81.1467 164.795 128.755 176.296
internal_count=8251 5990 948 2261 5042 3269 1523 1773 738 192 1282 383 546 241 565
is_linear=0
shrinkage=0.00655316


Tree=3
num_leaves=16
num_cat=0
split_feature=17 19 27 1 18 5 5 18 17 24 5 0 17 13 16
split_gain=218.764 73.9092 48.3672 33.5866 38.5499 30.9575 27.7449 27.0359 22.5062 21.9486 18.39 15.619 12.7995 11.4164 10.754
threshold=0.26967240797028036 0.28220211161387637 467.00000000000006 0.32841268111994776 0.0613139992839241 0.066915422885572159 0.13245614035087722 0.13244153082919918 0.50185185185185188 7.5000000000000009 0.071750321750321769 0.16613588110403399 0.089057073246591692 0.063967265513060742 0.070751765442030948
decision_type=2 2 2 2 2 2 2 2 2 2 2 2 2 2 2
left_child=1 5 12 8 6 7 -5 -1 11 -10 -7 -2 -3 -4 -6
right_child=3 2 13 4 14 10 -8 -9 9 -11 -12 -13 -14 -15 -16
leaf_value=-0.004184584239710575 0.0011690293376544741 -0.01092381946805792 0.00039482850380442473 0.0018696608887262076 -0.0002484689431343084 0.0035691428529183535 -0.011408607565070486 0.0041122731215845832 0.00095392313387826261 0.0074005852622110267 -0.0018027440076630551 -0.0079215698952546428 -0.0023855556445330842 0.0040029669602033927 0.0064126306832806091
leaf_weight=492.18412075378001 464.97985955327749 8.3795846104621869 53.394682809710503 78.957102328538895 11.029560826718805 30.034771639853716 7.1539276093244544 17.283861912786961 40.744417205452919 51.152736991643906 286.5560958199203 8.0283807776868326 62.7564677298069 128.04325722530484 178.85560600459576
leaf_count=3222 1405 66 222 221 28 127 24 58 96 84 1653 39 310 332 364
internal_value=0 -0.00195316 0.00114824 0.00250518 0.00437821 -0.0029015 0.000738373 -0.00390133 0.00158861 0.00455215 -0.00129082 0.00101086 -0.00342412 0.00294307 0.00602584
internal_weight=0 1078.63 252.574 840.902 275.996 826.059 86.111 509.468 564.905 91.8972 316.591 473.008 71.1361 181.438 189.885
internal_count=8251 5990 930 2261 637 5060 245 3280 1624 180 1780 1444 376 554 392
is_linear=0
shrinkage=0.00655316


Tree=4
num_leaves=15
num_cat=0
split_feature=19 1 27 27 19 25 14 7 8 19 24 15 8 25
split_gain=141.916 52.6508 32.5834 30.6048 28.4327 26.2712 25.4413 24.3214 23.339 20.8518 18.7007 13.9209 13.762 12.6237
threshold=0.19061381778144784 0.3872420807904679 417.00000000000006 465.00000000000006 0.11067366579177604 53.500000000000007 0.23216731898238749 78.500000000000014 0.068063784653646417 1.0000000180025095e-35 2.5000000000000004 1.0000000180025095e-35 0.061257406188281772 52.500000000000007
decision_type=2 2 2 2 2 2 2 2 2 2 2 2 2 2
left_child=3 2 -2 4 11 -4 9 -8 -6 -5 12 -1 -3 -12
right_child=1 10 5 6 8 -7 7 -9 -10 -11 13 -13 -14 -15
leaf_value=-0.0047125269511197245 -0.012644960780794032 0.0031781271492697773 -0.0036387650003938472 0.0017942321280216677 -0.0045710431403731709 0.0011242290499086367 0.0015609588302542472 -0.0067971604350403657 0.0004851223390469704 -0.0032518200703674136 -0.0036261338080177535 -0.0093753223795192357 -0.0072355052902426387 0.0051898389005340332
leaf_weight=81.505287608131766 7.514918226748704 11.89410859718919 52.550806317478418 41.500749733299017 80.351318314671516 860.94290859997272 156.03068391233683 16.300041034817696 76.262940119951963 225.43606222420931 7.0719665251672259 42.197228375822306 9.676782473921774 196.93918447941542
leaf_count=645 74 41 305 239 543 2928 710 119 386 1366 23 368 36 468
internal_value=0 0.00143152 0.000736038 -0.00228072 -0.00397175 0.000849352 -0.00120003 0.000762166 -0.00211186 -0.00246639 0.0042673 -0.00631793 -0.0015207 0.00488037
internal_weight=0 1146.59 921.009 719.584 280.317 913.494 439.268 172.331 156.614 266.937 225.582 123.703 21.5709 204.011
internal_count=8251 3875 3307 4376 1942 3233 2434 829 929 1605 568 1013 77 491
is_linear=0
shrinkage=0.00655316


Tree=5
num_leaves=16
num_cat=0
split_feature=17 19 27 1 18 5 19 1 17 5 24 7 17 27 14
split_gain=192.676 60.4936 32.3085 31.9013 29.9394 23.3621 21.8576 20.3554 19.8666 18.5083 18.0927 12.5934 12.2094 11.8872 11.1756
threshold=0.26967240797028036 0.28907254361799822 467.00000000000006 0.32841268111994776 0.0613139992839241 0.066915422885572159 0.16525332375134749 0.2573593073593074 0.50185185185185188 0.071750321750321769 7.5000000000000009 1.5000000000000002 0.12251481237656354 495.00000000000006 0.46291208791208799
decision_type=2 2 2 2 2 2 2 2 2 2 2 2 2 2 2
left_child=1 5 12 8 11 6 -1 -4 14 -7 -10 -5 -3 -6 -2
right_child=3 2 7 4 13 9 -8 -9 10 -11 -12 -13 -14 -15 -16
leaf_value=-0.0049393696414690652 0.00074634187079332056 -0.0084998266103220067 0.00050914337116759849 -0.0048159173624888908 0.0043231204868240851 0.0032604752255898603 -0.0021380331695377091 0.0050813886478488458 0.00087811431702045127 -0.0019016196250590594 0.0067167045724887131 0.0020532350762494096 -0.0014486103133308603 0.0077068468261422621 0.0092190106295719169
leaf_weight=260.91152191720903 436.39030736498535 13.26097612082958 94.406450361013412 13.44599376618862 116.34670694172382 33.244345352053642 221.85412898473442 74.914680533111095 40.092401169240475 274.46903022192419 52.842750623822212 70.562429934740067 48.911183372139931 73.711546652019024 6.5571804493665686
leaf_count=2068 1426 95 341 44 255 131 1252 180 96 1680 84 201 243 137 18
internal_value=0 -0.00189181 0.00105354 0.00238689 0.00420478 -0.00275443 -0.00365371 0.00253639 0.00145572 -0.00134183 0.00420659 0.000943317 -0.00297909 0.0056434 0.00087661
internal_weight=0 1021.97 231.493 809.949 274.067 790.479 482.766 169.321 535.883 307.713 92.9352 84.0084 62.1722 190.058 442.947
internal_count=8251 5990 859 2261 637 5131 3320 521 1624 1811 180 245 338 392 1444
is_linear=0
shrinkage=0.00655316


Tree=6
num_leaves=16
num_cat=0
split_feature=17 19 1 1 17 24 13 8 19 19 16 17 3 24 8
split_gain=171.959 56.3251 30.2325 20.1691 19.9804 19.2613 17.5429 19.4077 17.6048 16.3827 14.7445 14.5101 13.0562 11.7933 9.22518
threshold=0.26967240797028036 0.28907254361799822 0.32841268111994776 0.2573593073593074 0.50185185185185188 7.5000000000000009 0.075359675087767614 0.1178513071895425 0.1502688172043011 0.25658350658350665 0.11006979500460913 0.065129020855425962 0.014389233954451347 5.5000000000000009 0.069830544830544836
decision_type=2 2 2 2 2 2 2 2 2 2 2 2 2 2 2
left_child=1 6 4 14 12 -6 7 -1 -8 10 -4 -5 -2 -11 -3
right_child=2 3 9 11 5 -7 8 -9 -10 13 -12 -13 -14 -15 -16
leaf_value=-0.0038695862043255972 0.0029131275336079909 0.0007207434510906023 -0.00082118533308868044 -0.0054622466497737466 0.00061748860817171722 0.0067221683998337977 -0.0036100301935171292 0.00018846142816568797 -7.6216705878696142e-05 0.0025622643274712201 0.0039444940702744865 0.0039980198812201162 0.00016932071771947528 0.0067046006278412944 -0.0028365234875401
leaf_weight=439.62697928957641 95.165720324963331 81.254870740696788 42.745856896042824 7.3387107513844958 38.466665424406528 52.414742663502693 92.990241527557373 57.162207469344139 172.72076689824462 41.612972944974899 79.534269757568836 90.447135198861361 339.72617299854755 104.9803721755743 50.621576122939587
leaf_count=3200 297 324 141 39 96 84 784 293 854 108 185 266 1147 203 230
internal_value=0 -0.00181918 0.00227121 0.00102501 0.0013561 0.00414664 -0.0026759 -0.00340277 -0.00131507 0.0040579 0.00228009 0.00327655 0.000771007 0.00553477 -0.000647286
internal_weight=0 992.162 794.647 229.662 525.773 90.8814 762.5 496.789 265.711 268.873 122.28 97.7858 434.892 146.593 131.876
internal_count=8251 5990 2261 859 1624 180 5131 3493 1638 637 326 305 1444 311 554
is_linear=0
shrinkage=0.00655316


Tree=7
num_leaves=16
num_cat=0
split_feature=17 19 27 1 5 19 17 2 5 3 19 5 28 2 15
split_gain=160.485 48.5769 25.9836 24.3246 20.1691 22.0703 18.8224 18.5524 16.7396 16.2359 15.7199 20.1865 15.7492 13.2911 11.0882
threshold=0.26967240797028036 0.28907254361799822 467.00000000000006 0.32841268111994776 0.066915422885572159 0.1577144917087239 0.50185185185185188 26.500000000000004 0.071750321750321769 0.12304639804639807 0.24149502429993061 0.13245614035087722 2.5000000000000004 82.500000000000014 1.0000000180025095e-35
decision_type=2 2 2 2 2 2 2 2 2 2 2 2 2 2 2
left_child=1 4 13 6 5 -1 14 -8 -6 -4 11 -5 -12 -3 -2
right_child=3 2 9 10 8 -7 7 -9 -10 -11 12 -13 -14 -15 -16
leaf_value=-0.0049012376242920062 0.0015032850172848205 -0.0036888570990327783 0.0012294133759615279 0.0027454921769246464 0.0031383139453658657 -0.0020055947992086128 0.0061286307902320911 -0.00036778423477211913 -0.0018069717875525977 0.0064775621023148667 0.0061080925396708964 -0.0072194792154973084 0.00088495182064268578 0.0076890313536064825 -0.00078819253740204545
leaf_weight=226.85901005938649 297.90387059189379 55.586539875715971 133.6908850595355 96.244939267635345 32.998416759073734 226.18850840255618 61.012908406555653 27.248452723026276 255.26645302399993 31.045672357082367 129.52793949842453 9.3727097287774068 30.759795919060707 4.5682787038385859 130.14474857226014
leaf_count=1960 971 319 459 260 131 1360 121 59 1680 62 271 29 77 19 473
internal_value=0 -0.00178619 0.000880826 0.0022062 -0.00259532 -0.00345737 0.00137582 0.00412728 -0.00123875 0.00222633 0.0038159 0.00184703 0.00510857 -0.00279809 0.000806509
internal_weight=0 966.204 224.891 782.215 741.312 453.048 516.31 88.2614 288.265 164.737 265.905 105.618 160.288 60.1548 428.049
internal_count=8251 5990 859 2261 5131 3320 1624 180 1811 521 637 289 348 338 1444
is_linear=0
shrinkage=0.00655316


Tree=8
num_leaves=16
num_cat=0
split_feature=17 19 3 25 3 16 5 19 5 17 19 17 24 19 7
split_gain=156.988 42.3 20.3882 24.8092 18.2124 18.4554 17.8725 19.5881 18.1728 17.2655 15.0383 17.0293 14.9067 7.80841 5.63416
threshold=0.26967240797028036 0.28035087719298252 0.12248276794161374 54.500000000000007 0.16108108108108113 0.10197834352169376 0.066915422885572159 0.16525332375134749 0.071750321750321769 0.28771026031300012 0.2584651838263396 0.39504283965728276 8.5000000000000018 0.40651483050847464 17.500000000000004
decision_type=2 2 2 2 2 2 2 2 2 2 2 2 2 2 2
left_child=1 6 3 -3 5 9 7 -1 -8 -2 11 -6 -7 -4 -12
right_child=4 2 13 -5 10 12 8 -9 -10 -11 14 -13 -14 -15 -16
leaf_value=-0.0047038065729126371 0.0032803658744133411 -0.0028328366124715206 0.0062207384324059721 0.0018004148177091237 -0.0036039573792383786 0.0015283069262654833 0.003290512105538752 -0.0018954294646882123 -0.001904292989859376 -0.0012207504686849446 0.0063907351086428836 0.0078978712389873966 0.0037692110832927626 -0.0017003961899080835 0.01247251225837032
leaf_weight=234.56358175724745 51.0152672752738 88.703432165086269 32.435116682201624 112.05768727138638 13.637314416468145 292.50691272690892 32.599399991333485 196.39330219291151 243.24579794332385 127.75944441556931 38.753947630524635 8.9594665318727476 226.52866965904832 6.2824023514986029 8.1502071619033796
leaf_count=2068 181 433 87 406 48 821 127 1201 1646 516 87 19 574 22 15
internal_value=0 -0.00178591 0.000593904 -0.000247596 0.00220233 0.0018824 -0.00259218 -0.00342574 -0.00128806 6.62629e-05 0.00539728 0.000990414 0.00250761 0.0049327 0.00750463
internal_weight=0 946.281 239.479 200.761 767.311 697.81 706.802 430.957 275.845 178.775 69.5009 22.5968 519.036 38.7175 46.9042
internal_count=8251 5990 948 839 2261 2092 5042 3269 1773 697 169 67 1395 109 102
is_linear=0
shrinkage=0.00655316


Tree=9
num_leaves=16
num_cat=0
split_feature=17 13 1 8 24 25 17 16 25 1 7 24 13 9 17
split_gain=141.452 35.1086 24.6242 19.6529 32.9296 18.8904 19.2572 15.2594 16.5853 11.4746 10.5931 9.04828 19.4351 11.5774 7.77373
threshold=0.26967240797028036 0.075009104151493103 0.32841268111994776 0.11078811369509045 4.5000000000000009 53.500000000000007 0.50185185185185188 1.0000000180025095e-35 55.500000000000007 0.40842894969108567 116.50000000000001 2.5000000000000004 0.11703906639151784 0.21130390590968492 0.31865980421838741
decision_type=2 2 2 2 2 2 2 2 2 2 2 2 2 2 2
left_child=1 3 5 9 -5 14 -7 8 -3 -1 -9 12 -4 -13 -2
right_child=2 7 11 4 -6 6 -8 10 -10 -11 -12 13 -14 -15 -16
leaf_value=-0.0035776061365647752 -0.00087453253465282562 -0.0050918457166472374 0.0038385860237660357 0.0058010096890989613 -0.0028208752188991046 0.00084850460212587111 0.0042904450074828151 0.00076879048449985754 0.0033872513889739919 1.4453989713469063e-05 -0.0042794493330998752 0.002599217037860486 -0.0073121403597091557 0.0055857190640461957 -0.012212145852978626
leaf_weight=435.89064541831613 4.5883568674325925 44.693604277446866 21.685741357505325 28.971171833574772 54.326445611193776 410.20375500805676 83.937472686171532 285.14541995897889 12.528464116156099 41.848110772669315 18.808093767613173 104.96200885623693 9.4406816363334638 120.49703923612833 5.8736084550619125
leaf_count=3337 16 347 54 117 293 1411 176 1494 60 221 121 272 34 277 21
internal_value=0 -0.00172561 0.00209054 -0.00275117 0.000185624 0.00124905 0.00143495 -0.000131773 -0.00322898 -0.00326308 0.00045332 0.00374273 0.00042682 0.00419955 -0.00736906
internal_weight=0 922.212 761.189 561.036 83.2976 504.603 494.141 361.176 57.2221 477.739 303.954 256.585 31.1264 225.459 10.462
internal_count=8251 5990 2261 3968 410 1624 1587 2022 407 3558 1615 637 88 549 37
is_linear=0
shrinkage=0.00655316


Tree=10
num_leaves=16
num_cat=0
split_feature=17 27 13 27 17 4 13 13 3 14 24 10 24 17 24
split_gain=131.538 45.1031 26.3379 21.9869 21.5827 38.7196 19.0507 17.5379 16.9274 15.4135 14.7363 12.7413 12.1721 10.487 10.0363
threshold=0.26967240797028036 463.00000000000006 0.075009104151493103 487.00000000000006 0.32620137299771174 0.18872737774355028 0.073440226476797127 0.033395291201982653 0.16108108108108113 0.26674140508221228 8.5000000000000018 -1.0000000180025095e-35 7.5000000000000009 0.10029585798816569 12.500000000000002
decision_type=2 2 2 2 2 2 2 2 2 2 2 2 2 2 2
left_child=1 7 6 8 5 -5 -3 13 10 -9 -2 -4 -6 -1 -10
right_child=3 2 11 4 12 -7 -8 9 14 -11 -12 -13 -14 -15 -16
leaf_value=-0.011263457002456543 -0.00050149607275718259 -0.0014548572741115535 0.0014612969637986266 -0.0054730027070381071 0.0028744723894193309 0.0032820573648417693 -0.0090804473351212625 -0.0021412355503860575 0.0068902315185467482 -0.0059950159038830554 0.0020668434114132017 -0.0041647851321962737 0.0059484524387586404 -0.0050256504256632134 -0.0021517668932663496
leaf_weight=17.438113041222095 217.83871465921402 329.49407914467156 225.6556289549917 29.666226282715797 109.21699954941869 78.813733838498592 14.475630117580293 205.4260692037642 29.753480833023787 56.899334594607353 171.09931276738644 18.492265596985817 113.67171101644635 36.013523539528251 6.2782351821660987
leaf_count=225 746 2195 1077 117 301 215 100 1543 73 455 520 123 271 272 18
internal_value=0 -0.0016871 -0.000613916 0.00201614 0.00328099 0.000881056 -0.00178178 -0.00368388 0.00102859 -0.00298179 0.000628896 0.00103153 0.00444684 -0.00710125 0.00531076
internal_weight=0 903.895 588.118 756.338 331.369 108.48 343.97 315.777 424.97 262.325 388.938 244.148 222.889 53.4516 36.0317
internal_count=8251 5990 3495 2261 904 332 2295 2495 1357 1998 1266 1200 572 497 91
is_linear=0
shrinkage=0.00655316


Tree=11
num_leaves=16
num_cat=0
split_feature=17 18 1 2 18 18 0 17 25 18 25 25 9 18 1
split_gain=122.848 49.2088 41.093 30.3062 24.658 20.0923 23.3329 18.6536 18.5046 16.7051 11.5788 10.51 9.48185 14.2187 8.56222
threshold=0.30658043903947235 0.10035971223021585 0.30793420416061928 62.500000000000007 0.15170694284618338 0.11528393072895692 0.1937148217636023 0.26967240797028036 53.500000000000007 0.10357598978288635 55.500000000000007 55.500000000000007 0.12556306306306309 0.21458087367178277 0.32330316742081455
decision_type=2 2 2 2 2 2 2 2 2 2 2 2 2 2 2
left_child=1 3 9 11 5 8 -7 -5 -2 -3 -4 -1 13 -6 -14
right_child=4 2 10 7 12 6 -8 -9 -10 -11 -12 -13 14 -15 -16
leaf_value=-0.003081202025964879 -0.0083863807360061039 0.0063908672889932258 0.0031894867429630271 -0.00029721486221234153 -0.0063399374464730429 -0.0027948084898755912 0.006903802093405729 0.0064712870924876712 0.0025047171686264687 -0.0015443576084486143 0.0083978679317007043 -0.0011521780793530331 0.0043818078414816549 0.0049207089775293736 0.0083980586993432343
leaf_weight=534.28092628158629 6.593746203929185 12.157815687358378 70.230593401938677 80.578397842124104 7.208448693156245 67.851304680109024 12.398632586002348 22.089145559817553 384.44404349476099 141.38193189166486 24.875384796410799 157.41720366850495 64.21604373306036 13.416170522570608 36.254623010754585
leaf_count=4033 27 38 232 467 29 188 27 64 1181 653 55 1010 140 29 78
internal_value=0 -0.00135349 0.00118983 -0.0021497 0.00238268 0.00170335 -0.00128048 0.00117041 0.00231612 -0.000907153 0.0045692 -0.00264275 0.00501809 0.00095752 0.00584737
internal_weight=0 1043.01 248.646 794.366 592.383 471.288 80.2499 102.668 391.038 153.54 95.106 691.698 121.095 20.6246 100.471
internal_count=8251 6552 978 5574 1699 1423 215 531 1208 691 287 5043 276 58 218
is_linear=0
shrinkage=0.00655316


Tree=12
num_leaves=15
num_cat=0
split_feature=17 13 27 27 27 17 27 23 13 14 16 0 17 16
split_gain=116.259 47.5917 22.6802 23.0727 21.0873 20.3666 19.1009 16.1348 15.0625 14.5647 13.7234 12.6758 12.3377 9.4355
threshold=0.30658043903947235 0.075009104151493103 469.00000000000006 465.00000000000006 445.00000000000006 0.27555037763136753 477.00000000000006 6.5000000000000009 0.038554440728353782 0.27809068759295008 0.33615819209039549 0.09920509747019117 0.62701662943658487 0.11730119318573697
decision_type=2 2 2 2 2 2 2 2 2 2 2 2 2 2
left_child=1 6 3 7 5 -3 11 -2 -8 -6 12 -1 -4 -5
right_child=2 4 10 13 9 -7 8 -9 -10 -11 -12 -13 -14 -15
leaf_value=-0.004182337439711489 -0.00012981712631867086 -0.0053176157100793091 0.0030558928009223512 -0.0011439744810845429 0.0020522781147959504 0.0046809069322796878 0.0010167703527370654 0.0040631787865955081 -0.0022761586192008008 -0.00055872127757538822 -0.0065623990686187851 -0.00071929714922074203 0.0074797989920494115 -0.0091746374765260368
leaf_weight=268.60685240849853 109.80717551335692 45.228260435163975 354.60612966492772 12.175783567130567 209.04993866756558 10.639212287962435 86.375242296606302 61.224083766341209 191.75570286251605 163.20808905549347 5.8246150612831107 54.750239180400968 29.239311452955008 12.923272863030432
leaf_count=2174 391 405 1001 40 1052 33 556 157 1154 792 21 386 48 41
internal_value=0 -0.00132597 0.00233015 0.000511736 0.000343935 -0.00340174 -0.00251426 0.00137462 -0.00125349 0.000907891 0.00324452 -0.00359696 0.00339728 -0.005326
internal_weight=0 1029.61 585.8 196.13 428.126 55.8675 601.488 171.031 278.131 372.258 389.67 323.357 383.845 25.0991
internal_count=8251 6552 1699 629 2282 438 4270 548 1710 1844 1070 2560 1049 81
is_linear=0
shrinkage=0.00655316


Tree=13
num_leaves=16
num_cat=0
split_feature=17 18 18 3 26 1 18 14 14 6 3 1 14 14 3
split_gain=113.966 39.6764 33.5732 17.712 15.113 21.7709 14.8408 13.8721 11.9368 15.9506 14.2995 11.4084 14.3037 8.8173 7.57979
threshold=0.26967240797028036 0.047745694022289772 0.15415884928080054 0.12650953004510407 1.0000000180025095e-35 0.40651483050847464 0.11528393072895692 0.27738155241935486 0.28130941064638787 0.20332093151439992 0.08776208814719727 0.32330316742081455 0.23601185918704168 0.31024042427636378 -1.0000000180025095e-35
decision_type=2 2 2 2 2 2 2 2 2 2 2 2 2 2 2
left_child=1 4 8 6 14 -6 -3 -5 10 -10 -2 12 -4 -13 -1
right_child=2 3 11 7 5 -7 -8 -9 9 -11 -12 13 -14 -15 -16
leaf_value=0.0026075032134330292 0.0014023719765191257 -0.0015795165651969756 0.0052700983423263764 0.0068307160970530831 -0.0056202984445299971 0.00157461271483123 0.0010857097589183882 1.7362986471807567e-06 0.00095314245536082406 0.0049613911331496821 -0.0012690627607852411 0.0093329711506010011 -0.00042679694174681081 0.0032166964252011029 -0.0023707105967964146
leaf_weight=13.771828107535837 303.19740885868669 293.38927308470011 58.203709676861763 24.598645832389593 139.32596330158412 20.639572376385331 128.99996850639582 26.310912426561117 98.933711007237434 74.887389749288559 119.89434714615345 32.79604035615921 27.939434364438057 15.095157623291014 221.27129063755274
leaf_count=85 1065 1926 136 93 1369 120 539 114 254 201 405 66 93 41 1744
internal_value=0 -0.00160485 0.00190633 -0.000324725 -0.00313756 -0.00469097 -0.00076537 0.00331779 0.00123975 0.00268444 0.000645045 0.00486748 0.00342615 0.00743045 -0.00207667
internal_weight=0 868.307 730.947 473.299 395.009 159.966 422.389 50.9096 596.913 173.821 423.092 134.034 86.1431 47.8912 235.043
internal_count=8251 5990 2261 2672 3318 1489 2465 207 1925 455 1470 336 229 107 1829
is_linear=0
shrinkage=0.00655316


Tree=14
num_leaves=16
num_cat=0
split_feature=16 18 18 0 25 2 26 0 18 3 18 18 0 8 3
split_gain=93.8907 38.7618 27.98 20.4453 18.3691 17.1346 18.4871 10.7137 9.10003 15.8001 11.048 8.55772 7.92168 6.93047 4.09866
threshold=0.10197834352169376 0.10035971223021585 0.15415884928080054 0.088998899889989005 54.500000000000007 63.500000000000007 1.0000000180025095e-35 0.15735930735930739 0.14330357142857145 0.07867010499171119 0.027118955690384267 0.17425273749630071 0.40833333333333338 0.080797053504477093 0.10535266738274258
decision_type=2 2 2 2 2 2 2 2 2 2 2 2 2 2 2
left_child=1 5 8 4 -3 6 -1 -7 10 -10 -2 14 -5 -13 -4
right_child=2 3 11 12 -6 7 -8 -9 9 -11 -12 13 -14 -15 -16
leaf_value=-0.0014042568234520349 -0.00040829947380030069 -0.0034706040979127716 0.0059896331550036812 0.0027250988995013012 0.0014593101708255296 0.00022958116613900847 -0.0036171974403124601 0.010598382829057633 -0.011063135385981464 0.0016002221325124529 0.0021213173157702829 0.002080408911420709 0.0088398227483624751 0.0066106401645050234 0.010564075435442185
leaf_weight=412.86784070171416 93.443441733717918 54.634052582085133 29.577853456139565 90.927890926599503 79.242882139980793 87.801676150411367 267.2943720035255 4.2644205689430228 6.5400570705533054 11.134873583912848 357.38166124001145 43.53059609234333 9.960848316550253 21.79466325044632 12.722640708088873
leaf_count=2843 353 313 59 308 314 488 2205 10 28 31 1073 116 24 60 26
internal_value=0 -0.00120705 0.00210939 0.00112392 -0.000555038 -0.00191582 -0.00227487 0.000735718 0.00141573 -0.00316867 0.00159704 0.00511921 0.00334804 0.00361026 0.00741646
internal_weight=0 1006.99 576.126 234.766 133.877 772.228 680.162 92.0661 468.5 17.6749 450.825 107.626 100.889 65.3253 42.3005
internal_count=8251 6505 1746 959 627 5546 5048 498 1485 59 1426 261 332 176 85
is_linear=0
shrinkage=0.00655316


Tree=15
num_leaves=16
num_cat=0
split_feature=17 13 8 14 0 17 0 17 16 25 9 16 16 9 16
split_gain=99.7455 24.8931 21.8723 18.0692 15.943 26.7106 18.3055 15.9617 13.2453 15.1527 11.2375 10.9115 16.0703 15.4672 10.7841
threshold=0.26461100569259971 0.075009104151493103 0.10083339120772276 0.18316310578426268 0.10916730328495035 0.30658043903947235 0.10194633408919125 0.28771026031300012 1.0000000180025095e-35 55.500000000000007 0.18403842876618953 0.080240325024101375 0.096845246553929246 0.18863786825554454 0.077088147903598567
decision_type=2 2 2 2 2 2 2 2 2 2 2 2 2 2 2
left_child=1 2 14 -4 5 7 -7 -2 9 -3 -10 13 -13 -6 -1
right_child=4 8 3 -5 11 6 -8 -9 10 -11 -12 12 -14 -15 -16
leaf_value=-0.0034774499777302618 0.00016989223985312 -0.0050765178243899175 0.0037895302798371055 -0.0022312576102097551 -0.00077495769243119078 0.0020631296266511974 -0.0067145876635307323 -0.0053013246516542918 0.0022164180215462552 0.0032972745532620731 -0.00054159509021728348 -0.002393722325083406 0.0032038694344952712 0.0092002667633972052 -0.00034706232252599255
leaf_weight=366.20359920337796 56.458569794893265 40.372040605172515 39.63808830268681 45.991239581257105 9.0407728552818281 379.4426316395402 10.259848102927206 38.268801294267178 97.088597018271685 11.848967060446737 182.04017060436308 24.722107231616974 190.76996360719204 24.892972521483898 54.327956348657608
leaf_count=3157 223 347 213 252 28 1160 41 195 572 60 1022 98 514 55 314
internal_value=0 -0.0015453 -0.00245906 0.000558426 0.0017635 0.00106952 0.0018281 -0.00204798 -0.000148677 -0.00317007 0.000418743 0.00310903 0.00255974 0.00655532 -0.00307348
internal_weight=0 837.511 506.161 85.6293 733.856 484.43 389.702 94.7274 331.35 52.221 279.129 249.426 215.492 33.9337 420.532
internal_count=8251 5937 3936 465 2314 1619 1201 418 2001 407 1594 695 612 83 3471
is_linear=0
shrinkage=0.00655316


Tree=16
num_leaves=16
num_cat=0
split_feature=17 18 18 3 5 6 0 5 25 16 6 14 1 16 14
split_gain=96.417 35.4346 29.1597 18.2447 17.8602 15.8665 14.9488 19.0307 13.6111 12.5494 10.9044 9.78058 9.6832 12.7789 7.93091
threshold=0.26461100569259971 0.047745694022289772 0.15415884928080054 0.12650953004510407 0.093673029556650259 0.23244068592905806 0.11639196206818696 0.18065268065268067 53.500000000000007 0.015444245676803818 0.091507177033492829 0.27738155241935486 0.32330316742081455 0.10197834352169376 0.31024042427636378
decision_type=2 2 2 2 2 2 2 2 2 2 2 2 2 2 2
left_child=1 4 6 9 10 -6 8 -8 -2 -3 -1 -5 13 -4 -14
right_child=2 3 12 11 5 -7 7 -9 -10 -11 -12 -13 14 -15 -16
leaf_value=-0.0025096355512492009 -0.0085017131934608803 -0.0032019800103873027 -0.0016772578845143495 0.0064162471313581717 -0.0058940872519405831 0.00096558510221355428 0.003195862375518139 -0.0064379333981946672 0.00059124519804506267 -0.00019454133130214943 -0.0050577868025546754 0.00050397268921037778 0.0087056980454570734 0.0044887669250835193 0.0028809756742659599
leaf_weight=144.83204267732799 6.9601436741650096 72.521157462149858 18.177058361470699 24.391887582838535 17.943310977891088 70.963005054742098 169.96619755215943 9.0709561556577665 405.59953728690743 329.35252886079252 145.29605073481798 23.556434407830238 32.393906787037849 67.898766249418259 14.964697718620299
leaf_count=1212 35 511 71 92 177 517 486 34 1415 1926 1390 112 69 163 41
internal_value=0 -0.00152651 0.00174504 -0.000282344 -0.00300192 -0.000430646 0.00111991 0.00269991 0.000433066 -0.000738833 -0.00378884 0.00352843 0.00450972 0.00318553 0.00688867
internal_weight=0 828.856 725.031 449.822 379.034 88.9063 591.597 179.037 412.56 401.874 290.128 47.9483 133.434 86.0758 47.3586
internal_count=8251 5937 2314 2641 3296 694 1970 520 1450 2437 2602 204 344 234 110
is_linear=0
shrinkage=0.00655316


Tree=17
num_leaves=16
num_cat=0
split_feature=19 13 2 8 2 25 25 9 13 19 19 9 19 8 24
split_gain=94.1608 21.1791 22.4923 17.3994 17.0909 16.5403 14.8005 26.6279 17.0813 13.5318 12.5509 17.5063 12.0755 10.0079 8.42503
threshold=0.19061381778144784 0.13241848463523345 62.500000000000007 0.1178513071895425 53.500000000000007 54.500000000000007 55.500000000000007 0.21177553894485973 0.074426130804545812 0.26198686371100172 0.13652714192282542 0.29426694535682302 0.34802018633540377 0.1306379520520114 14.500000000000002
decision_type=2 2 2 2 2 2 2 2 2 2 2 2 2 2 2
left_child=3 2 4 6 -2 9 8 -8 -1 -3 11 -5 -4 -12 -7
right_child=1 5 12 10 -6 14 7 -9 -10 -11 13 -13 -14 -15 -16
leaf_value=-0.0040708399936918542 0.00065958132711847989 -0.0081350895258942846 0.0021304768486314187 -0.0084024108262619399 -0.0051024246867343 0.0067350922406323776 -0.0028038428623108954 0.003546351988112555 -0.0012996440980406398 0.0023959280698334778 0.0097822521815114413 0.0015924320814109851 0.0064009802719840504 0.0017178326411615471 -0.0012254506404172846
leaf_weight=254.95654851943254 677.43573737516999 6.3234476894140235 100.8935535531491 10.928574079647658 22.618310540914536 60.92014205083251 75.17818577773869 45.213145133107901 153.16138117015362 25.828346483409405 9.0342644006013852 22.917159147560596 39.607330054044724 23.514901485294104 6.2222235202789298
leaf_count=2162 2977 46 349 118 123 161 544 259 1036 87 30 132 115 95 17
internal_value=0 0.0012913 0.000952512 -0.00203974 0.000471752 0.0041501 -0.00243688 -0.000416681 -0.00303221 0.000280459 0.00111885 -0.00167028 0.00334308 0.00401053 0.00599554
internal_weight=0 939.849 840.555 594.904 700.054 99.2942 528.509 120.391 408.118 32.1518 66.3949 33.8457 140.501 32.5492 67.1424
internal_count=8251 3875 3564 4376 3100 311 4001 803 3198 133 375 250 464 125 178
is_linear=0
shrinkage=0.00655316


Tree=18
num_leaves=16
num_cat=0
split_feature=16 18 1 18 27 27 18 16 13 13 18 8 14 4 14
split_gain=78.381 35.8321 43.7042 27.666 25.542 20.6378 27.6107 20.1941 19.2058 15.022 13.42 11.0453 10.5184 15.4675 13.7888
threshold=0.10197834352169376 0.10035971223021585 0.20468236582694418 0.15415884928080054 463.00000000000006 479.00000000000006 0.11741727941176472 0.32515060240963861 0.14979723850334106 0.033395291201982653 0.11070261437908498 0.21583850931677021 0.23216731898238749 0.20693954768251785 0.27180347616589234
decision_type=2 2 2 2 2 2 2 2 2 2 2 2 2 2 2
left_child=1 4 10 5 9 6 -2 -7 -6 -1 -3 -4 13 -5 -14
right_child=3 2 11 12 8 7 -8 -9 -10 -11 -12 -13 14 -15 -16
leaf_value=-0.0070834147798571013 0.00072491603105329149 0.0031441072731013147 0.0038681652987277602 0.0037102218204527063 -0.0012439357905029954 0.00288820662905082 -0.0060383660494608971 -0.0085625736062481857 0.0046006208555589489 -0.002789737766443682 -0.0034881454091171145 -0.0065373709555098438 -0.0020064918511226949 0.010603905651844655 0.005329806450142846
leaf_weight=41.740466667339206 183.18139983154833 15.646413743495939 130.4059336297214 30.795039758086205 457.56506747193635 234.37405088543892 29.953298330307007 6.5828085392713538 25.260676320642233 215.96012189611793 75.556810367852449 4.3259040862321845 17.022241197526455 25.993581622838974 30.353151455521584
leaf_count=466 652 71 465 71 3145 706 102 25 90 1845 404 19 52 48 90
internal_value=0 -0.00112917 0.00115433 0.00195448 -0.00182602 0.00125435 -0.000231139 0.0025673 -0.00093605 -0.00349105 -0.00234509 0.0035232 0.00499685 0.00689649 0.00269676
internal_weight=0 966.461 225.935 558.256 740.526 454.092 213.135 240.957 482.826 257.701 91.2032 134.732 104.164 56.7886 47.3754
internal_count=8251 6505 959 1746 5546 1485 754 731 3235 2311 475 484 261 119 142
is_linear=0
shrinkage=0.00655316


Tree=19
num_leaves=16
num_cat=0
split_feature=17 27 1 27 0 17 14 13 17 24 1 14 13 1 1
split_gain=89.6934 35.7883 19.4195 18.4693 17.4014 40.2298 15.4965 15.3621 13.29 20.9666 12.4847 12.1757 15.0761 10.14 7.47762
threshold=0.26461100569259971 463.00000000000006 0.28140169902912626 487.00000000000006 0.083771929824561414 0.32620137299771174 0.13837970540098202 0.14818289208533111 0.56383822363203817 7.5000000000000009 0.34802018633540377 0.26674140508221228 0.071855098853503802 0.63068181818181823 0.38924963924963935
decision_type=2 2 2 2 2 2 2 2 2 2 2 2 2 2 2
left_child=1 11 7 8 5 -5 -4 -3 10 -10 -2 12 -1 -6 -13
right_child=3 2 6 4 13 -7 -8 -9 9 -11 -12 14 -14 -15 -16
leaf_value=-0.0039102017150263952 -0.00038456103175536538 -0.0016349483697764553 -0.011514736418742144 -0.0036663477880244386 0.0051728662508416798 0.0034872735463526631 0.001562078179565075 0.0060350690576235818 -0.0010800938981891503 0.0077130073997967018 0.0024567986378655851 -0.0076118050180371032 -0.00028143438930362189 -0.0012517364008445121 -0.0017984158071477556
leaf_weight=150.77886738628149 261.6697491183877 341.28833232447505 3.7476802580058566 46.563833002001047 126.73366677761078 121.05714661628008 173.95715099945664 11.367345519363878 19.990391306579113 27.483445897698402 88.737229742109776 40.094790270552039 72.967360612004995 11.414244860410689 12.665130686014889
leaf_count=1496 1016 2505 39 207 347 338 867 49 57 50 264 377 510 35 94
internal_value=0 -0.00149103 -0.000493976 0.00170968 0.00292022 0.00149765 0.0012714 -0.00138384 0.000778184 0.00402313 0.000336126 -0.00340139 -0.00272838 0.00464076 -0.00623062
internal_weight=0 806.867 530.361 703.65 305.769 167.621 177.705 352.656 397.881 47.4738 350.407 276.506 223.746 138.148 52.7599
internal_count=8251 5937 3460 2314 927 545 906 2554 1387 107 1280 2477 2006 382 471
is_linear=0
shrinkage=0.00655316


Tree=20
num_leaves=16
num_cat=0
split_feature=19 17 1 17 27 17 18 23 15 27 12 2 4 6 19
split_gain=83.7713 32.0585 30.0743 26.2292 17.947 13.7537 13.6908 14.8911 13.0883 12.674 11.1335 11.0664 15.3722 14.5357 5.70285
threshold=0.19061381778144784 0.32439620471535374 0.3872420807904679 0.26461100569259971 465.00000000000006 0.2858656174334141 0.13652714192282542 7.5000000000000009 1.0000000180025095e-35 421.00000000000006 1.0000000180025095e-35 20.500000000000004 0.1167748917748918 0.22373021715126981 0.40651483050847464
decision_type=2 2 2 2 2 2 2 2 2 2 2 2 2 2 2
left_child=1 4 3 9 10 -6 7 -4 -5 -2 -1 12 -3 -13 -8
right_child=2 11 6 8 5 -7 14 -9 -10 -11 -12 13 -14 -15 -16
leaf_value=-0.0048407215463185183 -0.009925858979016591 -0.0033016652689396085 0.0013519240512584088 0.0025058553905784736 -0.0012605387244692642 -0.0061923231853294111 0.0075354831004222208 0.0080346724316648788 -5.9989147536098482e-05 -0.00055450935460230652 0.0012160878836909464 -0.005085497320215882 0.0043959365144357974 0.0034345896768023243 0.003300837376265102
leaf_weight=160.40044892393053 6.0852473229169837 13.757282845675944 100.87718610838056 289.0351782515645 271.63640302792192 26.465532079339027 41.090953692793846 16.485677100718021 121.0959919244051 322.7704319730401 14.089844655245541 21.036335457116365 55.20319552347064 14.222582735121248 21.283459164202213
leaf_count=1672 80 79 360 870 2037 141 100 45 396 1961 110 94 186 57 63
internal_value=0 -0.00195693 0.00122882 0.000643542 -0.00268221 -0.00170295 0.00363116 0.00230489 0.00174864 -0.000734912 -0.00435061 0.0013305 0.00285418 -0.00164847 0.00610849
internal_weight=0 576.812 918.724 738.987 472.592 298.102 179.737 117.363 410.131 328.856 174.49 104.219 68.9605 35.2589 62.3744
internal_count=8251 4376 3875 3307 3960 2178 568 405 1266 2041 1782 416 265 151 163
is_linear=0
shrinkage=0.00655316


Tree=21
num_leaves=16
num_cat=0
split_feature=17 19 27 27 0 17 19 4 5 19 5 19 16 19 16
split_gain=82.3419 37.9692 20.6849 15.0703 16.8384 36.6824 19.2906 13.7224 13.0765 19.606 17.7113 12.294 13.7158 11.2659 7.80409
threshold=0.26461100569259971 0.28907254361799822 467.00000000000006 487.00000000000006 0.083771929824561414 0.32235697087983278 0.25765385816932213 0.18203058623619375 0.066915422885572159 0.15667146196727211 0.072821969696969704 0.050252525252525264 0.25032981530343013 -1.0000000180025095e-35 0.01092928810320115
decision_type=2 2 2 2 2 2 2 2 2 2 2 2 2 2 2
left_child=1 8 7 11 5 -5 -6 -3 9 -1 -10 13 -13 -2 -4
right_child=3 2 14 4 6 -7 -8 -9 10 -11 -12 12 -14 -15 -16
leaf_value=-0.004448613524734679 0.0044958703730868209 -0.0078945859697814123 -0.0015628288611037409 -0.0039949170295612161 0.0015745169569137787 0.003123166568078367 0.0065464095616360645 -0.00020947780002093501 0.0038138084567088831 -0.0014773328171491763 -0.0016515520413491701 0.00056531591769676942 0.0044719853059675936 -0.0088157074998134188 0.0033384256403539252
leaf_weight=188.6814356027171 3.5630135312676421 13.321231894195078 15.87489430233836 41.279368914663792 58.285582985728979 123.71664054691792 79.237485527992249 37.858028195798397 28.741390377283096 193.32498282194138 210.2737392783165 329.10916386172175 43.502767384052277 9.9472349956631643 107.88060520961881
leaf_count=1939 11 111 101 193 181 352 201 223 144 1358 1654 1182 109 85 407
internal_value=0 -0.00143532 0.0012601 0.00165892 0.00275367 0.00133913 0.00444555 -0.00223692 -0.0021948 -0.00294677 -0.000991208 0.000800034 0.00102398 -0.0052876 0.00270787
internal_weight=0 795.956 174.935 688.641 302.519 164.996 137.523 51.1793 621.022 382.006 239.015 386.122 372.612 13.5102 123.755
internal_count=8251 5937 842 2314 927 545 382 334 5095 3297 1798 1387 1291 96 508
is_linear=0
shrinkage=0.00655316


Tree=22
num_leaves=16
num_cat=0
split_feature=17 27 18 13 27 27 13 13 9 24 18 0 15 28 9
split_gain=77.2105 28.5255 24.6556 17.2245 16.839 16.366 13.9524 12.7248 11.6461 16.3159 13.5048 11.6134 8.67276 14.0946 11.3432
threshold=0.26461100569259971 463.00000000000006 0.15415884928080054 0.08493649031939822 531.00000000000011 513.00000000000011 0.070425435645172535 0.038554440728353782 0.31216397849462368 8.5000000000000018 0.11787864752200093 0.1151635720601238 0.0058593750000000009 1.5000000000000002 0.1956984273820537
decision_type=2 2 2 2 2 2 2 2 2 2 2 2 2 2 2
left_child=1 8 4 7 11 -5 -6 -3 10 -10 -1 -2 14 -14 -4
right_child=2 3 12 5 6 -7 -8 -9 9 -11 -12 -13 13 -15 -16
leaf_value=-0.0042556670397125226 6.2090725363969082e-05 0.00059555763989787116 0.0026441651184359277 0.0021450143448721553 -1.5410006987492375e-05 -0.0039136829160777865 0.0082781614336517474 -0.0020925540148828679 0.0039247061825357669 -0.0053710337488232463 0.00063148224931197715 0.0021917542780294161 -0.0051883712696742194 0.0058289214115579994 0.0069468297818028298
leaf_weight=203.76159249339253 360.84178433194757 107.3690148126334 49.477013245224953 136.0472414791584 13.706735745072363 22.05449914932251 23.651071153581142 254.79715333506465 21.294818751513958 12.773364894092081 27.494974825531244 157.93669098615646 9.958925589919092 9.5269677042961103 57.112902566790581
leaf_count=2103 1362 791 130 738 52 123 55 1808 115 92 167 501 35 24 155
internal_value=0 -0.00140041 0.00161255 -0.000508128 0.00101842 0.00129524 0.00525391 -0.00129573 -0.00314804 0.000426227 -0.00367453 0.00071116 0.00422651 0.000202989 0.00495991
internal_weight=0 785.593 682.212 520.268 556.136 158.102 37.3578 362.166 265.325 34.0682 231.257 518.778 126.076 19.4859 106.59
internal_count=8251 5937 2314 3460 1970 861 107 2599 2477 207 2270 1863 344 59 285
is_linear=0
shrinkage=0.00655316


Tree=23
num_leaves=16
num_cat=0
split_feature=19 16 16 1 14 18 1 19 3 18 0 13 2 2 16
split_gain=75.8579 32.9646 25.2113 18.8873 26.1171 18.2075 14.5612 16.8433 14.3586 12.6898 13.2789 10.2025 9.69129 9.1324 7.55393
threshold=0.19061381778144784 0.051899951899951911 0.10920520968184851 0.33079814921920186 0.21689700245267227 0.073252032520325208 0.22046360917248256 0.20541829745596871 0.22431865828092246 0.079042029534267325 0.12650953004510407 0.070715377458798523 14.500000000000002 89.500000000000014 0.10647267990423885
decision_type=2 2 2 2 2 2 2 2 2 2 2 2 2 2 2
left_child=2 6 9 4 -3 -5 7 -2 -8 14 -11 12 -4 -13 -1
right_child=1 3 11 5 -6 -7 8 -9 -10 10 -12 13 -14 -15 -16
leaf_value=-0.0027229710184847556 0.0028017600329193 0.0028907144254170245 0.00077756125389481345 0.00038206727343872743 -0.00034690190318488381 0.0047758576929056093 0.00031458727013776553 -0.0034679403656463332 0.011880825988081538 -0.0012517465602485658 0.0088945584819985195 0.0037389465545086794 -0.0055460438752334019 -0.0034726139254505801 -0.0097784491186002406
leaf_weight=421.26719691418111 22.128733154386282 204.55342821031809 30.715229913592339 55.214344087988138 223.96852645277977 152.25838933512568 128.77185722999275 104.64602903276682 4.5460829436779013 17.632905164733533 7.809679862111806 52.553771112114191 15.468688432127236 8.6066521108150464 6.4240239933133116
leaf_count=3732 152 770 140 205 882 444 665 744 13 129 29 181 92 31 42
internal_value=0 0.00118265 -0.00189051 0.00198622 0.00119928 0.00360834 -0.00078228 -0.00237033 0.000729274 -0.00256673 0.00191526 0.000963326 -0.00135762 0.00271456 -0.00283428
internal_weight=0 896.087 560.478 635.995 428.522 207.473 260.093 126.775 133.318 453.134 25.4426 107.344 46.1839 61.1604 427.691
internal_count=8251 3875 4376 2301 1652 649 1574 896 678 3932 158 444 232 212 3774
is_linear=0
shrinkage=0.00655316


Tree=24
num_leaves=16
num_cat=0
split_feature=19 17 1 17 18 26 24 8 18 28 14 8 14 1 8
split_gain=73.6634 28.9908 26.662 21.996 15.6562 15.044 14.4034 13.7058 12.9965 11.273 10.7055 14.9803 12.7561 7.82465 7.30259
threshold=0.19061381778144784 0.32439620471535374 0.3872420807904679 0.26461100569259971 0.086747491638795998 1.0000000180025095e-35 9.5000000000000018 0.1178513071895425 0.13652714192282542 3.5000000000000004 0.20811864096461177 0.091490982357855424 0.29128324187420856 0.39715954875100729 0.084240094618568906
decision_type=2 2 2 2 2 2 2 2 2 2 2 2 2 2 2
left_child=1 4 3 9 7 -5 8 -1 -4 -2 11 -3 -12 -8 -6
right_child=2 10 6 5 14 -7 13 -9 -10 -11 12 -13 -14 -15 -16
leaf_value=-0.0032460148263462538 -0.00011524322439985373 0.0001230061267368077 0.00026559355227025861 0.0024774749516049176 0.00064327169033447638 -0.00027694263581927523 0.011088552316124068 0.00053430463220382476 0.0052185044328858215 -0.0033722816370937462 0.0042069879302079798 -0.011966134428716689 -0.00218311775868374 0.0048063206978630367 0.0095684364005546307
leaf_weight=387.14090734161437 262.33772631362081 25.244949992746118 69.805091302841902 276.10551625490189 14.062556905671956 123.01000727713108 9.8907212316989881 46.012894643470645 33.539531528949738 55.016312398016453 54.474388901144266 5.0948015078902236 17.60705591738224 62.046390477567911 5.2544737458229056
leaf_count=3529 1700 145 262 850 90 416 14 324 102 341 179 24 68 190 17
internal_value=0 -0.00187417 0.00116639 0.00060539 -0.0025866 0.00162886 0.00345555 -0.00284435 0.00188129 -0.000681987 0.0012718 -0.00198317 0.00264396 0.0057035 0.00315733
internal_weight=0 554.892 891.751 716.47 452.471 399.116 175.282 433.154 103.345 317.354 102.421 30.3398 72.0814 71.9371 19.317
internal_count=8251 4376 3875 3307 3960 1266 568 3853 364 2041 416 169 247 204 107
is_linear=0
shrinkage=0.00655316


Tree=25
num_leaves=15
num_cat=0
split_feature=17 19 18 18 1 18 1 14 8 19 1 17 18 19
split_gain=72.5701 33.626 22.7911 13.9806 16.9258 14.8848 12.9781 16.1248 12.527 15.0381 11.1304 13.7348 11.7818 5.85734
threshold=0.26461100569259971 0.28907254361799822 0.15415884928080054 0.11741727941176472 0.22599846390168973 0.10357598978288635 0.32330316742081455 0.22218560023438075 0.34057971014492755 0.30040650406504071 0.28140169902912626 0.065129020855425962 0.075093984962406032 0.57853618421052644
decision_type=2 2 2 2 2 2 2 2 2 2 2 2 2 2
left_child=1 3 8 5 -5 -1 7 -4 9 -2 12 -12 -3 -8
right_child=2 10 6 4 -6 -7 13 -9 -10 -11 11 -13 -14 -15
leaf_value=-0.0021740403109438882 0.0014813414510948229 0.003782804952748344 0.0050529780328853963 -0.0039268298731461003 0.0060731467688573014 -0.0095037314458363102 0.0083120818898687974 -0.00082356225100748391 0.0075713216637449884 -0.0010690432111438342 -0.0066059068419289241 0.0041931637350731124 -0.0013725479299086126 0.0022520718334196423
leaf_weight=557.37686568684876 400.53530818969011 24.810399431735277 47.324876427650452 11.625382928177716 18.614398024976254 11.947964433580635 33.321836218237877 34.564341671764851 11.950204722583292 131.78815735131502 5.3068562000989905 60.580061238259077 79.117582485079765 8.8828152418136579
leaf_count=4845 1518 125 114 85 66 99 84 120 26 426 37 219 461 26
internal_value=0 -0.00137203 0.00157932 -0.00210097 0.00222783 -0.00233174 0.00411111 0.0025772 0.00100053 0.000849729 0.00120092 0.00330283 -0.000135983 0.00705638
internal_weight=0 769.38 668.368 599.565 30.2398 569.325 124.094 81.8892 544.274 532.323 169.815 65.8869 103.928 42.2047
internal_count=8251 5937 2314 5095 151 4944 344 234 1970 1944 842 256 586 110
is_linear=0
shrinkage=0.00655316


Tree=26
num_leaves=16
num_cat=0
split_feature=27 1 15 4 27 4 13 4 2 6 6 6 5 0 26
split_gain=39.3558 32.6978 16.5635 26.2484 21.2748 15.1725 15.9278 11.5851 11.6576 10.9836 10.876 11.8121 8.2299 6.69677 6.13781
threshold=469.00000000000006 0.33079814921920186 1.0000000180025095e-35 0.19971098265895956 435.00000000000006 0.28601953601953606 0.14818289208533111 0.40212765957446811 96.500000000000014 0.14208074534161494 0.21629524261103211 0.19650488400488403 0.060075187969924816 0.14986631016042781 1.0000000180025095e-35
decision_type=2 2 2 2 2 2 2 2 2 2 2 2 2 2 2
left_child=2 5 7 12 -5 6 -2 8 -1 -7 11 -3 -4 -12 -9
right_child=1 10 3 4 -6 9 -8 14 -10 -11 13 -13 -14 -15 -16
leaf_value=-0.0012734417578633918 0.00025287918950142303 0.0022806303473348432 -0.0080094030672824331 -0.0087244927471953528 0.00047859845782266612 0.00010971482995744641 0.0075779975622316852 0.0089816036095517991 0.0030694364754431836 -0.0046159552975949094 0.0057478026113542491 -0.0038275302025670807 -0.0035063816521445535 0.0021825042312352723 0.0014915275804535378
leaf_weight=325.55712926760316 524.20936711132526 152.96957705542445 41.040443954989314 12.271599136292933 78.296490520238876 37.678170403465629 12.831133574247358 7.0013611614704141 28.67405242472887 47.788305908441544 63.81085542589426 14.706858862191437 31.254014559090137 35.654041051864624 13.750903502106667
leaf_count=2270 2939 568 462 128 453 175 40 29 115 290 237 83 252 149 61
internal_value=0 0.000845968 -0.00139907 -0.00314255 -0.000787643 2.26922e-05 0.000431148 -0.000640323 -0.00092007 -0.00253794 0.00276267 0.00174022 -0.00608047 0.00447804 0.00409123
internal_weight=0 889.648 537.846 162.863 90.5681 622.507 537.041 374.983 354.231 85.4665 267.141 167.676 72.2945 99.4649 20.7523
internal_count=8251 4481 3770 1295 581 3444 2979 2475 2385 465 1037 651 714 386 90
is_linear=0
shrinkage=0.00655316


Tree=27
num_leaves=16
num_cat=0
split_feature=19 17 1 17 18 8 26 18 13 17 9 4 2 14 9
split_gain=70.0994 28.7821 25.2348 18.9843 14.4169 13.1191 13.0253 12.789 11.1852 10.709 10.6531 9.98963 14.8178 13.31 7.6809
threshold=0.19061381778144784 0.32439620471535374 0.3872420807904679 0.26461100569259971 0.086747491638795998 0.1178513071895425 1.0000000180025095e-35 0.13652714192282542 0.13241848463523345 0.32620137299771174 0.38585607940446659 0.1167748917748918 20.500000000000004 0.091608391608391626 0.19940912582041617
decision_type=2 2 2 2 2 2 2 2 2 2 2 2 2 2 2
left_child=1 4 3 8 5 -1 -5 9 -2 -4 -9 13 -13 -3 -6
right_child=2 11 7 6 14 -7 -8 10 -10 -11 -12 12 -14 -15 -16
leaf_value=-0.0032145430954033582 -0.00092036445607284367 0.0022699545924835898 0.00027327736272649163 0.0023500405436588604 -0.0030259551168046062 0.00051389592905707715 -0.00022976021133417536 0.0071319593378145283 0.0042381456704662281 0.0043634751740617289 -0.0001822986472477518 0.004268302492599527 -0.0012360376625011056 -0.010420032860588018 0.0057396614928786598
leaf_weight=379.25203986093402 294.04081352613866 7.266458358615635 61.963890079408884 272.96266508474946 6.1381286643445518 45.302079843357205 121.32563151046634 48.96072056889534 18.998543493449688 49.228548258543015 10.333767533302305 53.426784779876471 34.364641964435577 6.5769369155168533 13.159845367074011
leaf_count=3529 1958 39 276 850 51 324 416 133 83 129 30 186 148 43 56
internal_value=0 -0.00184443 0.00114634 0.000600316 -0.00256452 -0.00281661 0.00155653 0.00340773 -0.000604318 0.00208961 0.00586141 0.00129888 0.00211606 -0.0038317 0.00294826
internal_weight=0 545.487 877.815 707.328 443.852 424.554 394.288 170.487 313.039 111.192 59.2945 101.635 87.7914 13.8434 19.298
internal_count=8251 4376 3875 3307 3960 3853 1266 568 2041 405 163 416 334 82 107
is_linear=0
shrinkage=0.00655316


Tree=28
num_leaves=16
num_cat=0
split_feature=17 18 18 5 9 17 13 1 2 9 4 1 1 18 14
split_gain=66.9015 25.5953 20.2674 16.1663 14.6731 13.6356 15.1635 12.8544 14.3406 10.6798 10.1659 17.8765 13.2784 8.80828 5.14856
threshold=0.26461100569259971 0.047745694022289772 0.15415884928080054 0.093673029556650259 0.22304925290536806 0.065129020855425962 0.084289398205404847 0.32330316742081455 13.500000000000002 0.1833621683967705 0.019259259259259264 -1.0000000180025095e-35 0.17274535809018571 0.050933932895191984 0.31024042427636378
decision_type=2 2 2 2 2 2 2 2 2 2 2 2 2 2 2
left_child=1 3 10 9 -5 13 -7 8 -4 -1 11 -2 -12 -3 -9
right_child=2 5 7 4 -6 6 -8 14 -10 -11 12 -13 -14 -15 -16
leaf_value=-0.0022035799075477086 3.7844060988115727e-05 0.0066148441114940986 0.0049478091533945194 -0.0032783527711387791 0.0023695491239374973 -0.00082998808422676102 0.0019158921443703447 0.008536313872858527 -0.00059497743913884378 -0.0048626050018492342 -0.00085732627636064883 0.0086982151064223211 0.0014513969395076648 -0.0051356513943887116 0.0034114234487974309
leaf_weight=140.32137658633292 21.748852115124464 2.7940167486667624 43.765217468142509 34.598061414435506 45.395485520362854 247.51584654487669 132.34867567569017 27.760585322976112 36.730990059673786 121.61586874350905 156.24533925205469 19.107020977884531 338.15615510940552 31.902860575355589 12.712954074144362
leaf_count=1370 89 20 123 357 337 1690 659 69 111 1232 615 64 1202 272 41
internal_value=0 -0.00132802 0.00153085 -0.00265462 -7.55674e-05 -0.000232928 0.000127275 0.00395092 0.00242412 -0.00344144 0.0009824 0.00411483 0.000721694 -0.00415103 0.00695577
internal_weight=0 756.492 656.227 341.931 79.9935 414.561 379.865 120.97 80.4962 261.937 535.257 40.8559 494.401 34.6969 40.4735
internal_count=8251 5937 2314 3296 694 2641 2349 344 234 2602 1970 153 1817 292 110
is_linear=0
shrinkage=0.00655316


Tree=29
num_leaves=16
num_cat=0
split_feature=19 16 17 27 1 3 9 17 27 19 7 23 16 1 2
split_gain=66.6485 29.6513 25.9558 17.1314 15.4708 15.7125 14.5767 14.5105 13.4131 13.6689 13.5715 9.86128 9.64696 11.0958 8.45335
threshold=0.19061381778144784 0.051899951899951911 0.32439620471535374 465.00000000000006 0.3872420807904679 0.015444245676803818 0.30810147299509011 0.2858656174334141 433.00000000000006 0.23244068592905806 58.500000000000007 2.5000000000000004 0.075042662116040978 0.063508064516129045 89.500000000000014
decision_type=2 2 2 2 2 2 2 2 2 2 2 2 2 2 2
left_child=2 8 3 6 5 -3 -1 -5 9 -2 -10 -6 13 -4 -14
right_child=1 4 12 7 11 -7 -8 -9 10 -11 -12 -13 14 -15 -16
leaf_value=-0.0049621383010023763 0.0013400606516906135 0.0036051639070198249 0.0035957412151991705 -0.001075225796761613 5.3717565805881017e-05 0.00075385804871278765 0.0011324209155327361 -0.0065080065182586159 0.00025848037005318818 -0.0119388027814226 -0.0040892560605564378 0.0048078445008717316 0.0024603096679312176 -0.010681824911458696 -0.0048979701363625304
leaf_weight=139.00762641709298 5.2569568976759902 105.58389437943697 3.7290199212729913 256.07878644391894 22.910284861922264 385.81434909440577 19.082187948748469 22.795574959367514 202.5377386379987 8.6364715825766307 36.128091452643275 102.84249169752002 82.783280789852142 5.6321391984820366 7.0758609101176253
leaf_count=1646 65 346 27 2037 85 1575 136 141 1173 96 240 295 320 38 31
internal_value=0 0.00112022 -0.00181673 -0.00250356 0.00189407 0.00136795 -0.00422585 -0.00152445 -0.000770716 -0.00697506 -0.000402998 0.0039435 0.00120672 -0.00504468 0.00186952
internal_weight=0 869.71 536.184 436.964 617.151 491.398 158.09 278.874 252.559 13.8934 238.666 125.753 99.2203 9.36116 89.8591
internal_count=8251 3875 4376 3960 2301 1921 1782 2178 1574 161 1413 380 416 65 351
is_linear=0
shrinkage=0.00655316


Tree=30
num_leaves=16
num_cat=0
split_feature=16 16 27 16 2 27 5 14 3 8 24 24 5 16 2
split_gain=60.1533 20.4355 19.9832 17.1101 16.068 15.9189 22.4572 19.8609 16.1326 12.9566 11.7924 11.1002 10.2754 9.4669 9.1195
threshold=0.050139664804469283 0.16749174917491752 467.00000000000006 0.11908493805045529 63.500000000000007 463.00000000000006 0.062257751937984503 0.25189404809734267 0.038379705400982005 0.1226279985678482 2.5000000000000004 7.5000000000000009 0.072821969696969704 0.33615819209039549 10.500000000000002
decision_type=2 2 2 2 2 2 2 2 2 2 2 2 2 2 2
left_child=5 2 3 -2 -4 6 9 8 -7 -1 14 -9 -8 -12 -3
right_child=1 10 4 -5 -6 7 12 11 -10 -11 13 -13 -14 -15 -16
leaf_value=-0.0059320585468229086 -0.00019509018453290846 -0.0054017975518578171 0.00077027570207210472 -0.0048145209339215383 0.0040421968264090311 -4.9645744808651254e-05 0.0047333437551635984 -0.0010606683129722524 -0.0034143398781389636 0.0014672409133506758 0.0038924557335485417 0.0033136013727536793 -0.0016452058457587272 -0.0041476572770860849 0.002698976619895356
leaf_weight=98.436901000328362 194.9190042661503 11.751469962298872 368.07068892382085 41.593078278005123 77.954576820135117 108.8364195395261 13.440563665702937 42.60439345613122 139.60072434134781 11.23522377386689 159.10746760293841 59.446074556559324 52.186870504170656 6.3617511913180342 11.67560328543186
leaf_count=1128 1154 45 1741 193 293 852 103 256 1080 90 419 283 551 28 35
internal_value=0 0.00105609 0.000527688 -0.00101148 0.00134398 -0.00175004 -0.00336118 -0.000942481 -0.0019418 -0.00517245 0.00296229 0.00148909 -0.000326508 0.00357784 -0.00137745
internal_weight=0 871.434 682.537 236.512 446.025 525.787 175.3 350.488 248.437 109.672 188.896 102.05 65.6274 165.469 23.4271
internal_count=8251 3908 3381 1347 2034 4343 1872 2471 1932 1218 527 539 654 447 80
is_linear=0
shrinkage=0.00655316


Tree=31
num_leaves=15
num_cat=0
split_feature=17 18 18 5 26 13 1 14 17 7 25 0 18 14
split_gain=62.4247 27.1643 18.9807 15.2192 16.4502 14.6022 12.2225 14.714 10.023 9.6976 9.48607 9.41892 9.2476 5.1422
threshold=0.26461100569259971 0.047745694022289772 0.15415884928080054 0.093673029556650259 1.0000000180025095e-35 0.076094212573286135 0.32330316742081455 0.23601185918704168 0.034190531852717719 4.5000000000000009 51.500000000000007 0.1082709215239336 0.1715728715728716 0.31024042427636378
decision_type=2 2 2 2 2 2 2 2 2 2 2 2 2 2
left_child=1 3 10 9 -5 12 7 -4 -7 -1 -2 -12 -3 -8
right_child=2 5 6 4 -6 8 13 -9 -10 -11 11 -13 -14 -15
leaf_value=-0.0020870307332411333 -0.0072163436441726563 -0.0017178952318668702 0.0043729193740608477 0.0018394832669980418 -0.0045533988959956442 -0.0058741420722832789 0.0084353166000678305 -0.0015791382124398005 0.0015342936937640592 -0.0046606619480130092 0.00041764680457153844 0.002274565899985963 0.0028712046315997556 0.0032716752189537374
leaf_weight=117.99191392213106 5.8035383000969878 201.87381244637072 52.263731248676777 54.431439140811563 25.043461736291647 7.9799129441380492 26.914640940725803 26.860118739306927 175.54688164032996 136.06085891555995 346.7768230587244 177.1570531912148 20.583804955706 12.555377393960951
leaf_count=1138 23 1560 139 393 301 61 69 95 909 1464 1369 578 111 41
internal_value=0 -0.00130113 0.00148405 -0.00268612 -0.000182365 -0.000162406 0.0038514 0.00235358 0.00120502 -0.00346844 0.000952581 0.00104628 -0.00129065 0.00682208
internal_weight=0 739.512 648.331 333.528 79.4749 405.984 118.594 79.1238 183.527 254.053 529.737 523.934 222.458 39.47
internal_count=8251 5937 2314 3296 694 2641 344 234 970 2602 1970 1947 1671 110
is_linear=0
shrinkage=0.00655316


Tree=32
num_leaves=15
num_cat=0
split_feature=19 17 1 27 4 27 8 24 8 17 1 4 14 1
split_gain=60.2817 26.1118 24.1246 18.9663 17.6363 14.3549 21.6796 12.5854 12.2522 12.0129 9.85718 8.9978 12.3993 11.783
threshold=0.19061381778144784 0.32439620471535374 0.3872420807904679 417.00000000000006 0.28710502629210294 465.00000000000006 0.1178513071895425 2.5000000000000004 0.048225071869246426 0.2858656174334141 0.39300976800976806 0.1167748917748918 0.091608391608391626 0.10960960960960962
decision_type=2 2 2 2 2 2 2 2 2 2 2 2 2 2
left_child=1 5 3 -2 -5 6 -1 8 -4 -7 -9 12 -3 -13
right_child=2 11 7 4 -6 9 -8 10 -10 -11 -12 13 -14 -15
leaf_value=-0.0049715469589903718 -0.012087445422228511 0.0022303877804640314 0.0039755953595403638 0.0011397503028603021 -0.0015224448077202169 -0.0011458590162291135 0.0026896899441340738 0.010512609881899523 -0.0071829762276985386 -0.0061933921232577155 0.0034720492042442444 0.0063084985872295316 -0.010255762183641317 0.00066852200768489467
leaf_weight=134.24995371792465 4.843336818739771 7.0671864748001081 7.5957227535545853 551.39341418631375 132.32177323102951 250.38241181150079 17.831477466970682 8.9375889301300031 8.980709180235861 21.820721859112382 141.01794652268291 20.786710448563099 6.2522286847233772 65.69192561134696
leaf_count=1652 74 39 31 2612 621 2037 130 18 46 141 473 73 43 261
internal_value=0 -0.00174956 0.00107249 0.000530646 0.000624167 -0.00245875 -0.00407045 0.00330887 -0.00208523 -0.00155551 0.00390753 0.00126411 -0.00370627 0.00203772
internal_weight=0 524.083 855.09 688.559 683.715 424.285 152.081 166.532 16.5764 272.203 149.956 99.7981 13.3194 86.4786
internal_count=8251 4376 3875 3307 3233 3960 1782 568 77 2178 491 416 82 334
is_linear=0
shrinkage=0.00655316


Tree=33
num_leaves=14
num_cat=0
split_feature=16 19 1 19 26 1 6 25 10 1 16 28 16
split_gain=57.9562 30.9406 18.9569 11.5054 10.9423 19.8075 17.0911 10.0759 9.68715 8.8011 8.71746 8.67895 4.8527
threshold=0.10432115230728195 0.18971809715580168 0.22046360917248256 0.29190074906367047 1.0000000180025095e-35 0.31057781919850891 0.21824583866837391 56.500000000000007 0.22500000000000003 0.41240409207161127 0.23582415059687789 3.5000000000000004 0.11908493805045529
decision_type=2 2 2 2 2 2 2 2 2 2 2 2 2
left_child=1 4 7 -4 6 -6 -1 -3 9 10 -2 -11 -10
right_child=8 2 3 -5 5 -7 -8 -9 12 11 -12 -13 -14
leaf_value=-0.0028768017745172594 0.00074654322044978116 -0.0010141448379280345 9.0279525114295424e-05 0.0028934606808841139 -0.0052367518830972902 -5.2666150435328305e-05 0.00066054757924400122 -0.0097607807834846124 0.009473906734174406 0.0046129599060154508 0.0031169992814171002 -0.002779087788393482 0.0028929952940903812
leaf_weight=149.41351666208357 312.67405193299055 229.47788390889764 139.91322045587003 113.99917846918106 108.30064216628671 44.692303229123354 96.34043863043189 5.5687959566712371 9.9634158909320849 60.965666200965643 84.52330419421196 7.5180777907371512 9.6806428581476194
leaf_count=1401 1189 1471 785 474 1376 326 717 35 16 185 220 29 27
internal_value=0 -0.000995442 0.000109494 0.00135037 -0.00234965 -0.00372484 -0.00149075 -0.00123095 0.00182036 0.00162813 0.00125254 0.00379461 0.00630382
internal_weight=0 887.706 488.959 253.912 398.747 152.993 245.754 235.047 485.325 465.681 397.197 68.4837 19.6441
internal_count=8251 6585 2765 1259 3820 1702 2118 1506 1666 1623 1409 214 43
is_linear=0
shrinkage=0.00655316


end of trees

feature_importances:
jockey_shinba_place=56
sire_course_place=45
trainer_shinba_place=45
trainer_shinba_win=43
horse_weight=38
jockey_shinba_win=33
grandsire_win=27
grandsire_place=26
bms_course_win=22
bms_global_win=19
umaban=18
sire_course_runs=17
kinryo=17
sire_course_win=15
bms_global_place=15
sire_global_win=14
sire_global_place=14
bms_course_place=10
sex_code=7
bms_course_runs=6
cross_score=5
waku=4
birth_month=4
dam_shinba_win=2
dam_shinba_runs=1

parameters:
[boosting: gbdt]
[objective: lambdarank]
[metric: ndcg]
[tree_learner: serial]
[device_type: cpu]
[data_sample_strategy: bagging]
[data: ]
[valid: ]
[num_iterations: 589]
[learning_rate: 0.00655316]
[num_leaves: 16]
[num_threads: 0]
[seed: 0]
[deterministic: 0]
[force_col_wise: 1]
[force_row_wise: 0]
[histogram_pool_size: -1]
[max_depth: 4]
[min_data_in_leaf: 16]
[min_sum_hessian_in_leaf: 0.001]
[bagging_fraction: 0.705179]
[pos_bagging_fraction: 1]
[neg_bagging_fraction: 1]
[bagging_freq: 0]
[bagging_seed: 3]
[feature_fraction: 0.603379]
[feature_fraction_bynode: 1]
[feature_fraction_seed: 2]
[extra_trees: 0]
[extra_seed: 6]
[early_stopping_round: 0]
[first_metric_only: 0]
[max_delta_step: 0]
[lambda_l1: 0.00133948]
[lambda_l2: 0.235064]
[linear_lambda: 0]
[min_gain_to_split: 0]
[drop_rate: 0.1]
[max_drop: 50]
[skip_drop: 0.5]
[xgboost_dart_mode: 0]
[uniform_drop: 0]
[drop_seed: 4]
[top_rate: 0.2]
[other_rate: 0.1]
[min_data_per_group: 100]
[max_cat_threshold: 32]
[cat_l2: 10]
[cat_smooth: 10]
[max_cat_to_onehot: 4]
[top_k: 20]
[monotone_constraints: ]
[monotone_constraints_method: basic]
[monotone_penalty: 0]
[feature_contri: ]
[forcedsplits_filename: ]
[refit_decay_rate: 0.9]
[cegb_tradeoff: 1]
[cegb_penalty_split: 0]
[cegb_penalty_feature_lazy: ]
[cegb_penalty_feature_coupled: ]
[path_smooth: 0]
[interaction_constraints: ]
[verbosity: -1]
[saved_feature_importance_type: 0]
[use_quantized_grad: 0]
[num_grad_quant_bins: 4]
[quant_train_renew_leaf: 0]
[stochastic_rounding: 1]
[linear_tree: 0]
[max_bin: 255]
[max_bin_by_feature: ]
[min_data_in_bin: 3]
[bin_construct_sample_cnt: 200000]
[data_random_seed: 1]
[is_enable_sparse: 1]
[enable_bundle: 1]
[use_missing: 1]
[zero_as_missing: 0]
[feature_pre_filter: 1]
[pre_partition: 0]
[two_round: 0]
[header: 0]
[label_column: ]
[weight_column: ]
[group_column: ]
[ignore_column: ]
[categorical_feature: ]
[forcedbins_filename: ]
[precise_float_parser: 0]
[parser_config_file: ]
[objective_seed: 5]
[num_class: 1]
[is_unbalance: 0]
[scale_pos_weight: 1]
[sigmoid: 1]
[boost_from_average: 1]
[reg_sqrt: 0]
[alpha: 0.9]
[fair_c: 1]
[poisson_max_delta_step: 0.7]
[tweedie_variance_power: 1.5]
[lambdarank_truncation_level: 30]
[lambdarank_norm: 1]
[label_gain: 0,1,2,3]
[lambdarank_position_bias_regularization: 0]
[eval_at: 1,3]
[multi_error_top_k: 1]
[auc_mu_weights: ]
[num_machines: 1]
[local_listen_port: 12400]
[time_out: 120]
[machine_list_filename: ]
[machines: ]
[gpu_platform_id: -1]
[gpu_device_id: -1]
[gpu_use_dp: 0]
[num_gpu: 1]

end of parameters

pandas_categorical:null
