tree
version=v4
num_class=1
num_tree_per_iteration=1
label_index=0
max_feature_idx=27
objective=lambdarank
feature_names=sire_course_win sire_course_place sire_course_runs sire_global_win sire_global_place bms_course_win bms_course_place bms_course_runs bms_global_win bms_global_place dam_shinba_win dam_shinba_place dam_shinba_runs grandsire_win grandsire_place jockey_shinba_win jockey_shinba_place trainer_shinba_win trainer_shinba_place place_id race_type_code course_len waku umaban kinryo sex_code horse_weight birth_month
feature_infos=[-1:1] [-1:1] [0:440] [-1:1] [-1:1] [-1:1] [-1:1] [0:552] [-1:1] [-1:1] [-1:1] [-1:1] [-1:6] [-1:1] [-1:1] [-1:1] [-1:1] [-1:1] [-1:1] [1:10] none [1000:2000] [1:8] [1:18] [50:57] [0:1] [344:576] [-1:10]
tree_sizes=1714 1850 1818 1811 1748 1845

Tree=0
num_leaves=15
num_cat=0
split_feature=16 15 17 17 3 3 16 3 7 17 24 6 17 16
split_gain=190.746 50.4152 37.0259 31.7892 19.5481 16.0961 9.93424 7.24756 6.00201 5.05468 4.42953 3.46919 1.69202 0.960868
threshold=0.21778185883104442 0.17411248504188276 0.15227743271221536 0.064051282051282063 0.11198455598455599 0.089573807264256761 0.12850589777195284 0.11961661537207266 8.5000000000000018 0.12829175329175332 53.500000000000007 0.19486022452124149 0.06982995748937236 0.20037878787878791
decision_type=2 2 2 2 2 2 2 2 2 2 2 2 2 2
left_child=2 3 4 5 6 -2 -1 11 -6 -5 -3 -4 -12 -9
right_child=1 10 7 9 8 -7 -8 13 -10 -11 12 -13 -14 -15
leaf_value=-0.04069315020783696 -0.020872277859601121 -0.011592234775596096 -0.012706667191916161 0.011859869404659445 0.0083655499419248523 0.0092406313556942978 -0.023326000329153145 0.048831922135545568 -0.018560073369360119 0.025739144004256576 0.026578286525747664 0.017910727010524517 0.045515827086861499 0
leaf_weight=130.3930991301313 72.255071504740044 1.1878866972401727 11.512628248077819 122.41240676259622 30.935950170154683 54.495538524817675 157.19738233648241 10.521987772081046 26.684163691825233 110.6920125145698 28.135386402020231 13.754336604615672 97.468084639287554 1.1650087772868563
leaf_count=3218 1440 22 229 1939 504 873 3417 91 589 1466 376 210 1064 21
internal_value=0 0.0176458 -0.0224679 0.00931944 -0.0268583 -0.00750091 -0.0314087 0.0170139 -0.00317834 0.018698 0.0408045 0.00182557 0.0417482 0.0447636
internal_weight=0 486.646 382.165 359.855 345.211 126.751 287.59 36.954 57.6201 233.104 126.791 25.267 125.603 11.687
internal_count=15459 7180 8279 5718 7728 2313 6635 551 1093 3405 1462 439 1440 112
is_linear=0
shrinkage=0.042503


Tree=1
num_leaves=16
num_cat=0
split_feature=15 16 1 17 17 9 17 17 8 3 27 22 5 8 24
split_gain=284.804 117.498 115.244 42.8777 37.3162 27.8172 19.9818 19.6714 24.8394 18.9634 16.0932 14.5944 12.0877 12.0626 9.06318
threshold=0.06655011655011657 0.43465320910973088 0.26061464503390858 0.049443833272216117 0.068398560503823688 0.23211238420282793 0.097785223929388695 0.035842754367934229 0.089464655071016919 0.20256410256410259 1.5000000000000002 2.5000000000000004 0.25543478260869573 0.035415650477318657 53.500000000000007
decision_type=2 2 2 2 2 2 2 2 2 2 2 2 2 2 2
left_child=2 3 6 13 12 -5 14 8 -3 -6 -9 -8 -4 -2 -1
right_child=1 7 4 5 9 -7 11 10 -10 -11 -12 -13 -14 -15 -16
leaf_value=-0.04522678238629111 0.00030462425873768593 0.017031713892813917 -0.01474078441504326 0.00070604102038822911 0.0057352691896690854 0.013501086921417991 -0.039972664441917431 0.033203213620548525 -0.046413919169284501 0.042642274037598148 0.016160747305879294 -0.0068349559180914564 0.025094333970436308 -0.016286891037938244 -0.02905803627095976
leaf_weight=92.649521235376596 114.5625410489738 50.356604266911745 253.31119366642088 663.57674550637603 223.53606711886823 586.7313186135143 31.751828726381063 365.55194454826415 14.015987481921909 29.217746328562498 159.38891626149416 124.34044738765806 13.436851702630518 217.08026806171983 438.20109608559869
leaf_count=961 543 125 1653 2215 1024 1864 182 717 49 67 307 629 62 1244 3817
internal_value=0 0.00919963 -0.0165558 0.00312465 -0.0013384 0.00675495 -0.0279815 0.0254093 0.00228852 0.0102425 0.0281392 -0.0139601 -0.0125155 -0.010394 -0.031996
internal_weight=0 2171.26 1206.44 1581.95 519.502 1250.31 686.943 589.313 64.3726 252.754 524.941 156.092 266.748 331.643 530.851
internal_count=15459 7064 8395 5866 2806 4079 5589 1198 174 1091 1024 811 1715 1787 4778
is_linear=0
shrinkage=0.042503


Tree=2
num_leaves=16
num_cat=0
split_feature=18 18 4 4 2 5 18 18 2 9 23 1 9 4 26
split_gain=203.905 56.4264 48.9762 39.1133 30.8607 21.4483 20.3857 17.1105 20.4006 17.0735 15.1189 9.08897 15.5251 9.1805 8.97074
threshold=0.24399846360668334 0.56909814323607433 0.25937646507266765 0.30312157721796279 8.5000000000000018 -1.0000000180025095e-35 0.17917488031540413 0.098126750700280124 47.500000000000007 0.22232107552392252 12.500000000000002 0.2298073936004971 0.27858476862419596 0.35967840949478197 489.00000000000006
decision_type=2 2 2 2 2 2 2 2 2 2 2 2 2 2 2
left_child=2 3 5 9 -5 10 -7 14 -9 -2 -1 12 -3 -13 -4
right_child=1 11 7 4 -6 6 -8 8 -10 -11 -12 13 -14 -15 -16
leaf_value=-0.010930139043164002 -0.0052369169700705988 0 -0.02635673516127033 -0.0052916461760836682 0.018438510840386176 -0.029245029948839867 -0.012740226572554436 0.0079176625795484446 -0.010100089713655619 0.0063572161122536315 0.027046394330604129 0.04276067024570155 0.044175509195055626 0.018682021030728347 0.0094063821192222827
leaf_weight=90.832337732892483 449.42591877281666 40.666359171271324 74.126085991039872 116.57194180041552 550.00864126160741 392.07613483723253 229.37625257764012 259.99318327289075 201.22527670860291 466.2802149252966 23.402499996125698 105.6436485145241 20.252704776823521 53.283089878037572 12.682765532284973
leaf_count=585 2106 107 597 372 1642 3818 1531 1283 1120 1706 129 239 45 110 69
internal_value=0 0.00922086 -0.0129441 0.00637175 0.0142065 -0.0201226 -0.0232459 -0.00320503 0 0.000607424 -0.00264555 0.0294584 0.0139004 0.0350586 -0.0204971
internal_weight=0 1802.13 1283.71 1582.29 666.581 735.687 621.452 548.027 461.218 915.706 114.235 219.846 60.9191 158.927 86.8089
internal_count=15459 6327 9132 5826 2014 6063 5349 3069 2403 3812 714 501 152 349 666
is_linear=0
shrinkage=0.042503


Tree=3
num_leaves=16
num_cat=0
split_feature=15 15 18 18 4 9 13 13 17 18 5 26 18 13 17
split_gain=212.45 90.0333 69.1857 36.5904 35.4966 31.5294 26.4938 23.9253 23.8369 16.0333 15.8946 14.2695 13.0635 11.701 11.4797
threshold=0.06567499815675 0.16724941724941728 0.28193473193473201 0.27529583831937249 0.28699677938808382 0.27248929081389822 0.12612398829824506 0.1570028011204482 0.092372333548804156 0.66838487972508598 0.20256410256410259 447.00000000000006 0.17917488031540413 0.06025077508731997 0.19063283208020051
decision_type=2 2 2 2 2 2 2 2 2 2 2 2 2 2 2
left_child=2 3 6 5 13 -2 12 -8 -6 -5 14 -12 -1 -4 -3
right_child=1 10 4 9 8 -7 7 -9 -10 -11 11 -13 -14 -15 -16
leaf_value=-0.030829872091885209 -0.011876060170212912 0.019552337249909648 0 0.007328539376186197 -0.024797003239602652 0.010272728396945676 0.015008049336450498 -0.044704329196782681 0.022327659558473212 0.044647847086195944 0.036375348335902183 -0.012806420411095391 -0.017961378338735717 -0.022997417307680804 0.033488729428200095
leaf_weight=372.22779098059982 421.07652592658997 353.27383331395686 66.676717724651098 707.71220565959811 21.451922137290239 157.69701452367008 55.425360245630145 15.251826841384171 135.0984175670892 21.974807232618332 14.351884514093397 39.870964750647545 279.89103421196342 90.45471359975636 183.74658945202827
leaf_count=4146 2487 992 434 2268 136 769 345 109 437 52 33 110 2149 605 387
internal_value=0 0.00844471 -0.0154767 0.00217771 0.00102674 -0.00574587 -0.0227129 0.00127787 0.0155029 0.00853708 0.0222173 0 -0.0253963 -0.0130505 0.0244312
internal_weight=0 1899.7 1036.48 1308.46 313.682 578.774 722.796 70.6772 156.55 729.687 591.243 54.2228 652.119 157.131 537.02
internal_count=15459 7098 8361 5576 1612 3256 6749 454 573 2320 1522 143 6295 1039 1379
is_linear=0
shrinkage=0.042503


Tree=4
num_leaves=15
num_cat=0
split_feature=16 4 17 16 16 17 5 16 9 2 5 13 16 13
split_gain=195.711 54.8654 53.5663 33.7099 32.4052 27.3764 25.1401 17.556 26.5685 17.4591 16.1736 15.4693 15.2283 6.18351
threshold=0.28347683175117133 0.30594560094265516 0.099263710681609024 0.50976190476190486 0.17248140635564574 0.050786047654139042 0.43650793650793657 0.43465320910973088 0.37300784214520627 255.50000000000003 -1.0000000180025095e-35 0.16152751423149908 0.38052730324874101 0.071773017931404573
decision_type=2 2 2 2 2 2 2 2 2 2 2 2 2 2
left_child=2 3 4 5 10 -2 9 12 -9 -4 -1 -6 -3 -5
right_child=1 7 6 13 11 -7 -8 8 -10 -11 -12 -13 -14 -15
leaf_value=-0.0069555935368669228 -0.017959005566009493 0.01871679443893904 -0.0037832976248150683 0.028354047504000224 -0.0069269306669741126 0.0038085005398095372 0.051218641288574007 0.037596889927268472 0.0016379815366375416 0.03190745900126201 -0.02817093977452725 -0.067502443554203026 -0.003964591762761537 0.010966709848755113
leaf_weight=85.548965515568852 131.89146656170487 298.48332409001887 424.59856460057199 91.023056760430336 398.1122438814491 493.89911621436477 16.714704986661673 186.56466437876225 50.365174934267998 25.965984504669905 416.81848740344867 7.8530880212783805 60.475455012172461 86.370283149182796
leaf_count=688 859 1030 1963 228 2819 1910 46 439 130 89 4773 49 230 206
internal_value=0 0.0111924 -0.0113833 0.00385779 -0.0173988 -0.00069572 0.000195774 0.0209832 0.0301894 -0.00159444 -0.0246701 -0.00826026 0.0147437 0.0202137
internal_weight=0 1399.07 1375.61 803.184 908.333 625.791 467.279 595.889 236.93 450.565 502.367 405.965 358.959 177.393
internal_count=15459 5032 10427 3203 8329 2769 2098 1829 569 2052 5461 2868 1260 434
is_linear=0
shrinkage=0.042503


Tree=5
num_leaves=16
num_cat=0
split_feature=16 16 1 18 7 18 16 3 13 7 6 4 13 16 26
split_gain=169.835 72.5515 46.2844 32.9798 24.1364 21.3444 16.4901 15.4324 13.4546 13.0298 10.5073 10.162 14.5826 9.97859 7.82484
threshold=0.20626401345291481 0.43465320910973088 0.26061464503390858 0.40635080645161298 7.5000000000000009 0.30962916139907298 0.14820656618763875 0.11961661537207266 0.14036260437189232 310.50000000000006 0.22248551869404951 0.30011037527593826 0.12460128483926287 0.55951302583426943 491.00000000000006
decision_type=2 2 2 2 2 2 2 2 2 2 2 2 2 2 2
left_child=2 3 6 4 -2 8 14 -7 -4 -8 -5 13 -13 -3 -1
right_child=1 11 5 10 -6 7 9 -9 -10 -11 -12 12 -14 -15 -16
leaf_value=-0.028390266898101542 0.0069370665558606158 0.0025775539686830871 -0.01492473386876998 0.0063872010315850266 -0.0058889308081926245 -0.0026733258881053066 -0.016389549929986778 0.028186868809406147 0.014865673705727231 0.045807798263173292 0.024310459675368056 0.036797208185158123 0.013393676051896907 0.022377249287838977 -0.05420434337523556
leaf_weight=257.81086521456018 439.06376637145877 82.291605621576309 227.63681155629456 122.25549824908376 665.00749717559665 62.424543742090464 172.38421631231904 50.642659977078438 29.194681420922279 5.7203071527183047 136.76620442979038 149.69550950825214 84.285314232110977 128.02073912322521 29.431512297131121
leaf_count=3294 2010 308 1912 414 3533 302 1673 150 172 26 374 375 225 325 366
internal_value=0 0.00732475 -0.0158483 0.00241712 -0.000738691 -0.00444267 -0.0247926 0.0106888 -0.0113188 -0.014045 0.0160707 0.0222522 0.0286151 0.0148971 -0.0312549
internal_weight=0 1807.39 835.246 1363.09 1104.07 369.899 465.347 113.067 256.831 178.105 259.022 444.293 233.981 210.312 287.242
internal_count=15459 7564 7895 6331 5543 2536 5359 452 2084 1699 788 1233 600 633 3660
is_linear=0
shrinkage=0.042503


end of trees

feature_importances:
jockey_shinba_place=13
trainer_shinba_win=12
trainer_shinba_place=10
grandsire_win=7
sire_global_place=6
sire_global_win=5
bms_course_win=5
bms_global_place=5
jockey_shinba_win=4
sire_course_place=3
sire_course_runs=3
bms_course_runs=3
horse_weight=3
bms_course_place=2
bms_global_win=2
kinryo=2
waku=1
umaban=1
birth_month=1

parameters:
[boosting: gbdt]
[objective: lambdarank]
[metric: ndcg]
[tree_learner: serial]
[device_type: cpu]
[data_sample_strategy: bagging]
[data: ]
[valid: ]
[num_iterations: 505]
[learning_rate: 0.042503]
[num_leaves: 16]
[num_threads: 0]
[seed: 0]
[deterministic: 0]
[force_col_wise: 1]
[force_row_wise: 0]
[histogram_pool_size: -1]
[max_depth: 4]
[min_data_in_leaf: 11]
[min_sum_hessian_in_leaf: 0.001]
[bagging_fraction: 0.965882]
[pos_bagging_fraction: 1]
[neg_bagging_fraction: 1]
[bagging_freq: 0]
[bagging_seed: 3]
[feature_fraction: 0.674901]
[feature_fraction_bynode: 1]
[feature_fraction_seed: 2]
[extra_trees: 0]
[extra_seed: 6]
[early_stopping_round: 0]
[first_metric_only: 0]
[max_delta_step: 0]
[lambda_l1: 1.28231]
[lambda_l2: 0.167422]
[linear_lambda: 0]
[min_gain_to_split: 0]
[drop_rate: 0.1]
[max_drop: 50]
[skip_drop: 0.5]
[xgboost_dart_mode: 0]
[uniform_drop: 0]
[drop_seed: 4]
[top_rate: 0.2]
[other_rate: 0.1]
[min_data_per_group: 100]
[max_cat_threshold: 32]
[cat_l2: 10]
[cat_smooth: 10]
[max_cat_to_onehot: 4]
[top_k: 20]
[monotone_constraints: ]
[monotone_constraints_method: basic]
[monotone_penalty: 0]
[feature_contri: ]
[forcedsplits_filename: ]
[refit_decay_rate: 0.9]
[cegb_tradeoff: 1]
[cegb_penalty_split: 0]
[cegb_penalty_feature_lazy: ]
[cegb_penalty_feature_coupled: ]
[path_smooth: 0]
[interaction_constraints: ]
[verbosity: -1]
[saved_feature_importance_type: 0]
[use_quantized_grad: 0]
[num_grad_quant_bins: 4]
[quant_train_renew_leaf: 0]
[stochastic_rounding: 1]
[linear_tree: 0]
[max_bin: 255]
[max_bin_by_feature: ]
[min_data_in_bin: 3]
[bin_construct_sample_cnt: 200000]
[data_random_seed: 1]
[is_enable_sparse: 1]
[enable_bundle: 1]
[use_missing: 1]
[zero_as_missing: 0]
[feature_pre_filter: 1]
[pre_partition: 0]
[two_round: 0]
[header: 0]
[label_column: ]
[weight_column: ]
[group_column: ]
[ignore_column: ]
[categorical_feature: ]
[forcedbins_filename: ]
[precise_float_parser: 0]
[parser_config_file: ]
[objective_seed: 5]
[num_class: 1]
[is_unbalance: 0]
[scale_pos_weight: 1]
[sigmoid: 1]
[boost_from_average: 1]
[reg_sqrt: 0]
[alpha: 0.9]
[fair_c: 1]
[poisson_max_delta_step: 0.7]
[tweedie_variance_power: 1.5]
[lambdarank_truncation_level: 30]
[lambdarank_norm: 1]
[label_gain: 0,1,2,3]
[lambdarank_position_bias_regularization: 0]
[eval_at: 1,3]
[multi_error_top_k: 1]
[auc_mu_weights: ]
[num_machines: 1]
[local_listen_port: 12400]
[time_out: 120]
[machine_list_filename: ]
[machines: ]
[gpu_platform_id: -1]
[gpu_device_id: -1]
[gpu_use_dp: 0]
[num_gpu: 1]

end of parameters

pandas_categorical:null
