tree
version=v4
num_class=1
num_tree_per_iteration=1
label_index=0
max_feature_idx=50
objective=lambdarank
feature_names=f_course1 f_course2 f_course3 f_courseout mf_course1 mf_course2 mf_course3 mf_courseout f_mf_course1 f_mf_course2 f_mf_course3 f_mf_courseout f_len1 f_len2 f_len3 f_lenout mf_len1 mf_len2 mf_len3 mf_classout f_mf_len1 f_mf_len2 f_mf_len3 f_mf_classout f_class1 f_class2 f_class3 f_classout mf_class1 mf_class2 mf_class3 mf_classout.1 f_mf_class1 f_mf_class2 f_mf_class3 f_mf_classout.1 time_df_course1 time_df_class1 ninki_1 result_1 time_df_course2 time_df_class2 ninki_2 result_2 time_df_course3 time_df_class3 ninki_3 result_3 waku umaban self_popularity
feature_infos=[0:13] [0:28] [0:15] [0:109] [0:12] [0:14] [0:14] [0:147] [0:2] [0:3] [0:3] [0:11] [0:12] [0:14] [0:12] [0:69] [0:10] [0:10] [0:10] [0:93] [0:2] [0:3] [0:3] [0:10] [0:6] [0:6] [0:5] [0:29] [0:5] [0:5] [0:6] [0:36] [0:1] [0:2] [0:2] [0:3] [-1:0] [-1:0] [-1:180] [-1:140] [-1:0] [-1:0] [-1:180] [-1:180] [-1:0] [-1:0] [-1:180] [-1:150] [1:8] [1:15] [-1:15]
tree_sizes=4640 6422 6267 6369 6253 6216 6133

Tree=0
num_leaves=48
num_cat=0
split_feature=50 50 50 43 43 39 47 28 43 38 18 28 3 46 39 39 50 47 31 2 48 43 47 46 4 5 46 38 15 15 27 43 42 42 48 27 43 43 5 42 38 42 49 23 49 46 49
split_gain=91.2061 25.6703 23.7323 17.1334 15.6267 6.18411 6.28451 4.81123 5.36171 4.40177 5.03486 3.88577 4.88445 3.76997 4.5042 3.42586 5.8709 3.41245 3.03339 2.21744 1.9333 1.77928 1.60485 1.54455 2.04881 3.2039 2.0306 1.26181 1.55907 1.51088 1.26034 3.3311 3.99375 2.77744 0.748406 0.735882 0.469298 0.623658 0.42734 0.317972 0.197054 0.164803 0.163709 0.0915505 0.0285258 0.0170176 0.00184371
threshold=9.5000000000000018 3.5000000000000004 1.0000000180025095e-35 8.5000000000000018 12.500000000000002 13.500000000000002 13.500000000000002 2.5000000000000004 14.500000000000002 7.5000000000000009 1.0000000180025095e-35 3.5000000000000004 55.500000000000007 12.500000000000002 14.500000000000002 6.5000000000000009 12.500000000000002 9.5000000000000018 17.500000000000004 5.5000000000000009 1.5000000000000002 11.500000000000002 13.500000000000002 105.00000000000001 4.5000000000000009 1.0000000180025095e-35 65.000000000000014 75.000000000000014 6.5000000000000009 3.5000000000000004 13.500000000000002 5.5000000000000009 25.000000000000004 3.5000000000000004 3.5000000000000004 1.5000000000000002 12.500000000000002 9.5000000000000018 4.5000000000000009 -1.0000000180025095e-35 115.00000000000001 75.000000000000014 4.5000000000000009 1.0000000180025095e-35 5.5000000000000009 35.000000000000007 11.500000000000002
decision_type=2 2 2 2 2 2 2 2 2 2 2 2 2 2 2 2 2 2 2 2 2 2 2 2 2 2 2 2 2 2 2 2 2 2 2 2 2 2 2 2 2 2 2 2 2 2 2
left_child=1 2 -1 11 5 6 15 8 -4 10 17 12 30 14 22 21 18 36 -17 20 -6 34 -11 24 25 44 45 29 -29 -18 31 32 33 39 -2 42 37 -5 -37 -3 -25 -34 -12 -36 -15 -27 -46
right_child=4 3 7 9 19 -7 -8 -9 -10 13 35 -13 -14 23 -16 16 27 -19 -20 -21 -22 -23 -24 40 -26 26 -28 28 -30 -31 -32 -33 41 -35 43 38 -38 -39 -40 -41 -42 -43 -44 -45 46 -47 -48
leaf_value=0.020805133474878518 0 -0.0054749594821838568 -0.030167588022759532 0 0 0.018075461271554912 0.015930694777121061 0 0 -0.019001596234961445 0 0 0 0 0 -0.017137082391864549 0 0.02184591833542519 0 0 0.022028028371240089 0 0 -0.008395735976877516 0 0.0014311757573869347 0.021888473887588557 0 0.012829773040752909 -0.014007350032010916 0 -0.027741597180146512 0 -0.02817021101898614 0.010648406163436564 0 0.0075501344341160374 -0.011839668450467402 0.008008413435859835 0 0 -0.0035413595864775631 -0.012947795667249408 0 -0.0028368297811713111 0 0
leaf_weight=3.8166299350559703 6.7739446796476903 4.7858847994357347 45.507152058882639 1.7776427492499416 3.9794399291276923 15.929016703739761 12.429843502119182 3.3001355892047277 4.1081772129982701 12.167800670489671 1.1346523715183123 3.3457674188539377 7.0129766468890002 2.6936937421560385 2.9972940646111956 16.585268785012889 4.1510417945683029 12.663448221981524 2.6904907692223778 2.7683234137948594 59.250660300254822 2.097799288108944 1.6807884946465481 2.2259694319218393 3.4114869367331258 3.7470709905028334 8.4217270091176015 2.478915242943911 7.8512320541776717 3.4724848195910454 1.4979448877274979 16.203151890775189 13.148858793079855 8.2591566974297148 16.413520809262995 2.6759582869708538 3.6623823065310717 2.0241846293210983 3.0038729272782803 2.9910797365009811 1.2726461477577684 5.930189933627843 2.4178925771266222 3.301936703734099 1.698568180203438 1.8563105110079048 2.179720476269722
leaf_count=10 73 76 702 15 37 113 91 34 41 184 12 28 72 19 19 255 34 69 26 31 413 37 19 37 46 26 36 35 55 63 12 269 137 135 135 34 20 36 14 23 12 78 45 34 32 27 22
internal_value=0 -0.00981524 -0.0221189 -0.00426614 0.0118647 0.0053837 0.00201294 -0.0263789 -0.0280343 0.00199302 0.00871507 -0.0125421 -0.0139799 -0.0010711 -0.00985226 0 -0.00483113 0.0149583 -0.0134771 0.0201797 0.0209973 0.0048715 -0.0162767 0.00207267 0.0055796 0.00901162 0.014913 0.00102914 0.00754902 0 -0.0162221 -0.0167908 -0.00998296 -0.0181837 0.00747979 0 0 -0.000869531 0 0 -0.00441523 0 -0.00966505 0.00960766 0 0 -0.00182138
internal_weight=0 193.62 56.7321 136.888 160.174 94.1755 78.2465 52.9155 49.6153 73.7131 29.36 63.175 59.8292 44.3531 16.8459 65.8166 37.2294 20.1277 19.2758 65.9984 63.2301 28.5872 13.8486 27.5072 24.0086 20.5971 14.0251 17.9537 10.3301 7.62353 52.8163 51.3183 35.1152 16.0361 26.4894 9.23238 7.46421 3.80183 5.67983 7.77696 3.49862 19.079 3.55254 19.7155 6.57198 5.60338 3.87829
internal_count=3773 2341 787 1554 1432 951 838 777 743 724 245 830 802 479 222 747 468 140 281 481 450 279 203 257 208 162 89 187 90 97 730 718 449 234 242 105 71 51 48 99 49 215 57 169 73 53 54
is_linear=0
shrinkage=0.0212545


Tree=1
num_leaves=62
num_cat=0
split_feature=50 47 50 39 38 47 39 3 3 47 50 5 7 48 47 39 38 6 50 26 49 49 47 15 23 17 15 38 11 27 39 19 42 48 43 43 13 19 19 4 47 43 29 50 39 19 47 7 28 7 19 38 50 3 15 31 39 38 47 43 42
split_gain=119.681 42.9066 36.2968 36.2378 31.499 26.0971 21.9902 18.8561 18.0008 17.7539 17.2043 15.8718 18.238 15.4516 17.7512 14.9048 13.9485 13.9165 13.4095 12.7352 12.0238 15.3659 11.7766 14.8351 13.2707 11.8366 12.7128 11.201 11.1775 10.692 10.2538 9.41315 14.9004 9.11715 8.5743 6.99791 6.92663 6.55922 11.8442 9.22901 6.52605 6.3921 6.30944 5.40908 5.10955 5.02595 4.54404 4.46906 5.43722 4.35286 4.33558 3.84954 3.71813 5.78217 6.2831 5.61108 3.37378 7.9349 3.33298 4.72263 3.22433
threshold=5.5000000000000009 12.500000000000002 1.0000000180025095e-35 12.500000000000002 35.000000000000007 12.500000000000002 1.5000000000000002 1.5000000000000002 64.000000000000014 11.500000000000002 10.500000000000002 1.0000000180025095e-35 3.5000000000000004 5.5000000000000009 10.500000000000002 11.500000000000002 7.5000000000000009 1.0000000180025095e-35 10.500000000000002 1.0000000180025095e-35 5.5000000000000009 9.5000000000000018 4.5000000000000009 11.500000000000002 1.0000000180025095e-35 3.5000000000000004 5.5000000000000009 8.5000000000000018 1.0000000180025095e-35 1.0000000180025095e-35 8.5000000000000018 32.500000000000007 9.5000000000000018 7.5000000000000009 13.500000000000002 8.5000000000000018 1.5000000000000002 14.500000000000002 1.5000000000000002 6.5000000000000009 14.500000000000002 13.500000000000002 1.0000000180025095e-35 13.500000000000002 6.5000000000000009 21.500000000000004 9.5000000000000018 45.500000000000007 3.5000000000000004 5.5000000000000009 32.500000000000007 11.500000000000002 9.5000000000000018 11.500000000000002 1.5000000000000002 11.500000000000002 3.5000000000000004 3.5000000000000004 13.500000000000002 12.500000000000002 55.000000000000007
decision_type=2 2 2 2 2 2 2 2 2 2 2 2 2 2 2 2 2 2 2 2 2 2 2 2 2 2 2 2 2 2 2 2 2 2 2 2 2 2 2 2 2 2 2 2 2 2 2 2 2 2 2 2 2 2 2 2 2 2 2 2 2
left_child=2 3 -1 6 18 22 16 9 11 19 41 12 13 14 -9 -14 52 27 33 -8 31 36 24 25 -4 26 30 -7 46 -25 -24 32 -13 40 -23 -15 -22 38 -6 -39 -3 42 51 -40 -33 -30 -12 -27 -49 -32 -26 -5 55 54 -54 -2 -28 -58 59 -20 -18
right_child=1 4 5 10 37 17 7 8 -10 -11 28 20 15 35 -16 -17 60 -19 58 -21 21 34 23 29 50 47 56 -29 45 -31 49 44 -34 -35 -36 -37 -38 39 43 -41 -42 -43 -44 -45 -46 -47 -48 48 -50 -51 -52 -53 53 -55 -56 -57 57 -59 -60 -61 -62
leaf_value=0.025226085018797962 -0.021523960628051432 0.0040355193179894546 -0.034364516406683192 0 -0.014126702864569294 0.03201715831131724 -0.027218599257525126 -0.031870865769423273 -0.030196889727420149 0.0055186097274820441 0.021861247704645065 0.0074655386648698778 -0.029982813385429213 0.019944004930390728 0.0015666499333091368 0 0.024423292275195786 -0.024904602403015407 0 0.0046063652280550465 0.005718192683758512 -0.0082575322577225618 -0.032232961116104825 0 -0.022767202199760389 0.023166755571760782 0.01254012205776424 0 -0.014072944271077512 -0.034960008485647828 0.0030718210534148383 -0.0065865725860837932 -0.02195789495955654 0.02155991324075834 0.0089304447605173982 0 0.023406668980315189 -0.029682910758145598 0.016713914680614131 0 -0.017413467665054593 0.0096388084071713422 0 0 0.011898596000315252 0.0088748428553226295 0.0011983124966925189 -0.022676239909877462 0.014871375888571819 -0.019455325979428482 0 -0.027848521819140687 0.0029445699145636186 0.015518256779204034 -0.023852936685491086 0 0.0077533125165083049 -0.025695672065729629 0.02313294771143759 0.014886590321304079 0.0005385174205985991
leaf_weight=8.1178630888462049 8.277619216591118 20.23788316175342 51.242900140583515 2.9287307821214261 11.767801024019716 8.053979307413103 38.406850075349212 13.02958418056369 10.492496836930512 8.2993587777018529 59.620333470404148 7.4746299199759951 24.19323720224202 12.357425305992363 8.9916740916669351 5.6086011789739123 20.256728447973732 5.0703797079622737 7.0710995011031654 2.9500598199665538 39.86305944994092 35.317149320617318 16.997319327667359 3.2029984863474992 4.6366330608725539 5.5162985585629922 7.5832294002175358 7.6786837503314009 6.6491733398288515 20.700474679004401 7.6675653457641584 8.0416018441319483 24.952710883691907 10.066855050623415 19.162603493779898 21.706233259290457 24.217581745237112 8.0302706435322744 19.929057341068987 4.9777613654732695 8.635148420929907 10.125195011496542 8.9722627699375135 8.6026514992117864 15.152454786002634 12.085748784244059 12.318972136825321 3.2277557887136936 3.5809165462851524 5.032579630613327 10.041115917265413 8.5001321136951429 9.7997531294822711 12.197034083306788 4.9211504124104968 2.8732095025479785 3.5472448691725713 5.6000364292412996 90.726916134357452 21.333190143108368 9.3817673698067647
leaf_count=10 61 74 529 17 41 9 245 96 72 25 103 30 144 39 26 20 46 45 43 9 131 193 148 17 46 9 24 42 20 193 37 37 141 17 35 70 52 41 42 15 39 22 31 18 49 28 31 35 6 45 47 66 32 31 23 9 8 55 142 32 30
internal_value=0 0.00385128 -0.0156328 0.000383711 0.0119121 -0.0179549 -0.00265979 -0.00510546 -0.00262517 -0.0173796 0.010632 -0.00127565 -0.00889934 -0.000601755 -0.0154295 -0.0224485 0.00799814 0.00175799 0.0167124 -0.0234615 0.00213066 0.00620725 -0.0211288 -0.0142041 -0.0288767 -0.00702754 -0.0125419 0.0142644 0.0153663 -0.0292653 -0.0209581 -0.00545315 -0.0132796 0.00381024 -0.00108295 0.00718021 0.0133642 -0.00116914 0.00175741 -0.0149572 -0.000252388 -0.00141708 -0.00991868 0.0104652 0.00283908 0 0.019178 0.00875423 0 -0.00102052 -0.00552351 -0.0206114 0 0.0037407 -0.00184462 -0.0108065 0 -0.0060101 0.0204132 0.00955824 0.0189388
internal_weight=0 720.504 177.498 509.125 211.379 169.38 387.925 320.217 270.561 49.6563 121.201 260.069 85.8868 56.0849 22.0213 29.8018 67.7073 20.803 158.071 41.3569 174.182 118.56 148.577 82.6564 65.9206 58.7529 46.428 15.7327 90.6742 23.9035 29.6975 55.6214 32.4273 38.9399 54.4798 34.0637 64.0806 53.3075 40.2995 13.008 28.873 30.5263 20.4011 28.5317 23.1941 18.7349 71.9393 12.325 6.80867 12.7001 14.6777 11.4289 38.0688 26.9179 14.7209 11.1508 16.7305 9.14728 119.131 28.4043 29.6385
internal_count=3773 2468 1305 1964 504 1295 1646 1414 1135 279 318 1063 395 231 122 164 232 96 347 254 668 411 1199 577 622 367 317 51 182 210 230 257 171 130 228 109 183 157 101 56 113 136 114 60 86 48 134 50 41 82 93 83 156 86 55 70 87 63 217 75 76
is_linear=0
shrinkage=0.0212545


Tree=2
num_leaves=62
num_cat=0
split_feature=50 43 50 47 38 50 38 46 27 39 39 47 39 0 38 50 23 28 50 50 14 2 27 13 16 7 19 47 42 47 27 0 50 4 1 43 24 49 49 39 7 47 11 14 48 3 6 42 4 3 47 12 42 38 31 38 49 46 6 7 26
split_gain=81.282 43.4036 41.1109 26.0735 16.6011 14.4747 14.741 14.2921 13.9629 13.6325 11.8851 16.0315 15.4035 16.8823 11.1906 11.1075 10.8763 9.86556 9.68655 11.4273 9.4691 9.39594 19.7296 13.3363 11.6247 10.7844 9.82154 9.55293 17.303 8.80484 8.52252 8.10391 7.70732 7.54804 7.45048 7.19601 7.77753 7.20237 9.6516 6.6668 6.30688 6.29432 6.26184 6.25141 5.85224 5.7522 5.04869 14.7198 5.35403 4.97818 4.86814 5.33863 15.5252 4.75713 4.1823 7.55082 3.65343 3.41463 3.59251 3.37939 3.10998
threshold=5.5000000000000009 13.500000000000002 1.0000000180025095e-35 4.5000000000000009 5.5000000000000009 11.500000000000002 14.500000000000002 14.500000000000002 1.0000000180025095e-35 13.500000000000002 7.5000000000000009 11.500000000000002 1.5000000000000002 4.5000000000000009 9.5000000000000018 2.5000000000000004 1.0000000180025095e-35 4.5000000000000009 7.5000000000000009 13.500000000000002 1.5000000000000002 1.0000000180025095e-35 3.5000000000000004 1.0000000180025095e-35 1.5000000000000002 1.0000000180025095e-35 40.500000000000007 12.500000000000002 6.5000000000000009 5.5000000000000009 3.5000000000000004 1.0000000180025095e-35 9.5000000000000018 1.0000000180025095e-35 3.5000000000000004 6.5000000000000009 1.5000000000000002 7.5000000000000009 8.5000000000000018 1.5000000000000002 1.5000000000000002 12.500000000000002 1.0000000180025095e-35 1.5000000000000002 6.5000000000000009 1.5000000000000002 2.5000000000000004 15.500000000000002 9.0000000000000018 1.5000000000000002 14.500000000000002 1.0000000180025095e-35 13.500000000000002 4.5000000000000009 14.500000000000002 1.0000000180025095e-35 8.5000000000000018 13.500000000000002 1.5000000000000002 9.5000000000000018 1.0000000180025095e-35
decision_type=2 2 2 2 2 2 2 2 2 2 2 2 2 2 2 2 2 2 2 2 2 2 2 2 2 2 2 2 2 2 2 2 2 2 2 2 2 2 2 2 2 2 2 2 2 2 2 2 2 2 2 2 2 2 2 2 2 2 2 2 2
left_child=2 9 -1 16 15 6 30 57 40 10 11 12 14 18 54 -5 -4 39 45 -20 49 23 26 25 -25 -12 -23 28 -27 -16 31 -3 -11 41 -15 36 -24 43 -39 -10 -6 -17 44 60 -34 -14 47 -42 -48 -8 51 53 -53 -13 55 59 -47 58 -7 -2 -37
right_child=1 5 3 4 8 7 20 -9 17 32 21 50 13 34 29 33 -18 -19 19 -21 -22 22 35 24 -26 27 -28 -29 -30 -31 -32 -33 42 -35 -36 37 -38 38 -40 -41 46 -43 -44 -45 -46 56 48 -49 -50 -51 -52 52 -54 -55 -56 -57 -58 -59 -60 -61 -62
leaf_value=0.024834782192580087 0.0057365190968605376 0 -0.033909491492555802 -0.026149919047888388 -0.021818151793355427 0.012494990753109505 0 0.02265538170404946 0 -0.0067647022141056256 0.0067774584277601573 0 -0.02571189434173636 0.020740893426607704 0 0 -0.0059355310917135152 0 -0.023616709733178493 0 0.0018265775278002907 -0.030409293892714913 -0.030335574920180616 -0.0010717309336892797 0.02348729501146939 0 0 0 -0.031265559303110244 0.025164899850245819 -0.0031874720633836662 0.024058235383595489 0.018326462686654943 0 -0.00060758510147777486 -0.0073921033361946976 0 0.025331051704133575 0 -0.03166854205891026 -0.020405716108147544 0.030976639042910582 0 -0.021806099353787696 0 -0.0048447225327000734 -0.028120344627525634 0.018319971442734437 0 -0.030626521092668339 0 0.016482934950585608 -0.024746695247132966 0.023073222108757705 0.014441970710511742 -0.028404284567740693 0.0094425763860253604 -0.0028751359260048635 0 -0.012636449096992672 0.014171386925302796
leaf_weight=10.696077108383177 13.689057186245927 16.231587262824178 43.519965847954154 4.0918684937059906 6.759617216885089 29.352026283740997 4.6814470551908043 73.796040747314692 2.9571873415261534 8.1674741581082326 13.637287382036446 8.904643237590788 3.9513081870973101 11.276121094822885 10.758875969797375 7.1550146341323915 14.049971275031565 2.091718152165412 38.192259872332215 11.752134066075085 8.8194538652896863 25.398480335250497 7.5306467078626138 9.681579641997816 16.072062309831381 8.0501941852271575 7.8640667684376231 11.792035117745398 19.198032781481743 17.443446964025497 8.9255522564053518 21.739324644207954 40.64081802405417 9.8957201484590751 7.6253691352903834 5.7367187626659888 3.8374911323189735 10.219189932569863 15.333490587770937 28.028280602768064 4.94250380620361 9.065183222293852 9.9997172653675062 8.1927661485970003 12.159850195050238 13.804281556978824 4.8488747999072066 16.230398692190647 2.4362878575921059 9.1930177062749845 18.832595895975828 12.630746446549894 5.840428825467824 25.552918583154678 4.3857420757412902 5.4861441589891902 14.9312542155385 7.0041267201304427 11.255923368036745 6.7320500910282126 5.4269200414419174
leaf_count=10 47 58 529 40 59 66 19 121 19 58 47 32 40 25 36 40 93 6 284 49 25 187 59 44 33 34 36 40 161 28 38 37 71 53 38 31 20 13 74 293 48 9 31 57 27 79 47 50 9 46 53 30 29 48 11 42 55 22 32 42 13
internal_value=0 0.00334213 -0.013261 -0.0162666 -0.00869476 0.0118892 0.00302854 0.0164612 -0.014676 0 -0.00164907 0.00125459 -0.00217895 -0.00746221 0.00594012 0.00279289 -0.0281518 -0.0249819 -0.0119446 -0.0179771 -0.00969032 -0.00602191 -0.0107437 0 0.0118697 -0.00674303 -0.0239327 -0.0130411 -0.0200498 0.0158345 0.0104949 0.0153303 0.00845303 0.00968685 0.00887876 -0.00185407 -0.0173458 0.00070024 0.00928008 -0.0284609 -0.00324806 0.0190053 0.0114117 -0.00744967 0.014438 -0.000844688 0 0.00637326 -0.0139577 -0.0214387 0.00976776 0.0130728 0.000114574 0.0182336 -0.00124329 -0.0062744 0.000440064 0.00556748 0.00853794 0 0
internal_weight=0 661.727 166.769 156.073 98.5027 190.998 69.5904 121.408 68.2949 470.728 399.76 231.789 160.028 101.533 58.4953 30.2078 57.5699 33.0772 82.6312 49.9444 22.6939 167.971 89.5398 78.4312 25.7536 52.6775 33.2625 39.0403 27.2482 28.2023 46.8965 37.9709 70.9679 26.1159 18.9015 56.2772 11.3681 44.9091 25.5527 30.9855 35.2177 16.2202 62.8004 19.3564 52.8007 32.6868 28.4581 21.1729 7.28516 13.8745 71.7613 52.9287 18.4712 34.4576 30.293 25.9073 28.7355 47.6121 40.6079 20.4211 11.1636
internal_count=3773 2468 1305 1295 673 464 223 241 531 2004 1817 968 776 570 206 142 622 318 507 333 90 849 490 359 77 282 223 235 195 64 133 95 187 102 63 267 79 188 87 312 213 49 129 101 98 174 154 98 56 65 192 139 59 80 142 131 134 120 98 89 44
is_linear=0
shrinkage=0.0212545


Tree=3
num_leaves=62
num_cat=0
split_feature=50 50 43 47 38 38 27 48 26 23 47 48 50 46 39 19 7 49 19 46 42 49 49 5 18 42 14 28 42 7 3 46 42 1 38 15 7 7 38 12 39 43 46 47 47 39 42 46 31 19 47 13 1 38 3 47 48 15 19 46 19
split_gain=70.1281 32.018 29.38 22.7221 15.6867 14.2493 13.5233 11.7641 11.3442 8.52265 8.3813 8.26585 9.63792 8.14768 7.30013 10.0989 10.1717 7.92619 9.86682 7.03885 9.11112 7.03096 12.1376 8.9681 8.28407 7.02093 7.01392 6.82675 6.63063 14.886 6.57415 6.51629 14.3876 6.85297 6.41868 6.30118 5.87937 5.54159 7.88666 8.44091 7.79126 5.26729 5.12101 5.07591 14.157 4.89704 4.88295 4.8669 4.57623 4.1508 5.54411 3.97427 10.6147 3.85636 4.3293 3.66049 3.30298 2.95586 2.81102 2.67221 2.60612
threshold=5.5000000000000009 1.0000000180025095e-35 12.500000000000002 4.5000000000000009 14.500000000000002 5.5000000000000009 1.0000000180025095e-35 7.5000000000000009 1.0000000180025095e-35 1.0000000180025095e-35 12.500000000000002 1.5000000000000002 12.500000000000002 6.5000000000000009 2.5000000000000004 34.500000000000007 1.0000000180025095e-35 9.5000000000000018 57.500000000000007 14.500000000000002 1.0000000180025095e-35 3.5000000000000004 8.5000000000000018 1.0000000180025095e-35 2.5000000000000004 135.00000000000003 2.5000000000000004 4.5000000000000009 65.000000000000014 1.5000000000000002 10.500000000000002 125.00000000000001 55.000000000000007 2.5000000000000004 11.500000000000002 3.5000000000000004 1.5000000000000002 71.500000000000014 35.000000000000007 1.0000000180025095e-35 14.500000000000002 11.500000000000002 -1.0000000180025095e-35 5.5000000000000009 7.5000000000000009 1.5000000000000002 2.5000000000000004 25.000000000000004 3.5000000000000004 3.5000000000000004 7.5000000000000009 2.5000000000000004 1.5000000000000002 6.5000000000000009 3.5000000000000004 8.5000000000000018 5.5000000000000009 3.5000000000000004 32.500000000000007 2.5000000000000004 2.5000000000000004
decision_type=2 2 2 2 2 2 2 2 2 2 2 2 2 2 2 2 2 2 2 2 2 2 2 2 2 2 2 2 2 2 2 2 2 2 2 2 2 2 2 2 2 2 2 2 2 2 2 2 2 2 2 2 2 2 2 2 2 2 2 2 2
left_child=1 -1 8 9 13 10 36 28 11 -3 30 41 14 59 43 16 34 18 -17 20 -18 -10 23 -23 -25 31 53 45 29 -6 57 32 33 35 -16 -14 -7 38 -30 56 -41 48 -36 46 -45 -8 -13 -21 -2 -38 -51 52 60 54 -15 -52 -40 -5 -11 -4 -24
right_child=2 3 4 5 7 6 27 -9 21 58 -12 12 25 26 15 17 19 -19 -20 47 -22 22 51 24 -26 -27 -28 -29 37 -31 -32 -33 -34 -35 42 -37 49 -39 39 40 -42 -43 -44 44 -46 -47 -48 -49 -50 50 55 -53 -54 -55 -56 -57 -58 -59 -60 -61 -62
leaf_value=0.022281735804825138 0.0079251040863424424 -0.032891032941982978 0.0041431299154231658 -0.0058468508415602614 0.0088388821083579434 -0.022277136574096378 0 0.017728476956135369 -0.0080669262164514716 -0.020621380958589099 0.019160281374405046 0 0.0070607685619923765 0 0.008990393898318922 0.014824911001719909 0 -0.013935189211067895 -0.013634689797455747 0.00059433272877142422 -0.025002252852104626 0 0 0.02707639589469054 0 -0.017287580934869269 0 0 0.016658737386041046 -0.023320246546055568 -0.026401192974867628 0.017831022795172891 -0.024704945026671307 0.019152789339565098 0 -0.0089901082436303886 0.011206771515113744 0.016896145732840467 -0.0042773976879995988 -0.027685680802840704 0 0.024119426484608339 -0.02790212617756729 0.028361772519908193 -0.003657677799220741 -0.031004656359850537 -0.022484100844114171 -0.011163680892303128 -0.01760782681836684 -0.025365860945805466 0.014671907645563066 -0.012422129908110719 0.016636890767702896 0.020685329352449596 0.013045149871727505 -0.0079549655310371167 0.011216356062349298 0.011993718355577958 0 -0.014638229096448425 -0.024033235160319813
leaf_weight=9.5884110629558545 13.572353143244987 39.252876959741116 8.5672335736453515 6.0452473387122208 7.1710140109062221 5.8701203204691401 3.1480560824275079 17.028220381587744 9.3576335757970792 4.5792514421045771 10.26252696290612 9.6802681535482389 29.521705746650696 13.419497672468422 15.546122144907715 22.295297767966989 6.9535821713507167 11.127604305744169 5.2361075393855563 12.720881313085554 40.509225206449628 9.1325527653098089 3.4134573861956659 26.217572510242462 10.783496070653198 6.9464170448482028 11.347656749188898 1.7295570448040951 8.6519672572612745 16.782013788819313 4.5495793223381034 13.434853188693522 8.2660678625106794 12.41928882524371 2.7012431472539911 16.999956134706736 11.222271937876942 9.3810969963669759 10.295427456498148 11.066087346523998 4.4529192820191374 7.2639927566051474 5.0751886758953315 9.9923800751566905 9.6428257226943952 24.461491527035832 5.4452224597334853 35.017783530056477 3.9110245667397967 4.6088865678757456 5.6387347579002363 9.8964370973408204 13.953749373555182 69.053915154188871 43.133140653371811 6.9227018356323242 10.404330033808945 7.8384024053812027 9.7761653289198858 4.9406752735376349 4.1072162687778473
leaf_count=10 58 529 25 46 15 59 19 40 65 46 20 45 87 42 50 68 36 67 34 56 310 41 18 54 34 31 34 6 18 63 50 28 46 28 12 84 41 18 42 56 11 10 46 16 52 293 44 227 31 49 12 60 35 144 99 52 24 26 47 27 37
internal_value=0 -0.0127965 0.00312456 -0.0155239 0.00889582 -0.00814754 -0.0139483 0.00139931 -0.000343526 -0.0270746 0.00256727 -0.00242489 -0.00362506 0.0132317 -0.00636643 -0.00838226 -0.0114747 0 0.0071774 -0.0145666 -0.0211384 0.00623932 0.00876045 0.0157405 0.0204544 0.00168048 0.0148061 -0.0249204 -0.00137108 -0.0111262 -0.00333928 0.00407805 0.000412526 0.00498049 0 0 -0.00275574 0.00180341 0 -0.00565892 -0.0178869 0.00864484 -0.0145279 0.000980026 0.00951015 -0.0277777 -0.00602896 -0.00674294 0 0 -0.00520263 0 0.00352765 0.0162557 0.00975805 0 0.000541497 0 -0.00688126 0 -0.0126191
internal_weight=0 155.494 636.837 145.906 245.695 92.2976 63.6018 95.2331 391.142 53.6083 28.6958 304.279 279.532 150.462 191.944 157.183 118.524 38.659 27.5314 95.2015 47.4628 86.8621 77.5045 46.1336 37.0011 87.5883 136.954 29.3391 78.2049 23.953 18.4332 80.6419 67.207 58.941 23.3226 46.5217 34.2627 54.2518 44.8707 36.2188 15.519 24.7474 7.77643 34.7607 19.6352 27.6095 15.1255 47.7387 17.4834 28.3926 17.1703 31.3709 21.4744 125.607 56.5526 12.5614 20.6998 13.8836 14.3554 13.5079 7.52067
internal_count=3773 1305 2468 1295 658 673 531 287 1810 622 142 1466 1367 371 1063 906 737 169 102 629 346 344 279 129 88 304 319 318 247 78 122 273 245 199 108 171 213 169 151 133 67 99 58 157 68 312 89 283 89 154 113 150 90 285 141 64 66 72 93 52 55
is_linear=0
shrinkage=0.0212545


Tree=4
num_leaves=62
num_cat=0
split_feature=50 43 50 47 50 46 38 38 27 23 47 14 46 39 39 7 49 18 19 19 19 38 47 38 42 30 19 27 7 6 43 7 6 50 14 50 42 48 7 3 46 50 46 27 7 46 15 39 19 17 46 39 2 5 43 3 47 48 15 42 23
split_gain=62.0346 32.2779 29.3485 20.0512 13.6999 10.3656 9.72099 10.6968 10.9477 9.52467 8.5055 9.39968 14.163 13.8434 14.2322 13.6257 9.84895 9.71301 8.62342 17.0488 12.5839 8.296 10.9275 7.69087 7.30043 7.15984 6.81468 6.61336 7.79273 6.49282 6.43762 5.79061 5.40979 5.39066 9.18846 5.93723 5.36438 4.04341 3.99039 5.99944 3.6703 11.2377 5.07348 7.56075 3.63364 6.39503 3.62509 7.62563 3.76758 3.5892 3.56224 3.34545 3.13168 3.04643 2.61628 5.97637 4.41629 4.16726 3.84444 2.54186 2.29294
threshold=5.5000000000000009 12.500000000000002 1.0000000180025095e-35 4.5000000000000009 2.5000000000000004 75.000000000000014 5.5000000000000009 11.500000000000002 3.5000000000000004 5.5000000000000009 13.500000000000002 5.5000000000000009 125.00000000000001 12.500000000000002 2.5000000000000004 45.500000000000007 6.5000000000000009 1.5000000000000002 17.500000000000004 1.0000000180025095e-35 44.500000000000007 35.000000000000007 14.500000000000002 7.5000000000000009 35.000000000000007 1.5000000000000002 24.500000000000004 1.0000000180025095e-35 7.5000000000000009 4.5000000000000009 2.5000000000000004 2.5000000000000004 1.0000000180025095e-35 11.500000000000002 1.5000000000000002 12.500000000000002 35.000000000000007 1.5000000000000002 5.5000000000000009 1.0000000180025095e-35 14.500000000000002 11.500000000000002 13.500000000000002 3.5000000000000004 1.5000000000000002 65.000000000000014 2.5000000000000004 9.5000000000000018 2.5000000000000004 1.0000000180025095e-35 5.5000000000000009 65.000000000000014 2.5000000000000004 8.5000000000000018 9.5000000000000018 16.500000000000004 5.5000000000000009 1.5000000000000002 5.5000000000000009 45.000000000000007 1.5000000000000002
decision_type=2 2 2 2 2 2 2 2 2 2 2 2 2 2 2 2 2 2 2 2 2 2 2 2 2 2 2 2 2 2 2 2 2 2 2 2 2 2 2 2 2 2 2 2 2 2 2 2 2 2 2 2 2 2 2 2 2 2 2 2 2
left_child=2 10 -1 5 30 9 27 -8 46 53 11 12 13 14 54 59 -14 38 19 36 24 25 33 -22 -20 40 31 -6 -29 -19 -5 -12 -18 34 -23 -35 -16 -21 49 -40 42 -42 43 -3 -37 -46 47 -9 -48 50 -15 -24 -41 -4 56 -56 57 -2 -58 -13 -17
right_child=1 21 3 4 6 -7 7 8 -10 -11 26 15 16 17 18 60 32 29 20 37 23 22 51 -25 -26 -27 -28 28 -30 -31 -32 -33 -34 35 -36 44 -38 -39 39 52 41 -43 -44 -45 45 -47 48 -49 -50 -51 -52 -53 -54 -55 55 -57 58 -59 -60 -61 -62
leaf_value=0.022833232756402845 0.015711854671033726 0.014181522726634784 -0.033482089439002584 0 -0.0063749862910482506 0 -0.028935989203799993 -0.026894718105556537 -0.028040674360163588 0 0 0.027011136368864739 -0.0073544919697400811 0.0064979655625110704 0.0027992928649992112 0 0.026924366866952633 0.025260676616161475 -0.0062975852638832656 0 0 -0.019717695950480757 -0.023256290555188849 -0.024288695322161647 0.0097934930166178619 -0.0021222412816658083 -0.0047124028295029178 0.02480612921011971 0 0 -0.029971235319549774 0.016813804956449744 0 0.023091030497492022 0.010791190923216778 0.017015793093532721 -0.023070168537646218 -0.022657014685674361 0 -0.025732507795252626 0 0.023042943881753923 0 0 0.0060143209219556048 -0.019789824472793927 0.018902965584379507 0.0039784783492492291 0 0.01699925774215132 -0.01199044421771805 0 0 0 -0.027041648279689804 0 0 -0.0053983649148738842 0.019447868706455082 7.7317733848487991e-05 -0.022848024632635609
leaf_weight=8.7279151380062086 5.0686226598918465 75.441175647079945 40.218064617365599 4.7677388470619944 5.9438385181129005 5.023159096017479 9.9462427971884591 4.8617730140686053 6.2115635238587847 1.5540421158075322 11.932426322251557 12.142246762290602 6.0878596641123321 7.5802955292165342 23.845815300941471 3.4157626144587985 13.253453176468613 12.261051114648582 21.998593283817172 6.9339413382112971 3.0115829184651401 8.0842628963291663 7.9843231141567212 16.917152535170317 25.908270549029112 8.6060718670487386 9.9218474514782411 12.147171504795553 6.6030067484825841 11.693944530561565 15.983854932710527 28.514971695840359 9.2204267568886262 13.753215836361049 8.6392817422747594 5.8384954929351833 4.1958153843879691 60.738485615700483 4.6908280774951008 9.0523220449686033 9.5226439237594587 44.895479641854763 15.590749200433491 20.277081649750471 10.284262217581274 6.4222259726375333 9.21657567843795 6.2998065296560526 8.3677267096936685 5.8739105686545363 8.9588880669325572 4.5576871335506439 3.5472301021218291 3.6457264591008416 4.3372052349150163 6.4224788248538971 5.5715110190212753 21.604288332164288 11.839907579123972 7.5881819762289515 3.5656959358602762
leaf_count=10 10 182 553 36 39 38 117 46 79 2 41 18 36 17 115 16 24 24 136 42 9 54 36 105 94 29 39 25 38 43 184 68 32 27 25 10 44 479 14 56 35 68 47 71 27 32 24 27 58 10 42 15 15 29 35 22 27 113 27 30 27
internal_value=0 0.00293115 -0.0123029 -0.0149187 -0.00791688 -0.0262388 -0.00238791 -0.00892336 -0.00146641 -0.0294567 -0.000714615 -0.0020742 -0.00326384 -0.00485866 -0.00749148 0.00945535 0.0103304 0.00320777 -0.0106765 -0.0150408 -0.00361153 0.00907921 0.00149188 -0.0180702 0.00112128 0.0115798 0.00716905 0.0070059 0.0145268 0.0142924 -0.0234916 0.0116039 0.0178571 0.00654572 -0.000283235 0.0113853 0 -0.0208268 -0.00193277 -0.0104067 0.0126624 0.0185686 0.00922165 0.011083 0.00151322 -0.000229502 0.00214204 -0.00397061 0.0095178 0.00186264 0 -0.0149656 -0.0190683 -0.0315677 0.000885682 -0.00665143 0.00412062 0 0.0125509 0.0197715 -0.0108909
internal_weight=0 627.592 149.518 140.79 90.3493 50.441 69.5977 44.9037 34.9574 45.4178 387.695 337.326 310.614 282.052 218.394 26.7119 28.5617 63.6585 163.55 95.7141 67.8356 239.897 65.5638 19.9287 47.9069 174.333 50.3692 24.694 18.7502 23.955 20.7516 40.4474 22.4739 53.0217 16.7235 36.2982 28.0416 67.6724 39.7035 17.2904 165.727 54.4181 111.309 95.7183 22.545 16.7065 28.7459 11.1616 17.5843 22.4131 16.5392 12.542 12.5996 43.8638 54.844 10.7597 44.0843 26.6729 17.4114 19.7304 6.98146
internal_count=3773 2468 1305 1295 673 622 453 351 234 584 1810 1662 1571 1479 1258 91 92 221 1024 680 344 658 226 114 230 432 148 102 63 67 220 109 56 175 79 96 159 521 154 85 403 103 300 253 69 59 155 73 82 69 59 51 71 582 234 57 177 123 54 48 43
is_linear=0
shrinkage=0.0212545


Tree=5
num_leaves=62
num_cat=0
split_feature=50 50 43 47 50 15 39 39 11 1 12 48 39 2 27 47 17 25 1 30 23 49 43 14 39 39 46 46 46 17 7 7 31 3 31 3 50 38 49 49 38 47 47 39 19 29 15 43 1 49 49 49 42 49 2 31 42 5 27 49 47
split_gain=58.5751 26.5546 24.9887 19.042 12.8826 11.4581 10.7648 8.26278 10.4451 9.78691 18.047 9.7812 9.00525 14.4655 17.886 11.4798 10.5174 8.25217 7.85472 7.99029 7.44831 7.08372 7.01488 6.64298 6.99917 6.31299 6.06422 13.6584 5.94675 5.63575 11.8193 6.5371 5.50119 5.87868 5.33981 4.63437 7.69769 22.4067 8.78334 6.59229 6.29603 6.07437 7.40072 5.23446 3.74348 3.73392 3.7167 3.66571 3.34991 3.21748 6.85029 3.10138 2.56082 2.5486 2.38519 4.56498 2.31031 2.08107 1.95343 1.8235 1.55409
threshold=5.5000000000000009 1.0000000180025095e-35 12.500000000000002 4.5000000000000009 3.5000000000000004 12.500000000000002 1.5000000000000002 12.500000000000002 1.0000000180025095e-35 6.5000000000000009 2.5000000000000004 5.5000000000000009 1.5000000000000002 1.5000000000000002 1.5000000000000002 13.500000000000002 3.5000000000000004 1.0000000180025095e-35 2.5000000000000004 1.0000000180025095e-35 1.0000000180025095e-35 10.500000000000002 12.500000000000002 2.5000000000000004 3.5000000000000004 14.500000000000002 125.00000000000001 45.000000000000007 4.5000000000000009 3.5000000000000004 4.5000000000000009 1.5000000000000002 19.500000000000004 5.5000000000000009 1.0000000180025095e-35 29.500000000000004 10.500000000000002 12.500000000000002 5.5000000000000009 13.500000000000002 10.500000000000002 12.500000000000002 9.5000000000000018 15.500000000000002 16.500000000000004 1.0000000180025095e-35 8.5000000000000018 5.5000000000000009 1.5000000000000002 13.500000000000002 2.5000000000000004 12.500000000000002 9.5000000000000018 5.5000000000000009 12.500000000000002 11.500000000000002 115.00000000000001 4.5000000000000009 7.5000000000000009 2.5000000000000004 14.500000000000002
decision_type=2 2 2 2 2 2 2 2 2 2 2 2 2 2 2 2 2 2 2 2 2 2 2 2 2 2 2 2 2 2 2 2 2 2 2 2 2 2 2 2 2 2 2 2 2 2 2 2 2 2 2 2 2 2 2 2 2 2 2 2 2
left_child=1 -1 7 20 6 22 -5 9 11 10 12 59 34 14 15 16 -14 -10 45 21 -3 47 29 35 -25 -26 27 -16 -7 30 31 -6 33 -15 52 36 37 38 -4 40 -40 42 46 -43 56 57 -38 -20 -13 50 -22 -8 -2 -44 55 -11 -36 -12 -37 -9 -17
right_child=2 3 23 4 5 28 51 8 17 54 18 48 13 32 26 60 -18 -19 19 -21 49 -23 -24 24 25 -27 -28 -29 -30 -31 -32 -33 -34 -35 44 58 41 -39 39 -41 -42 43 53 -45 -46 -47 -48 -49 -50 -51 -52 -53 -54 -55 -56 -57 -58 -59 -60 -61 -62
leaf_value=0.022174800480459927 0 -0.031976236752477377 0.020417303572896183 0 -0.013519383668275924 0 -0.028039620183358947 0 -0.021913787240472174 -0.030780031672601495 0 -0.010434735151938646 -0.017936017824065464 0 0.006355262606735866 0.0089149896647359693 0 0.0043968850646107322 0 0.023857831608498567 0 0.016576616943547888 0.016758940766404058 0.0153629145102635 -0.02200236323767632 0 0.020159681399143533 -0.022699498753461569 -0.029075025411678852 0.013349943274577 -0.030035612364970477 0.016012271223533419 0 -0.027683192318442722 -0.021842337727467468 0.023710648012398361 0.013517990397011882 -0.027262369887221676 -0.019297027681884418 0.018162819302257997 0.0021852069286593949 0.016766350224711755 -0.017926953763830189 0 0.0023960160535746468 -0.01411529692246487 0 -0.024648655371067581 0.0066268420636917342 0 -0.025961744230577972 -0.0011506712433737999 0.01854374759502133 0 0 0 0 0.015712615096738661 0.0028250641720545485 0.018669508031731886 0
leaf_weight=8.2162950783967954 11.009904783219101 34.512240702286363 15.243779901415108 8.308678671717642 4.9571561943739706 1.949299782514571 22.364169970154766 9.2492434084415418 9.5051625221967679 9.0612577460706216 10.606677353382112 10.462689625099303 55.501978874206543 2.2633935958147111 46.092688895761967 10.265930749475958 12.861956194043158 5.87192828208208 3.2600970268249503 21.271129410713911 2.4155400618910772 8.2625464461743814 13.778912084177135 6.3175529390573528 9.3358934633433837 6.7621772587299338 10.300983734428881 8.4131093360483629 8.4634914714843017 7.3182398341596118 7.2875433340668669 7.9736085720360279 4.1406099256128064 22.324345702305436 5.698284678161146 20.928828567266468 28.344797000288963 10.39820336550474 10.220668829977514 6.0216088667511931 5.3495501130819312 65.49286862462759 5.1350444480776813 10.54012820497155 11.500748436897991 6.6432585045695296 7.5610106550157061 4.2467930428683758 8.4973462074995023 3.3307918310165396 7.4157254416495562 7.6735279448330393 12.167149212211369 15.1043703854084 2.8562168180942527 2.8791882432997218 3.1430013477802277 5.2677670121192923 10.544268026947973 32.934152219444513 8.8454684764146787
leaf_count=10 45 529 32 42 46 8 252 27 55 68 49 60 440 12 196 25 66 18 16 41 9 20 46 12 57 20 23 71 96 26 74 20 18 189 45 38 59 75 48 11 16 117 29 28 42 41 31 35 25 13 71 63 28 55 10 16 10 10 30 79 30
internal_value=0 -0.0120919 0.00289969 -0.0145831 -0.00782407 0 -0.0171908 -0.000339196 0.00568532 -0.00208742 -0.000979815 0.0101009 -0.0039326 -0.00616096 -0.00306795 -0.00958317 -0.0138452 -0.00787171 0.00911883 0.0151485 -0.0260612 0 0.00412389 0.00837484 -0.000240061 -0.0101852 0.00477753 0.000740462 -0.0207209 0 -0.00783204 0 -0.0204121 -0.0242456 0.00392266 0.00958211 0.00764476 0 0.00805316 0 -0.00797057 0.0102778 0.00342679 0.0145274 -0.00161079 0 0.00987464 -0.0111136 0 -0.00587394 -0.0139261 -0.0232189 0.0114308 -0.00497427 -0.0191893 -0.0233765 -0.0137711 0.00477408 0.0186688 0.0158938 0.00244554
internal_weight=0 145.965 608.706 137.749 90.0746 51.7283 38.3464 375.405 76.5205 298.884 284.088 61.1434 224.53 181.01 152.282 87.4753 68.3639 15.3771 59.5583 37.0406 47.6743 15.7694 41.3155 233.301 22.4156 16.0981 64.8068 54.5058 10.4128 27.5365 20.2183 12.9308 28.7283 24.5877 43.5191 210.885 179.412 47.2338 36.8356 21.5918 15.5702 132.178 56.1452 76.033 20.342 22.5177 35.9058 7.50689 18.96 13.1621 9.83127 30.0377 23.1771 20.2394 14.7967 11.9404 8.84129 15.8744 31.4731 42.1834 19.1114
internal_count=3773 1305 2468 1295 673 316 357 1810 264 1546 1452 191 1240 1070 851 561 506 73 212 112 622 71 212 658 89 77 290 267 104 166 140 66 219 201 170 569 501 182 107 75 64 319 174 145 97 100 90 51 85 93 80 315 73 84 94 84 55 59 68 106 55
is_linear=0
shrinkage=0.0212545


Tree=6
num_leaves=62
num_cat=0
split_feature=50 50 43 47 6 39 50 42 3 7 18 3 7 48 29 3 47 39 50 48 39 46 47 42 31 48 39 38 7 6 38 27 47 39 38 46 38 47 43 17 16 46 48 46 30 46 15 38 27 27 46 39 15 43 14 3 3 46 13 39 7
split_gain=54.1513 23.5921 20.68 17.5382 11.5209 7.89199 7.66317 8.74374 8.6354 13.6814 9.1952 11.492 8.36338 10.9152 7.60637 6.87876 9.86549 9.66375 10.0315 7.0469 6.55026 6.58907 6.76242 7.76241 7.28726 6.25099 5.93488 5.87804 8.65536 7.23503 5.69474 5.61793 5.57827 9.20578 10.7353 7.60965 6.75779 5.36166 5.30509 5.21402 5.20899 5.14321 8.48265 5.12107 3.70561 3.41047 4.45843 3.30233 4.92996 5.68393 3.23503 4.0978 2.82933 2.77726 3.79898 2.50795 3.28143 2.35341 2.29773 2.2277 2.2202
threshold=5.5000000000000009 1.0000000180025095e-35 12.500000000000002 12.500000000000002 1.0000000180025095e-35 11.500000000000002 12.500000000000002 135.00000000000003 2.5000000000000004 59.500000000000007 2.5000000000000004 20.500000000000004 1.0000000180025095e-35 1.5000000000000002 1.5000000000000002 5.5000000000000009 5.5000000000000009 8.5000000000000018 10.500000000000002 3.5000000000000004 12.500000000000002 125.00000000000001 12.500000000000002 6.5000000000000009 9.5000000000000018 1.5000000000000002 6.5000000000000009 14.500000000000002 1.5000000000000002 4.5000000000000009 8.5000000000000018 1.5000000000000002 4.5000000000000009 1.5000000000000002 3.5000000000000004 75.000000000000014 125.00000000000001 9.5000000000000018 7.5000000000000009 6.5000000000000009 1.5000000000000002 145.00000000000003 7.5000000000000009 6.5000000000000009 1.5000000000000002 17.500000000000004 27.500000000000004 6.5000000000000009 1.0000000180025095e-35 4.5000000000000009 5.5000000000000009 5.5000000000000009 3.5000000000000004 10.500000000000002 6.5000000000000009 2.5000000000000004 26.500000000000004 10.500000000000002 1.5000000000000002 13.500000000000002 14.500000000000002
decision_type=2 2 2 2 2 2 2 2 2 2 2 2 2 2 2 2 2 2 2 2 2 2 2 2 2 2 2 2 2 2 2 2 2 2 2 2 2 2 2 2 2 2 2 2 2 2 2 2 2 2 2 2 2 2 2 2 2 2 2 2 2
left_child=1 -1 6 5 30 32 8 20 9 12 14 -12 -2 -14 15 19 25 18 -18 -10 21 22 23 -8 52 -17 -24 43 37 41 -5 -13 35 -34 -35 39 -36 -29 -27 -3 -19 42 50 55 47 46 -7 48 -45 -50 -30 -52 -25 54 -33 -4 -57 -49 60 -11 -22
right_child=2 3 27 4 -6 45 7 -9 10 59 11 31 13 -15 -16 16 17 40 -20 -21 58 -23 26 24 -26 38 -28 28 29 -31 -32 53 33 34 36 -37 -38 -39 -40 -41 -42 -43 -44 44 -46 -47 -48 57 49 -51 51 -53 -54 -55 -56 56 -58 -59 -60 -61 -62
leaf_value=0.021461705889626301 0 -0.032862988219182779 0.010056884592225729 0.026308469141431635 -0.023544546406673191 -0.020716868224840684 0.0038629060947637066 -0.016355045625508668 -0.0041773252659604342 0 -0.024781260856713252 0.01121290913169007 0 -0.026357056499376749 0.014907198598464289 0.00072232515230132379 0.011820199653775032 -0.016260700931912224 -0.010096964172088201 0.015522932890494612 0 0.014522844793065469 0.020528549285203854 -0.0026937951708788134 0 -0.024130846115608742 0 0.025325879375216829 0 0.010308091852140511 0 -0.021574539258524556 0 0 -0.024532266665961849 0 0 0 0 0 0 0.0075926859400412723 0.0022493810630553404 0 0 0.011390169239211165 0 0.0016592027363259204 0.016453738749773041 0 0 -0.022896924427244211 -0.032696549552883647 0 0 -0.020789778718543508 0 0.018720654749226885 0.023884344278499434 0.017840393317999997 0.01189895757143567
leaf_weight=7.6430357098579398 13.109676863998173 33.692259730771184 4.623437173664569 7.7345720306038874 4.481809413060545 6.7249363623559457 12.134566430002449 6.8708298821002236 6.1475154794752624 6.5273851715028268 14.042341545224188 10.333392132073643 4.0403288155794135 27.98036776855588 18.688004843890667 4.9885516986250868 45.361711665987968 15.728849451988937 8.948017615824936 23.828714404255152 6.6833588965237167 15.40963491797447 9.8188318610191363 7.979774344712502 8.5557635687291604 17.08702273666859 8.3904897049069387 10.414208956062796 4.1314236447215107 15.349937142804263 7.13486647605896 9.0358808413147944 10.644820883870123 10.079432446509598 37.001432120800018 4.5219069998711339 2.0931169092655173 9.8565757535397989 11.066142227500675 3.2010978851467362 8.6862985715270025 5.6334997043013564 10.137979961931704 17.502625308930874 7.220710225403308 5.126148395240306 1.6379063650965688 12.731775932013987 26.244520448148251 9.731154799461363 3.9178056865930584 20.549308776855469 8.8248278573155385 4.6054456718266001 4.0860180705785742 4.9614873491227609 3.6108154505491257 58.526515401899815 13.464927211403845 5.2694288194179535 9.0815632939338666
leaf_count=10 64 518 11 9 45 90 45 41 44 39 119 32 15 236 59 18 173 114 53 78 25 35 16 53 40 142 32 19 15 43 42 66 54 55 386 37 7 35 68 25 38 14 27 57 26 23 4 38 55 33 18 116 81 17 16 28 13 110 21 9 21
internal_value=0 -0.0118011 0.00282552 -0.0141568 0.0018795 -0.0173977 -0.000123707 0.00447104 -0.00225858 -0.00958002 0 -0.00903288 -0.0154204 -0.021286 0.00211501 0 -0.00198378 0.00143239 0.00707629 0.00943185 0.00651076 0.00199281 -0.000370863 -0.00653841 -0.0139391 -0.0119524 0.00895087 0.007903 0.00223515 -0.000898432 0.013683 0 -0.019448 -0.0130646 -0.0170935 -0.0271801 -0.0221707 0.0144971 -0.0163816 -0.0303719 -0.00860271 -0.00616196 -0.0097504 0.0106026 0.0118822 0 -0.0102241 0.0127585 0.00657461 0.0112315 -0.0161535 -0.0190971 -0.0221137 -0.00835503 -0.0137791 0 -0.00880267 0.0165356 0.0153965 0.00754979 0.00424143
internal_weight=0 141.717 591.919 134.074 19.3512 114.723 366.776 107.215 259.561 56.9272 202.634 42.1031 45.1304 32.0207 160.531 141.843 111.867 78.7249 54.3097 29.9762 100.344 71.1139 55.7043 37.4949 25.3604 33.1417 18.2093 225.144 79.9907 59.72 14.8694 28.0607 101.234 59.8188 49.174 41.4153 39.0945 20.2708 28.1532 36.8934 24.4151 44.37 38.7365 145.153 131.957 13.489 8.36284 124.737 53.4783 35.9757 28.5985 24.4671 16.8046 17.7273 13.1219 13.1957 8.5723 71.2583 29.2298 11.7968 15.7649
internal_count=3773 1305 2468 1295 96 1199 1810 410 1400 363 1037 250 315 251 787 728 606 378 226 122 369 302 267 219 174 228 48 658 287 233 51 131 1082 502 448 580 393 54 210 543 152 190 176 371 319 117 94 293 145 88 149 134 134 99 82 52 41 148 67 48 46
is_linear=0
shrinkage=0.0212545


end of trees

feature_importances:
result_3=37
self_popularity=34
result_1=33
ninki_1=29
ninki_3=28
result_2=24
mf_courseout=21
ninki_2=21
umaban=20
f_courseout=17
mf_classout=17
f_classout=15
waku=15
f_lenout=13
mf_classout.1=8
mf_course3=7
f_len3=7
f_mf_classout=7
f_course2=6
mf_course2=6
f_course3=5
mf_len2=5
mf_class1=5
mf_course1=4
f_len2=4
mf_len3=4
f_mf_courseout=3
f_len1=3
f_class3=3
mf_class2=3
mf_class3=3
f_course1=2
mf_len1=2
f_class1=1
f_class2=1

parameters:
[boosting: gbdt]
[objective: lambdarank]
[metric: ndcg]
[tree_learner: serial]
[device_type: cpu]
[data_sample_strategy: bagging]
[data: ]
[valid: ]
[num_iterations: 212]
[learning_rate: 0.0212545]
[num_leaves: 62]
[num_threads: 16]
[seed: 0]
[deterministic: 0]
[force_col_wise: 1]
[force_row_wise: 0]
[histogram_pool_size: -1]
[max_depth: 10]
[min_data_in_leaf: 18]
[min_sum_hessian_in_leaf: 0.001]
[bagging_fraction: 1]
[pos_bagging_fraction: 1]
[neg_bagging_fraction: 1]
[bagging_freq: 0]
[bagging_seed: 7719]
[feature_fraction: 1]
[feature_fraction_bynode: 1]
[feature_fraction_seed: 2437]
[extra_trees: 0]
[extra_seed: 11797]
[early_stopping_round: 0]
[first_metric_only: 0]
[max_delta_step: 0]
[lambda_l1: 2.89313]
[lambda_l2: 0.00622374]
[linear_lambda: 0]
[min_gain_to_split: 0]
[drop_rate: 0.1]
[max_drop: 50]
[skip_drop: 0.5]
[xgboost_dart_mode: 0]
[uniform_drop: 0]
[drop_seed: 21238]
[top_rate: 0.2]
[other_rate: 0.1]
[min_data_per_group: 100]
[max_cat_threshold: 32]
[cat_l2: 10]
[cat_smooth: 10]
[max_cat_to_onehot: 4]
[top_k: 20]
[monotone_constraints: ]
[monotone_constraints_method: basic]
[monotone_penalty: 0]
[feature_contri: ]
[forcedsplits_filename: ]
[refit_decay_rate: 0.9]
[cegb_tradeoff: 1]
[cegb_penalty_split: 0]
[cegb_penalty_feature_lazy: ]
[cegb_penalty_feature_coupled: ]
[path_smooth: 0]
[interaction_constraints: ]
[verbosity: -1]
[saved_feature_importance_type: 0]
[use_quantized_grad: 0]
[num_grad_quant_bins: 4]
[quant_train_renew_leaf: 0]
[stochastic_rounding: 1]
[linear_tree: 0]
[max_bin: 255]
[max_bin_by_feature: ]
[min_data_in_bin: 3]
[bin_construct_sample_cnt: 200000]
[data_random_seed: 38]
[is_enable_sparse: 1]
[enable_bundle: 1]
[use_missing: 1]
[zero_as_missing: 0]
[feature_pre_filter: 1]
[pre_partition: 0]
[two_round: 0]
[header: 0]
[label_column: ]
[weight_column: ]
[group_column: ]
[ignore_column: ]
[categorical_feature: ]
[forcedbins_filename: ]
[precise_float_parser: 0]
[parser_config_file: ]
[objective_seed: 8855]
[num_class: 1]
[is_unbalance: 0]
[scale_pos_weight: 1]
[sigmoid: 1]
[boost_from_average: 1]
[reg_sqrt: 0]
[alpha: 0.9]
[fair_c: 1]
[poisson_max_delta_step: 0.7]
[tweedie_variance_power: 1.5]
[lambdarank_truncation_level: 30]
[lambdarank_norm: 1]
[label_gain: ]
[lambdarank_position_bias_regularization: 0]
[eval_at: 1,3,5]
[multi_error_top_k: 1]
[auc_mu_weights: ]
[num_machines: 1]
[local_listen_port: 12400]
[time_out: 120]
[machine_list_filename: ]
[machines: ]
[gpu_platform_id: -1]
[gpu_device_id: -1]
[gpu_use_dp: 0]
[num_gpu: 1]

end of parameters

pandas_categorical:[]
