tree
version=v4
num_class=1
num_tree_per_iteration=1
label_index=0
max_feature_idx=65
objective=regression
feature_names=f_course1 f_course2 f_course3 f_courseout mf_course1 mf_course2 mf_course3 mf_courseout f_mf_course1 f_mf_course2 f_mf_course3 f_mf_courseout f_len1 f_len2 f_len3 f_lenout mf_len1 mf_len2 mf_len3 mf_classout f_mf_len1 f_mf_len2 f_mf_len3 f_mf_classout f_class1 f_class2 f_class3 f_classout mf_class1 mf_class2 mf_class3 mf_classout.1 f_mf_class1 f_mf_class2 f_mf_class3 f_mf_classout.1 time_df_course1 time_df_class1 ninki_1 result_1 agari_1 margin_1 corner_ratio_1 time_df_course2 time_df_class2 ninki_2 result_2 agari_2 margin_2 corner_ratio_2 time_df_course3 time_df_class3 ninki_3 result_3 agari_3 margin_3 corner_ratio_3 rank_trend weight_change dist_change jockey_win_rate jockey_place_rate waku umaban current_odds current_popularity
feature_infos=[0:20] [0:19] [0:16] [0:161] [0:22] [0:22] [0:13] [0:178] [0:5] [0:5] [0:3] [0:23] [0:11] [0:6] [0:8] [0:35] [0:5] [0:4] [0:3] [0:25] [0:2] [0:2] [0:1] [0:8] [0:5] [0:4] [0:6] [0:24] [0:3] [0:2] [0:2] [0:15] [0:1] [0:2] [0:1] [0:5] none none [-1:160] [-1:110] [-1:53.299999999999997] [-1:19.399999999999999] [-1:1] none none [1:180] [-1:170] [-1:48.200000000000003] [-1:25.800000000000001] [-1:1] [-1:0] [-1:0] [-1:180] [-1:160] [-1:52] [-1:14.199999999999999] [-1:1] [-40:50] [-28:40] [-1650:1800] [-1:1] [-1:1] [1:8] [1:16] [-1:418.60000000000002] [-1:16]
tree_sizes=2295 2469 2375 3380 1838 3287 1900 3605 2507 3675 2674 3797 2185 3770 3785 3798 3784 3763 3786 3811 3787 3770 3799

Tree=0
num_leaves=24
num_cat=0
split_feature=59 64 64 59 48 42 48 48 47 52 64 24 55 64 42 47 56 52 65 46 64 58 1
split_gain=122.638 104.518 249.081 70.8938 126.702 393.821 58.9004 214.414 332.208 79.3719 170.051 36.9276 73.1696 65.9813 33.4138 96.5964 25.7745 22.0752 13.3138 12.2852 34.318 3.04201 4.38783
threshold=-789.99999999999989 48.000000000000007 46.45000000000001 765.00000000000011 2.8500000000000001 0.68990384615384626 0.45000000000000007 0.35000000000000003 35.95000000000001 7.5000000000000009 9.6500000000000004 1.0000000180025095e-35 1.6500000000000001 9.1500000000000004 0.90454545454545465 35.350000000000001 0.97222222222222232 9.5000000000000018 3.5000000000000004 5.5000000000000009 7.8000000000000016 -10.499999999999998 3.5000000000000004
decision_type=2 2 2 2 2 2 2 2 2 2 2 2 2 2 2 2 2 2 2 2 2 2 2
left_child=-1 2 3 4 6 17 7 9 -9 10 -2 14 13 -13 18 -16 -11 -6 -8 20 -5 22 -21
right_child=1 -3 -4 19 5 -7 11 8 -10 16 -12 12 -14 -15 15 -17 -18 -19 -20 21 -22 -23 -24
leaf_value=0.77641443076643002 0.6458423936967802 0.6147137052562176 0.82750659282701888 0.69936799727581267 0.61522306067648547 0.96481549580776327 0.63452358358661221 0.62354513416183177 0.92956784314308505 0.61990190538389489 0.85656910197171499 0.68427012706716117 0.7591057831563216 0.61485033511603848 0.72678877426153288 0.61494295302203661 0.69419952322133993 0.69608754500728398 0.61473599595063544 0.65392180189484705 0.61504482104730085 0.6147347499024175 0.61545217092058768
leaf_weight=5.9999999999999991 16.000000000000004 210 6.9999999999999991 7.0000000000000027 10.000000000000002 4.9999999999999991 49 6.9999999999999982 7 59 4.9999999999999991 23 5.9999999999999991 33 11.999999999999998 21 4.9999999999999991 4.9999999999999991 112 4.9999999999999982 14.999999999999998 115 7
leaf_count=6 16 210 7 7 10 5 49 7 7 59 5 23 6 33 12 21 5 5 112 5 15 115 7
internal_value=0.634672 0.633524 0.640953 0.638449 0.645758 0.722882 0.641397 0.662023 0.776211 0.643149 0.696293 0.633441 0.65457 0.643269 0.626661 0.655459 0.625792 0.641833 0.620725 0.620092 0.64164 0.616317 0.631922
internal_weight=0 741 531 524 375 20 355 99 14 85 21 256 62 56 194 33 64 15 161 149 22 127 12
internal_count=747 741 531 524 375 20 355 99 14 85 21 256 62 56 194 33 64 15 161 149 22 127 12
is_linear=0
shrinkage=1


Tree=1
num_leaves=25
num_cat=0
split_feature=59 64 64 59 48 42 48 48 47 52 64 24 57 42 42 47 56 12 65 46 64 58 54 38
split_gain=115.04 98.045 233.646 66.5048 118.85 369.446 55.2604 201.077 311.672 74.4689 159.498 34.6419 68.7266 97.8214 31.3383 90.6173 24.1807 13.8121 12.484 11.5217 32.1939 2.85258 4.39459 0.678846
threshold=-789.99999999999989 48.000000000000007 46.45000000000001 765.00000000000011 2.8500000000000001 0.56696428571428581 0.45000000000000007 0.35000000000000003 35.95000000000001 7.5000000000000009 9.6500000000000004 1.0000000180025095e-35 -1.0000000180025095e-35 0.4330357142857143 0.90454545454545465 35.350000000000001 0.97222222222222232 7.0000000000000009 3.5000000000000004 5.5000000000000009 7.8000000000000016 -10.499999999999998 38.050000000000004 75.000000000000014
decision_type=2 2 2 2 2 2 2 2 2 2 2 2 2 2 2 2 2 2 2 2 2 2 2 2
left_child=-1 2 3 4 6 23 7 9 -9 10 -2 14 17 -14 18 -16 -11 -13 -8 20 -5 22 -21 -6
right_child=1 -3 -4 19 5 -7 11 8 -10 16 -12 12 13 -15 15 -17 -18 -19 -20 21 -22 -23 -24 -25
leaf_value=0.13728173302347846 0.010818721367596391 -0.019329903772810807 0.18676554797808184 0.06265982240630795 -0.0030778935317257337 0.26983665531643847 -0.00014376502680327972 -0.010776695326059805 0.28561467715515315 -0.014305077911985055 0.21491464883362288 -0.017259915417055169 0.15047557681336404 0.01653741000203595 0.089217048220362818 -0.019107957793697658 0.057654350434883241 0.031699489825815046 -0.019308323217260233 0.019370359579022188 -0.019009333748612578 -0.019309529393917904 -0.01913384076672911 -0.019339452226703288
leaf_weight=5.9999999999999991 16.000000000000004 210 6.9999999999999991 7.0000000000000027 5.0000000000000027 6.9999999999999991 49 6.9999999999999982 7 59 4.9999999999999991 30 8.0000000000000018 17 11.999999999999998 21 4.9999999999999991 6.9999999999999991 112 4.9999999999999982 14.999999999999998 115 7 7.9999999999999991
leaf_count=6 16 210 7 7 5 7 49 7 7 59 5 30 8 17 12 21 5 7 112 5 15 115 7 8
internal_value=0 -0.00111152 0.0060836 0.00365871 0.0107375 0.0854344 0.00651359 0.0264922 0.137072 0.0082124 0.0596897 -0.0011921 0.0192716 0.0596226 -0.0077595 0.0201275 -0.00859808 -0.00785253 -0.0135086 -0.0141213 0.00674127 -0.017777 -0.00264908 -0.0134939
internal_weight=0 741 531 524 375 20 355 99 14 85 21 256 62 25 194 33 64 37 161 149 22 127 12 13
internal_count=747 741 531 524 375 20 355 99 14 85 21 256 62 25 194 33 64 37 161 149 22 127 12 13
is_linear=0
shrinkage=0.0314868


Tree=2
num_leaves=24
num_cat=0
split_feature=59 64 64 59 48 42 48 48 47 52 64 24 55 64 42 6 56 52 65 46 64 58 48
split_gain=107.912 91.9701 219.169 62.3852 111.433 351.411 51.8431 188.568 292.407 69.8692 149.599 32.5046 67.0944 60.5261 29.3916 85.9354 22.6854 18.8798 11.7059 10.8056 30.2015 2.67492 4.30774
threshold=-789.99999999999989 48.000000000000007 46.45000000000001 765.00000000000011 2.8500000000000001 0.68990384615384626 0.45000000000000007 0.35000000000000003 35.95000000000001 7.5000000000000009 9.6500000000000004 1.0000000180025095e-35 1.6500000000000001 9.1500000000000004 0.90454545454545465 1.0000000180025095e-35 0.97222222222222232 9.5000000000000018 3.5000000000000004 5.5000000000000009 7.8000000000000016 -10.499999999999998 2.3500000000000001
decision_type=2 2 2 2 2 2 2 2 2 2 2 2 2 2 2 2 2 2 2 2 2 2 2
left_child=-1 2 3 4 6 17 7 9 -9 10 -2 14 13 -13 18 -16 -11 -6 -8 20 -5 22 -21
right_child=1 -3 -4 19 5 -7 11 8 -10 16 -12 12 -14 -15 15 -17 -18 -19 -20 21 -22 -23 -24
leaf_value=0.13296144083280051 0.010478142008607316 -0.018721275976266185 0.18088755346718699 0.060687753884648296 -0.018432768870089575 0.31126392394809621 -0.00013923887984544598 -0.010437523949743821 0.2766256234924982 -0.013854681416448893 0.20815194207955695 0.047115995417074216 0.1187696024973164 -0.019372361696258483 0.082585729860267507 -0.02126622703288476 0.055840141634325206 0.056349377485773552 -0.018700382779323496 -0.018878040960688184 -0.018410915743418597 -0.018701550975634106 0.019245695555836866
leaf_weight=5.9999999999999991 16.000000000000004 210 6.9999999999999991 7.0000000000000027 10.000000000000002 4.9999999999999991 49 6.9999999999999982 7 59 4.9999999999999991 23 5.9999999999999991 33 12.999999999999998 20 4.9999999999999991 4.9999999999999991 112 6.9999999999999982 14.999999999999998 115 5
leaf_count=6 16 210 7 7 10 5 49 7 7 59 5 23 6 33 13 20 5 5 112 7 15 115 5
internal_value=0 -0.00107614 0.00589228 0.00354339 0.0103997 0.0827289 0.00630918 0.0256603 0.132746 0.00795609 0.0578192 -0.00115382 0.0186677 0.00784207 -0.00751601 0.0194889 -0.00832469 0.00614882 -0.0130843 -0.0136767 0.00652164 -0.0172173 -0.0025518
internal_weight=0 741 531 524 375 20 355 99 14 85 21 256 62 56 194 33 64 15 161 149 22 127 12
internal_count=747 741 531 524 375 20 355 99 14 85 21 256 62 56 194 33 64 15 161 149 22 127 12
is_linear=0
shrinkage=0.0314868


Tree=3
num_leaves=35
num_cat=0
split_feature=64 64 38 42 65 59 46 47 40 53 41 64 59 62 54 46 61 41 38 12 64 52 63 64 65 1 2 64 53 52 54 40 64 64
split_gain=102.809 410.608 116.99 314.788 99.8734 255.236 43.9369 112.957 319.73 54.3523 51.286 120.258 36.6997 41.4012 81.0109 146.695 34.551 33.7397 103.871 22.9909 17.727 18.7211 16.2403 14.112 12.5574 12.0301 9.28892 7.2083 8.91564 0.418264 0.380968 0.318399 0.000591397 0.476356
threshold=28.450000000000003 27.850000000000005 115.00000000000001 0.80625000000000013 9.5000000000000018 550.00000000000011 5.5000000000000009 37.250000000000007 35.850000000000001 8.5000000000000018 3.4500000000000006 12.550000000000002 350.00000000000006 4.5000000000000009 35.050000000000004 8.5000000000000018 0.074175824175824162 0.25000000000000006 9.5000000000000018 4.5000000000000009 4.9500000000000011 9.5000000000000018 11.500000000000002 4.0500000000000007 2.5000000000000004 9.5000000000000018 5.5000000000000009 4.3500000000000005 11.500000000000002 5.5000000000000009 36.45000000000001 13.65 48.000000000000007 45.750000000000007
decision_type=2 2 2 2 2 2 2 2 2 2 2 2 2 2 2 2 2 2 2 2 2 2 2 2 2 2 2 2 2 2 2 2 2 2
left_child=1 4 29 -4 6 -6 7 10 -9 26 17 -12 13 14 15 -8 -16 18 -1 23 21 -15 -20 -19 -18 -22 -10 28 30 31 -14 -2 33 -31
right_child=2 -3 3 -5 5 -7 12 8 9 -11 11 -13 27 20 16 -17 24 19 22 -21 25 -23 -24 -25 -26 -27 -28 -29 -30 32 -32 -33 -34 -35
leaf_value=0.14485873976269639 -0.033181728165139923 0.26826663733307188 -0.017750187316383267 0.27584122478331807 -0.017657200705904433 0.26850259713792013 -0.019455616964436387 0.30081176341795629 -0.018732597767451422 0.093925549706524197 -0.025334728231475943 0.18306008020073769 -0.0046037457646069509 -0.018645831039548481 0.062279589287695142 0.21054108080090228 0.03199025569561021 0.011194869605801218 -0.019148707870963955 0.055320647498188075 -0.019475662300643921 0.060486774754468509 0.0457697722009461 -0.019571687685817223 -0.018966639364182716 0.031305064127534164 0.031620962428432917 -0.018519707490950724 0.034156687511639056 -0.019077916028422338 -0.017834072674620925 -0.021324050786474365 -0.018128527878123631 -0.030247659214983017
leaf_weight=6.0000000000000027 5.0000000000000027 5.9999999999999991 13.000000000000002 4.9999999999999991 7.9999999999999982 5 4.9999999999999982 5.0000000000000027 13.000000000000005 7.9999999999999991 5.9999999999999982 5 5.0000000000000018 4.9999999999999982 8.9999999999999982 6 6.0000000000000027 18 16.000000000000004 4.9999999999999991 52 7 4.9999999999999991 78 23 4.9999999999999991 4.9999999999999991 121 5.9999999999999991 65 7 21 186 5.9999999999999991
leaf_count=6 5 6 13 5 8 5 5 5 13 8 6 5 5 5 9 6 6 18 16 5 52 7 5 78 23 5 5 121 6 65 7 21 186 6
internal_value=0 0.0095978 -0.0142172 0.0635433 0.00605658 0.0920361 0.0034259 0.0158515 0.0702063 0.0256247 0.00368988 0.068935 -0.00477291 0.0081114 0.030264 0.105541 0.00832727 -0.00187737 0.0293359 -0.0102745 -0.00754422 0.0270781 -0.00343565 -0.0137477 -0.00823921 -0.014927 -0.00444874 -0.0157486 0.00258542 -0.0191825 -0.0127646 -0.0238114 -0.0186933 -0.0200976
internal_weight=0 446 301 18 440 13 427 170 31 26 139 11 257 118 49 11 38 128 27 101 69 12 21 96 29 57 18 139 18 283 12 26 257 71
internal_count=747 446 301 18 440 13 427 170 31 26 139 11 257 118 49 11 38 128 27 101 69 12 21 96 29 57 18 139 18 283 12 26 257 71
is_linear=0
shrinkage=0.0314868


Tree=4
num_leaves=18
num_cat=0
split_feature=59 64 64 59 48 42 64 64 40 54 12 54 52 46 64 60 64
split_gain=98.9491 82.3979 204.84 55.6354 101.848 323.32 48.1117 167.498 460.011 54.8202 58.7442 48.8648 17.0945 9.81097 27.6388 2.61783 0.673256
threshold=-789.99999999999989 48.000000000000007 46.45000000000001 765.00000000000011 2.8500000000000001 0.68990384615384626 24.000000000000004 17.700000000000006 35.95000000000001 41.250000000000007 4.5000000000000009 35.350000000000001 9.5000000000000018 5.5000000000000009 7.8000000000000016 0.42222222222222228 2.3000000000000003
decision_type=2 2 2 2 2 2 2 2 2 2 2 2 2 2 2 2 2
left_child=-1 2 3 4 6 12 7 9 -9 10 -2 -10 -6 14 -5 16 -15
right_child=1 -3 -4 13 5 -7 -8 8 11 -11 -12 -13 -14 15 -16 -17 -18
leaf_value=0.12732041011783776 -0.0034271901283186722 -0.01773185037477612 0.1747433805150331 0.058096474675481083 -0.01792507579166781 0.29812826899080719 -0.01955724215484117 0.28608537898276681 0.09371326656298927 0.097187404498568261 0.052748657891045221 -0.018146628361407301 0.053235748571453315 -0.0045362864862476043 -0.017567322684419941 0.0032282724903695812 -0.017862057831869085
leaf_weight=5.9999999999999991 238 210 6.9999999999999991 7.0000000000000027 10.000000000000002 4.9999999999999991 61 8.0000000000000018 5.0000000000000027 5.9999999999999991 20 17 4.9999999999999991 4.9999999999999991 14.999999999999998 5.9999999999999991 116
leaf_count=6 238 210 7 7 10 5 61 8 5 6 20 17 5 5 15 6 116
internal_value=0 -0.00102988 0.00556553 0.00329439 0.00976962 0.0789186 0.00585834 0.0111498 0.0816546 0.00311696 0.000907626 0.00704557 0.005449 -0.0129667 0.00627211 -0.0163411 -0.0173552
internal_weight=0 741 531 524 375 20 355 294 30 264 258 22 15 149 22 127 121
internal_count=747 741 531 524 375 20 355 294 30 264 258 22 15 149 22 127 121
is_linear=0
shrinkage=0.0314868


Tree=5
num_leaves=33
num_cat=0
split_feature=12 27 64 65 42 45 54 7 19 11 39 1 41 38 56 24 64 54 47 60 63 40 64 65 42 30 64 64 45 40 48 40
split_gain=95.8025 789.528 93.4305 129.84 780.514 63.3961 54.1089 48.7779 21.6834 49.4838 132.331 335.939 39.3738 56.0378 52.0957 22.0135 21.8725 18.5812 48.0143 13.9053 11.2503 25.9871 10.9999 7.60532 8.42509 6.4406 0.68407 1.89775 0.502682 0.308982 0.0935165 0.0609775
threshold=1.5000000000000002 1.0000000180025095e-35 28.450000000000003 8.5000000000000018 0.92582417582417598 3.5000000000000004 41.250000000000007 89.000000000000014 1.5000000000000002 1.0000000180025095e-35 10.500000000000002 2.5000000000000004 0.45000000000000007 4.5000000000000009 0.70714285714285718 1.0000000180025095e-35 3.9500000000000006 35.150000000000013 36.350000000000001 1.0000000180025095e-35 1.5000000000000002 37.750000000000007 6.3500000000000005 1.5000000000000002 0.70714285714285718 1.0000000180025095e-35 48.650000000000013 45.750000000000007 11.500000000000002 34.350000000000001 0.45000000000000007 35.95000000000001
decision_type=2 2 2 2 2 2 2 2 2 2 2 2 2 2 2 2 2 2 2 2 2 2 2 2 2 2 2 2 2 2 2 2
left_child=2 -2 3 6 7 -3 8 31 9 12 15 -12 13 -1 -15 22 19 18 -7 -14 21 -10 -11 24 -22 -19 27 29 -29 -4 -31 -5
right_child=1 5 26 4 -6 17 -8 -9 20 10 11 -13 16 14 -16 -17 -18 25 -20 -21 23 -23 -24 -25 -26 -27 -28 28 -30 30 -32 -33
leaf_value=0.09805524433955834 0.30995877668107735 0.085482723128302907 -0.026933662500581303 -0.026202859851632974 0.4277082394785941 -0.020469324028922996 0.076299674675061518 0.088280204107138369 -0.022021657425900402 0.024601713269521191 0.3199223067207122 -0.017268736129727468 -0.0022726400087935946 -0.01647498017476139 0.095594781219650621 0.063889836422906757 -0.018823075563540695 -0.019051609715891309 0.078887824625276479 0.053172954428917195 -0.019461789345956104 0.071615987680756582 -0.017876283288593524 -0.018477725355966861 0.027664340647883506 0.014787598729363241 -0.017140594691192695 -0.0398694052552847 -0.02279757645762661 -0.023117831993719338 -0.017079767977245905 -0.018212849005949178
leaf_weight=7.9999999999999991 8.9999999999999982 7.9999999999999991 6.9999999999999991 6.0000000000000062 4.9999999999999991 12.000000000000002 8.9999999999999982 4.9999999999999991 6.9999999999999982 7.9999999999999991 4.9999999999999982 7 12.000000000000002 23.000000000000004 4.9999999999999991 4.9999999999999991 101 57 7.9999999999999991 6.9999999999999991 6.9999999999999991 5 24 99 7.9999999999999991 5.9999999999999991 190 6.9999999999999982 5 8.9999999999999982 57 15.999999999999998
leaf_count=8 9 8 7 6 5 12 9 5 7 8 5 7 12 23 5 5 101 57 8 7 7 5 24 99 8 6 190 7 5 9 57 16
internal_value=0 0.0286836 -0.00443098 0.00584587 0.0664784 0.000797295 0.00012316 -0.000262321 -0.00193284 0.00436626 0.0319804 0.122834 -0.00427398 0.0245548 0.00335718 0.00236344 -0.0129671 -0.00730439 0.0190154 0.0178819 -0.0122232 0.0165621 -0.0070902 -0.0153 0.00532028 -0.0157443 -0.0183519 -0.0209966 -0.0332045 -0.018916 -0.0179843 -0.0206357
internal_weight=0 100 647 372 32 91 340 27 331 205 49 12 156 36 28 37 120 83 20 19 126 12 32 114 15 63 275 85 12 73 66 22
internal_count=747 100 647 372 32 91 340 27 331 205 49 12 156 36 28 37 120 83 20 19 126 12 32 114 15 63 275 85 12 73 66 22
is_linear=0
shrinkage=0.0314868


Tree=6
num_leaves=19
num_cat=0
split_feature=59 64 64 59 42 65 64 64 40 12 38 19 40 46 64 58 57 40
split_gain=90.719 72.8981 191.631 50.3866 93.5386 761.318 51.5659 68.3126 408.061 50.0201 54.2692 46.9638 42.0022 8.91969 25.2739 2.21096 3.61824 1.22355
threshold=-789.99999999999989 48.000000000000007 46.45000000000001 765.00000000000011 0.94097222222222232 8.5000000000000018 21.200000000000006 17.700000000000006 35.95000000000001 5.5000000000000009 4.5000000000000009 2.5000000000000004 36.95000000000001 5.5000000000000009 7.8000000000000016 -10.499999999999998 0.75000000000000011 13.350000000000003
decision_type=2 2 2 2 2 2 2 2 2 2 2 2 2 2 2 2 2 2
left_child=-1 2 3 4 6 12 7 9 -9 10 -2 -11 -6 14 -5 16 -15 -8
right_child=1 -3 -4 13 5 -7 17 8 -10 11 -12 -13 -14 15 -16 -17 -18 -19
leaf_value=0.12191066866382985 0.041848484785177435 -0.016696080674914328 0.16884892082783692 0.05544716027564587 -0.020389216596331979 0.41779039952633379 -0.036120165930744887 0.31209836734281415 -0.018900505817901266 0.1310303662075791 -0.0027798195534277197 0 0.072711897332117664 0.017642393592403504 -0.016904823543484375 -0.017022375712803121 -0.017287783369402236 -0.018607946799025759
leaf_weight=5.9999999999999991 31 210 6.9999999999999991 7.0000000000000027 24.000000000000004 4.9999999999999991 4.9999999999999991 5.0000000000000027 13.999999999999998 5.9999999999999982 209 5 5.9999999999999991 4.9999999999999982 14.999999999999998 115 7 65
leaf_count=6 31 210 7 7 24 5 5 5 14 6 209 5 6 5 15 115 7 65
internal_value=0 -0.000986046 0.00521707 0.00302005 0.00918273 0.0582051 0.00412027 0.0103768 0.0679636 0.00599578 0.00296311 0.0716626 -0.0015871 -0.0124544 0.00588062 -0.0156723 -0.00229226 -0.0199359
internal_weight=0 741 531 524 375 35 340 270 19 251 240 11 30 149 22 127 12 70
internal_count=747 741 531 524 375 35 340 270 19 251 240 11 30 149 22 127 12 70
is_linear=0
shrinkage=0.0314868


Tree=7
num_leaves=37
num_cat=0
split_feature=12 27 64 65 42 45 54 27 19 11 39 1 41 42 55 24 64 38 54 47 60 64 63 42 65 56 30 64 64 58 40 40 40 48 47 64
split_gain=88.4522 731.824 83.909 114.895 696.901 57.2931 50.7043 46.8429 20.1336 46.2815 122.106 309.912 36.7961 51.1813 58.5438 20.7389 19.7433 17.1338 16.3147 43.9772 13.1403 9.99154 9.66851 25.25 6.86107 8.02582 6.02554 0.953016 2.58838 0.810237 0.293699 0.109822 0.0684074 0.0503971 0.0107151 0.00230441
threshold=1.5000000000000002 1.0000000180025095e-35 28.450000000000003 8.5000000000000018 0.92582417582417598 3.5000000000000004 41.250000000000007 1.0000000180025095e-35 1.5000000000000002 1.0000000180025095e-35 10.500000000000002 2.5000000000000004 0.45000000000000007 0.5590277777777779 0.65000000000000002 1.0000000180025095e-35 3.9500000000000006 4.5000000000000009 35.150000000000013 36.350000000000001 1.0000000180025095e-35 6.3500000000000005 1.5000000000000002 0.55050505050505061 1.5000000000000002 0.62019230769230782 1.0000000180025095e-35 48.650000000000013 45.750000000000007 3.5000000000000004 34.350000000000001 35.95000000000001 35.150000000000013 0.45000000000000007 13.350000000000003 17.350000000000005
decision_type=2 2 2 2 2 2 2 2 2 2 2 2 2 2 2 2 2 2 2 2 2 2 2 2 2 2 2 2 2 2 2 2 2 2 2 2
left_child=2 -2 3 6 7 -3 8 -5 9 12 15 -12 13 17 -15 21 20 -1 19 32 -14 -11 23 -10 25 -24 35 28 30 -30 -4 -9 -7 -32 -18 -20
right_child=1 5 27 4 -6 18 -8 31 22 10 11 -13 16 14 -16 -17 34 -19 26 -21 -22 -23 24 -25 -26 -27 -28 -29 29 -31 33 -33 -34 -35 -36 -37
leaf_value=0.04513516576431989 0.29836240314398393 0.081219919896166656 -0.025901858319086084 0.086224762628691332 0.4038512178220674 -0.025371257685842939 0.073838148095588335 -0.026543853790160239 0.069141276936772189 0.023446705195624439 0.3074571317802296 -0.016381611243361557 -0.0028699139683659542 0 0.14656762075800606 0.062146157596523428 -0.023293125460264866 -0.015864462410021991 -0.019580571148962372 0.074975291122994212 0.0510326825006647 -0.017030721295584902 -0.02284626968443268 -0.023182799935445336 -0.017681301843915091 0.023997700053109104 0.01462522730304449 -0.016075204016549553 -0.04240402458766377 -0.022384999816006779 -0.021804207077521672 -0.017905925871177179 -0.015587309324370243 -0.016341794417520292 -0.017708358993315462 -0.015842185988367195
leaf_weight=6.0000000000000027 8.9999999999999982 7.9999999999999991 6.9999999999999991 5.0000000000000027 4.9999999999999991 5.0000000000000018 8.9999999999999982 6.0000000000000027 4.9999999999999982 7.9999999999999991 4.9999999999999982 7 12.000000000000002 4.9999999999999982 6 4.9999999999999991 6.9999999999999991 19 33 7.9999999999999991 6.9999999999999991 24 5.9999999999999991 7 99 8.9999999999999982 5.9999999999999991 190 6.9999999999999982 5 8.9999999999999982 15.999999999999998 7 57 94 24
leaf_count=6 9 8 7 5 5 5 9 6 5 8 5 7 12 5 6 5 7 19 33 8 7 24 6 7 99 9 6 190 7 5 9 16 7 57 94 24
internal_value=0 0.027561 -0.00425788 0.00548065 0.0625169 0.00071094 9.64455e-05 -0.000537067 -0.00189333 0.00417576 0.030882 0.118156 -0.0041793 0.023688 0.0802827 0.00242637 -0.0125839 -0.00100925 -0.00698805 0.0176656 0.0167159 -0.00674485 -0.0118094 0.0148531 -0.0146627 0.00490685 -0.014899 -0.0174506 -0.0204621 -0.0345113 -0.0180788 -0.0205055 -0.02011 -0.0171678 -0.0181485 -0.0181002
internal_weight=0 100 647 372 32 91 340 27 331 205 49 12 156 36 11 37 120 25 83 20 19 32 126 12 114 15 63 275 85 12 73 22 12 66 101 57
internal_count=747 100 647 372 32 91 340 27 331 205 49 12 156 36 11 37 120 25 83 20 19 32 126 12 114 15 63 275 85 12 73 22 12 66 101 57
is_linear=0
shrinkage=0.0314868


Tree=8
num_leaves=25
num_cat=0
split_feature=59 64 64 59 48 52 48 48 47 52 64 65 64 1 12 56 46 64 60 42 40 54 57 64
split_gain=83.6247 64.5001 179.483 45.6383 88.6207 277.615 46.065 156.649 239.659 54.7406 130.16 28.4714 130.503 265.832 38.3214 19.997 8.26087 22.9828 1.83135 0.807032 0.45277 0.413279 0.401558 0.0645599
threshold=-789.99999999999989 48.000000000000007 46.45000000000001 765.00000000000011 2.8500000000000001 9.5000000000000018 0.45000000000000007 0.35000000000000003 35.95000000000001 7.5000000000000009 9.6500000000000004 7.5000000000000009 17.700000000000006 1.5000000000000002 7.0000000000000009 0.97222222222222232 5.5000000000000009 7.8000000000000016 0.42222222222222228 0.92582417582417598 44.20000000000001 36.650000000000013 -0.74999999999999989 28.450000000000003
decision_type=2 2 2 2 2 2 2 2 2 2 2 2 2 2 2 2 2 2 2 2 2 2 2 2
left_child=-1 2 3 4 6 22 7 9 -9 10 -2 12 14 -14 -8 -11 17 -5 20 23 -18 -21 -6 -13
right_child=1 -3 -4 16 5 -7 11 8 -10 15 -12 19 13 -15 -16 -17 18 -19 -20 21 -22 -23 -24 -25
leaf_value=0.11704606920133577 0.0070404381169211659 -0.015725295133163328 0.16324725292382899 0.052946242297044921 -0.030403852792397962 0.21682565110047053 -0.0059905453585590547 -0.0087330153469446295 0.25108137317854051 -0.012522023147075408 0.19143078423945872 -0.019387035466387099 0.25524635279100277 -0.021416825851239149 0.074953231954277916 0.052912886625658857 -0.016334467729979218 -0.016043184226125457 0.0011109024969319591 -0.019427761634622509 -0.0049862702122493857 -0.03626924041017697 -0.015679779351686421 -0.01529366719846206
leaf_weight=5.9999999999999991 16.000000000000004 210 6.9999999999999991 7.0000000000000027 5.0000000000000009 7.9999999999999991 166 6.9999999999999982 7 59 4.9999999999999991 32 5.9999999999999991 7.9999999999999991 5.9999999999999991 4.9999999999999991 116 14.999999999999998 5.9999999999999991 4.9999999999999982 4.9999999999999991 5 7.0000000000000009 28
leaf_count=6 16 210 7 7 5 8 166 7 7 59 5 32 6 8 6 5 116 15 6 5 5 5 7 28
internal_value=0 -0.000947523 0.00488689 0.00276034 0.00862592 0.0731281 0.00497649 0.0232195 0.120824 0.00707745 0.0512168 -0.00205799 0.00436068 0.0968063 -0.00313487 -0.00732496 -0.0119664 0.00567215 -0.0150636 -0.0191883 -0.0159094 -0.0283858 -0.0222617 -0.0175658
internal_weight=0 741 531 524 375 20 355 99 14 85 21 256 186 14 172 64 149 22 127 70 121 10 12 60
internal_count=747 741 531 524 375 20 355 99 14 85 21 256 186 14 172 64 149 22 127 70 121 10 12 60
is_linear=0
shrinkage=0.0314868


Tree=9
num_leaves=37
num_cat=0
split_feature=12 27 64 65 42 45 54 7 19 11 39 1 41 38 56 24 64 54 47 60 64 53 49 30 40 54 46 64 64 40 0 48 40 40 59 64
split_gain=81.4742 679.304 76.2838 106.69 640.115 51.8814 44.2154 42.8326 17.8644 43.5003 110.72 282.113 33.0809 47.9251 44.9224 19.4924 17.802 14.2038 40.0877 12.69 9.21564 9.13575 18.3074 5.69146 5.35324 2.08878 1.80671 1.36433 5.3405 1.05233 0.316941 0.183589 0.15724 0.105575 0.105004 0.0373681
threshold=1.5000000000000002 1.0000000180025095e-35 28.450000000000003 8.5000000000000018 0.92582417582417598 3.5000000000000004 41.250000000000007 89.000000000000014 1.5000000000000002 1.0000000180025095e-35 10.500000000000002 2.5000000000000004 0.45000000000000007 4.5000000000000009 0.70714285714285718 1.0000000180025095e-35 3.9500000000000006 35.150000000000013 36.350000000000001 1.0000000180025095e-35 6.3500000000000005 2.5000000000000004 0.73030303030303034 1.0000000180025095e-35 41.45000000000001 35.650000000000013 14.500000000000002 48.000000000000007 46.45000000000001 13.350000000000003 10.500000000000002 0.45000000000000007 35.150000000000013 36.350000000000001 765.00000000000011 17.350000000000005
decision_type=2 2 2 2 2 2 2 2 2 2 2 2 2 2 2 2 2 2 2 2 2 2 2 2 2 2 2 2 2 2 2 2 2 2 2 2
left_child=2 -2 3 6 7 -3 8 33 9 12 15 -12 13 -1 -15 20 19 18 32 -14 -11 22 25 35 26 -10 30 28 29 -4 -23 -31 -7 -5 -18 -19
right_child=1 5 27 4 -6 17 -8 -9 21 10 11 -13 16 14 -16 -17 34 23 -20 -21 -22 24 -24 -25 -26 -27 -28 -29 -30 31 -32 -33 -34 -35 -36 -37
leaf_value=0.09015635744145313 0.28735321290466759 0.077194934190617737 -0.033000915534933228 -0.024611905417645588 0.38729046538897838 -0.025874667617830222 0.068871337755867887 0.082694864622927425 0.0069393902993402637 0.022757590936987027 0.29347992198780376 -0.01546210578156065 -0.0036370875035824273 -0.015833747978580035 0.088238526144768917 0.060550413085886531 -0.018778082931232416 -0.018822553428291037 0.070976687897715357 0.049345731928804815 -0.016116020810531068 -0.016888218530407829 0.060453571007231977 0.014561801111183617 0.0094514996371041302 -0.017394480793131103 0.00050466994446892691 -0.015110491023506428 -0.049366565309258884 -0.022588734091152547 -0.023400646284199442 -0.015824647774605877 -0.014703970838980269 -0.016562669787377225 -0.015299581457858272 -0.014845499540877213
leaf_weight=7.9999999999999991 8.9999999999999982 7.9999999999999991 4.9999999999999991 7.0000000000000062 4.9999999999999991 5.0000000000000018 8.9999999999999982 4.9999999999999991 5.0000000000000027 7.9999999999999991 4.9999999999999982 7 12.000000000000002 23.000000000000004 4.9999999999999991 4.9999999999999991 62 33 7.9999999999999991 6.9999999999999991 24 79 4.9999999999999991 5.9999999999999991 7.9999999999999991 9.9999999999999982 4.9999999999999991 193 5.9999999999999991 8.9999999999999982 13.999999999999998 62 7 14.999999999999998 39 24
leaf_count=8 9 8 5 7 5 5 9 5 5 8 5 7 12 23 5 5 62 33 8 7 24 79 5 6 8 10 5 193 6 9 14 62 7 15 39 24
internal_value=0 0.02645 -0.00408801 0.00519696 0.0601587 0.000579224 8.03657e-06 -0.000263607 -0.00184904 0.00386658 0.0297589 0.112867 -0.00423282 0.0221864 0.00256962 0.00265491 -0.012203 -0.00674438 0.0162491 0.0156096 -0.00623113 -0.0111901 0.00815759 -0.0141283 -0.0148906 -0.00893104 -0.0169319 -0.0166672 -0.020266 -0.017897 -0.0179262 -0.0167575 -0.0198045 -0.0193672 -0.0174878 -0.0172417
internal_weight=0 100 647 372 32 91 340 27 331 205 49 12 156 36 28 37 120 83 20 19 32 126 20 63 106 15 98 275 82 76 93 71 12 22 101 57
internal_count=747 100 647 372 32 91 340 27 331 205 49 12 156 36 28 37 120 83 20 19 32 126 20 63 106 15 98 275 82 76 93 71 12 22 101 57
is_linear=0
shrinkage=0.0314868


Tree=10
num_leaves=27
num_cat=0
split_feature=59 64 64 59 48 42 48 48 47 52 64 65 64 54 12 56 46 64 58 38 42 54 1 64 12 55
split_gain=77.0527 57.129 168.788 41.3983 80.9926 259.915 42.8512 143.237 218.195 49.6398 118.808 26.9769 117.568 244.113 34.2036 18.3767 7.68395 21.0938 1.54683 2.65919 1.16174 0.839354 0.614022 0.144701 0.0343725 0.136567
threshold=-789.99999999999989 48.000000000000007 46.45000000000001 765.00000000000011 2.8500000000000001 0.56696428571428581 0.45000000000000007 0.35000000000000003 35.95000000000001 7.5000000000000009 9.6500000000000004 7.5000000000000009 17.700000000000006 35.750000000000007 7.0000000000000009 0.97222222222222232 5.5000000000000009 7.8000000000000016 -10.499999999999998 9.5000000000000018 0.92582417582417598 36.650000000000013 3.5000000000000004 28.450000000000003 1.5000000000000002 0.95000000000000007
decision_type=2 2 2 2 2 2 2 2 2 2 2 2 2 2 2 2 2 2 2 2 2 2 2 2 2 2
left_child=-1 2 3 4 6 22 7 9 -9 10 -2 12 14 -14 -8 -11 17 -5 19 -18 23 -22 -6 -13 -20 -26
right_child=1 -3 -4 16 5 -7 11 8 -10 15 -12 20 13 -15 -16 -17 18 -19 24 -21 21 -23 -24 -25 25 -27
leaf_value=0.11235165564215054 0.0065849513501761688 -0.014818626833597266 0.15814919216090664 0.050793907429650953 -0.018728494518148838 0.22444997529683627 -0.0057345557495552838 -0.008040874969523425 0.23983249121975198 -0.011924637567621323 0.18276718098386424 -0.019055690859910716 0.24365911486962327 -0.021444168033390987 0.070733933343922736 0.050799529183320938 -0.016050661601686479 -0.015294517375704704 -0.015177897115257594 0.013801006393804997 -0.018298133819157521 -0.039685341114851266 -0.0031602287670786607 -0.014402542722257106 -0.013460440307398616 -0.025182566128821464
leaf_weight=5.9999999999999991 16.000000000000004 210 6.9999999999999991 7.0000000000000027 8.0000000000000018 6.9999999999999991 166 6.9999999999999982 7 59 4.9999999999999991 32 5.9999999999999991 7.9999999999999991 5.9999999999999991 4.9999999999999991 6.9999999999999982 14.999999999999998 105 5 4.9999999999999982 5 4.9999999999999991 28 4.9999999999999982 5
leaf_count=6 16 210 7 7 8 7 166 7 7 59 5 32 6 8 6 5 7 15 105 5 5 5 5 28 5 5
internal_value=0 -0.000910544 0.00457993 0.0025174 0.00810435 0.0697683 0.00461484 0.0222106 0.115544 0.00677205 0.048806 -0.00216929 0.00407782 0.0918232 -0.00303507 -0.00693945 -0.0115081 0.0054976 -0.0144957 -0.00317164 -0.0188437 -0.0295294 -0.0131495 -0.0169732 -0.0156312 -0.0198561
internal_weight=0 741 531 524 375 20 355 99 14 85 21 256 186 14 172 64 149 22 127 12 70 10 13 60 115 10
internal_count=747 741 531 524 375 20 355 99 14 85 21 256 186 14 172 64 149 22 127 12 70 10 13 60 115 10
is_linear=0
shrinkage=0.0314868


Tree=11
num_leaves=38
num_cat=0
split_feature=12 27 64 65 42 45 27 54 19 11 39 1 41 38 56 24 64 64 65 26 60 53 49 64 54 41 64 64 46 40 0 53 48 47 41 40 42
split_gain=74.6588 631.233 69.8543 98.8602 587.478 47.0873 41.1757 39.6027 16.206 40.5222 100.361 256.684 30.306 44.6085 39.644 18.3318 15.895 12.5933 36.3879 16.218 12.2405 8.55979 16.9442 8.51362 5.24773 2.03159 1.86251 6.80026 1.74379 1.69156 0.527474 0.425204 0.384304 0.21348 0.0758237 0.0351955 0.00303525
threshold=1.5000000000000002 1.0000000180025095e-35 28.450000000000003 8.5000000000000018 0.92582417582417598 3.5000000000000004 1.0000000180025095e-35 41.250000000000007 1.5000000000000002 1.0000000180025095e-35 10.500000000000002 2.5000000000000004 0.45000000000000007 4.5000000000000009 0.70714285714285718 1.0000000180025095e-35 3.9500000000000006 9.9500000000000011 4.5000000000000009 1.5000000000000002 1.0000000180025095e-35 2.5000000000000004 0.73030303030303034 6.3500000000000005 39.350000000000001 1.0500000000000003 48.000000000000007 46.45000000000001 14.500000000000002 13.350000000000003 10.500000000000002 2.5000000000000004 0.45000000000000007 13.350000000000003 3.8500000000000001 36.350000000000001 0.82085561497326209
decision_type=2 2 2 2 2 2 2 2 2 2 2 2 2 2 2 2 2 2 2 2 2 2 2 2 2 2 2 2 2 2 2 2 2 2 2 2 2
left_child=2 -2 3 7 6 -3 -5 8 9 12 15 -12 13 -1 -15 23 20 18 19 31 -14 22 25 -11 28 -10 27 29 30 -4 -23 -7 -31 -18 -19 -8 -34
right_child=1 5 26 4 -6 17 35 -9 21 10 11 -13 16 14 -16 -17 33 34 -20 -21 -22 24 -24 -25 -26 -27 -28 -29 -30 32 -32 -33 36 -35 -36 -37 -38
leaf_value=0.086702950302584111 0.27682014817836259 0.073371429599614499 -0.036008478842128863 0.081336927610178189 0.37126865870838427 -0.030982599429097164 -0.023252668131640435 0.065147702585478945 -0.016741220208026018 0.022082779695301129 0.28006095801755226 -0.014597327735833214 -0.0044172760777559401 -0.01508061470905819 0.082687244525835688 0.058983338656017688 -0.02392337081735876 -0.015363168435534239 0.086838469471101229 0.031845565350777448 0.047631455167213566 -0.016094515031057945 0.058357837993453614 -0.015280324664592997 0.0098463073901086974 0.0072767748432890538 -0.014168133779458502 -0.052789985261334611 0.00084752967484831088 -0.023284931368087635 -0.024039933344965132 -0.01771630827543598 -0.013835918124176899 -0.016190984411795447 -0.021774242023152958 -0.016269833297445444 -0.017447146483486334
leaf_weight=7.9999999999999991 8.9999999999999982 7.9999999999999991 4.9999999999999991 5.0000000000000027 4.9999999999999991 5.0000000000000062 7.0000000000000027 8.9999999999999982 10.000000000000002 7.9999999999999991 4.9999999999999982 7 12.000000000000002 23.000000000000004 4.9999999999999991 4.9999999999999991 6.9999999999999991 44 4.9999999999999991 7.9999999999999991 6.9999999999999991 80 4.9999999999999991 24 7.9999999999999991 4.9999999999999991 193 5.9999999999999991 4.9999999999999991 8.9999999999999982 12.999999999999998 13.999999999999998 45 94 6.9999999999999991 14.999999999999998 17
leaf_count=8 9 8 5 5 5 5 7 9 10 8 5 7 12 23 5 5 7 44 5 8 7 80 5 24 8 5 193 6 5 9 13 14 45 94 7 15 17
internal_value=0 0.0253181 -0.00391475 0.00496986 0.0578764 0.000377443 0 0 -0.00178234 0.00366058 0.0286516 0.107778 -0.0041557 0.0211285 0.00219647 0.00283918 -0.0117854 -0.00659694 0.00877879 -0.00548936 0.0144851 -0.0106797 0.00804448 -0.00577309 -0.0142626 -0.00838298 -0.0159523 -0.0200866 -0.0162848 -0.0174331 -0.0172628 -0.0214902 -0.016049 -0.01678 -0.0163481 -0.0187349 -0.0149122
internal_weight=0 100 647 372 32 91 27 340 331 205 49 12 156 36 28 37 120 83 32 27 19 126 20 32 106 15 275 82 98 76 93 19 71 101 51 22 62
internal_count=747 100 647 372 32 91 27 340 331 205 49 12 156 36 28 37 120 83 32 27 19 126 20 32 106 15 275 82 98 76 93 19 71 101 51 22 62
is_linear=0
shrinkage=0.0314868


Tree=12
num_leaves=22
num_cat=0
split_feature=59 38 12 19 64 64 65 41 48 47 6 62 12 56 63 63 64 64 40 46 54
split_gain=71.0454 51.1459 308.685 410.216 74.5125 77.6783 70.7579 194.132 36.9485 71.1332 127.862 44.951 23.0952 18.2887 18.0303 14.8501 1.50814 6.51019 1.63309 0.402977 0.0715485
threshold=-789.99999999999989 115.00000000000001 1.5000000000000002 1.5000000000000002 28.450000000000003 27.850000000000005 9.5000000000000018 1.2500000000000002 0.45000000000000007 37.250000000000007 1.5000000000000002 1.5000000000000002 7.0000000000000009 0.56696428571428581 15.500000000000002 9.5000000000000018 48.000000000000007 46.45000000000001 13.350000000000003 3.5000000000000004 42.350000000000001
decision_type=2 2 2 2 2 2 2 2 2 2 2 2 2 2 2 2 2 2 2 2 2
left_child=-1 4 -3 -4 5 6 8 -8 9 11 -11 -2 14 -13 15 -10 17 18 -6 -20 -18
right_child=1 2 3 -5 16 -7 7 -9 12 10 -12 13 -14 -15 -16 -17 20 -19 19 -21 -22
leaf_value=0.10788146655151243 0.098631930827322231 -0.015623634324861019 0.38703415944332159 -0.015252450708052789 -0.034875401089036973 0.12887667461263852 -0.019284394182509917 0.23023685584066708 -0.001330566104770023 0.013050139584213001 0.21230292413750998 -0.013988676940880664 0.057584779804120662 0.017788201302685405 0.049203392927185265 -0.016875379074413787 -0.013602953154728748 -0.051128670471000559 -0.022650704999609094 -0.014229880430119071 -0.020279929238634028
leaf_weight=5.9999999999999991 4.9999999999999991 31 4.9999999999999982 5 4.9999999999999991 4.9999999999999991 7.9999999999999982 5 212 8.9999999999999982 4.9999999999999991 38 5.9999999999999991 34 5.9999999999999991 86 190 5.9999999999999991 8.9999999999999982 66 4.9999999999999991
leaf_count=6 5 31 5 5 5 5 8 5 212 9 5 38 6 34 6 86 190 6 9 66 5
internal_value=0 -0.00087599 0.0332932 0.185421 -0.00288502 0.00551847 0.0040149 0.0763113 0.00165736 0.0193066 0.0846212 0.00735959 -0.00350663 0.000943765 -0.00473036 -0.00583453 -0.0154342 -0.019074 -0.0166019 -0.0153118 -0.0138016
internal_weight=0 741 41 10 700 419 414 13 401 91 14 77 310 72 304 298 281 86 80 75 195
internal_count=747 741 41 10 700 419 414 13 401 91 14 77 310 72 304 298 281 86 80 75 195
is_linear=0
shrinkage=0.0314868


Tree=13
num_leaves=38
num_cat=0
split_feature=59 40 38 38 40 42 58 63 57 64 64 26 52 41 64 64 63 64 3 5 27 65 56 57 3 47 13 65 62 64 64 64 64 2 47 1 58
split_gain=66.6445 50.2726 186.9 489.613 87.3008 210.111 147.191 39.9784 159.349 38.2519 70.6185 43.9309 54.1297 26.961 21.6541 53.1141 28.3601 14.7284 13.4816 17.7805 11.4358 8.38218 8.13494 33.7385 7.51257 6.49432 5.57424 5.22638 1.85248 1.47457 1.28689 2.46052 1.20995 0.903937 1.8804 0.75298 0.773639
threshold=-789.99999999999989 35.95000000000001 115.00000000000001 125.00000000000001 35.350000000000001 0.94097222222222232 5.5000000000000009 1.5000000000000002 -2.2499999999999996 9.1500000000000004 8.7500000000000018 1.0000000180025095e-35 8.5000000000000018 2.1500000000000008 11.600000000000001 11.050000000000002 15.500000000000002 3.9500000000000006 8.5000000000000018 1.0000000180025095e-35 7.5000000000000009 1.5000000000000002 0.97222222222222232 -2.2499999999999996 94.500000000000014 36.550000000000004 1.5000000000000002 1.5000000000000002 7.5000000000000009 51.250000000000007 48.650000000000013 46.45000000000001 41.250000000000007 1.0000000180025095e-35 35.95000000000001 2.5000000000000004 -3.4999999999999996
decision_type=2 2 2 2 2 2 2 2 2 2 2 2 2 2 2 2 2 2 2 2 2 2 2 2 2 2 2 2 2 2 2 2 2 2 2 2 2
left_child=-1 2 4 -4 14 6 13 8 -3 10 11 18 20 27 15 16 17 25 19 21 -13 -9 30 -24 -10 -2 -19 -6 -20 32 31 33 35 34 -11 -16 -37
right_child=1 7 3 -5 5 -7 -8 9 24 22 -12 12 -14 -15 29 -17 -18 26 28 -21 -22 -23 23 -25 -26 -27 -28 -29 -30 -31 -32 -33 -34 -35 -36 36 -38
leaf_value=0.10448640768615414 0.0048663728934053739 0.16006950002649026 0.37219242611609238 -0.015813257827843836 0.017859135726877747 0.2131686453855666 0.152015017837135 0.03035257356020905 -0.015466821794488586 -0.032698855507474082 0.12199594881963124 -0.020806127385306634 0.10662225270648887 0.054850080028551171 -0.015726588007914322 0.10393419649601462 0.070268583912387467 -0.018682534684084991 -0.017620921881061864 0.053542612108228624 0.039814173046808191 -0.016569350274173947 0.06780780109066939 -0.014715879971104687 0.026870146613665841 0.049522136979449398 0.013033462952330859 -0.016011172049390992 0.0013781501130351798 -0.01327013011979003 -0.013474998681349833 -0.038473466376488283 -0.037563761327421161 -0.015924119727630415 -0.01650577853434633 -0.015408511418309465 -0.030952066550375492
leaf_weight=5.9999999999999991 9.9999999999999982 6.9999999999999991 4.9999999999999991 8.9999999999999982 4.9999999999999991 5.9999999999999991 6.9999999999999991 5.0000000000000062 23.000000000000004 11.999999999999998 4.9999999999999991 8.0000000000000018 7.9999999999999991 6.9999999999999991 26 4.9999999999999991 4.9999999999999991 48 60 6.9999999999999991 4.9999999999999991 14.999999999999998 5.9999999999999991 27 4.9999999999999991 4.9999999999999991 5.9999999999999991 37 4.9999999999999991 45 122 5.9999999999999991 4.9999999999999991 142 24 7.0000000000000027 10.999999999999998
leaf_count=6 10 7 5 9 5 6 7 5 23 12 5 8 8 7 26 5 5 48 60 7 5 15 6 27 5 5 6 37 5 45 122 6 5 142 24 7 11
internal_value=0 -0.00084873 0.0106714 0.122435 0.00398906 0.0360603 0.0169791 -0.00668981 0.0257017 -0.00918229 0.00622654 0.00105395 0.0421839 -0.0022124 -0.00747457 0.00462375 -0.00201911 -0.00733694 -0.00827807 0.0103037 0.00210678 -0.00457163 -0.0145614 0.00013327 -0.00771567 0.0201113 -0.0150601 -0.0118521 -0.0160781 -0.0176984 -0.0161634 -0.017917 -0.0216561 -0.0171937 -0.0220527 -0.0197257 -0.0252048
internal_weight=0 741 249 14 235 62 56 492 35 457 118 113 21 49 173 79 74 69 92 27 13 20 339 33 28 15 54 42 65 94 306 184 49 178 36 44 18
internal_count=747 741 249 14 235 62 56 492 35 457 118 113 21 49 173 79 74 69 92 27 13 20 339 33 28 15 54 42 65 94 306 184 49 178 36 44 18
is_linear=0
shrinkage=0.0314868


Tree=14
num_leaves=38
num_cat=0
split_feature=12 27 64 65 42 45 45 54 19 11 39 1 41 42 49 24 64 38 60 61 60 49 42 53 49 54 26 54 46 64 64 40 46 0 54 59 65
split_gain=62.9298 572.663 59.5344 86.4046 533.125 42.8563 38.9437 35.2194 14.6581 37.536 93.2066 235.661 27.9036 41.5447 50.4703 16.4518 14.087 12.0073 11.3228 11.0753 21.4116 57.2165 8.06871 7.52815 15.2827 5.00669 2.20293 2.14607 1.70418 1.69302 5.57609 1.50926 0.878699 0.65597 0.642076 0.312438 0.113458
threshold=1.5000000000000002 1.0000000180025095e-35 28.450000000000003 8.5000000000000018 0.92582417582417598 3.5000000000000004 85.000000000000014 41.250000000000007 1.5000000000000002 1.0000000180025095e-35 10.500000000000002 2.5000000000000004 0.45000000000000007 0.5590277777777779 0.81534090909090928 1.0000000180025095e-35 3.9500000000000006 4.5000000000000009 1.0000000180025095e-35 0.18465909090909091 0.10172413793103446 0.65686274509803932 0.68990384615384626 2.5000000000000004 0.73030303030303034 39.350000000000001 1.5000000000000002 35.650000000000013 14.500000000000002 48.000000000000007 46.45000000000001 34.350000000000001 3.5000000000000004 10.500000000000002 34.550000000000004 765.00000000000011 7.5000000000000009
decision_type=2 2 2 2 2 2 2 2 2 2 2 2 2 2 2 2 2 2 2 2 2 2 2 2 2 2 2 2 2 2 2 2 2 2 2 2 2
left_child=2 -2 3 7 6 -3 -5 8 9 12 15 -12 13 17 -15 22 18 -1 -14 34 21 -21 -11 24 27 28 -22 -10 33 30 31 -4 -33 -25 -7 -18 -36
right_child=1 5 29 4 -6 19 -8 -9 23 10 11 -13 16 14 -16 -17 35 -19 -20 20 26 -23 -24 25 -26 -27 -28 -29 -30 -31 -32 32 -34 -35 36 -37 -38
leaf_value=0.036530336538688958 0.26279420768243322 0.069125571994205118 -0.029824270794746054 -0.019279572275385785 0.35261476906105788 -0.03000507965244114 0.078028100759784835 0.061397002963720401 0.0079094503407981867 -0.016307473028758603 0.26884015761105762 -0.013463545316488421 -0.0048383161060168729 0.13274764895364366 -0.0016600273099792145 0.055821532527471573 -0.017768223094397538 -0.014503697698474241 0.045222447925190819 -0.010697641888492782 -0.017096788133317609 0.12166629334383874 0.017672676247430096 -0.015230040703083626 0.055158858289949576 0.010005941281562984 0.0055508037211152829 -0.016817070980956014 0.0014393082005435291 -0.013004757016084539 -0.048318408097491349 -0.026960214789032832 -0.013272950712372044 -0.023819553105397788 -0.018120699803478656 -0.013288639263119614 -0.012382491659127729
leaf_weight=6.0000000000000027 8.9999999999999982 7.9999999999999991 7.9999999999999991 22.000000000000004 4.9999999999999991 4.9999999999999991 4.9999999999999991 8.9999999999999982 5.0000000000000027 22 4.9999999999999982 7 12.000000000000002 5.9999999999999982 5 4.9999999999999991 62 19 6.9999999999999991 8.9999999999999982 20.000000000000004 4.9999999999999991 9.9999999999999982 80 4.9999999999999991 7.9999999999999991 4.9999999999999991 9.9999999999999982 4.9999999999999991 193 5.9999999999999991 5.9999999999999991 62 12.999999999999998 26 39 12.999999999999998
leaf_count=6 9 8 8 22 5 5 5 9 5 22 5 7 12 6 5 5 62 19 7 9 20 5 10 80 5 8 5 10 5 193 6 6 62 13 26 39 13
internal_value=0 0.0232441 -0.00359445 0.00460684 0.0540684 -0.000397866 -0.00105684 -3.32714e-05 -0.00172012 0.00345535 0.0275087 0.103762 -0.00406637 0.0201925 0.0711898 0.00262816 -0.0113884 -0.00204101 0.0133313 -0.00716499 0.00494568 0.0362144 -0.00552278 -0.0101824 0.00736467 -0.0135431 -0.0123557 -0.00822257 -0.0155197 -0.0147077 -0.0186508 -0.0162371 -0.0145596 -0.0164883 -0.0180192 -0.0160913 -0.0163447
internal_weight=0 100 647 372 32 91 27 340 331 205 49 12 156 36 11 37 120 25 19 83 39 14 32 126 20 106 25 15 98 275 82 76 68 93 44 101 39
internal_count=747 100 647 372 32 91 27 340 331 205 49 12 156 36 11 37 120 25 19 83 39 14 32 126 20 106 25 15 98 275 82 76 68 93 44 101 39
is_linear=0
shrinkage=0.0314868


Tree=15
num_leaves=38
num_cat=0
split_feature=59 40 38 38 40 3 63 39 48 55 64 64 26 52 15 47 0 3 5 63 41 6 27 64 65 56 57 65 40 3 62 64 64 2 47 54 59
split_gain=61.5843 46.3006 172.899 451.348 81.7748 221.315 36.6254 143.963 36.1815 85.6021 35.2653 65.1086 39.7357 48.728 35.1219 67.9616 18.5516 12.2742 16.2488 12.2658 11.2914 32.3513 10.6649 9.99162 9.03505 7.63888 30.5854 7.52225 2.64312 1.95203 1.71061 1.43915 2.02076 1.30933 2.52894 0.907542 0.569862
threshold=-789.99999999999989 35.95000000000001 115.00000000000001 125.00000000000001 35.750000000000007 8.5000000000000018 1.5000000000000002 14.500000000000002 0.45000000000000007 1.4500000000000002 9.1500000000000004 8.7500000000000018 1.0000000180025095e-35 8.5000000000000018 6.5000000000000009 35.150000000000013 6.5000000000000009 8.5000000000000018 1.0000000180025095e-35 15.500000000000002 3.4500000000000006 1.0000000180025095e-35 7.5000000000000009 3.5500000000000003 1.5000000000000002 0.97222222222222232 -2.2499999999999996 1.5000000000000002 35.650000000000013 25.500000000000004 7.5000000000000009 48.650000000000013 46.45000000000001 1.0000000180025095e-35 35.95000000000001 34.750000000000007 -1.0000000180025095e-35
decision_type=2 2 2 2 2 2 2 2 2 2 2 2 2 2 2 2 2 2 2 2 2 2 2 2 2 2 2 2 2 2 2 2 2 2 2 2 2
left_child=-1 2 4 -4 8 -6 7 16 9 14 11 12 17 22 23 -16 -3 18 27 20 24 -22 -14 -2 -10 31 -27 -8 -26 -7 -19 32 33 34 -12 -25 -23
right_child=1 6 3 -5 5 29 10 -9 19 -11 25 -13 13 -15 15 -17 -18 30 -20 -21 21 36 -24 35 28 26 -28 -29 -30 -31 -32 -33 -34 -35 -36 -37 -38
leaf_value=0.10044131851562818 0.021576090701246768 -0.015153380422612864 0.35753625682006485 -0.014977633693691827 0.207778986435633 0.0091407123359488977 0.028724661203945769 0.18095277280939639 0.020404960684817289 0.13315078652314793 -0.034588381255497659 0.1171477599501619 -0.020022114263611765 0.10127631644670117 -0.016387829857684683 0.1400834460730303 0.043353726255563212 -0.016783170847828571 0.051206485380340692 0.0264045182225159 0.071626502399274442 -0.0112528213937677 0.038515343364906897 -0.031338413788888193 -0.016870541186555534 0.064703802731315624 -0.01386702410451587 -0.015717332021148955 0.0056961585548467837 -0.01452039652578993 0.0014452127067103441 -0.012707174380576006 -0.036112545652469089 -0.015223140232671949 -0.016067524864383141 -0.016304608984885918 -0.028928249911988915
leaf_weight=5.9999999999999991 7.0000000000000027 23.000000000000004 4.9999999999999991 8.9999999999999982 7.0000000000000027 4.9999999999999991 5.0000000000000062 4.9999999999999991 6.9999999999999991 5.9999999999999991 11.999999999999998 4.9999999999999991 8.0000000000000018 7.9999999999999991 5.9999999999999982 5 6.9999999999999991 60 6.9999999999999991 8.9999999999999982 5.9999999999999991 4.9999999999999991 4.9999999999999991 7.0000000000000027 128 5.9999999999999991 27 14.999999999999998 4.9999999999999991 9.9999999999999982 4.9999999999999991 122 5.9999999999999991 142 24 17 4.9999999999999991
leaf_count=6 7 23 5 9 7 5 5 5 7 6 12 5 8 8 6 5 7 60 7 9 6 5 5 7 128 6 27 15 5 10 5 122 6 142 24 17 5
internal_value=0 -0.00081594 0.0102394 0.117736 0.00381134 0.0616089 -0.00642179 0.0245798 -0.00213436 0.0218927 -0.00880781 0.00598601 0.00101743 0.0401363 0.00586407 0.0542747 -0.00132239 -0.00785546 0.00986963 -0.00915639 -0.0112424 0.013646 0.00208957 -0.0111471 -0.0141248 -0.0139729 0.000263197 -0.00433975 -0.0159823 -0.0062807 -0.0152997 -0.0155254 -0.0173651 -0.0167028 -0.0223905 -0.0209133 -0.0206254
internal_weight=0 741 249 14 235 22 492 35 213 48 457 118 113 21 42 11 30 92 27 165 156 16 13 31 140 339 33 20 133 15 65 306 184 178 36 24 10
internal_count=747 741 249 14 235 22 492 35 213 48 457 118 113 21 42 11 30 92 27 165 156 16 13 31 140 339 33 20 133 15 65 306 184 178 36 24 10
is_linear=0
shrinkage=0.0314868


Tree=16
num_leaves=38
num_cat=0
split_feature=59 42 42 1 57 48 64 52 64 48 47 19 62 12 56 62 64 64 54 48 64 52 64 64 12 42 62 40 56 27 3 64 60 41 54 54 58
split_gain=57.7684 43.6847 201.377 386.346 73.6539 349.685 50.2494 45.1819 34.5393 37.0053 104.526 107.137 37.553 26.3956 24.284 36.768 19.5353 25.4916 19.6667 11.456 4.06319 1.72003 1.17359 2.63453 0.863349 0.800226 0.711314 0.486466 0.544941 0.93045 0.327772 0.262369 0.453501 0.201691 0.15389 0.14919 0.122789
threshold=-789.99999999999989 0.91987179487179505 0.92582417582417598 4.5000000000000009 -2.2499999999999996 1.5500000000000003 21.200000000000006 115.00000000000001 20.450000000000003 0.45000000000000007 37.250000000000007 1.0000000180025095e-35 1.5000000000000002 7.0000000000000009 0.56696428571428581 6.5000000000000009 8.3500000000000032 8.0500000000000025 39.350000000000001 3.4500000000000006 3.9500000000000006 3.5000000000000004 48.000000000000007 45.750000000000007 1.5000000000000002 0.93095238095238109 7.5000000000000009 35.650000000000013 0.87083333333333346 2.5000000000000004 1.0000000180025095e-35 28.450000000000003 0.15192307692307691 2.2500000000000004 36.350000000000001 42.350000000000001 -7.4999999999999991
decision_type=2 2 2 2 2 2 2 2 2 2 2 2 2 2 2 2 2 2 2 2 2 2 2 2 2 2 2 2 2 2 2 2 2 2 2 2 2
left_child=-1 6 3 -3 5 33 8 20 9 10 12 -12 -2 16 26 -16 17 18 -11 24 -6 -22 23 27 -18 -23 -14 28 29 -8 -27 32 -29 34 -4 -24 -33
right_child=1 2 4 -5 7 -7 22 -9 -10 13 11 -13 14 -15 15 -17 19 -19 -20 -21 21 25 35 -25 -26 30 -28 31 -30 -31 -32 36 -34 -35 -36 -37 -38
leaf_value=0.097280405090684682 0.090372931695205438 0.34887131909093477 -0.026281423644889165 -0.025062339967428127 0.0053118299282565902 0.24134713200649585 -0.012139386997491945 0.068540886450558225 0.085828433178923788 -0.0034241020033825729 0.012256576001102255 0.21954456209628798 -0.012259803965896918 0.061771101671722152 -0.0015832144137765921 0.080769250927571035 -0.014851143378307377 0.073477928245836058 0.039090375480533485 0.024990147017238756 -0.03351948719211699 -0.028425052670513155 -0.012479071188101281 -0.036534258779095101 -0.022887058976735056 -0.023468769756633416 -0.024490047435723812 -0.01436639368559036 -0.031000562586989917 -0.028353203774162415 -0.013370202751549088 -0.0183000841958245 -0.026461966224670796 -0.012466329796693416 -0.014813617291495345 -0.02011948688274405 -0.011801900560084726
leaf_weight=5.9999999999999991 4.9999999999999991 4.9999999999999982 7.0000000000000053 6 8.9999999999999982 6.9999999999999991 14.000000000000005 6.9999999999999991 4.9999999999999991 106 4.9999999999999982 5 32 5.9999999999999991 16.000000000000004 7.9999999999999991 98 4.9999999999999991 11.999999999999998 6.9999999999999991 5.9999999999999991 4.9999999999999991 157 6.9999999999999991 19 4.9999999999999991 6.9999999999999991 16.000000000000004 4.9999999999999991 5.9999999999999991 67 6.9999999999999991 5.9999999999999991 6.9999999999999991 5 4.9999999999999991 46
leaf_count=6 5 5 7 6 9 7 14 7 5 106 5 5 32 6 16 8 98 5 12 7 6 5 157 7 19 5 7 16 5 6 67 7 6 7 5 5 46
internal_value=0 -0.000789629 0.0153262 0.144478 0.00391517 0.0511037 -0.00442116 -0.00842562 0.00368566 0.00242806 0.0213978 0.116466 0.00733477 -0.00339963 0.000656335 0.0256543 -0.0050049 0.00385245 0.000855528 -0.0138333 -0.0143414 -0.0165363 -0.0145667 -0.0172706 -0.0162019 -0.0151429 -0.0145923 -0.0158682 -0.0202324 -0.0172715 -0.0141459 -0.0143422 -0.0179088 -0.0187361 -0.0219488 -0.0127479 -0.0127609
internal_weight=0 741 136 11 125 26 605 99 336 331 78 10 68 253 63 24 247 123 118 124 92 83 269 107 117 77 39 100 25 20 72 75 22 19 12 162 53
internal_count=747 741 136 11 125 26 605 99 336 331 78 10 68 253 63 24 247 123 118 124 92 83 269 107 117 77 39 100 25 20 72 75 22 19 12 162 53
is_linear=0
shrinkage=0.0314868


Tree=17
num_leaves=38
num_cat=0
split_feature=12 27 64 65 42 45 7 54 19 11 39 1 41 42 55 24 64 60 38 61 60 49 42 63 40 65 56 26 64 64 40 46 54 59 65 42 55
split_gain=56.3191 522.065 51.7468 79.2568 482.358 37.8026 36.162 29.8293 13.3465 34.1526 82.5556 208.578 25.0919 37.1808 45.2895 14.801 11.859 10.4072 10.3828 9.79307 18.9135 51.4139 7.43635 7.11329 24.2694 4.31313 6.98925 1.95614 1.71501 4.61051 1.40322 0.965713 0.931534 0.353155 0.132354 0.117995 0.105259
threshold=1.5000000000000002 1.0000000180025095e-35 28.450000000000003 8.5000000000000018 0.92582417582417598 3.5000000000000004 89.000000000000014 41.250000000000007 1.5000000000000002 1.0000000180025095e-35 10.500000000000002 2.5000000000000004 0.45000000000000007 0.5590277777777779 0.65000000000000002 1.0000000180025095e-35 3.9500000000000006 1.0000000180025095e-35 4.5000000000000009 0.18465909090909091 0.10172413793103446 0.65686274509803932 0.68990384615384626 1.5000000000000002 37.750000000000007 1.5000000000000002 0.62019230769230782 1.5000000000000002 48.000000000000007 46.45000000000001 34.350000000000001 3.5000000000000004 34.550000000000004 765.00000000000011 7.5000000000000009 0.91287878787878796 0.25000000000000006
decision_type=2 2 2 2 2 2 2 2 2 2 2 2 2 2 2 2 2 2 2 2 2 2 2 2 2 2 2 2 2 2 2 2 2 2 2 2 2
left_child=2 -2 3 7 6 -3 -5 8 9 12 15 -12 13 18 -15 22 17 -14 -1 32 21 -21 -11 24 -10 26 -25 36 29 30 -4 -32 -7 -18 -34 -33 -22
right_child=1 5 28 4 -6 19 -8 -9 23 10 11 -13 16 14 -16 -17 33 -19 -20 20 27 -23 -24 25 -26 -27 -28 -29 -30 -31 31 35 34 -35 -36 -37 -38
leaf_value=0.033835572602474141 0.25071040678025758 0.064706472780592592 -0.028630556953184526 -0.01837784664319829 0.33559069191776564 -0.031020158435273094 0.075392377859404253 0.056330754169599796 -0.024276834256131235 -0.015380390331784255 0.25319869033008197 -0.01234664452663462 -0.0056841353281939311 -0.00169953372848413 0.12557110617986444 0.053158220441753182 -0.016983514926202176 0.042322592981764454 -0.013614439908317713 -0.010610219977124266 -0.021688965056463883 0.1148451645950176 0.017242539003891784 -0.022731281575065827 0.06626145134950151 -0.014674142397482486 0.021019398752690079 0.0050049042642864635 -0.012055404410273222 -0.044759871724057577 -0.026764450823257045 -0.011388779112925086 -0.01703222890530157 -0.012359867231593422 -0.011225358683719636 -0.016189243378702891 -0.01358502752926642
leaf_weight=6.0000000000000027 8.9999999999999982 7.9999999999999991 7.9999999999999991 22.000000000000004 4.9999999999999991 4.9999999999999991 4.9999999999999991 8.9999999999999982 6.9999999999999982 22 4.9999999999999982 7 12.000000000000002 4.9999999999999982 6 4.9999999999999991 62 6.9999999999999991 19 8.9999999999999982 6.0000000000000062 4.9999999999999991 9.9999999999999982 5.9999999999999991 5 99 8.9999999999999982 4.9999999999999991 193 5.9999999999999991 5.9999999999999991 48 26 39 12.999999999999998 13.999999999999998 13.999999999999998
leaf_count=6 9 8 8 22 5 5 5 9 7 22 5 7 12 5 6 5 62 7 19 9 6 5 10 6 5 99 9 5 193 6 6 48 26 39 13 14 14
internal_value=0 0.0219872 -0.00340253 0.00424279 0.0516149 -0.000583566 -0.000810426 -0.000200648 -0.00175425 0.00318314 0.0261279 0.0978942 -0.00399034 0.0190104 0.0672564 0.00270305 -0.0109349 0.0117284 -0.00201215 -0.0069425 0.00443793 0.0338335 -0.00501983 -0.00982914 0.0130145 -0.0122804 0.00316563 -0.0118143 -0.0137637 -0.0177195 -0.0155134 -0.0138912 -0.0171494 -0.0152509 -0.0152332 -0.0125588 -0.0162836
internal_weight=0 100 647 372 32 91 27 340 331 205 49 12 156 36 11 37 120 19 25 83 39 14 32 126 12 114 15 25 275 82 76 68 44 101 39 62 20
internal_count=747 100 647 372 32 91 27 340 331 205 49 12 156 36 11 37 120 19 25 83 39 14 32 126 12 114 15 25 275 82 76 68 44 101 39 62 20
is_linear=0
shrinkage=0.0314868


Tree=18
num_leaves=38
num_cat=0
split_feature=59 40 38 38 40 3 63 57 48 55 55 64 64 26 52 63 3 5 49 27 41 3 65 46 56 57 65 64 40 3 38 62 64 2 65 40 39
split_gain=53.4026 42.3198 158.707 409.409 73.4033 195.372 32.3493 133.587 32.0997 76.292 31.9629 30.5913 57.1648 34.6204 44.2001 11.1497 10.8484 14.6484 10.7226 10.2182 9.45589 29.0122 8.08084 7.26626 7.08879 26.7822 6.76393 6.76164 2.36906 1.77548 1.77143 1.58375 1.56325 1.98221 3.27998 3.8922 1.95369
threshold=-789.99999999999989 35.95000000000001 115.00000000000001 125.00000000000001 35.750000000000007 8.5000000000000018 1.5000000000000002 -2.2499999999999996 0.45000000000000007 1.4500000000000002 1.0000000180025095e-35 9.1500000000000004 8.7500000000000018 1.0000000180025095e-35 8.5000000000000018 15.500000000000002 8.5000000000000018 1.0000000180025095e-35 0.30625000000000008 7.5000000000000009 3.4500000000000006 17.500000000000004 1.5000000000000002 6.5000000000000009 0.97222222222222232 -2.2499999999999996 1.5000000000000002 3.5500000000000003 35.650000000000013 25.500000000000004 7.5000000000000009 7.5000000000000009 48.000000000000007 1.0000000180025095e-35 8.5000000000000018 37.350000000000001 12.500000000000002
decision_type=2 2 2 2 2 2 2 2 2 2 2 2 2 2 2 2 2 2 2 2 2 2 2 2 2 2 2 2 2 2 2 2 2 2 2 2 2
left_child=-1 2 4 -4 8 -6 7 -3 9 10 -2 12 13 16 19 20 17 26 -12 -15 22 -22 -10 -9 32 -26 -8 -20 -24 -7 -23 -18 33 34 36 -36 -13
right_child=1 6 3 -5 5 29 11 23 15 -11 18 24 -14 14 -16 -17 31 -19 27 -21 21 30 28 -25 25 -27 -28 -29 -30 -31 -32 -33 -34 -35 35 -37 -38
leaf_value=0.09352858327498198 0.072830815345589342 0.14604338272779629 0.3411845206417759 -0.013572833826586712 0.19574141502834924 0.0093480054975131968 0.02697641459562455 0.026436070599952035 0.019410742207651939 0.12568005804656349 0.036932082300900913 -0.011681089099476249 0.10956918927410372 -0.020627228636432637 0.095494229977659384 0.025297770126159736 -0.015955630962532805 0.048383301237849556 0.014175772324637199 0.036700356949833202 0.075217899617773865 -0.027610298553776638 -0.015829363690715529 -0.015197617095589184 0.06084240582280255 -0.012676618785047569 -0.015150529461938705 -0.020635922352394271 0.0055011097272009814 -0.013241337209480815 -0.001058097407524278 0.0015598815887586002 -0.011794610523670004 -0.014812026324896367 -0.059291728644255803 -0.017953449714346422 -0.030941977009405791
leaf_weight=5.9999999999999991 5.9999999999999991 6.9999999999999991 4.9999999999999991 8.9999999999999982 7.0000000000000027 4.9999999999999991 5.0000000000000062 5.0000000000000027 6.9999999999999991 5.9999999999999991 4.9999999999999991 20.000000000000004 4.9999999999999991 8.0000000000000018 7.9999999999999991 8.9999999999999982 60 6.9999999999999991 7.0000000000000027 4.9999999999999991 4.9999999999999991 5.9999999999999982 128 23 5.9999999999999991 27 14.999999999999998 24 4.9999999999999991 9.9999999999999982 5 4.9999999999999991 124 144 4.9999999999999982 5 7.9999999999999991
leaf_count=6 6 7 5 9 7 5 5 5 7 6 5 20 5 8 8 9 60 7 7 5 5 6 128 23 6 27 15 24 5 10 5 5 124 144 5 5 8
internal_value=0 -0.000762837 0.00980622 0.112797 0.00364667 0.0584062 -0.00612258 0.0230103 -0.00198521 0.0206443 0.00550497 -0.00836548 0.0054106 0.000752099 0.0372701 -0.00860063 -0.00752706 0.00912845 -0.00557455 0.0010188 -0.0105907 0.012167 -0.0132295 -0.00757209 -0.0131763 0.000534812 -0.00435189 -0.012604 -0.0149876 -0.00535878 -0.0160254 -0.0145269 -0.0146722 -0.0166035 -0.0232513 -0.0391633 -0.0173759
internal_weight=0 741 249 14 235 22 492 35 213 48 42 457 118 113 21 165 92 27 36 13 156 16 140 28 339 33 20 31 133 15 11 65 306 182 38 10 28
internal_count=747 741 249 14 235 22 492 35 213 48 42 457 118 113 21 165 92 27 36 13 156 16 140 28 339 33 20 31 133 15 11 65 306 182 38 10 28
is_linear=0
shrinkage=0.0314868


Tree=19
num_leaves=38
num_cat=0
split_feature=12 27 64 65 42 45 45 54 19 11 42 11 47 41 38 56 64 60 61 60 49 63 40 58 65 56 63 64 64 40 46 40 47 4 42 65 55
split_gain=51.5687 480.735 47.0972 73.7632 446.109 34.9028 33.6112 27.0441 12.4068 31.1652 76.4523 41.1278 57.5884 22.9846 34.2136 29.2408 10.2786 9.21259 8.99498 17.0178 47.1373 6.31695 22.3545 5.30422 3.81808 6.6237 1.82487 1.63249 4.04884 1.32012 1.1619 1.13525 0.429152 0.191985 0.181057 0.160841 0.115937
threshold=1.5000000000000002 1.0000000180025095e-35 28.450000000000003 8.5000000000000018 0.92582417582417598 3.5000000000000004 85.000000000000014 41.250000000000007 1.5000000000000002 1.0000000180025095e-35 0.91987179487179505 1.5000000000000002 35.150000000000013 0.45000000000000007 4.5000000000000009 0.70714285714285718 3.9500000000000006 1.0000000180025095e-35 0.18465909090909091 0.10172413793103446 0.65686274509803932 1.5000000000000002 37.750000000000007 -4.4999999999999991 1.5000000000000002 0.62019230769230782 3.5000000000000004 48.000000000000007 46.45000000000001 34.350000000000001 3.5000000000000004 34.850000000000001 34.150000000000013 1.5000000000000002 0.91287878787878796 8.5000000000000018 0.25000000000000006
decision_type=2 2 2 2 2 2 2 2 2 2 2 2 2 2 2 2 2 2 2 2 2 2 2 2 2 2 2 2 2 2 2 2 2 2 2 2 2
left_child=2 -2 3 7 6 -3 33 8 9 13 11 23 -13 14 -1 -16 17 -15 31 20 -20 22 -10 -11 25 -23 -21 28 29 -4 -31 -7 -18 -5 -32 -33 -28
right_child=1 5 27 4 -6 18 -8 -9 21 10 -12 12 -14 16 15 -17 32 -19 19 26 -22 24 -24 -25 -26 -27 36 -29 -30 30 34 35 -34 -35 -36 -37 -38
leaf_value=0.075618142577217315 0.24052218893714203 0.062115254249586173 -0.027661454448534649 -0.013597592350668257 0.32283502900310457 -0.03156873546683072 0.072788397423627027 0.053576815071884165 -0.023776692064540902 0.018289207569753396 0.12132272835767818 -0.010087144863331883 0.12709751823083049 -0.0057472176928610773 -0.013224125429313989 0.070741692011005081 -0.019576032408517848 0.039413607958725283 -0.010473052573115663 0.0031787528224610502 0.10963681397841647 -0.022523482326817307 0.063115837270823164 -0.016837161322862844 -0.014077637725232125 0.020078250816063025 -0.022254393212427264 -0.011473918110008171 -0.042382648174032547 -0.027284460405086371 -0.010628366034490206 -0.016193765558927195 -0.013319867607753782 -0.021902113473590164 -0.01593658530056723 -0.010064931224543142 -0.013474591872093687
leaf_weight=7.9999999999999991 8.9999999999999982 7.9999999999999991 7.9999999999999991 12.000000000000005 4.9999999999999991 4.9999999999999991 4.9999999999999991 8.9999999999999982 6.9999999999999982 4.9999999999999991 6.9999999999999991 5.9999999999999982 6 12.000000000000002 23.000000000000004 4.9999999999999991 18 6.9999999999999991 8.9999999999999982 6.0000000000000027 4.9999999999999991 5.9999999999999991 5 25.000000000000004 99 8.9999999999999982 5.0000000000000027 193 5.9999999999999991 5.9999999999999991 48 27 83 9.9999999999999982 13.999999999999998 11.999999999999998 13.999999999999998
leaf_count=8 9 8 8 12 5 5 5 9 7 5 7 6 6 12 23 5 18 7 9 6 5 6 5 25 99 9 5 193 6 6 48 27 83 10 14 12 14
internal_value=0 0.021039 -0.00325634 0.00403693 0.049738 -0.000617564 -0.000671505 -0.00024922 -0.00172924 0.00303039 0.0249493 0.00875328 0.0580801 -0.00382087 0.0181906 0.00158724 -0.0104687 0.0106165 -0.00672993 0.00417194 0.0320608 -0.00951491 0.0119951 -0.0108052 -0.0118258 0.00268401 -0.0112364 -0.0131413 -0.0170006 -0.0149256 -0.0133483 -0.0165127 -0.0144877 -0.0176153 -0.011913 -0.0144445 -0.0160666
internal_weight=0 100 647 372 32 91 27 340 331 205 49 42 12 156 36 28 120 19 83 39 14 126 12 30 114 15 25 275 82 76 68 44 101 22 62 39 19
internal_count=747 100 647 372 32 91 27 340 331 205 49 42 12 156 36 28 120 19 83 39 14 126 12 30 114 15 25 275 82 76 68 44 101 22 62 39 19
is_linear=0
shrinkage=0.0314868


Tree=20
num_leaves=38
num_cat=0
split_feature=59 40 38 38 40 42 58 63 57 64 64 26 52 41 64 64 63 64 3 5 27 4 56 57 65 49 47 57 12 27 52 0 4 56 64 42 59
split_gain=49.3928 39.5085 146.93 377.179 68.4856 172.156 120.619 29.3958 121.949 27.6229 52.9178 31.5231 39.875 18.9495 15.8819 41.8795 22.559 11.0278 9.77975 13.4442 9.57037 7.17057 6.64496 24.8345 6.01384 5.25246 5.05835 4.63758 1.91083 15.3671 1.64 1.99399 1.62881 1.44547 0.990146 1.85187 7.27511
threshold=-789.99999999999989 35.95000000000001 115.00000000000001 125.00000000000001 35.350000000000001 0.94097222222222232 5.5000000000000009 1.5000000000000002 -2.2499999999999996 9.1500000000000004 8.7500000000000018 1.0000000180025095e-35 8.5000000000000018 2.1500000000000008 11.600000000000001 11.050000000000002 15.500000000000002 3.9500000000000006 8.5000000000000018 1.0000000180025095e-35 7.5000000000000009 5.5000000000000009 0.97222222222222232 -2.2499999999999996 1.5000000000000002 0.16025641025641021 36.550000000000004 -1.7499999999999998 1.5000000000000002 1.0000000180025095e-35 6.5000000000000009 1.0000000180025095e-35 1.5000000000000002 0.93933823529411764 48.000000000000007 0.92582417582417598 550.00000000000011
decision_type=2 2 2 2 2 2 2 2 2 2 2 2 2 2 2 2 2 2 2 2 2 2 2 2 2 2 2 2 2 2 2 2 2 2 2 2 2
left_child=-1 2 4 -4 14 6 13 8 -3 10 11 18 20 27 15 16 17 26 19 24 -13 -10 28 -24 -9 -19 -2 -6 34 -30 31 -16 -33 -20 35 -11 -37
right_child=1 7 3 -5 5 -7 -8 9 21 22 -12 12 -14 -15 30 -17 -18 25 33 -21 -22 -23 23 -25 -26 -27 -28 -29 29 -31 -32 32 -34 -35 -36 36 -38
leaf_value=0.089948196315843693 0.0033251969808455687 0.13941026720018815 0.3277881933939375 -0.012696561526779641 0.01439181560312802 0.19227698457556322 0.13692187216195134 0.025065373094300483 -0.014933361468406115 -0.013406011179283856 0.10525065960924844 -0.01998540299916747 0.090705154139376201 0.045118729909923473 -0.0070497987128572744 0.09194272046112606 0.062317295059149222 0.013707578047068045 -0.015356295607412848 0.046075074193789416 0.035494838008887253 0.026428815677839078 0.058725784263430954 -0.012067202945334974 -0.014636202967753958 -0.017098744811173159 0.042781137036371375 -0.015127365389138272 -0.072562384683682382 -0.013443223563023013 -0.013324724321435529 -0.046701871675041931 -0.019901883330644216 0.0013266574401037013 -0.010648225497533236 -0.057178305744256003 -0.011697611425436306
leaf_weight=5.9999999999999991 9.9999999999999982 6.9999999999999991 4.9999999999999991 8.9999999999999982 5.9999999999999991 5.9999999999999991 6.9999999999999991 5.0000000000000062 23.000000000000004 130 4.9999999999999991 8.0000000000000018 7.9999999999999991 6.9999999999999991 4.9999999999999991 4.9999999999999991 4.9999999999999991 5.9999999999999991 60 6.9999999999999991 4.9999999999999991 4.9999999999999991 5.9999999999999991 27 14.999999999999998 48 4.9999999999999991 36 4.9999999999999991 38 78 4.9999999999999982 6 4.9999999999999991 115 5.0000000000000027 12.999999999999998
leaf_count=6 10 7 5 9 6 6 7 5 23 130 5 8 8 7 5 5 5 6 60 7 5 5 6 27 15 48 5 36 5 38 78 5 6 5 115 5 13
internal_value=0 -0.000734146 0.00947755 0.108574 0.00355006 0.0319575 0.0146761 -0.00591303 0.0218559 -0.00805146 0.00503736 0.000553548 0.0354026 -0.00268736 -0.00660046 0.00375232 -0.00213871 -0.00688868 -0.00734461 0.00846151 0.000949986 -0.00735631 -0.0126231 0.00064843 -0.00444411 -0.0135773 0.0168358 -0.0107837 -0.0140716 -0.0204453 -0.0153573 -0.0249311 -0.0325741 -0.0139917 -0.0130091 -0.0148076 -0.0246326
internal_weight=0 741 249 14 235 62 56 492 35 457 118 113 21 49 173 79 74 69 92 27 13 28 339 33 20 54 15 42 306 43 94 16 11 65 263 148 18
internal_count=747 741 249 14 235 62 56 492 35 457 118 113 21 49 173 79 74 69 92 27 13 28 339 33 20 54 15 42 306 43 94 16 11 65 263 148 18
is_linear=0
shrinkage=0.0314868


Tree=21
num_leaves=38
num_cat=0
split_feature=12 27 64 65 42 7 45 54 19 11 39 1 41 42 49 64 42 64 60 2 61 60 41 53 54 65 56 26 64 42 59 57 40 40 63 46 65
split_gain=46.9582 447.246 42.5936 68.4105 411.406 32.5533 32.3599 24.5213 11.2301 28.8588 73.2255 186.482 21.3741 32.0237 39.2045 13.0483 32.1237 9.26812 8.53051 8.48046 8.03996 15.4525 34.9253 5.78106 4.18365 3.80335 6.26179 3.41648 1.56203 2.55027 2.40262 2.00269 1.33687 1.28268 0.682491 0.547869 0.172902
threshold=1.5000000000000002 1.0000000180025095e-35 28.450000000000003 8.5000000000000018 0.92582417582417598 89.000000000000014 3.5000000000000004 41.250000000000007 1.5000000000000002 1.0000000180025095e-35 10.500000000000002 2.5000000000000004 0.45000000000000007 0.5590277777777779 0.81534090909090928 8.5500000000000025 0.60769230769230786 3.9500000000000006 1.0000000180025095e-35 5.5000000000000009 0.18465909090909091 0.096006144393241163 0.95000000000000007 1.5000000000000002 39.350000000000001 1.5000000000000002 0.62019230769230782 2.5000000000000004 50.150000000000013 0.65476190476190488 765.00000000000011 1.0000000180025095e-35 34.850000000000001 35.250000000000007 1.5000000000000002 2.5000000000000004 8.5000000000000018
decision_type=2 2 2 2 2 2 2 2 2 2 2 2 2 2 2 2 2 2 2 2 2 2 2 2 2 2 2 2 2 2 2 2 2 2 2 2 2
left_child=2 -2 3 7 5 -5 -3 8 9 12 15 -12 13 19 -15 16 -11 18 -14 -1 32 22 -22 -10 25 26 -25 -23 29 -4 31 33 -8 -31 -27 -19 -34
right_child=1 6 28 4 -6 -7 20 -9 23 10 11 -13 17 14 -16 -17 -18 35 -20 -21 21 27 -24 24 -26 34 -28 -29 -30 30 -32 -33 36 -35 -36 -37 -38
leaf_value=-0.011416152075352256 0.23177642945265498 0.059588782589357771 -0.010495334443586147 -0.01724078584626032 0.31009856300134919 0.071730041935991584 -0.032094687029441508 0.050952312270984283 0.023727981347267776 -0.0062493130603690624 0.23835219566129595 -0.01270478033436565 -0.0059110875716966941 0.11648607044971937 -0.0018601111259687216 -0.014323494221076474 0.089605520322245877 -0.01956909138515639 0.037545601012815046 0.034356243431539764 0.097066276397332354 -0.014915716457040509 -0.011305218373744355 -0.022137737877306007 0.011140337280615292 -0.023457290813729305 0.019289558228720392 0.013478341571227129 -0.010793415377791981 -0.047868494805691449 -0.012614199373240842 -0.015206102685550777 -0.015501008306631413 -0.026928205344113453 -0.013388362104292116 -0.012731978643110849 -0.0093288496229735115
leaf_weight=20.000000000000004 8.9999999999999982 7.9999999999999991 44 22.000000000000004 4.9999999999999991 4.9999999999999991 4.9999999999999991 8.9999999999999982 4.9999999999999991 10.999999999999998 4.9999999999999982 7 12.000000000000002 5.9999999999999982 5 21 4.9999999999999991 18 6.9999999999999991 4.9999999999999991 4.9999999999999982 22.000000000000004 7 5.9999999999999991 7.9999999999999991 8.9999999999999982 8.9999999999999982 4.9999999999999991 187 6.0000000000000062 19 8.9999999999999982 27 9.9999999999999982 89 83 11.999999999999998
leaf_count=20 9 8 44 22 5 5 5 9 5 11 5 7 12 6 5 21 5 18 7 5 5 22 7 6 8 9 9 5 187 6 19 9 27 10 89 83 12
internal_value=0 0.0200756 -0.0031083 0.00382696 0.0478389 -0.000562466 -0.000811057 -0.000300194 -0.00171021 0.002817 0.0239102 0.0914969 -0.00377488 0.017449 0.0622267 0.00184134 0.0233867 -0.0101864 0.00982462 -0.00204704 -0.00669847 0.00360021 0.0334227 -0.00911775 -0.0105193 -0.0120998 0.00236508 -0.00946081 -0.012509 -0.0160939 -0.0215712 -0.0281647 -0.0159466 -0.0351191 -0.0143677 -0.0140034 -0.0137383
internal_weight=0 100 647 372 32 27 91 340 331 205 49 12 156 36 11 37 16 120 19 25 83 39 12 126 121 113 15 27 275 88 44 25 44 16 98 101 39
internal_count=747 100 647 372 32 27 91 340 331 205 49 12 156 36 11 37 16 120 19 25 83 39 12 126 121 113 15 27 275 88 44 25 44 16 98 101 39
is_linear=0
shrinkage=0.0314868


Tree=22
num_leaves=38
num_cat=0
split_feature=59 40 38 38 40 3 48 55 12 63 39 64 64 26 52 13 63 27 3 5 41 6 41 65 56 57 65 64 12 27 40 3 60 61 45 0 64
split_gain=45.8239 36.3845 135.976 347.765 63.187 168.962 27.0401 65.7475 29.5924 27.0084 114.901 25.6311 48.7819 28.5409 36.1917 16.7704 9.02063 8.96381 8.87418 12.1456 8.23013 27.4943 7.39285 6.64409 6.24959 22.4939 5.39678 4.83784 2.27127 18.5041 1.87918 1.79825 1.33291 1.25888 0.952435 0.625461 0.455305
threshold=-789.99999999999989 35.95000000000001 115.00000000000001 125.00000000000001 35.750000000000007 8.5000000000000018 0.45000000000000007 1.4500000000000002 2.5000000000000004 1.5000000000000002 14.500000000000002 9.1500000000000004 8.7500000000000018 1.0000000180025095e-35 8.5000000000000018 1.5000000000000002 15.500000000000002 7.5000000000000009 8.5000000000000018 1.0000000180025095e-35 3.4500000000000006 1.0000000180025095e-35 1.0000000180025095e-35 1.5000000000000002 0.97222222222222232 -2.2499999999999996 1.5000000000000002 3.5500000000000003 1.5000000000000002 1.0000000180025095e-35 35.650000000000013 25.500000000000004 0.18465909090909091 0.6515151515151516 5.5000000000000009 3.5000000000000004 48.650000000000013
decision_type=2 2 2 2 2 2 2 2 2 2 2 2 2 2 2 2 2 2 2 2 2 2 2 2 2 2 2 2 2 2 2 2 2 2 2 2 2
left_child=-1 2 4 -4 6 -6 7 8 22 10 15 12 13 18 17 -3 20 -15 19 26 23 -22 -2 -8 28 -26 -11 -24 33 -30 -25 -7 -20 34 -13 -23 -36
right_child=1 9 3 -5 5 31 16 -9 -10 11 -12 24 -14 14 -16 -17 -18 -19 32 -21 21 35 27 30 25 -27 -28 -29 29 -31 -32 -33 -34 -35 36 -37 -38
leaf_value=0.086636684138609948 0.025826682399690604 -0.015340218894159291 0.31491693562451611 -0.012000683812697982 0.18191270257127848 0.0097389355341893948 0.017397400334225984 0.11643987137179926 0.069656743361815862 0.023791714040289 0.16064527782952662 -0.02342129085932964 0.10109680341602335 -0.019356879873520031 0.086420095438189695 0.040269754650313495 0.022561019361686866 0.034335997695582494 -0.014841362596011468 0.043863277100183749 0.064998856292503238 -0.010402322303680772 0.012470436075249315 -0.01451051638338682 0.056013423881072048 -0.011358413606474757 -0.013811561701127758 -0.01870061890549209 -0.077572367825450031 -0.012776389678715217 0.0043784196736593884 -0.013019048669098244 0 -0.028814111443315069 -0.012997835547684689 -0.028622715303245852 -0.0099453939930586929
leaf_weight=5.9999999999999991 5.9999999999999991 23.000000000000004 4.9999999999999991 8.9999999999999982 7.0000000000000027 4.9999999999999991 6.9999999999999991 5.9999999999999991 5.9999999999999991 5.0000000000000062 4.9999999999999991 7.9999999999999991 4.9999999999999991 8.0000000000000018 7.9999999999999991 6.9999999999999991 8.9999999999999982 4.9999999999999991 58 6.9999999999999991 5.9999999999999991 4.9999999999999982 6.0000000000000027 128 5.9999999999999991 27 14.999999999999998 24 4.9999999999999991 38 4.9999999999999991 9.9999999999999982 6.9999999999999991 4.9999999999999991 139 5 111
leaf_count=6 6 23 5 9 7 5 7 6 6 5 5 8 5 8 8 7 9 5 58 7 6 5 6 128 6 27 15 24 5 38 5 10 7 5 139 5 111
internal_value=0 -0.000708053 0.00909126 0.104423 0.00338813 0.0541948 -0.00183541 0.0189315 0.00486812 -0.00567824 0.0209374 -0.00772833 0.00487866 0.000571732 0.0337333 -0.00218548 -0.00790897 0.000890947 -0.00694118 0.00811008 -0.00970117 0.0115212 -0.00578828 -0.0121645 -0.0121322 0.000734992 -0.00414417 -0.0122895 -0.0135371 -0.0204389 -0.0137606 -0.00508021 -0.0132747 -0.0123884 -0.0120492 -0.0200472 -0.0116638
internal_weight=0 741 249 14 235 22 213 48 42 492 35 457 118 113 21 30 165 13 92 27 156 16 36 140 339 33 20 30 306 43 133 15 65 263 258 10 250
internal_count=747 741 249 14 235 22 213 48 42 492 35 457 118 113 21 30 165 13 92 27 156 16 36 140 339 33 20 30 306 43 133 15 65 263 258 10 250
is_linear=0
shrinkage=0.0314868


end of trees

feature_importances:
current_odds=124
agari_1=43
corner_ratio_1=41
current_popularity=37
agari_3=31
dist_change=29
margin_2=28
ninki_1=24
f_len1=22
agari_2=22
corner_ratio_3=22
margin_1=21
ninki_3=19
umaban=19
f_classout=18
result_2=18
jockey_win_rate=16
f_courseout=14
rank_trend=14
f_course2=13
ninki_2=12
mf_classout=11
margin_3=11
weight_change=11
result_1=10
corner_ratio_2=10
f_mf_courseout=9
f_class1=9
f_class3=9
waku=8
result_3=7
f_course1=6
jockey_place_rate=6
f_course3=5
mf_course2=5
mf_course3=4
mf_courseout=4
mf_course1=3
mf_class3=3
f_len2=2
f_lenout=1

parameters:
[boosting: gbdt]
[objective: regression]
[metric: l2]
[tree_learner: serial]
[device_type: cpu]
[data_sample_strategy: bagging]
[data: ]
[valid: ]
[num_iterations: 478]
[learning_rate: 0.0314868]
[num_leaves: 38]
[num_threads: 0]
[seed: 0]
[deterministic: 0]
[force_col_wise: 1]
[force_row_wise: 0]
[histogram_pool_size: -1]
[max_depth: 9]
[min_data_in_leaf: 5]
[min_sum_hessian_in_leaf: 0.001]
[bagging_fraction: 1]
[pos_bagging_fraction: 1]
[neg_bagging_fraction: 1]
[bagging_freq: 0]
[bagging_seed: 3]
[feature_fraction: 1]
[feature_fraction_bynode: 1]
[feature_fraction_seed: 2]
[extra_trees: 0]
[extra_seed: 6]
[early_stopping_round: 0]
[first_metric_only: 0]
[max_delta_step: 0]
[lambda_l1: 0.167912]
[lambda_l2: 0.00315106]
[linear_lambda: 0]
[min_gain_to_split: 0]
[drop_rate: 0.1]
[max_drop: 50]
[skip_drop: 0.5]
[xgboost_dart_mode: 0]
[uniform_drop: 0]
[drop_seed: 4]
[top_rate: 0.2]
[other_rate: 0.1]
[min_data_per_group: 100]
[max_cat_threshold: 32]
[cat_l2: 10]
[cat_smooth: 10]
[max_cat_to_onehot: 4]
[top_k: 20]
[monotone_constraints: ]
[monotone_constraints_method: basic]
[monotone_penalty: 0]
[feature_contri: ]
[forcedsplits_filename: ]
[refit_decay_rate: 0.9]
[cegb_tradeoff: 1]
[cegb_penalty_split: 0]
[cegb_penalty_feature_lazy: ]
[cegb_penalty_feature_coupled: ]
[path_smooth: 0]
[interaction_constraints: ]
[verbosity: -1]
[saved_feature_importance_type: 0]
[use_quantized_grad: 0]
[num_grad_quant_bins: 4]
[quant_train_renew_leaf: 0]
[stochastic_rounding: 1]
[linear_tree: 0]
[max_bin: 255]
[max_bin_by_feature: ]
[min_data_in_bin: 3]
[bin_construct_sample_cnt: 200000]
[data_random_seed: 1]
[is_enable_sparse: 1]
[enable_bundle: 1]
[use_missing: 1]
[zero_as_missing: 0]
[feature_pre_filter: 1]
[pre_partition: 0]
[two_round: 0]
[header: 0]
[label_column: ]
[weight_column: ]
[group_column: ]
[ignore_column: ]
[categorical_feature: ]
[forcedbins_filename: ]
[precise_float_parser: 0]
[parser_config_file: ]
[objective_seed: 5]
[num_class: 1]
[is_unbalance: 0]
[scale_pos_weight: 1]
[sigmoid: 1]
[boost_from_average: 1]
[reg_sqrt: 0]
[alpha: 0.9]
[fair_c: 1]
[poisson_max_delta_step: 0.7]
[tweedie_variance_power: 1.5]
[lambdarank_truncation_level: 30]
[lambdarank_norm: 1]
[label_gain: ]
[lambdarank_position_bias_regularization: 0]
[eval_at: ]
[multi_error_top_k: 1]
[auc_mu_weights: ]
[num_machines: 1]
[local_listen_port: 12400]
[time_out: 120]
[machine_list_filename: ]
[machines: ]
[gpu_platform_id: -1]
[gpu_device_id: -1]
[gpu_use_dp: 0]
[num_gpu: 1]

end of parameters

pandas_categorical:[]
