tree
version=v4
num_class=1
num_tree_per_iteration=1
label_index=0
max_feature_idx=49
objective=lambdarank
feature_names=f_course1 f_course2 f_course3 f_courseout mf_course1 mf_course2 mf_course3 mf_courseout f_mf_course1 f_mf_course2 f_mf_course3 f_mf_courseout f_len1 f_len2 f_len3 f_lenout mf_len1 mf_len2 mf_len3 mf_classout f_mf_len1 f_mf_len2 f_mf_len3 f_mf_classout f_class1 f_class2 f_class3 f_classout mf_class1 mf_class2 mf_class3 mf_classout.1 f_mf_class1 f_mf_class2 f_mf_class3 f_mf_classout.1 time_df_course1 time_df_class1 ninki_1 result_1 time_df_course2 time_df_class2 ninki_2 result_2 time_df_course3 time_df_class3 ninki_3 result_3 waku umaban
feature_infos=[-1:22] [-1:20] [-1:21] [-1:182] [-1:29] [-1:27] [-1:18] [-1:248] [-1:5] [-1:6] [-1:4] [-1:33] [-1:11] [-1:6] [-1:8] [-1:39] [-1:5] [-1:5] [-1:3] [-1:34] [-1:2] [-1:3] [-1:1] [-1:9] [-1:5] [-1:4] [-1:6] [-1:27] [-1:3] [-1:3] [-1:2] [-1:21] [-1:1] [-1:2] [-1:1] [-1:5] none none [-1:170] [-1:110] none none [-1:180] [-1:170] [-1:0] [-1:0] [-1:180] [-1:150] [1:8] [1:16]
tree_sizes=4963 4947 4941 4941

Tree=0
num_leaves=46
num_cat=0
split_feature=43 47 38 42 46 46 25 2 49 7 42 19 7 42 39 27 27 25 47 15 47 38 48 6 7 42 24 47 7 1 43 48 49 1 15 38 6 39 46 9 43 38 31 46 11
split_gain=21.4594 7.97964 9.81108 9.28998 5.16092 8.60298 7.27562 5.68088 6.44961 5.06058 4.65143 4.36446 4.27965 5.71098 3.70958 7.27301 3.61693 4.02317 3.20406 3.04251 3.81917 2.99905 2.95281 5.0243 2.87654 5.76664 2.01801 1.81596 1.79432 1.59676 1.57171 2.51262 1.56623 1.37019 2.56344 1.24589 1.11701 0.933323 0.659761 1.37654 0.504825 0.407368 0.399824 0.357331 0.343951
threshold=6.5000000000000009 3.5000000000000004 6.5000000000000009 85.000000000000014 95.000000000000014 25.000000000000004 1.0000000180025095e-35 13.500000000000002 1.5000000000000002 20.500000000000004 95.000000000000014 3.5000000000000004 1.0000000180025095e-35 14.500000000000002 7.5000000000000009 7.5000000000000009 9.5000000000000018 1.5000000000000002 5.5000000000000009 12.500000000000002 2.5000000000000004 115.00000000000001 4.5000000000000009 1.0000000180025095e-35 36.500000000000007 85.000000000000014 1.0000000180025095e-35 1.5000000000000002 30.500000000000004 1.5000000000000002 2.5000000000000004 7.5000000000000009 1.5000000000000002 1.5000000000000002 7.5000000000000009 2.5000000000000004 12.500000000000002 8.5000000000000018 11.500000000000002 1.0000000180025095e-35 7.5000000000000009 18.000000000000004 1.5000000000000002 3.5000000000000004 5.5000000000000009
decision_type=2 2 2 2 2 2 2 2 2 2 2 2 2 2 2 2 2 2 2 2 2 2 2 2 2 2 2 2 2 2 2 2 2 2 2 2 2 2 2 2 2 2 2 2 2
left_child=1 14 22 16 5 7 10 8 18 37 24 -12 13 -10 19 21 30 -18 -2 26 -21 43 -3 -24 33 -26 27 -1 -11 35 31 42 -30 -7 -35 -29 -6 -5 39 -14 -8 -19 -4 -16 -32
right_child=4 2 3 9 36 6 40 -9 12 28 11 -13 38 -15 15 -17 17 41 -20 20 -22 -23 23 -25 25 -27 -28 29 32 -31 44 -33 -34 34 -36 -37 -38 -39 -40 -41 -42 -43 -44 -45 -46
leaf_value=0.0012094169831400985 0.019221815324076848 0.019024781130899532 -0.022211281110963575 -0.0020809062583956365 -0.021082826265982079 0.021120283660687252 -0.0062082896314809019 0.0097334923100054101 -0.022861107614415108 0.023450039276827511 -0.022272267981506558 0.011710275362089418 -0.018132469641278123 0.011106160736133526 -0.0093606750642102575 0.019067493377344702 0.012693695590982943 -0.0079615803591015707 -0.0082333995514642915 -0.020951998607338575 0.014112853969320365 0.010448016381176501 0.016724886590682497 -0.020413576567861608 -0.018974399567828374 0.018420311104060814 0.023487284126835376 0.018533436407742451 0.023438559064923009 0.020522920080127172 -0.019711621269880894 0.011921058912359938 0.0014057293313321734 -0.0025548327305400906 0.019497616163419558 0.00094946394483563063 -0.0058254196555302109 -0.022760509895165294 -0.023151484721151201 -0.00088226314013493793 -0.021716931620971099 -0.022715760967784639 -0.0083374747243216314 -0.021909331251345424 -0.008813361554229307
leaf_weight=1.4718198664486424 1.2393452078104119 4.3669585995376137 0.69718972593545714 0.63046960532665142 3.888834122568368 2.9133804924786073 0.39827040582895179 1.8647455610334862 1.1608393117785447 1.8879356831312177 1.334223069250583 0.89584992825984944 7.6548234932124597 1.7854238077998159 0.4724398367106909 2.0529339201748371 1.6393275298178198 0.503959249705076 1.1765198223292825 0.71964039281010506 1.1258757747709751 0.67034048587083805 1.2934481613337996 0.85847929120063771 1.1795889623463154 1.1617936640977859 4.3307146951556206 0.96585797518491778 0.63299626111984286 4.095132801681757 4.8296525962650776 0.70062352716922749 1.6551321521401403 1.3727721460163596 1.6574830859899519 1.4268219601362941 0.85795655846595753 0.62279803678393364 3.2648173347115508 0.73242874443531025 1.5230704098939893 0.64250373467803001 0.57123900949954987 1.4086250886321066 0.49919018149375904
leaf_count=15 4 16 11 8 58 9 6 12 18 4 21 7 114 9 7 9 11 7 14 12 8 5 5 15 18 4 9 4 1 12 75 7 15 13 6 15 10 10 50 8 26 10 8 23 7
internal_value=0 0.00595208 0.00106207 -0.00411799 -0.00672919 -0.00495929 0.00277179 -0.0100524 -0.0122284 0.00849738 0.00669394 -0.00861685 -0.0152272 -0.00230574 0.0116947 0.00234102 -0.0109159 0.000682515 0.00586379 0.0147342 0.000372617 -0.0111318 0.0133785 0.0018612 0.010826 -0.000405582 0.0168855 0.0132581 0.0148276 0.0159787 -0.0153415 -0.00612085 0.00760979 0.0152476 0.00952686 0.00812101 -0.0183547 -0.0125072 -0.0184856 -0.0166336 -0.0185805 -0.0164149 -0.0161317 -0.018858 -0.01872
internal_weight=0 40.7721 22.0319 15.513 36.0622 31.3154 12.4364 18.8789 17.0142 5.42933 10.5151 2.23007 14.5983 2.94626 18.7402 4.60434 10.0837 2.78579 2.41587 14.1359 1.84552 2.55141 6.51889 2.15193 8.28502 2.34138 12.2903 7.95963 4.17606 6.48781 7.2979 1.96905 2.28813 5.94364 3.03026 2.39268 4.74679 1.25327 11.6521 8.38725 1.92134 1.14646 1.26843 1.88106 5.32884
internal_count=736 329 210 174 407 339 110 229 217 38 78 28 199 27 119 44 136 28 18 75 20 35 36 20 50 22 55 46 20 31 108 26 16 28 19 19 68 18 172 122 32 17 19 30 82
is_linear=0
shrinkage=0.0119772


Tree=1
num_leaves=46
num_cat=0
split_feature=43 47 38 42 46 46 25 15 47 7 46 49 15 15 49 26 26 42 47 46 11 43 19 24 46 46 49 49 49 19 18 1 5 39 12 47 43 48 6 6 2 49 24 46 27
split_gain=33.9785 15.0659 16.6749 15.0821 12.9255 19.2672 14.7641 11.7476 11.4748 11.2244 11.2127 10.7989 8.88638 10.4484 9.0538 8.07084 7.94346 7.78733 11.6762 7.1515 7.46662 6.80806 6.59095 12.7618 6.55624 5.37801 5.30013 4.5441 4.12174 3.8467 8.6431 5.32115 3.44089 3.17088 2.66193 2.52633 1.84829 1.84437 1.63423 1.32125 1.20742 0.807679 0.732568 0.389474 0.290414
threshold=6.5000000000000009 3.5000000000000004 5.5000000000000009 85.000000000000014 95.000000000000014 25.000000000000004 1.0000000180025095e-35 38.500000000000007 7.5000000000000009 1.0000000180025095e-35 11.500000000000002 2.5000000000000004 1.0000000180025095e-35 5.5000000000000009 1.5000000000000002 1.5000000000000002 3.5000000000000004 95.000000000000014 11.500000000000002 4.5000000000000009 3.5000000000000004 14.500000000000002 2.5000000000000004 1.0000000180025095e-35 75.000000000000014 4.5000000000000009 12.500000000000002 4.5000000000000009 5.5000000000000009 1.5000000000000002 1.0000000180025095e-35 3.5000000000000004 5.5000000000000009 9.5000000000000018 1.0000000180025095e-35 4.5000000000000009 9.5000000000000018 4.5000000000000009 12.500000000000002 1.0000000180025095e-35 2.5000000000000004 1.5000000000000002 1.0000000180025095e-35 4.5000000000000009 13.000000000000002
decision_type=2 2 2 2 2 2 2 2 2 2 2 2 2 2 2 2 2 2 2 2 2 2 2 2 2 2 2 2 2 2 2 2 2 2 2 2 2 2 2 2 2 2 2 2 2
left_child=1 9 27 7 5 10 11 16 32 40 12 -7 43 14 -14 36 25 22 -19 20 -11 -16 33 -24 29 -4 -27 -3 -10 37 31 -31 -5 -13 -32 -12 -15 -21 44 -8 -1 -37 -39 -2 -6
right_child=4 2 3 8 38 6 39 -9 28 19 35 17 13 15 21 -17 -18 18 -20 24 -22 -23 23 -25 -26 26 -28 -29 -30 30 34 -33 -34 -35 -36 41 -38 42 -40 -41 -42 -43 -44 -45 -46
leaf_value=-0.0032558948993269259 -0.01592998926472465 0.019612048741135805 0.00012960912342615752 -0.021957825503412833 -0.021530053395189645 -0.016341949479252754 -0.0051948936413274147 0.023489637271570475 0.021728994677484827 -0.018587071490099066 -0.0029479222721370455 0.0117959130964253 0.022186664150710366 -0.011245640697336612 -0.0050822430674323073 0.007916834771186123 0.013320291531410018 -0.020590662430698611 0.020077994560261703 0.011451157881400194 0.013033090927296377 0.017477434714983687 -0.01872964275880824 0.015238711450769073 -0.0039205549564092813 -0.017097679778992673 -0.0027893268923185892 0.0040438562289788673 0.0060898013813843934 0.0066054893382113105 0.0074830355454362429 -0.018491473178762537 0.0021313709560778515 0.023610016292581689 0.018773472538633974 -0.011924163880714768 -0.022466655144299765 0.016867656342546274 -0.0083561074069016372 -0.0204976418109671 -0.016055603926994372 -0.023180691625037105 0.022307028443659421 -0.023489398599473372 -0.013900043757597525
leaf_weight=2.2442843317985526 1.7110511139035249 6.5502511709928495 4.7357533574104407 1.911377735435962 7.2720935121178609 2.6662141084671083 1.0793334394693364 1.6061542034149159 4.9791025370359403 2.2766352221369734 1.1378418207168568 7.487648602575069 2.9177766740322175 3.9528376832604391 10.836546666920183 2.2877915129065505 1.9902167469263066 2.7286544665694228 1.5936397239565847 5.6350152790546444 2.0008955597877502 2.3186670318245879 2.5309010781347743 4.2046628147363663 3.2338761650025836 16.900325842201713 4.7732844352722159 4.5811881050467491 4.7285352945327759 2.9577295035123852 4.6421998143196097 2.034382164478302 1.5169345140457151 5.8582066893577576 8.6273184269666654 1.0886227414011944 4.6593756601214409 7.6480660773813707 1.9372052252292622 3.437650952488184 2.0138853937387466 8.370890907943247 7.363016813993454 3.0013934895396233 0.92585156112909306
leaf_count=9 11 7 13 11 52 13 6 1 5 13 6 16 4 24 55 6 4 19 2 12 3 4 17 6 11 109 25 13 15 6 14 12 7 5 11 7 30 13 10 26 8 58 7 24 6
internal_value=0 0.00454376 0.000157762 -0.00321454 -0.00567652 -0.003934 0.00314174 -0.00789981 0.00748253 0.00923911 -0.00922002 0.00648894 -0.00564734 -0.00299017 0.00314683 -0.012036 -0.00968579 0.00899178 -0.00557362 0.0109468 -0.00379343 -0.00109063 0.01213 0.00245901 0.0124445 -0.0114263 -0.0139515 0.0132196 0.0141323 0.0138064 0.0097862 -0.00363593 -0.0113202 0.0170015 0.0148369 -0.0198797 -0.0173441 0.0173526 -0.018353 -0.0168729 -0.00934661 -0.0219063 0.0195543 -0.0208011 -0.0206949
internal_weight=0 104.95 54.2731 43.1417 84.0049 73.8697 31.5869 30.0057 13.136 50.6773 42.2828 27.0699 31.6854 26.973 16.073 10.9 28.3996 24.4037 4.32229 46.4191 4.27753 13.1552 20.0814 6.73556 42.1416 26.4094 21.6736 11.1314 9.70764 38.9077 18.2616 4.99211 3.42831 13.3459 13.2695 10.5974 8.61221 20.6461 10.1352 4.51698 4.25817 9.45951 15.0111 4.71244 8.19795
internal_count=736 329 210 190 407 339 110 152 38 119 229 78 158 123 63 60 151 65 21 102 16 59 44 23 86 147 134 20 20 75 43 18 18 21 25 71 54 32 68 32 17 65 20 35 58
is_linear=0
shrinkage=0.0119772


Tree=2
num_leaves=46
num_cat=0
split_feature=43 47 38 47 6 0 46 46 25 2 49 42 43 39 0 38 7 42 49 47 26 31 17 49 14 42 49 49 48 31 49 12 3 6 6 0 30 46 46 2 5 48 46 1 6
split_gain=31.7988 14.19 14.6589 10.706 16.8723 13.0696 9.20909 17.3655 12.9652 10.2323 9.535 8.69065 7.56096 6.39384 7.4507 8.47256 5.91625 8.57808 5.69406 5.59723 5.32185 5.31708 8.07972 4.96715 4.39533 4.20486 3.90136 3.63273 3.53088 3.43155 3.40434 7.29663 4.89423 2.68954 2.54978 2.21125 2.18147 5.56738 2.08424 2.62067 1.98977 1.61816 1.41442 1.25547 1.14517
threshold=6.5000000000000009 3.5000000000000004 5.5000000000000009 7.5000000000000009 5.5000000000000009 1.5000000000000002 95.000000000000014 25.000000000000004 1.0000000180025095e-35 13.500000000000002 1.5000000000000002 95.000000000000014 13.500000000000002 3.5000000000000004 2.5000000000000004 9.5000000000000018 1.0000000180025095e-35 14.500000000000002 14.500000000000002 5.5000000000000009 3.5000000000000004 2.5000000000000004 1.0000000180025095e-35 3.5000000000000004 1.5000000000000002 35.000000000000007 6.5000000000000009 4.5000000000000009 6.5000000000000009 1.0000000180025095e-35 10.500000000000002 1.0000000180025095e-35 11.500000000000002 1.0000000180025095e-35 12.500000000000002 3.5000000000000004 1.0000000180025095e-35 16.500000000000004 4.5000000000000009 5.5000000000000009 20.000000000000004 7.5000000000000009 95.000000000000014 3.5000000000000004 1.0000000180025095e-35
decision_type=2 2 2 2 2 2 2 2 2 2 2 2 2 2 2 2 2 2 2 2 2 2 2 2 2 2 2 2 2 2 2 2 2 2 2 2 2 2 2 2 2 2 2 2 2
left_child=1 13 23 18 5 -5 7 9 11 10 19 21 -13 30 29 -16 17 -12 20 -2 40 26 -23 -3 42 36 -9 -26 -27 -15 31 32 -1 -25 -8 -28 37 -17 39 -18 41 -4 -7 -40 -10
right_child=6 2 3 4 -6 24 34 8 44 -11 16 12 -14 14 15 25 38 -19 -20 -21 -22 22 -24 33 27 28 35 -29 -30 -31 -32 -33 -34 -35 -36 -37 -38 -39 43 -41 -42 -43 -44 -45 -46
leaf_value=0.01496158626510948 0.018185923121243838 0.02318694380378172 -0.018472618959217663 -0.018694675448995873 -0.018708861646794608 0.011877240287907841 -0.01998344693871093 0.0041086858498482629 -0.0056605889837203537 0.0075275298520622981 -0.021678094805083068 -0.0206952814936411 0.010887222164441785 -5.529623064416654e-05 -0.010964054132102904 -0.0040007379728043309 -0.0059529327773927571 0.0077946758509858556 0.0096722913076481131 -0.0079566519443249918 0.0048493531095499089 0.013625591714899203 -0.019020930625469164 0.014597909324884932 0.015558832031680538 -0.0091672468842304271 0.01060549895171453 -0.0052799345155434682 0.012665710373602437 -0.019798841891197422 0.020577338374448674 0.019177521419160497 -0.0059088429920251028 0.00014097219488031203 -0.0051008997909373346 0.021539283962203701 0.020507621397016316 0.01887350388085228 -0.022198440000367331 -0.021742631359079102 -0.0012877234624396228 -0.0070241548067484921 0.02094101076694618 -0.015556677225215263 -0.020525647868373468
leaf_weight=2.5461003035306948 2.1848105788230887 3.8729830980300886 10.474678780883556 2.3234873935580316 4.3248400017619124 5.169182710349558 7.4745564684271795 5.3197930753231182 1.0023838579654683 4.5149077326059333 2.2800100147724178 2.8730575591325751 1.7334899157285688 3.5570898577570942 2.7009096294641521 2.4035983011126536 4.5832871347665813 3.6947669684886932 1.8770638331770886 2.5119497552514076 2.2300075814127913 2.2022009864449492 2.1239142343401909 3.2745742946863174 1.9213503301143635 2.1624165177345267 4.8756946474313718 3.1486799195408821 2.0646142885088921 1.9484689198434351 7.5993300899863234 7.0017789825797081 4.3424038961529732 4.2222007513046265 2.1405303180217743 5.9778503775596619 6.0480401962995529 4.1420479863882065 8.930465944111349 2.2523907124996185 1.3703816533088673 2.168544963002204 4.9071128070354462 7.9597997814416876 3.08982103317976
leaf_count=5 4 3 75 17 27 14 58 15 6 12 18 22 6 15 12 11 26 9 7 14 6 6 12 5 4 12 11 16 6 13 9 9 15 12 10 6 6 6 72 16 8 11 5 58 26
internal_value=0 0.00454436 0.000198416 -0.00321904 0.00243556 0.00768164 -0.00571796 -0.00416653 0.00281362 -0.00940423 -0.0116295 0.00603846 -0.00880589 0.00933373 0.00521288 0.00868318 -0.0141367 -0.00346846 -0.0100189 0.00421304 -0.0123022 0.00937919 -0.00240315 0.0121892 0.0117421 0.0118457 0.0125323 0.00262939 0.00149462 -0.00707783 0.0141256 0.0105781 0.00181345 0.00647399 -0.0166847 0.0166485 0.0153125 0.0104772 -0.0168185 -0.0111908 -0.0150358 -0.0165205 0.0163151 -0.0190842 -0.016921
internal_weight=0 97.8019 51.2851 39.9153 21.7947 17.4698 77.7257 68.1106 29.1982 38.9124 34.3975 25.106 4.60655 46.5168 25.0272 19.5216 29.7007 5.97478 18.1207 4.69676 16.2436 20.4995 4.32612 11.3698 15.1463 16.8207 16.1733 5.07003 4.22703 5.50556 21.4896 13.8903 6.8885 7.49678 9.61509 10.8535 12.5937 6.54565 23.7259 6.83568 14.0136 12.6432 10.0763 16.8903 4.0922
internal_count=736 329 210 190 83 56 407 339 110 229 217 78 28 119 81 53 199 27 107 18 100 50 18 20 39 41 32 20 18 28 38 29 20 17 68 17 23 17 172 42 94 86 19 130 32
is_linear=0
shrinkage=0.0119772


Tree=3
num_leaves=46
num_cat=0
split_feature=43 11 47 38 39 42 27 47 13 30 2 47 27 24 49 0 2 24 39 47 2 4 49 39 1 38 11 43 42 38 3 39 7 6 27 39 39 47 39 43 49 39 25 38 6
split_gain=29.0375 11.7711 8.25647 17.6944 15.7823 12.8531 8.43124 8.09683 8.70113 7.70306 7.927 10.1796 10.5508 7.61751 12.2152 6.801 7.49545 5.50859 9.34458 8.70981 6.60596 6.35429 4.9417 4.78387 4.11948 7.84005 3.02223 2.99641 2.9615 4.20107 2.92621 3.47893 2.73736 6.8843 5.37067 4.31907 2.7246 1.6988 1.60966 1.32117 1.13801 1.15416 0.718383 0.39699 0.299572
threshold=6.5000000000000009 9.5000000000000018 3.5000000000000004 6.5000000000000009 9.5000000000000018 85.000000000000014 9.5000000000000018 9.5000000000000018 2.5000000000000004 1.0000000180025095e-35 11.500000000000002 7.5000000000000009 1.0000000180025095e-35 1.0000000180025095e-35 4.5000000000000009 3.5000000000000004 6.5000000000000009 1.0000000180025095e-35 7.5000000000000009 1.5000000000000002 3.5000000000000004 6.5000000000000009 3.5000000000000004 4.5000000000000009 1.5000000000000002 9.5000000000000018 1.0000000180025095e-35 2.5000000000000004 9.5000000000000018 1.5000000000000002 15.500000000000002 6.5000000000000009 48.000000000000007 2.5000000000000004 2.5000000000000004 11.500000000000002 9.5000000000000018 10.500000000000002 5.5000000000000009 9.5000000000000018 8.5000000000000018 7.5000000000000009 1.0000000180025095e-35 8.5000000000000018 4.5000000000000009
decision_type=2 2 2 2 2 2 2 2 2 2 2 2 2 2 2 2 2 2 2 2 2 2 2 2 2 2 2 2 2 2 2 2 2 2 2 2 2 2 2 2 2 2 2 2 2
left_child=1 2 17 22 5 6 27 8 9 10 11 15 36 32 -15 23 -17 18 19 20 -1 43 -4 -2 25 -21 -7 -5 29 -19 -24 -32 34 -34 -9 -36 -13 -35 -39 -14 41 -11 -30 -20 -10
right_child=7 -3 3 4 -6 26 -8 13 44 40 -12 12 39 14 -16 16 -18 28 21 24 -22 -23 30 -25 -26 -27 -28 -29 42 -31 31 -33 33 37 35 -37 -38 38 -40 -41 -42 -43 -44 -45 -46
leaf_value=0.010854863310014885 -0.002948423075115609 -0.019454251232926635 0.021816043273513865 -0.0010594987310781044 -0.021494584740689455 0.016629141230629578 0.0077614857188186047 -0.021831438907763508 -0.021180432267788252 -0.0049540907033148486 0.01393503308212056 0.0039449813231269221 -0.019825783721741218 0.018427076202066173 -0.01891752005082574 0.0068637392976016185 -0.013788407693781096 0.021650809640476054 -0.013845160624579626 0.017263310615063084 -0.018400573525211367 0.010381304430269276 0.018302580570630521 -0.020328521199734433 0.017700397657973335 -0.010702340315720435 0.0029317944560194689 -0.014963508809713246 0.013860876181461129 -0.000928258437336615 0.010693522564240898 -0.00655883222237434 0.014997088643737276 -0.00042106791239010055 -0.01511594223588663 0.01167341653141421 0.018090323615003883 -0.0065490536267467881 -0.021616272982855469 -0.0044200341017759598 -0.022337570321574275 -0.01935308968333789 0.019616760941320581 -0.023311646880738182 -0.013079359364106164
leaf_weight=1.9232295751571715 3.6231666095554846 2.8426633328199378 5.3199901282787314 3.0080993250012495 5.6131560169160357 6.0852144062519056 4.609230548143386 10.008961077779537 3.134105432778596 2.0908241644501682 5.5723086073994628 2.8518222123384458 1.4591684639453881 2.8779946714639655 2.2099605202674866 7.3596754968166334 3.8185795694589615 1.7405947446823145 1.0838883444666856 3.2583254128694525 2.5746438950300217 1.4403202980756757 2.5311879366636258 6.1231962963938713 9.8832526952028257 2.5538447499275208 3.7416419833898544 8.5922617465257627 5.930586062371729 3.6185158714652061 3.8612336292862892 2.9429400861263275 1.4570740684866894 1.0906424671411512 2.2215631306171413 1.3944468945264814 6.293653316795826 1.490873973816633 3.3410560637712479 1.7822173982858656 1.8386242426931856 1.3012050129473207 7.1811990737915039 1.9719517193734644 0.96444109827280033
leaf_count=5 17 18 5 16 45 11 15 81 25 12 12 13 10 5 19 23 25 2 7 5 16 3 4 46 13 14 14 61 13 14 10 13 3 6 15 5 11 10 27 11 14 10 9 16 7
internal_value=0 0.00448585 0.00524951 0.00173502 -0.00330261 0.000626506 -0.00592317 -0.00557248 -0.00266175 -0.00110755 0.000728984 -0.0014835 0.00711623 -0.0109457 0.0021932 -0.00657714 -0.00019571 0.00901769 0.00531024 0.00878784 -0.00588848 -0.0102821 0.0126101 -0.013883 0.0129971 0.00497294 0.0114275 -0.011366 0.0139646 0.00643228 0.00733811 0.00322826 -0.0141294 -0.00822438 -0.0173147 -0.00477123 0.0136945 -0.0139626 -0.0170032 -0.011415 -0.0147356 -0.0105383 0.0170316 -0.020035 -0.0193279
internal_weight=0 92.308 89.4653 46.305 31.6496 26.0364 16.2096 74.3056 48.213 44.1144 38.8838 33.3115 12.3869 26.0926 5.08796 20.9246 11.1783 43.1604 24.6895 20.1933 4.49787 4.49616 14.6554 9.74636 15.6954 5.81217 9.82686 11.6004 18.4709 5.35911 9.33536 6.80417 21.0046 7.37965 13.625 3.61601 9.14548 5.92257 4.83193 3.24139 5.23065 3.39203 13.1118 3.05584 4.09855
internal_count=736 329 311 194 162 117 92 407 236 204 168 156 45 171 24 111 48 117 79 53 21 26 32 63 32 19 25 77 38 16 27 23 147 46 101 20 24 43 37 21 36 22 22 23 32
is_linear=0
shrinkage=0.0119772


end of trees

feature_importances:
umaban=17
ninki_3=16
result_3=16
result_1=12
ninki_1=11
ninki_2=11
result_2=11
mf_course3=10
f_course3=7
mf_courseout=7
f_classout=6
f_course2=5
f_lenout=5
f_class1=5
f_class2=5
waku=5
f_course1=4
f_mf_courseout=4
mf_classout=3
f_class3=3
mf_classout.1=3
f_courseout=2
mf_course2=2
f_len1=2
mf_class3=2
mf_course1=1
f_mf_course2=1
f_len2=1
f_len3=1
mf_len2=1
mf_len3=1

parameters:
[boosting: gbdt]
[objective: lambdarank]
[metric: ndcg]
[tree_learner: serial]
[device_type: cpu]
[data_sample_strategy: bagging]
[data: ]
[valid: ]
[num_iterations: 225]
[learning_rate: 0.0119772]
[num_leaves: 46]
[num_threads: 16]
[seed: 0]
[deterministic: 0]
[force_col_wise: 1]
[force_row_wise: 0]
[histogram_pool_size: -1]
[max_depth: 8]
[min_data_in_leaf: 8]
[min_sum_hessian_in_leaf: 0.001]
[bagging_fraction: 1]
[pos_bagging_fraction: 1]
[neg_bagging_fraction: 1]
[bagging_freq: 0]
[bagging_seed: 7719]
[feature_fraction: 1]
[feature_fraction_bynode: 1]
[feature_fraction_seed: 2437]
[extra_trees: 0]
[extra_seed: 11797]
[early_stopping_round: 0]
[first_metric_only: 0]
[max_delta_step: 0]
[lambda_l1: 0.00280732]
[lambda_l2: 0.0124963]
[linear_lambda: 0]
[min_gain_to_split: 0]
[drop_rate: 0.1]
[max_drop: 50]
[skip_drop: 0.5]
[xgboost_dart_mode: 0]
[uniform_drop: 0]
[drop_seed: 21238]
[top_rate: 0.2]
[other_rate: 0.1]
[min_data_per_group: 100]
[max_cat_threshold: 32]
[cat_l2: 10]
[cat_smooth: 10]
[max_cat_to_onehot: 4]
[top_k: 20]
[monotone_constraints: ]
[monotone_constraints_method: basic]
[monotone_penalty: 0]
[feature_contri: ]
[forcedsplits_filename: ]
[refit_decay_rate: 0.9]
[cegb_tradeoff: 1]
[cegb_penalty_split: 0]
[cegb_penalty_feature_lazy: ]
[cegb_penalty_feature_coupled: ]
[path_smooth: 0]
[interaction_constraints: ]
[verbosity: -1]
[saved_feature_importance_type: 0]
[use_quantized_grad: 0]
[num_grad_quant_bins: 4]
[quant_train_renew_leaf: 0]
[stochastic_rounding: 1]
[linear_tree: 0]
[max_bin: 255]
[max_bin_by_feature: ]
[min_data_in_bin: 3]
[bin_construct_sample_cnt: 200000]
[data_random_seed: 38]
[is_enable_sparse: 1]
[enable_bundle: 1]
[use_missing: 1]
[zero_as_missing: 0]
[feature_pre_filter: 1]
[pre_partition: 0]
[two_round: 0]
[header: 0]
[label_column: ]
[weight_column: ]
[group_column: ]
[ignore_column: ]
[categorical_feature: ]
[forcedbins_filename: ]
[precise_float_parser: 0]
[parser_config_file: ]
[objective_seed: 8855]
[num_class: 1]
[is_unbalance: 0]
[scale_pos_weight: 1]
[sigmoid: 1]
[boost_from_average: 1]
[reg_sqrt: 0]
[alpha: 0.9]
[fair_c: 1]
[poisson_max_delta_step: 0.7]
[tweedie_variance_power: 1.5]
[lambdarank_truncation_level: 30]
[lambdarank_norm: 1]
[label_gain: ]
[lambdarank_position_bias_regularization: 0]
[eval_at: 1,3,5]
[multi_error_top_k: 1]
[auc_mu_weights: ]
[num_machines: 1]
[local_listen_port: 12400]
[time_out: 120]
[machine_list_filename: ]
[machines: ]
[gpu_platform_id: -1]
[gpu_device_id: -1]
[gpu_use_dp: 0]
[num_gpu: 1]

end of parameters

pandas_categorical:[]
