,race_id,f_course1,f_course2,f_course3,f_courseout,mf_course1,mf_course2,mf_course3,mf_courseout,f_mf_course1,f_mf_course2,f_mf_course3,f_mf_courseout,f_len1,f_len2,f_len3,f_lenout,mf_len1,mf_len2,mf_len3,mf_classout,f_mf_len1,f_mf_len2,f_mf_len3,f_mf_classout,f_class1,f_class2,f_class3,f_classout,mf_class1,mf_class2,mf_class3,mf_classout,f_mf_class1,f_mf_class2,f_mf_class3,f_mf_classout,time_df_course1,time_df_class1,ninki_1,result_1,agari_1,margin_1,corner_ratio_1,time_df_course2,time_df_class2,ninki_2,result_2,agari_2,margin_2,corner_ratio_2,time_df_course3,time_df_class3,ninki_3,result_3,agari_3,margin_3,corner_ratio_3,rank_trend,weight_change,dist_change,jockey_win_rate,jockey_place_rate,waku,umaban,current_odds,current_popularity,father_cat,mother_father_cat,paternal_gf_cat,time_df_course4,time_df_class4,ninki_4,result_4,agari_4,margin_4,corner_ratio_4,time_df_course5,time_df_class5,ninki_5,result_5,agari_5,margin_5,corner_ratio_5,rank_trend_5,win_rate_recent5,kinryo,days_since_last_race,n_horses_today,n_horses_1,horse_weight_abs_1,corner_chase_1,corner_chase_2,corner_chase_3,corner_chase_4,corner_chase_5,agari_trend_5,time_diff_trend_5,agari_df_course_1,agari_df_course_2,agari_df_course_3,agari_df_course_4,agari_df_course_5,corner_ratio_std5,agari_std5,kinryo_diff_1,same_course_cnt5,same_course_pr5
0,202404010202,1,0,0,5,3,0,3,13,0,0,0,0,1,0,0,4,0,0,0,0,0,0,0,0,0,0,0,2,0,0,0,0,0,0,0,0,0.0,0.0,20.0,3.0,34.4,0.3,0.5882352941176471,0.0,0.0,10.0,2.0,34.2,0.0,0.1875,0.0,0.0,30.0,2.0,33.9,0.1,0.16666666666666666,-0.5,-8.0,200.0,0.10526315789473684,0.18421052631578946,1,1,1.8,1.0,32,548,664,0.0,0.0,50.0,3.0,34.4,0.2,0.15384615384615385,,,,,,,,0.0,1.0,55.0,105.0,16.0,17.0,470.0,-0.17647058823529413,0.0,0.0,0.0,,0.030000000000000426,0.0,-0.7531000000000034,-0.8746999999999971,-1.1747000000000014,-1.2499000000000038,,0.18178520695383418,0.20463381929681113,0.0,0.0,
1,202404010202,0,0,0,13,11,14,11,155,0,0,0,0,0,0,0,5,1,2,3,30,0,0,0,0,0,0,0,1,1,0,1,13,0,0,0,0,0.0,0.0,1.0,5.0,42.5,2.7,0.625,0.0,0.0,9.0,9.0,37.3,1.2,0.5,0.0,0.0,7.0,11.0,36.2,0.8,0.4375,3.0,-7.0,0.0,0.02857142857142857,0.02857142857142857,7,13,21.4,7.0,1632,1556,1167,0.0,0.0,5.0,5.0,35.4,0.4,0.5625,0.0,0.0,7.0,2.0,35.6,0.1,0.375,-1.0,0.2,55.0,-144.0,16.0,8.0,453.0,0.0,0.0,-0.125,0.0,-0.0625,1.5699999999999996,0.0,4.220500000000001,0.9383999999999943,1.0469000000000008,0.24689999999999657,0.4935000000000045,0.08838834764831845,2.634387974463898,1.0,2.0,0.5
2,202404010202,44,30,32,272,36,21,22,270,6,4,4,24,9,5,3,49,3,2,1,35,2,0,0,2,3,2,1,10,1,1,1,12,1,0,0,0,0.0,0.0,50.0,3.0,35.2,0.4,0.3333333333333333,0.0,0.0,30.0,4.0,35.1,0.2,0.7333333333333333,0.0,0.0,20.0,4.0,35.2,0.5,0.46153846153846156,0.5,0.0,0.0,0.0,0.2,3,5,3.3,2.0,1716,1428,1167,0.0,0.0,20.0,6.0,34.3,1.0,1.0,,,,,,,,0.9,0.25,57.0,29.0,16.0,18.0,486.0,0.0,-0.4,-0.15384615384615385,-0.2222222222222222,,0.26000000000000156,0.0,0.09350000000000591,0.025300000000001432,-0.2591999999999999,-0.7747000000000028,,0.25688097817739525,0.3774917217635398,0.0,1.0,1.0
3,202404010202,11,5,8,84,0,0,0,1,0,0,0,0,3,1,1,22,0,0,0,0,0,0,0,0,1,0,0,5,0,0,0,0,0,0,0,0,0.0,0.0,4.0,4.0,41.1,1.8,0.2,0.0,0.0,6.0,7.0,35.3,1.1,0.3888888888888889,0.0,0.0,3.0,9.0,37.1,0.9,0.125,2.5,-7.0,0.0,0.0,0.0,4,7,15.5,4.0,1489,1312,565,0.0,0.0,4.0,4.0,35.9,0.3,0.375,,,,,,,,0.2,0.0,52.0,-152.0,16.0,10.0,475.0,0.1,0.0,0.0,-0.0625,,1.3800000000000003,0.0,2.8205000000000027,0.14689999999999515,2.0253000000000014,0.7935000000000016,,0.11298762633007078,2.259977875997906,-2.0,1.0,0.0
4,202404010202,1,1,0,5,12,12,12,144,0,0,0,0,0,0,0,1,1,0,0,31,0,0,0,0,0,0,0,0,0,0,0,5,0,0,0,0,0.0,0.0,2.0,4.0,39.7,1.5,0.8,0.0,0.0,8.0,9.0,39.0,2.1,0.4666666666666667,0.0,0.0,12.0,9.0,36.0,1.8,0.4444444444444444,2.5,14.0,-100.0,0.05263157894736842,0.2631578947368421,8,16,122.8,11.0,1564,1482,334,0.0,0.0,6.0,7.0,35.7,0.8,0.75,0.0,0.0,11.0,5.0,36.2,0.3,0.1875,0.0,0.0,55.0,-168.0,16.0,10.0,460.0,-0.5,0.06666666666666667,0.05555555555555555,0.0,0.0,1.0299999999999998,0.0,,1.0889000000000024,0.7366000000000028,0.5469000000000008,1.093500000000006,0.2235785000374865,1.6797618878876848,1.0,1.0,0.0
5,202404010202,4,3,2,14,0,0,3,10,0,0,0,0,0,0,1,3,0,0,0,2,0,0,0,0,0,0,1,1,0,0,0,1,0,0,0,0,0.0,0.0,8.0,12.0,35.0,1.1,0.5555555555555556,0.0,0.0,5.0,5.0,34.7,1.1,0.4444444444444444,0.0,0.0,2.0,6.0,34.1,0.6,0.1875,-3.0,-4.0,-200.0,0.037037037037037035,0.037037037037037035,2,4,18.3,5.0,1540,1728,1036,0.0,0.0,7.0,4.0,36.3,0.2,0.1875,0.0,0.0,5.0,6.0,36.3,0.6,0.3125,-1.3,0.0,55.0,-125.0,16.0,18.0,432.0,0.05555555555555555,0.0,0.0,0.0625,0.0,-0.4199999999999989,0.0,-0.07469999999999999,-0.37469999999999715,-1.0064999999999955,1.2252999999999972,1.1935000000000002,0.1446446262438898,0.8818163074019421,3.0,2.0,0.0
6,202404010202,44,30,32,272,10,15,8,113,3,6,1,12,9,5,3,49,1,1,1,22,0,0,0,3,3,2,1,10,1,1,1,11,0,0,0,1,0.0,0.0,3.0,9.0,44.1,3.5,0.6363636363636364,0.0,0.0,10.0,8.0,35.2,1.4,0.16666666666666666,0.0,0.0,3.0,7.0,36.7,0.6,0.125,-1.0,9.0,-200.0,0.0,0.0,6,12,12.0,3.0,1716,1393,1167,0.0,0.0,11.0,16.0,40.5,3.5,0.3125,0.0,0.0,3.0,11.0,35.9,1.0,0.3125,1.2,0.0,51.0,-173.0,16.0,11.0,427.0,-0.09090909090909091,0.0,0.0,0.125,0.0,1.1100000000000008,0.0,6.0274,0.12530000000000285,1.593500000000006,2.5889000000000024,0.7935000000000016,0.17960697705693351,3.354042337240244,-1.0,2.0,0.0
7,202404010202,26,18,25,201,1,0,0,1,1,0,0,0,7,3,4,45,1,0,0,0,1,0,0,0,3,1,1,7,0,0,0,0,0,0,0,0,0.0,0.0,7.0,16.0,35.8,1.6,0.3888888888888889,0.0,0.0,5.0,16.0,38.7,3.7,0.875,0.0,0.0,8.0,8.0,36.9,0.7,0.0625,-4.0,-6.0,200.0,0.0,0.0,3,6,30.1,8.0,1393,864,1263,0.0,0.0,3.0,5.0,36.4,1.1,0.0625,0.0,0.0,2.0,3.0,36.0,0.3,0.16666666666666666,-3.7,0.2,54.0,-97.0,16.0,18.0,452.0,0.0,0.0625,0.0,0.0,-0.05555555555555555,0.18999999999999986,0.0,0.6468999999999951,0.7889000000000053,1.7935000000000016,1.2468999999999966,-0.09479999999999933,0.3061043052278297,1.0403845442911979,-1.0,1.0,0.0
8,202404010202,0,0,0,5,2,8,5,55,0,0,0,0,0,0,0,2,0,0,0,8,0,0,0,0,0,0,0,1,0,0,0,1,0,0,0,0,0.0,0.0,16.0,15.0,36.2,1.6,0.6111111111111112,0.0,0.0,13.0,9.0,34.9,0.7,0.875,0.0,0.0,15.0,9.0,35.3,0.9,0.9375,-3.0,0.0,0.0,0.0,0.0,1,2,263.9,15.0,1591,1713,464,0.0,0.0,15.0,11.0,34.8,1.2,0.875,0.0,0.0,11.0,7.0,34.9,1.0,0.6428571428571429,-1.4,0.0,52.0,-112.0,16.0,18.0,438.0,0.0,-0.0625,-0.0625,0.125,-0.14285714285714285,0.270000000000001,0.0,1.093500000000006,-0.25310000000000343,0.19350000000000023,-0.27470000000000283,-0.1747000000000014,0.13404771302636567,0.5192301994298886,-3.0,2.0,0.0
9,202404010202,0,7,2,47,0,1,1,1,0,1,0,0,0,2,0,7,0,1,0,1,0,1,0,0,0,2,0,2,0,1,0,0,0,1,0,0,0.0,0.0,50.0,4.0,35.5,1.1,0.625,0.0,0.0,70.0,7.0,35.1,0.5,0.6428571428571429,0.0,0.0,90.0,6.0,35.0,0.6,0.16666666666666666,1.0,-6.0,200.0,0.0,0.0,4,8,47.9,9.0,1089,1508,1428,0.0,0.0,110.0,5.0,35.1,0.5,0.5,0.0,0.0,80.0,11.0,36.2,2.0,0.3076923076923077,1.2,0.0,54.0,15.0,16.0,16.0,406.0,-0.0625,0.0,0.0,-0.125,0.3076923076923077,-0.14000000000000057,0.0,0.346899999999998,-0.05310000000000059,-0.153100000000002,-0.05310000000000059,1.1253000000000029,0.18484372688977052,0.4445222154178581,0.0,0.0,
10,202404010202,14,18,22,177,26,24,35,278,1,1,1,11,2,2,4,18,1,1,3,35,0,0,0,1,0,0,1,6,0,0,1,12,0,0,0,0,0.0,0.0,1.0,1.0,38.3,0.0,0.09090909090909091,0.0,0.0,11.0,8.0,39.4,1.8,0.5,0.0,0.0,14.0,11.0,36.2,0.9,0.5625,5.0,15.0,100.0,0.0,0.08695652173913043,5,9,207.0,14.0,1152,1167,1428,0.0,0.0,14.0,12.0,35.9,1.1,0.7222222222222222,0.0,0.0,7.0,10.0,34.6,1.0,0.6923076923076923,2.2,0.2,55.0,-168.0,16.0,11.0,433.0,0.0,0.0625,-0.0625,0.1111111111111111,0.0,1.0899999999999992,0.0,0.708599999999997,1.1204999999999998,1.093500000000006,-0.19480000000000075,-0.6633999999999958,0.22658483831841483,1.7313578486263306,1.0,1.0,0.0
11,202404010202,3,0,2,36,18,17,16,159,0,0,0,2,1,0,1,10,4,2,3,17,0,0,0,1,1,0,0,6,1,0,2,4,0,0,0,0,0.0,0.0,13.0,14.0,48.3,11.2,0.8571428571428571,0.0,0.0,11.0,12.0,39.7,2.7,0.7857142857142857,0.0,0.0,9.0,7.0,39.3,1.4,0.3333333333333333,-3.5,4.0,-300.0,0.0,0.25,6,11,52.9,10.0,1704,1294,1712,0.0,0.0,11.0,15.0,36.7,2.4,0.125,0.0,0.0,10.0,12.0,36.1,1.0,0.6875,-0.1,0.0,54.0,-111.0,16.0,14.0,476.0,0.07142857142857142,-0.07142857142857142,-0.06666666666666667,0.0625,0.0,2.7399999999999993,0.0,8.907399999999996,0.30740000000000123,-0.09260000000000446,1.2408000000000001,0.9935000000000045,0.2814513325740522,4.371910337598426,-1.0,1.0,0.0
12,202404010202,14,18,22,177,0,2,0,16,0,0,0,0,2,2,4,18,0,1,0,5,0,0,0,0,0,0,1,6,0,1,0,1,0,0,0,0,0.0,0.0,90.0,110.0,45.5,5.1,0.36363636363636365,0.0,0.0,160.0,150.0,39.9,3.7,0.125,0.0,0.0,80.0,90.0,35.2,1.4,0.2,-10.0,5.0,-100.0,0.0,0.0,2,3,173.3,12.0,1152,1169,1428,0.0,0.0,120.0,130.0,36.3,1.6,0.8125,,,,,,,,0.0,0.0,51.0,-171.0,16.0,11.0,425.0,0.6363636363636364,0.375,0.5,0.0,,3.2300000000000004,0.0,,4.440799999999996,-0.7165999999999997,1.1935000000000002,,0.26676771703151525,4.018317433951678,-3.0,1.0,0.0
13,202404010202,13,11,21,172,2,6,2,43,0,0,0,0,0,1,1,16,0,0,0,5,0,0,0,0,0,0,1,5,0,0,0,2,0,0,0,0,0.0,0.0,7.0,11.0,43.4,4.8,1.0,0.0,0.0,13.0,14.0,36.6,1.6,0.75,0.0,0.0,12.0,13.0,38.4,2.7,0.4444444444444444,1.0,15.0,0.0,0.0,0.0,8,15,179.2,13.0,1127,1186,1328,,,,,,,,,,,,,,,1.0,0.0,57.0,-142.0,16.0,11.0,435.0,0.0,0.0,-0.1111111111111111,,,2.5,0.0,5.1205,1.4935000000000045,2.940799999999996,,,0.22718229900713513,2.8767265347188546,1.0,1.0,0.0
14,202404010202,0,0,0,0,10,5,4,99,0,0,0,0,0,0,0,0,1,1,0,12,0,0,0,0,0,0,0,0,1,1,0,6,0,0,0,0,0.0,0.0,150.0,8.0,35.7,0.9,0.5882352941176471,0.0,0.0,70.0,15.0,34.4,1.4,0.6666666666666666,,,,,,,,7.0,-6.0,-400.0,0.11538461538461539,0.11538461538461539,5,10,19.0,6.0,1185,1328,1317,,,,,,,,,,,,,,,7.0,0.0,57.0,113.0,16.0,17.0,426.0,-0.058823529411764705,0.05555555555555555,,,,1.3000000000000043,0.0,0.24080000000000013,-0.6747000000000014,,,,0.039215686274509776,0.6500000000000021,0.0,0.0,
15,202404010202,1,1,1,9,8,6,7,97,0,0,0,0,0,0,0,1,1,0,0,23,0,0,0,0,0,0,0,0,0,0,0,8,0,0,0,0,0.0,0.0,2.0,5.0,39.3,1.2,0.6,0.0,0.0,9.0,7.0,37.8,1.6,0.375,0.0,0.0,15.0,5.0,37.5,2.2,1.0,0.0,20.0,0.0,0.0,0.0,7,14,374.9,16.0,1693,1362,1167,0.0,0.0,8.0,9.0,39.1,3.1,0.8666666666666667,0.0,0.0,16.0,16.0,36.1,1.9,1.0,2.4,0.0,57.0,-167.0,16.0,10.0,476.0,-0.1,0.0,-0.0625,-0.13333333333333333,0.0,0.5099999999999987,0.0,1.0204999999999984,0.5448999999999984,-0.5726000000000013,-0.5259,0.9935000000000045,0.24497165368897503,1.1655041827466766,1.0,1.0,0.0
16,202404010407,14,18,22,177,8,6,6,151,0,0,0,4,2,2,4,18,2,0,0,20,0,0,0,0,0,1,2,4,0,0,0,3,0,0,0,0,0.0,0.0,20.0,4.0,34.6,0.4,0.25,0.0,0.0,20.0,6.0,34.7,0.6,0.4375,0.0,0.0,10.0,7.0,34.8,0.4,0.3888888888888889,1.5,0.0,200.0,0.0,0.0,6,11,7.6,4.0,1152,1235,1428,0.0,0.0,40.0,3.0,35.1,0.2,0.4666666666666667,0.0,0.0,30.0,5.0,35.2,0.4,0.14285714285714285,-0.1,0.2,57.0,28.0,16.0,16.0,512.0,-0.0625,0.0,0.0,0.06666666666666667,0.07142857142857142,-0.16000000000000014,0.0,-0.5531000000000006,-0.4064999999999941,-0.7621000000000038,-0.006499999999995509,0.04690000000000083,0.12236538204123029,0.231516738055805,1.0,3.0,0.3333333333333333
17,202404010407,52,46,42,354,2,2,2,40,0,1,1,12,3,2,2,36,1,0,1,4,0,0,0,3,0,0,1,2,0,0,0,1,0,0,0,1,0.0,0.0,10.0,2.0,34.2,0.0,0.7222222222222222,0.0,0.0,40.0,2.0,34.5,0.3,0.5,0.0,0.0,60.0,5.0,35.0,0.5,0.6363636363636364,1.5,-6.0,200.0,0.03125,0.15625,4,8,3.3,1.0,1428,460,1263,0.0,0.0,20.0,8.0,33.2,0.6,0.9333333333333333,0.0,0.0,10.0,9.0,36.7,0.6,0.3125,2.0,0.4,56.0,64.0,16.0,18.0,436.0,-0.1111111111111111,0.0,0.09090909090909091,0.0,-0.0625,-0.3700000000000003,0.0,-1.6161999999999992,-1.316200000000002,-0.07469999999999999,-1.9530999999999992,0.6052000000000035,0.20873297450926376,1.1513470371699404,0.0,0.0,
18,202404010407,4,4,4,37,3,2,2,8,0,0,0,0,1,1,3,7,0,0,1,0,0,0,0,0,0,0,0,1,0,0,0,0,0,0,0,0,0.0,0.0,30.0,3.0,34.6,0.2,0.1875,0.0,0.0,90.0,2.0,36.4,0.0,0.05555555555555555,0.0,0.0,90.0,10.0,34.2,0.5,0.4117647058823529,3.5,-4.0,200.0,0.0,0.22580645161290322,6,12,5.2,3.0,1064,464,1556,0.0,0.0,20.0,8.0,34.4,0.7,0.29411764705882354,0.0,0.0,10.0,1.0,35.3,0.0,0.2,0.2,0.6,56.0,29.0,16.0,16.0,472.0,-0.0625,0.0,0.0,-0.11764705882352941,0.0,0.06000000000000085,0.0,-0.5531000000000006,1.2935000000000016,-0.9064999999999941,-0.7064999999999984,-1.0748999999999995,0.11856337508583056,0.8009993757800302,0.0,3.0,0.3333333333333333
19,202404010407,2,2,1,33,36,21,22,270,0,0,0,2,1,1,0,10,3,2,1,35,0,0,0,0,1,0,0,1,1,0,0,5,0,0,0,0,0.0,0.0,40.0,16.0,37.8,2.1,0.0625,0.0,0.0,80.0,4.0,35.9,0.2,0.0625,0.0,0.0,140.0,11.0,36.5,1.2,0.1875,-2.5,-16.0,-400.0,0.0,0.18181818181818182,1,1,25.4,8.0,1672,1428,1167,0.0,0.0,50.0,12.0,37.3,1.5,0.125,0.0,0.0,50.0,1.0,35.7,0.0,0.05555555555555555,-2.2,0.2,56.0,113.0,16.0,16.0,452.0,0.0,0.0,0.0625,0.0,0.0,0.279999999999999,0.0,2.3407999999999944,0.8252999999999986,1.4253,2.225299999999997,0.05010000000000048,0.051106581924928056,0.8039900496896695,4.0,0.0,
20,202404010407,3,1,0,17,11,14,11,155,1,0,0,0,0,0,0,3,1,2,3,30,0,0,0,0,0,0,0,0,0,1,0,3,0,0,0,0,0.0,0.0,20.0,5.0,36.7,0.9,0.75,0.0,0.0,20.0,4.0,34.1,0.3,0.6428571428571429,0.0,0.0,10.0,3.0,33.3,0.3,0.875,-1.0,0.0,-200.0,0.1111111111111111,0.1111111111111111,7,14,4.5,2.0,1434,1556,969,0.0,0.0,20.0,2.0,33.0,0.2,0.6923076923076923,0.0,0.0,20.0,4.0,33.7,0.2,0.875,-0.4,0.4,58.0,182.0,16.0,12.0,500.0,-0.25,0.0,-0.0625,0.0,0.0625,0.7100000000000002,0.0,-1.3725999999999985,-1.549900000000001,-1.8064999999999998,-2.106499999999997,-1.406499999999994,0.09445356994192212,1.3230268326832995,1.0,3.0,0.6666666666666666
21,202404010407,25,23,32,225,36,21,22,270,4,2,5,22,3,2,4,20,3,2,1,35,0,1,0,6,1,0,0,5,1,0,0,5,0,0,0,2,0.0,0.0,13.0,13.0,35.5,2.3,0.5714285714285714,0.0,0.0,6.0,12.0,37.8,2.5,0.6666666666666666,0.0,0.0,14.0,6.0,35.9,0.4,0.4375,-3.5,-2.0,0.0,0.0,0.13333333333333333,8,15,72.4,14.0,1691,1428,1167,0.0,0.0,9.0,7.0,36.5,1.1,0.125,0.0,0.0,11.0,16.0,35.9,1.7,0.5625,0.1,0.0,58.0,-42.0,16.0,14.0,514.0,0.07142857142857142,0.06666666666666667,0.0625,0.0,0.0,0.05,0.0,0.39350000000000307,-0.11110000000000042,0.7935000000000016,1.2366000000000028,-0.19480000000000075,0.18845091447253015,0.8059776671843947,0.0,2.0,0.0
22,202404010407,1,4,5,38,23,13,11,238,0,0,0,3,0,2,3,9,5,1,4,34,0,0,0,0,0,0,0,1,1,1,2,6,0,0,0,0,0.0,0.0,50.0,10.0,34.4,0.8,0.8125,0.0,0.0,130.0,6.0,34.7,0.2,0.7222222222222222,0.0,0.0,110.0,11.0,34.0,0.6,1.0,0.5,0.0,0.0,0.0,0.08333333333333333,5,10,33.3,9.0,1467,1263,336,0.0,0.0,140.0,11.0,33.5,0.8,1.0,0.0,0.0,120.0,16.0,37.7,2.5,0.3125,1.7,0.0,56.0,49.0,16.0,16.0,440.0,0.0,-0.05555555555555555,-0.05555555555555555,0.0,0.0625,-0.5400000000000006,0.0,-0.7064999999999984,-0.4064999999999941,-1.562100000000001,-1.606499999999997,2.2408,0.25266328298330415,1.4759403781996085,0.0,4.0,0.0
23,202404010407,1,4,5,38,0,0,0,3,0,0,0,0,0,2,3,9,0,0,0,0,0,0,0,0,0,0,0,1,0,0,0,0,0,0,0,0,0.0,0.0,130.0,10.0,35.9,0.4,0.5555555555555556,0.0,0.0,40.0,11.0,38.6,1.5,0.2,0.0,0.0,30.0,7.0,36.7,0.8,0.3125,-1.5,-4.0,0.0,0.06521739130434782,0.32608695652173914,4,7,18.8,6.0,1467,1339,336,0.0,0.0,30.0,11.0,38.4,1.8,0.625,0.0,0.0,90.0,4.0,35.5,0.6,0.75,-1.2,0.0,56.0,57.0,16.0,18.0,444.0,0.0,-0.06666666666666667,0.0,0.0,-0.125,0.1,0.0,0.7935000000000016,0.7317000000000036,-0.39799999999999613,0.5317000000000007,-2.633800000000001,0.20283941224647103,1.2702755606560336,4.0,1.0,0.0
24,202404010407,5,10,7,122,1,0,1,6,1,0,0,0,1,3,4,20,0,0,0,1,0,0,0,0,0,1,0,5,0,0,0,0,0,0,0,0,0.0,0.0,11.0,9.0,34.6,0.8,0.5294117647058824,0.0,0.0,15.0,7.0,34.9,0.7,0.6111111111111112,0.0,0.0,11.0,13.0,34.7,0.9,0.6666666666666666,2.0,2.0,-200.0,0.0,0.06666666666666667,8,16,47.9,11.0,1172,1571,1556,0.0,0.0,11.0,9.0,35.8,0.6,0.625,0.0,0.0,5.0,9.0,35.2,0.7,0.5555555555555556,0.2,0.0,57.0,-162.0,16.0,17.0,472.0,0.0,-0.05555555555555555,-0.1111111111111111,0.125,0.0,-0.21000000000000013,0.0,-0.47469999999999857,-0.20649999999999835,-0.4064999999999941,0.6935000000000002,-0.16539999999999822,0.04923590623532227,0.43174066289845664,-1.0,3.0,0.0
25,202404010407,28,22,25,187,3,3,2,41,0,1,0,5,3,3,3,32,2,1,0,2,0,0,0,0,0,0,0,10,0,1,0,1,0,0,0,0,0.0,0.0,120.0,16.0,34.9,2.0,0.7777777777777778,0.0,0.0,12.0,12.0,34.3,1.3,1.0,0.0,0.0,12.0,6.0,34.2,0.7,0.8888888888888888,-5.0,-18.0,0.0,0.21428571428571427,0.42857142857142855,1,2,37.5,10.0,1098,1079,1294,0.0,0.0,10.0,10.0,35.8,0.7,0.8125,0.0,0.0,10.0,9.0,35.8,0.4,0.6111111111111112,-1.6,0.0,56.0,-210.0,16.0,18.0,460.0,0.0,-0.07692307692307693,0.0,-0.0625,0.05555555555555555,-0.32999999999999974,0.0,-0.20649999999999835,-0.8064999999999998,-0.9064999999999941,0.6935000000000002,0.6935000000000002,0.12853039223621415,0.6957010852370421,0.0,5.0,0.0
26,202404010407,16,14,7,123,36,21,22,270,3,2,2,24,4,3,0,21,3,2,1,35,0,0,0,5,1,0,0,2,1,0,0,5,0,0,0,1,0.0,0.0,110.0,5.0,34.2,0.5,0.5625,0.0,0.0,60.0,7.0,34.9,0.5,0.5555555555555556,0.0,0.0,50.0,14.0,38.5,2.8,1.0,4.5,0.0,200.0,0.0,0.0,2,4,58.9,13.0,1657,1428,1317,0.0,0.0,40.0,7.0,36.3,1.9,1.0,0.0,0.0,,,,,,1.3,0.0,57.0,28.0,16.0,16.0,418.0,0.0,0.05555555555555555,-0.5333333333333333,-0.14285714285714285,,-0.9899999999999984,0.0,-0.9530999999999992,-0.9162000000000035,2.168300000000002,0.38339999999999463,,0.2204997808535906,1.6422164899914986,0.0,0.0,
27,202404010407,28,22,25,187,3,3,2,41,0,1,0,5,3,3,3,32,2,1,0,2,0,0,0,0,0,0,0,10,0,1,0,1,0,0,0,0,0.0,0.0,6.0,10.0,38.3,1.4,0.8,0.0,0.0,4.0,12.0,36.5,0.8,0.3125,0.0,0.0,3.0,6.0,36.0,0.2,0.4444444444444444,-2.0,21.0,200.0,0.3333333333333333,0.4166666666666667,2,3,7.6,4.0,1098,1079,1294,0.0,0.0,4.0,6.0,35.8,0.3,0.1875,0.0,0.0,1.0,7.0,35.3,0.6,0.3333333333333333,-1.2,0.0,54.0,-164.0,16.0,15.0,483.0,-0.13333333333333333,0.0,-0.1111111111111111,0.0,0.0,0.6700000000000003,0.0,0.3888999999999996,1.393500000000003,0.8935000000000031,0.7252999999999972,0.19350000000000023,0.2088168463238586,1.0342146779078316,0.0,3.0,0.0
28,202404010407,28,22,25,187,11,14,11,155,0,2,1,10,3,3,3,32,1,2,3,30,0,0,1,3,0,0,0,10,0,1,0,3,0,0,0,1,0.0,0.0,7.0,15.0,40.1,3.1,0.26666666666666666,0.0,0.0,13.0,13.0,37.0,1.3,0.14285714285714285,0.0,0.0,7.0,11.0,36.6,1.6,0.21428571428571427,-2.0,-6.0,200.0,0.0,0.0,3,5,24.6,7.0,1098,1556,1294,0.0,0.0,7.0,13.0,37.3,1.1,0.125,0.0,0.0,9.0,3.0,34.6,0.1,0.125,-2.4,0.2,53.0,-153.0,16.0,15.0,434.0,0.13333333333333333,0.0,0.07142857142857142,0.0,0.125,1.0700000000000003,0.0,2.682299999999998,1.0775000000000006,0.677500000000002,2.1935000000000002,-0.5064999999999955,0.05653145132280023,1.7634057956125695,-2.0,2.0,0.5
29,202404010407,28,22,25,187,9,8,6,110,2,1,1,9,3,3,3,32,0,0,1,25,0,0,0,1,0,0,0,10,0,0,0,3,0,0,0,0,0.0,0.0,16.0,14.0,36.6,1.8,1.0,0.0,0.0,10.0,11.0,42.0,4.9,0.5454545454545454,0.0,0.0,6.0,7.0,35.8,1.8,0.625,-3.5,0.0,0.0,0.25,0.25,5,9,154.2,16.0,1098,1618,1294,0.0,0.0,6.0,6.0,35.8,0.9,0.8888888888888888,0.0,0.0,8.0,11.0,35.0,1.2,0.36363636363636365,-1.1,0.0,55.0,0.0,16.0,16.0,490.0,0.0,0.36363636363636365,0.0,0.0,0.09090909090909091,0.9400000000000006,0.0,1.4935000000000045,5.834200000000003,0.5366,0.34079999999999444,-0.07469999999999999,0.23114600728987822,2.5310867231290204,0.0,1.0,0.0
30,202404010407,16,14,7,123,23,13,11,238,0,0,0,2,4,3,0,21,5,1,4,34,0,0,0,1,1,0,0,2,1,1,2,6,0,0,0,0,0.0,0.0,130.0,4.0,35.2,0.4,0.0625,0.0,0.0,150.0,14.0,36.2,2.1,0.5294117647058824,0.0,0.0,40.0,9.0,36.3,1.5,0.36363636363636365,2.5,-2.0,0.0,0.05,0.25,7,13,52.7,12.0,1657,1263,1317,0.0,0.0,30.0,5.0,38.5,1.4,0.35714285714285715,0.0,0.0,10.0,3.0,38.2,0.3,0.16666666666666666,-1.1,0.2,58.0,49.0,16.0,16.0,458.0,0.0,-0.058823529411764705,0.36363636363636365,-0.21428571428571427,0.0,-0.8299999999999997,0.0,0.09350000000000591,0.5501000000000005,0.06119999999999948,-0.26789999999999736,-0.5678999999999945,0.16373359896955536,1.2639620247459966,0.0,1.0,0.0
31,202404010407,16,14,7,123,1,0,0,6,1,0,0,0,4,3,0,21,0,0,0,1,0,0,0,0,1,0,0,2,0,0,0,0,0,0,0,0,0.0,0.0,12.0,10.0,39.1,1.6,0.125,0.0,0.0,12.0,13.0,34.6,0.8,0.8125,0.0,0.0,15.0,16.0,38.3,2.4,0.1875,3.0,14.0,200.0,0.0,0.07692307692307693,3,6,96.7,15.0,1657,1331,1317,0.0,0.0,10.0,9.0,37.9,1.2,0.0625,0.0,0.0,6.0,14.0,36.4,1.6,0.23529411764705882,0.4,0.0,55.0,-125.0,16.0,16.0,474.0,0.0,0.0625,0.0,0.0,0.0,0.21000000000000085,0.0,1.1889000000000038,-0.5531000000000006,3.1935000000000002,-0.011099999999999,1.0345999999999975,0.27031035923807784,1.5932357013323544,-1.0,1.0,0.0
32,202404010503,4,3,2,14,2,6,2,43,2,1,0,2,0,0,1,3,0,0,0,5,0,0,0,0,0,0,1,1,0,0,0,2,0,0,0,0,0.0,0.0,40.0,3.0,34.5,0.1,0.4444444444444444,0.0,0.0,40.0,3.0,35.3,0.3,0.3888888888888889,0.0,0.0,90.0,4.0,36.7,0.8,0.375,0.5,-2.0,0.0,0.0,0.2,5,9,4.4,2.0,1540,1186,1036,0.0,0.0,120.0,4.0,35.8,0.5,0.6666666666666666,0.0,0.0,60.0,5.0,34.3,0.6,0.9090909090909091,0.5,0.4,56.0,21.0,16.0,18.0,474.0,0.0,0.16666666666666666,0.0,0.0,-0.18181818181818182,-0.009999999999999431,0.0,-0.6064999999999969,-0.5162000000000049,1.6253000000000029,0.6935000000000002,-1.5162000000000049,0.20496278663133777,0.8772684879784536,0.0,2.0,0.5
33,202404010503,3,1,2,40,0,0,0,1,0,0,0,0,1,0,1,6,0,0,0,0,0,0,0,0,0,0,1,3,0,0,0,0,0,0,0,0,0.0,0.0,30.0,4.0,35.3,0.3,0.1875,0.0,0.0,50.0,13.0,37.6,2.1,0.5,0.0,0.0,30.0,4.0,34.3,0.6,0.5294117647058824,0.0,6.0,200.0,0.16666666666666666,0.16666666666666666,3,6,7.3,4.0,1243,1605,1428,,,,,,,,,,,,,,,0.0,0.0,53.0,28.0,16.0,16.0,432.0,0.0,0.2777777777777778,-0.058823529411764705,,,0.5,0.0,0.14689999999999515,2.5253000000000014,-0.8064999999999998,,,0.15471298040328485,1.3816254517375157,0.0,1.0,0.0
34,202404010503,0,0,1,1,0,0,0,2,0,0,0,1,0,0,0,0,0,0,0,0,0,0,0,0,0,0,0,0,0,0,0,0,0,0,0,0,0.0,0.0,10.0,2.0,35.1,0.0,0.2777777777777778,0.0,0.0,,,,,,0.0,0.0,20.0,6.0,35.1,0.8,0.46153846153846156,4.0,,-200.0,0.047619047619047616,0.23809523809523808,7,13,2.5,1.0,1706,481,1428,,,,,,,,,,,,,,,4.0,0.5,55.0,20.0,16.0,18.0,486.0,0.0,,0.07692307692307693,,,0.0,0.0,0.025300000000001432,,-0.8166000000000011,,,0.09188034188034189,0.0,0.0,0.0,
35,202404010503,0,1,0,6,2,1,1,32,0,0,0,0,0,0,0,0,0,0,0,4,0,0,0,0,0,0,0,0,0,0,0,0,0,0,0,0,0.0,0.0,60.0,4.0,36.2,0.4,0.26666666666666666,0.0,0.0,30.0,5.0,35.6,0.9,0.16666666666666666,,,,,,,,1.0,-8.0,0.0,0.030303030303030304,0.18181818181818182,8,15,17.4,7.0,1286,1103,1503,,,,,,,,,,,,,,,1.0,0.0,55.0,146.0,16.0,15.0,442.0,0.13333333333333333,0.0,,,,0.6000000000000014,0.0,0.6379000000000019,0.4935000000000045,,,,0.05,0.3000000000000007,0.0,2.0,0.0
36,202404010503,28,22,25,187,0,0,0,6,0,0,0,0,3,3,3,32,0,0,0,2,0,0,0,0,0,1,1,8,0,0,0,1,0,0,0,0,0.0,0.0,1.0,3.0,39.4,0.6,0.3333333333333333,0.0,0.0,8.0,6.0,35.3,0.8,0.6428571428571429,0.0,0.0,3.0,9.0,34.3,1.3,0.875,3.0,-14.0,200.0,0.0,0.25,6,12,6.8,3.0,1098,1322,1294,0.0,0.0,3.0,5.0,35.9,0.5,0.6875,0.0,0.0,3.0,5.0,34.1,0.3,0.8,0.3,0.2,57.0,-164.0,16.0,12.0,484.0,0.0,-0.07142857142857142,-0.125,-0.0625,0.06666666666666667,0.9999999999999993,0.0,1.5788999999999973,-0.6225000000000023,-0.8531000000000049,0.7935000000000016,-1.0531000000000006,0.18616489898612057,1.9162463307205573,0.0,1.0,0.0
37,202404010503,13,11,21,172,0,0,0,3,0,0,0,0,0,1,1,16,0,0,0,0,0,0,0,0,0,0,1,5,0,0,0,0,0,0,0,0,0.0,0.0,2.0,5.0,42.9,2.0,0.16666666666666666,0.0,0.0,7.0,9.0,39.6,2.2,0.5625,0.0,0.0,4.0,4.0,38.8,0.6,0.4666666666666667,-0.5,-1.0,0.0,0.0,0.0625,5,10,35.3,8.0,1127,336,1328,0.0,0.0,7.0,6.0,35.2,1.1,0.7222222222222222,0.0,0.0,8.0,6.0,35.6,0.5,0.875,-0.1,0.0,56.0,-149.0,16.0,12.0,415.0,0.08333333333333333,-0.0625,-0.2,0.05555555555555555,0.0,1.8999999999999992,0.0,5.235700000000001,0.39059999999999917,0.22240000000000038,-0.2591999999999999,0.4935000000000045,0.24039961586625294,2.825880393788809,0.0,1.0,0.0
38,202404010503,14,18,22,177,1,0,0,2,0,0,0,0,2,2,4,18,0,0,0,0,0,0,0,0,0,0,1,6,0,0,0,0,0,0,0,0,0.0,0.0,10.0,9.0,40.7,2.1,0.1111111111111111,0.0,0.0,20.0,4.0,37.0,1.0,0.07692307692307693,0.0,0.0,20.0,2.0,35.3,0.1,0.07142857142857142,-3.5,-2.0,-400.0,0.02702702702702703,0.21621621621621623,8,16,10.6,5.0,1152,423,1428,,,,,,,,,,,,,,,-3.5,0.3333333333333333,57.0,98.0,16.0,9.0,510.0,0.0,0.0,0.0,,,2.700000000000003,0.0,1.0741000000000014,1.0833999999999975,-0.6166000000000054,,,0.017555357611876023,2.2543784558547912,0.0,0.0,
39,202404010503,7,8,7,70,1,0,0,6,0,0,0,0,0,2,0,17,0,0,0,1,0,0,0,0,0,2,0,9,0,0,0,0,0,0,0,0,0.0,0.0,10.0,12.0,34.9,0.7,0.2777777777777778,0.0,0.0,6.0,12.0,35.2,0.8,1.0,0.0,0.0,10.0,8.0,36.8,0.8,0.1875,-2.0,2.0,200.0,0.10714285714285714,0.10714285714285714,6,11,47.1,10.0,1677,1331,1167,0.0,0.0,8.0,4.0,34.7,0.2,0.4666666666666667,0.0,0.0,12.0,11.0,42.0,2.9,0.1875,-1.0,0.0,55.0,-105.0,16.0,18.0,438.0,0.0,0.0,0.0625,0.0,0.125,-1.3700000000000003,0.0,-0.25310000000000343,0.04690000000000083,1.6935000000000002,-0.45309999999999917,2.4532999999999987,0.3055623736613048,2.7418242102658583,1.0,1.0,0.0
40,202404010503,26,18,25,201,1,0,0,0,0,0,0,0,7,3,4,45,0,0,0,0,0,0,0,0,3,1,1,7,0,0,0,0,0,0,0,0,0.0,0.0,3.0,2.0,36.5,0.1,0.4,0.0,0.0,9.0,12.0,36.5,1.3,0.2777777777777778,0.0,0.0,13.0,9.0,36.2,0.8,0.6875,3.5,-2.0,400.0,0.0,0.12121212121212122,7,14,88.8,13.0,1393,812,1263,0.0,0.0,3.0,10.0,39.4,1.5,0.3333333333333333,0.0,0.0,4.0,7.0,40.0,1.7,0.06666666666666667,0.8,0.2,57.0,-163.0,16.0,10.0,450.0,-0.2,0.3888888888888889,0.125,0.06666666666666667,0.0,-0.9899999999999999,0.0,0.22579999999999956,0.5833999999999975,1.093500000000006,1.5788999999999973,2.7449000000000012,0.20106276275805332,1.631441080762648,1.0,1.0,0.0
41,202404010503,9,13,20,138,2,1,1,17,0,0,0,4,1,1,4,25,0,0,0,4,0,0,0,2,0,0,2,6,0,0,0,3,0,0,0,2,0.0,0.0,20.0,20.0,41.6,0.8,0.16666666666666666,0.0,0.0,70.0,110.0,37.1,1.1,0.1875,0.0,0.0,40.0,90.0,35.2,0.6,0.2222222222222222,35.0,17.0,0.0,0.0,0.0,1,1,60.9,12.0,1317,1324,1186,0.0,0.0,120.0,100.0,37.2,0.8,0.0625,0.0,0.0,110.0,140.0,37.9,1.3,0.1111111111111111,23.0,0.0,53.0,-162.0,16.0,12.0,503.0,0.0,0.0,0.0,0.0,0.0,0.7300000000000004,0.0,3.935700000000004,1.7346000000000004,-0.09129999999999683,2.093500000000006,2.7935000000000016,0.05668981008877375,2.100476136498579,-3.0,3.0,0.0
42,202404010503,0,1,0,6,0,0,0,3,0,0,0,0,0,0,0,0,0,0,0,1,0,0,0,0,0,0,0,0,0,0,0,0,0,0,0,0,0.0,0.0,11.0,11.0,37.1,1.0,0.1875,0.0,0.0,7.0,7.0,39.5,1.3,0.1,0.0,0.0,6.0,8.0,36.5,0.9,0.3125,-1.5,16.0,0.0,0.0,0.0,1,2,51.6,11.0,1286,80,1503,0.0,0.0,11.0,3.0,35.7,0.9,0.3125,0.0,0.0,3.0,7.0,36.2,1.5,0.16666666666666666,-1.2,0.2,51.0,0.0,16.0,16.0,454.0,0.0,0.5,0.0,0.0,0.08333333333333333,0.5599999999999994,0.0,1.9935000000000045,2.1546999999999983,1.0407999999999973,-0.0373999999999981,0.7408000000000001,0.0840552067261617,1.329661611087572,0.0,1.0,0.0
43,202404010503,0,0,0,0,1,0,2,5,0,0,0,0,0,0,0,0,0,0,1,1,0,0,0,0,0,0,0,0,0,0,0,0,0,0,0,0,0.0,0.0,120.0,12.0,44.3,6.3,0.6666666666666666,0.0,0.0,70.0,6.0,35.8,0.2,0.1875,0.0,0.0,60.0,5.0,35.8,0.4,0.4375,-3.5,-9.0,-300.0,0.0,0.25,2,3,14.7,6.0,379,599,204,0.0,0.0,60.0,12.0,36.9,1.1,0.375,0.0,0.0,20.0,3.0,34.9,0.1,0.26666666666666666,-1.2,0.2,55.0,-145.0,16.0,12.0,403.0,0.3333333333333333,-0.0625,0.0,-0.0625,0.0,1.7699999999999996,0.0,5.090599999999995,0.4345999999999961,0.6468999999999951,1.7935000000000016,-0.25310000000000343,0.16443083652405346,3.4389533291395504,1.0,1.0,0.0
44,202404010503,25,23,32,225,18,17,16,159,3,1,0,7,3,2,4,20,4,2,3,17,1,0,0,0,1,1,1,6,1,0,2,4,0,0,0,0,0.0,0.0,12.0,11.0,39.3,2.6,0.9285714285714286,0.0,0.0,14.0,13.0,36.6,1.5,0.875,0.0,0.0,14.0,17.0,41.6,6.0,0.058823529411764705,3.0,-2.0,-300.0,0.027777777777777776,0.05555555555555555,4,7,206.5,14.0,1691,1294,1167,0.0,0.0,11.0,15.0,40.2,3.0,0.4375,0.0,0.0,8.0,12.0,35.5,2.1,0.5384615384615384,0.4,0.0,55.0,-35.0,16.0,14.0,494.0,-0.14285714285714285,0.0,0.47058823529411764,0.125,0.0,0.3999999999999993,0.0,-0.09260000000000446,1.4935000000000045,5.683399999999999,2.2889000000000053,0.4253,0.31667764802461346,2.2650386310171404,0.0,1.0,0.0
45,202404010503,25,20,20,201,26,24,35,278,4,3,5,17,1,2,0,21,1,1,3,35,0,0,0,0,0,1,0,11,0,0,1,12,0,0,0,0,0.0,0.0,4.0,6.0,43.2,2.6,0.9,0.0,0.0,17.0,7.0,35.8,1.3,0.5,0.0,0.0,12.0,10.0,36.2,1.3,0.4375,2.0,24.0,0.0,0.0,0.0,4,8,322.6,15.0,1506,1167,199,0.0,0.0,9.0,8.0,36.3,2.1,0.2222222222222222,0.0,0.0,15.0,14.0,37.1,1.6,0.625,1.7,0.0,52.0,-152.0,16.0,10.0,444.0,-0.2,-0.1111111111111111,0.0,0.0,0.0,1.1700000000000004,0.0,5.046200000000006,-0.11660000000000537,-0.7412999999999954,0.853199999999994,1.9935000000000045,0.22354743744924355,2.7722914709676556,-2.0,1.0,0.0
46,202404010503,1,1,0,5,0,0,1,2,0,0,0,0,0,0,0,1,0,0,0,1,0,0,0,0,0,0,0,0,0,0,0,1,0,0,0,0,0.0,0.0,10.0,10.0,40.3,0.0,0.1,0.0,0.0,110.0,130.0,42.3,4.5,0.1875,0.0,0.0,90.0,150.0,38.3,2.5,0.375,70.0,-1.0,0.0,0.0,0.08,3,5,37.7,9.0,1564,440,334,0.0,0.0,50.0,40.0,35.2,0.9,0.5625,0.0,0.0,50.0,130.0,36.2,1.6,0.35294117647058826,15.0,0.0,57.0,-154.0,16.0,10.0,485.0,0.0,0.375,0.1875,-0.0625,0.0,1.5299999999999983,0.0,2.0204999999999984,3.090599999999995,3.1935000000000002,0.04690000000000083,1.1253000000000029,0.16048383268614075,2.6035360569809645,1.0,1.0,0.0
47,202404010503,2,2,2,8,4,3,5,49,0,0,0,0,1,0,1,3,1,2,2,11,0,0,0,0,0,0,1,1,1,1,2,6,0,0,0,0,0.0,0.0,8.0,7.0,39.7,2.0,0.7777777777777778,0.0,0.0,16.0,16.0,38.2,2.8,0.6875,0.0,0.0,13.0,13.0,35.4,2.0,0.875,3.0,23.0,-100.0,0.0,0.0,2,4,392.3,16.0,1352,1599,1503,0.0,0.0,5.0,10.0,36.9,2.3,0.5,,,,,,,,0.6,0.0,52.0,-155.0,16.0,9.0,417.0,0.1111111111111111,-0.0625,0.0,0.08333333333333333,,1.1200000000000017,0.0,,3.093500000000006,0.3252999999999986,1.7468999999999966,,0.13822541180113226,1.588238017426861,-2.0,1.0,0.0
48,202404010808,3,1,0,17,11,14,11,155,1,0,0,0,0,0,0,3,1,2,3,30,0,0,0,0,0,0,0,0,0,1,0,3,0,0,0,0,0.0,0.0,20.0,5.0,35.6,0.4,0.625,0.0,0.0,20.0,5.0,36.7,0.9,0.75,0.0,0.0,20.0,4.0,34.1,0.3,0.6428571428571429,-0.5,-4.0,0.0,0.10344827586206896,0.10344827586206896,1,1,7.3,3.0,1434,1556,969,0.0,0.0,10.0,3.0,33.3,0.3,0.875,0.0,0.0,20.0,2.0,33.0,0.2,0.6923076923076923,-0.8,0.4,58.0,14.0,16.0,16.0,496.0,0.0,-0.25,0.0,-0.0625,0.0,0.8600000000000009,0.0,0.4935000000000045,-1.3725999999999985,-1.549900000000001,-1.8064999999999998,-2.106499999999997,0.09013752591496109,1.4065560778013808,0.0,3.0,0.6666666666666666
49,202404010808,8,8,5,108,0,0,0,1,0,0,0,1,4,1,0,16,0,0,0,0,0,0,0,0,0,0,0,1,0,0,0,0,0,0,0,0,0.0,0.0,90.0,9.0,37.1,1.5,0.6666666666666666,0.0,0.0,110.0,6.0,34.2,0.4,0.16666666666666666,0.0,0.0,80.0,11.0,35.7,2.2,0.4666666666666667,1.0,2.0,-600.0,0.0,0.0,4,7,85.7,14.0,1036,301,1108,0.0,0.0,70.0,4.0,34.8,0.5,0.75,0.0,0.0,130.0,4.0,34.3,0.5,0.8461538461538461,-1.2,0.0,54.0,274.0,16.0,18.0,450.0,0.0,0.0,-0.13333333333333333,-0.25,-0.15384615384615385,0.5000000000000014,0.0,1.183399999999999,-0.8746999999999971,0.6253000000000029,-0.27470000000000283,-0.7747000000000028,0.24121977996947247,1.0796295661012631,-2.0,0.0,
50,202404010808,3,4,1,56,36,21,22,270,1,1,0,6,0,0,0,8,3,2,1,35,0,0,0,2,0,0,0,3,1,0,0,5,0,0,0,1,0.0,0.0,15.0,16.0,38.4,4.7,0.125,0.0,0.0,14.0,17.0,37.7,2.0,0.1111111111111111,0.0,0.0,7.0,13.0,36.8,3.9,0.6923076923076923,-1.5,-2.0,-200.0,0.1,0.1,8,16,17.8,7.0,1426,1428,306,0.0,0.0,7.0,3.0,36.2,0.2,0.0625,0.0,0.0,5.0,4.0,34.0,0.3,0.1,-3.8,0.2,55.0,-160.0,16.0,16.0,472.0,0.0,0.0,0.0,0.0,0.0,1.0299999999999998,0.0,3.3252999999999986,2.593500000000006,1.7252999999999972,1.093500000000006,-1.0747,0.2379689486929777,1.5104966070799364,-1.0,2.0,0.5
51,202404010808,6,5,3,36,7,6,6,84,1,2,0,4,1,0,0,10,0,1,3,12,0,0,0,1,0,0,0,3,0,0,0,2,0,0,0,0,0.0,0.0,50.0,7.0,33.9,0.2,0.4666666666666667,0.0,0.0,2.0,4.0,34.9,0.2,0.875,0.0,0.0,5.0,8.0,38.6,0.9,0.07142857142857142,0.5,14.0,200.0,0.2,0.2,7,13,5.6,2.0,1601,1503,239,0.0,0.0,4.0,8.0,37.9,1.6,0.9230769230769231,0.0,0.0,6.0,7.0,39.1,0.9,0.3125,0.4,0.0,58.0,-342.0,16.0,15.0,512.0,0.0,0.0,0.0,-0.15384615384615385,-0.125,-1.3400000000000005,0.0,-1.2531000000000034,-0.20649999999999835,0.32050000000000267,-1.492600000000003,0.5224000000000046,0.32715110607717124,2.0846102753272624,3.0,1.0,0.0
52,202404010808,4,4,6,45,1,1,2,11,0,0,1,2,1,0,2,6,0,0,0,2,0,0,0,0,0,0,0,0,0,0,0,1,0,0,0,0,0.0,0.0,50.0,5.0,34.3,0.2,0.7142857142857143,0.0,0.0,20.0,7.0,35.1,0.9,0.42857142857142855,0.0,0.0,40.0,5.0,34.2,0.4,0.3076923076923077,0.0,-8.0,200.0,0.05128205128205128,0.1282051282051282,5,10,8.1,4.0,1399,1335,1428,0.0,0.0,60.0,4.0,34.9,0.6,0.4666666666666667,0.0,0.0,20.0,8.0,37.3,1.2,0.5454545454545454,0.3,0.0,56.0,29.0,16.0,14.0,426.0,0.07142857142857142,0.0,0.0,-0.06666666666666667,0.0,-0.5799999999999997,0.0,-0.8531000000000049,-0.05310000000000059,-0.8746999999999971,-0.25310000000000343,1.8407999999999944,0.13483411112361465,1.12356575241505,0.0,0.0,
53,202404010808,4,2,4,48,2,0,4,10,0,0,2,3,2,0,2,4,0,0,3,5,0,0,2,2,0,0,1,2,0,0,2,2,0,0,1,1,0.0,0.0,80.0,6.0,33.8,0.5,0.7142857142857143,0.0,0.0,50.0,3.0,35.1,0.4,0.8125,0.0,0.0,70.0,6.0,36.3,0.8,0.4444444444444444,0.0,4.0,200.0,0.16666666666666666,0.3333333333333333,2,3,20.4,8.0,1154,484,1561,0.0,0.0,100.0,3.0,34.6,0.2,0.6666666666666666,0.0,0.0,80.0,7.0,34.2,0.8,0.8461538461538461,0.2,0.4,57.0,162.0,16.0,14.0,488.0,0.07142857142857142,-0.1875,-0.1111111111111111,0.0,-0.07692307692307693,-0.030000000000001137,0.0,-1.3531000000000049,-0.05310000000000059,-0.9381000000000057,-0.5064999999999955,-1.4498999999999995,0.14183804514236514,0.8648699324175855,-1.0,2.0,0.5
54,202404010808,3,3,3,60,1,0,4,14,1,0,0,3,1,0,0,8,0,0,1,0,0,0,0,0,0,0,0,0,0,0,0,0,0,0,0,0,0.0,0.0,140.0,12.0,35.7,0.8,0.9375,0.0,0.0,17.0,13.0,34.1,1.0,0.7777777777777778,0.0,0.0,14.0,10.0,34.6,0.9,0.5555555555555556,-1.0,2.0,200.0,0.0,0.24242424242424243,2,4,22.1,9.0,1729,764,1428,0.0,0.0,9.0,7.0,35.8,0.5,0.5,0.0,0.0,4.0,3.0,34.3,0.4,0.7,-2.4,0.2,58.0,-168.0,16.0,16.0,428.0,-0.0625,-0.05555555555555555,-0.05555555555555555,-0.0625,0.0,0.11000000000000157,0.0,-0.11619999999999919,-1.0531000000000006,-0.7653999999999996,0.6935000000000002,-0.8531000000000049,0.1569392821176551,0.7127411872482183,3.0,1.0,0.0
55,202404010808,1,4,5,38,10,17,15,204,0,0,0,0,0,2,3,9,1,2,0,30,0,0,0,0,0,0,0,1,0,0,0,2,0,0,0,0,0.0,0.0,110.0,4.0,34.3,0.3,0.2,0.0,0.0,130.0,15.0,41.9,4.1,0.4375,0.0,0.0,80.0,13.0,35.1,1.0,0.6875,4.5,-16.0,0.0,0.2222222222222222,0.2222222222222222,6,12,13.8,6.0,1467,1183,336,0.0,0.0,40.0,1.0,34.2,0.0,0.3888888888888889,0.0,0.0,30.0,10.0,40.5,3.4,0.1875,-0.2,0.2,57.0,14.0,16.0,15.0,434.0,0.0,0.125,-0.0625,0.0,0.0625,-0.470000000000001,0.0,-0.8064999999999998,3.6205,-1.2616000000000014,-0.9064999999999941,2.5476000000000028,0.18297397440248703,3.310589071449369,-1.0,3.0,0.3333333333333333
56,202404010808,4,3,5,43,9,8,6,110,0,0,0,3,0,1,2,12,0,0,1,25,0,0,0,1,0,0,0,0,0,0,0,3,0,0,0,0,0.0,0.0,50.0,15.0,38.1,2.0,0.4375,0.0,0.0,50.0,5.0,38.0,0.8,0.75,0.0,0.0,30.0,6.0,35.4,0.8,0.125,-4.5,20.0,200.0,0.0,0.0,6,11,182.7,16.0,1534,1618,1235,,,,,,,,,,,,,,,-4.5,0.0,56.0,155.0,16.0,16.0,502.0,0.0,-0.125,-0.0625,,,1.3500000000000014,0.0,0.23170000000000357,0.13170000000000215,0.3252999999999986,,,0.2551551815399144,1.2498888839501794,1.0,0.0,
57,202404010808,2,5,7,118,2,1,0,10,0,0,0,0,0,1,0,12,0,1,0,3,0,0,0,0,0,1,0,5,0,0,0,0,0,0,0,0,0.0,0.0,,,,,,0.0,0.0,150.0,15.0,36.9,2.0,0.5,0.0,0.0,110.0,10.0,35.2,0.8,1.0,-5.0,,100.0,0.0,0.0,3,5,29.0,11.0,1561,239,1263,0.0,0.0,70.0,13.0,42.1,3.0,0.3333333333333333,0.0,0.0,120.0,4.0,38.8,0.8,0.3125,-3.0,0.0,55.0,-120.0,16.0,10.0,,,0.0,-0.0625,0.2,-0.0625,-1.2599999999999993,0.0,,1.608699999999999,0.09350000000000591,2.4741,-0.8259000000000043,0.2773162398327945,2.5617376914898995,-1.0,2.0,0.0
58,202404010808,3,0,2,36,6,9,4,99,0,0,0,0,1,0,1,10,0,1,2,18,0,0,0,0,0,0,0,1,0,0,0,4,0,0,0,0,0.0,0.0,10.0,2.0,34.9,0.2,0.2,0.0,0.0,60.0,7.0,35.1,0.7,0.1875,0.0,0.0,50.0,2.0,35.5,0.2,0.5714285714285714,0.0,0.0,200.0,0.0,0.0,8,15,10.2,5.0,1704,1366,1712,0.0,0.0,110.0,6.0,37.1,1.3,0.13333333333333333,0.0,0.0,110.0,16.0,37.0,1.7,0.375,2.7,0.4,52.0,22.0,16.0,10.0,496.0,0.0,-0.0625,-0.2857142857142857,-0.06666666666666667,-0.0625,-0.6200000000000003,0.0,-0.25310000000000343,-0.05310000000000059,-0.5947999999999993,0.7683000000000035,1.9253,0.16094604101348323,0.9431860898041281,0.0,0.0,
59,202404010808,4,1,1,42,0,0,0,6,0,0,0,0,0,0,0,9,0,0,0,2,0,0,0,0,0,0,0,0,0,0,0,0,0,0,0,0,0.0,0.0,100.0,9.0,34.3,0.5,0.29411764705882354,0.0,0.0,40.0,1.0,35.1,0.0,0.2777777777777778,0.0,0.0,10.0,4.0,38.8,2.1,0.0625,-2.5,0.0,0.0,0.02702702702702703,0.05405405405405406,5,9,24.3,10.0,1045,1322,969,0.0,0.0,20.0,9.0,34.9,1.2,0.5,0.0,0.0,10.0,4.0,34.8,0.3,0.5555555555555556,-0.2,0.2,58.0,196.0,16.0,17.0,522.0,0.0,-0.1111111111111111,0.0,0.16666666666666666,0.0,-0.07999999999999971,0.0,-0.8064999999999998,-0.05310000000000059,-0.5926000000000045,-0.1747000000000014,-0.7621000000000038,0.17608352916814152,1.6314410807626485,1.0,2.0,0.0
60,202404010808,7,9,6,47,3,3,6,41,1,0,0,0,1,1,1,6,2,1,2,13,0,0,0,0,0,0,0,0,0,0,0,2,0,0,0,0,0.0,0.0,20.0,2.0,34.8,0.0,0.46153846153846156,0.0,0.0,10.0,13.0,37.9,2.1,0.11764705882352941,0.0,0.0,10.0,2.0,34.5,0.4,0.4375,0.0,4.0,0.0,0.0,0.058823529411764705,1,2,2.9,1.0,1289,1708,1428,0.0,0.0,10.0,2.0,34.3,0.5,0.21428571428571427,0.0,0.0,30.0,2.0,33.7,0.0,0.6428571428571429,-1.1,0.8,58.0,28.0,16.0,13.0,462.0,-0.15384615384615385,0.058823529411764705,-0.0625,0.0,0.0,0.579999999999999,0.0,-0.3064999999999998,2.440799999999996,-0.5747,-1.3499000000000052,-1.9498999999999995,0.18719078381694673,1.4745846872933401,0.0,1.0,1.0
61,202404010808,1,4,5,38,19,20,16,230,0,0,0,1,0,2,3,9,3,1,0,27,0,0,0,0,0,0,0,1,0,0,0,9,0,0,0,0,0.0,0.0,80.0,3.0,35.0,0.3,0.9285714285714286,0.0,0.0,130.0,9.0,34.7,0.7,0.5,0.0,0.0,70.0,1.0,36.1,0.0,0.125,-1.0,-8.0,-100.0,0.3076923076923077,0.38461538461538464,3,6,38.6,13.0,1467,1013,336,0.0,0.0,90.0,17.0,40.8,3.9,0.05555555555555555,0.0,0.0,10.0,12.0,41.6,2.8,0.5625,2.6,0.4,54.0,288.0,16.0,14.0,454.0,-0.5,0.0,0.0,0.1111111111111111,0.0625,-1.9299999999999997,0.0,-1.6968000000000032,-0.4064999999999941,1.0253000000000014,4.883399999999995,1.910899999999998,0.31754363985902095,2.954725029507821,1.0,1.0,0.0
62,202404010808,26,18,25,201,2,4,4,14,1,0,0,1,7,3,4,45,0,1,0,0,0,0,0,0,0,1,1,11,0,0,0,0,0,0,0,0,0.0,0.0,80.0,11.0,37.5,1.8,0.2,0.0,0.0,120.0,12.0,41.3,2.0,0.0625,0.0,0.0,40.0,4.0,38.6,1.0,0.0625,-3.5,0.0,-400.0,0.1282051282051282,0.20512820512820512,4,8,29.2,12.0,1393,197,1263,0.0,0.0,40.0,9.0,36.2,0.7,0.4,0.0,0.0,50.0,6.0,35.9,0.4,0.7692307692307693,-1.3,0.0,58.0,119.0,16.0,15.0,508.0,0.06666666666666667,0.0,0.0,0.0,-0.07692307692307693,0.8299999999999997,0.0,1.1683000000000021,1.6740999999999957,0.32050000000000267,1.0469000000000008,0.7468999999999966,0.2657003417341294,1.9544820285692053,1.0,0.0,
63,202404010808,26,18,25,201,0,0,0,0,0,0,0,0,7,3,4,45,0,0,0,0,0,0,0,0,0,1,1,11,0,0,0,0,0,0,0,0,0.0,0.0,13.0,13.0,39.1,2.7,0.6923076923076923,0.0,0.0,4.0,8.0,40.3,1.1,0.2727272727272727,0.0,0.0,9.0,7.0,36.5,1.4,0.6666666666666666,-3.0,2.0,200.0,0.0,0.0,7,14,166.4,15.0,1393,842,1263,0.0,0.0,10.0,10.0,35.3,0.6,0.2727272727272727,0.0,0.0,15.0,16.0,36.7,1.7,0.75,0.8,0.0,55.0,-146.0,16.0,13.0,490.0,0.15384615384615385,0.09090909090909091,-0.1111111111111111,-0.09090909090909091,0.0,0.9799999999999998,0.0,1.1889000000000038,,1.134599999999999,0.14689999999999515,1.593500000000006,0.21250701358676724,1.8356470248934025,2.0,1.0,0.0
64,202404020102,2,0,0,0,0,0,0,0,0,0,0,0,0,0,0,0,0,0,0,0,0,0,0,0,0,0,0,0,0,0,0,0,0,0,0,0,,,,,,,,,,,,,,,,,,,,,,,,,0.0,0.2,1,1,6.6,3.0,321,719,882,,,,,,,,,,,,,,,,,55.0,,15.0,,,,,,,,,,,,,,,,,,0.0,
65,202404020102,0,0,0,0,0,0,0,1,0,0,0,0,0,0,0,0,0,0,0,0,0,0,0,0,0,0,0,0,0,0,0,0,0,0,0,0,,,,,,,,,,,,,,,,,,,,,,,,,0.125,0.4,4,6,2.5,1.0,1469,1465,88,,,,,,,,,,,,,,,,,55.0,,15.0,,,,,,,,,,,,,,,,,,0.0,
66,202404020102,4,4,4,37,1,5,4,52,0,1,0,0,1,1,3,7,0,0,1,7,0,0,0,0,1,1,0,2,0,0,0,3,0,0,0,0,,,,,,,,,,,,,,,,,,,,,,,,,0.0,0.16666666666666666,3,4,34.7,9.0,1064,1506,1556,,,,,,,,,,,,,,,,,55.0,,15.0,,,,,,,,,,,,,,,,,,0.0,
67,202404020102,1,0,2,34,6,10,14,159,0,0,0,0,0,0,0,5,2,1,3,21,0,0,0,0,0,0,0,1,0,0,0,5,0,0,0,0,,,,,,,,,,,,,,,,,,,,,,,,,0.07142857142857142,0.2857142857142857,7,13,4.4,2.0,1246,1558,533,,,,,,,,,,,,,,,,,55.0,,15.0,,,,,,,,,,,,,,,,,,0.0,
68,202404020102,16,14,7,123,0,0,0,4,0,0,0,0,4,3,0,21,0,0,0,0,0,0,0,0,2,0,0,5,0,0,0,0,0,0,0,0,,,,,,,,,,,,,,,,,,,,,,,,,0.08333333333333333,0.08333333333333333,8,15,8.2,4.0,1657,1716,1317,,,,,,,,,,,,,,,,,55.0,,15.0,,,,,,,,,,,,,,,,,,0.0,
69,202404020102,3,4,1,56,36,21,22,270,1,1,0,6,0,0,0,8,3,2,1,35,0,0,0,2,0,0,0,1,1,1,0,9,0,0,0,0,,,,,,,,,,,,,,,,,,,,,,,,,,,4,7,43.8,10.0,1426,1428,306,,,,,,,,,,,,,,,,,52.0,,15.0,,,,,,,,,,,,,,,,,,0.0,
70,202404020102,1,1,1,9,0,0,2,18,0,0,0,0,0,0,0,1,0,0,0,3,0,0,0,0,0,0,0,1,0,0,0,2,0,0,0,0,,,,,,,,,,,,,,,,,,,,,,,,,0.2857142857142857,0.35714285714285715,2,2,79.8,11.0,1693,1228,1167,,,,,,,,,,,,,,,,,53.0,,15.0,,,,,,,,,,,,,,,,,,0.0,
71,202404020102,0,2,2,40,12,12,12,144,0,0,0,0,0,1,0,5,1,0,0,31,0,0,0,0,0,1,0,0,0,0,0,9,0,0,0,0,,,,,,,,,,,,,,,,,,,,,,,,,0.0,0.5,3,5,188.3,13.0,1507,1482,593,,,,,,,,,,,,,,,,,55.0,,15.0,,,,,,,,,,,,,,,,,,0.0,
72,202404020102,0,0,0,0,0,0,0,1,0,0,0,0,0,0,0,0,0,0,0,0,0,0,0,0,0,0,0,0,0,0,0,0,0,0,0,0,,,,,,,,,,,,,,,,,,,,,,,,,0.0,0.1,6,10,15.2,6.0,1382,301,707,,,,,,,,,,,,,,,,,55.0,,15.0,,,,,,,,,,,,,,,,,,0.0,
73,202404020102,1,4,5,38,1,0,0,12,0,0,0,0,0,2,3,9,0,0,0,0,0,0,0,0,0,1,1,7,0,0,0,0,0,0,0,0,,,,,,,,,,,,,,,,,,,,,,,,,0.13333333333333333,0.13333333333333333,8,14,20.1,8.0,1467,115,336,,,,,,,,,,,,,,,,,55.0,,15.0,,,,,,,,,,,,,,,,,,0.0,
74,202404020102,0,0,0,3,5,1,3,18,0,0,0,0,0,0,0,0,0,0,0,3,0,0,0,0,0,0,0,0,0,0,0,1,0,0,0,0,,,,,,,,,,,,,,,,,,,,,,,,,0.0,0.2,5,9,110.5,12.0,1037,1199,1428,,,,,,,,,,,,,,,,,55.0,,15.0,,,,,,,,,,,,,,,,,,0.0,
75,202404020102,0,0,0,0,2,5,2,15,0,0,0,0,0,0,0,0,1,1,2,5,0,0,0,0,0,0,0,0,0,1,0,1,0,0,0,0,,,,,,,,,,,,,,,,,,,,,,,,,0.06451612903225806,0.3225806451612903,7,12,15.8,7.0,916,432,239,,,,,,,,,,,,,,,,,55.0,,15.0,,,,,,,,,,,,,,,,,,0.0,
76,202404020102,0,1,1,13,0,2,0,16,0,0,0,1,0,1,1,2,0,1,0,5,0,0,0,0,0,0,1,0,0,0,0,3,0,0,0,0,,,,,,,,,,,,,,,,,,,,,,,,,0.14285714285714285,0.2857142857142857,2,3,217.0,14.0,1432,1169,1428,,,,,,,,,,,,,,,,,54.0,,15.0,,,,,,,,,,,,,,,,,,0.0,
77,202404020102,16,14,7,123,10,15,8,113,0,0,0,2,4,3,0,21,1,1,1,22,0,0,0,0,2,0,0,5,0,0,0,3,0,0,0,0,,,,,,,,,,,,,,,,,,,,,,,,,0.23076923076923078,0.5384615384615384,6,11,10.8,5.0,1657,1393,1317,,,,,,,,,,,,,,,,,55.0,,15.0,,,,,,,,,,,,,,,,,,0.0,
78,202404020102,1,0,0,8,2,0,0,8,0,0,0,0,0,0,0,0,0,0,0,1,0,0,0,0,0,0,0,0,0,0,0,0,0,0,0,0,,,,,,,,,,,,,,,,,,,,,,,,,0.0,0.0,5,8,246.0,15.0,1204,1236,1221,,,,,,,,,,,,,,,,,55.0,,15.0,,,,,,,,,,,,,,,,,,0.0,
79,202404020105,4,4,6,45,2,5,4,35,0,0,0,0,1,0,2,6,0,0,1,4,0,0,0,0,0,0,2,3,0,0,1,0,0,0,0,0,0.0,0.0,40.0,7.0,37.1,1.3,0.625,0.0,0.0,80.0,5.0,34.6,0.6,0.5625,,,,,,,,-2.0,-4.0,-600.0,0.0,0.041666666666666664,1,1,63.9,10.0,1399,324,1428,,,,,,,,,,,,,,,-2.0,0.0,55.0,105.0,18.0,16.0,406.0,-0.125,0.0,,,,2.5,0.0,1.183399999999999,-0.47469999999999857,,,,0.03125,1.25,2.0,0.0,
80,202404020105,16,14,7,123,36,21,22,270,3,2,2,24,4,3,0,21,3,2,1,35,0,0,0,5,1,3,0,8,1,1,1,12,0,0,0,1,0.0,0.0,20.0,5.0,35.5,0.7,0.3333333333333333,0.0,0.0,10.0,3.0,34.5,0.6,0.375,0.0,0.0,40.0,2.0,35.1,0.1,0.8461538461538461,-1.5,0.0,-200.0,0.21428571428571427,0.5,4,7,3.3,1.0,1657,1428,1317,0.0,0.0,20.0,12.0,38.4,3.0,0.7142857142857143,,,,,,,,2.0,0.5,55.0,98.0,18.0,18.0,450.0,-0.1111111111111111,-0.0625,0.0,0.0,,-0.9299999999999997,0.0,0.4253,-0.5747,-0.5499000000000009,2.0683000000000007,,0.21856572994470871,1.5006248698458913,0.0,0.0,
81,202404020105,25,23,32,225,10,17,15,204,0,0,0,10,3,2,4,20,1,2,0,30,0,0,0,1,1,1,1,6,0,2,0,11,0,0,0,1,0.0,0.0,3.0,7.0,42.2,2.0,0.2727272727272727,0.0,0.0,5.0,6.0,34.2,0.6,0.8888888888888888,0.0,0.0,3.0,2.0,34.3,0.3,0.4444444444444444,-2.5,-1.0,0.0,0.06382978723404255,0.1702127659574468,2,4,118.4,12.0,1691,1183,1167,0.0,0.0,3.0,2.0,35.2,0.1,0.3333333333333333,0.0,0.0,12.0,3.0,35.1,0.3,0.5555555555555556,-1.2,0.6,53.0,-69.0,18.0,11.0,425.0,0.09090909090909091,-0.1111111111111111,-0.05555555555555555,0.0,-0.05555555555555555,1.3200000000000003,0.0,4.046200000000006,-0.8746999999999971,-0.8531000000000049,0.09350000000000591,-0.006499999999995509,0.21763868048989618,3.0272099365587457,-1.0,2.0,1.0
82,202404020105,14,18,22,177,0,0,0,7,0,0,0,0,2,2,4,18,0,0,0,0,0,0,0,0,0,0,1,6,0,0,0,0,0,0,0,0,0.0,0.0,2.0,9.0,36.2,0.7,0.16666666666666666,0.0,0.0,6.0,4.0,36.0,0.4,0.16666666666666666,0.0,0.0,7.0,5.0,34.6,0.9,0.5555555555555556,-2.0,0.0,0.0,0.02631578947368421,0.05263157894736842,3,5,13.9,6.0,1152,1654,1428,0.0,0.0,2.0,7.0,37.2,0.8,0.125,0.0,0.0,9.0,3.0,35.0,0.3,0.05555555555555555,-0.9,0.2,57.0,-22.0,18.0,18.0,508.0,0.0,0.0,0.0,0.0,0.0,0.12000000000000029,0.0,1.093500000000006,0.8935000000000031,-0.5531000000000006,1.7408000000000001,-0.07469999999999999,0.1755942292142123,0.9208691546577078,0.0,2.0,0.0
83,202404020105,1,0,0,4,0,0,1,8,0,0,0,0,0,0,0,0,0,0,0,3,0,0,0,0,0,0,0,0,0,0,0,1,0,0,0,0,0.0,0.0,12.0,12.0,37.9,2.0,0.5,0.0,0.0,9.0,5.0,34.3,1.0,0.5882352941176471,0.0,0.0,17.0,5.0,34.9,0.4,0.6666666666666666,-3.5,0.0,0.0,0.125,0.25,2,3,351.9,17.0,1725,1489,1503,0.0,0.0,12.0,12.0,40.9,4.6,0.6875,0.0,0.0,12.0,12.0,36.2,1.5,0.6666666666666666,0.7,0.0,54.0,-35.0,18.0,18.0,432.0,0.1111111111111111,0.0,0.0,0.0,0.05555555555555555,-0.320000000000001,0.0,1.5383999999999958,-0.8064999999999998,-0.20649999999999835,1.3532999999999973,0.8346000000000018,0.06971994563190509,2.376215478444663,0.0,3.0,0.0
84,202404020105,7,9,6,47,1,5,4,52,0,1,0,0,1,1,1,6,0,0,1,7,0,0,0,0,0,0,0,3,0,0,1,2,0,0,0,0,0.0,0.0,110.0,17.0,34.9,2.5,1.0,0.0,0.0,5.0,8.0,36.6,1.1,0.2,0.0,0.0,9.0,8.0,33.3,0.5,1.0,-4.5,4.0,-600.0,0.07692307692307693,0.07692307692307693,1,2,23.3,9.0,1289,1506,1428,0.0,0.0,1.0,4.0,35.5,0.3,0.7222222222222222,0.0,0.0,6.0,2.0,34.9,0.0,0.7222222222222222,-3.4,0.2,57.0,-126.0,18.0,17.0,426.0,-0.058823529411764705,0.0,-0.07692307692307693,-0.2222222222222222,-0.05555555555555555,0.11000000000000014,0.0,-1.016600000000004,0.3155000000000001,-2.6166000000000054,-0.5300000000000011,-1.016600000000004,0.2921694079861254,1.0688311372709924,1.0,0.0,
85,202404020105,0,0,1,1,4,5,6,63,0,0,0,1,0,0,0,1,3,2,1,11,0,0,0,1,0,0,0,0,0,0,0,1,0,0,0,0,0.0,0.0,3.0,3.0,38.0,0.1,0.6363636363636364,0.0,0.0,4.0,7.0,36.2,0.5,0.1111111111111111,0.0,0.0,1.0,8.0,36.0,0.7,0.5625,2.5,-5.0,-100.0,0.06666666666666667,0.26666666666666666,5,10,6.1,4.0,239,1376,238,0.0,0.0,5.0,3.0,36.1,0.4,0.5625,0.0,0.0,1.0,4.0,36.5,0.5,0.5882352941176471,-0.2,0.4,55.0,-38.0,18.0,11.0,429.0,-0.36363636363636365,0.0,0.0,0.0,0.0,0.31000000000000016,0.0,,1.093500000000006,0.9253,1.0253000000000014,1.4253,0.19241561068959143,0.7391887445030527,1.0,1.0,0.0
86,202404020105,3,6,7,43,4,0,1,9,0,0,0,0,2,2,1,12,0,0,0,2,0,0,0,0,1,1,1,7,0,0,0,0,0,0,0,0,0.0,0.0,30.0,2.0,35.1,0.1,0.35294117647058826,0.0,0.0,50.0,9.0,36.3,1.1,0.26666666666666666,0.0,0.0,50.0,5.0,33.7,0.7,0.6111111111111112,1.5,-4.0,200.0,0.0,0.09090909090909091,7,14,4.5,2.0,1629,2,1428,,,,,,,,,,,,,,,1.5,0.3333333333333333,57.0,21.0,18.0,17.0,474.0,0.0,0.06666666666666667,-0.05555555555555555,,,0.6999999999999993,0.0,-0.05310000000000059,1.2252999999999972,-1.3746999999999971,,,0.14633940059663467,1.0624918300339463,0.0,0.0,
87,202404020105,1,1,1,9,0,0,3,10,0,0,0,0,0,0,0,1,0,0,0,2,0,0,0,0,0,0,0,0,0,0,0,1,0,0,0,0,0.0,0.0,12.0,13.0,35.2,1.5,0.75,0.0,0.0,12.0,8.0,36.4,0.6,1.0,0.0,0.0,8.0,9.0,34.4,0.8,1.0,-2.0,0.0,-600.0,0.09090909090909091,0.2727272727272727,8,17,21.4,8.0,1693,1728,1167,0.0,0.0,9.0,5.0,33.4,0.2,0.8823529411764706,0.0,0.0,10.0,10.0,34.3,1.4,0.7777777777777778,-0.9,0.0,57.0,-56.0,18.0,16.0,490.0,0.125,-0.25,0.0,0.0,0.05555555555555555,0.48000000000000115,0.0,-0.7165999999999997,1.1366000000000014,-0.7064999999999984,-1.7531000000000034,-0.8064999999999998,0.1059569655614234,1.0071742649611342,2.0,2.0,0.0
88,202404020105,7,9,6,47,2,0,1,14,0,0,0,0,1,1,1,6,1,0,0,1,0,0,0,0,0,0,0,3,0,0,0,0,0,0,0,0,0.0,0.0,1.0,2.0,39.0,0.2,0.2,0.0,0.0,13.0,10.0,35.0,1.0,0.8333333333333334,,,,,,,,8.0,1.0,200.0,0.037037037037037035,0.1111111111111111,7,13,180.5,13.0,1289,1543,1428,,,,,,,,,,,,,,,8.0,0.5,54.0,-78.0,18.0,10.0,407.0,-0.1,0.05555555555555555,,,,4.0,0.0,1.0889000000000024,-0.10649999999999693,,,,0.31666666666666665,2.0,0.0,1.0,0.0
89,202404020105,17,19,16,123,2,1,0,10,0,0,0,0,3,3,4,21,0,1,0,3,0,0,0,0,3,0,1,7,0,1,0,1,0,0,0,0,0.0,0.0,3.0,11.0,35.1,1.0,0.8333333333333334,,,,,,,,,,,,,,,,,0.0,0.0,0.4166666666666667,7,15,5.1,3.0,1463,239,1167,,,,,,,,,,,,,,,,0.0,57.0,0.0,18.0,18.0,498.0,-0.1111111111111111,,,,,,,-0.006499999999995509,,,,,,,0.0,1.0,0.0
90,202404020105,28,22,25,187,7,6,6,84,0,0,1,2,3,3,3,32,0,1,3,12,0,0,1,0,0,1,1,8,0,1,0,4,0,0,0,0,0.0,0.0,7.0,12.0,36.5,1.1,0.3333333333333333,0.0,0.0,9.0,4.0,35.2,0.5,0.5,0.0,0.0,5.0,13.0,35.1,1.2,0.3888888888888889,0.5,2.0,0.0,0.0,0.0,3,6,20.9,7.0,1098,1503,1294,0.0,0.0,2.0,3.0,35.2,0.2,0.2777777777777778,0.0,0.0,3.0,9.0,36.2,0.8,0.3888888888888889,-0.7,0.2,52.0,0.0,18.0,18.0,418.0,-0.05555555555555555,-0.05555555555555555,0.1111111111111111,-0.1111111111111111,0.0,0.05999999999999943,0.0,1.393500000000003,0.04690000000000083,-0.006499999999995509,0.09350000000000591,-0.17489999999999384,0.07370277311900889,0.5885575587824858,0.0,3.0,0.3333333333333333
91,202404020105,1,1,2,43,19,20,16,230,0,1,0,1,0,0,2,10,3,1,0,27,0,0,0,0,0,0,0,1,0,0,0,8,0,0,0,0,0.0,0.0,7.0,1.0,40.3,0.0,0.3333333333333333,0.0,0.0,12.0,17.0,36.9,2.7,0.7222222222222222,0.0,0.0,15.0,13.0,35.5,1.3,0.7777777777777778,6.0,12.0,0.0,0.03571428571428571,0.03571428571428571,4,8,307.7,15.0,1645,1013,1366,0.0,0.0,15.0,15.0,37.1,1.6,0.4375,0.0,0.0,10.0,12.0,38.1,2.3,0.6,2.0,0.2,55.0,-64.0,18.0,9.0,432.0,-0.1111111111111111,0.2222222222222222,-0.05555555555555555,-0.0625,0.0,0.4199999999999989,0.0,2.0204999999999984,0.983399999999996,0.39350000000000307,2.0253000000000014,1.2719000000000023,0.1677639803009566,1.5929846201391895,1.0,1.0,0.0
92,202404020105,26,18,25,201,6,8,13,100,0,0,2,4,7,3,4,45,0,1,1,15,0,0,0,2,3,1,1,7,0,0,0,6,0,0,0,1,0.0,0.0,1.0,2.0,35.8,0.1,0.5833333333333334,0.0,0.0,5.0,14.0,37.5,2.0,0.16666666666666666,0.0,0.0,6.0,4.0,38.4,0.3,0.06666666666666667,1.0,10.0,400.0,0.0,0.2,6,12,9.4,5.0,1393,1306,1263,0.0,0.0,2.0,5.0,37.4,0.7,0.125,0.0,0.0,8.0,2.0,36.5,0.1,0.0625,-0.9,0.4,51.0,-85.0,18.0,12.0,426.0,-0.4166666666666667,0.1111111111111111,0.0,0.0,0.0,-0.13000000000000042,0.0,-0.09770000000000323,2.393500000000003,-0.992600000000003,-0.8795000000000002,-1.7794999999999987,0.1951210450520964,0.8930845424706446,-3.0,1.0,0.0
93,202404020105,14,14,11,127,18,17,16,159,0,1,0,2,3,1,0,12,4,2,3,17,0,0,0,1,1,1,0,4,1,0,2,4,0,0,0,0,0.0,0.0,16.0,15.0,36.3,2.0,0.7222222222222222,0.0,0.0,15.0,14.0,38.8,2.7,0.8125,0.0,0.0,13.0,15.0,36.5,2.7,0.3125,0.0,18.0,0.0,0.2,0.2,8,16,313.1,16.0,1736,1294,1482,,,,,,,,,,,,,,,0.0,0.0,54.0,0.0,18.0,18.0,402.0,0.0,0.0,0.0,,,-0.10000000000000142,0.0,1.1935000000000002,0.8888999999999996,1.0407999999999973,,,0.21756796550942928,1.1343133018115696,0.0,1.0,0.0
94,202404020105,2,5,7,118,1,1,2,28,0,0,0,4,0,1,0,12,0,0,1,3,0,0,0,0,0,0,0,2,0,0,0,2,0,0,0,0,0.0,0.0,5.0,8.0,39.5,2.7,1.0,0.0,0.0,18.0,16.0,36.2,2.3,0.9444444444444444,0.0,0.0,15.0,14.0,35.2,3.0,1.0,3.0,5.0,-100.0,0.0,0.0,5,9,535.7,18.0,1561,1124,1263,0.0,0.0,18.0,17.0,37.5,2.9,0.5,,,,,,,,2.5,0.0,57.0,-78.0,18.0,10.0,417.0,-0.3,-0.05555555555555555,-0.13333333333333333,0.0,,0.7,0.0,,1.093500000000006,0.12530000000000285,2.4253,,0.20971762320196524,1.6077935190813515,1.0,1.0,0.0
95,202404020105,28,22,25,187,36,21,22,270,3,3,2,21,3,3,3,32,3,2,1,35,0,0,0,1,0,1,1,8,1,1,1,12,0,0,0,1,0.0,0.0,11.0,17.0,38.8,3.0,0.05555555555555555,0.0,0.0,5.0,10.0,39.3,4.3,0.3,0.0,0.0,11.0,4.0,34.5,0.4,0.375,-6.5,-4.0,0.0,0.26666666666666666,0.3333333333333333,8,18,78.2,11.0,1098,1428,1294,,,,,,,,,,,,,,,-6.5,0.0,53.0,0.0,18.0,18.0,454.0,0.0,0.3,0.0,,,2.1499999999999986,0.0,3.6935000000000002,3.3833999999999946,-0.9592000000000027,,,0.13639112039611703,2.154581681492307,0.0,1.0,0.0
96,202404020105,14,14,11,127,8,4,6,75,0,0,0,2,3,1,0,12,0,1,1,6,0,0,0,0,1,1,0,4,0,0,0,3,0,0,0,0,0.0,0.0,14.0,18.0,38.5,3.4,0.5,0.0,0.0,13.0,14.0,34.4,1.8,0.7647058823529411,0.0,0.0,11.0,11.0,36.0,1.7,0.0625,-3.5,4.0,0.0,0.11764705882352941,0.23529411764705882,6,11,235.3,14.0,1736,1014,1482,,,,,,,,,,,,,,,-3.5,0.0,55.0,0.0,18.0,18.0,392.0,0.0,0.0,0.0,,,1.25,0.0,3.393500000000003,-0.7064999999999984,0.5407999999999973,,,0.28955301862685634,1.6872067646458357,0.0,2.0,0.0
97,202404020201,0,0,0,0,0,0,2,20,0,0,0,0,0,0,0,0,0,0,0,5,0,0,0,0,0,0,0,0,0,0,0,1,0,0,0,0,0.0,0.0,90.0,2.0,33.7,0.0,0.5833333333333334,,,,,,,,,,,,,,,,,0.0,0.0,0.08333333333333333,7,8,4.0,2.0,1382,1620,707,,,,,,,,,,,,,,,,1.0,55.0,36.0,11.0,12.0,504.0,-0.16666666666666666,,,,,,,-1.406499999999994,,,,,,,0.0,1.0,1.0
98,202404020201,1,1,1,4,12,12,12,144,0,0,1,0,0,0,0,1,1,0,0,31,0,0,0,0,0,0,0,0,0,0,0,5,0,0,0,0,0.0,0.0,60.0,5.0,33.8,0.3,0.5833333333333334,,,,,,,,,,,,,,,,,0.0,0.16666666666666666,0.3333333333333333,3,3,12.3,4.0,1479,1482,857,,,,,,,,,,,,,,,,0.0,55.0,36.0,11.0,12.0,446.0,0.08333333333333333,,,,,,,-1.3064999999999998,,,,,,,0.0,1.0,0.0
99,202404020201,3,6,7,43,6,5,2,24,0,0,0,0,2,2,1,12,2,0,0,0,0,0,0,0,1,1,1,7,0,0,0,0,0,0,0,0,0.0,0.0,20.0,2.0,34.4,0.1,0.25,,,,,,,,,,,,,,,,,0.0,0.12195121951219512,0.4146341463414634,8,10,1.6,1.0,1629,815,1428,,,,,,,,,,,,,,,,1.0,55.0,42.0,11.0,12.0,484.0,0.0,,,,,,,-0.7064999999999984,,,,,,,0.0,1.0,1.0
100,202404020201,3,1,0,17,17,14,19,171,0,0,0,0,0,0,0,3,3,0,4,28,0,0,0,0,0,0,0,2,1,0,1,5,0,0,0,0,0.0,0.0,6.0,4.0,35.0,0.5,0.7272727272727273,0.0,0.0,5.0,4.0,34.6,0.6,0.5714285714285714,,,,,,,,0.0,2.0,0.0,0.07142857142857142,0.07142857142857142,6,7,23.2,6.0,1434,1405,969,,,,,,,,,,,,,,,0.0,0.0,55.0,0.0,11.0,11.0,490.0,0.18181818181818182,0.0,,,,0.3999999999999986,0.0,-0.10649999999999693,-0.5531000000000006,,,,0.07792207792207795,0.1999999999999993,0.0,1.0,0.0
101,202404020201,16,14,7,123,8,6,7,97,2,0,0,2,4,3,0,21,1,0,0,23,1,0,0,1,1,3,0,8,0,0,0,8,0,0,0,1,0.0,0.0,30.0,4.0,37.3,0.5,0.5,0.0,0.0,50.0,5.0,33.9,1.0,0.8333333333333334,,,,,,,,1.0,6.0,-200.0,0.0625,0.25,4,4,6.2,3.0,1657,1362,1317,,,,,,,,,,,,,,,1.0,0.0,55.0,35.0,11.0,10.0,478.0,-0.2,-0.08333333333333333,,,,3.3999999999999986,0.0,1.6500999999999948,-1.7499000000000038,,,,0.16666666666666669,1.6999999999999993,0.0,0.0,
102,202404020201,0,0,0,0,1,1,0,9,0,0,0,0,0,0,0,0,1,0,0,2,0,0,0,0,0,0,0,0,0,0,0,0,0,0,0,0,0.0,0.0,20.0,4.0,35.5,0.3,0.25,,,,,,,,,,,,,,,,,200.0,0.03571428571428571,0.10714285714285714,2,2,40.7,8.0,1075,1172,1328,,,,,,,,,,,,,,,,0.0,54.0,15.0,11.0,8.0,426.0,0.0,,,,,,,0.346899999999998,,,,,,,-1.0,0.0,
103,202404020201,0,0,0,11,3,2,3,36,0,0,0,0,0,0,0,2,2,0,1,5,0,0,0,0,0,0,0,0,1,0,1,2,0,0,0,0,0.0,0.0,60.0,3.0,37.3,0.5,0.3,0.0,0.0,90.0,3.0,34.3,0.7,0.3333333333333333,,,,,,,,0.0,2.0,-200.0,0.0,0.125,1,1,16.9,5.0,1586,1313,1167,,,,,,,,,,,,,,,0.0,1.0,55.0,35.0,11.0,10.0,446.0,0.0,0.0,,,,3.0,0.0,1.6500999999999948,-1.2621000000000038,,,,0.016666666666666663,1.5,0.0,1.0,1.0
104,202404020201,0,0,0,0,10,17,15,204,0,0,0,0,0,0,0,0,1,2,0,30,0,0,0,0,0,0,0,0,0,2,0,11,0,0,0,0,0.0,0.0,100.0,12.0,39.0,2.4,0.75,0.0,0.0,110.0,13.0,38.4,2.7,0.9375,0.0,0.0,70.0,3.0,37.4,1.6,0.16666666666666666,-4.5,0.0,200.0,0.0,0.0,8,11,207.5,10.0,1075,1183,1328,0.0,0.0,12.0,10.0,37.2,1.0,0.2222222222222222,0.0,0.0,5.0,12.0,36.6,2.1,0.9285714285714286,-0.3,0.2,52.0,-132.0,11.0,16.0,496.0,-0.0625,-0.125,0.0,0.0,0.0,0.5999999999999993,0.0,1.0889000000000024,0.12049999999999983,-0.26429999999999865,2.093500000000006,1.4935000000000045,0.339073543610852,0.8634813257969153,-3.0,2.0,0.0
105,202404020201,1,3,3,19,3,2,3,36,0,0,0,0,0,0,0,2,2,0,1,5,0,0,0,0,0,0,0,2,1,0,1,2,0,0,0,0,0.0,0.0,100.0,9.0,35.4,1.3,1.0,,,,,,,,,,,,,,,,,200.0,,,6,6,286.5,11.0,1248,1313,1428,,,,,,,,,,,,,,,,0.0,52.0,22.0,11.0,12.0,362.0,-0.08333333333333333,,,,,,,0.24689999999999657,,,,,,,0.0,0.0,
106,202404020201,1,1,1,4,0,0,0,3,0,0,0,0,0,0,0,1,0,0,0,1,0,0,0,0,0,0,0,0,0,0,0,1,0,0,0,0,0.0,0.0,100.0,5.0,34.9,0.7,0.8461538461538461,,,,,,,,,,,,,,,,,0.0,0.08333333333333333,0.25,5,5,36.6,7.0,1479,1431,857,,,,,,,,,,,,,,,,0.0,55.0,56.0,11.0,13.0,440.0,0.0,,,,,,,-0.20649999999999835,,,,,,,0.0,1.0,0.0
107,202404020201,4,6,12,110,4,2,1,11,0,0,0,0,1,1,4,20,0,0,0,2,0,0,0,0,1,0,0,5,0,0,0,2,0,0,0,0,0.0,0.0,60.0,7.0,37.4,1.5,0.375,0.0,0.0,160.0,8.0,35.4,1.0,0.9375,,,,,,,,1.0,0.0,-400.0,0.0,0.0,7,9,164.4,9.0,1431,1028,1428,,,,,,,,,,,,,,,1.0,0.0,55.0,14.0,11.0,8.0,460.0,0.25,-0.25,,,,2.0,0.0,1.9407999999999959,-0.05920000000000414,,,,0.28125,1.0,0.0,0.0,
108,202404020206,4,4,4,37,0,0,0,10,0,0,0,1,1,1,3,7,0,0,0,0,0,0,0,0,0,0,1,0,0,0,0,0,0,0,0,0,0.0,0.0,30.0,7.0,34.6,0.8,0.7,0.0,0.0,20.0,1.0,34.2,0.0,0.46153846153846156,0.0,0.0,10.0,2.0,33.4,0.1,0.875,-2.5,2.0,-400.0,0.11904761904761904,0.42857142857142855,6,11,8.1,4.0,1064,533,1556,0.0,0.0,10.0,4.0,33.7,0.3,0.6428571428571429,0.0,0.0,40.0,1.0,32.7,0.0,0.9285714285714286,-0.9,0.6,56.0,63.0,18.0,10.0,484.0,0.2,0.07692307692307693,-0.25,0.07142857142857142,0.0,0.4299999999999997,0.0,-0.8592000000000013,-1.4498999999999995,-1.6747000000000014,-1.3746999999999971,-2.374699999999997,0.16773057763302168,0.6554387843269577,0.0,0.0,
109,202404020206,14,14,11,127,2,2,0,8,1,0,0,0,3,1,0,12,1,0,0,0,1,0,0,0,0,0,0,0,0,0,0,0,0,0,0,0,0.0,0.0,20.0,7.0,33.3,0.5,0.8571428571428571,0.0,0.0,10.0,8.0,34.2,0.2,0.2777777777777778,0.0,0.0,20.0,1.0,33.5,0.0,0.6666666666666666,-3.0,0.0,0.0,0.07692307692307693,0.15384615384615385,3,5,6.9,3.0,1736,712,1482,0.0,0.0,10.0,3.0,33.3,0.3,0.3888888888888889,0.0,0.0,10.0,3.0,34.7,0.7,0.08333333333333333,-1.3,0.6,56.0,43.0,18.0,14.0,470.0,0.14285714285714285,0.0,-0.06666666666666667,0.0,0.0,-0.19000000000000056,0.0,-1.8064999999999998,-0.9064999999999941,-1.606499999999997,-1.8064999999999998,-0.4064999999999941,0.2758390393163831,0.55856960175076,-2.0,5.0,0.6
110,202404020206,44,30,32,272,0,0,0,1,0,0,0,1,9,5,3,49,0,0,0,0,0,0,0,0,0,2,1,5,0,0,0,0,0,0,0,0,0.0,0.0,10.0,2.0,34.3,0.1,0.3333333333333333,0.0,0.0,20.0,3.0,33.8,0.3,0.3125,0.0,0.0,30.0,4.0,33.4,0.1,0.5333333333333333,1.0,10.0,-200.0,0.06666666666666667,0.06666666666666667,2,3,3.0,1.0,1716,741,1167,0.0,0.0,10.0,3.0,33.4,0.2,0.7142857142857143,0.0,0.0,10.0,1.0,32.6,0.0,0.3333333333333333,-0.2,0.8,56.0,84.0,18.0,12.0,476.0,-0.08333333333333333,-0.125,0.06666666666666667,0.0,0.08333333333333333,0.379999999999999,0.0,-0.7747000000000028,-1.2747000000000028,-2.059200000000004,-2.059200000000004,-2.8592000000000013,0.15672400890095428,0.5585696017507562,0.0,0.0,
111,202404020206,5,10,7,122,0,0,0,11,0,0,0,2,1,3,4,20,0,0,0,2,0,0,0,1,0,1,0,2,0,0,0,1,0,0,0,1,0.0,0.0,120.0,9.0,33.8,1.1,0.9230769230769231,0.0,0.0,14.0,9.0,34.0,0.7,0.875,0.0,0.0,17.0,4.0,34.0,0.5,0.8333333333333334,-2.5,6.0,-200.0,0.1111111111111111,0.2222222222222222,7,14,230.3,17.0,1172,1301,1556,0.0,0.0,16.0,10.0,35.2,0.7,0.6666666666666666,0.0,0.0,17.0,10.0,33.5,0.5,0.7058823529411765,0.3,0.0,55.0,-119.0,18.0,13.0,482.0,0.0,-0.0625,0.0,0.0,-0.058823529411764705,-0.06000000000000085,0.0,-1.2747000000000028,-1.2633999999999972,-1.106499999999997,-0.16539999999999822,-1.606499999999997,0.09850564876954368,0.5796550698475789,-3.0,2.0,0.0
112,202404020206,3,1,2,40,0,1,0,2,0,1,0,1,1,0,1,6,0,0,0,0,0,0,0,0,0,0,0,1,0,0,0,0,0,0,0,0,0.0,0.0,120.0,9.0,34.8,0.9,0.5384615384615384,0.0,0.0,6.0,14.0,34.3,0.7,0.35714285714285715,0.0,0.0,5.0,8.0,34.8,0.5,0.2857142857142857,-0.5,-4.0,0.0,0.058823529411764705,0.23529411764705882,8,17,4.2,2.0,1243,89,1428,0.0,0.0,2.0,5.0,35.2,0.6,0.2777777777777778,0.0,0.0,4.0,2.0,33.9,0.1,0.375,-2.3,0.2,55.0,-125.0,18.0,13.0,448.0,0.0,0.0,0.0,0.0,0.0625,0.08999999999999915,0.0,-0.3064999999999998,-0.8064999999999998,-0.3064999999999998,0.09350000000000591,-1.2064999999999984,0.09394469803547324,0.45166359162544967,-1.0,5.0,0.2
113,202404020206,26,18,25,201,26,24,35,278,1,2,0,5,7,3,4,45,1,1,3,35,0,0,0,2,0,0,0,6,0,0,0,0,0,0,0,0,0.0,0.0,80.0,8.0,34.6,0.8,0.5,0.0,0.0,100.0,12.0,34.3,0.6,0.2,0.0,0.0,110.0,1.0,34.6,0.0,0.05555555555555555,-3.5,-8.0,200.0,0.0,0.0,4,8,100.9,15.0,1393,1167,1263,0.0,0.0,120.0,13.0,37.9,1.4,0.1875,0.0,0.0,50.0,9.0,37.7,0.9,0.625,0.3,0.2,55.0,29.0,18.0,14.0,532.0,0.14285714285714285,0.13333333333333333,0.0,0.0,-0.125,-0.9800000000000004,0.0,-0.5531000000000006,-0.8531000000000049,-1.2162000000000006,-0.37950000000000017,0.035700000000005616,0.21312344999617383,1.6216041440499593,-3.0,0.0,
114,202404020206,28,22,25,187,8,6,7,97,3,1,1,2,3,3,3,32,1,0,0,23,0,0,0,0,1,0,0,1,0,0,0,1,0,0,0,0,0.0,0.0,110.0,14.0,34.9,1.6,0.5625,0.0,0.0,90.0,8.0,33.9,0.9,0.4375,0.0,0.0,110.0,5.0,34.6,0.6,0.38461538461538464,-4.5,-4.0,-400.0,0.0,0.18181818181818182,4,7,96.0,14.0,1098,1362,1294,0.0,0.0,40.0,6.0,34.7,0.4,1.0,0.0,0.0,30.0,1.0,33.0,0.0,0.6666666666666666,-2.8,0.2,53.0,77.0,18.0,16.0,446.0,0.0,0.0,0.07692307692307693,0.0,0.1111111111111111,0.29999999999999927,0.0,-0.5592000000000041,-1.1747000000000014,-1.316600000000001,-1.7179999999999964,-2.4592000000000027,0.2182299279347744,0.6968500556073742,-3.0,0.0,
115,202404020206,14,18,22,177,3,3,4,52,0,0,0,2,2,2,4,18,0,1,1,6,0,0,0,0,0,0,0,0,0,0,0,1,0,0,0,0,0.0,0.0,30.0,3.0,34.3,0.2,0.1875,0.0,0.0,70.0,4.0,35.1,0.2,0.09090909090909091,0.0,0.0,100.0,1.0,34.5,0.0,0.1111111111111111,-1.0,4.0,0.0,0.0,0.4,5,10,11.4,6.0,1152,1542,1428,0.0,0.0,60.0,10.0,36.4,0.9,0.09090909090909091,0.0,0.0,30.0,3.0,34.4,0.1,0.1111111111111111,0.6,0.6,54.0,63.0,18.0,16.0,522.0,0.0,0.0,0.0,0.0,0.0,-0.15,0.0,-0.8064999999999998,0.025300000000001432,-1.062100000000001,0.47749999999999915,-0.7531000000000034,0.03575618470158464,0.7812809993849846,-2.0,2.0,1.0
116,202404020206,4,0,0,18,36,21,22,270,2,0,0,3,0,0,0,4,3,2,1,35,0,0,0,0,0,0,0,0,0,0,0,2,0,0,0,0,0.0,0.0,70.0,7.0,33.7,0.9,0.6,0.0,0.0,60.0,,,,,0.0,0.0,30.0,7.0,34.3,0.4,0.2727272727272727,0.0,0.0,-200.0,0.15384615384615385,0.38461538461538464,7,13,59.1,12.0,1020,1428,1576,0.0,0.0,130.0,4.0,33.8,0.3,0.5333333333333333,0.0,0.0,130.0,11.0,34.2,0.8,0.47058823529411764,0.9,0.0,56.0,50.0,18.0,10.0,480.0,0.0,,0.0,0.2,0.0,-0.1,0.0,-1.3746999999999971,,-0.7747000000000028,-1.2747000000000028,-0.8746999999999971,0.1222959305245127,0.25495097567963865,-2.0,0.0,
117,202404020206,17,19,16,123,1,2,1,7,0,0,0,0,3,3,4,21,0,0,0,0,0,0,0,0,0,0,0,2,0,0,0,0,0,0,0,0,0.0,0.0,110.0,7.0,38.9,0.8,0.5625,0.0,0.0,9.0,7.0,38.4,1.1,1.0,0.0,0.0,7.0,7.0,33.5,0.8,1.0,0.0,-10.0,-400.0,0.0,0.38461538461538464,7,15,79.0,13.0,1463,357,1167,0.0,0.0,13.0,10.0,34.1,0.8,0.9444444444444444,0.0,0.0,7.0,10.0,34.1,1.3,0.5384615384615384,0.9,0.0,53.0,-126.0,18.0,16.0,490.0,-0.25,-0.6923076923076923,-0.13333333333333333,-0.05555555555555555,0.0,1.3899999999999992,0.0,-0.7259000000000029,-1.2259000000000029,-1.9592000000000027,-1.0064999999999955,-1.0064999999999955,0.21225478733731207,2.3426480742954103,0.0,2.0,0.0
118,202404020206,2,3,1,35,3,3,1,31,1,0,0,4,0,1,0,2,1,2,0,9,0,0,0,1,0,0,0,0,0,0,0,0,0,0,0,0,0.0,0.0,160.0,13.0,34.9,0.8,0.875,0.0,0.0,150.0,9.0,34.7,0.4,0.4375,0.0,0.0,140.0,14.0,33.8,1.1,0.9333333333333333,0.5,4.0,200.0,0.0,0.0,1,2,280.3,18.0,1362,1507,1263,0.0,0.0,130.0,10.0,34.6,0.8,0.7647058823529411,0.0,0.0,110.0,1.0,34.0,0.0,0.7142857142857143,-2.3,0.2,53.0,29.0,18.0,16.0,452.0,0.0625,0.0,0.0,-0.058823529411764705,-0.07142857142857142,0.18999999999999986,0.0,-0.25310000000000343,-0.45309999999999917,-1.3531000000000049,-1.2162000000000006,-1.153100000000002,0.17219603796881522,0.42426406871192957,-5.0,0.0,
119,202404020206,16,14,7,123,26,24,35,278,3,1,1,6,4,3,0,21,1,1,3,35,0,0,0,0,0,0,0,0,0,0,0,0,0,0,0,0,0.0,0.0,20.0,6.0,35.1,0.9,0.15384615384615385,0.0,0.0,50.0,3.0,34.5,0.0,0.05555555555555555,0.0,0.0,70.0,8.0,35.9,1.4,0.18181818181818182,1.0,0.0,0.0,0.16666666666666666,0.16666666666666666,2,4,8.5,5.0,1657,1167,1317,0.0,0.0,70.0,14.0,37.4,1.6,0.1111111111111111,0.0,0.0,50.0,1.0,33.6,0.0,0.05555555555555555,0.1,0.4,54.0,70.0,18.0,13.0,434.0,0.0,0.0,0.0,0.0,0.0,0.010000000000000142,0.0,-0.006499999999995509,-0.6064999999999969,0.2500999999999962,2.2935000000000016,-1.5064999999999955,0.0509853440065673,1.2915107432770343,-2.0,4.0,0.5
120,202404020206,3,0,0,45,10,15,8,113,0,0,0,5,1,0,0,5,1,1,1,22,0,0,0,0,0,0,0,0,0,0,0,2,0,0,0,0,0.0,0.0,60.0,7.0,33.2,0.9,0.8461538461538461,0.0,0.0,80.0,1.0,33.1,0.0,0.8,0.0,0.0,100.0,7.0,36.6,1.2,0.8,0.0,-2.0,0.0,0.034482758620689655,0.10344827586206896,6,12,30.8,8.0,1403,1393,939,0.0,0.0,60.0,12.0,36.9,1.8,0.7333333333333333,0.0,0.0,60.0,9.0,36.9,1.8,0.8125,1.5,0.2,53.0,70.0,18.0,13.0,452.0,0.0,0.0,0.1,0.13333333333333333,0.0,-1.1199999999999988,0.0,-1.906499999999994,-2.0064999999999955,-2.483799999999995,-1.0523999999999987,-1.1726000000000028,0.0366552340075008,1.7917589123540016,-3.0,2.0,0.5
121,202404020206,1,4,5,38,23,13,11,238,0,0,0,3,0,2,3,9,5,1,4,34,0,0,0,0,0,0,0,0,0,0,1,5,0,0,0,0,0.0,0.0,140.0,13.0,35.7,2.1,1.0,0.0,0.0,100.0,12.0,33.4,1.4,1.0,0.0,0.0,150.0,14.0,32.5,0.7,1.0,0.5,0.0,-200.0,0.0,0.0,5,9,121.3,16.0,1467,1263,336,0.0,0.0,120.0,9.0,36.2,1.1,0.9375,0.0,0.0,80.0,10.0,36.8,1.3,1.0,-0.9,0.0,54.0,35.0,18.0,16.0,476.0,-0.0625,0.0,0.0,0.0,0.0,-0.4999999999999993,0.0,-1.555099999999996,-1.7064999999999984,-2.653100000000002,-1.7110999999999947,-1.4795000000000016,0.024999999999999998,1.6702095676890374,-1.0,1.0,0.0
122,202404020206,4,2,4,48,8,16,8,124,0,0,0,0,2,0,2,4,0,3,1,17,0,0,0,0,0,0,0,0,0,0,0,1,0,0,0,0,0.0,0.0,120.0,13.0,33.8,0.7,0.2777777777777778,0.0,0.0,90.0,2.0,34.6,0.2,0.5333333333333333,0.0,0.0,80.0,16.0,37.4,1.8,0.375,1.5,4.0,200.0,0.125,0.2,3,6,34.7,9.0,1154,1559,1561,0.0,0.0,80.0,5.0,35.4,0.1,0.23076923076923078,0.0,0.0,100.0,9.0,35.4,0.5,0.1875,-0.5,0.2,56.0,91.0,18.0,18.0,500.0,0.05555555555555555,-0.06666666666666667,0.125,-0.07692307692307693,0.0,-0.4,0.0,-1.3531000000000049,-1.2162000000000006,-0.511099999999999,0.29350000000000165,0.24689999999999657,0.1231530510048459,1.197330363767661,-2.0,1.0,0.0
123,202404020206,16,14,7,123,26,24,35,278,3,1,1,6,4,3,0,21,1,1,3,35,0,0,0,0,0,0,0,0,0,0,0,0,0,0,0,0,0.0,0.0,90.0,3.0,34.1,0.3,0.23076923076923078,0.0,0.0,110.0,10.0,34.2,0.5,0.4444444444444444,0.0,0.0,60.0,8.0,33.9,0.5,0.6875,2.5,0.0,0.0,0.05,0.125,1,1,23.9,7.0,1657,1167,1317,0.0,0.0,60.0,10.0,35.0,0.9,0.5333333333333333,0.0,0.0,30.0,5.0,33.9,0.5,0.8125,0.4,0.2,56.0,70.0,18.0,13.0,544.0,0.0,0.16666666666666666,-0.0625,-0.26666666666666666,-0.0625,-0.03999999999999915,0.0,-1.0064999999999955,-0.9064999999999941,-1.2064999999999984,-0.07469999999999999,-1.2064999999999984,0.20039803742053366,0.4069397989875164,-2.0,4.0,0.25
124,202404020206,14,18,22,177,2,1,0,9,0,0,0,0,2,2,4,18,0,0,0,1,0,0,0,0,0,0,0,0,0,0,0,0,0,0,0,0,0.0,0.0,70.0,7.0,35.3,0.5,0.11764705882352941,0.0,0.0,50.0,3.0,34.8,0.2,0.07142857142857142,0.0,0.0,60.0,17.0,37.9,2.3,0.2222222222222222,5.0,-8.0,0.0,0.1,0.25,8,16,39.5,10.0,1152,391,1428,0.0,0.0,10.0,11.0,35.4,0.9,0.2,0.0,0.0,30.0,1.0,34.4,0.0,0.08333333333333333,-0.4,0.4,53.0,119.0,18.0,17.0,414.0,0.0,0.0,0.0,0.0,0.0,0.11999999999999958,0.0,0.19350000000000023,-0.3064999999999998,2.7935000000000016,0.29350000000000165,-0.7064999999999984,0.061265871250918334,1.2240914998479488,-3.0,5.0,0.4
125,202404020206,26,18,25,201,1,1,0,5,0,0,0,0,7,3,4,45,0,0,0,2,0,0,0,0,0,0,0,6,0,0,0,0,0,0,0,0,0.0,0.0,60.0,11.0,35.9,1.3,0.07142857142857142,0.0,0.0,70.0,17.0,34.7,1.0,0.05555555555555555,0.0,0.0,60.0,17.0,37.3,1.9,0.058823529411764705,3.0,0.0,200.0,0.07692307692307693,0.23076923076923078,8,18,55.7,11.0,1393,880,1263,0.0,0.0,20.0,4.0,34.6,0.1,0.06666666666666667,0.0,0.0,70.0,1.0,34.9,0.0,0.1,-3.3,0.2,53.0,29.0,18.0,14.0,498.0,0.0,0.0,0.0,0.0,0.0,0.21000000000000013,0.0,0.7468999999999966,-0.45309999999999917,2.1935000000000002,-0.5531000000000006,-0.25310000000000343,0.015782794065895882,1.0205880657738442,-3.0,1.0,0.0
126,202404020411,0,1,0,5,0,2,0,11,0,0,0,0,0,1,0,1,0,0,0,1,0,0,0,0,0,0,0,0,0,0,0,0,0,0,0,0,0.0,0.0,10.0,1.0,34.5,0.0,0.16666666666666666,,,,,,,,,,,,,,,,,0.0,0.2,0.5333333333333333,8,8,1.9,1.0,461,891,432,,,,,,,,,,,,,,,,1.0,55.0,49.0,9.0,12.0,458.0,0.0,,,,,,,-0.6064999999999969,,,,,,,0.0,1.0,1.0
127,202404020411,0,0,0,0,1,0,1,1,0,0,0,0,0,0,0,0,1,0,0,0,0,0,0,0,0,0,0,0,0,0,0,0,0,0,0,0,0.0,0.0,50.0,1.0,34.8,0.0,0.36363636363636365,,,,,,,,,,,,,,,,,200.0,0.08333333333333333,0.3055555555555556,1,1,5.9,3.0,1035,4,1393,,,,,,,,,,,,,,,,1.0,55.0,28.0,9.0,11.0,432.0,0.0,,,,,,,-0.35310000000000485,,,,,,,0.0,0.0,
128,202404020411,7,6,6,57,11,14,11,155,0,0,0,0,1,2,0,12,1,2,3,30,0,0,0,0,0,1,0,1,0,1,0,2,0,0,0,0,0.0,0.0,10.0,1.0,35.1,0.0,0.46153846153846156,,,,,,,,,,,,,,,,,200.0,0.0,0.23076923076923078,6,6,7.2,4.0,1674,1556,1428,,,,,,,,,,,,,,,,1.0,55.0,15.0,9.0,13.0,434.0,0.0,,,,,,,-0.05310000000000059,,,,,,,0.0,0.0,
129,202404020411,2,1,0,15,7,6,6,84,0,0,0,1,1,1,0,4,0,1,3,12,0,0,0,0,0,0,0,0,0,0,2,1,0,0,0,0,0.0,0.0,70.0,1.0,36.6,0.0,0.08333333333333333,,,,,,,,,,,,,,,,,-200.0,0.25,0.3125,7,7,3.1,2.0,1600,1503,680,,,,,,,,,,,,,,,,1.0,55.0,57.0,9.0,12.0,468.0,0.0,,,,,,,1.5253000000000014,,,,,,,2.0,0.0,
130,202404020411,3,4,1,56,0,0,0,0,0,0,0,0,0,0,0,8,0,0,0,0,0,0,0,0,0,0,0,1,0,0,0,0,0,0,0,0,0.0,0.0,30.0,1.0,36.5,0.0,1.0,,,,,,,,,,,,,,,,,200.0,0.3333333333333333,0.5,3,3,16.5,5.0,1426,1098,306,,,,,,,,,,,,,,,,1.0,55.0,35.0,9.0,6.0,442.0,0.0,,,,,,,0.683799999999998,,,,,,,2.0,0.0,
131,202404020411,0,0,0,3,0,0,0,0,0,0,0,0,0,0,0,0,0,0,0,0,0,0,0,0,0,0,0,0,0,0,0,0,0,0,0,0,0.0,0.0,10.0,1.0,35.7,0.0,0.125,0.0,0.0,90.0,2.0,34.0,0.2,0.5454545454545454,,,,,,,,1.0,-2.0,200.0,0.0,0.11764705882352941,4,4,20.5,6.0,1037,1672,1428,,,,,,,,,,,,,,,1.0,1.0,55.0,21.0,9.0,8.0,430.0,0.0,-0.09090909090909091,,,,1.7000000000000028,0.0,0.5469000000000008,-1.153100000000002,,,,0.2102272727272727,0.8500000000000014,0.0,0.0,
132,202404020411,6,5,3,36,0,0,0,0,0,0,0,0,1,0,0,10,0,0,0,0,0,0,0,0,0,0,0,2,0,0,0,0,0,0,0,0,0.0,0.0,8.0,8.0,34.7,2.2,0.875,0.0,0.0,17.0,14.0,36.7,1.4,0.8888888888888888,0.0,0.0,9.0,7.0,35.8,2.1,1.0,-0.5,-4.0,0.0,0.02564102564102564,0.05128205128205128,2,2,244.4,9.0,1601,1304,239,0.0,0.0,11.0,8.0,35.9,2.3,0.8181818181818182,,,,,,,,-0.7,0.0,55.0,-77.0,9.0,8.0,394.0,-0.125,0.0,0.0,0.0,,-0.26999999999999813,0.0,-0.4064999999999941,1.593500000000006,0.6935000000000002,0.7468999999999966,,0.06588305316984104,0.7119515432949068,0.0,3.0,0.0
133,202404020411,0,0,0,0,12,12,12,144,0,0,0,0,0,0,0,0,1,0,0,31,0,0,0,0,0,0,0,0,0,0,0,3,0,0,0,0,0.0,0.0,5.0,4.0,40.9,1.1,0.25,0.0,0.0,7.0,8.0,36.3,2.1,0.8888888888888888,,,,,,,,4.0,3.0,-100.0,0.03333333333333333,0.1,8,9,116.3,7.0,1550,1482,32,,,,,,,,,,,,,,,4.0,0.0,55.0,-47.0,9.0,12.0,451.0,0.0,0.0,,,,4.600000000000001,0.0,,1.1935000000000002,,,,0.3194444444444444,2.3000000000000007,1.0,1.0,0.0
134,202404020411,0,0,1,1,0,1,0,23,0,0,0,0,0,0,0,0,0,0,0,1,0,0,0,0,0,0,0,0,0,0,0,0,0,0,0,0,0.0,0.0,10.0,10.0,41.8,5.3,0.9,0.0,0.0,8.0,9.0,36.7,2.3,0.7777777777777778,0.0,0.0,11.0,11.0,38.3,2.6,0.45454545454545453,0.5,12.0,-200.0,0.0,0.08333333333333333,5,5,230.0,8.0,1706,1736,1428,,,,,,,,,,,,,,,0.5,0.0,55.0,-77.0,9.0,10.0,486.0,0.0,0.0,0.2727272727272727,,,1.75,0.0,3.727399999999996,1.593500000000006,2.8407999999999944,,,0.18792645087705606,2.1296843793284363,0.0,1.0,0.0
135,202404030106,3,1,0,17,10,15,8,113,0,0,0,1,0,0,0,3,1,1,1,22,0,0,0,0,0,0,0,1,0,0,0,3,0,0,0,0,,,,,,,,,,,,,,,,,,,,,,,,,0.13333333333333333,0.4444444444444444,3,6,1.7,1.0,1434,1393,969,,,,,,,,,,,,,,,,,55.0,,18.0,,,,,,,,,,,,,,,,,,0.0,
136,202404030106,0,0,0,0,26,24,35,278,0,0,0,0,0,0,0,0,1,1,3,35,0,0,0,0,0,0,0,0,1,1,1,10,0,0,0,0,,,,,,,,,,,,,,,,,,,,,,,,,0.061224489795918366,0.3469387755102041,4,8,37.0,9.0,1550,1167,32,,,,,,,,,,,,,,,,,55.0,,18.0,,,,,,,,,,,,,,,,,,0.0,
137,202404030106,3,6,7,43,9,5,7,35,0,0,1,0,2,2,1,12,1,0,1,3,0,0,0,0,0,0,0,3,0,0,0,1,0,0,0,0,,,,,,,,,,,,,,,,,,,,,,,,,0.0,0.0,5,9,29.9,7.0,1629,848,1428,,,,,,,,,,,,,,,,,55.0,,18.0,,,,,,,,,,,,,,,,,,0.0,
138,202404030106,0,0,0,0,36,21,22,270,0,0,0,0,0,0,0,0,3,2,1,35,0,0,0,0,0,0,0,0,1,1,0,9,0,0,0,0,,,,,,,,,,,,,,,,,,,,,,,,,0.07017543859649122,0.2631578947368421,7,14,12.0,4.0,1627,1428,760,,,,,,,,,,,,,,,,,55.0,,18.0,,,,,,,,,,,,,,,,,,0.0,
139,202404030106,13,11,21,172,3,3,2,41,0,0,0,1,0,1,1,16,2,1,0,2,0,0,0,0,0,0,0,1,0,0,0,0,0,0,0,0,,,,,,,,,,,,,,,,,,,,,,,,,0.0,0.2222222222222222,5,10,7.7,3.0,1127,1079,1328,,,,,,,,,,,,,,,,,55.0,,18.0,,,,,,,,,,,,,,,,,,0.0,
140,202404030106,0,0,0,0,19,20,16,230,0,0,0,0,0,0,0,0,3,1,0,27,0,0,0,0,0,0,0,0,2,1,0,3,0,0,0,0,,,,,,,,,,,,,,,,,,,,,,,,,0.03225806451612903,0.0967741935483871,1,2,32.1,8.0,1267,1013,1716,,,,,,,,,,,,,,,,,54.0,,18.0,,,,,,,,,,,,,,,,,,0.0,
141,202404030106,0,0,0,0,36,21,22,270,0,0,0,0,0,0,0,0,3,2,1,35,0,0,0,0,0,0,0,0,1,1,0,9,0,0,0,0,,,,,,,,,,,,,,,,,,,,,,,,,0.0,0.125,3,5,5.1,2.0,1267,1428,1716,,,,,,,,,,,,,,,,,55.0,,18.0,,,,,,,,,,,,,,,,,,0.0,
142,202404030106,6,5,3,36,0,1,1,33,0,0,0,0,1,0,0,10,0,1,1,9,0,0,0,0,0,0,0,0,0,0,0,2,0,0,0,0,,,,,,,,,,,,,,,,,,,,,,,,,0.0,0.0,2,4,43.2,10.0,1601,1221,239,,,,,,,,,,,,,,,,,55.0,,18.0,,,,,,,,,,,,,,,,,,0.0,
143,202404030106,3,1,0,17,36,21,22,270,1,0,0,3,0,0,0,3,3,2,1,35,0,0,0,0,0,0,0,1,1,1,0,9,0,0,0,0,,,,,,,,,,,,,,,,,,,,,,,,,0.04878048780487805,0.07317073170731707,6,11,176.9,15.0,1434,1428,969,,,,,,,,,,,,,,,,,55.0,,18.0,,,,,,,,,,,,,,,,,,0.0,
144,202404030106,4,3,2,14,10,17,15,204,0,0,0,0,0,0,1,3,1,2,0,30,0,0,0,0,0,0,0,2,0,0,0,7,0,0,0,0,,,,,,,,,,,,,,,,,,,,,,,,,0.11627906976744186,0.18604651162790697,8,16,69.8,12.0,1540,1183,1036,,,,,,,,,,,,,,,,,55.0,,18.0,,,,,,,,,,,,,,,,,,0.0,
145,202404030106,2,2,2,8,0,1,0,8,0,0,0,0,1,0,1,3,0,0,0,4,0,0,0,0,0,0,0,2,0,0,0,1,0,0,0,0,,,,,,,,,,,,,,,,,,,,,,,,,0.037037037037037035,0.07407407407407407,8,18,23.9,6.0,1352,33,1503,,,,,,,,,,,,,,,,,55.0,,18.0,,,,,,,,,,,,,,,,,,0.0,
146,202404030106,7,9,6,47,4,7,3,47,0,0,0,2,1,1,1,6,1,1,0,4,0,0,0,0,0,0,1,3,0,0,0,2,0,0,0,0,,,,,,,,,,,,,,,,,,,,,,,,,0.07142857142857142,0.21428571428571427,4,7,20.8,5.0,1289,1170,1428,,,,,,,,,,,,,,,,,55.0,,18.0,,,,,,,,,,,,,,,,,,0.0,
147,202404030106,0,0,0,4,2,8,5,55,0,0,0,0,0,0,0,0,0,0,0,8,0,0,0,0,0,0,0,0,0,0,0,1,0,0,0,0,,,,,,,,,,,,,,,,,,,,,,,,,0.0,0.0,6,12,199.7,16.0,1694,1713,1328,,,,,,,,,,,,,,,,,52.0,,18.0,,,,,,,,,,,,,,,,,,0.0,
148,202404030106,1,4,5,38,5,7,3,75,0,0,0,2,0,2,3,9,1,0,0,11,0,0,0,0,0,1,1,7,0,0,0,1,0,0,0,0,,,,,,,,,,,,,,,,,,,,,,,,,0.0,0.14285714285714285,7,15,110.6,14.0,1467,1036,336,,,,,,,,,,,,,,,,,55.0,,18.0,,,,,,,,,,,,,,,,,,0.0,
149,202404030106,44,30,32,272,0,0,0,2,0,0,0,0,9,5,3,49,0,0,0,0,0,0,0,0,1,0,0,10,0,0,0,0,0,0,0,0,,,,,,,,,,,,,,,,,,,,,,,,,0.04,0.16,1,1,46.6,11.0,1716,803,1167,,,,,,,,,,,,,,,,,55.0,,18.0,,,,,,,,,,,,,,,,,,0.0,
150,202404030106,4,1,1,42,10,5,4,99,2,0,0,6,0,0,0,9,1,1,0,12,0,0,0,1,0,0,0,0,0,0,0,1,0,0,0,0,0.0,0.0,160.0,16.0,36.8,2.5,0.5625,0.0,0.0,14.0,15.0,38.8,5.6,0.6,0.0,0.0,17.0,16.0,36.2,3.3,0.9444444444444444,0.0,4.0,-200.0,0.0,0.0,2,3,231.2,17.0,1045,1328,969,,,,,,,,,,,,,,,0.0,0.0,52.0,-133.0,18.0,16.0,390.0,0.25,0.2,0.0,,,0.29999999999999716,0.0,1.7252999999999972,3.725299999999997,1.093500000000006,,,0.17189460076538415,1.1115554667022027,-3.0,1.0,0.0
151,202404030106,5,8,6,143,0,1,0,2,0,0,0,0,0,3,0,22,0,0,0,0,0,0,0,0,0,1,0,5,0,0,0,0,0,0,0,0,0.0,0.0,11.0,11.0,37.9,2.8,1.0,0.0,0.0,10.0,10.0,36.8,3.0,0.9,0.0,0.0,18.0,17.0,38.6,3.3,0.2222222222222222,3.0,-8.0,0.0,0.02564102564102564,0.20512820512820512,7,13,261.7,18.0,1090,1562,1169,,,,,,,,,,,,,,,3.0,0.0,55.0,-78.0,18.0,11.0,440.0,0.0,0.0,0.05555555555555555,,,-0.3500000000000014,0.0,2.7935000000000016,1.7252999999999972,3.4935000000000045,,,0.3454981890375952,0.740870359029764,3.0,2.0,0.0
152,202404030106,3,0,2,36,1,0,0,8,0,0,0,0,1,0,1,10,1,0,0,0,0,0,0,0,0,0,1,3,0,0,0,0,0,0,0,0,,,,,,,,,,,,,,,,,,,,,,,,,0.047619047619047616,0.11904761904761904,8,17,82.8,13.0,1704,1645,1712,,,,,,,,,,,,,,,,,55.0,,18.0,,,,,,,,,,,,,,,,,,0.0,
153,202404030110,3,6,7,43,6,8,13,100,0,0,0,1,2,2,1,12,0,1,1,15,0,0,0,1,0,0,0,0,0,0,0,1,0,0,0,0,0.0,0.0,20.0,1.0,34.7,0.0,0.29411764705882354,0.0,0.0,20.0,2.0,34.5,0.0,0.4444444444444444,0.0,0.0,10.0,5.0,34.9,0.1,0.3888888888888889,2.0,-2.0,-200.0,0.025,0.05,8,14,15.7,6.0,1629,1306,1428,0.0,0.0,50.0,3.0,35.0,0.4,0.3888888888888889,0.0,0.0,100.0,3.0,33.2,0.3,0.42857142857142855,0.5,0.8,53.0,83.0,14.0,17.0,438.0,0.0,-0.1111111111111111,0.0,0.0,0.0,0.25,0.0,-0.37469999999999715,-0.5747,-0.20649999999999835,-0.07469999999999999,-1.8746999999999971,0.05223536808779003,0.6529931086925792,-3.0,1.0,0.0
154,202404030110,4,3,5,43,36,21,22,270,0,0,0,1,0,1,2,12,3,2,1,35,0,0,0,0,0,0,0,0,0,0,0,2,0,0,0,0,0.0,0.0,110.0,13.0,34.9,0.9,0.875,0.0,0.0,40.0,11.0,34.7,0.9,0.7058823529411765,0.0,0.0,130.0,6.0,34.6,0.4,0.7647058823529411,-3.5,0.0,-200.0,0.0625,0.3333333333333333,8,13,11.3,5.0,1534,1428,1235,0.0,0.0,10.0,1.0,33.8,0.0,0.5555555555555556,0.0,0.0,10.0,1.0,34.3,0.0,0.25,-3.4,0.4,54.0,126.0,14.0,16.0,464.0,0.125,0.0,0.11764705882352941,-0.1111111111111111,0.0,0.21000000000000085,0.0,-0.7499000000000038,-0.4064999999999941,-0.47469999999999857,-1.3064999999999998,-0.8531000000000049,0.21627321604189184,0.3826225293941812,-3.0,2.0,0.5
155,202404030110,25,23,32,225,1,0,1,3,1,0,0,0,3,2,4,20,0,0,0,0,0,0,0,0,1,0,1,0,0,0,0,0,0,0,0,0,0.0,0.0,10.0,1.0,33.4,0.0,0.13333333333333333,0.0,0.0,20.0,10.0,35.6,0.8,0.25,0.0,0.0,10.0,4.0,34.3,0.1,0.5714285714285714,1.5,6.0,0.0,0.13953488372093023,0.4418604651162791,7,11,1.8,1.0,1691,1348,1167,0.0,0.0,40.0,3.0,33.8,0.4,0.3,0.0,0.0,30.0,1.0,32.9,0.0,0.47058823529411764,-0.7,0.6,53.0,77.0,14.0,15.0,436.0,0.0,0.0,0.21428571428571427,0.0,0.0,0.2800000000000004,0.0,-1.7064999999999984,-0.049900000000000944,-0.7747000000000028,-1.2747000000000028,-2.1747000000000014,0.1567769473243055,0.923038460737147,-2.0,1.0,1.0
156,202404030110,16,14,7,123,7,6,10,126,0,0,1,4,4,3,0,21,0,2,1,15,0,0,0,2,0,0,0,3,0,1,0,3,0,0,0,2,0.0,0.0,30.0,2.0,34.3,0.1,0.5384615384615384,0.0,0.0,40.0,3.0,34.0,0.2,0.5882352941176471,0.0,0.0,60.0,7.0,33.4,0.3,0.5555555555555556,2.5,8.0,0.0,0.0,0.14285714285714285,6,10,8.1,3.0,1657,1345,1317,0.0,0.0,30.0,3.0,34.2,0.4,0.7142857142857143,0.0,0.0,80.0,7.0,34.7,0.8,0.4666666666666667,1.0,0.6,57.0,105.0,14.0,13.0,480.0,-0.07692307692307693,-0.058823529411764705,0.0,0.0,0.2,-0.10000000000000142,0.0,-0.8064999999999998,-1.106499999999997,-1.6747000000000014,-2.174899999999994,-0.37469999999999715,0.08123683206830073,0.42614551505325143,-1.0,2.0,1.0
157,202404030110,2,5,7,118,1,1,2,28,0,0,0,4,0,1,0,12,0,0,1,3,0,0,0,0,0,0,0,0,0,0,1,0,0,0,0,0,0.0,0.0,170.0,7.0,34.9,0.4,0.4117647058823529,0.0,0.0,80.0,5.0,35.0,0.8,0.9,0.0,0.0,80.0,6.0,35.4,1.1,0.6,-0.5,4.0,0.0,0.125,0.125,3,3,59.4,8.0,1561,1124,1263,0.0,0.0,80.0,1.0,35.5,0.0,0.42857142857142855,0.0,0.0,160.0,11.0,35.3,0.4,0.8333333333333334,0.4,0.2,53.0,77.0,14.0,17.0,464.0,0.0,-0.2,0.0,0.0,0.0,-0.12999999999999973,0.0,-0.20649999999999835,-0.07469999999999999,0.3252999999999986,-0.8616000000000028,0.19350000000000023,0.2016097758987646,0.23151673805580447,-3.0,3.0,0.3333333333333333
158,202404030110,0,1,0,10,0,0,0,1,0,0,0,1,0,0,0,0,0,0,0,0,0,0,0,0,0,0,0,0,0,0,0,0,0,0,0,0,0.0,0.0,80.0,10.0,37.9,2.7,0.8181818181818182,0.0,0.0,100.0,14.0,39.1,2.4,0.3125,0.0,0.0,20.0,1.0,37.6,0.0,0.14285714285714285,-4.5,10.0,0.0,0.043478260869565216,0.2608695652173913,4,6,114.1,10.0,1498,1254,1036,0.0,0.0,60.0,2.0,37.9,0.4,0.14285714285714285,0.0,0.0,10.0,8.0,34.1,0.5,0.3333333333333333,-1.6,0.4,54.0,63.0,14.0,11.0,490.0,0.0,0.0625,0.0,0.0,0.1111111111111111,0.8799999999999997,0.0,-0.37950000000000017,0.8205000000000027,-0.6794999999999973,-0.23380000000000223,-0.9746999999999986,0.24766693543692123,1.6904437287292349,-4.0,0.0,
159,202404030110,2,4,4,41,8,4,6,75,0,0,0,0,0,0,1,7,0,1,1,6,0,0,0,0,0,0,0,1,0,0,0,0,0,0,0,0,0.0,0.0,10.0,1.0,34.5,0.0,0.07142857142857142,0.0,0.0,10.0,2.0,34.6,0.0,0.3333333333333333,0.0,0.0,20.0,2.0,35.1,0.1,0.15384615384615385,0.5,0.0,200.0,0.1111111111111111,0.2222222222222222,5,8,10.5,4.0,1583,1014,118,0.0,0.0,20.0,4.0,35.1,0.4,0.2,0.0,0.0,50.0,2.0,35.2,0.4,0.18181818181818182,0.4,0.8,52.0,21.0,14.0,14.0,476.0,0.0,0.0,0.0,0.0,0.0,-0.19000000000000056,0.0,-0.653100000000002,-0.5531000000000006,-0.9947999999999979,-0.05310000000000059,-0.6161999999999992,0.08492271720089378,0.2898275349237895,-1.0,0.0,
160,202404030110,4,4,6,45,0,0,0,0,0,0,0,0,1,0,2,6,0,0,0,0,0,0,0,0,0,0,0,0,0,0,0,0,0,0,0,0,0.0,0.0,4.0,,,,,0.0,0.0,1.0,5.0,13.2,1.9,0.2222222222222222,0.0,0.0,7.0,4.0,13.5,1.3,0.5384615384615384,-1.0,4.0,-1350.0,0.0,0.07407407407407407,1,1,208.5,11.0,1399,274,1428,0.0,0.0,6.0,6.0,13.5,6.0,0.3,0.0,0.0,11.0,8.0,34.4,0.4,0.5714285714285714,1.1,0.0,54.0,-92.0,14.0,6.0,440.0,,0.3333333333333333,-0.15384615384615385,0.2,-0.07142857142857142,-6.359999999999999,0.0,,,,,-0.7064999999999984,0.14992205519732468,9.094091488433575,-6.0,1.0,0.0
161,202404030110,7,6,6,57,8,6,6,151,2,0,0,3,1,2,0,12,2,0,0,20,1,0,0,0,0,0,0,0,0,0,0,1,0,0,0,0,0.0,0.0,60.0,5.0,35.6,0.6,0.08333333333333333,0.0,0.0,100.0,12.0,36.2,1.0,0.14285714285714285,0.0,0.0,60.0,14.0,37.5,2.4,0.14285714285714285,4.5,-2.0,-200.0,0.11904761904761904,0.19047619047619047,5,7,62.9,9.0,1674,1235,1428,0.0,0.0,50.0,3.0,34.9,0.0,0.125,0.0,0.0,50.0,1.0,34.6,0.0,0.05555555555555555,-1.7,0.4,55.0,63.0,14.0,12.0,482.0,0.0,0.0,0.0,0.0,0.0,0.3300000000000004,0.0,0.5253000000000014,1.1253000000000029,2.4253,-0.1747000000000014,-0.47469999999999857,0.03481224158644652,1.032666451474047,0.0,0.0,
162,202404030110,26,18,25,201,0,0,1,2,0,0,0,2,7,3,4,45,0,0,0,0,0,0,0,0,1,0,0,4,0,0,0,0,0,0,0,0,0.0,0.0,40.0,2.0,35.1,0.3,0.1,0.0,0.0,40.0,4.0,34.5,0.3,0.08333333333333333,0.0,0.0,30.0,11.0,36.3,1.7,0.3333333333333333,4.5,2.0,0.0,0.23529411764705882,0.5294117647058824,4,5,3.8,2.0,1393,75,1263,0.0,0.0,50.0,2.0,33.9,0.1,0.08333333333333333,0.0,0.0,40.0,5.0,35.2,0.7,0.13333333333333333,0.4,0.4,54.0,70.0,14.0,10.0,506.0,0.0,0.0,0.08333333333333333,0.0,0.0,0.039999999999999855,0.0,-0.006499999999995509,-0.6064999999999969,1.1935000000000002,-1.2064999999999984,0.09350000000000591,0.09510228411791402,0.7999999999999996,-2.0,5.0,0.4
163,202404030110,16,14,7,123,36,21,22,270,3,2,2,24,4,3,0,21,3,2,1,35,0,0,0,5,0,0,0,3,0,0,0,2,0,0,0,1,0.0,0.0,20.0,1.0,34.6,0.0,0.2,0.0,0.0,20.0,15.0,38.9,2.1,0.5,0.0,0.0,10.0,4.0,34.4,0.4,0.4375,1.5,-6.0,-200.0,0.038461538461538464,0.07692307692307693,7,12,29.6,7.0,1657,1428,1317,0.0,0.0,30.0,3.0,33.7,0.2,0.2857142857142857,0.0,0.0,10.0,3.0,34.3,0.2,0.16666666666666666,-0.8,0.6,55.0,111.0,14.0,10.0,478.0,0.0,-0.0625,-0.125,0.0,0.1111111111111111,0.5800000000000004,0.0,-0.47469999999999857,0.8273999999999972,-0.6747000000000014,-1.3746999999999971,-0.7747000000000028,0.1305927963482285,1.884038216172909,-3.0,0.0,
164,202404030110,4,4,6,58,4,7,3,47,0,1,1,5,1,2,0,12,1,1,0,4,0,0,0,0,0,0,0,0,0,0,0,0,0,0,0,0,0.0,0.0,160.0,16.0,38.5,3.1,1.0,0.0,0.0,16.0,16.0,35.6,2.3,0.375,0.0,0.0,12.0,12.0,34.5,0.9,0.8571428571428571,-2.0,12.0,0.0,0.0,0.0,3,4,237.5,12.0,1310,1170,1618,0.0,0.0,18.0,15.0,34.8,1.2,0.8888888888888888,0.0,0.0,15.0,13.0,34.9,1.2,0.8666666666666667,-0.7,0.0,53.0,-98.0,14.0,16.0,520.0,-0.0625,0.0,0.0,-0.1111111111111111,0.0,0.8000000000000007,0.0,0.22050000000000125,0.5253000000000014,-0.6064999999999969,-0.35310000000000485,-0.25310000000000343,0.21735027919226002,1.4650597257449953,-5.0,1.0,0.0
165,202404030110,13,11,21,172,8,6,6,151,0,0,0,1,0,1,1,16,2,0,0,20,0,0,0,0,0,0,0,4,0,0,0,1,0,0,0,0,0.0,0.0,9.0,8.0,33.1,0.9,0.8888888888888888,0.0,0.0,13.0,13.0,34.3,1.1,1.0,0.0,0.0,12.0,11.0,33.8,1.6,1.0,1.5,2.0,-400.0,0.024390243902439025,0.024390243902439025,2,2,294.3,13.0,1127,1235,1328,0.0,0.0,7.0,10.0,13.7,7.6,0.9166666666666666,0.0,0.0,9.0,13.0,13.6,4.2,0.7857142857142857,0.7,0.0,53.0,-29.0,14.0,9.0,460.0,-0.2222222222222222,0.0,0.0,0.0,0.0,5.96,0.0,-2.3592000000000013,-0.8064999999999998,-1.3531000000000049,,,0.07974512182273315,9.846217547870857,-5.0,1.0,0.0
166,202404030110,0,1,0,11,0,0,0,1,0,0,0,1,0,0,0,2,0,0,0,0,0,0,0,0,0,0,0,0,0,0,0,0,0,0,0,0,0.0,0.0,14.0,14.0,35.9,2.2,0.8571428571428571,0.0,0.0,12.0,12.0,34.8,2.4,0.75,0.0,0.0,14.0,14.0,37.1,2.2,0.14285714285714285,0.0,-14.0,0.0,0.0,0.0,6,9,524.3,14.0,1707,1250,1482,0.0,0.0,15.0,15.0,35.1,2.0,1.0,0.0,0.0,7.0,12.0,34.7,1.4,0.5,-0.1,0.0,53.0,0.0,14.0,14.0,484.0,0.0,0.08333333333333333,0.0,0.0,0.3333333333333333,0.20999999999999872,0.0,0.7935000000000016,-0.3064999999999998,0.7251000000000047,-0.8166000000000011,-0.7591999999999999,0.3016958868848982,0.8953211714239758,0.0,2.0,0.0
167,202404030112,1,0,0,2,10,17,15,204,0,0,0,0,0,0,0,1,1,2,0,30,0,0,0,0,0,0,0,0,0,0,0,2,0,0,0,0,0.0,0.0,80.0,1.0,33.1,0.0,0.9444444444444444,0.0,0.0,140.0,12.0,37.8,2.4,0.21428571428571427,0.0,0.0,80.0,8.0,41.8,2.9,0.36363636363636365,3.5,6.0,0.0,0.05357142857142857,0.25,3,5,8.6,5.0,1146,1183,512,0.0,0.0,60.0,13.0,41.4,4.0,0.1875,,,,,,,,3.2,0.25,55.0,77.0,18.0,18.0,516.0,-0.2222222222222222,0.0,0.36363636363636365,0.0,,-2.8899999999999992,0.0,-2.0064999999999955,0.45469999999999544,2.1740999999999957,3.3273999999999972,,0.3059290971247037,3.4981244974986225,-2.0,1.0,1.0
168,202404030112,2,3,2,10,2,6,2,43,0,0,0,0,0,1,0,1,0,0,0,5,0,0,0,0,0,0,0,0,0,0,0,0,0,0,0,0,0.0,0.0,30.0,6.0,34.6,0.5,0.16666666666666666,0.0,0.0,20.0,3.0,33.2,0.1,0.6,0.0,0.0,10.0,2.0,34.4,0.0,0.3125,-2.0,-2.0,0.0,0.06382978723404255,0.3191489361702128,4,7,5.6,3.0,1282,1186,377,0.0,0.0,20.0,3.0,36.5,1.3,0.25,0.0,0.0,10.0,2.0,36.2,0.1,0.375,-0.8,0.8,58.0,70.0,18.0,18.0,500.0,-0.05555555555555555,0.0,0.0,0.0,-0.0625,-0.65,0.0,-0.5064999999999955,-1.906499999999994,-0.7064999999999984,-1.7794999999999987,-2.079499999999996,0.14678025904202663,1.2204917041913883,4.0,3.0,0.6666666666666666
169,202404030112,7,9,6,47,1,3,2,18,0,0,0,1,1,1,1,6,0,0,0,2,0,0,0,0,0,0,0,0,0,0,0,0,0,0,0,0,0.0,0.0,10.0,1.0,34.0,0.0,0.058823529411764705,0.0,0.0,20.0,2.0,35.1,0.1,0.125,0.0,0.0,20.0,2.0,36.1,0.4,0.0625,0.5,-4.0,0.0,,,5,10,4.1,1.0,1289,1691,1428,0.0,0.0,20.0,4.0,35.0,0.5,0.13333333333333333,0.0,0.0,20.0,2.0,34.4,0.3,0.3333333333333333,0.4,0.8,51.0,111.0,18.0,17.0,492.0,0.0,-0.0625,0.0,0.0,0.0,-0.06999999999999958,0.0,-1.106499999999997,0.025300000000001432,0.45009999999999906,-0.07469999999999999,-1.0592000000000041,0.10020912389653311,0.7138627319029907,-6.0,1.0,1.0
170,202404030112,8,8,5,108,0,1,2,11,0,0,0,0,4,1,0,16,0,0,0,1,0,0,0,0,0,0,0,1,0,0,0,0,0,0,0,0,0.0,0.0,80.0,5.0,33.6,0.6,0.5,0.0,0.0,100.0,1.0,37.4,0.0,0.25,0.0,0.0,40.0,8.0,40.0,1.7,0.3125,1.5,2.0,0.0,0.04,0.08,3,6,12.4,8.0,1036,1574,1108,,,,,,,,,,,,,,,1.5,0.3333333333333333,53.0,98.0,18.0,10.0,460.0,0.0,0.0,0.0,,,-3.1999999999999993,0.0,-1.5064999999999955,-0.4233000000000047,1.9273999999999987,,,0.10622957319984969,2.628053779256936,-2.0,1.0,0.0
171,202404030112,4,3,5,43,7,6,6,84,0,0,0,2,0,1,2,12,0,1,3,12,0,0,0,2,0,0,0,0,0,0,0,2,0,0,0,0,0.0,0.0,90.0,9.0,37.4,1.8,0.875,0.0,0.0,10.0,1.0,37.5,0.0,0.3125,,,,,,,,-8.0,0.0,-200.0,0.0,0.23529411764705882,1,1,37.3,9.0,1534,1503,1235,,,,,,,,,,,,,,,-8.0,0.5,55.0,112.0,18.0,16.0,484.0,-0.0625,0.0625,,,,-0.10000000000000142,0.0,-0.6726000000000028,-0.7794999999999987,,,,0.28125,0.05000000000000071,-2.0,0.0,
172,202404030112,28,22,25,187,3,3,2,41,0,1,0,5,3,3,3,32,2,1,0,2,0,0,0,0,0,0,0,10,0,1,0,1,0,0,0,0,0.0,0.0,120.0,16.0,34.9,2.0,0.7777777777777778,0.0,0.0,12.0,12.0,34.3,1.3,1.0,0.0,0.0,12.0,6.0,34.2,0.7,0.8888888888888888,-5.0,-18.0,0.0,0.11428571428571428,0.22857142857142856,8,18,110.3,12.0,1098,1079,1294,0.0,0.0,10.0,10.0,35.8,0.7,0.8125,0.0,0.0,10.0,9.0,35.8,0.4,0.6111111111111112,-1.6,0.0,56.0,-113.0,18.0,18.0,460.0,0.0,-0.07692307692307693,0.0,-0.0625,0.05555555555555555,-0.32999999999999974,0.0,-0.20649999999999835,-0.8064999999999998,-0.9064999999999941,0.6935000000000002,0.6935000000000002,0.12853039223621415,0.6957010852370421,0.0,5.0,0.0
173,202404030112,3,3,4,48,0,0,6,13,0,0,0,1,1,0,1,8,0,0,1,4,0,0,0,0,1,0,0,3,0,0,0,0,0,0,0,0,0.0,0.0,120.0,15.0,40.1,2.4,0.8125,0.0,0.0,8.0,11.0,35.9,1.0,0.5,0.0,0.0,7.0,7.0,34.7,0.7,0.5555555555555556,-4.0,-10.0,-400.0,0.0,0.16666666666666666,2,4,9.9,7.0,1396,118,1556,0.0,0.0,7.0,6.0,36.7,1.2,0.2857142857142857,0.0,0.0,4.0,7.0,34.4,0.8,0.4,-2.1,0.0,53.0,-126.0,18.0,16.0,502.0,0.0625,0.05555555555555555,0.0,0.0,0.1,1.06,0.0,0.47409999999999997,0.7935000000000016,-0.4064999999999941,0.7834000000000003,-0.6747000000000014,0.1766820862079619,2.045091684986275,-2.0,2.0,0.0
174,202404030112,4,4,4,37,0,1,0,0,0,1,0,0,1,1,3,7,0,0,0,0,0,0,0,0,0,0,0,1,0,0,0,0,0,0,0,0,0.0,0.0,20.0,9.0,34.0,1.2,0.6666666666666666,0.0,0.0,10.0,1.0,34.9,0.0,0.125,0.0,0.0,40.0,2.0,33.9,0.1,0.8,-3.5,-6.0,0.0,0.25,0.5625,5,9,5.5,2.0,1064,718,1556,,,,,,,,,,,,,,,-3.5,0.6666666666666666,55.0,77.0,18.0,15.0,456.0,0.0,0.0,-0.4,,,0.05000000000000071,0.0,-1.106499999999997,-0.1747000000000014,-1.1747000000000014,,,0.2918914477745976,0.4496912521077344,-2.0,1.0,0.0
175,202404030112,1,1,1,4,36,21,22,270,1,0,0,1,0,0,0,1,3,2,1,35,0,0,0,0,0,0,0,0,1,0,0,5,0,0,0,0,0.0,0.0,100.0,7.0,34.0,0.9,0.3333333333333333,0.0,0.0,70.0,5.0,35.3,1.1,0.8125,0.0,0.0,50.0,7.0,35.4,0.7,0.36363636363636365,0.0,-4.0,0.0,0.12903225806451613,0.12903225806451613,7,13,65.6,10.0,1479,1428,857,0.0,0.0,60.0,2.0,35.7,0.1,0.08333333333333333,0.0,0.0,90.0,9.0,33.9,0.7,1.0,0.1,0.2,55.0,77.0,18.0,15.0,418.0,0.06666666666666667,0.0,-0.09090909090909091,0.0,-0.08333333333333333,-0.020000000000000285,0.0,-1.106499999999997,0.14689999999999515,0.3252999999999986,0.05010000000000048,-1.1747000000000014,0.33642761471808996,0.7552483035399687,-2.0,1.0,0.0
176,202404030112,1,2,2,21,2,4,4,14,0,0,1,0,0,0,0,3,0,1,0,0,0,0,0,0,0,0,0,0,0,0,0,0,0,0,0,0,0.0,0.0,140.0,13.0,34.8,0.9,0.9285714285714286,0.0,0.0,150.0,13.0,38.5,3.5,0.8125,0.0,0.0,160.0,16.0,34.6,1.2,0.7777777777777778,1.5,-10.0,200.0,0.0,0.0,1,2,504.3,18.0,1449,197,1306,0.0,0.0,120.0,10.0,36.3,1.4,0.5,0.0,0.0,120.0,15.0,35.8,1.6,0.5625,0.1,0.0,53.0,112.0,18.0,14.0,452.0,0.0,0.125,0.0,0.07142857142857142,0.1875,0.020000000000000285,0.0,-0.35310000000000485,0.5889000000000024,-0.5531000000000006,1.1468999999999951,-0.29480000000000217,0.16033292986813652,1.3985706989637672,-3.0,0.0,
177,202404030112,4,2,4,48,3,3,2,41,1,0,0,0,2,0,2,4,2,1,0,2,1,0,0,0,0,0,1,2,0,1,0,1,0,0,0,0,0.0,0.0,90.0,4.0,34.0,0.4,0.3888888888888889,0.0,0.0,60.0,5.0,34.2,0.4,0.4,0.0,0.0,40.0,5.0,34.2,0.6,0.8125,0.5,2.0,0.0,0.13636363636363635,0.45454545454545453,7,14,6.3,4.0,1154,1079,1561,0.0,0.0,90.0,12.0,35.4,1.4,0.7333333333333333,0.0,0.0,40.0,1.0,34.3,0.0,0.8333333333333334,0.1,0.2,56.0,70.0,18.0,18.0,436.0,0.05555555555555555,-0.06666666666666667,0.0,0.0,-0.05555555555555555,-0.179999999999999,0.0,-1.106499999999997,-0.9064999999999941,-0.9064999999999941,0.3252999999999986,-0.8064999999999998,0.1981402732945389,0.49959983987187095,0.0,4.0,0.25
178,202404030112,17,19,16,123,0,1,1,33,0,1,0,2,3,3,4,21,0,1,1,9,0,1,0,0,0,2,1,3,0,1,0,0,0,1,0,0,0.0,0.0,17.0,13.0,36.0,1.6,0.7777777777777778,0.0,0.0,15.0,12.0,34.7,0.9,0.6666666666666666,0.0,0.0,14.0,11.0,37.2,1.8,0.125,-1.0,-4.0,0.0,0.02631578947368421,0.21052631578947367,2,3,206.5,15.0,1463,1221,1167,0.0,0.0,12.0,12.0,35.1,1.3,0.8461538461538461,0.0,0.0,11.0,11.0,37.1,1.2,0.8125,-0.4,0.0,58.0,-71.0,18.0,18.0,532.0,-0.1111111111111111,0.05555555555555555,0.0,-0.23076923076923078,-0.0625,-0.2600000000000001,0.0,0.8935000000000031,-0.4064999999999941,-0.05509999999999593,0.025300000000001432,-0.4913999999999987,0.26721399014932146,1.0146920715172656,0.0,2.0,0.0
179,202404030112,5,10,7,122,1,0,1,6,1,0,0,0,1,3,4,20,0,0,0,1,0,0,0,0,0,1,0,5,0,0,0,0,0,0,0,0,0.0,0.0,11.0,9.0,34.6,0.8,0.5294117647058824,0.0,0.0,15.0,7.0,34.9,0.7,0.6111111111111112,0.0,0.0,11.0,13.0,34.7,0.9,0.6666666666666666,2.0,2.0,-200.0,0.12195121951219512,0.1951219512195122,6,11,80.8,11.0,1172,1571,1556,0.0,0.0,11.0,9.0,35.8,0.6,0.625,0.0,0.0,5.0,9.0,35.2,0.7,0.5555555555555556,0.2,0.0,58.0,-65.0,18.0,17.0,472.0,0.0,-0.05555555555555555,-0.1111111111111111,0.125,0.0,-0.21000000000000013,0.0,-0.47469999999999857,-0.20649999999999835,-0.4064999999999941,0.6935000000000002,-0.16539999999999822,0.04923590623532227,0.43174066289845664,0.0,3.0,0.0
180,202404030112,5,8,6,143,0,0,0,1,0,0,0,0,0,3,0,22,0,0,0,0,0,0,0,0,0,0,0,3,0,0,0,0,0,0,0,0,0.0,0.0,60.0,5.0,33.7,0.4,0.6666666666666666,0.0,0.0,30.0,1.0,35.8,0.0,0.125,0.0,0.0,40.0,2.0,34.4,0.2,0.4666666666666667,-1.5,8.0,0.0,0.045454545454545456,0.2727272727272727,8,16,9.1,6.0,1090,1383,1169,0.0,0.0,30.0,3.0,33.7,0.3,0.4166666666666667,,,,,,,,-0.5,0.75,53.0,70.0,18.0,18.0,436.0,-0.05555555555555555,0.125,-0.13333333333333333,0.0,,0.13999999999999985,0.0,-1.406499999999994,0.7252999999999972,-0.6747000000000014,-1.406499999999994,,0.19368278403960773,0.8573214099741101,0.0,2.0,0.5
181,202404030112,28,22,25,187,1,3,2,18,1,0,1,3,3,3,3,32,0,0,0,2,0,0,0,0,0,0,0,10,0,0,0,0,0,0,0,0,0.0,0.0,17.0,15.0,35.3,1.3,0.8333333333333334,0.0,0.0,14.0,15.0,34.8,1.1,0.7777777777777778,0.0,0.0,16.0,12.0,33.9,0.9,0.8888888888888888,-1.5,8.0,0.0,0.18181818181818182,0.18181818181818182,6,12,188.4,14.0,1098,1691,1294,0.0,0.0,10.0,14.0,37.9,3.1,0.5714285714285714,0.0,0.0,7.0,15.0,40.3,3.2,0.13333333333333333,-0.1,0.0,55.0,-57.0,18.0,18.0,442.0,-0.05555555555555555,-0.05555555555555555,0.0,0.07142857142857142,0.0,-1.31,0.0,0.19350000000000023,-0.3064999999999998,-1.2064999999999984,2.7468999999999966,2.3888999999999996,0.2755774989434194,2.3440136518373778,2.0,3.0,0.0
182,202404030112,7,8,7,70,17,14,19,171,0,0,0,2,0,2,0,17,3,0,4,28,0,0,0,0,0,0,0,1,0,0,0,4,0,0,0,0,0.0,0.0,80.0,2.0,36.5,0.2,0.125,0.0,0.0,20.0,5.0,35.6,0.4,0.4,0.0,0.0,50.0,4.0,36.6,0.3,0.4444444444444444,1.0,-2.0,-400.0,0.04878048780487805,0.12195121951219512,7,15,268.1,17.0,1677,1405,1167,0.0,0.0,90.0,10.0,38.0,2.4,0.5,0.0,0.0,70.0,5.0,35.2,0.7,0.4444444444444444,1.1,0.2,56.0,343.0,18.0,16.0,450.0,0.125,0.0,-0.3333333333333333,0.0,-0.1111111111111111,0.019999999999999574,0.0,0.16830000000000211,0.1407999999999987,0.6833999999999989,-0.1338000000000008,0.12530000000000285,0.13273476755740568,0.9682974749528155,2.0,0.0,
183,202404030112,28,22,25,187,2,2,1,12,0,0,0,0,3,3,3,32,0,0,0,2,0,0,0,0,0,0,0,10,0,0,0,1,0,0,0,0,0.0,0.0,90.0,15.0,39.1,2.3,0.5,0.0,0.0,80.0,12.0,36.3,1.2,0.1875,0.0,0.0,20.0,6.0,35.4,0.9,0.6153846153846154,-4.5,-12.0,200.0,0.025,0.025,4,8,183.6,13.0,1098,1412,1294,0.0,0.0,10.0,1.0,36.1,0.0,0.5,0.0,0.0,20.0,2.0,34.8,0.2,0.13333333333333333,-3.7,0.4,58.0,161.0,18.0,16.0,462.0,0.0,-0.0625,-0.15384615384615385,-0.3125,0.06666666666666667,0.8800000000000004,0.0,1.682299999999998,1.2252999999999972,-0.24990000000000379,1.0253000000000014,-0.6592000000000056,0.190706194782624,1.478648031141963,0.0,0.0,
184,202404030112,0,0,0,0,1,1,0,9,0,0,0,0,0,0,0,0,1,0,0,2,0,0,0,0,0,0,0,0,1,0,0,0,0,0,0,0,0.0,0.0,1.0,1.0,38.4,0.0,0.25,0.0,0.0,16.0,18.0,34.8,1.9,1.0,,,,,,,,17.0,15.0,0.0,,,8,17,243.9,16.0,1594,1172,1599,,,,,,,,,,,,,,,17.0,0.5,53.0,-52.0,18.0,8.0,435.0,0.0,0.0,,,,3.6000000000000014,0.0,0.12049999999999983,-0.3064999999999998,,,,0.375,1.8000000000000007,0.0,1.0,0.0
185,202404030203,4,4,4,37,1,5,4,52,0,1,0,0,1,1,3,7,0,0,1,7,0,0,0,0,0,0,2,2,0,0,1,2,0,0,0,0,0.0,0.0,90.0,3.0,34.9,0.3,0.4666666666666667,,,,,,,,,,,,,,,,,0.0,0.0,0.2857142857142857,2,2,2.3,1.0,1064,1506,1556,,,,,,,,,,,,,,,,1.0,55.0,15.0,14.0,15.0,446.0,0.0,,,,,,,-0.20649999999999835,,,,,,,0.0,1.0,1.0
186,202404030203,0,0,0,0,6,9,4,99,0,0,0,0,0,0,0,0,0,1,2,18,0,0,0,0,0,0,0,0,0,0,0,6,0,0,0,0,0.0,0.0,40.0,3.0,35.7,0.5,0.46153846153846156,0.0,0.0,30.0,4.0,35.5,0.3,0.2222222222222222,,,,,,,,1.0,0.0,200.0,0.06896551724137931,0.25862068965517243,4,6,5.6,3.0,1627,1366,760,,,,,,,,,,,,,,,1.0,0.5,55.0,21.0,14.0,13.0,476.0,-0.07692307692307693,0.0,,,,0.20000000000000284,0.0,0.5469000000000008,0.346899999999998,,,,0.11965811965811968,0.10000000000000142,0.0,0.0,
187,202404030203,0,0,0,0,3,0,0,7,0,0,0,0,0,0,0,0,1,0,0,2,0,0,0,0,0,0,0,0,0,0,0,1,0,0,0,0,0.0,0.0,50.0,3.0,35.7,0.5,0.3076923076923077,,,,,,,,,,,,,,,,,200.0,0.037037037037037035,0.18518518518518517,6,9,5.3,2.0,1382,1127,707,,,,,,,,,,,,,,,,1.0,55.0,22.0,14.0,13.0,438.0,0.0,,,,,,,0.5469000000000008,,,,,,,0.0,0.0,
188,202404030203,0,0,1,1,26,24,35,278,0,0,0,0,0,0,0,0,1,1,3,35,0,0,0,0,0,0,0,0,0,0,1,12,0,0,0,0,0.0,0.0,40.0,4.0,35.7,0.6,0.2727272727272727,,,,,,,,,,,,,,,,,200.0,0.0,1.0,8,13,19.5,7.0,1261,1167,387,,,,,,,,,,,,,,,,0.0,51.0,21.0,14.0,11.0,460.0,0.09090909090909091,,,,,,,0.5469000000000008,,,,,,,0.0,0.0,
189,202404030203,0,0,0,0,1,0,1,16,0,0,0,0,0,0,0,0,0,0,0,3,0,0,0,0,0,0,0,0,0,0,0,1,0,0,0,0,0.0,0.0,80.0,2.0,35.4,0.0,0.5,0.0,0.0,90.0,8.0,35.9,1.9,1.0,,,,,,,,6.0,4.0,200.0,0.0,0.0,4,5,9.2,4.0,1550,1613,32,,,,,,,,,,,,,,,6.0,0.5,55.0,28.0,14.0,8.0,416.0,-0.125,0.0,,,,-0.5,0.0,0.24689999999999657,0.7468999999999966,,,,0.25,0.25,0.0,0.0,
190,202404030203,2,0,0,16,0,0,1,1,0,0,0,0,0,0,0,5,0,0,1,0,0,0,0,0,0,0,0,3,0,0,0,0,0,0,0,0,0.0,0.0,20.0,8.0,35.6,0.8,0.6923076923076923,0.0,0.0,10.0,3.0,34.7,0.4,0.36363636363636365,,,,,,,,-5.0,4.0,200.0,0.043478260869565216,0.08695652173913043,7,11,21.7,9.0,1699,1409,1313,,,,,,,,,,,,,,,-5.0,0.5,55.0,21.0,14.0,13.0,468.0,-0.07692307692307693,-0.09090909090909091,,,,0.8999999999999986,0.0,0.4468999999999994,-0.45309999999999917,,,,0.16433566433566432,0.4499999999999993,0.0,0.0,
191,202404030203,0,0,0,2,7,6,6,84,0,0,0,0,0,0,0,0,0,1,3,12,0,0,0,0,0,0,0,0,0,1,0,4,0,0,0,0,0.0,0.0,70.0,3.0,35.6,0.2,0.125,,,,,,,,,,,,,,,,,200.0,0.12121212121212122,0.12121212121212122,5,7,13.1,6.0,1097,1503,1221,,,,,,,,,,,,,,,,1.0,55.0,29.0,14.0,8.0,438.0,0.0,,,,,,,0.4468999999999994,,,,,,,0.0,0.0,
192,202404030203,26,18,25,201,0,0,2,9,0,0,0,0,7,3,4,45,0,0,1,2,0,0,0,0,3,1,1,7,0,0,1,0,0,0,0,0,0.0,0.0,5.0,15.0,41.7,6.4,0.25,0.0,0.0,8.0,5.0,39.3,1.7,0.38461538461538464,0.0,0.0,12.0,8.0,37.0,1.3,0.5,-3.5,0.0,0.0,0.0,0.0,7,12,255.1,12.0,1393,1505,1263,0.0,0.0,11.0,8.0,36.7,2.0,0.6923076923076923,,,,,,,,-1.8,0.0,52.0,-55.0,14.0,16.0,482.0,0.125,0.07692307692307693,0.0,0.07692307692307693,,1.7299999999999998,0.0,4.035700000000006,1.3888999999999996,1.893500000000003,1.5469000000000008,,0.16225516375659813,2.015409387692734,-4.0,1.0,0.0
193,202404030203,0,0,0,0,17,14,19,171,0,0,0,0,0,0,0,0,3,0,4,28,0,0,0,0,0,0,0,0,1,0,1,5,0,0,0,0,0.0,0.0,110.0,6.0,34.9,1.1,0.5454545454545454,,,,,,,,,,,,,,,,,200.0,0.0,0.0,1,1,94.8,10.0,1627,1405,760,,,,,,,,,,,,,,,,0.0,52.0,42.0,14.0,11.0,400.0,0.09090909090909091,,,,,,,-0.25310000000000343,,,,,,,-3.0,0.0,
194,202404030203,1,2,2,30,0,3,1,34,0,2,1,9,0,0,0,5,0,0,0,5,0,0,0,0,0,0,0,1,0,0,0,2,0,0,0,0,0.0,0.0,140.0,15.0,40.6,3.2,0.6875,0.0,0.0,13.0,14.0,39.6,3.5,0.9333333333333333,0.0,0.0,11.0,10.0,36.5,1.7,0.8571428571428571,-2.5,-2.0,200.0,0.046511627906976744,0.11627906976744186,8,14,118.6,11.0,1401,1034,517,0.0,0.0,6.0,5.0,38.0,0.3,0.25,,,,,,,,-3.4,0.0,55.0,-125.0,14.0,16.0,404.0,0.125,-0.06666666666666667,-0.07142857142857142,0.0,,1.0900000000000005,0.0,2.688900000000004,1.3205000000000027,1.393500000000003,0.3083000000000027,,0.26481017480021624,1.561049326574917,2.0,1.0,0.0
195,202404030203,0,2,2,22,26,24,35,278,0,0,0,0,0,0,0,5,1,1,3,35,0,0,0,0,0,0,0,4,0,0,1,12,0,0,0,0,0.0,0.0,120.0,12.0,37.0,3.4,0.9166666666666666,0.0,0.0,150.0,15.0,41.4,4.8,1.0,0.0,0.0,13.0,11.0,36.0,1.8,1.0,-0.5,6.0,-400.0,0.0,0.16666666666666666,3,4,467.7,13.0,1537,1167,488,0.0,0.0,15.0,15.0,37.8,2.0,0.4375,0.0,0.0,14.0,11.0,36.7,1.7,0.35714285714285715,-0.2,0.0,55.0,-119.0,14.0,12.0,414.0,0.0,0.0,0.0,0.25,-0.07142857142857142,0.4199999999999996,0.0,1.5407999999999973,2.007399999999997,0.8935000000000031,2.3407999999999944,1.2408000000000001,0.28441918777821096,1.899894733926066,0.0,1.0,0.0
196,202404030203,0,0,0,0,10,17,15,204,0,0,0,0,0,0,0,0,1,2,0,30,0,0,0,0,0,0,0,0,0,2,0,11,0,0,0,0,0.0,0.0,100.0,12.0,39.0,2.4,0.75,0.0,0.0,110.0,13.0,38.4,2.7,0.9375,0.0,0.0,70.0,3.0,37.4,1.6,0.16666666666666666,-4.5,0.0,200.0,0.0,0.05555555555555555,3,3,10.5,5.0,1075,1183,1328,0.0,0.0,12.0,10.0,37.2,1.0,0.2222222222222222,0.0,0.0,5.0,12.0,36.6,2.1,0.9285714285714286,-0.3,0.2,55.0,-118.0,14.0,16.0,496.0,-0.0625,-0.125,0.0,0.0,0.0,0.5999999999999993,0.0,1.0889000000000024,0.12049999999999983,-0.26429999999999865,2.093500000000006,1.4935000000000045,0.339073543610852,0.8634813257969153,0.0,2.0,0.0
197,202404030203,1,0,0,2,0,2,1,3,0,0,0,0,0,0,0,1,0,1,0,0,0,0,0,0,0,0,0,1,0,1,0,0,0,0,0,0,0.0,0.0,100.0,8.0,38.2,1.8,0.09090909090909091,,,,,,,,,,,,,,,,,-400.0,0.03125,0.09375,5,8,20.8,8.0,1146,1493,512,,,,,,,,,,,,,,,,0.0,54.0,28.0,14.0,11.0,432.0,0.0,,,,,,,2.7408,,,,,,,0.0,0.0,
198,202404030203,1,1,3,21,11,14,11,155,0,0,0,2,0,0,0,3,1,2,3,30,0,0,0,0,0,0,0,1,1,0,1,13,0,0,0,0,0.0,0.0,8.0,9.0,48.4,8.1,0.3333333333333333,0.0,0.0,14.0,14.0,39.0,3.8,0.7857142857142857,0.0,0.0,12.0,13.0,39.4,5.0,0.7857142857142857,2.0,15.0,100.0,0.0,0.0,6,10,591.1,14.0,1200,1556,324,,,,,,,,,,,,,,,2.0,0.0,52.0,-35.0,14.0,9.0,449.0,0.6666666666666666,0.07142857142857142,0.07142857142857142,,,4.5,0.0,10.808599999999998,3.893500000000003,4.246899999999997,,,0.21325442607213338,4.339994879669278,1.0,1.0,0.0
199,202404030404,16,14,7,123,36,21,22,270,3,2,2,24,4,3,0,21,3,2,1,35,0,0,0,5,1,3,0,8,1,1,1,12,0,0,0,1,0.0,0.0,10.0,2.0,35.3,0.0,0.3888888888888889,0.0,0.0,20.0,5.0,35.5,0.7,0.3333333333333333,0.0,0.0,10.0,3.0,34.5,0.6,0.375,0.5,10.0,0.0,0.2222222222222222,0.5,8,18,1.5,1.0,1657,1428,1317,0.0,0.0,40.0,2.0,35.1,0.1,0.8461538461538461,0.0,0.0,20.0,12.0,38.4,3.0,0.7142857142857143,1.7,0.6,55.0,22.0,18.0,18.0,460.0,-0.1111111111111111,-0.1111111111111111,-0.0625,0.0,0.0,-0.5800000000000004,0.0,0.19350000000000023,0.4253,-0.5747,-0.5499000000000009,2.0683000000000007,0.20809510412392915,1.3617635624439357,0.0,1.0,1.0
200,202404030404,25,23,32,225,10,17,15,204,0,0,0,10,3,2,4,20,1,2,0,30,0,0,0,1,1,1,1,6,0,2,0,11,0,0,0,1,0.0,0.0,3.0,7.0,42.2,2.0,0.2727272727272727,0.0,0.0,5.0,6.0,34.2,0.6,0.8888888888888888,0.0,0.0,3.0,2.0,34.3,0.3,0.4444444444444444,-2.5,-1.0,0.0,0.0625,0.1875,4,8,12.4,3.0,1691,1183,1167,0.0,0.0,3.0,2.0,35.2,0.1,0.3333333333333333,0.0,0.0,12.0,3.0,35.1,0.3,0.5555555555555556,-1.2,0.6,53.0,-47.0,18.0,11.0,425.0,0.09090909090909091,-0.1111111111111111,-0.05555555555555555,0.0,-0.05555555555555555,1.3200000000000003,0.0,4.046200000000006,-0.8746999999999971,-0.8531000000000049,0.09350000000000591,-0.006499999999995509,0.21763868048989618,3.0272099365587457,-1.0,2.0,1.0
201,202404030404,25,20,20,201,7,6,6,84,1,0,0,2,1,2,0,21,0,1,3,12,0,0,0,0,0,1,0,11,0,1,0,4,0,0,0,0,0.0,0.0,110.0,10.0,38.4,2.3,1.0,0.0,0.0,8.0,6.0,34.0,1.0,1.0,0.0,0.0,6.0,5.0,34.8,0.9,0.9,-2.5,4.0,-400.0,0.06,0.36,8,17,24.9,7.0,1506,1503,199,0.0,0.0,4.0,5.0,34.0,0.6,0.9444444444444444,0.0,0.0,7.0,3.0,34.6,0.2,0.7777777777777778,-1.5000000000000002,0.2,55.0,-105.0,18.0,12.0,508.0,-0.08333333333333333,0.0,0.0,0.0,-0.05555555555555555,0.7599999999999995,0.0,-1.2259000000000029,-1.9166000000000025,-0.6592000000000056,-1.0747,-0.5064999999999955,0.0823722355237806,1.6511813952440229,1.0,1.0,1.0
202,202404030404,4,2,4,48,10,15,8,113,0,0,0,1,2,0,2,4,1,1,1,22,0,0,0,1,1,0,1,2,1,1,1,11,0,0,0,1,0.0,0.0,9.0,7.0,34.6,0.6,0.4444444444444444,0.0,0.0,14.0,4.0,35.7,0.4,0.2777777777777778,0.0,0.0,8.0,13.0,34.8,1.5,0.375,3.0,-10.0,200.0,0.16666666666666666,0.16666666666666666,7,14,106.7,14.0,1154,1393,1561,0.0,0.0,6.0,12.0,34.4,1.4,0.5294117647058824,0.0,0.0,3.0,9.0,35.8,0.9,0.16666666666666666,1.2,0.0,54.0,-6.0,18.0,18.0,404.0,-0.05555555555555555,0.0,-0.0625,0.058823529411764705,0.0,-0.10999999999999872,0.0,-0.5531000000000006,0.5935000000000059,-0.3064999999999998,-0.7064999999999984,0.6935000000000002,0.12663767652225694,0.5782732917920387,0.0,4.0,0.0
203,202404030404,16,14,7,123,17,14,19,171,0,0,1,7,4,3,0,21,3,0,4,28,0,0,0,2,1,3,0,8,1,0,1,5,0,0,0,0,0.0,0.0,9.0,5.0,35.4,0.5,0.4444444444444444,0.0,0.0,5.0,16.0,43.2,5.5,0.125,0.0,0.0,6.0,10.0,36.7,1.1,0.1111111111111111,2.5,2.0,0.0,0.06779661016949153,0.2711864406779661,4,7,28.1,9.0,1657,1405,1317,0.0,0.0,7.0,6.0,34.6,1.0,0.5625,,,,,,,,-0.3,0.0,55.0,0.0,18.0,18.0,428.0,0.05555555555555555,0.0,0.0,0.0,,0.8899999999999991,0.0,0.29350000000000165,5.1274000000000015,0.7834000000000003,-0.47469999999999857,,0.19723780992782153,3.3892292634166856,0.0,1.0,0.0
204,202404030404,1,0,0,2,17,14,19,171,0,0,0,0,0,0,0,1,3,0,4,28,0,0,0,0,0,0,0,1,1,0,1,5,0,0,0,0,0.0,0.0,4.0,9.0,37.6,1.5,0.21428571428571427,0.0,0.0,4.0,6.0,35.1,0.6,0.7222222222222222,0.0,0.0,3.0,4.0,35.2,0.4,0.13333333333333333,-2.5,2.0,200.0,0.0,0.11428571428571428,3,6,12.5,4.0,1146,1405,512,0.0,0.0,3.0,7.0,35.3,0.5,0.3125,0.0,0.0,9.0,4.0,34.5,0.3,0.5625,-0.9,0.0,55.0,-20.0,18.0,14.0,426.0,-0.07142857142857142,0.0,0.0,-0.0625,-0.125,0.6000000000000008,0.0,-0.31109999999999616,-0.006499999999995509,0.04690000000000083,0.22529999999999717,-0.5747,0.22040057641519947,1.0669582934679316,4.0,1.0,0.0
205,202404030404,28,22,25,187,1,5,4,52,0,0,0,0,3,3,3,32,0,0,1,7,0,0,0,0,0,1,1,8,0,0,1,2,0,0,0,0,0.0,0.0,60.0,7.0,38.4,2.0,0.25,0.0,0.0,90.0,3.0,35.1,0.6,0.4444444444444444,0.0,0.0,80.0,7.0,37.0,1.1,0.5,0.0,6.0,-200.0,0.11764705882352941,0.11764705882352941,6,12,25.6,8.0,1098,1506,1294,0.0,0.0,70.0,11.0,35.7,1.8,0.5294117647058824,0.0,0.0,90.0,6.0,39.4,3.0,0.5,0.6,0.2,57.0,98.0,18.0,16.0,458.0,-0.0625,-0.05555555555555555,0.0,0.058823529411764705,0.08333333333333333,-0.2600000000000001,0.0,0.32739999999999725,0.025300000000001432,0.6251000000000033,-0.21659999999999968,1.3273999999999972,0.10119327350297054,1.6092234151913136,0.0,0.0,
206,202404030404,3,0,2,36,19,20,16,230,0,0,0,0,1,0,1,10,3,1,0,27,0,0,0,0,1,0,0,6,0,0,0,8,0,0,0,0,0.0,0.0,6.0,9.0,43.9,5.2,0.2222222222222222,0.0,0.0,5.0,8.0,35.7,0.7,0.4444444444444444,0.0,0.0,14.0,6.0,33.7,1.1,0.8888888888888888,-1.5,-2.0,-100.0,0.0,0.0,2,3,17.2,5.0,1704,1013,1712,0.0,0.0,11.0,14.0,39.0,2.4,0.9375,0.0,0.0,3.0,12.0,38.1,2.1,0.8125,1.2,0.0,52.0,-56.0,18.0,9.0,418.0,0.5555555555555556,0.0,0.05555555555555555,0.0,0.0625,0.8299999999999997,0.0,,0.5935000000000059,-1.406499999999994,1.5822999999999965,0.18890000000000384,0.2795568031238723,3.4516083207687385,-2.0,2.0,0.0
207,202404030404,14,18,22,177,0,0,0,7,0,0,0,0,2,2,4,18,0,0,0,0,0,0,0,0,0,0,1,6,0,0,0,0,0,0,0,0,0.0,0.0,2.0,9.0,36.2,0.7,0.16666666666666666,0.0,0.0,6.0,4.0,36.0,0.4,0.16666666666666666,0.0,0.0,7.0,5.0,34.6,0.9,0.5555555555555556,-2.0,0.0,0.0,0.047619047619047616,0.07142857142857142,5,9,8.4,2.0,1152,1654,1428,0.0,0.0,2.0,7.0,37.2,0.8,0.125,0.0,0.0,9.0,3.0,35.0,0.3,0.05555555555555555,-0.9,0.2,57.0,0.0,18.0,18.0,508.0,0.0,0.0,0.0,0.0,0.0,0.12000000000000029,0.0,1.093500000000006,0.8935000000000031,-0.5531000000000006,1.7408000000000001,-0.07469999999999999,0.1755942292142123,0.9208691546577078,0.0,2.0,0.0
208,202404030404,16,14,7,123,2,0,1,8,0,0,0,1,4,3,0,21,0,0,0,0,0,0,0,0,1,3,0,8,0,0,0,0,0,0,0,0,0.0,0.0,60.0,10.0,34.6,1.6,0.9375,,,,,,,,,,,,,,,,,-200.0,0.03571428571428571,0.07142857142857142,7,13,58.8,11.0,1657,314,1317,,,,,,,,,,,,,,,,0.0,55.0,183.0,18.0,16.0,418.0,0.0,,,,,,,-0.47469999999999857,,,,,,,1.0,0.0,
209,202404030404,4,4,6,45,3,3,3,16,0,0,0,0,1,0,2,6,2,1,0,3,0,0,0,0,0,0,2,3,1,0,0,0,0,0,0,0,0.0,0.0,17.0,11.0,35.7,1.0,0.6111111111111112,0.0,0.0,15.0,12.0,34.2,1.5,0.6666666666666666,0.0,0.0,16.0,12.0,32.9,1.0,0.9375,0.5,6.0,0.0,0.0,0.11764705882352941,5,10,288.0,17.0,1399,1360,1428,0.0,0.0,11.0,13.0,35.8,1.3,0.8125,,,,,,,,0.6,0.0,55.0,0.0,18.0,18.0,382.0,0.0,0.13333333333333333,,-0.0625,,0.10000000000000213,0.0,0.5935000000000059,-0.9064999999999941,-0.6433999999999997,0.6468999999999951,,0.12757759076995717,1.1926860441876563,0.0,2.0,0.0
210,202404030404,3,5,1,20,1,3,2,18,0,0,0,3,0,1,0,1,0,0,0,2,0,0,0,0,0,0,0,0,0,0,0,2,0,0,0,0,0.0,0.0,50.0,7.0,36.4,0.8,0.05555555555555555,0.0,0.0,20.0,8.0,36.1,1.4,0.875,0.0,0.0,60.0,4.0,35.6,0.2,0.07142857142857142,-1.5,2.0,200.0,0.08108108108108109,0.32432432432432434,7,15,18.7,6.0,1676,1691,1428,,,,,,,,,,,,,,,-1.5,0.0,55.0,175.0,18.0,18.0,446.0,0.0,-0.6875,0.0,,,0.3999999999999986,0.0,0.5837999999999965,1.0253000000000014,0.5253000000000014,,,0.38260339067152027,0.3299831645537211,0.0,0.0,
211,202404030404,3,3,3,60,2,1,1,14,0,0,0,0,1,0,0,8,1,0,0,0,0,0,0,0,1,0,0,4,0,0,0,0,0,0,0,0,0.0,0.0,2.0,6.0,40.2,2.8,0.2727272727272727,0.0,0.0,12.0,13.0,37.2,1.2,0.1111111111111111,0.0,0.0,13.0,3.0,34.9,0.3,0.26666666666666666,-1.5,12.0,0.0,0.023809523809523808,0.023809523809523808,8,16,68.1,12.0,1729,1665,1428,0.0,0.0,14.0,5.0,34.8,0.8,0.5,0.0,0.0,17.0,17.0,37.9,3.1,0.17647058823529413,1.4,0.2,55.0,-44.0,18.0,11.0,440.0,0.09090909090909091,0.0,-0.06666666666666667,0.0,-0.058823529411764705,0.7000000000000014,0.0,1.920500000000004,2.093500000000006,-0.25310000000000343,-0.35310000000000485,2.8252999999999986,0.1317618721502959,2.016928357676595,1.0,1.0,0.0
212,202404030404,7,8,7,70,1,5,4,52,0,0,0,1,0,2,0,17,0,0,1,7,0,0,0,0,0,2,0,9,0,0,1,2,0,0,0,0,0.0,0.0,8.0,6.0,40.7,1.2,0.25,0.0,0.0,15.0,14.0,36.2,1.4,0.5555555555555556,0.0,0.0,14.0,12.0,36.2,1.8,0.1111111111111111,3.0,3.0,-300.0,0.10810810810810811,0.21621621621621623,1,1,200.4,15.0,1677,1506,1167,0.0,0.0,10.0,12.0,36.0,1.4,0.25,0.0,0.0,13.0,13.0,39.1,2.3,0.75,1.2,0.0,55.0,-60.0,18.0,12.0,439.0,0.0,-0.05555555555555555,0.05555555555555555,0.0,0.125,0.3400000000000006,0.0,1.3074000000000012,1.093500000000006,1.1253000000000029,0.5407999999999973,1.682299999999998,0.2339937743183632,1.9147845831842287,1.0,1.0,0.0
213,202404030404,0,0,0,5,2,8,5,55,0,0,0,0,0,0,0,2,0,0,0,8,0,0,0,0,0,0,0,1,0,0,0,1,0,0,0,0,0.0,0.0,16.0,15.0,36.2,1.6,0.6111111111111112,0.0,0.0,13.0,9.0,34.9,0.7,0.875,0.0,0.0,15.0,9.0,35.3,0.9,0.9375,-3.0,0.0,0.0,0.06666666666666667,0.3333333333333333,6,11,274.6,16.0,1591,1713,464,0.0,0.0,15.0,11.0,34.8,1.2,0.875,0.0,0.0,11.0,7.0,34.9,1.0,0.6428571428571429,-1.4,0.0,55.0,0.0,18.0,18.0,438.0,0.0,-0.0625,-0.0625,0.125,-0.14285714285714285,0.270000000000001,0.0,1.093500000000006,-0.25310000000000343,0.19350000000000023,-0.27470000000000283,-0.1747000000000014,0.13404771302636567,0.5192301994298886,0.0,2.0,0.0
214,202404030404,5,8,6,143,1,3,2,18,0,0,0,0,0,3,0,22,0,0,0,2,0,0,0,0,0,1,0,4,0,0,0,2,0,0,0,0,0.0,0.0,10.0,16.0,35.9,1.6,0.7777777777777778,0.0,0.0,9.0,7.0,36.3,0.9,0.625,0.0,0.0,11.0,5.0,37.2,0.7,0.75,-5.5,-6.0,0.0,0.0,0.5,2,4,52.4,10.0,1090,1691,1169,0.0,0.0,7.0,4.0,37.8,0.8,0.4,0.0,0.0,7.0,12.0,38.7,2.4,0.3125,-1.1,0.0,53.0,0.0,18.0,18.0,474.0,0.05555555555555555,-0.0625,-0.125,0.0,0.0,-0.7100000000000009,0.0,0.7935000000000016,-0.528100000000002,0.37190000000000367,-0.11110000000000042,0.4205000000000041,0.18641683016267935,1.0107423014794634,0.0,1.0,0.0
215,202404030404,4,3,2,14,17,14,19,171,0,0,0,2,0,0,1,3,3,0,4,28,0,0,0,0,0,0,1,1,1,0,1,5,0,0,0,0,0.0,0.0,18.0,17.0,38.4,3.3,0.3333333333333333,0.0,0.0,11.0,16.0,42.0,4.9,0.25,0.0,0.0,9.0,8.0,33.7,0.6,0.4375,-4.5,-2.0,0.0,0.0,0.08,3,5,557.0,18.0,1540,1405,1036,0.0,0.0,15.0,12.0,35.7,1.5,0.8333333333333334,0.0,0.0,12.0,13.0,36.5,1.4,0.3076923076923077,-1.2,0.0,53.0,0.0,18.0,18.0,402.0,0.05555555555555555,0.125,,0.05555555555555555,0.0,1.0099999999999993,0.0,3.2935000000000016,3.7205000000000013,0.1566000000000045,0.3346000000000018,1.4253,0.2094800786544086,2.8089855820206684,0.0,1.0,0.0
216,202404030404,3,1,0,17,36,21,22,270,1,0,0,3,0,0,0,3,3,2,1,35,0,0,0,0,0,0,0,2,1,1,1,12,0,0,0,0,0.0,0.0,13.0,18.0,39.7,6.1,1.0,0.0,0.0,10.0,15.0,34.7,1.7,0.7222222222222222,0.0,0.0,5.0,13.0,36.8,2.9,0.75,-2.5,0.0,0.0,0.0975609756097561,0.24390243902439024,1,2,85.5,13.0,1434,1428,969,0.0,0.0,8.0,9.0,41.2,2.5,0.21428571428571427,0.0,0.0,7.0,7.0,38.5,0.9,0.4166666666666667,-2.8,0.0,55.0,0.0,18.0,18.0,442.0,0.0,-0.2777777777777778,0.125,-0.07142857142857142,-0.16666666666666666,-0.4099999999999994,0.0,4.593500000000006,-0.7591999999999999,-0.8643000000000001,1.9906000000000006,3.0407999999999973,0.2748439168590361,2.26044243456895,0.0,1.0,0.0
217,202404030511,16,14,7,123,10,15,8,113,0,0,0,2,4,3,0,21,1,1,1,22,0,0,0,0,0,0,0,3,0,0,0,3,0,0,0,0,0.0,0.0,100.0,11.0,33.4,1.0,0.8,0.0,0.0,80.0,9.0,34.1,0.8,1.0,0.0,0.0,30.0,4.0,33.6,0.2,0.5,-3.5,-2.0,0.0,0.0625,0.3125,2,2,8.9,5.0,1657,1393,1317,0.0,0.0,10.0,1.0,35.0,0.0,0.16666666666666666,0.0,0.0,30.0,5.0,34.8,0.4,0.2,-2.0,0.2,57.0,105.0,13.0,15.0,492.0,0.0,-0.0625,0.0,0.0,0.1,-0.36999999999999955,0.0,-1.7064999999999984,-1.7162000000000006,-1.5531000000000006,-0.10649999999999693,-0.27470000000000283,0.3272783388968954,0.633719180710194,0.0,2.0,0.5
218,202404030511,1,4,5,38,7,6,6,84,0,0,1,1,0,2,3,9,0,1,3,12,0,0,1,0,0,1,1,0,0,0,2,1,0,0,1,0,0.0,0.0,10.0,8.0,34.3,0.5,0.7,0.0,0.0,160.0,15.0,35.7,1.6,0.1111111111111111,0.0,0.0,130.0,14.0,34.2,1.3,0.8333333333333334,3.0,-2.0,200.0,0.10526315789473684,0.21052631578947367,1,1,5.2,3.0,1467,1503,336,0.0,0.0,60.0,2.0,33.9,0.0,0.9285714285714286,0.0,0.0,10.0,1.0,34.4,0.0,0.18181818181818182,-2.7,0.4,52.0,34.0,13.0,10.0,492.0,0.0,0.0,0.0,-0.14285714285714285,0.0,0.16000000000000014,0.0,-0.8531000000000049,0.6253000000000029,-0.8746999999999971,-1.1747000000000014,-0.7531000000000034,0.33890138350881815,0.6228964600958988,0.0,0.0,
219,202404030511,16,14,7,123,17,14,19,171,0,0,1,7,4,3,0,21,3,0,4,28,0,0,0,2,0,0,0,3,0,0,1,8,0,0,0,1,0.0,0.0,9.0,3.0,34.6,0.4,0.3076923076923077,0.0,0.0,11.0,17.0,38.4,3.0,0.2222222222222222,0.0,0.0,4.0,4.0,34.2,0.2,0.4375,0.5,0.0,0.0,0.0,0.21052631578947367,6,9,25.5,9.0,1657,1405,1317,0.0,0.0,6.0,6.0,34.8,0.4,0.1111111111111111,0.0,0.0,7.0,8.0,34.3,0.5,0.29411764705882354,-0.1,0.2,55.0,0.0,13.0,13.0,496.0,0.0,0.2222222222222222,-0.0625,0.0,0.0,0.420000000000001,0.0,-0.5064999999999955,2.0383999999999958,-1.1653999999999982,-0.3064999999999998,-0.8064999999999998,0.10722357233509688,1.5844241856270682,0.0,4.0,0.25
220,202404030511,52,46,42,354,2,1,1,7,1,0,0,3,3,2,2,36,1,0,0,3,1,0,0,3,1,1,1,20,0,0,0,3,0,0,0,3,0.0,0.0,40.0,2.0,32.6,0.0,0.5555555555555556,0.0,0.0,110.0,8.0,35.0,0.4,0.5333333333333333,0.0,0.0,40.0,5.0,34.6,0.6,0.7857142857142857,1.5,-4.0,0.0,0.11428571428571428,0.11428571428571428,4,4,5.6,4.0,1428,156,1263,0.0,0.0,150.0,4.0,33.9,0.2,0.7647058823529411,0.0,0.0,90.0,2.0,33.4,0.2,0.6666666666666666,-0.4,0.4,57.0,90.0,13.0,18.0,506.0,-0.1111111111111111,-0.13333333333333333,-0.07142857142857142,-0.058823529411764705,0.0,-0.04999999999999929,0.0,-2.5064999999999955,-1.3748999999999967,-0.47469999999999857,-1.2064999999999984,-1.7064999999999984,0.10368972219231311,0.8532291603080616,1.0,3.0,0.6666666666666666
221,202404030511,17,19,16,123,0,0,0,1,0,0,0,1,3,3,4,21,0,0,0,1,0,0,0,1,0,0,1,1,0,0,0,1,0,0,0,1,0.0,0.0,60.0,7.0,33.8,0.8,0.625,0.0,0.0,10.0,3.0,32.9,0.1,0.5555555555555556,0.0,0.0,70.0,4.0,33.2,0.3,0.45454545454545453,-1.5,-2.0,0.0,0.029411764705882353,0.17647058823529413,5,7,5.0,2.0,1463,591,1167,0.0,0.0,110.0,5.0,34.0,0.2,0.5,0.0,0.0,50.0,9.0,33.1,0.7,0.6111111111111112,0.6,0.2,56.0,62.0,13.0,16.0,442.0,0.125,-0.1111111111111111,-0.09090909090909091,0.05555555555555555,0.0,0.029999999999999007,0.0,-1.7621000000000038,-2.2064999999999984,-1.8746999999999971,-1.106499999999997,-2.0531000000000006,0.06480606876143158,0.42426406871192784,1.0,3.0,0.3333333333333333
222,202404030511,17,19,16,123,0,0,0,1,0,0,0,1,3,3,4,21,0,0,0,1,0,0,0,1,0,0,1,1,0,0,0,0,0,0,0,0,0.0,0.0,180.0,11.0,34.2,0.9,0.8333333333333334,0.0,0.0,17.0,5.0,34.0,0.1,0.5,0.0,0.0,18.0,17.0,35.3,1.4,0.8333333333333334,3.0,0.0,-200.0,0.025,0.2,8,12,155.9,13.0,1463,289,1167,0.0,0.0,16.0,17.0,33.2,1.3,1.0,0.0,0.0,13.0,6.0,34.0,0.5,0.7692307692307693,0.2,0.0,55.0,-91.0,13.0,18.0,458.0,-0.05555555555555555,0.0,-0.1111111111111111,0.0,0.0,0.12000000000000029,0.0,-0.8746999999999971,-1.106499999999997,0.19350000000000023,-1.9530999999999992,-1.106499999999997,0.1626942777355416,0.6740919818541069,0.0,3.0,0.0
223,202404030511,0,0,0,0,1,0,1,4,0,0,0,0,0,0,0,0,0,0,0,1,0,0,0,0,0,0,0,0,0,0,0,1,0,0,0,0,0.0,0.0,60.0,3.0,33.8,0.1,0.4375,0.0,0.0,160.0,11.0,36.3,1.5,0.9444444444444444,0.0,0.0,160.0,12.0,34.8,1.1,0.8333333333333334,4.5,-14.0,200.0,0.06666666666666667,0.26666666666666666,5,6,13.2,7.0,684,114,429,0.0,0.0,170.0,10.0,34.7,0.8,0.3333333333333333,0.0,0.0,110.0,11.0,35.0,1.4,0.75,1.5,0.2,57.0,41.0,13.0,16.0,496.0,0.0,-0.05555555555555555,0.05555555555555555,0.1111111111111111,-0.25,-0.08000000000000114,0.0,-1.3531000000000049,-0.06160000000000565,-0.27470000000000283,-0.4064999999999941,-0.4592000000000027,0.23463591444124451,0.8034923770640264,0.0,2.0,0.0
224,202404030511,14,14,11,127,1,1,0,10,1,0,0,1,3,1,0,12,0,0,0,1,0,0,0,0,0,0,0,0,0,0,0,0,0,0,0,0,0.0,0.0,50.0,4.0,33.0,0.2,0.3888888888888889,0.0,0.0,140.0,11.0,35.4,1.2,0.8888888888888888,0.0,0.0,100.0,5.0,32.2,0.3,0.6875,0.5,-8.0,400.0,0.03571428571428571,0.21428571428571427,7,10,37.3,10.0,1736,1332,1482,0.0,0.0,80.0,8.0,32.7,0.8,1.0,0.0,0.0,150.0,13.0,34.4,1.4,0.7222222222222222,1.5,0.0,58.0,27.0,13.0,18.0,472.0,,-0.1111111111111111,,-0.07692307692307693,-0.05555555555555555,-0.010000000000000142,0.0,-0.5433999999999983,-0.41620000000000346,-1.3433999999999955,-2.453099999999999,-0.7531000000000034,0.20788841380075176,1.182539639927557,1.0,0.0,
225,202404030511,0,0,0,0,2,3,3,25,0,0,0,0,0,0,0,0,0,0,0,2,0,0,0,0,0,0,0,0,0,0,0,1,0,0,0,0,0.0,0.0,140.0,5.0,33.8,0.5,0.4375,0.0,0.0,130.0,14.0,33.0,0.5,0.7222222222222222,0.0,0.0,120.0,11.0,34.7,0.7,0.4375,3.0,0.0,0.0,0.030303030303030304,0.09090909090909091,7,11,43.0,11.0,380,577,891,0.0,0.0,80.0,9.0,34.0,0.8,0.5555555555555556,0.0,0.0,130.0,14.0,34.0,0.8,0.5333333333333333,1.3,0.0,57.0,62.0,13.0,16.0,538.0,0.0,0.1111111111111111,-0.1875,-0.1111111111111111,0.06666666666666667,-0.14000000000000057,0.0,-1.7621000000000038,-2.106499999999997,-0.37469999999999715,-1.6499000000000024,-1.0747,0.10436980193310494,0.5440588203494187,4.0,2.0,0.0
226,202404030511,12,13,10,117,6,10,14,159,1,0,1,4,2,1,1,15,2,1,3,21,1,0,1,1,0,1,0,3,1,0,1,3,0,0,0,1,0.0,0.0,18.0,13.0,34.3,0.7,0.6111111111111112,0.0,0.0,11.0,11.0,35.2,1.0,0.6666666666666666,0.0,0.0,6.0,10.0,34.7,0.8,0.38461538461538464,-1.5,0.0,0.0,0.058823529411764705,0.37254901960784315,3,3,11.4,6.0,1304,1558,1503,0.0,0.0,13.0,13.0,35.4,1.6,0.1875,0.0,0.0,12.0,5.0,34.1,0.2,0.4666666666666667,-1.4,0.0,55.0,-78.0,13.0,18.0,482.0,0.0,0.05555555555555555,0.07692307692307693,0.0,0.0,0.019999999999999574,0.0,-0.8064999999999998,0.09350000000000591,-0.4064999999999941,0.10869999999999891,-0.9746999999999986,0.17057219474801769,0.5003998401278724,2.0,4.0,0.0
227,202404030511,26,18,25,201,6,8,13,100,0,0,2,4,7,3,4,45,0,1,1,15,0,0,0,2,0,0,0,7,0,0,0,0,0,0,0,0,0.0,0.0,30.0,5.0,33.7,0.2,0.5625,0.0,0.0,60.0,6.0,32.9,0.7,0.7692307692307693,0.0,0.0,40.0,3.0,34.0,0.3,0.8125,-1.0,-8.0,200.0,0.0,0.13636363636363635,6,8,14.7,8.0,1393,1306,1263,0.0,0.0,120.0,7.0,33.9,0.9,0.7222222222222222,0.0,0.0,40.0,5.0,34.0,0.1,0.625,0.1,0.2,58.0,41.0,13.0,16.0,472.0,-0.125,-0.07692307692307693,0.0,-0.05555555555555555,0.0,-0.15999999999999942,0.0,-1.4530999999999992,-2.2531000000000034,-1.153100000000002,-1.2531000000000034,-1.153100000000002,0.09215163188762023,0.4147288270665548,0.0,0.0,
228,202404030511,28,22,25,187,26,24,35,278,4,2,4,17,3,3,3,32,1,1,3,35,1,1,1,3,1,1,1,2,0,0,0,4,0,0,0,0,0.0,0.0,12.0,12.0,34.4,1.3,1.0,0.0,0.0,9.0,11.0,34.0,1.1,0.9333333333333333,0.0,0.0,13.0,10.0,35.9,0.5,0.75,-1.0,4.0,0.0,0.07894736842105263,0.3157894736842105,4,5,80.3,12.0,1098,1167,1294,0.0,0.0,11.0,14.0,33.8,1.3,1.0,0.0,0.0,5.0,1.0,34.1,0.0,0.9333333333333333,-1.9,0.2,55.0,0.0,13.0,13.0,432.0,0.0,0.0,0.125,0.0,-0.13333333333333333,0.07999999999999971,0.0,-0.7064999999999984,-1.0747,0.16259999999999764,-1.2747000000000028,-0.9746999999999986,0.0916515138991168,0.7552483035399681,0.0,1.0,0.0
229,202404030511,44,30,32,272,4,3,5,49,0,0,0,0,9,5,3,49,1,2,2,11,0,0,0,0,2,0,0,7,0,0,0,1,0,0,0,0,0.0,0.0,70.0,2.0,33.9,0.1,0.1875,0.0,0.0,90.0,8.0,34.5,0.6,0.06666666666666667,0.0,0.0,110.0,1.0,35.0,0.0,0.13333333333333333,-0.5,2.0,0.0,0.043478260869565216,0.08695652173913043,8,13,4.2,1.0,1716,1599,1167,0.0,0.0,120.0,13.0,37.5,1.7,0.1111111111111111,0.0,0.0,90.0,13.0,40.0,2.2,0.5,2.7,0.4,58.0,62.0,13.0,16.0,470.0,0.0,0.0,0.0,0.0,0.0,-1.5200000000000002,0.0,-1.6621000000000024,-0.6064999999999969,-0.07469999999999999,1.1383999999999972,1.7205000000000013,0.15509952997198562,2.269273011340857,1.0,3.0,0.3333333333333333
230,202404030801,0,0,1,1,26,24,35,278,0,0,0,0,0,0,0,0,1,1,3,35,0,0,0,0,0,0,0,0,0,0,1,12,0,0,0,0,0.0,0.0,70.0,4.0,36.0,0.6,0.6428571428571429,0.0,0.0,40.0,4.0,35.7,0.6,0.2727272727272727,,,,,,,,0.0,-6.0,0.0,0.0,0.25,6,8,10.5,5.0,1261,1167,387,,,,,,,,,,,,,,,0.0,0.0,51.0,21.0,12.0,14.0,454.0,0.0,0.09090909090909091,,,,0.29999999999999716,0.0,0.8935000000000031,0.5469000000000008,,,,0.1850649350649351,0.14999999999999858,0.0,1.0,0.0
231,202404030801,0,0,0,4,1,0,0,5,0,0,0,0,0,0,0,0,0,0,0,0,0,0,0,0,0,0,0,0,0,0,0,0,0,0,0,0,0.0,0.0,30.0,3.0,34.6,0.3,0.5555555555555556,0.0,0.0,10.0,2.0,34.0,0.0,0.875,,,,,,,,-1.0,-10.0,200.0,0.15217391304347827,0.45652173913043476,4,4,2.5,1.0,1630,1009,1428,,,,,,,,,,,,,,,-1.0,1.0,55.0,29.0,12.0,9.0,428.0,0.1111111111111111,-0.125,,,,0.6000000000000014,0.0,-0.5531000000000006,-1.153100000000002,,,,0.1597222222222222,0.3000000000000007,0.0,0.0,
232,202404030801,0,0,0,0,26,24,35,278,0,0,0,0,0,0,0,0,1,1,3,35,0,0,0,0,0,0,0,0,0,0,1,12,0,0,0,0,0.0,0.0,90.0,2.0,35.8,0.7,0.3888888888888889,,,,,,,,,,,,,,,,,0.0,0.05660377358490566,0.37735849056603776,5,6,6.9,4.0,1550,1167,32,,,,,,,,,,,,,,,,1.0,55.0,22.0,12.0,18.0,426.0,-0.05555555555555555,,,,,,,0.6935000000000002,,,,,,,0.0,1.0,1.0
233,202404030801,4,4,4,37,1,3,2,18,0,0,0,1,1,1,3,7,0,0,0,2,0,0,0,0,0,0,2,2,0,0,0,2,0,0,0,0,0.0,0.0,30.0,2.0,35.9,0.2,0.25,0.0,0.0,70.0,2.0,35.0,1.1,0.6,,,,,,,,0.0,0.0,200.0,0.038461538461538464,0.15384615384615385,7,9,4.3,3.0,1064,1691,1556,,,,,,,,,,,,,,,0.0,1.0,55.0,57.0,12.0,8.0,426.0,0.0,0.0,,,,0.8999999999999986,0.0,0.7468999999999966,-0.5621000000000009,,,,0.175,0.4499999999999993,0.0,1.0,1.0
234,202404030801,0,0,0,0,0,0,0,17,0,0,0,0,0,0,0,0,0,0,0,4,0,0,0,0,0,0,0,0,0,0,0,2,0,0,0,0,0.0,0.0,90.0,7.0,36.0,0.7,0.38461538461538464,0.0,0.0,20.0,6.0,36.2,1.1,0.18181818181818182,,,,,,,,-1.0,-8.0,200.0,0.0975609756097561,0.17073170731707318,3,3,18.7,6.0,1382,1561,707,,,,,,,,,,,,,,,-1.0,0.0,55.0,42.0,12.0,13.0,466.0,0.23076923076923078,0.0,,,,-0.20000000000000284,0.0,0.846899999999998,1.0469000000000008,,,,0.1013986013986014,0.10000000000000142,0.0,0.0,
235,202404030801,0,0,0,0,26,24,35,278,0,0,0,0,0,0,0,0,1,1,3,35,0,0,0,0,0,0,0,0,0,0,1,12,0,0,0,0,0.0,0.0,50.0,2.0,34.5,1.2,0.8571428571428571,0.0,0.0,40.0,4.0,34.5,0.9,0.6666666666666666,,,,,,,,2.0,10.0,-200.0,0.06451612903225806,0.25806451612903225,1,1,3.2,2.0,1627,1167,760,,,,,,,,,,,,,,,2.0,0.5,55.0,29.0,12.0,7.0,462.0,-0.2857142857142857,0.08333333333333333,,,,0.0,0.0,-0.5747,-0.6064999999999969,,,,0.09523809523809523,0.0,0.0,1.0,0.0
236,202404030801,0,0,0,0,10,17,15,204,0,0,0,0,0,0,0,0,1,2,0,30,0,0,0,0,0,0,0,0,0,2,0,11,0,0,0,0,0.0,0.0,70.0,7.0,36.0,2.1,0.8571428571428571,0.0,0.0,70.0,7.0,35.7,1.8,1.0,0.0,0.0,50.0,4.0,35.4,1.8,1.0,-1.5,4.0,200.0,0.0,0.14285714285714285,6,7,309.9,12.0,1101,1183,1127,0.0,0.0,70.0,6.0,37.5,3.0,0.8571428571428571,,,,,,,,-0.6,0.0,55.0,21.0,12.0,7.0,404.0,0.0,0.0,0.0,0.0,,-0.4199999999999996,0.0,0.846899999999998,0.5469000000000008,0.24689999999999657,1.0589000000000013,,0.07142857142857145,0.8077747210701756,3.0,0.0,
237,202404030801,4,3,5,43,1,3,2,18,0,0,0,0,0,1,2,12,0,0,0,2,0,0,0,0,0,1,0,5,0,0,0,2,0,0,0,0,0.0,0.0,50.0,5.0,35.5,1.8,0.8571428571428571,,,,,,,,,,,,,,,,,200.0,0.0,0.0,7,10,212.7,9.0,1534,1691,1235,,,,,,,,,,,,,,,,0.0,55.0,77.0,12.0,7.0,438.0,0.0,,,,,,,0.346899999999998,,,,,,,4.0,0.0,
238,202404030801,0,0,1,3,6,9,4,99,0,0,0,0,0,0,0,0,0,1,2,18,0,0,0,0,0,0,0,0,0,0,0,6,0,0,0,0,0.0,0.0,160.0,13.0,39.3,2.9,0.6875,0.0,0.0,13.0,12.0,38.0,2.2,1.0,0.0,0.0,11.0,9.0,37.2,3.1,0.3333333333333333,-2.0,4.0,250.0,0.0,0.07692307692307693,5,5,272.8,11.0,1038,1366,489,0.0,0.0,14.0,12.0,38.8,3.7,0.9285714285714286,,,,,,,,-0.6,0.0,53.0,-77.0,12.0,16.0,476.0,0.0625,0.0,0.0,0.0,,0.2299999999999997,0.0,1.476699999999994,0.08890000000000242,2.093500000000006,0.8888999999999996,,0.2604156037393274,0.7980444849756161,-3.0,1.0,0.0
239,202404030801,10,15,15,122,5,7,3,75,0,0,0,1,0,0,0,9,1,0,0,11,0,0,0,0,0,0,0,4,1,0,0,6,0,0,0,0,0.0,0.0,90.0,6.0,35.5,1.1,0.75,,,,,,,,,,,,,,,,,200.0,0.0,0.0,8,11,74.8,7.0,1222,1036,1328,,,,,,,,,,,,,,,,0.0,52.0,57.0,12.0,12.0,398.0,0.0,,,,,,,0.346899999999998,,,,,,,0.0,0.0,
240,202404030801,3,0,2,36,6,9,4,99,0,0,0,0,1,0,1,10,0,1,2,18,0,0,0,0,1,0,0,6,0,0,0,6,0,0,0,0,0.0,0.0,11.0,13.0,34.9,2.6,0.9285714285714286,0.0,0.0,14.0,12.0,37.6,3.5,1.0,0.0,0.0,10.0,11.0,36.8,3.1,0.5833333333333334,-1.0,0.0,400.0,0.045454545454545456,0.11363636363636363,8,12,222.0,10.0,1704,1366,1712,0.0,0.0,6.0,7.0,35.7,2.6,0.42857142857142855,0.0,0.0,12.0,6.0,36.2,1.6,0.9230769230769231,-1.9,0.0,55.0,-48.0,12.0,14.0,442.0,,0.0,0.16666666666666666,0.14285714285714285,-0.15384615384615385,-0.07000000000000099,0.0,1.3566000000000003,-0.22109999999999985,1.6935000000000002,0.6253000000000029,1.0469000000000008,0.2248815771879434,0.9221713506718804,-1.0,1.0,0.0
241,202404030801,4,4,4,37,0,0,0,0,0,0,0,0,1,1,3,7,0,0,0,0,0,0,0,0,0,0,2,2,0,0,0,0,0,0,0,0,0.0,0.0,8.0,12.0,36.7,3.3,1.0,0.0,0.0,12.0,11.0,35.8,1.8,0.9230769230769231,,,,,,,,-1.0,6.0,0.0,0.10256410256410256,0.23076923076923078,2,2,193.5,8.0,1064,1098,1556,,,,,,,,,,,,,,,-1.0,0.0,55.0,0.0,12.0,12.0,406.0,-0.08333333333333333,0.0,,,,0.9000000000000057,0.0,1.593500000000006,0.7252999999999972,,,,0.038461538461538436,0.45000000000000284,0.0,1.0,0.0
242,202404030806,0,0,0,0,0,0,0,0,0,0,0,0,0,0,0,0,0,0,0,0,0,0,0,0,0,0,0,0,0,0,0,0,0,0,0,0,,,,,,,,,,,,,,,,,,,,,,,,,0.25,0.55,4,8,1.6,1.0,90,983,779,,,,,,,,,,,,,,,,,55.0,,16.0,,,,,,,,,,,,,,,,,,0.0,
243,202404030806,0,0,0,0,0,0,0,0,0,0,0,0,0,0,0,0,0,0,0,0,0,0,0,0,0,0,0,0,0,0,0,0,0,0,0,0,,,,,,,,,,,,,,,,,,,,,,,,,0.11363636363636363,0.18181818181818182,3,6,12.3,4.0,90,426,779,,,,,,,,,,,,,,,,,55.0,,16.0,,,,,,,,,,,,,,,,,,0.0,
244,202404030806,2,0,0,16,36,21,22,270,0,0,0,1,0,0,0,5,3,2,1,35,0,0,0,0,0,0,0,1,1,1,0,9,0,0,0,0,,,,,,,,,,,,,,,,,,,,,,,,,0.05555555555555555,0.2222222222222222,2,3,4.5,2.0,1699,1428,1313,,,,,,,,,,,,,,,,,55.0,,16.0,,,,,,,,,,,,,,,,,,0.0,
245,202404030806,0,2,2,40,8,16,8,124,0,0,0,1,0,1,0,5,0,3,1,17,0,0,0,0,0,1,0,0,0,1,0,1,0,0,0,0,,,,,,,,,,,,,,,,,,,,,,,,,0.023255813953488372,0.023255813953488372,8,15,15.8,5.0,1507,1559,593,,,,,,,,,,,,,,,,,55.0,,16.0,,,,,,,,,,,,,,,,,,0.0,
246,202404030806,5,10,7,122,3,2,3,36,1,0,0,0,1,3,4,20,2,0,1,5,1,0,0,0,1,0,3,4,1,0,0,0,1,0,0,0,,,,,,,,,,,,,,,,,,,,,,,,,0.06349206349206349,0.25396825396825395,8,16,18.1,6.0,1172,1313,1556,,,,,,,,,,,,,,,,,55.0,,16.0,,,,,,,,,,,,,,,,,,0.0,
247,202404030806,28,22,25,187,0,0,0,0,0,0,0,0,3,3,3,32,0,0,0,0,0,0,0,0,1,1,0,8,0,0,0,0,0,0,0,0,,,,,,,,,,,,,,,,,,,,,,,,,0.07142857142857142,0.21428571428571427,7,14,7.9,3.0,1098,755,1294,,,,,,,,,,,,,,,,,55.0,,16.0,,,,,,,,,,,,,,,,,,0.0,
248,202404030806,4,3,2,14,5,6,7,46,0,0,0,0,0,0,1,3,0,0,0,5,0,0,0,0,0,0,0,2,0,0,0,2,0,0,0,0,,,,,,,,,,,,,,,,,,,,,,,,,0.0,0.07407407407407407,6,12,187.4,14.0,1540,1589,1036,,,,,,,,,,,,,,,,,53.0,,16.0,,,,,,,,,,,,,,,,,,0.0,
249,202404030806,0,0,0,6,36,21,22,270,0,0,0,0,0,0,0,2,3,2,1,35,0,0,0,0,0,0,0,1,1,1,0,9,0,0,0,0,,,,,,,,,,,,,,,,,,,,,,,,,0.037037037037037035,0.14814814814814814,1,1,58.9,7.0,1381,1428,548,,,,,,,,,,,,,,,,,55.0,,16.0,,,,,,,,,,,,,,,,,,0.0,
250,202404030806,3,0,2,36,0,0,0,0,0,0,0,0,1,0,1,10,0,0,0,0,0,0,0,0,0,0,1,3,0,0,0,0,0,0,0,0,,,,,,,,,,,,,,,,,,,,,,,,,0.0,0.125,6,11,105.2,9.0,1704,1426,1712,,,,,,,,,,,,,,,,,55.0,,16.0,,,,,,,,,,,,,,,,,,0.0,
251,202404030806,0,0,0,0,0,0,0,4,0,0,0,0,0,0,0,0,0,0,0,0,0,0,0,0,0,0,0,0,0,0,0,0,0,0,0,0,,,,,,,,,,,,,,,,,,,,,,,,,0.0,0.13043478260869565,3,5,131.9,13.0,1652,1716,314,,,,,,,,,,,,,,,,,55.0,,16.0,,,,,,,,,,,,,,,,,,0.0,
252,202404030806,3,4,1,56,0,0,1,9,0,0,0,1,0,0,0,8,0,0,0,2,0,0,0,1,0,0,0,1,0,0,0,0,0,0,0,0,,,,,,,,,,,,,,,,,,,,,,,,,0.0,0.0,5,9,273.0,15.0,1426,1430,306,,,,,,,,,,,,,,,,,52.0,,16.0,,,,,,,,,,,,,,,,,,0.0,
253,202404030806,2,2,2,8,10,5,4,99,0,0,0,0,1,0,1,3,1,1,0,12,0,0,0,0,0,0,0,2,0,0,0,1,0,0,0,0,,,,,,,,,,,,,,,,,,,,,,,,,0.044444444444444446,0.1111111111111111,2,4,87.0,8.0,1352,1328,1503,,,,,,,,,,,,,,,,,55.0,,16.0,,,,,,,,,,,,,,,,,,0.0,
254,202404030806,1,0,2,34,11,14,11,155,0,0,0,0,0,0,0,5,1,2,3,30,0,0,0,0,0,0,0,1,0,0,0,8,0,0,0,0,,,,,,,,,,,,,,,,,,,,,,,,,0.0,0.0,4,7,111.5,10.0,1246,1556,533,,,,,,,,,,,,,,,,,52.0,,16.0,,,,,,,,,,,,,,,,,,0.0,
255,202404030806,3,4,1,56,0,0,0,4,0,0,0,0,0,0,0,8,0,0,0,0,0,0,0,0,0,0,0,1,0,0,0,0,0,0,0,0,,,,,,,,,,,,,,,,,,,,,,,,,0.0,0.1111111111111111,7,13,126.3,12.0,1426,1716,306,,,,,,,,,,,,,,,,,55.0,,16.0,,,,,,,,,,,,,,,,,,0.0,
256,202404030806,1,2,2,30,6,8,13,100,0,0,0,0,0,0,0,5,0,1,1,15,0,0,0,0,0,0,0,2,0,0,1,4,0,0,0,0,,,,,,,,,,,,,,,,,,,,,,,,,0.0,0.0,5,10,313.0,16.0,1401,1306,517,,,,,,,,,,,,,,,,,52.0,,16.0,,,,,,,,,,,,,,,,,,0.0,
257,202404030806,0,0,1,1,1,5,4,52,0,0,0,0,0,0,0,0,0,0,1,7,0,0,0,0,0,0,0,0,0,0,0,3,0,0,0,0,,,,,,,,,,,,,,,,,,,,,,,,,0.0,0.3333333333333333,1,2,121.8,11.0,1706,1506,1428,,,,,,,,,,,,,,,,,51.0,,16.0,,,,,,,,,,,,,,,,,,0.0,
258,202404030809,28,22,25,187,12,12,12,144,1,3,0,6,3,3,3,32,1,0,0,31,0,0,0,4,0,0,1,3,0,0,0,6,0,0,0,1,0.0,0.0,10.0,1.0,33.6,0.0,0.35714285714285715,0.0,0.0,10.0,4.0,33.9,0.1,0.5555555555555556,0.0,0.0,30.0,2.0,34.1,0.1,1.0,0.5,2.0,0.0,0.034482758620689655,0.06896551724137931,1,1,1.6,1.0,1098,1482,1294,0.0,0.0,10.0,1.0,34.9,0.0,0.45454545454545453,,,,,,,,-0.2,0.75,53.0,77.0,7.0,14.0,472.0,0.0,-0.05555555555555555,0.0,0.0,,-0.4099999999999994,0.0,-1.5064999999999955,-1.2064999999999984,-1.0064999999999955,-0.25310000000000343,,0.24588802543729843,0.4815340071064548,0.0,3.0,0.6666666666666666
259,202404030809,4,3,5,43,36,21,22,270,0,0,0,1,0,1,2,12,3,2,1,35,0,0,0,0,0,0,0,0,0,0,0,2,0,0,0,0,0.0,0.0,50.0,2.0,33.9,0.0,0.7142857142857143,0.0,0.0,110.0,13.0,34.9,0.9,0.875,0.0,0.0,40.0,11.0,34.7,0.9,0.7058823529411765,4.5,-4.0,0.0,0.057692307692307696,0.36538461538461536,7,7,3.0,2.0,1534,1428,1235,0.0,0.0,130.0,6.0,34.6,0.4,0.7647058823529411,0.0,0.0,10.0,1.0,33.8,0.0,0.5555555555555556,-0.9,0.4,55.0,22.0,7.0,14.0,460.0,0.0,0.125,0.0,0.11764705882352941,-0.1111111111111111,0.05,0.0,-1.2064999999999984,-0.7499000000000038,-0.4064999999999941,-0.47469999999999857,-1.3064999999999998,0.10319877743418707,0.44452221541785863,1.0,3.0,0.6666666666666666
260,202404030809,26,18,25,201,2,0,0,0,2,0,0,0,7,3,4,45,0,0,0,0,0,0,0,0,1,0,0,4,0,0,0,0,0,0,0,0,0.0,0.0,30.0,5.0,34.1,0.6,0.5,0.0,0.0,100.0,16.0,39.0,2.9,0.0625,0.0,0.0,20.0,5.0,35.1,0.5,0.7272727272727273,0.0,16.0,200.0,0.2631578947368421,0.5263157894736842,3,3,5.0,3.0,1393,708,1263,0.0,0.0,50.0,10.0,35.6,1.6,0.5,0.0,0.0,60.0,8.0,34.0,0.4,0.75,0.0,0.0,56.0,21.0,7.0,10.0,492.0,-0.1,0.0,0.0,0.0,0.08333333333333333,0.36000000000000015,0.0,-1.0531000000000006,1.3357000000000028,-0.006499999999995509,0.4468999999999994,-1.153100000000002,0.24708005528372431,1.8227451824103111,0.0,1.0,0.0
261,202404030809,2,5,7,118,1,1,2,28,0,0,0,4,0,1,0,12,0,0,1,3,0,0,0,0,0,0,0,0,0,0,1,0,0,0,0,0,0.0,0.0,80.0,5.0,34.6,0.4,0.5,0.0,0.0,170.0,7.0,34.9,0.4,0.4117647058823529,0.0,0.0,80.0,5.0,35.0,0.8,0.9,0.0,-4.0,0.0,0.1111111111111111,0.1111111111111111,6,6,18.1,4.0,1561,1124,1263,0.0,0.0,80.0,6.0,35.4,1.1,0.6,0.0,0.0,80.0,1.0,35.5,0.0,0.42857142857142855,-0.9,0.2,56.0,22.0,7.0,14.0,460.0,0.0,0.0,-0.2,0.0,0.0,-0.2299999999999997,0.0,-0.5064999999999955,-0.20649999999999835,-0.07469999999999999,0.3252999999999986,-0.8616000000000028,0.17872983582008112,0.33105890714493647,3.0,3.0,0.3333333333333333
262,202404030809,25,23,32,225,36,21,22,270,4,2,5,22,3,2,4,20,3,2,1,35,0,1,0,6,1,0,1,0,0,0,0,2,0,0,0,0,0.0,0.0,160.0,15.0,35.2,0.9,1.0,0.0,0.0,7.0,7.0,34.4,0.4,0.75,0.0,0.0,10.0,6.0,34.0,1.0,1.0,-4.5,0.0,-200.0,0.16666666666666666,0.2916666666666667,4,4,43.0,5.0,1691,1428,1167,0.0,0.0,5.0,5.0,34.5,1.0,1.0,0.0,0.0,9.0,10.0,35.9,1.6,0.6,-1.2,0.0,58.0,-98.0,7.0,16.0,448.0,-0.125,0.0,-0.15384615384615385,0.0,-0.1,-0.1499999999999993,0.0,0.12530000000000285,-0.6747000000000014,-1.0747,-0.6064999999999969,-0.2657999999999987,0.1661324772583615,0.6723094525588645,0.0,1.0,0.0
263,202404030809,2,4,4,41,23,13,11,238,0,1,0,4,0,0,1,7,5,1,4,34,0,0,0,1,0,0,0,1,1,0,0,4,0,0,0,1,0.0,0.0,120.0,8.0,34.1,1.1,0.6666666666666666,0.0,0.0,110.0,5.0,33.6,0.3,0.3333333333333333,0.0,0.0,180.0,18.0,35.4,2.6,1.0,5.0,-4.0,0.0,0.041666666666666664,0.08333333333333333,5,5,54.0,6.0,1583,1263,118,0.0,0.0,20.0,6.0,35.0,0.4,0.25,0.0,0.0,20.0,5.0,34.5,0.2,0.1875,-0.5,0.0,58.0,77.0,7.0,12.0,462.0,0.0,0.0,0.0,0.0,-0.0625,-0.21999999999999958,0.0,-1.0064999999999955,-1.5064999999999955,0.29350000000000165,-0.153100000000002,-0.653100000000002,0.30493624105886646,0.6368673331236253,0.0,3.0,0.0
264,202404030809,28,22,25,187,2,6,2,43,0,1,0,1,3,3,3,32,0,0,0,5,0,0,0,1,0,0,1,3,0,0,0,0,0,0,0,0,0.0,0.0,140.0,13.0,34.8,1.1,0.7333333333333333,0.0,0.0,110.0,6.0,34.5,0.4,0.46153846153846156,0.0,0.0,110.0,13.0,37.5,2.4,0.5384615384615384,0.0,-4.0,200.0,0.06557377049180328,0.26229508196721313,2,2,116.0,7.0,1098,1186,1294,0.0,0.0,160.0,9.0,33.8,0.5,0.9375,0.0,0.0,160.0,17.0,35.9,1.9,0.3333333333333333,1.1,0.0,56.0,63.0,7.0,15.0,456.0,-0.06666666666666667,0.0,0.0,0.0,-0.05555555555555555,-0.15,0.0,-0.35310000000000485,-0.653100000000002,1.683799999999998,-1.3531000000000049,0.33789999999999765,0.21248540963949664,1.2915107432770359,0.0,1.0,0.0
265,202404040105,0,0,0,0,0,0,0,1,0,0,0,0,0,0,0,0,0,0,0,0,0,0,0,0,0,0,0,0,0,0,0,0,0,0,0,0,,,,,,,,,,,,,,,,,,,,,,,,,0.10810810810810811,0.10810810810810811,7,13,2.5,1.0,1035,380,1393,,,,,,,,,,,,,,,,,56.0,,18.0,,,,,,,,,,,,,,,,,,0.0,
266,202404040105,3,5,1,20,8,6,6,151,0,0,0,0,0,1,0,1,2,0,0,20,0,0,0,0,0,0,0,1,0,0,0,6,0,0,0,0,,,,,,,,,,,,,,,,,,,,,,,,,0.0,0.07692307692307693,6,11,37.8,11.0,1676,1235,1428,,,,,,,,,,,,,,,,,56.0,,18.0,,,,,,,,,,,,,,,,,,0.0,
267,202404040105,2,3,2,10,36,21,22,270,0,0,0,0,0,1,0,1,3,2,1,35,0,0,0,0,0,0,0,0,1,1,0,9,0,0,0,0,,,,,,,,,,,,,,,,,,,,,,,,,0.0,0.16666666666666666,4,8,24.5,8.0,1282,1428,377,,,,,,,,,,,,,,,,,52.0,,18.0,,,,,,,,,,,,,,,,,,0.0,
268,202404040105,13,11,21,172,10,17,15,204,0,0,2,8,0,1,1,16,1,2,0,30,0,0,0,0,0,0,0,1,0,0,0,7,0,0,0,0,,,,,,,,,,,,,,,,,,,,,,,,,0.0,0.0,3,5,24.3,7.0,1127,1183,1328,,,,,,,,,,,,,,,,,52.0,,18.0,,,,,,,,,,,,,,,,,,0.0,
269,202404040105,1,3,3,19,0,0,0,1,0,0,0,0,0,0,0,2,0,0,0,0,0,0,0,0,0,0,0,0,0,0,0,0,0,0,0,0,,,,,,,,,,,,,,,,,,,,,,,,,0.046511627906976744,0.06976744186046512,1,2,12.2,5.0,1248,230,1428,,,,,,,,,,,,,,,,,55.0,,18.0,,,,,,,,,,,,,,,,,,0.0,
270,202404040105,3,5,1,20,2,0,1,4,0,0,0,0,0,1,0,1,0,0,0,0,0,0,0,0,0,0,0,1,0,0,0,0,0,0,0,0,,,,,,,,,,,,,,,,,,,,,,,,,0.0,0.0,6,12,12.2,6.0,1676,607,1428,,,,,,,,,,,,,,,,,55.0,,18.0,,,,,,,,,,,,,,,,,,0.0,
271,202404040105,0,0,0,0,0,0,0,0,0,0,0,0,0,0,0,0,0,0,0,0,0,0,0,0,0,0,0,0,0,0,0,0,0,0,0,0,,,,,,,,,,,,,,,,,,,,,,,,,0.1,0.2,5,10,24.7,9.0,1080,1081,1428,,,,,,,,,,,,,,,,,54.0,,18.0,,,,,,,,,,,,,,,,,,0.0,
272,202404040105,7,8,7,70,9,8,6,110,0,0,0,2,0,2,0,17,0,0,1,25,0,0,0,1,0,0,0,4,0,0,0,6,0,0,0,0,,,,,,,,,,,,,,,,,,,,,,,,,0.02857142857142857,0.17142857142857143,8,16,7.4,3.0,1677,1618,1167,,,,,,,,,,,,,,,,,55.0,,18.0,,,,,,,,,,,,,,,,,,0.0,
273,202404040105,4,1,1,42,6,9,4,99,0,0,0,1,0,0,0,9,0,1,2,18,0,0,0,0,0,0,0,0,0,0,0,3,0,0,0,0,,,,,,,,,,,,,,,,,,,,,,,,,0.0,0.23529411764705882,8,17,10.6,4.0,1045,1366,969,,,,,,,,,,,,,,,,,56.0,,18.0,,,,,,,,,,,,,,,,,,0.0,
274,202404040105,5,10,7,122,1,0,0,4,0,0,0,0,1,3,4,20,0,0,0,1,0,0,0,0,1,0,3,4,0,0,0,1,0,0,0,0,,,,,,,,,,,,,,,,,,,,,,,,,0.1111111111111111,0.2,5,9,46.9,13.0,1172,855,1556,,,,,,,,,,,,,,,,,55.0,,18.0,,,,,,,,,,,,,,,,,,0.0,
275,202404040105,0,0,0,1,2,1,0,10,0,0,0,0,0,0,0,0,0,1,0,3,0,0,0,0,0,0,0,0,0,0,0,0,0,0,0,0,,,,,,,,,,,,,,,,,,,,,,,,,,,7,14,53.2,15.0,599,239,324,,,,,,,,,,,,,,,,,52.0,,18.0,,,,,,,,,,,,,,,,,,0.0,
276,202404040105,0,0,1,1,1,0,0,5,0,0,0,0,0,0,0,0,0,0,0,1,0,0,0,0,0,0,0,0,0,0,0,0,0,0,0,0,,,,,,,,,,,,,,,,,,,,,,,,,0.0,0.0,2,3,175.7,17.0,1706,549,1428,,,,,,,,,,,,,,,,,53.0,,18.0,,,,,,,,,,,,,,,,,,0.0,
277,202404040105,17,19,16,123,2,5,2,15,1,1,1,1,3,3,4,21,1,1,2,5,1,0,1,1,0,0,0,6,0,1,0,1,0,0,0,0,,,,,,,,,,,,,,,,,,,,,,,,,0.0,0.0,3,6,5.5,2.0,1463,432,1167,,,,,,,,,,,,,,,,,55.0,,18.0,,,,,,,,,,,,,,,,,,0.0,
278,202404040105,2,0,0,16,10,17,15,204,0,0,0,1,0,0,0,5,1,2,0,30,0,0,0,1,0,0,0,1,0,0,0,7,0,0,0,0,,,,,,,,,,,,,,,,,,,,,,,,,0.0,0.07142857142857142,2,4,50.5,14.0,1699,1183,1313,,,,,,,,,,,,,,,,,55.0,,18.0,,,,,,,,,,,,,,,,,,0.0,
279,202404040105,0,0,0,0,0,0,0,2,0,0,0,0,0,0,0,0,0,0,0,1,0,0,0,0,0,0,0,0,0,0,0,0,0,0,0,0,,,,,,,,,,,,,,,,,,,,,,,,,0.0,0.0,7,15,220.9,18.0,1259,1027,1428,,,,,,,,,,,,,,,,,52.0,,18.0,,,,,,,,,,,,,,,,,,0.0,
280,202404040105,1,2,2,30,9,8,6,110,0,0,0,0,0,0,0,5,0,0,1,25,0,0,0,0,0,0,0,2,0,0,0,6,0,0,0,0,0.0,0.0,8.0,5.0,39.7,1.6,0.1,0.0,0.0,10.0,16.0,35.7,1.7,0.7222222222222222,,,,,,,,11.0,4.0,-200.0,0.15384615384615385,0.15384615384615385,8,18,37.5,10.0,1401,1618,517,,,,,,,,,,,,,,,11.0,0.0,54.0,-15.0,18.0,10.0,460.0,0.0,0.0,,,,4.0,0.0,1.6274000000000015,0.5935000000000059,,,,0.3111111111111111,2.0,2.0,1.0,0.0
281,202404040105,1,1,1,9,0,1,0,23,0,0,0,0,0,0,0,1,0,0,0,1,0,0,0,0,0,0,0,1,0,0,0,0,0,0,0,0,0.0,0.0,130.0,13.0,35.5,2.0,0.9375,0.0,0.0,16.0,17.0,37.0,2.4,0.3888888888888889,,,,,,,,4.0,-6.0,200.0,0.0,0.0,1,1,89.0,16.0,1693,1736,1167,,,,,,,,,,,,,,,4.0,0.0,53.0,-190.0,18.0,16.0,466.0,-0.0625,-0.1111111111111111,,,,-1.5,0.0,0.346899999999998,1.893500000000003,,,,0.2743055555555555,0.75,-2.0,1.0,0.0
282,202404040105,7,9,6,47,1,0,1,6,0,0,0,0,1,1,1,6,0,0,0,1,0,0,0,0,0,0,1,3,0,0,0,1,0,0,0,0,,,,,,,,,,,,,,,,,,,,,,,,,0.09523809523809523,0.23809523809523808,4,7,39.9,12.0,1289,1571,1428,,,,,,,,,,,,,,,,,55.0,,18.0,,,,,,,,,,,,,,,,,,0.0,
283,202404040207,17,19,16,123,1,0,0,3,0,0,0,1,3,3,4,21,0,0,0,0,0,0,0,0,0,2,1,3,0,0,0,0,0,0,0,0,0.0,0.0,11.0,1.0,35.0,0.0,0.1111111111111111,0.0,0.0,10.0,17.0,34.9,1.7,0.5,0.0,0.0,10.0,9.0,34.4,0.6,0.3333333333333333,4.0,10.0,0.0,0.0,0.0,8,18,61.3,11.0,1463,175,1167,0.0,0.0,2.0,1.0,35.1,0.0,0.1111111111111111,0.0,0.0,6.0,2.0,34.3,0.5,0.375,-1.4,0.6,51.0,0.0,18.0,18.0,484.0,0.0,-0.05555555555555555,-0.05555555555555555,0.0,0.0,0.12000000000000029,0.0,-0.10649999999999693,-0.1747000000000014,-0.7064999999999984,-0.006499999999995509,-0.8064999999999998,0.15305530348839902,0.32619012860600305,0.0,4.0,0.75
284,202404040207,3,5,1,20,2,0,5,28,0,0,0,0,0,1,0,1,1,0,1,2,0,0,0,0,0,0,0,0,0,0,0,0,0,0,0,0,0.0,0.0,10.0,3.0,34.8,0.0,0.18181818181818182,0.0,0.0,10.0,2.0,34.1,0.1,0.13333333333333333,0.0,0.0,30.0,1.0,34.6,0.0,0.1111111111111111,-1.0,-4.0,200.0,0.0,0.6666666666666666,3,6,3.3,2.0,1676,1292,1428,0.0,0.0,20.0,3.0,35.1,0.1,0.16666666666666666,0.0,0.0,50.0,3.0,34.7,0.2,0.06666666666666667,0.1,1.0,52.0,99.0,18.0,11.0,490.0,0.0,0.0,0.0,0.05555555555555555,0.0,-0.08000000000000114,0.0,-0.35310000000000485,-1.0064999999999955,-0.5064999999999955,-1.2616000000000014,-0.37469999999999715,0.04096379930854106,0.3261901286060015,-3.0,3.0,1.0
285,202404040207,2,3,2,10,2,6,2,43,0,0,0,0,0,1,0,1,0,0,0,5,0,0,0,0,0,0,0,0,0,0,0,0,0,0,0,0,0.0,0.0,30.0,2.0,34.8,0.1,0.1111111111111111,0.0,0.0,30.0,6.0,34.6,0.5,0.16666666666666666,0.0,0.0,20.0,3.0,33.2,0.1,0.6,0.5,2.0,0.0,0.027777777777777776,0.16666666666666666,5,10,2.7,1.0,1282,1186,377,0.0,0.0,10.0,2.0,34.4,0.0,0.3125,0.0,0.0,20.0,3.0,36.5,1.3,0.25,-0.2,0.8,58.0,57.0,18.0,18.0,502.0,0.0,-0.05555555555555555,0.0,0.0,0.0,-0.3200000000000003,0.0,-0.3064999999999998,-0.5064999999999955,-1.906499999999994,-0.7064999999999984,-1.7794999999999987,0.1705284089869044,1.0583005244258354,0.0,4.0,0.75
286,202404040207,7,9,6,47,10,17,15,204,1,1,0,5,1,1,1,6,1,2,0,30,0,0,0,0,0,0,0,0,0,0,0,2,0,0,0,0,0.0,0.0,100.0,4.0,34.2,0.2,0.6111111111111112,0.0,0.0,100.0,12.0,40.2,2.1,0.13333333333333333,0.0,0.0,70.0,15.0,38.9,1.2,0.0625,5.5,-8.0,0.0,0.0,0.0,4,8,10.2,5.0,1289,1183,1428,0.0,0.0,50.0,15.0,44.7,5.4,0.5333333333333333,0.0,0.0,60.0,4.0,39.4,0.4,0.0625,0.3,0.0,54.0,20.0,18.0,18.0,474.0,0.0,0.0,0.0,0.2,0.0,-1.489999999999999,0.0,-0.9064999999999941,1.920500000000004,0.6204999999999998,5.307400000000001,1.1204999999999998,0.24080465675740034,3.3462815183424124,-2.0,1.0,0.0
287,202404040207,7,8,7,70,1,0,1,16,0,0,0,1,0,2,0,17,0,0,0,3,0,0,0,0,0,0,0,1,0,0,0,0,0,0,0,0,0.0,0.0,40.0,9.0,34.4,0.6,0.29411764705882354,0.0,0.0,30.0,6.0,35.0,1.0,0.75,0.0,0.0,10.0,4.0,35.3,0.1,0.7777777777777778,-2.5,-2.0,-200.0,0.0,0.06896551724137931,6,12,17.1,7.0,1677,1613,1167,0.0,0.0,40.0,3.0,33.8,0.2,0.4117647058823529,0.0,0.0,60.0,4.0,35.7,0.3,0.7222222222222222,-1.2999999999999998,0.2,56.0,175.0,18.0,17.0,466.0,0.058823529411764705,0.0,0.0,0.0,-0.05555555555555555,-0.14000000000000057,0.0,-0.6747000000000014,-1.0947999999999993,0.19350000000000023,-1.3064999999999998,-0.6616,0.1988217675771591,0.6711184694225021,0.0,3.0,0.3333333333333333
288,202404040207,7,8,7,70,36,21,22,270,1,1,0,1,0,2,0,17,3,2,1,35,0,0,0,0,0,0,0,1,1,0,0,5,0,0,0,0,0.0,0.0,40.0,2.0,34.4,0.1,0.16666666666666666,0.0,0.0,70.0,6.0,35.2,1.3,0.4,0.0,0.0,20.0,6.0,34.6,0.4,0.3333333333333333,2.0,-8.0,0.0,,,8,17,9.1,4.0,1677,1428,1167,0.0,0.0,70.0,4.0,34.0,0.3,0.4666666666666667,0.0,0.0,70.0,4.0,34.4,0.3,0.25,0.2,0.2,55.0,20.0,18.0,18.0,472.0,0.05555555555555555,0.06666666666666667,0.0,0.0,0.0,0.12000000000000029,0.0,-0.7064999999999984,0.12530000000000285,-1.2162000000000006,-1.0747,-1.2499000000000038,0.10624918300339485,0.39191835884530973,-3.0,1.0,1.0
289,202404040207,5,10,7,122,1,0,1,6,1,0,0,0,1,3,4,20,0,0,0,1,0,0,0,0,0,1,0,5,0,0,0,0,0,0,0,0,0.0,0.0,11.0,9.0,34.6,0.8,0.5294117647058824,0.0,0.0,15.0,7.0,34.9,0.7,0.6111111111111112,0.0,0.0,11.0,13.0,34.7,0.9,0.6666666666666666,2.0,2.0,-200.0,0.2,0.4,1,1,171.3,15.0,1172,1571,1556,0.0,0.0,11.0,9.0,35.8,0.6,0.625,0.0,0.0,5.0,9.0,35.2,0.7,0.5555555555555556,0.2,0.0,54.0,-8.0,18.0,17.0,472.0,0.0,-0.05555555555555555,-0.1111111111111111,0.125,0.0,-0.21000000000000013,0.0,-0.47469999999999857,-0.20649999999999835,-0.4064999999999941,0.6935000000000002,-0.16539999999999822,0.04923590623532227,0.43174066289845664,-4.0,3.0,0.0
290,202404040207,3,0,0,45,1,0,0,2,0,0,0,0,1,0,0,5,0,0,0,1,0,0,0,0,0,0,0,3,0,0,0,0,0,0,0,0,0.0,0.0,110.0,12.0,40.3,4.5,0.25,0.0,0.0,110.0,13.0,39.2,2.6,0.9375,0.0,0.0,60.0,9.0,41.2,2.7,0.45454545454545453,-1.5,4.0,-300.0,0.0,0.0,6,11,329.7,18.0,1403,1051,939,0.0,0.0,80.0,10.0,42.8,7.2,0.3,0.0,0.0,70.0,1.0,37.7,0.0,0.23076923076923078,-2.5,0.2,53.0,85.0,18.0,12.0,480.0,0.75,-0.125,0.45454545454545453,0.7,-0.07692307692307693,0.15999999999999942,0.0,0.9073999999999955,0.9205000000000041,1.5741000000000014,6.468299999999999,-1.6925999999999988,0.2634568377453603,1.7327434893832365,-2.0,0.0,
291,202404040207,44,30,32,272,11,14,11,155,1,1,0,9,9,5,3,49,1,2,3,30,0,0,0,2,2,0,1,8,0,1,0,3,0,0,0,0,0.0,0.0,50.0,5.0,34.8,0.3,0.16666666666666666,0.0,0.0,100.0,13.0,35.2,1.6,0.7777777777777778,0.0,0.0,,,,,,8.0,-2.0,0.0,0.09090909090909091,0.18181818181818182,4,7,8.5,3.0,1716,1556,1167,0.0,0.0,50.0,1.0,34.9,0.0,0.2777777777777778,0.0,0.0,110.0,2.0,35.2,0.0,0.5,-2.1,0.5,53.0,20.0,18.0,18.0,434.0,-0.05555555555555555,-0.16666666666666666,,-0.05555555555555555,-0.05555555555555555,-0.09000000000000127,0.0,-0.3064999999999998,0.09350000000000591,,-1.4616000000000042,0.09350000000000591,0.2336472755730656,0.17853571071357377,0.0,5.0,0.4
292,202404040207,30,30,28,239,8,16,8,124,0,1,0,7,4,4,5,27,0,3,1,17,0,1,0,1,0,0,2,7,0,0,0,7,0,0,0,1,0.0,0.0,80.0,5.0,34.2,0.2,0.7857142857142857,0.0,0.0,70.0,11.0,34.7,0.5,0.6923076923076923,0.0,0.0,70.0,3.0,35.1,0.1,0.2777777777777778,-1.0,0.0,200.0,0.0,0.0,3,5,65.3,12.0,1503,1559,1263,0.0,0.0,20.0,8.0,36.8,0.5,0.35714285714285715,0.0,0.0,80.0,7.0,39.7,1.3,0.125,0.1,0.2,55.0,112.0,18.0,14.0,458.0,-0.14285714285714285,-0.3076923076923077,0.0,0.0,-0.0625,-1.3099999999999994,0.0,-0.9530999999999992,-0.45309999999999917,-0.7162000000000006,0.35889999999999844,1.420500000000004,0.2511158959820562,2.000999750124922,-3.0,0.0,
293,202404040207,5,10,7,122,2,2,1,11,0,0,0,0,1,3,4,20,0,0,0,0,0,0,0,0,0,1,0,5,0,0,0,0,0,0,0,0,0.0,0.0,40.0,5.0,35.3,0.2,0.21428571428571427,0.0,0.0,60.0,5.0,34.5,0.1,0.4666666666666667,0.0,0.0,50.0,2.0,35.4,0.1,0.3333333333333333,-1.5,-2.0,200.0,0.0,0.07142857142857142,2,3,42.4,9.0,1172,666,1556,0.0,0.0,120.0,11.0,35.1,0.8,0.5,0.0,0.0,40.0,13.0,35.2,1.2,0.8125,2.2,0.2,54.0,70.0,18.0,14.0,444.0,0.14285714285714285,-0.13333333333333333,-0.1111111111111111,0.0,0.0,-0.04000000000000128,0.0,-0.5162000000000049,-0.653100000000002,-0.41620000000000346,-0.05310000000000059,0.04690000000000083,0.20108563061293633,0.3162277660168375,-2.0,0.0,
294,202404040207,3,1,2,40,0,2,1,7,0,0,0,0,1,0,1,6,0,2,0,3,0,0,0,0,0,0,0,0,0,0,0,2,0,0,0,0,0.0,0.0,70.0,15.0,39.7,4.2,0.5625,0.0,0.0,70.0,6.0,33.4,0.4,0.9,0.0,0.0,70.0,7.0,35.8,0.9,0.9,-4.0,4.0,0.0,0.0,0.0,7,14,14.1,6.0,1243,796,1428,0.0,0.0,50.0,6.0,34.9,0.8,0.625,0.0,0.0,20.0,1.0,34.6,0.0,0.4,-2.8,0.2,55.0,106.0,18.0,16.0,482.0,0.0,0.0,-0.1,0.0,0.0,0.8700000000000003,0.0,1.566200000000002,-1.7531000000000034,-0.5616000000000057,-0.20649999999999835,-0.5064999999999955,0.19595917942265426,2.151650529244934,0.0,3.0,0.3333333333333333
295,202404040207,4,4,6,45,0,1,2,4,0,0,0,0,1,0,2,6,0,1,1,0,0,0,0,0,0,0,0,0,0,0,0,0,0,0,0,0,0.0,0.0,14.0,13.0,34.9,1.1,0.8888888888888888,0.0,0.0,11.0,9.0,37.6,2.3,0.6363636363636364,0.0,0.0,11.0,9.0,35.8,1.4,0.2727272727272727,-2.0,6.0,0.0,0.23529411764705882,0.29411764705882354,1,2,135.8,14.0,1399,219,1428,0.0,0.0,15.0,12.0,35.4,1.3,0.35294117647058826,0.0,0.0,15.0,8.0,34.5,0.8,0.5625,-0.7,0.0,56.0,0.0,18.0,18.0,492.0,0.0,-0.09090909090909091,0.0,0.058823529411764705,0.0,0.3,0.0,-0.20649999999999835,1.683399999999999,0.7252999999999972,0.3252999999999986,-0.5747,0.2181308537994184,1.074430081485064,0.0,1.0,0.0
296,202404040207,44,30,32,272,8,6,6,151,0,0,0,1,9,5,3,49,2,0,0,20,0,0,0,0,2,0,1,8,0,0,0,3,0,0,0,0,0.0,0.0,16.0,14.0,34.8,1.2,1.0,0.0,0.0,5.0,11.0,33.4,0.8,0.6666666666666666,0.0,0.0,10.0,10.0,34.9,1.4,1.0,-2.0,8.0,0.0,0.0,0.0,7,15,221.6,16.0,1716,1235,1167,0.0,0.0,11.0,12.0,35.2,1.5,0.6666666666666666,0.0,0.0,9.0,9.0,35.4,1.1,0.6153846153846154,-0.9,0.0,53.0,0.0,18.0,18.0,472.0,0.0,,0.0,0.16666666666666666,0.07692307692307693,-0.3000000000000007,0.0,-0.3064999999999998,-0.14339999999999975,-0.25310000000000343,0.12530000000000285,0.29350000000000165,0.1726918793895665,0.7031358332498784,0.0,2.0,0.0
297,202404040207,28,22,25,187,1,3,2,18,1,0,1,3,3,3,3,32,0,0,0,2,0,0,0,0,0,0,0,10,0,0,0,0,0,0,0,0,0.0,0.0,17.0,15.0,35.3,1.3,0.8333333333333334,0.0,0.0,14.0,15.0,34.8,1.1,0.7777777777777778,0.0,0.0,16.0,12.0,33.9,0.9,0.8888888888888888,-1.5,8.0,0.0,0.0,0.0,2,4,229.3,17.0,1098,1691,1294,0.0,0.0,10.0,14.0,37.9,3.1,0.5714285714285714,0.0,0.0,7.0,15.0,40.3,3.2,0.13333333333333333,-0.1,0.0,53.0,0.0,18.0,18.0,442.0,-0.05555555555555555,-0.05555555555555555,0.0,0.07142857142857142,0.0,-1.31,0.0,0.19350000000000023,-0.3064999999999998,-1.2064999999999984,2.7468999999999966,2.3888999999999996,0.2755774989434194,2.3440136518373778,0.0,3.0,0.0
298,202404040207,25,20,20,201,18,17,16,159,1,0,0,6,1,2,0,21,4,2,3,17,0,0,0,0,1,0,0,4,0,0,0,2,0,0,0,0,0.0,0.0,70.0,8.0,34.7,0.7,0.9230769230769231,0.0,0.0,100.0,8.0,33.8,0.6,0.5625,0.0,0.0,,,,,,0.0,24.0,0.0,0.0,0.0,8,16,42.6,10.0,1506,1294,199,0.0,0.0,60.0,5.0,34.3,0.1,0.5384615384615384,0.0,0.0,50.0,1.0,34.0,0.0,0.4444444444444444,-2.4,0.25,53.0,168.0,18.0,13.0,442.0,0.0,-0.0625,,-0.15384615384615385,0.0,0.16000000000000086,0.0,-0.4064999999999941,-1.8499000000000052,,-0.7747000000000028,-1.0747,0.18206934409353795,0.33911649915626507,-3.0,1.0,0.0
299,202404040207,7,9,6,47,1,0,1,6,0,0,0,0,1,1,1,6,0,0,0,1,0,0,0,0,0,0,0,0,0,0,0,0,0,0,0,0,0.0,0.0,30.0,12.0,37.1,1.7,0.125,0.0,0.0,10.0,,,,0.15384615384615385,0.0,0.0,20.0,2.0,35.9,0.0,0.07142857142857142,-10.0,-2.0,0.0,0.0,0.07692307692307693,7,13,36.2,8.0,1289,1571,1428,0.0,0.0,50.0,11.0,34.7,1.1,0.3333333333333333,0.0,0.0,50.0,13.0,37.2,1.5,0.06666666666666667,1.2,0.25,55.0,126.0,18.0,16.0,480.0,0.0,0.3076923076923077,0.0,0.0,0.0,0.08999999999999915,0.0,1.5379000000000005,,-0.46160000000000423,-0.45309999999999917,2.093500000000006,0.09733324483230138,1.018270592720815,-3.0,4.0,0.25
300,202404040207,25,20,20,201,8,6,7,97,0,0,0,8,1,2,0,21,1,0,0,23,0,0,0,0,1,0,0,4,1,0,0,4,0,0,0,0,0.0,0.0,13.0,18.0,36.5,1.8,0.3333333333333333,0.0,0.0,17.0,10.0,34.1,1.1,0.6666666666666666,0.0,0.0,7.0,6.0,34.8,1.4,1.0,-6.0,8.0,0.0,0.0,0.1111111111111111,5,9,95.4,13.0,1506,1362,199,0.0,0.0,6.0,6.0,34.5,0.8,0.7142857142857143,0.0,0.0,10.0,8.0,35.7,0.7,0.4,-2.4000000000000004,0.0,56.0,0.0,18.0,18.0,470.0,0.0,-0.05555555555555555,-0.75,0.07142857142857142,0.2,0.11999999999999958,0.0,1.393500000000003,-0.9746999999999986,-0.6592000000000056,-0.9592000000000027,-0.21659999999999968,0.23916711109489627,0.8681013765684285,0.0,1.0,0.0
301,202404040402,4,1,1,42,7,6,10,126,0,0,0,0,0,0,0,9,0,2,1,15,0,0,0,0,0,0,0,6,0,0,0,5,0,0,0,0,0.0,0.0,130.0,5.0,36.3,0.8,0.13333333333333333,,,,,,,,,,,,,,,,,0.0,0.0,0.0,3,6,31.4,9.0,1045,1345,969,,,,,,,,,,,,,,,,0.0,54.0,15.0,18.0,15.0,488.0,0.0,,,,,,,-0.06160000000000565,,,,,,,0.0,1.0,0.0
302,202404040402,14,18,22,177,26,24,35,278,1,1,1,11,2,2,4,18,1,1,3,35,0,0,0,1,0,0,1,6,0,0,1,12,0,0,0,0,0.0,0.0,80.0,2.0,33.9,0.2,0.5454545454545454,,,,,,,,,,,,,,,,,0.0,0.0,0.05,5,9,2.6,1.0,1152,1167,1428,,,,,,,,,,,,,,,,1.0,55.0,30.0,18.0,11.0,438.0,0.09090909090909091,,,,,,,-1.2064999999999984,,,,,,,0.0,1.0,1.0
303,202404040402,0,0,0,0,3,0,0,7,0,0,0,0,0,0,0,0,1,0,0,2,0,0,0,0,0,0,0,0,0,0,0,1,0,0,0,0,0.0,0.0,20.0,3.0,36.2,0.4,0.42857142857142855,0.0,0.0,50.0,3.0,35.7,0.5,0.3076923076923077,,,,,,,,0.0,-4.0,0.0,0.029411764705882353,0.08823529411764706,8,17,10.2,5.0,1382,1127,707,,,,,,,,,,,,,,,0.0,1.0,54.0,64.0,18.0,14.0,434.0,0.0,0.0,,,,0.5,0.0,1.093500000000006,0.5469000000000008,,,,0.06043956043956042,0.25,-1.0,1.0,1.0
304,202404040402,0,0,0,0,1,1,0,9,0,0,0,0,0,0,0,0,1,0,0,2,0,0,0,0,0,0,0,0,0,0,0,0,0,0,0,0,0.0,0.0,80.0,6.0,35.6,1.0,0.7272727272727273,0.0,0.0,20.0,4.0,35.5,0.3,0.25,,,,,,,,-2.0,-6.0,0.0,0.16666666666666666,0.3333333333333333,3,5,23.7,8.0,1075,1172,1328,,,,,,,,,,,,,,,-2.0,0.0,51.0,78.0,18.0,11.0,420.0,-0.18181818181818182,0.0,,,,0.10000000000000142,0.0,0.4935000000000045,0.346899999999998,,,,0.23863636363636365,0.05000000000000071,-3.0,1.0,0.0
305,202404040402,7,8,7,70,10,17,15,204,0,0,0,3,0,2,0,17,1,2,0,30,0,0,0,2,0,2,0,9,0,2,0,11,0,0,0,2,0.0,0.0,70.0,5.0,40.3,3.9,0.21428571428571427,,,,,,,,,,,,,,,,,0.0,0.0,0.0,8,16,75.0,11.0,1677,1183,1167,,,,,,,,,,,,,,,,0.0,54.0,28.0,18.0,14.0,480.0,0.0,,,,,,,2.1661999999999964,,,,,,,-1.0,0.0,
306,202404040402,1,1,0,5,11,14,11,155,0,0,0,0,0,0,0,1,1,2,3,30,0,0,0,0,0,0,0,0,1,0,1,13,0,0,0,0,0.0,0.0,80.0,9.0,36.1,1.1,0.0625,,,,,,,,,,,,,,,,,-400.0,0.0,0.0,1,2,44.9,10.0,1564,1556,334,,,,,,,,,,,,,,,,0.0,52.0,106.0,18.0,16.0,444.0,0.125,,,,,,,0.6407999999999987,,,,,,,-2.0,0.0,
307,202404040402,0,0,1,1,1,0,0,8,0,0,0,0,0,0,0,0,1,0,0,0,0,0,0,0,0,0,0,0,1,0,0,0,0,0,0,0,0.0,0.0,60.0,3.0,37.2,0.5,0.1111111111111111,0.0,0.0,70.0,7.0,35.0,0.9,0.16666666666666666,,,,,,,,4.0,-6.0,0.0,0.0,0.15384615384615385,8,18,5.1,2.0,1706,1645,1428,,,,,,,,,,,,,,,4.0,0.5,55.0,22.0,18.0,18.0,474.0,-0.05555555555555555,0.08333333333333333,,,,2.200000000000003,0.0,2.093500000000006,-0.07469999999999999,,,,0.027777777777777776,1.1000000000000014,2.0,1.0,1.0
308,202404040402,4,1,1,42,9,8,6,110,0,0,0,0,0,0,0,9,0,0,1,25,0,0,0,0,0,0,0,6,0,0,1,11,0,0,0,0,0.0,0.0,50.0,4.0,35.2,0.6,0.18181818181818182,0.0,0.0,60.0,5.0,34.1,0.3,0.5,0.0,0.0,80.0,2.0,35.2,0.9,0.16666666666666666,-1.0,2.0,-200.0,0.0,0.1111111111111111,7,14,5.8,3.0,1045,1618,969,,,,,,,,,,,,,,,-1.0,0.3333333333333333,55.0,15.0,18.0,11.0,454.0,0.09090909090909091,0.0,0.0,,,0.0,0.0,0.12530000000000285,-1.0531000000000006,0.04690000000000083,,,0.15368812176467617,0.5185449728701355,0.0,0.0,
309,202404040402,3,1,0,17,36,21,22,270,1,0,0,3,0,0,0,3,3,2,1,35,0,0,0,0,0,0,0,2,1,1,1,12,0,0,0,0,0.0,0.0,150.0,9.0,36.3,2.1,0.8333333333333334,,,,,,,,,,,,,,,,,0.0,0.044444444444444446,0.06666666666666667,2,4,244.6,16.0,1434,1428,969,,,,,,,,,,,,,,,,0.0,55.0,65.0,18.0,18.0,416.0,0.0,,,,,,,1.1935000000000002,,,,,,,0.0,1.0,0.0
310,202404040402,0,0,0,0,10,17,15,204,0,0,0,0,0,0,0,0,1,2,0,30,0,0,0,0,0,0,0,0,0,2,0,11,0,0,0,0,0.0,0.0,100.0,12.0,39.0,2.4,0.75,0.0,0.0,110.0,13.0,38.4,2.7,0.9375,0.0,0.0,70.0,3.0,37.4,1.6,0.16666666666666666,-4.5,0.0,200.0,0.0,0.0,6,11,116.3,12.0,1075,1183,1328,0.0,0.0,12.0,10.0,37.2,1.0,0.2222222222222222,0.0,0.0,5.0,12.0,36.6,2.1,0.9285714285714286,-0.3,0.2,52.0,-54.0,18.0,16.0,496.0,-0.0625,-0.125,0.0,0.0,0.0,0.5999999999999993,0.0,1.0889000000000024,0.12049999999999983,-0.26429999999999865,2.093500000000006,1.4935000000000045,0.339073543610852,0.8634813257969153,-3.0,2.0,0.0
311,202404040402,0,1,1,10,0,0,0,2,0,0,0,0,0,0,0,2,0,0,0,0,0,0,0,0,0,0,0,2,0,0,0,0,0,0,0,0,0.0,0.0,120.0,2.0,34.8,0.1,0.07142857142857142,,,,,,,,,,,,,,,,,-200.0,0.2222222222222222,0.2777777777777778,2,3,7.1,4.0,1195,683,1428,,,,,,,,,,,,,,,,1.0,53.0,23.0,18.0,14.0,404.0,0.0,,,,,,,-0.27470000000000283,,,,,,,0.0,0.0,
312,202404040402,0,1,2,49,7,6,6,84,0,0,0,0,0,0,1,8,0,1,3,12,0,0,0,0,0,0,0,6,0,1,0,4,0,0,0,0,0.0,0.0,70.0,6.0,37.7,1.1,0.5384615384615384,0.0,0.0,70.0,4.0,37.3,1.1,0.5555555555555556,,,,,,,,-2.0,2.0,250.0,0.0,0.0,4,8,140.0,13.0,1605,1503,1,,,,,,,,,,,,,,,-2.0,0.0,52.0,86.0,18.0,13.0,408.0,0.0,0.0,,,,0.4000000000000057,0.0,-0.12330000000000041,-0.5233000000000061,,,,0.008547008547008572,0.20000000000000284,-3.0,0.0,
313,202404040402,3,1,2,40,7,6,6,84,0,0,0,1,1,0,1,6,0,1,3,12,0,0,0,0,0,0,1,3,0,1,0,4,0,0,0,0,0.0,0.0,30.0,8.0,35.6,1.6,0.1875,,,,,,,,,,,,,,,,,-400.0,0.1875,0.4375,7,15,12.8,6.0,1243,1503,1428,,,,,,,,,,,,,,,,0.0,55.0,65.0,18.0,16.0,414.0,0.0,,,,,,,0.1407999999999987,,,,,,,0.0,0.0,
314,202404040402,6,5,3,36,0,0,0,0,0,0,0,0,1,0,0,10,0,0,0,0,0,0,0,0,0,0,0,3,0,0,0,0,0,0,0,0,0.0,0.0,8.0,8.0,34.7,2.2,0.875,0.0,0.0,17.0,14.0,36.7,1.4,0.8888888888888888,0.0,0.0,9.0,7.0,35.8,2.1,1.0,-0.5,-4.0,0.0,0.0,0.0,4,7,365.1,17.0,1601,1304,239,0.0,0.0,11.0,8.0,35.9,2.3,0.8181818181818182,,,,,,,,-0.7,0.0,52.0,-6.0,18.0,8.0,394.0,-0.125,0.0,0.0,0.0,,-0.26999999999999813,0.0,-0.4064999999999941,1.593500000000006,0.6935000000000002,0.7468999999999966,,0.06588305316984104,0.7119515432949068,-3.0,3.0,0.0
315,202404040402,5,8,6,143,2,6,2,43,0,0,0,1,0,3,0,22,0,0,0,5,0,0,0,0,0,1,0,4,0,0,0,2,0,0,0,0,0.0,0.0,100.0,10.0,35.7,1.7,0.45454545454545453,,,,,,,,,,,,,,,,,200.0,0.0,0.3333333333333333,1,1,222.8,15.0,1090,1186,1169,,,,,,,,,,,,,,,,0.0,55.0,106.0,18.0,11.0,424.0,0.09090909090909091,,,,,,,0.5469000000000008,,,,,,,0.0,0.0,
316,202404040402,0,0,0,4,2,8,5,55,0,0,0,0,0,0,0,0,0,0,0,8,0,0,0,0,0,0,0,0,0,0,0,1,0,0,0,0,0.0,0.0,160.0,13.0,36.2,2.6,0.8888888888888888,,,,,,,,,,,,,,,,,0.0,0.0,0.0,5,10,540.2,18.0,1694,1713,1328,,,,,,,,,,,,,,,,0.0,52.0,65.0,18.0,18.0,392.0,0.0,,,,,,,1.093500000000006,,,,,,,0.0,1.0,0.0
317,202404040402,4,3,5,43,9,8,6,110,0,0,0,3,0,1,2,12,0,0,1,25,0,0,0,1,0,1,0,5,0,0,1,11,0,0,0,1,0.0,0.0,120.0,11.0,36.1,1.7,0.08333333333333333,,,,,,,,,,,,,,,,,-200.0,0.0,0.06666666666666667,6,12,153.5,14.0,1534,1618,1235,,,,,,,,,,,,,,,,0.0,55.0,78.0,18.0,12.0,438.0,0.0,,,,,,,1.0253000000000014,,,,,,,1.0,0.0,
318,202404040402,44,30,32,272,7,6,6,84,4,3,1,10,9,5,3,49,0,1,3,12,0,1,0,2,3,2,1,10,0,1,0,4,0,1,0,0,0.0,0.0,30.0,3.0,35.0,0.8,0.5,0.0,0.0,10.0,5.0,35.5,1.0,0.6666666666666666,,,,,,,,2.0,8.0,200.0,0.0,0.0,7,13,21.1,7.0,1716,1503,1167,,,,,,,,,,,,,,,2.0,0.5,52.0,58.0,18.0,10.0,408.0,0.0,0.16666666666666666,,,,-0.5,0.0,-0.153100000000002,0.346899999999998,,,,0.08333333333333331,0.25,0.0,0.0,
319,202404040411,4,2,4,9,0,0,0,0,0,0,0,0,0,1,0,1,0,0,0,0,0,0,0,0,0,0,0,0,0,0,0,0,0,0,0,0,0.0,0.0,40.0,5.0,33.8,0.4,0.5625,0.0,0.0,20.0,7.0,33.7,0.8,0.3076923076923077,0.0,0.0,100.0,8.0,34.1,0.9,0.5,1.5,0.0,200.0,0.024390243902439025,0.1951219512195122,3,6,13.5,5.0,314,228,324,0.0,0.0,20.0,1.0,34.2,0.0,0.35714285714285715,0.0,0.0,20.0,4.0,33.5,0.3,0.8125,-0.8,0.2,55.0,114.0,18.0,16.0,478.0,0.0,0.0,0.125,0.0,-0.0625,0.009999999999999431,0.0,-1.3531000000000049,-1.4530999999999992,-1.549900000000001,-0.9064999999999941,-1.606499999999997,0.1781210508135,0.2576819745345033,-2.0,2.0,0.5
320,202404040411,1,0,1,8,0,0,1,2,0,0,0,1,1,0,1,1,0,0,0,0,0,0,0,0,0,0,0,0,0,0,0,0,0,0,0,0,0.0,0.0,150.0,8.0,33.6,0.6,0.875,0.0,0.0,110.0,15.0,35.0,1.0,0.625,0.0,0.0,120.0,12.0,35.2,0.9,0.5,2.0,-4.0,200.0,0.2,0.4,6,11,84.1,15.0,204,593,4,0.0,0.0,180.0,13.0,35.0,1.7,0.6666666666666666,0.0,0.0,40.0,13.0,34.6,1.0,0.625,0.8,0.0,57.0,50.0,18.0,16.0,492.0,-0.0625,-0.0625,-0.125,-0.1111111111111111,0.0,-0.2,0.0,-1.5531000000000006,-0.153100000000002,0.04690000000000083,-1.0947999999999993,-1.2162000000000006,0.12190615698606493,0.574108003776293,0.0,0.0,
321,202404040411,4,4,6,45,1,0,0,5,1,0,0,2,1,0,2,6,0,0,0,0,0,0,0,0,1,0,0,1,0,0,0,0,0,0,0,0,0.0,0.0,120.0,13.0,33.8,1.5,0.875,0.0,0.0,140.0,13.0,36.6,1.6,0.42857142857142855,0.0,0.0,150.0,11.0,34.7,1.1,0.8,-1.0,10.0,-200.0,0.0,0.1111111111111111,8,18,61.2,13.0,1399,1009,1428,0.0,0.0,80.0,8.0,34.1,0.9,0.8,0.0,0.0,150.0,14.0,35.8,0.9,0.75,-0.3,0.0,52.0,36.0,18.0,16.0,450.0,0.0,-0.21428571428571427,-0.06666666666666667,0.0,0.1875,-0.15,0.0,-1.2747000000000028,0.26830000000000354,-0.37469999999999715,-0.9746999999999986,-0.5317000000000007,0.15625724473000363,1.0526157893552617,0.0,0.0,
322,202404040411,3,5,1,20,0,1,0,4,0,0,0,0,0,1,0,1,0,0,0,1,0,0,0,0,0,1,0,0,0,0,0,0,0,0,0,0,0.0,0.0,50.0,1.0,35.4,0.0,0.7142857142857143,0.0,0.0,60.0,8.0,33.5,0.3,0.8125,0.0,0.0,20.0,8.0,34.5,0.4,0.6875,3.5,0.0,-100.0,0.0,0.0,1,2,18.9,6.0,1676,525,1428,0.0,0.0,70.0,7.0,35.0,0.7,0.9285714285714286,0.0,0.0,130.0,8.0,34.0,0.9,0.8888888888888888,1.3,0.2,52.0,44.0,18.0,14.0,422.0,0.0,0.0625,0.0625,-0.07142857142857142,0.0,0.12999999999999973,0.0,-3.832100000000004,-1.653100000000002,-0.653100000000002,-0.10649999999999693,-1.0747,0.09422284593662557,0.6794115100585207,-1.0,1.0,0.0
323,202404040411,4,4,4,37,0,0,0,10,0,0,0,1,1,1,3,7,0,0,0,0,0,0,0,0,0,0,0,2,0,0,0,0,0,0,0,0,0.0,0.0,40.0,1.0,34.2,0.0,0.5,0.0,0.0,30.0,7.0,34.6,0.8,0.7,0.0,0.0,20.0,1.0,34.2,0.0,0.46153846153846156,0.0,0.0,0.0,0.0,0.05263157894736842,3,5,4.3,2.0,1064,533,1556,0.0,0.0,10.0,2.0,33.4,0.1,0.875,0.0,0.0,10.0,4.0,33.7,0.3,0.6428571428571429,0.1,0.6,55.0,78.0,18.0,18.0,484.0,0.0,0.2,0.07692307692307693,-0.25,0.07142857142857142,0.22000000000000028,0.0,-0.9064999999999941,-0.8592000000000013,-1.4498999999999995,-1.6747000000000014,-1.3746999999999971,0.14845657664901263,0.4214261501141104,-1.0,1.0,1.0
324,202404040411,0,0,0,0,0,0,0,0,0,0,0,0,0,0,0,0,0,0,0,0,0,0,0,0,0,0,0,0,0,0,0,0,0,0,0,0,0.0,0.0,170.0,12.0,33.2,0.6,0.8888888888888888,0.0,0.0,150.0,8.0,35.2,0.9,0.8888888888888888,0.0,0.0,80.0,18.0,33.6,0.9,0.3888888888888889,3.0,-10.0,200.0,0.08333333333333333,0.16666666666666666,7,14,69.6,14.0,381,163,380,0.0,0.0,70.0,5.0,32.7,0.5,0.8461538461538461,0.0,0.0,50.0,13.0,32.6,0.6,1.0,-0.1,0.0,54.0,57.0,18.0,18.0,510.0,0.0,-0.1111111111111111,0.05555555555555555,-0.15384615384615385,0.0,0.3700000000000003,0.0,-1.9530999999999992,-0.6161999999999992,-1.5064999999999955,-2.453099999999999,-2.5531000000000006,0.21303150904024107,0.9414881836751858,-1.0,1.0,0.0
325,202404040411,3,6,7,43,2,0,5,28,0,0,0,0,2,2,1,12,1,0,1,2,0,0,0,0,0,1,0,0,0,0,0,0,0,0,0,0,0.0,0.0,17.0,7.0,35.1,0.8,0.6111111111111112,0.0,0.0,7.0,14.0,35.3,1.1,0.125,0.0,0.0,7.0,10.0,33.0,0.9,0.625,1.5,10.0,0.0,0.0,0.35714285714285715,7,15,99.4,17.0,1629,1292,1428,0.0,0.0,15.0,17.0,35.4,1.2,0.2222222222222222,0.0,0.0,2.0,3.0,34.4,0.1,0.1875,-0.5,0.2,53.0,0.0,18.0,18.0,436.0,0.0,0.0,,0.0,0.0,0.13000000000000042,0.0,-0.006499999999995509,0.14689999999999515,-0.5433999999999983,0.29350000000000165,-0.9654000000000025,0.21775013996962234,0.8912911982062872,0.0,2.0,0.0
326,202404040411,14,18,22,177,4,7,3,47,2,0,0,4,2,2,4,18,1,1,0,4,0,0,0,0,1,0,1,0,0,0,0,0,0,0,0,0,0.0,0.0,90.0,6.0,34.3,0.4,0.1111111111111111,0.0,0.0,10.0,9.0,35.3,0.5,0.125,0.0,0.0,10.0,1.0,34.7,0.0,0.0625,-2.5,0.0,200.0,0.02702702702702703,0.1891891891891892,6,12,2.8,1.0,1152,1170,1428,0.0,0.0,30.0,2.0,35.9,0.0,0.05555555555555555,0.0,0.0,10.0,1.0,35.1,0.0,0.07142857142857142,-1.7,0.6,58.0,36.0,18.0,18.0,524.0,0.0,0.0,0.0,0.0,0.0,-0.220000000000001,0.0,-0.8531000000000049,0.14689999999999515,-0.45309999999999917,-0.46160000000000423,-0.006499999999995509,0.02770966706364459,0.5425863986500212,1.0,2.0,1.0
327,202404040411,1,1,2,46,0,1,3,13,0,0,0,1,0,0,1,10,0,0,1,1,0,0,0,0,0,0,0,1,0,0,0,0,0,0,0,0,0.0,0.0,100.0,14.0,34.2,1.7,1.0,0.0,0.0,110.0,5.0,33.0,0.1,0.7222222222222222,0.0,0.0,30.0,14.0,34.5,1.5,1.0,0.0,-4.0,0.0,0.045454545454545456,0.06818181818181818,2,4,30.2,9.0,1148,1433,1393,0.0,0.0,120.0,3.0,33.9,0.2,0.8888888888888888,0.0,0.0,80.0,14.0,33.9,0.8,0.625,-0.2,0.2,55.0,113.0,18.0,16.0,502.0,0.0,-0.5,-0.06666666666666667,-0.1111111111111111,0.125,-0.029999999999999007,0.0,-1.362099999999998,-2.106499999999997,-0.5747,-1.1747000000000014,-1.1747000000000014,0.15061601901917732,0.5019960159204456,0.0,2.0,0.0
328,202404040411,52,46,42,354,26,24,35,278,3,3,3,16,3,2,2,36,1,1,3,35,0,0,0,1,1,1,1,20,0,0,0,4,0,0,0,1,0.0,0.0,140.0,7.0,33.7,0.5,0.1111111111111111,0.0,0.0,110.0,6.0,33.6,0.5,0.1875,0.0,0.0,130.0,10.0,35.0,1.1,0.25,1.5,-8.0,-200.0,0.13157894736842105,0.13157894736842105,4,7,19.7,7.0,1428,1167,1263,0.0,0.0,60.0,11.0,36.2,1.2,0.2857142857142857,0.0,0.0,40.0,8.0,34.5,0.9,0.36363636363636365,0.7,0.0,57.0,64.0,18.0,18.0,480.0,0.0,0.0625,0.0,0.14285714285714285,0.0,-0.4199999999999996,0.0,-1.3746999999999971,-1.4746999999999986,-0.6499000000000024,1.1253000000000029,-0.5747,0.08584114529352435,0.9528903399657278,0.0,0.0,
329,202404040411,12,13,10,117,6,10,14,159,1,0,1,4,2,1,1,15,2,1,3,21,1,0,1,1,0,1,0,3,1,0,1,3,0,0,0,1,0.0,0.0,18.0,13.0,34.3,0.7,0.6111111111111112,0.0,0.0,11.0,11.0,35.2,1.0,0.6666666666666666,0.0,0.0,6.0,10.0,34.7,0.8,0.38461538461538464,-1.5,0.0,0.0,,,7,13,45.9,11.0,1304,1558,1503,0.0,0.0,13.0,13.0,35.4,1.6,0.1875,0.0,0.0,12.0,5.0,34.1,0.2,0.4666666666666667,-1.4,0.0,53.0,-27.0,18.0,18.0,482.0,0.0,0.05555555555555555,0.07692307692307693,0.0,0.0,0.019999999999999574,0.0,-0.8064999999999998,0.09350000000000591,-0.4064999999999941,0.10869999999999891,-0.9746999999999986,0.17057219474801769,0.5003998401278724,0.0,4.0,0.0
330,202404040411,14,18,22,177,1,2,1,5,0,0,0,0,2,2,4,18,0,0,0,0,0,0,0,0,1,0,1,0,0,0,0,0,0,0,0,0,0.0,0.0,110.0,9.0,33.8,1.0,0.875,0.0,0.0,70.0,7.0,32.8,0.3,0.5555555555555556,0.0,0.0,100.0,9.0,35.3,1.2,1.0,0.0,-4.0,0.0,0.0,0.0,1,1,33.0,10.0,1152,635,1428,0.0,0.0,90.0,1.0,34.2,0.0,0.7333333333333333,0.0,0.0,70.0,5.0,35.9,0.8,0.7777777777777778,-1.4,0.2,57.0,113.0,18.0,16.0,510.0,0.0,0.16666666666666666,-0.29411764705882354,0.06666666666666667,-0.1111111111111111,-0.5600000000000008,0.0,-1.7621000000000038,-2.3064999999999998,-0.3499000000000052,-2.174899999999994,-0.46160000000000423,0.1480782242391742,1.0972693379476164,0.0,3.0,0.0
331,202404040411,0,0,1,1,1,0,2,16,0,0,0,0,0,0,0,0,0,0,0,1,0,0,0,0,0,0,0,0,0,0,0,0,0,0,0,0,0.0,0.0,80.0,9.0,34.4,0.9,0.0625,0.0,0.0,20.0,1.0,34.1,0.0,0.0625,0.0,0.0,20.0,10.0,34.3,0.8,0.2222222222222222,0.5,4.0,-200.0,0.09523809523809523,0.16666666666666666,8,16,6.1,3.0,1706,1337,1428,0.0,0.0,50.0,2.0,34.8,0.1,0.058823529411764705,0.0,0.0,40.0,2.0,33.7,0.0,0.2,-1.3,0.6,56.0,36.0,18.0,16.0,490.0,0.0,0.0,0.0,0.0,0.0,0.06999999999999958,0.0,-0.6747000000000014,-1.4620999999999995,-0.8531000000000049,-0.3064999999999998,-1.406499999999994,0.07375246849715422,0.36110940170535377,0.0,3.0,1.0
332,202404040411,44,30,32,272,36,21,22,270,6,4,4,24,9,5,3,49,3,2,1,35,2,0,0,2,2,0,0,7,0,0,0,5,0,0,0,1,0.0,0.0,50.0,8.0,35.0,1.0,0.125,0.0,0.0,40.0,5.0,33.9,0.5,0.13333333333333333,0.0,0.0,70.0,1.0,34.3,0.0,0.1111111111111111,-3.5,0.0,0.0,0.16,0.28,8,17,20.0,8.0,1716,1428,1167,0.0,0.0,10.0,1.0,35.1,0.0,0.2727272727272727,0.0,0.0,70.0,1.0,35.0,0.0,0.1111111111111111,-1.8,0.6,57.0,113.0,18.0,16.0,476.0,0.0,0.0,0.0,0.0,0.0,-0.12000000000000029,0.0,-0.5621000000000009,-1.2064999999999984,-0.8064999999999998,-0.006499999999995509,-0.5621000000000009,0.06162352994525701,0.47581509013481393,0.0,5.0,0.6
333,202404040411,44,30,32,272,36,21,22,270,6,4,4,24,9,5,3,49,3,2,1,35,2,0,0,2,2,0,0,7,0,0,0,5,0,0,0,1,0.0,0.0,16.0,15.0,35.1,1.3,0.9444444444444444,0.0,0.0,16.0,9.0,33.9,0.7,0.75,0.0,0.0,14.0,14.0,35.0,1.0,0.6875,-0.5,2.0,0.0,0.14285714285714285,0.14285714285714285,5,10,85.9,16.0,1716,1428,1167,0.0,0.0,12.0,9.0,33.8,0.4,0.25,0.0,0.0,12.0,14.0,35.4,1.0,0.1875,-0.2,0.0,56.0,0.0,18.0,18.0,478.0,-0.05555555555555555,0.0625,-0.125,0.0,0.0,-0.04999999999999929,0.0,-0.006499999999995509,-1.2531000000000034,-0.153100000000002,-1.3531000000000049,0.03459999999999752,0.29493538735806085,0.6590902821313641,0.0,1.0,0.0
334,202404040411,25,20,20,201,7,6,10,126,0,0,0,6,1,2,0,21,0,2,1,15,0,0,0,1,0,0,0,1,0,1,0,2,0,0,0,0,0.0,0.0,120.0,12.0,35.3,1.0,0.625,0.0,0.0,90.0,10.0,35.0,1.7,0.2727272727272727,0.0,0.0,120.0,14.0,36.3,2.1,0.5882352941176471,1.0,-6.0,-400.0,0.0,0.16666666666666666,2,3,51.3,12.0,1506,1345,199,0.0,0.0,30.0,10.0,34.7,0.7,0.7222222222222222,0.0,0.0,20.0,8.0,34.4,0.5,0.4375,-0.8,0.0,55.0,106.0,18.0,16.0,498.0,0.125,0.0,0.29411764705882354,-0.05555555555555555,0.0,0.20999999999999944,0.0,-0.15920000000000556,-0.4592000000000027,0.6500999999999948,-0.37469999999999715,-0.6747000000000014,0.15754841426449606,0.6529931086925791,-2.0,0.0,
335,202404040411,17,19,16,123,0,0,0,1,0,0,0,1,3,3,4,21,0,0,0,1,0,0,0,1,0,0,1,1,0,0,0,0,0,0,0,0,0.0,0.0,180.0,11.0,34.2,0.9,0.8333333333333334,0.0,0.0,17.0,5.0,34.0,0.1,0.5,0.0,0.0,18.0,17.0,35.3,1.4,0.8333333333333334,3.0,0.0,-200.0,0.0,0.0,4,8,111.5,18.0,1463,289,1167,0.0,0.0,16.0,17.0,33.2,1.3,1.0,0.0,0.0,13.0,6.0,34.0,0.5,0.7692307692307693,0.2,0.0,51.0,-40.0,18.0,18.0,458.0,-0.05555555555555555,0.0,-0.1111111111111111,0.0,0.0,0.12000000000000029,0.0,-0.8746999999999971,-1.106499999999997,0.19350000000000023,-1.9530999999999992,-1.106499999999997,0.1626942777355416,0.6740919818541069,-4.0,3.0,0.0
336,202404040411,4,3,2,14,4,3,5,49,0,0,0,0,0,0,1,3,1,2,2,11,0,0,0,0,0,0,0,0,0,0,0,1,0,0,0,0,0.0,0.0,130.0,12.0,33.1,0.8,1.0,0.0,0.0,40.0,7.0,35.5,0.7,0.42857142857142855,0.0,0.0,70.0,16.0,35.4,1.4,0.16666666666666666,2.0,-10.0,200.0,0.0,0.3333333333333333,5,9,9.6,4.0,1540,1599,1036,0.0,0.0,150.0,1.0,34.2,0.0,0.2222222222222222,0.0,0.0,40.0,1.0,35.9,0.0,0.3076923076923077,-2.8,0.4,52.0,142.0,18.0,18.0,400.0,-0.05555555555555555,-0.07142857142857142,0.1111111111111111,-0.05555555555555555,0.0,-0.4299999999999997,0.0,-2.0531000000000006,0.39350000000000307,0.3252999999999986,-0.9064999999999941,0.08379999999999654,0.3007503228225415,1.0303397497912994,-3.0,2.0,0.5
337,202404040609,26,18,25,201,1,2,1,5,0,0,0,1,7,3,4,45,1,0,0,0,0,0,0,0,0,1,1,11,0,0,0,0,0,0,0,0,0.0,0.0,20.0,7.0,38.2,1.3,0.8666666666666667,0.0,0.0,70.0,2.0,36.9,0.3,0.0625,0.0,0.0,60.0,6.0,37.5,1.0,0.6666666666666666,-0.5,-4.0,-300.0,0.0,0.0,4,7,10.0,5.0,1393,397,1263,0.0,0.0,30.0,8.0,35.6,0.5,0.23076923076923078,0.0,0.0,70.0,4.0,34.6,0.1,0.6,0.0,0.2,56.0,92.0,18.0,15.0,492.0,-0.5333333333333333,0.0,-0.16666666666666666,0.07692307692307693,-0.2,0.85,0.0,-0.37759999999999394,-1.6775999999999982,-0.7794999999999987,-0.3166000000000011,-1.316600000000001,0.2949699112124998,1.3001538370516008,1.0,0.0,
338,202404040609,4,4,0,28,10,5,4,99,4,2,0,7,0,2,0,7,1,1,0,12,0,0,0,2,0,0,0,0,0,0,0,0,0,0,0,0,0.0,0.0,40.0,9.0,34.3,1.7,0.75,0.0,0.0,50.0,4.0,34.1,0.8,0.8181818181818182,0.0,0.0,70.0,6.0,33.8,0.5,1.0,-1.5,2.0,-400.0,0.0,0.0,8,16,38.7,10.0,1509,1328,1110,0.0,0.0,90.0,8.0,33.2,0.9,0.9333333333333333,0.0,0.0,30.0,4.0,35.1,0.5,0.9090909090909091,-0.6,0.0,56.0,57.0,18.0,16.0,454.0,-0.0625,0.0,-0.09090909090909091,0.0,-0.36363636363636365,-0.07000000000000099,0.0,-1.1592000000000056,-1.816600000000001,-1.2747000000000028,-1.906499999999994,-0.5499000000000009,0.08807918634407322,0.6228964600958972,1.0,1.0,0.0
339,202404040609,28,22,25,187,10,15,8,113,2,1,1,12,3,3,3,32,1,1,1,22,0,0,0,3,0,0,0,10,0,0,0,3,0,0,0,1,0.0,0.0,10.0,4.0,34.8,0.1,0.1875,0.0,0.0,30.0,4.0,33.4,0.4,0.4375,0.0,0.0,30.0,2.0,33.2,0.1,0.7142857142857143,-1.0,-2.0,-200.0,0.047619047619047616,0.21428571428571427,7,15,4.3,2.0,1098,1393,1294,0.0,0.0,20.0,1.0,33.6,0.0,0.6666666666666666,0.0,0.0,30.0,2.0,37.0,0.3,0.125,-0.7,0.6,56.0,28.0,18.0,16.0,470.0,0.0,-0.1875,0.0,0.0,0.0625,-0.46000000000000085,0.0,-0.27470000000000283,-1.6747000000000014,-1.906499999999994,-1.5064999999999955,0.6251000000000033,0.24026835667635188,1.4142135623730945,0.0,2.0,1.0
340,202404040609,3,5,1,20,2,0,5,28,0,0,0,0,0,1,0,1,1,0,1,2,0,0,0,0,0,0,0,0,0,0,0,0,0,0,0,0,0.0,0.0,20.0,2.0,35.1,0.2,0.16666666666666666,0.0,0.0,10.0,3.0,34.8,0.0,0.18181818181818182,0.0,0.0,10.0,2.0,34.1,0.1,0.13333333333333333,0.0,2.0,0.0,0.0,0.75,4,8,5.7,3.0,1676,1292,1428,0.0,0.0,30.0,1.0,34.6,0.0,0.1111111111111111,0.0,0.0,20.0,3.0,35.1,0.1,0.16666666666666666,0.0,1.0,56.0,14.0,18.0,18.0,492.0,0.05555555555555555,0.0,0.0,0.0,0.05555555555555555,0.019999999999999574,0.0,-0.006499999999995509,-0.35310000000000485,-1.0064999999999955,-0.5064999999999955,-1.2616000000000014,0.02584437740959181,0.37202150475476536,4.0,4.0,1.0
341,202404040609,44,30,32,272,36,21,22,270,6,4,4,24,9,5,3,49,3,2,1,35,2,0,0,2,2,0,1,8,1,0,0,5,0,0,0,0,0.0,0.0,20.0,1.0,36.3,0.0,0.3888888888888889,0.0,0.0,30.0,3.0,34.3,0.6,0.35294117647058826,0.0,0.0,20.0,2.0,34.2,0.1,0.6111111111111112,0.5,-4.0,0.0,0.0,0.09523809523809523,6,11,6.9,4.0,1716,1428,1167,0.0,0.0,40.0,2.0,34.6,0.1,0.5555555555555556,0.0,0.0,20.0,11.0,34.3,1.4,0.7777777777777778,1.9,0.8,56.0,50.0,18.0,18.0,486.0,0.0,0.0,-0.05555555555555555,-0.3333333333333333,-0.05555555555555555,0.36999999999999955,0.0,-0.06160000000000565,-0.8064999999999998,-0.9530999999999992,-0.5531000000000006,-0.8064999999999998,0.15467703810343325,0.7914543574963744,-1.0,3.0,0.6666666666666666
342,202404040609,1,1,1,36,17,14,19,171,0,0,0,3,0,1,0,5,3,0,4,28,0,0,0,0,0,1,0,0,0,0,0,4,0,0,0,0,0.0,0.0,50.0,2.0,34.6,0.1,0.16666666666666666,0.0,0.0,10.0,1.0,37.1,0.0,0.25,0.0,0.0,30.0,3.0,37.8,0.2,0.5,0.5,-2.0,0.0,0.16666666666666666,0.16666666666666666,8,17,3.8,1.0,1576,1405,1577,0.0,0.0,50.0,5.0,37.0,0.7,0.625,,,,,,,,1.1,0.75,54.0,49.0,18.0,18.0,456.0,0.0,-0.125,-0.1875,-0.0625,,-0.7899999999999991,0.0,-1.7616000000000014,-0.8110999999999962,-0.11110000000000042,-0.8984000000000023,,0.184877493221863,1.2090802289343736,1.0,1.0,1.0
343,202404040609,4,2,4,48,3,3,2,41,1,0,0,0,2,0,2,4,2,1,0,2,1,0,0,0,0,0,1,2,0,1,0,1,0,0,0,0,0.0,0.0,40.0,11.0,34.4,0.9,0.8888888888888888,0.0,0.0,90.0,4.0,34.0,0.4,0.3888888888888889,0.0,0.0,60.0,5.0,34.2,0.4,0.4,-3.0,12.0,0.0,0.043478260869565216,0.10869565217391304,5,10,15.8,7.0,1154,1079,1561,0.0,0.0,40.0,5.0,34.2,0.6,0.8125,0.0,0.0,90.0,12.0,35.4,1.4,0.7333333333333333,0.3,0.0,56.0,71.0,18.0,18.0,448.0,0.0,0.05555555555555555,-0.06666666666666667,0.0,0.0,-0.22000000000000028,0.0,-0.7064999999999984,-1.106499999999997,-0.9064999999999941,-0.9064999999999941,0.3252999999999986,0.21021814066979722,0.49638694583963316,0.0,4.0,0.0
344,202404040609,26,18,25,201,4,7,3,47,0,0,0,0,7,3,4,45,1,1,0,4,0,0,0,0,0,1,1,11,1,0,0,1,0,0,0,0,0.0,0.0,140.0,13.0,36.5,1.7,0.75,0.0,0.0,140.0,8.0,37.6,1.3,0.6666666666666666,0.0,0.0,60.0,12.0,39.8,2.7,0.46153846153846156,-0.5,16.0,0.0,0.043478260869565216,0.06521739130434782,2,4,175.5,16.0,1393,1170,1263,0.0,0.0,110.0,16.0,34.1,1.3,0.8333333333333334,0.0,0.0,80.0,8.0,34.5,1.0,0.5625,-0.2,0.0,58.0,126.0,18.0,16.0,482.0,0.0625,0.06666666666666667,0.0,0.05555555555555555,0.125,0.75,0.0,-1.7794999999999987,-0.4725999999999999,1.7273999999999958,-1.0531000000000006,-0.5747,0.13186911756855857,2.090932806189619,0.0,0.0,
345,202404040609,4,3,2,14,0,0,0,4,0,0,0,0,0,0,1,3,0,0,0,0,0,0,0,0,0,0,0,0,0,0,0,0,0,0,0,0,0.0,0.0,80.0,4.0,33.8,0.6,0.06666666666666667,0.0,0.0,40.0,3.0,35.1,0.7,0.125,0.0,0.0,60.0,6.0,34.7,0.7,0.6,1.0,12.0,200.0,0.034482758620689655,0.034482758620689655,1,1,25.8,9.0,1540,1716,1036,0.0,0.0,20.0,3.0,34.3,0.5,0.4444444444444444,0.0,0.0,110.0,9.0,33.6,1.0,0.8333333333333334,1.0,0.4,56.0,29.0,18.0,15.0,488.0,0.0,0.0,0.1,0.0,0.0,0.11999999999999958,0.0,-1.3531000000000049,-0.05310000000000059,-0.45309999999999917,-0.8064999999999998,-1.5064999999999955,0.2882792713179443,0.5549774770204653,2.0,2.0,0.5
346,202404040609,0,1,0,6,8,6,6,151,0,0,0,0,0,0,0,0,2,0,0,20,0,0,0,0,0,0,0,0,0,0,0,3,0,0,0,0,0.0,0.0,140.0,6.0,34.5,0.5,0.6666666666666666,0.0,0.0,70.0,7.0,34.9,0.6,0.8823529411764706,0.0,0.0,80.0,7.0,34.7,1.1,0.6875,0.5,-4.0,0.0,0.0,0.0,3,6,67.5,13.0,1286,1235,1503,0.0,0.0,70.0,4.0,35.5,0.9,0.6666666666666666,0.0,0.0,20.0,12.0,36.2,1.2,1.0,0.9,0.0,54.0,49.0,18.0,18.0,436.0,0.0,-0.23529411764705882,-0.0625,0.0,0.0,-0.4000000000000007,0.0,-1.8616000000000028,-0.9162000000000035,-0.45309999999999917,0.346899999999998,1.0469000000000008,0.1364692148341981,0.6183849933496129,1.0,1.0,0.0
347,202404040609,3,3,4,48,0,0,6,13,0,0,0,1,1,0,1,8,0,0,1,4,0,0,0,0,1,0,0,3,0,0,0,0,0,0,0,0,0.0,0.0,120.0,15.0,40.1,2.4,0.8125,0.0,0.0,8.0,11.0,35.9,1.0,0.5,0.0,0.0,7.0,7.0,34.7,0.7,0.5555555555555556,-4.0,-10.0,-400.0,0.10869565217391304,0.1956521739130435,6,12,24.9,8.0,1396,118,1556,0.0,0.0,7.0,6.0,36.7,1.2,0.2857142857142857,0.0,0.0,4.0,7.0,34.4,0.8,0.4,-2.1,0.0,54.0,-55.0,18.0,16.0,502.0,0.0625,0.05555555555555555,0.0,0.0,0.1,1.06,0.0,0.47409999999999997,0.7935000000000016,-0.4064999999999941,0.7834000000000003,-0.6747000000000014,0.1766820862079619,2.045091684986275,-1.0,2.0,0.0
348,202404040609,4,4,4,37,3,2,2,8,0,0,0,0,1,1,3,7,0,0,1,0,0,0,0,0,0,0,0,1,0,0,0,0,0,0,0,0,0.0,0.0,70.0,14.0,36.2,1.7,0.1111111111111111,0.0,0.0,30.0,3.0,36.0,0.3,0.3125,0.0,0.0,30.0,3.0,34.6,0.2,0.1875,-5.5,0.0,0.0,0.21052631578947367,0.2631578947368421,5,9,41.6,12.0,1064,464,1556,0.0,0.0,90.0,2.0,36.4,0.0,0.05555555555555555,0.0,0.0,90.0,10.0,34.2,0.5,0.4117647058823529,-0.9,0.6,56.0,57.0,18.0,18.0,474.0,0.0,0.0,-0.0625,0.0,0.0,0.36000000000000015,0.0,1.093500000000006,0.8935000000000031,-0.5531000000000006,1.2935000000000016,-0.9064999999999941,0.1305311661759139,0.8997777503361584,0.0,4.0,0.5
349,202404040609,17,19,16,123,0,1,1,33,0,1,0,2,3,3,4,21,0,1,1,9,0,1,0,0,0,2,1,3,0,1,0,0,0,1,0,0,0.0,0.0,17.0,13.0,36.0,1.6,0.7777777777777778,0.0,0.0,15.0,12.0,34.7,0.9,0.6666666666666666,0.0,0.0,14.0,11.0,37.2,1.8,0.125,-1.0,-4.0,0.0,0.17647058823529413,0.4117647058823529,7,13,244.8,17.0,1463,1221,1167,0.0,0.0,12.0,12.0,35.1,1.3,0.8461538461538461,0.0,0.0,11.0,11.0,37.1,1.2,0.8125,-0.4,0.0,58.0,0.0,18.0,18.0,532.0,-0.1111111111111111,0.05555555555555555,0.0,-0.23076923076923078,-0.0625,-0.2600000000000001,0.0,0.8935000000000031,-0.4064999999999941,-0.05509999999999593,0.025300000000001432,-0.4913999999999987,0.26721399014932146,1.0146920715172656,0.0,2.0,0.0
350,202404040609,1,2,2,21,2,4,4,14,0,0,1,0,0,0,0,3,0,1,0,0,0,0,0,0,0,0,0,0,0,0,0,0,0,0,0,0,0.0,0.0,180.0,10.0,35.3,0.8,0.16666666666666666,0.0,0.0,140.0,13.0,34.8,0.9,0.9285714285714286,0.0,0.0,150.0,13.0,38.5,3.5,0.8125,1.5,0.0,0.0,0.0,0.0,2,3,453.7,18.0,1449,197,1306,0.0,0.0,160.0,16.0,34.6,1.2,0.7777777777777778,0.0,0.0,120.0,10.0,36.3,1.4,0.5,0.3,0.0,56.0,71.0,18.0,18.0,452.0,0.0,0.0,0.125,0.0,0.07142857142857142,-0.18000000000000044,0.0,0.19350000000000023,-0.35310000000000485,0.5889000000000024,-0.5531000000000006,1.1468999999999951,0.2740857245077473,1.4268847185389577,3.0,1.0,0.0
351,202404040609,14,18,22,177,0,1,0,23,0,0,0,0,2,2,4,18,0,0,0,1,0,0,0,0,0,1,2,4,0,0,0,0,0,0,0,0,0.0,0.0,160.0,11.0,42.9,4.2,0.875,0.0,0.0,15.0,15.0,35.9,1.8,0.9444444444444444,0.0,0.0,1.0,1.0,42.0,0.0,0.625,-5.0,12.0,-400.0,0.14285714285714285,0.14285714285714285,3,5,152.7,15.0,1152,1736,1428,0.0,0.0,6.0,9.0,41.0,2.3,0.21428571428571427,0.0,0.0,1.0,5.0,38.0,0.6,0.125,-1.8,0.2,56.0,-63.0,18.0,16.0,468.0,0.0,-0.05555555555555555,-0.5,0.0,0.0,0.4699999999999996,0.0,3.274099999999997,0.7935000000000016,3.846200000000003,1.7905999999999977,-0.07260000000000133,0.3346454711076028,2.6157981573508304,1.0,1.0,0.0
352,202404040609,0,1,0,6,2,1,1,32,0,0,0,0,0,0,0,0,0,0,0,4,0,0,0,0,0,0,0,0,0,0,0,2,0,0,0,0,0.0,0.0,10.0,1.0,35.1,0.0,0.125,0.0,0.0,10.0,3.0,35.5,0.1,0.375,0.0,0.0,30.0,2.0,34.3,0.3,0.25,0.5,-2.0,200.0,0.02631578947368421,0.18421052631578946,1,2,41.1,11.0,1286,1103,1503,0.0,0.0,40.0,3.0,34.9,0.2,0.375,0.0,0.0,40.0,3.0,34.9,0.6,0.25,0.4,1.0,54.0,64.0,18.0,16.0,446.0,0.0,-0.0625,0.0,-0.1875,-0.0625,0.10000000000000071,0.0,-0.05310000000000059,-0.31620000000000203,-0.8531000000000049,-0.25310000000000343,-0.25310000000000343,0.09354143466934853,0.3878143885933074,-1.0,0.0,
353,202404040609,3,4,1,56,36,21,22,270,1,1,0,6,0,0,0,8,3,2,1,35,0,0,0,2,0,0,0,3,1,0,0,5,0,0,0,1,0.0,0.0,15.0,16.0,38.4,4.7,0.125,0.0,0.0,14.0,17.0,37.7,2.0,0.1111111111111111,0.0,0.0,7.0,13.0,36.8,3.9,0.6923076923076923,-1.5,-2.0,-200.0,0.09090909090909091,0.18181818181818182,7,14,73.3,14.0,1426,1428,306,0.0,0.0,7.0,3.0,36.2,0.2,0.0625,0.0,0.0,5.0,4.0,34.0,0.3,0.1,-3.8,0.2,56.0,-6.0,18.0,16.0,472.0,0.0,0.0,0.0,0.0,0.0,1.0299999999999998,0.0,3.3252999999999986,2.593500000000006,1.7252999999999972,1.093500000000006,-1.0747,0.2379689486929777,1.5104966070799364,0.0,2.0,0.5
354,202404040609,7,9,6,47,1,0,0,8,0,0,0,0,1,1,1,6,1,0,0,0,0,0,0,0,0,0,0,0,0,0,0,0,0,0,0,0,0.0,0.0,10.0,1.0,34.2,0.0,0.4375,0.0,0.0,60.0,7.0,34.5,0.5,0.16666666666666666,0.0,0.0,40.0,4.0,35.0,0.1,0.058823529411764705,1.5,-6.0,200.0,0.07692307692307693,0.15384615384615385,8,18,13.0,6.0,1289,1645,1428,0.0,0.0,50.0,5.0,34.7,0.9,0.375,0.0,0.0,70.0,4.0,36.5,0.5,0.16666666666666666,0.4,0.2,54.0,99.0,18.0,16.0,454.0,0.0625,-0.05555555555555555,0.0,0.0625,-0.05555555555555555,-0.4799999999999997,0.0,-0.9530999999999992,-0.6064999999999969,-0.07469999999999999,-0.37469999999999715,0.12510000000000332,0.14199111364887587,0.803492377064026,2.0,1.0,0.0
355,202404040805,0,0,0,0,6,9,4,99,0,0,0,0,0,0,0,0,0,1,2,18,0,0,0,0,0,0,0,0,0,0,0,6,0,0,0,0,0.0,0.0,10.0,2.0,34.6,0.0,0.08333333333333333,0.0,0.0,30.0,2.0,36.5,0.2,0.07142857142857142,0.0,0.0,40.0,3.0,35.7,0.5,0.46153846153846156,0.5,4.0,-200.0,0.0,0.22857142857142856,2,2,3.0,2.0,1627,1366,760,0.0,0.0,30.0,4.0,35.5,0.3,0.2222222222222222,,,,,,,,0.7,0.75,56.0,50.0,11.0,12.0,478.0,0.0,0.0,-0.07692307692307693,0.0,,-0.18999999999999986,0.0,-0.47469999999999857,1.393500000000003,0.5469000000000008,0.346899999999998,,0.15705645475734836,0.6759252917297883,1.0,1.0,1.0
356,202404040805,0,0,0,0,0,0,0,7,0,0,0,0,0,0,0,0,0,0,0,0,0,0,0,0,0,0,0,0,0,0,0,0,0,0,0,0,0.0,0.0,80.0,5.0,35.8,0.4,0.07142857142857142,0.0,0.0,150.0,4.0,34.9,0.6,0.25,,,,,,,,-1.0,-2.0,0.0,,,7,8,16.1,4.0,1382,1576,707,,,,,,,,,,,,,,,-1.0,0.0,52.0,21.0,11.0,14.0,460.0,0.0,-0.0625,,,,0.8999999999999986,0.0,0.6935000000000002,-0.1747000000000014,,,,0.0892857142857143,0.4499999999999993,0.0,1.0,0.0
357,202404040805,0,0,0,0,26,24,35,278,0,0,0,0,0,0,0,0,1,1,3,35,0,0,0,0,0,0,0,0,0,0,1,12,0,0,0,0,0.0,0.0,40.0,10.0,35.1,0.9,0.13333333333333333,,,,,,,,,,,,,,,,,-200.0,0.10638297872340426,0.19148936170212766,1,1,22.8,8.0,1652,1167,314,,,,,,,,,,,,,,,,0.0,55.0,22.0,11.0,15.0,440.0,0.0,,,,,,,0.025300000000001432,,,,,,,0.0,0.0,
358,202404040805,0,0,0,0,8,4,6,75,0,0,0,0,0,0,0,0,0,1,1,6,0,0,0,0,0,0,0,0,0,0,0,3,0,0,0,0,0.0,0.0,70.0,8.0,37.3,0.9,0.07142857142857142,0.0,0.0,90.0,6.0,36.6,0.8,0.6666666666666666,,,,,,,,-2.0,6.0,-600.0,0.0,0.06451612903225806,6,6,20.1,7.0,1347,1014,1396,,,,,,,,,,,,,,,-2.0,0.0,56.0,15.0,11.0,14.0,500.0,0.0,-0.1111111111111111,,,,0.6999999999999957,0.0,1.3833999999999946,0.26830000000000354,,,,0.2976190476190476,0.34999999999999787,0.0,0.0,
359,202404040805,7,8,7,70,9,8,6,110,0,0,0,2,0,2,0,17,0,0,1,25,0,0,0,1,0,2,0,9,0,0,1,11,0,0,0,0,0.0,0.0,30.0,8.0,35.6,0.9,0.2777777777777778,,,,,,,,,,,,,,,,,0.0,0.02564102564102564,0.1794871794871795,3,3,89.1,9.0,1677,1618,1167,,,,,,,,,,,,,,,,0.0,55.0,22.0,11.0,18.0,416.0,0.0,,,,,,,0.4935000000000045,,,,,,,0.0,1.0,0.0
360,202404040805,2,3,2,10,36,21,22,270,0,0,0,0,0,1,0,1,3,2,1,35,0,0,0,0,0,1,0,1,1,1,1,12,0,0,0,0,0.0,0.0,80.0,3.0,35.1,0.4,0.2777777777777778,,,,,,,,,,,,,,,,,0.0,0.0,0.2857142857142857,5,5,16.1,5.0,1282,1428,377,,,,,,,,,,,,,,,,1.0,52.0,22.0,11.0,18.0,444.0,0.0,,,,,,,-0.006499999999995509,,,,,,,0.0,1.0,1.0
361,202404040805,0,0,0,0,9,8,6,110,0,0,0,0,0,0,0,0,0,0,1,25,0,0,0,0,0,0,0,0,0,0,1,11,0,0,0,0,0.0,0.0,90.0,4.0,35.6,0.8,0.4666666666666667,,,,,,,,,,,,,,,,,0.0,0.1282051282051282,0.1282051282051282,4,4,19.8,6.0,1382,1618,707,,,,,,,,,,,,,,,,0.0,56.0,28.0,11.0,15.0,524.0,0.0,,,,,,,-0.7616000000000014,,,,,,,1.0,1.0,0.0
362,202404040805,0,0,0,0,3,3,6,41,0,0,0,0,0,0,0,0,2,1,2,13,0,0,0,0,0,0,0,0,1,0,0,4,0,0,0,0,0.0,0.0,40.0,4.0,36.6,0.9,0.5625,0.0,0.0,90.0,4.0,39.4,0.6,0.125,0.0,0.0,40.0,6.0,36.5,1.1,0.7272727272727273,1.0,-2.0,100.0,0.0425531914893617,0.06382978723404255,7,9,8.2,3.0,1382,1708,707,0.0,0.0,30.0,5.0,36.3,1.4,0.4,,,,,,,,0.5,0.0,56.0,13.0,11.0,16.0,472.0,-0.0625,0.0,-0.09090909090909091,0.0,,0.3800000000000011,0.0,-0.9913999999999987,1.488900000000001,0.6022999999999996,1.1468999999999951,,0.22226496401901022,1.274754878398196,0.0,0.0,
363,202404040805,0,3,0,28,0,0,0,3,0,0,0,0,0,2,0,7,0,0,0,1,0,0,0,0,0,0,0,1,0,0,0,1,0,0,0,0,0.0,0.0,70.0,8.0,35.5,0.6,0.3076923076923077,0.0,0.0,70.0,11.0,39.9,3.4,0.4,0.0,0.0,,,,,,3.0,0.0,200.0,0.0,0.06896551724137931,6,7,162.9,10.0,1520,1431,695,,,,,,,,,,,,,,,3.0,0.0,54.0,29.0,11.0,13.0,434.0,-0.07692307692307693,0.0,,,,-4.399999999999999,0.0,0.346899999999998,1.988900000000001,,,,0.046153846153846156,2.1999999999999993,-1.0,0.0,
364,202404040805,4,2,4,48,0,0,0,0,0,0,0,0,2,0,2,4,0,0,0,0,0,0,0,0,1,0,1,2,0,0,0,0,0,0,0,0,0.0,0.0,10.0,4.0,33.0,0.1,0.4666666666666667,,,,,,,,,,,,,,,,,-200.0,0.07142857142857142,0.14285714285714285,8,11,1.9,1.0,1154,1310,1561,,,,,,,,,,,,,,,,0.0,55.0,14.0,11.0,15.0,482.0,0.0,,,,,,,-2.0747,,,,,,,-1.0,0.0,
365,202404040805,5,8,6,143,0,1,0,2,0,0,0,0,0,3,0,22,0,0,0,0,0,0,0,0,0,1,0,4,0,0,0,0,0,0,0,0,0.0,0.0,11.0,11.0,37.9,2.8,1.0,0.0,0.0,10.0,10.0,36.8,3.0,0.9,0.0,0.0,18.0,17.0,38.6,3.3,0.2222222222222222,3.0,-8.0,0.0,0.0,0.25,8,10,236.0,11.0,1090,1562,1169,,,,,,,,,,,,,,,3.0,0.0,52.0,0.0,11.0,11.0,440.0,0.0,0.0,0.05555555555555555,,,-0.3500000000000014,0.0,2.7935000000000016,1.7252999999999972,3.4935000000000045,,,0.3454981890375952,0.740870359029764,0.0,2.0,0.0
