tree
version=v4
num_class=1
num_tree_per_iteration=1
label_index=0
max_feature_idx=49
objective=lambdarank
feature_names=f_course1 f_course2 f_course3 f_courseout mf_course1 mf_course2 mf_course3 mf_courseout f_mf_course1 f_mf_course2 f_mf_course3 f_mf_courseout f_len1 f_len2 f_len3 f_lenout mf_len1 mf_len2 mf_len3 mf_classout f_mf_len1 f_mf_len2 f_mf_len3 f_mf_classout f_class1 f_class2 f_class3 f_classout mf_class1 mf_class2 mf_class3 mf_classout.1 f_mf_class1 f_mf_class2 f_mf_class3 f_mf_classout.1 time_df_course1 time_df_class1 ninki_1 result_1 time_df_course2 time_df_class2 ninki_2 result_2 time_df_course3 time_df_class3 ninki_3 result_3 waku umaban
feature_infos=[-1:50] [-1:43] [-1:42] [-1:343] [-1:48] [-1:43] [-1:43] [-1:415] [-1:6] [-1:8] [-1:5] [-1:37] [-1:23] [-1:20] [-1:24] [-1:154] [-1:30] [-1:21] [-1:32] [-1:191] [-1:5] [-1:5] [-1:4] [-1:32] [-1:10] [-1:12] [-1:11] [-1:57] [-1:13] [-1:8] [-1:10] [-1:70] [-1:3] [-1:4] [-1:3] [-1:13] [-1:0] [-1:0] [-1:180] [-1:140] [-1:0] [-1:0] [-1:180] [-1:180] [-1:0] [-1:0] [-1:180] [-1:180] [1:8] [1:16]
tree_sizes=5351 4890 4535 5504 5468 4953 5520

Tree=0
num_leaves=51
num_cat=0
split_feature=19 19 46 42 0 5 38 11 0 25 38 3 19 4 7 5 7 29 38 24 27 47 42 12 15 48 39 31 11 4 49 3 31 4 15 49 29 31 47 43 49 42 49 15 49 3 38 49 49 49
split_gain=6.08158 4.59335 4.13413 3.97543 3.59664 3.56703 3.43727 3.02734 3.01153 5.74178 3.67152 3.11875 3.62091 2.97828 2.75573 3.28554 2.7103 3.52144 3.81211 2.5631 2.53235 2.52823 3.40091 3.84826 3.26881 2.96151 2.26681 3.35901 2.28464 2.24366 2.15687 2.12659 2.00211 1.86146 1.80363 1.76185 1.74526 1.72892 2.0862 1.48224 2.05932 2.4669 2.05222 2.09743 1.43647 1.39235 1.35855 1.35406 1.98812 1.67018
threshold=17.500000000000004 112.00000000000001 11.500000000000002 135.00000000000003 1.0000000180025095e-35 5.5000000000000009 75.000000000000014 1.5000000000000002 6.5000000000000009 2.5000000000000004 125.00000000000001 42.500000000000007 2.5000000000000004 1.0000000180025095e-35 14.500000000000002 1.5000000000000002 230.50000000000003 1.5000000000000002 2.5000000000000004 2.5000000000000004 1.0000000180025095e-35 16.500000000000004 15.500000000000002 4.5000000000000009 35.500000000000007 5.5000000000000009 8.5000000000000018 49.500000000000007 1.0000000180025095e-35 2.5000000000000004 2.5000000000000004 18.500000000000004 4.5000000000000009 22.500000000000004 62.500000000000007 12.500000000000002 2.5000000000000004 2.5000000000000004 7.5000000000000009 9.5000000000000018 12.500000000000002 14.500000000000002 2.5000000000000004 2.5000000000000004 5.5000000000000009 42.500000000000007 55.000000000000007 1.5000000000000002 8.5000000000000018 5.5000000000000009
decision_type=2 2 2 2 2 2 2 2 2 2 2 2 2 2 2 2 2 2 2 2 2 2 2 2 2 2 2 2 2 2 2 2 2 2 2 2 2 2 2 2 2 2 2 2 2 2 2 2 2 2
left_child=4 3 33 5 14 -2 -5 8 10 20 11 12 -6 -13 37 29 17 18 -7 -11 -10 22 23 25 31 -9 27 -4 -28 -16 -19 -24 -22 -3 -25 -18 -35 39 -39 42 41 -41 -1 -44 -12 -30 -26 -17 49 -49
right_child=1 2 26 6 7 16 -8 21 9 19 44 13 -14 -15 15 47 35 30 -20 -21 32 -23 24 34 46 -27 28 -29 45 -31 -32 -33 -34 36 -36 -37 -38 38 -40 40 -42 -43 43 -45 -46 -47 -48 48 -50 -51
leaf_value=-0.006222236639295599 -0.0091337601652509339 0 -0.012749178060300964 -0.0041423898247527173 -0.0005954849160945254 0.002634494114030279 0.012059728690696998 0.0075451929154969708 0 -0.012477391735833119 0 0 0.0046027265204915298 -0.0096391641487692126 -0.01852414281271704 -0.01567472959154434 -0.014664603093820946 -0.0055795340603368073 -0.0058316031335375823 0.0001166640029702321 0.0088051637020579027 0.011486229076983785 0 -0.01340541997741679 -0.0053180276520572618 -0.001835260619800708 -0.0070864507480454244 0.0029742989805816205 0 0 0.0026434834263827493 -0.013615109453224911 -0.00065564991324634325 0.018144811280920593 0 0 0.0037288338271560832 0.014105028726951881 0 -0.0094150160155405376 0.0054373664693901013 0 0.0051944856292308345 -0.0036629538534024486 0.016472331613640281 0.013485772610984027 0.0085999183159022052 -0.00070008462610965838 -0.0068740958706060345 0.0077532756356581203
leaf_weight=5.5170075707137576 27.517690778011456 1.5735405986197317 7.5298138519283402 3.4105057402048242 58.474920432083309 12.726122460560871 6.9973207041621208 17.563054846599702 6.6359657882712773 4.4067049697041503 2.0986309931613496 12.976122599560769 57.264088295632973 11.703980369959025 5.8553924083244038 1.3617391029838497 6.9730624470394087 8.2041988172568363 59.351206548046321 10.375269063748418 58.475772995152511 3.1953013185411683 2.4598546745255616 5.3540331469848743 2.0111408410593858 10.141051652841268 1.8494329946115602 3.070692682871595 1.3497065221890805 2.9742720136418939 41.39565860806033 12.002366188913582 2.346123047405853 5.6209827600978306 1.9184486782178281 1.5264466912485657 8.966600514482705 4.3954090308397999 1.6156881237402556 13.475574178854009 3.8914716164581469 11.191231490112839 27.846651702653617 5.7938451040536156 5.0627238256856799 4.5953014111146331 3.4211990972980857 7.9783055896405193 7.3579920681659123 8.1762945563532394
leaf_count=82 453 23 138 65 879 169 61 223 97 77 29 187 751 203 103 28 124 122 951 150 672 25 32 84 30 160 26 38 16 46 552 214 36 37 26 24 125 41 33 204 50 162 366 83 38 44 37 112 120 82
internal_value=0 -0.0021487 0.00266828 -0.00323391 0.00110173 -0.00389657 0.00524876 0.00201167 0.00281609 0.00522835 0.00136244 0.000695232 0.00184104 -0.00402676 -0.00118898 -0.00483085 -0.00266292 -0.00191841 -0.00411597 -0.0026188 0.00718355 -0.000899125 -0.0019244 0.000533448 -0.00702353 0.00354585 -0.00157923 -0.00672294 0.00340145 -0.0130371 0.000957601 -0.010953 0.00817969 0.00846236 -0.00870079 -0.0113569 0.0104327 0.000264664 0.00815107 -0.000210521 -0.00304313 -0.00503455 0.00145355 0.00319404 0.0121045 0.00934465 0.000570684 -0.00125042 0 0.00261963
internal_weight=0 202.658 34.5561 168.102 395.318 157.694 10.4078 287.887 229.82 82.2398 147.58 140.419 115.739 24.6801 107.431 33.704 130.177 121.677 72.0773 14.782 67.4579 58.0665 54.8711 34.9766 19.8946 27.7041 18.3949 10.6005 7.79444 8.82966 49.5999 14.4622 60.8219 16.1611 7.27248 8.49951 14.5876 73.7269 6.0111 67.7158 28.5583 24.6668 39.1575 33.6405 7.16135 5.94501 5.43234 24.8743 23.5126 16.1546
internal_count=8430 2968 447 2521 5462 2395 126 3950 3119 1032 2087 2020 1630 390 1512 491 1942 1794 1120 227 805 831 806 493 313 383 262 176 86 149 674 246 708 185 110 148 162 1021 74 947 416 366 531 449 67 60 67 342 314 194
is_linear=0
shrinkage=0.0152587


Tree=1
num_leaves=46
num_cat=0
split_feature=2 28 27 42 29 42 38 12 19 19 17 46 12 46 8 14 23 27 3 2 4 39 24 38 18 47 38 3 47 39 7 16 47 13 44 4 7 2 5 47 18 3 39 6 46
split_gain=11.461 19.4306 15.5061 19.353 20.0505 13.5945 10.5287 16.1889 11.7395 19.0227 16.0474 17.1522 11.0895 19.5735 14.6194 22.5511 13.7713 12.2001 11.6509 10.8686 16.5494 11.5871 8.86734 8.74137 8.28151 8.24629 9.3432 7.53891 7.3593 7.05315 6.81735 6.04874 5.9332 4.8432 4.57705 4.55147 3.41637 2.78895 2.4578 2.43261 2.28106 1.94742 1.65252 1.50353 1.01886
threshold=35.000000000000007 3.5000000000000004 19.500000000000004 75.000000000000014 1.5000000000000002 55.000000000000007 125.00000000000001 4.5000000000000009 55.500000000000007 117.00000000000001 1.0000000180025095e-35 135.00000000000003 5.5000000000000009 95.000000000000014 1.0000000180025095e-35 6.5000000000000009 1.5000000000000002 10.500000000000002 41.500000000000007 1.0000000180025095e-35 9.5000000000000018 85.000000000000014 2.5000000000000004 2.5000000000000004 4.5000000000000009 11.500000000000002 105.00000000000001 145.00000000000003 6.5000000000000009 6.5000000000000009 15.500000000000002 2.5000000000000004 6.5000000000000009 19.000000000000004 -1.0000000180025095e-35 15.500000000000002 232.50000000000003 25.500000000000004 1.0000000180025095e-35 3.5000000000000004 1.0000000180025095e-35 97.500000000000014 10.500000000000002 8.5000000000000018 85.000000000000014
decision_type=2 2 2 2 2 2 2 2 2 2 2 2 2 2 2 2 2 2 2 2 2 2 2 2 2 2 2 2 2 2 2 2 2 2 2 2 2 2 2 2 2 2 2 2 2
left_child=2 5 6 25 22 24 12 8 10 -10 11 -8 14 16 19 17 18 -16 -14 20 -1 -21 -5 -18 33 26 29 42 -12 30 -4 40 -24 39 -6 -33 -26 -36 -9 -2 -27 -31 -15 -29 -7
right_child=1 -3 3 4 34 44 7 38 9 -11 28 -13 13 27 15 -17 23 -19 -20 21 -22 -23 32 -25 36 31 -28 43 -30 41 -32 35 -34 -35 37 -37 -38 -39 -40 -41 -42 -43 -44 -45 -46
leaf_value=-0.00092243437935012865 0.021706266867586543 0.023111527853808007 -0.00011966110071564475 0.019914058358886329 0.00076051278770047838 -0.022556694022480905 0.0060010143302280513 0 -0.025337093706423102 0.01023880512637528 0.0050880453294315561 -0.020423099812084702 -0.0087699996610836727 0.011051507363799373 -0.0065982243168306032 0.023016344637590298 0.0086627626830406909 0.0070550423808255543 0.0047219786142714713 0.00060923875261799983 -0.01016168460588217 0.013127569778587185 0.01424367578089715 -0.0069002512258228748 -0.018234316389468482 0 0.0034710066489300486 -0.0077406151185505324 0.019371441252058846 -0.0071332106032710981 -0.012445743174121752 0.016951795437296413 -0.011713351140258024 0 -0.022753628515146347 -0.00052189330146379181 0 0 -0.019696960204909266 0.0056230225937270112 -0.018441442353611365 -0.021057759992728759 0.023504825652846742 0.0064711595406747938 -0.0022436687297018145
leaf_weight=471.54794597253203 8.6458185240626424 13.20205947011709 19.978140480816364 15.085324440151455 3.0338823795318595 4.4862825945019713 34.247365035116673 3.2036779150366765 6.4798907898366433 6.7037955410778522 16.372735094279051 6.6880391277372828 15.573639012873171 12.406414609402423 178.15033330954611 6.4527667686343184 8.9227556698024255 15.493616145104168 164.80413836240768 1066.9350231103599 50.673718143254519 17.589242614805698 3.6922767758369428 58.047409221529961 3.4426719695329657 4.0104635842144516 8.5755249857902509 3.1657203361392012 30.934487907215953 7.0444670692086246 30.332453891634941 6.2944741882383806 4.4098487533628941 6.6765611022710791 5.9809403121471387 4.1077709943056107 3.1896917447447777 2.764474168419838 6.0790055096149445 7.5218410193920127 3.3534444384276867 22.501115474849939 12.40275829285383 3.6350165531039238 2.9446382224559784
leaf_count=1643 17 18 64 26 12 24 85 10 29 16 50 26 43 29 750 10 29 52 416 3838 248 34 9 286 19 18 25 16 59 26 150 16 24 23 30 15 10 12 28 21 18 114 14 14 14
internal_value=0 0.00721453 -0.00015489 -0.00505886 0.00448864 0.00106193 0.000153237 0.00473951 0.0066141 -0.00609999 0.00869683 0.00126605 -8.2768e-05 0.00273926 -0.000527331 -0.00441648 0.00122196 -0.00542156 0.00346592 -3.29366e-05 -0.00185072 0.00082783 0.0130287 -0.00458253 0.00611561 -0.00835257 -0.0102685 0.014079 0.0147794 -0.0119442 -0.00787351 0.00029958 0 0.0107673 -0.0109609 0.00858888 -0.00748321 -0.0167924 -0.013932 0.0152635 -0.00924786 -0.0183009 0.0179695 0 -0.0167266
internal_weight=0 50.1096 2337.67 141.165 34.9667 36.9075 2196.51 110.709 101.426 13.1837 88.2426 40.9354 2085.8 278.958 1806.84 200.097 247.348 193.644 180.378 1606.75 522.222 1084.52 23.1874 66.9702 29.4766 106.198 88.4317 31.6099 47.3072 79.8562 50.3106 17.7662 8.10213 22.8442 11.7793 10.4022 6.63236 8.74541 9.28268 16.1677 7.36391 29.5456 24.8092 6.80074 7.43092
internal_count=8430 146 8284 559 113 128 7725 303 265 45 220 111 7422 847 6575 812 774 802 459 5763 1891 3872 59 315 90 446 379 73 109 354 214 67 33 61 54 31 29 42 38 38 36 140 43 30 38
is_linear=0
shrinkage=0.0152587


Tree=2
num_leaves=42
num_cat=0
split_feature=2 38 23 1 0 39 42 8 49 0 24 47 43 29 1 35 11 46 39 5 42 43 11 26 42 29 28 39 39 39 49 28 27 11 9 16 4 48 43 43 47
split_gain=17.3476 16.3341 16.9016 13.3724 16.3357 11.5839 10.9992 10.0851 9.7577 13.2792 8.96267 20.357 11.6944 19.8747 9.98812 8.81777 8.32751 8.76015 7.91531 10.7279 20.853 8.79075 7.86308 15.3123 8.17879 7.38805 7.19787 15.5066 7.36833 6.62161 6.16985 5.63848 4.88454 4.46388 3.11485 2.23067 2.56195 2.07202 1.74147 0.27882 0.0261036
threshold=35.000000000000007 85.000000000000014 1.5000000000000002 23.500000000000004 1.0000000180025095e-35 55.000000000000007 55.000000000000007 2.5000000000000004 10.500000000000002 39.000000000000007 1.5000000000000002 9.5000000000000018 10.500000000000002 2.5000000000000004 8.5000000000000018 1.5000000000000002 5.5000000000000009 9.5000000000000018 7.5000000000000009 1.5000000000000002 125.00000000000001 5.5000000000000009 1.0000000180025095e-35 1.0000000180025095e-35 1.0000000180025095e-35 2.5000000000000004 1.0000000180025095e-35 13.500000000000002 12.500000000000002 4.5000000000000009 4.5000000000000009 2.5000000000000004 21.500000000000004 1.0000000180025095e-35 1.0000000180025095e-35 4.5000000000000009 1.0000000180025095e-35 6.5000000000000009 10.500000000000002 11.500000000000002 9.5000000000000018
decision_type=2 2 2 2 2 2 2 2 2 2 2 2 2 2 2 2 2 2 2 2 2 2 2 2 2 2 2 2 2 2 2 2 2 2 2 2 2 2 2 2 2
left_child=1 2 7 4 18 10 8 16 9 35 12 34 25 -14 -13 26 22 38 33 21 -21 -20 24 -24 -1 -4 28 -28 -6 -5 -11 -17 -8 37 -12 36 -2 -3 -18 -31 -9
right_child=6 3 5 29 15 -7 32 40 -10 30 11 14 13 -15 -16 31 17 -19 19 20 -22 -23 23 -25 -26 -27 27 -29 -30 39 -32 -33 -34 -35 -36 -37 -38 -39 -40 -41 -42
leaf_value=-0.0053225565378412455 0.01403356701873053 -0.020777877573290245 0.0011714493892034726 0.0029572505879957947 0.0035469043044016645 0.024320318041900685 0.00080364322738613742 0.0057538377053391217 0.020975870220047946 0.00097688251844342783 -0.010602920311390013 -0.018585275812675078 -0.013869264685627363 0.01121324900752357 0.0076260595946536043 0.019901785914417571 -0.0045700135109645003 -0.019392093932069417 0.017758452389648734 -0.014739403127708262 0.010253437153150207 0.00026441727622913193 -0.00059428619378625762 0.004686632029409994 -0.00055500851329168862 -0.0095592790494281044 0.0029530558919012542 -0.01811465617621379 0.010407514644760215 -0.02101286818948405 -0.019727375071451409 0 -0.021271360958510593 0 -0.021389114369484021 0.019983648107928336 0 -0.001049548200717682 0.0093229494519944389 -0.0057749352723449852 0.019852990815682026
leaf_weight=92.983098993077874 6.3822006806731242 8.8226295560598391 98.822616908699274 3.8519268482923499 125.99290518835187 2.9049711227416983 3.1693368330597869 4.2931325957179052 16.334143124520779 5.8900536820292455 22.64120096154511 4.0178091898560551 40.830127747729421 8.2031334340572339 16.594275493174791 15.118155591189863 3.830863498151305 10.807877296581863 10.109374448657034 23.071298444643617 10.904070585966108 25.250007856637239 355.39041640236974 196.06478908658028 998.90122870076448 17.374979786574841 58.390637900680304 9.3684204481542093 59.377934409305453 7.4033831655979139 5.1028484143316746 5.7947645969688883 3.5528574697673321 3.7251466810703269 20.280898198485374 8.4123305231332761 7.8400224819779396 3.5401016846299163 3.6465455740690231 3.9409111961722374 5.2815278172492981
leaf_count=356 10 46 370 10 381 3 16 16 24 15 114 26 230 27 64 31 21 61 21 98 27 93 1361 612 3622 77 186 42 129 36 21 20 25 12 132 15 20 18 11 18 13
internal_value=0 -0.000207658 -0.000787519 0.00269466 0.00332222 -0.004653 0.00833212 -0.000241989 0.0109435 0.00556206 -0.00509854 -0.0100805 -0.00308309 -0.00933897 0.00169889 0.00515654 -0.000341655 -0.0105781 -0.00237643 0 -0.00624769 0.00574196 -0.000217603 0.00125498 -0.000975876 -0.000302339 0.0042784 0 0.00583348 -0.0110526 -0.00727634 0.0149738 -0.00864763 -0.0119937 -0.0160983 0.0124985 0.00687604 -0.0164451 0.00013584 -0.0171839 0.0152725
internal_weight=0 2277.53 1902.87 374.662 359.465 231.67 56.6838 1671.2 49.9616 33.6275 228.765 63.5342 165.231 49.0333 20.6121 274.043 1661.62 18.2853 85.4226 69.3348 33.9754 35.3594 1643.34 551.455 1091.88 116.198 253.13 67.7591 185.371 15.1962 10.9929 20.9129 6.72219 16.0879 42.9221 22.6346 14.2222 12.3627 7.47741 11.3443 9.57466
internal_count=8430 8284 7116 1168 1104 1043 146 6073 105 81 1040 336 704 257 90 789 6044 93 315 239 125 114 5951 1973 3978 447 738 228 510 64 36 51 41 76 246 45 30 64 32 54 29
is_linear=0
shrinkage=0.0152587


Tree=3
num_leaves=51
num_cat=0
split_feature=38 2 19 19 39 1 14 19 5 0 16 39 49 29 19 18 46 47 5 9 3 26 15 42 7 19 4 39 39 1 3 1 5 14 28 3 15 49 46 27 46 4 46 7 29 42 48 46 31 11
split_gain=15.8162 20.9703 15.9034 17.1166 17.9488 14.3238 13.6679 13.601 12.906 11.9595 15.2822 14.2469 13.6109 11.6117 12.1328 11.3043 17.452 13.5107 13.1003 11.6532 12.0988 11.1524 11.1239 11.0556 10.756 18.4036 10.6087 9.80595 8.72204 6.57135 15.1916 13.6201 12.1781 11.1562 9.83076 10.845 17.4255 17.7987 11.2643 16.2434 9.43487 13.7894 9.14615 12.2508 10.933 12.4941 10.3408 8.99199 7.83759 7.7825
threshold=85.000000000000014 35.000000000000007 17.500000000000004 48.500000000000007 2.5000000000000004 2.5000000000000004 4.5000000000000009 30.500000000000004 8.5000000000000018 7.5000000000000009 1.5000000000000002 1.5000000000000002 3.5000000000000004 1.5000000000000002 118.50000000000001 1.0000000180025095e-35 13.500000000000002 5.5000000000000009 1.5000000000000002 1.0000000180025095e-35 72.500000000000014 2.5000000000000004 68.500000000000014 55.000000000000007 252.50000000000003 6.5000000000000009 1.5000000000000002 4.5000000000000009 3.5000000000000004 1.5000000000000002 23.500000000000004 6.5000000000000009 3.5000000000000004 2.5000000000000004 2.5000000000000004 47.500000000000007 15.500000000000002 11.500000000000002 95.000000000000014 13.500000000000002 95.000000000000014 14.500000000000002 115.00000000000001 1.0000000180025095e-35 1.0000000180025095e-35 95.000000000000014 7.5000000000000009 9.5000000000000018 1.0000000180025095e-35 1.0000000180025095e-35
decision_type=2 2 2 2 2 2 2 2 2 2 2 2 2 2 2 2 2 2 2 2 2 2 2 2 2 2 2 2 2 2 2 2 2 2 2 2 2 2 2 2 2 2 2 2 2 2 2 2 2 2
left_child=1 2 9 4 6 27 23 -8 -5 15 12 -12 22 14 -10 19 17 -17 -18 20 -1 -7 -11 -4 25 -3 -14 -6 -15 30 42 34 -33 -34 35 36 37 -31 -37 -40 41 -35 43 47 45 -44 48 -2 -45 -48
right_child=29 24 3 8 5 21 7 -9 13 10 11 -13 26 28 -16 16 18 -19 -20 -21 -22 -23 -24 -25 -26 -27 -28 -29 -30 31 -32 32 33 40 -36 38 -38 -39 39 -41 -42 -43 44 46 -46 -47 49 -49 -50 -51
leaf_value=-0.0019704268737409719 0.021864930762134225 0.010563898665549376 -0.0001157762900901023 0.0092312094133352816 -0.015287253758615576 -0.014948588702859505 0.02195437871881693 -0.0038487511210715279 -0.0084374870696780416 0.0079138785442697292 -0.011055860984815294 0.012305682535679303 0.0010203893040768583 -0.0045358561600349311 0.0075676009667999724 -0.0012394837374973692 0.0022777726614155694 0.0067681562347249929 -0.0086732836432100342 -0.011553789524458426 0.008347915478590609 0 -0.013381500506844991 -0.020781483692161325 0.019944009622994779 -0.016170707224625828 -0.0064113290872596521 -0.0005629783765915636 0.0028356103607253534 0.010173367103777461 -0.016483643461399855 -0.0057156092484412302 -0.010397743679050796 0.0085059159651350944 -0.0059221870651364568 0.01813054347014164 -0.013233539387341731 -0.011758549534673582 -0.013287781251088799 0.020431126938397746 0.014297274467189272 -0.016753858281116765 0.012727031097951064 -0.014858854905626353 0.019040093039481225 -0.012292984041581162 -0.0010971631073799135 0 -0.0022615915044180189 0.018392913259551294
leaf_weight=610.78681107051671 8.5837496817111951 24.15785572305322 40.339527117088437 27.772909931838512 13.414605423808096 80.921473875641823 11.574428185820581 6.4627897366881362 77.52889614738524 77.497642546892166 6.0998946502804747 52.298847749829292 164.28077590838075 52.80338554084301 11.754176676273344 70.293293844908476 43.809284510090947 141.99551579542458 55.137932356446981 28.650667419657111 27.084046000614762 13.186072956770657 5.5772518292069426 7.3679006770253173 15.732813738286493 7.5857882350683203 60.34563971310854 60.211234705522656 123.47986252978444 68.325239216908813 11.688996288925408 47.333089385181665 8.6485623717308027 16.319838289171461 10.916026987135409 38.932917226105928 10.359518848359583 9.1497986465692502 7.3398605957627279 5.8493671268224716 25.048689387738705 7.1318268515169612 9.7528371810913104 18.393286589533091 13.648196727037428 8.631614411249755 9.1198608465492743 7.0388517081737509 41.324134603142738 7.5574860721826544
leaf_count=2341 12 51 170 93 81 470 18 34 443 184 27 137 445 244 41 250 155 406 239 147 83 63 22 46 22 39 232 294 451 146 40 155 49 50 49 70 48 32 34 7 60 47 19 77 24 46 34 23 168 12
internal_value=0 -0.000570233 -0.00083236 -0.00307959 -0.00616899 -0.00882143 0.000359948 0.0118584 -0.000565628 3.69374e-05 0.00240026 0.00958276 0.000983473 -0.0016523 -0.00614821 -0.000831879 0.00154045 0.00404259 -0.00366674 -0.00196347 -0.00150648 -0.01283 0.00628215 -0.00366844 0.00940896 0.0036526 -0.0009072 -0.00347441 0.000536686 0.0027963 0 0.00423843 0 0.00474128 0.00716978 0.00830684 0.00474937 0.00736943 0.0139818 0.00050549 0.00777971 0.000120011 0.00165308 -0.000634112 0.00870185 0.000119534 -0.00331603 0.0114215 -0.0064213 0.00683521
internal_weight=0 1918.15 1870.67 526.817 233.478 167.733 65.7446 18.0372 293.339 1343.86 366.1 58.3987 307.701 265.566 89.2831 977.758 311.236 212.289 98.9472 666.522 637.871 94.1075 83.0749 47.7074 47.4765 31.7436 224.626 73.6258 176.283 391.094 135.739 255.355 104.482 57.1489 150.873 139.957 87.8346 77.475 52.1221 13.1892 48.5004 23.4517 124.05 92.0174 32.0326 18.3845 76.3948 15.6226 59.7174 16.6773
internal_count=8430 7228 7116 2448 1176 908 268 52 1272 4668 1047 164 883 1179 484 3621 1050 656 394 2571 2424 533 206 216 112 90 677 375 695 1202 455 747 361 206 386 337 226 178 111 41 157 97 415 326 89 65 291 35 245 46
is_linear=0
shrinkage=0.0152587


Tree=4
num_leaves=51
num_cat=0
split_feature=38 2 39 19 31 25 0 25 27 46 46 17 24 39 12 15 49 30 6 39 38 14 18 14 3 39 38 0 18 17 20 49 35 16 15 31 17 47 7 19 47 27 2 27 15 26 42 1 15 31
split_gain=16.8449 15.6064 12.1145 11.0775 15.9897 15.9262 15.5229 14.1299 13.7747 12.3375 15.902 11.7495 15.2176 14.0247 10.9569 11.2074 10.0679 17.3752 16.7089 9.2616 18.8022 11.9777 9.72367 8.44733 7.74753 8.80388 16.2847 8.3341 10.0297 12.2653 7.63534 7.55454 7.22479 7.02662 5.79341 5.46867 7.43294 6.10787 8.82475 5.2973 5.19784 14.488 15.7565 13.4863 17.3242 6.9569 6.53906 4.9763 4.93896 4.35926
threshold=85.000000000000014 35.000000000000007 1.5000000000000002 16.500000000000004 9.5000000000000018 3.5000000000000004 7.5000000000000009 1.5000000000000002 15.500000000000002 135.00000000000003 25.000000000000004 1.0000000180025095e-35 1.0000000180025095e-35 9.5000000000000018 7.5000000000000009 49.500000000000007 2.5000000000000004 4.5000000000000009 30.500000000000004 2.5000000000000004 19.000000000000004 4.5000000000000009 4.5000000000000009 8.5000000000000018 3.5000000000000004 3.5000000000000004 135.00000000000003 11.500000000000002 10.500000000000002 2.5000000000000004 2.5000000000000004 9.5000000000000018 1.5000000000000002 16.500000000000004 64.500000000000014 3.5000000000000004 2.5000000000000004 8.5000000000000018 10.500000000000002 6.5000000000000009 2.5000000000000004 4.5000000000000009 4.5000000000000009 3.5000000000000004 6.5000000000000009 2.5000000000000004 125.00000000000001 8.5000000000000018 68.500000000000014 1.0000000180025095e-35
decision_type=2 2 2 2 2 2 2 2 2 2 2 2 2 2 2 2 2 2 2 2 2 2 2 2 2 2 2 2 2 2 2 2 2 2 2 2 2 2 2 2 2 2 2 2 2 2 2 2 2 2
left_child=1 3 -3 6 19 16 8 9 11 10 -8 12 -1 -13 15 -9 18 -18 -6 20 22 -22 -5 -16 35 26 47 40 29 31 -7 -29 39 48 -31 37 -37 49 -39 -4 41 46 -43 44 -42 -45 -27 -26 -21 -2
right_child=24 2 32 4 5 30 7 14 -10 -11 -12 13 -14 -15 23 -17 17 -19 -20 33 21 -23 -24 -25 25 27 -28 28 -30 34 -32 -33 -34 -35 -36 36 -38 38 -40 -41 43 42 -44 45 -46 -47 -48 -49 -50 -51
leaf_value=-0.0011452080801202457 0 -0.0092285804143974037 0.010874351909996577 -0.015438074611027698 -0.010755130684947352 -0.016117198243084382 0.0058528930245767812 -0.0026053562886080872 -0.017679822827227382 0.021486935572889412 -0.0033879728147205119 -0.00058087329788939184 -0.008419212484938151 0.0063775168979990898 0.011369535127547188 -0.019654077166509378 0.0029336484152251928 -0.0098930997470098609 0.013573495883332428 -0.0083203536004527213 -0.00062597571933137536 0.019487997923895242 0 -0.002374859329023149 -0.024173386856927288 0.0095615027292604224 0.017557385714839887 -0.010300786173810656 -0.019267542030456691 -0.001030781862690885 0.0089964573379385845 0.0064384489916382457 0.022858721546566162 0.0088122066543787174 0.014759611628471603 -0.020343337694898298 0 -0.023483782915966565 0.0012888598445229737 -0.0022755152093138051 0.0049760857296627069 -0.016395177599721873 0.0089303676918821486 0.010382683482737059 -0.0080032496544629132 -0.005617007658532772 0.023743774457606757 0 -0.024304371900679397 0.013526136852168438
leaf_weight=547.74152811989188 10.176787681877615 6.9548170417547217 21.231317982077602 19.610250204801559 36.970661487430334 20.554289398714904 193.88125940784812 44.09534927457571 11.52369851619005 9.9455605521798116 53.450460858643055 212.61630333960056 77.824099877849221 96.494488220661879 18.414237890392542 12.343962118029593 230.91011037863791 27.064643409103155 7.410464107990264 121.75192655622959 11.923066303133966 12.630247130990027 22.330305248498917 20.588787067681551 7.5495820343494398 31.078764781355858 3.9712140560150138 20.009235043078665 6.0433994941413394 5.4074334017932442 2.3576929681003085 7.8532474488019934 10.68897946923971 4.2947844415903083 16.368207633495331 7.8240839019417789 10.166388237848876 4.7086899951100332 7.7157891951501369 8.0295084416866285 70.246523916721344 8.7805761173367518 16.054396420717239 70.709957389160991 36.007199626415968 5.563098967075347 14.420671764761208 3.9526240155100822 5.8546206951141349 10.104881241917608
leaf_count=2137 42 23 41 110 207 133 515 136 56 13 173 748 348 301 48 64 919 140 16 735 57 23 91 79 40 80 5 85 44 23 8 29 15 13 43 37 55 25 27 33 203 33 41 185 130 19 17 13 46 26
internal_value=0 -0.000591876 0.00806 -0.000823571 -0.00269763 -0.000560963 -5.57242e-05 0.00266304 -0.00108609 0.00454348 0.00379137 -0.000863059 -0.00207643 0.00154116 -0.00223963 -0.00663704 0.000318882 0.00152391 -0.00631939 -0.0061192 -0.00119103 0.00910724 -0.00760289 0.00371881 0.00295243 0.00383953 -0.00697741 0.00443501 -0.000658678 0.00131568 -0.0128215 -0.00501075 0.011478 -0.0084813 0.0101241 -0.00240232 -0.00923332 0.000885319 -0.00692295 0.00672952 0.00561916 0.00932889 0 0.00409943 0.000425935 0.00900354 0.0144379 -0.0168791 -0.00919259 0.00645519
internal_weight=0 1869.49 46.9046 1822.58 523.663 325.268 1298.92 352.72 946.2 257.277 247.332 934.676 625.566 309.111 95.4423 56.4393 302.356 257.975 44.3811 198.395 66.4939 24.5533 41.9406 39.003 374.713 324.016 15.4734 308.543 55.6815 49.6381 22.912 27.8625 39.9498 131.901 21.7756 50.6966 17.9905 32.7061 12.4245 29.2608 252.861 70.3344 24.835 182.527 106.254 76.2731 45.4994 11.5022 127.607 20.2817
internal_count=8430 7228 112 7116 2498 1423 4618 1028 3590 701 688 3534 2485 1049 327 200 1282 1059 223 1075 281 80 201 127 1202 990 58 932 224 180 141 114 89 794 66 212 92 120 52 74 708 171 74 537 333 204 97 53 781 68
is_linear=0
shrinkage=0.0152587


Tree=5
num_leaves=47
num_cat=0
split_feature=46 48 43 2 28 38 49 17 25 42 21 15 1 43 31 19 46 7 38 2 19 39 12 39 38 8 3 27 4 3 25 15 0 3 17 4 19 12 27 35 7 31 31 21 19 38
split_gain=15.7224 18.4324 13.7243 11.8238 18.1226 11.7851 11.7407 11.1706 10.9582 10.2765 10.0991 13.3176 9.39895 12.6432 8.9825 13.6131 10.5295 8.68518 8.66848 8.34443 8.07027 7.8885 13.5122 9.65736 7.11417 6.6716 6.49784 6.27376 6.1791 5.15347 5.12506 6.31938 4.98458 5.29206 4.77441 4.70232 4.63869 4.18684 3.32541 2.78352 3.2076 2.72894 6.75059 0.878101 9.77332 0.219549
threshold=115.00000000000001 5.5000000000000009 9.5000000000000018 35.000000000000007 5.5000000000000009 95.000000000000014 1.5000000000000002 2.5000000000000004 2.5000000000000004 125.00000000000001 1.0000000180025095e-35 1.5000000000000002 1.5000000000000002 6.5000000000000009 25.500000000000004 17.500000000000004 10.500000000000002 29.500000000000004 65.000000000000014 6.5000000000000009 1.0000000180025095e-35 3.5000000000000004 18.500000000000004 10.500000000000002 35.000000000000007 1.0000000180025095e-35 157.50000000000003 1.5000000000000002 1.5000000000000002 1.5000000000000002 1.5000000000000002 19.500000000000004 7.5000000000000009 5.5000000000000009 1.0000000180025095e-35 14.500000000000002 1.5000000000000002 2.5000000000000004 31.500000000000004 1.0000000180025095e-35 39.500000000000007 48.000000000000007 63.000000000000007 1.0000000180025095e-35 2.5000000000000004 55.000000000000007
decision_type=2 2 2 2 2 2 2 2 2 2 2 2 2 2 2 2 2 2 2 2 2 2 2 2 2 2 2 2 2 2 2 2 2 2 2 2 2 2 2 2 2 2 2 2 2 2
left_child=3 2 30 4 5 9 -6 17 12 14 11 -11 13 -7 15 -1 -16 24 26 -14 -4 22 36 43 -3 28 -9 34 -10 -22 31 32 33 -2 -26 -20 -5 -29 41 40 -31 -8 -43 44 -23 -25
right_child=1 7 20 21 6 8 38 18 25 10 -12 -13 19 -15 16 -17 -18 -19 35 -21 29 23 -24 45 27 -27 -28 37 -30 39 -32 -33 -34 -35 -36 -37 -38 -39 -40 -41 -42 42 -44 -45 -46 -47
leaf_value=-0.00013090587066949899 0.0087440578957972536 0.010899174618236127 -0.0014884507319753004 -0.0032776622911396447 0.006995949205401559 0.0073632404233368413 -0.023061232414090332 -0.021530731256367709 0 0.0029426652950514491 0.010501305985354894 -0.017070762223921843 0.0092229363171192451 -0.0059610827490253846 0.0079083173067207441 -0.0035713751411098264 -0.0015229249725163623 -0.019651048262360971 0.017549587513143422 0.00066858532350814288 0 0.022439908187508011 -0.022130967349707351 0 -0.0060886073212312293 0.0045233031663452234 0.0076672387191115176 -0.024301794266673834 -0.025494296831734126 0.011352228641070378 0.012653421482080608 -0.015290454472630017 0.016122383970155273 -0.006543533331184603 0.010568703297826752 0 0.012982163805905505 0 0 0.003318340429977321 0.022264871253386456 0 -0.022128931119286394 0.021779037430411385 -0.0032026542246362173 -0.004902587280694046
leaf_weight=1244.154513053596 7.7751278579235139 6.7549410089850417 5.8957572244107714 4.6542846262455013 5.503987528383731 27.520097490400076 13.401212183758622 3.7488664574921158 3.709217354655264 9.1612512022256833 4.8385925069451323 26.319709349423647 85.329083686694503 40.911344584077597 60.311803702265024 344.97031466662884 46.329612100496888 9.2425657957792264 11.994839176535608 44.617961559444666 3.8930133059620848 6.9520844370126778 4.956206463277339 3.5390582233667365 12.502292383462196 3.7545483522117129 2.2156596183776855 5.765139311552046 6.4343104846775532 20.026967387646437 7.6434313654899588 5.9651864394545546 4.674733340740203 14.846848413348196 5.6958440393209449 6.8468712866306296 10.056701987981794 3.4246262386441231 2.4636962041258803 6.359976924955844 25.018644850701094 7.6667288169264776 5.7802449651062489 11.189804576337336 4.9745579920709133 3.2932864427566528
leaf_count=4483 21 20 24 11 19 91 98 29 12 37 14 134 200 168 184 1806 192 54 25 149 17 10 25 11 48 14 5 32 35 56 17 29 12 64 13 25 22 10 16 24 45 32 38 17 23 19
internal_value=0 0.00445248 0.00857698 -0.000373155 -0.00056474 -0.00036112 -0.0114787 -0.00149366 0.00301669 -0.000783382 -0.00841912 -0.0114627 0.0039924 -0.000369023 -0.000592097 -0.000887882 0.00366445 -0.00634548 0.00634849 0.00640983 0.0131798 0.00695436 0 0.0118828 -0.00224305 -0.00971991 -0.00810552 -0.00608361 -0.0165358 0.0150296 0.00129232 -0.000867373 0.00174134 -0.000578984 0 0.0117763 0.0067768 -0.0163475 -0.0154964 0.0163179 0.0177931 -0.0170546 -0.00979593 0.0166862 0.010475 -0.00208207
internal_weight=0 170.291 102.1 2032.79 1983.18 1948.36 34.8159 68.1916 212.277 1736.09 40.3196 35.481 198.378 68.4314 1695.77 1589.12 106.641 43.3854 24.8062 129.947 61.1944 49.616 19.6672 29.9488 34.1428 13.8981 5.96453 27.3879 10.1435 55.2986 40.9053 33.2619 27.2967 22.622 18.1981 18.8417 14.711 9.18977 29.3119 51.4056 45.0456 26.8482 13.447 23.1164 11.9266 6.83234
internal_count=8430 570 309 7860 7722 7519 203 261 669 6850 185 171 608 259 6665 6289 376 177 84 349 166 138 58 80 123 61 34 103 47 142 143 126 97 85 61 50 33 42 184 125 101 168 70 50 33 30
is_linear=0
shrinkage=0.0152587


Tree=6
num_leaves=51
num_cat=0
split_feature=46 16 14 49 0 0 49 7 15 16 31 38 18 31 38 38 7 39 39 42 31 27 19 49 32 38 1 5 25 6 3 5 17 39 11 7 48 17 20 9 11 42 10 1 2 39 39 4 13 39
split_gain=17.3954 12.677 10.8582 13.3887 15.3295 15.1944 14.8678 14.337 14.1924 13.8383 14.1875 20.3596 9.78049 15.5378 17.0464 13.7854 12.4374 10.7394 12.8289 10.2806 10.0099 9.80327 9.69221 14.499 9.53577 9.51808 8.65794 12.0132 10.7494 10.7981 10.4576 10.3055 12.7784 10.5388 9.52531 8.37657 8.5438 8.19534 8.09933 8.94721 8.05995 8.73407 7.64023 9.62242 7.55988 8.68127 6.60028 6.52899 6.32757 6.29298
threshold=115.00000000000001 1.0000000180025095e-35 1.0000000180025095e-35 5.5000000000000009 2.5000000000000004 7.5000000000000009 2.5000000000000004 11.500000000000002 6.5000000000000009 1.0000000180025095e-35 3.5000000000000004 85.000000000000014 1.5000000000000002 23.500000000000004 2.5000000000000004 45.000000000000007 139.00000000000003 13.500000000000002 6.5000000000000009 9.5000000000000018 36.500000000000007 13.500000000000002 2.5000000000000004 7.5000000000000009 1.0000000180025095e-35 45.000000000000007 2.5000000000000004 9.5000000000000018 1.5000000000000002 4.5000000000000009 157.50000000000003 3.5000000000000004 2.5000000000000004 14.500000000000002 1.0000000180025095e-35 44.500000000000007 3.5000000000000004 4.5000000000000009 1.0000000180025095e-35 1.0000000180025095e-35 3.5000000000000004 135.00000000000003 1.0000000180025095e-35 1.5000000000000002 2.5000000000000004 12.500000000000002 9.5000000000000018 15.500000000000002 1.5000000000000002 45.000000000000007
decision_type=2 2 2 2 2 2 2 2 2 2 2 2 2 2 2 2 2 2 2 2 2 2 2 2 2 2 2 2 2 2 2 2 2 2 2 2 2 2 2 2 2 2 2 2 2 2 2 2 2 2
left_child=2 22 3 5 9 8 -7 -6 42 10 11 -5 26 14 19 16 -16 18 21 37 -20 -15 49 35 -17 -3 31 28 30 -30 -28 33 -33 34 -4 36 -24 -14 39 -11 -27 -42 43 -1 47 -46 -29 -9 -21 -2
right_child=1 25 12 4 7 6 -8 44 -10 38 -12 -13 13 17 15 24 -18 -19 20 48 -22 -23 23 -25 -26 40 27 46 29 -31 -32 32 -34 -35 -36 -37 -38 -39 -40 -41 41 -43 -44 -45 45 -47 -48 -49 -50 -51
leaf_value=-0.0028069876882509549 0.0014747513526948898 -0.00024963196189006645 -0.0066517602535986322 -0.00021006830107127687 -0.016246368730160794 0.019783709729081618 -0.0069932519553923588 -0.013538144172371874 -0.01488982540004259 -0.0029469107765058167 0.012859678781439276 0.012406464148180441 0.016285306909346695 0.0042724352765879069 -0.0092155419752715205 -0.00083157339119741415 -0.00061204579293100175 -0.016164385777304544 0.011494411886589359 -0.013765515607597057 -0.00073232284919491934 -0.0073613027510206963 0.0012763998360938954 -0.022957535546070936 0.020910991130770894 0.013094681035847678 0.0032923627419341379 -0.021935765418101882 -0.002045595651367701 0.013387931105979347 0.011108698860563542 0.013830059787982124 -0.010807200028002745 0.0094037502725471418 0.0011753308340504878 0.014550818671475658 -0.018158003580215736 0 -0.020511922461815001 0.011237081198092552 -0.016838291567113712 0.010210496130326874 0.0081529384776929115 -0.010421020939696725 -0.002164305558768741 0.014173486102984198 0 0.0054571723818734093 0.0027121446693325777 0.016485040738671925
leaf_weight=192.02807242795825 34.023878252133727 19.577223507687449 98.649359758943319 180.77389910258353 23.967226408421993 11.499060209840538 7.10492194071412 16.971922308206562 32.347502030432224 132.31040184851736 31.691584661602974 35.058299884200096 20.219300657510757 37.215274248272181 137.99700143560767 98.004359500482678 60.303309836424887 6.14219070598483 56.385651284828782 8.192505709826948 18.268014378845692 30.077805925160646 13.167020283639436 8.5478380210697633 4.842772275209426 62.74413238093257 336.97983446344733 6.8770898841321451 122.55376867949963 11.362232580780981 48.031654257327318 20.009946901351217 5.7035302780568591 14.779901124536989 52.266568716615438 6.6326691135764113 7.4920374453067771 13.537457451224325 5.7397517524659625 10.818978514522312 4.6294288858771306 6.6171350702643394 10.711212411522864 52.231029491871595 23.724313698709011 10.378815628588198 4.286983709782362 4.1792866848409167 12.795589946210383 9.0309290215373021
leaf_count=829 124 88 420 714 121 15 29 88 162 574 84 85 50 133 759 408 293 42 144 48 78 154 35 54 10 168 1050 51 481 27 114 50 23 37 179 15 30 59 43 34 25 16 32 220 111 24 19 18 48 15
internal_value=0 0.00464921 -0.000399675 -0.00180931 -0.000172571 -0.00430145 0.00872339 -0.00632486 -0.00520215 0.00101807 0.00325733 0.00176974 0.000486437 -0.00112593 -0.00287679 -0.00432855 -0.00668038 0.00297414 0.0039225 0.00481485 0.00829291 -0.00069487 0 -0.00571119 5.37822e-05 0.00844645 0.00163466 0.00264785 0.00301028 -0.000610652 0.00431073 -0.00108847 0.00773438 -0.00255629 -0.0038369 0 -0.00505051 0.0101348 -0.00259851 -0.00175843 0.010959 0 -0.00390668 -0.00450286 -0.00171764 0.00236596 -0.0126908 -0.00903215 -0.00299564 0.00501533
internal_weight=0 172.462 2007.02 781.536 475.614 305.922 18.604 79.2216 287.318 396.393 247.524 215.832 1225.48 503.981 355.892 301.147 198.3 148.089 141.947 54.7449 74.6537 67.2931 78.8944 35.8396 102.847 93.5679 721.501 530.092 518.927 133.916 385.011 191.409 25.7135 165.696 150.916 27.2917 20.6591 33.7568 148.869 143.129 73.9907 11.2466 254.97 244.259 55.2543 34.1031 11.1641 21.1512 20.9881 43.0548
internal_count=8430 570 7860 3183 1896 1287 44 362 1243 1534 883 799 4677 2226 1675 1470 1052 551 509 205 222 287 273 134 418 297 2451 1742 1672 508 1164 709 73 636 599 80 65 109 651 608 209 41 1081 1049 241 135 70 106 96 139
is_linear=0
shrinkage=0.0152587


end of trees

feature_importances:
result_1=25
ninki_1=20
umaban=18
mf_classout=17
ninki_3=15
f_courseout=14
ninki_2=14
mf_classout.1=13
mf_courseout=12
f_lenout=12
mf_course1=11
f_classout=11
result_3=11
f_course1=10
f_course3=10
f_course2=9
mf_course2=9
f_mf_courseout=8
mf_len2=8
mf_class2=7
result_2=7
f_len1=6
f_len3=6
mf_len1=6
mf_len3=6
f_class2=6
mf_class1=5
waku=5
f_class1=4
mf_course3=3
f_mf_course1=3
f_mf_course2=3
f_class3=3
f_mf_classout.1=3
f_len2=2
f_mf_len1=2
f_mf_len2=2
f_mf_classout=2
f_mf_course3=1
mf_class3=1
f_mf_class1=1
time_df_course3=1

parameters:
[boosting: gbdt]
[objective: lambdarank]
[metric: ndcg]
[tree_learner: serial]
[device_type: cpu]
[data_sample_strategy: bagging]
[data: ]
[valid: ]
[num_iterations: 166]
[learning_rate: 0.0152587]
[num_leaves: 51]
[num_threads: 16]
[seed: 0]
[deterministic: 0]
[force_col_wise: 1]
[force_row_wise: 0]
[histogram_pool_size: -1]
[max_depth: 7]
[min_data_in_leaf: 14]
[min_sum_hessian_in_leaf: 0.001]
[bagging_fraction: 1]
[pos_bagging_fraction: 1]
[neg_bagging_fraction: 1]
[bagging_freq: 0]
[bagging_seed: 7719]
[feature_fraction: 1]
[feature_fraction_bynode: 1]
[feature_fraction_seed: 2437]
[extra_trees: 0]
[extra_seed: 11797]
[early_stopping_round: 0]
[first_metric_only: 0]
[max_delta_step: 0]
[lambda_l1: 1.03836]
[lambda_l2: 0.0801976]
[linear_lambda: 0]
[min_gain_to_split: 0]
[drop_rate: 0.1]
[max_drop: 50]
[skip_drop: 0.5]
[xgboost_dart_mode: 0]
[uniform_drop: 0]
[drop_seed: 21238]
[top_rate: 0.2]
[other_rate: 0.1]
[min_data_per_group: 100]
[max_cat_threshold: 32]
[cat_l2: 10]
[cat_smooth: 10]
[max_cat_to_onehot: 4]
[top_k: 20]
[monotone_constraints: ]
[monotone_constraints_method: basic]
[monotone_penalty: 0]
[feature_contri: ]
[forcedsplits_filename: ]
[refit_decay_rate: 0.9]
[cegb_tradeoff: 1]
[cegb_penalty_split: 0]
[cegb_penalty_feature_lazy: ]
[cegb_penalty_feature_coupled: ]
[path_smooth: 0]
[interaction_constraints: ]
[verbosity: -1]
[saved_feature_importance_type: 0]
[use_quantized_grad: 0]
[num_grad_quant_bins: 4]
[quant_train_renew_leaf: 0]
[stochastic_rounding: 1]
[linear_tree: 0]
[max_bin: 255]
[max_bin_by_feature: ]
[min_data_in_bin: 3]
[bin_construct_sample_cnt: 200000]
[data_random_seed: 38]
[is_enable_sparse: 1]
[enable_bundle: 1]
[use_missing: 1]
[zero_as_missing: 0]
[feature_pre_filter: 1]
[pre_partition: 0]
[two_round: 0]
[header: 0]
[label_column: ]
[weight_column: ]
[group_column: ]
[ignore_column: ]
[categorical_feature: ]
[forcedbins_filename: ]
[precise_float_parser: 0]
[parser_config_file: ]
[objective_seed: 8855]
[num_class: 1]
[is_unbalance: 0]
[scale_pos_weight: 1]
[sigmoid: 1]
[boost_from_average: 1]
[reg_sqrt: 0]
[alpha: 0.9]
[fair_c: 1]
[poisson_max_delta_step: 0.7]
[tweedie_variance_power: 1.5]
[lambdarank_truncation_level: 30]
[lambdarank_norm: 1]
[label_gain: ]
[lambdarank_position_bias_regularization: 0]
[eval_at: 1,3,5]
[multi_error_top_k: 1]
[auc_mu_weights: ]
[num_machines: 1]
[local_listen_port: 12400]
[time_out: 120]
[machine_list_filename: ]
[machines: ]
[gpu_platform_id: -1]
[gpu_device_id: -1]
[gpu_use_dp: 0]
[num_gpu: 1]

end of parameters

pandas_categorical:[]
