tree
version=v4
num_class=1
num_tree_per_iteration=1
label_index=0
max_feature_idx=49
objective=lambdarank
feature_names=f_course1 f_course2 f_course3 f_courseout mf_course1 mf_course2 mf_course3 mf_courseout f_mf_course1 f_mf_course2 f_mf_course3 f_mf_courseout f_len1 f_len2 f_len3 f_lenout mf_len1 mf_len2 mf_len3 mf_classout f_mf_len1 f_mf_len2 f_mf_len3 f_mf_classout f_class1 f_class2 f_class3 f_classout mf_class1 mf_class2 mf_class3 mf_classout.1 f_mf_class1 f_mf_class2 f_mf_class3 f_mf_classout.1 time_df_course1 time_df_class1 ninki_1 result_1 time_df_course2 time_df_class2 ninki_2 result_2 time_df_course3 time_df_class3 ninki_3 result_3 waku umaban
feature_infos=[-1:50] [-1:43] [-1:42] [-1:343] [-1:48] [-1:43] [-1:43] [-1:415] [-1:6] [-1:8] [-1:5] [-1:37] [-1:23] [-1:20] [-1:24] [-1:154] [-1:30] [-1:21] [-1:32] [-1:191] [-1:5] [-1:5] [-1:4] [-1:32] [-1:10] [-1:12] [-1:11] [-1:57] [-1:13] [-1:8] [-1:10] [-1:70] [-1:3] [-1:4] [-1:3] [-1:13] [-1:0] [-1:0] [-1:180] [-1:140] [-1:0] [-1:0] [-1:180] [-1:180] [-1:0] [-1:0] [-1:180] [-1:180] [1:8] [1:16]
tree_sizes=4682 4660 4672 4664 4667 4674 4655 4683 4666 4682 4667 4685 4656 4678 4651 4677 4668 4680 4648 4682

Tree=0
num_leaves=43
num_cat=0
split_feature=43 39 46 47 38 39 23 38 42 15 19 39 49 46 42 15 48 38 43 47 42 2 30 10 42 29 47 7 27 26 29 39 39 38 39 49 7 39 7 6 24 38
split_gain=198.689 61.8921 51.8536 33.1934 24.5279 23.9702 16.2387 14.7444 18.9358 13.0508 13.5585 12.9161 11.9426 11.751 10.4248 9.79783 9.08348 8.87832 8.62372 7.82227 10.26 14.0871 7.80226 8.9597 7.70896 7.43851 10.737 8.47952 7.53635 7.23702 7.21415 7.20893 6.73948 12.2301 6.65043 10.1026 6.91232 6.59959 6.35813 7.12188 6.5465 6.32731
threshold=6.5000000000000009 5.5000000000000009 105.00000000000001 6.5000000000000009 55.000000000000007 3.5000000000000004 1.5000000000000002 10.500000000000002 11.500000000000002 58.500000000000007 41.500000000000007 3.5000000000000004 8.5000000000000018 8.5000000000000018 35.000000000000007 3.5000000000000004 4.5000000000000009 14.500000000000002 1.0000000180025095e-35 4.5000000000000009 15.500000000000002 13.500000000000002 1.0000000180025095e-35 1.5000000000000002 75.000000000000014 2.5000000000000004 13.500000000000002 126.00000000000001 6.5000000000000009 3.5000000000000004 1.0000000180025095e-35 10.500000000000002 11.500000000000002 4.5000000000000009 3.5000000000000004 4.5000000000000009 1.0000000180025095e-35 7.5000000000000009 87.000000000000014 1.0000000180025095e-35 1.0000000180025095e-35 9.5000000000000018
decision_type=2 2 2 2 2 2 2 2 2 2 2 2 2 2 2 2 2 2 2 2 2 2 2 2 2 2 2 2 2 2 2 2 2 2 2 2 2 2 2 2 2 2
left_child=1 19 3 5 15 41 7 32 -9 10 12 -10 38 17 -11 18 -6 -13 -3 -1 21 -21 -17 -24 -22 26 27 28 30 31 -8 -27 34 -34 35 -5 -37 -18 39 -7 -41 -2
right_child=2 4 -4 6 16 9 25 8 11 14 -12 13 -14 -15 -16 22 37 -19 -20 20 24 -23 23 -25 -26 29 -28 -29 -30 -31 -32 -33 33 -35 -36 36 -38 -39 -40 40 -42 -43
leaf_value=0.061172163302577486 0.014269425182794516 -0.049706889329432041 -0.098362934889606249 -0.097495319208848852 -0.082080306592552221 -0.014785697909929785 -0.097443160741707877 0.01796136196390773 0.038466086831543497 0.061517008677775015 -0.082131612475494775 -0.050921273944130326 0.016837492342132936 -0.067570553726792451 -0.041143676453693712 0.017237392633467973 0.029321600998212419 0.07935734609679046 0.054887921074028033 -0.046349562472426047 0.060149727110776575 0.093515079151305219 -0.056129682826831014 0.045214032498072355 -0.0054803796491860795 -0.071345721193412814 0.043629369032030678 -0.089710656318144566 0.01605816930690087 0.090453893144087347 0.013316351847322366 0.056828977554553427 0.080790197209895859 -0.062340717932799057 -0.073950501542459371 0.064533747694187016 -0.032867867603978265 -0.042386780230364234 0.057479642382920207 -0.098921423720778293 -0.022951047732779402 0.062240109560460673
leaf_weight=165.54812833294272 19.524127922952175 3.4032490588724604 37.800062898546457 9.0690018273890001 14.396090418100355 18.234149325639009 6.175343427807098 28.452959429472685 6.5222685225307933 13.535706862807276 13.688306223601101 4.0535014271736127 28.630623329430819 43.656699825078249 5.3787166923284522 39.982272453606129 7.5149389542639282 4.0657743625342846 29.934481706470251 10.956835653632877 41.101028002798557 3.7569160498678675 14.157119791954758 4.4581944681704035 8.4018381796777231 3.3017009086906892 8.7467628382146341 8.0812067389488202 12.993304446339605 5.6081214174628258 3.6216593720018864 3.5068777054548264 3.708105154335497 6.1881400346755981 69.649918582290411 3.2109338417649296 23.360661182552576 14.943375214934347 2.6147478930652133 11.586162965744736 7.2983163185417643 24.224277261644602
leaf_count=1017 173 38 512 120 192 182 87 221 43 76 180 46 238 545 59 340 57 18 194 139 251 17 186 30 88 40 55 109 103 21 31 20 15 76 850 17 244 173 15 163 70 144
internal_value=0 0.0345091 -0.0283481 -0.0216995 -0.00020444 0.00221005 -0.0353261 -0.0433567 -0.0238399 -0.0145441 -0.0253517 -0.0442591 -0.0139323 -0.0547194 0.0322437 0.0170753 -0.0433164 0.0142373 0.0441384 0.0539691 0.0353606 -0.0104323 0.00164313 -0.031762 0.048992 -0.00413196 -0.017396 -0.0347504 -0.0151115 0.0380343 -0.0564785 -0.00520889 -0.0580347 -0.00850726 -0.0626751 -0.0405611 -0.0209903 -0.0183346 -0.0361276 -0.0427968 -0.0697113 0.040884
internal_weight=0 358.554 436.488 398.688 128.79 144.715 253.973 201.938 86.7512 100.967 82.0523 58.2982 68.364 51.776 18.9144 91.9353 36.8544 8.11928 33.3377 229.765 64.2166 14.7138 58.5976 18.6153 49.5029 52.035 39.6183 30.8715 22.7903 12.4167 9.797 6.80858 115.187 9.89625 105.291 35.6406 26.5716 22.4583 39.7334 37.1186 18.8845 43.7484
internal_count=7195 2722 4473 3961 1210 1300 2661 2195 873 983 848 652 668 609 135 788 422 64 232 1512 495 156 556 216 339 466 385 330 221 81 118 60 1322 91 1231 381 261 230 430 415 233 317
is_linear=0
shrinkage=0.0625684


Tree=1
num_leaves=43
num_cat=0
split_feature=43 46 38 42 38 38 27 38 39 46 39 16 33 43 38 27 47 18 12 27 39 0 39 44 39 25 30 31 42 46 15 40 25 46 48 6 38 6 35 3 31 3
split_gain=150.124 41.436 38.6966 42.7607 42.9045 37.6933 30.3869 28.9724 24.1742 22.4006 20.4825 20.3893 17.6882 17.6277 17.2477 16.4123 15.8906 15.6307 15.3801 19.7293 16.3296 15.13 14.506 14.0942 14.0643 26.2643 15.4539 15.3896 13.8282 17.79 23.2089 13.4311 13.6261 13.0571 12.7642 12.704 13.8352 19.4724 15.7941 15.3989 12.0685 11.9031
threshold=5.5000000000000009 105.00000000000001 9.5000000000000018 55.000000000000007 19.000000000000004 55.000000000000007 26.500000000000004 35.000000000000007 3.5000000000000004 19.000000000000004 1.5000000000000002 12.500000000000002 1.5000000000000002 13.500000000000002 25.000000000000004 40.500000000000007 4.5000000000000009 14.500000000000002 1.5000000000000002 16.500000000000004 3.5000000000000004 1.5000000000000002 13.500000000000002 -1.0000000180025095e-35 1.0000000180025095e-35 1.5000000000000002 1.0000000180025095e-35 1.5000000000000002 35.000000000000007 3.5000000000000004 7.5000000000000009 -1.0000000180025095e-35 2.5000000000000004 35.000000000000007 6.5000000000000009 18.500000000000004 1.5000000000000002 1.5000000000000002 2.5000000000000004 5.5000000000000009 4.5000000000000009 15.500000000000002
decision_type=2 2 2 2 2 2 2 2 2 2 2 2 2 2 2 2 2 2 2 2 2 2 2 2 2 2 2 2 2 2 2 2 2 2 2 2 2 2 2 2 2 2
left_child=5 2 15 4 6 8 12 21 10 18 14 28 23 16 24 22 -11 31 -6 20 -20 -5 35 -4 25 26 27 34 29 30 -7 32 -10 -26 -1 36 37 39 -38 -2 -30 -16
right_child=1 -3 3 7 9 11 -8 -9 17 13 -12 -13 -14 -15 41 -17 -18 -19 19 -21 -22 -23 -24 -25 33 -27 -28 -29 40 -31 -32 -33 -34 -35 -36 -37 38 -39 -40 -41 -42 -43
leaf_value=-0.0089546140786093305 -0.061091069221198516 -0.079537280936624044 -0.1203032168500463 -0.041862314882113394 0.081422648273377626 0.022203966476914944 0.080975107410372144 -0.047965781384621584 -0.07192999361641611 -0.030160738095000788 0.045410405738629069 -0.10772667965464551 0.097086598595358592 0.076898817412810613 0.018869649690471411 0.077572936151729596 0.033469050382628138 -0.08282364557342474 -0.072311468730257678 0.083749147508024424 0.032233831927629339 0.052880681766827128 0.031261179591751349 -0.017887494831906603 0.051195112990891432 -0.069898831505757125 -0.021218543601465033 0.069015982461587286 -0.065038470643203644 0.046194911134775779 -0.086671065555167723 0.015091837129155908 0.042337318243877771 -0.0057040645228465317 0.063175397222282395 -0.08739547333515342 -0.04277084465761806 -0.050053084030256448 0.044921863576701838 0.051628303119567093 0.00066825354421732697 -0.074222709769953696
leaf_weight=33.099904906004667 5.8974021747708347 41.163400830700994 5.384681347757577 9.8369474895298499 40.953512234613299 19.299583800137047 12.975285790860651 113.37446975614876 13.924232032150032 39.799562204629183 230.39791964739561 8.5786408372223359 5.0823672637343398 11.981619026511906 9.4893471263349074 5.2169207707047454 24.972813326865435 7.0542734395712605 9.4059332013130206 14.778734488412736 15.335333384573458 19.842636214569211 12.787756365723906 188.13698185607791 87.944513231515884 14.244382455945013 25.82570643350482 30.702730797231197 23.444116745144129 29.847404541447759 12.659783976152537 256.45199299231172 5.7374360077083102 19.192371483892202 13.483583644032477 18.172509049065411 230.59755512140691 20.708544788882136 8.2926762066781503 23.623161284253001 20.433860773220658 12.29575929045677
leaf_count=74 37 536 34 39 82 70 20 751 71 113 387 48 9 35 19 10 84 41 14 24 47 61 52 966 162 40 72 49 148 104 72 775 20 48 25 154 1534 149 19 79 82 39
internal_value=0 -0.0182687 -0.0152517 -0.00452466 0.00673615 0.0183567 -0.011656 -0.0335587 0.0233957 0.0314906 0.0319978 -0.0151392 -0.0177259 0.00728584 0.0194411 -0.0321254 -0.00560671 0.00890914 0.0545503 0.0266303 -0.00750992 0.0214301 -0.0339246 -0.020763 0.0246027 0.00962268 0.0206379 0.0346419 -0.00758183 0.0114729 -0.020934 0.0112664 -0.0385142 0.0409933 0.0119296 -0.036644 -0.0334405 -0.00356432 -0.0397163 0.0290292 -0.0344362 -0.0336546
internal_weight=0 878.321 837.157 511.861 368.807 874.108 211.579 143.054 759.844 157.228 476.676 114.263 198.604 76.754 246.278 325.297 64.7724 283.168 80.4735 39.52 24.7413 29.6796 320.08 193.522 224.493 117.356 103.112 77.2862 105.685 61.8068 31.9594 276.114 19.6617 107.137 46.5835 307.292 289.119 50.2291 238.89 29.5206 43.878 21.7851
internal_count=7195 4849 4313 2279 1428 2346 1029 851 1822 399 915 524 1009 232 528 2034 197 907 167 85 61 100 2024 1000 470 260 220 148 476 246 142 866 91 210 99 1972 1818 265 1553 116 230 58
is_linear=0
shrinkage=0.0625684


Tree=2
num_leaves=43
num_cat=0
split_feature=39 47 42 47 38 47 23 46 0 38 46 46 2 8 42 26 46 38 48 42 47 7 38 39 15 48 0 15 42 38 38 48 15 38 43 3 11 39 31 7 6 31
split_gain=132.562 47.2597 35.5775 18.6927 29.7307 20.0825 18.8841 20.1607 18.3894 18.3529 16.7139 14.9753 14.8437 13.8376 13.4337 12.9487 12.7696 12.4968 13.3608 12.3891 12.7211 12.0246 10.4278 9.87979 9.72965 9.69513 17.8823 14.1856 9.59982 12.0627 9.54214 9.35577 10.434 8.89714 19.8559 12.7841 10.4789 13.7686 9.72723 11.7497 9.85025 8.88528
threshold=4.5000000000000009 6.5000000000000009 55.000000000000007 3.5000000000000004 19.000000000000004 1.0000000180025095e-35 2.5000000000000004 5.5000000000000009 29.500000000000004 4.5000000000000009 85.000000000000014 105.00000000000001 24.500000000000004 1.5000000000000002 11.500000000000002 3.5000000000000004 8.5000000000000018 1.5000000000000002 4.5000000000000009 10.500000000000002 1.5000000000000002 2.5000000000000004 35.000000000000007 5.5000000000000009 61.500000000000007 6.5000000000000009 8.5000000000000018 27.500000000000004 15.500000000000002 65.000000000000014 35.000000000000007 3.5000000000000004 7.5000000000000009 9.5000000000000018 9.5000000000000018 97.500000000000014 5.5000000000000009 1.5000000000000002 7.5000000000000009 13.500000000000002 17.500000000000004 1.0000000180025095e-35
decision_type=2 2 2 2 2 2 2 2 2 2 2 2 2 2 2 2 2 2 2 2 2 2 2 2 2 2 2 2 2 2 2 2 2 2 2 2 2 2 2 2 2 2
left_child=1 8 3 5 6 22 7 -5 12 14 16 -4 13 33 -3 24 -11 -9 -19 20 -7 -21 -2 -13 -8 26 -20 -27 -6 41 -23 32 -18 34 35 -1 37 38 39 -35 -40 -30
right_child=2 9 11 4 28 19 15 17 -10 10 -12 23 -14 -15 -16 -17 31 18 25 21 -22 30 -24 -25 -26 27 -28 -29 29 -31 -32 -33 -34 36 -36 -37 -38 -39 40 -41 -42 -43
leaf_value=0.027531420249444542 -0.070541958097091392 -0.0076644434423072576 -0.035613184027312866 -0.0015330940698326859 0.043285313071793237 0.062753663882274061 0.0082160720506924256 0.039698908862094463 0.072297140063447424 -0.0544339499633738 -0.042590871281403909 0.0062417715478043367 -0.04529339840995103 -0.047110885313384386 -0.060800458313952595 0.072703761478788737 0.036627851222332405 -0.061449004022207689 -0.00054918076701448526 -0.089618336264295689 0.013694577022107137 -0.038035630248221965 -0.0097029092194233814 -0.096844756914260144 -0.079520836549291887 -0.063944982070195625 -0.090899057317621434 -0.0039623709999454379 -0.036011036038513952 -0.047112448319855893 0.028348075385767127 0.038285925639292555 -0.058480185213906709 0.020954359327408023 -0.053324998132417499 -0.035054605957681735 0.084256562577034275 0.038459657556817364 0.082360282898535989 -0.033200405952248872 0.0037852533655419228 0.038031236451112192
leaf_weight=150.14130899682641 16.534831646829844 38.97986925393343 104.70633205585182 65.12600139528513 29.910987090319395 29.467621410265565 27.639051232486963 7.3006484881043425 33.275912603363395 8.3367667496204358 21.324200801551342 4.1344368755817404 11.672250378876923 9.931581933051346 35.754093514755368 10.270340938121079 8.6329849269241112 94.638784401118755 57.923919949680567 6.5866292342543593 69.680054247379303 13.935078181326388 33.191508132964373 28.972036186605692 5.9896751604974261 53.38896638341248 10.038426481187342 21.770120035856962 8.4313782379031164 15.574096279218791 21.522071924060583 62.054476274177432 9.3846764229238016 34.76188051328063 14.819661181420086 13.921877257525919 15.016638126224278 244.39068556949496 12.331309013068678 28.51485500857234 12.691071271896361 25.215250942856073
leaf_count=405 138 236 839 313 80 88 137 22 67 70 157 31 44 35 304 23 36 703 360 32 275 75 196 420 46 367 73 103 39 107 86 205 56 95 99 56 23 532 20 78 36 88
internal_value=0 0.0183813 -0.0184775 -0.0121207 -0.0193089 0.00418509 -0.0270583 -0.0324946 0.0271353 -0.00920648 0.00707223 -0.047249 0.0243877 0.0259084 -0.0331162 0.0113247 0.019075 -0.0407169 -0.043196 0.0162329 0.0283027 -0.0122036 -0.0299887 -0.083944 -0.00744065 -0.0311071 -0.0139485 -0.046595 0.0153496 -0.00162183 0.00221601 0.0267616 -0.0128648 0.0272906 0.0159353 0.0222078 0.0331272 0.0308079 0.00961048 -0.00343682 0.0426099 0.0194271
internal_weight=0 765.936 761.948 624.135 433.218 190.918 354.086 310.187 581.469 184.467 109.733 137.813 548.193 536.521 74.734 43.8991 88.4089 245.061 237.76 141.191 99.1477 42.0438 49.7263 33.1065 33.6287 143.121 67.9623 75.1591 79.1317 49.2207 35.4572 80.0721 18.0177 526.589 178.883 164.063 347.706 332.69 88.2991 63.2767 25.0224 33.6466
internal_count=7195 2554 4641 3351 2461 890 2147 1941 1490 1064 524 1290 1423 1379 540 206 367 1628 1606 556 363 193 334 451 183 903 433 470 314 234 161 297 92 1344 560 461 784 761 229 173 56 127
is_linear=0
shrinkage=0.0625684


Tree=3
num_leaves=43
num_cat=0
split_feature=47 39 43 46 38 39 42 23 28 27 16 11 39 39 3 39 1 17 5 0 3 14 27 3 1 31 49 3 15 43 13 3 15 5 48 27 19 19 1 42 5 40
split_gain=101.455 37.6559 31.6339 21.398 18.6166 17.4261 16.1076 14.0626 13.3525 17.874 11.8313 10.4286 10.476 10.1414 9.88589 17.9065 12.0201 12.4733 11.9979 9.85208 9.09405 9.04902 11.2538 8.18015 8.0319 7.91101 9.70929 7.68585 13.0306 7.50908 7.50202 9.75727 9.75091 8.88288 7.44373 7.13939 7.10888 7.04795 6.98892 12.7105 6.67504 6.44163
threshold=5.5000000000000009 3.5000000000000004 5.5000000000000009 75.000000000000014 10.500000000000002 4.5000000000000009 8.5000000000000018 1.5000000000000002 1.5000000000000002 8.5000000000000018 6.5000000000000009 1.0000000180025095e-35 11.500000000000002 7.5000000000000009 125.50000000000001 7.5000000000000009 3.5000000000000004 4.5000000000000009 10.500000000000002 33.500000000000007 90.500000000000014 2.5000000000000004 2.5000000000000004 168.50000000000003 2.5000000000000004 6.5000000000000009 5.5000000000000009 131.50000000000003 43.500000000000007 9.5000000000000018 4.5000000000000009 3.5000000000000004 43.500000000000007 3.5000000000000004 5.5000000000000009 4.5000000000000009 18.500000000000004 1.0000000180025095e-35 26.500000000000004 45.000000000000007 3.5000000000000004 -1.0000000180025095e-35
decision_type=2 2 2 2 2 2 2 2 2 2 2 2 2 2 2 2 2 2 2 2 2 2 2 2 2 2 2 2 2 2 2 2 2 2 2 2 2 2 2 2 2 2
left_child=1 19 14 4 7 40 20 11 9 21 -10 12 30 29 16 23 35 -18 -19 38 25 24 -23 -16 -8 26 -7 28 -9 36 31 37 -32 -33 -12 -2 -5 -4 -1 -40 -6 -3
right_child=2 41 3 13 5 6 8 27 10 -11 34 -13 -14 -15 15 -17 17 18 -20 -21 -22 22 -24 -25 -26 -27 -28 -29 -30 -31 32 33 -34 -35 -36 -37 -38 -39 39 -41 -42 -43
leaf_value=0.026574131147734787 0.0042040585131084655 -0.027226777000704767 0.020372679795275295 -0.043232318178722598 0.057007442903261693 -0.056695106379765783 -0.053928419972341789 -0.018535192400745793 0.050229589623666283 -0.099500415848857285 -0.090930843100781075 -0.067300937355259424 0.018084525753121264 -0.082496350841204755 0.089577912293590994 -0.05935628670897368 -0.053387225972724051 0.066600328989641716 -0.035851310916977075 0.074107590060521963 -0.060208745427104082 0.05628322761797671 -0.059722249173698345 0.015940634516390502 -0.006842800141688539 0.073071921583596156 0.038267640555857727 -0.070675830229490422 0.05717558384944748 -0.060287171711984534 0.054644307837756763 -0.073633933495926479 -0.061105429966225512 -0.021229027803802262 0.016483393849916605 0.056919434010699002 0.041765081647933994 -0.040357401563559596 -0.068596949494064349 0.04922335986513085 -0.003687940277942967 0.0022580226959740576
leaf_weight=413.49251743219793 74.550838779658079 31.820174530148506 12.310827657580377 7.9174610376358014 20.304379999637607 6.1112971007824006 37.611755168065429 26.888231882825494 14.453909862786533 15.351849149912594 5.0915526933968049 47.16703842766583 14.08074329793453 35.370866881683469 14.911302208900457 6.0539878997951737 28.953807907178998 8.5254314020276087 9.3354280199855548 16.671218633651733 4.6660251207649699 9.9782014787197095 4.8266150578856459 9.8604388758540136 22.866220375522971 11.953385535627602 13.371118973940609 5.7498921118676654 13.255728263407944 19.900239899754524 7.0127116590738279 45.993259252980351 4.7471398897469044 17.607054963707924 4.9346496015787125 11.606407150626181 7.4373854640871286 18.909000672399998 8.2346986383199674 6.2885310351848593 10.835551787167786 324.52573228254914
leaf_count=1024 294 232 75 81 58 44 291 179 47 118 53 475 70 472 25 46 154 20 55 31 35 40 42 34 144 33 51 51 57 229 29 446 36 152 31 37 50 169 35 16 48 1586
internal_value=0 0.0147775 -0.0187741 -0.0270767 -0.0214116 -0.00671689 -0.0155002 -0.0339415 -0.0269387 -0.0380137 0.0140159 -0.0423334 -0.0325485 -0.058807 0.00487618 0.0367833 -0.00251952 -0.0280356 0.0130219 0.0269206 0.0209334 -0.0254223 0.0183397 0.0603717 -0.0361576 0.0330633 0.00837683 -0.00322061 0.00646367 -0.0349533 -0.0392518 -0.0450978 0.00778451 -0.0591623 -0.0380732 0.0113375 -0.00198876 -0.0163781 0.0250745 -0.0175086 0.0358705 -0.000374005
internal_weight=0 801.033 630.502 466.704 396.078 182.357 151.217 213.722 115.115 90.6346 24.4801 167.828 120.661 70.626 163.798 30.8257 132.972 46.8147 17.8609 444.687 36.1018 75.2828 14.8048 24.7717 60.478 31.4358 19.4824 45.8939 40.144 35.2551 106.58 94.8201 11.7599 63.6003 10.0262 86.1572 15.3548 31.2198 428.016 14.5232 31.1399 356.346
internal_count=7195 2924 4271 3606 2774 1035 929 1739 766 635 131 1452 977 832 665 105 560 229 75 1106 163 517 82 59 435 128 95 287 236 360 907 842 65 598 84 331 131 244 1075 51 106 1818
is_linear=0
shrinkage=0.0625684


Tree=4
num_leaves=43
num_cat=0
split_feature=39 42 38 47 25 43 38 0 39 38 39 42 43 7 1 29 46 0 27 43 3 3 43 29 49 43 5 7 3 13 27 4 16 7 28 27 43 19 5 2 1 46
split_gain=77.1528 31.9366 27.9774 20.7426 14.9757 14.4117 27.3005 19.3952 14.1554 13.5181 12.7779 12.7438 11.5737 11.0193 17.6048 14.3716 10.849 12.3006 10.7282 10.5951 9.11639 16.1609 9.02363 8.64876 8.56418 9.47966 8.51408 8.48497 8.34158 12.946 9.40399 8.29986 8.93514 8.81796 7.78717 8.71635 7.71137 8.17378 14.7924 7.71021 7.51183 12.4599
threshold=4.5000000000000009 55.000000000000007 9.5000000000000018 3.5000000000000004 2.5000000000000004 5.5000000000000009 19.000000000000004 4.5000000000000009 1.0000000180025095e-35 35.000000000000007 7.5000000000000009 45.000000000000007 1.0000000180025095e-35 66.500000000000014 3.5000000000000004 1.0000000180025095e-35 25.000000000000004 8.5000000000000018 8.5000000000000018 14.500000000000002 16.500000000000004 24.500000000000004 3.5000000000000004 2.5000000000000004 9.5000000000000018 3.5000000000000004 15.500000000000002 1.0000000180025095e-35 49.500000000000007 1.5000000000000002 6.5000000000000009 15.500000000000002 4.5000000000000009 170.00000000000003 1.0000000180025095e-35 3.5000000000000004 12.500000000000002 17.500000000000004 17.500000000000004 9.5000000000000018 6.5000000000000009 4.5000000000000009
decision_type=2 2 2 2 2 2 2 2 2 2 2 2 2 2 2 2 2 2 2 2 2 2 2 2 2 2 2 2 2 2 2 2 2 2 2 2 2 2 2 2 2 2
left_child=2 5 3 31 8 12 7 -7 -4 -6 36 -10 -2 14 15 -13 18 -18 -8 23 -14 -22 -15 40 28 -26 -25 -5 29 -23 -30 32 -1 -33 35 -29 37 -3 -39 -32 -9 -42
right_child=1 10 4 27 9 6 16 19 11 -11 -12 13 20 22 -16 -17 17 -19 -20 -21 21 24 -24 26 25 -27 -28 34 30 -31 39 33 -34 -35 -36 -37 -38 38 -40 -41 41 -43
leaf_value=0.013522103206512787 -0.031752809150851748 -0.03815780625490877 -0.059987481557799358 0.027562148138732777 0.073894185067527041 -0.038332054602316624 0.05307149215218683 0.013097319793192758 0.029785652121368689 -0.0044467900258372195 -0.06191143405431087 0.022706670608539797 0.027936968596200387 0.062809739910349716 -0.056727895960485053 -0.083311341923269583 -0.054036626410369312 0.050547807583857143 -0.016801764568325061 -0.074070768996246233 -0.083292687648581082 -0.046025252863301711 0.0059772850858126197 0.090068348898547937 0.052039777183302487 -0.02531777110880452 -0.0069798996272761576 -0.022250025251404165 -0.069701403174908166 0.068238492069221224 0.031666086817352092 0.10036466238350461 -0.051320885603280117 0.022177655590915377 -0.0033448152078447177 -0.068473187771159724 -0.087705968001438359 0.042161496054176691 -0.09233565331841978 -0.032727371174951683 0.023138148749278286 -0.042634415077797881
leaf_weight=104.39462885074317 29.30326765589416 20.873718950897455 8.3976689688861352 13.760639652609823 38.965012807399035 170.17217091750354 35.336972625926137 41.311262093484402 255.97322018630803 11.032093923538921 69.699427668936551 43.188127940520644 70.857761213555932 18.278679698705673 22.207565443590283 5.625920768827199 13.177123345434667 6.563765048980712 11.320458758622406 8.0987324174493533 8.5888762809336168 5.8918407410383251 27.299249453470111 7.6601714491844159 24.062918610870838 8.3062998168170434 6.5086260214447975 52.158334825187922 12.010240329429505 11.199848672375081 13.09178362041712 8.3708013035357016 9.0017431825399381 17.457654852420092 44.133921796455979 23.10142950899899 5.7284901589155188 17.124418046325449 3.9001144096255294 16.300931191071868 16.210986845195293 36.748078513890505
leaf_count=275 233 191 51 55 74 1390 98 254 605 44 883 160 251 41 110 26 97 29 39 87 64 25 123 15 77 49 40 395 72 37 49 14 34 64 281 202 73 99 44 89 68 288
internal_value=0 -0.0151934 0.0144741 -0.00121883 0.0243942 -0.00889604 -0.0164925 -0.0248661 0.0201609 0.0565941 -0.0448395 0.0219756 0.00453663 0.00481697 -0.0105794 0.0104169 0.0196427 -0.0191801 0.0360945 -0.00518778 0.010792 -0.00141742 0.0288229 -1.19998e-05 0.00633707 0.032149 0.0454972 -0.0188758 -0.00793761 0.0287717 -0.0231294 0.0156607 0.0083514 0.0476565 -0.0242434 -0.0364771 -0.0198067 -0.0104348 0.0170532 -0.00400476 -0.00687738 -0.0224783
internal_weight=0 670.048 703.347 272.379 430.968 552.722 353.108 286.71 380.97 49.9971 117.326 372.573 199.614 116.6 71.0216 48.814 66.3983 19.7409 46.6574 116.538 170.311 99.4527 45.5779 108.439 90.8639 32.3692 14.1688 133.154 58.4946 17.0917 41.403 139.225 113.396 25.8285 119.394 75.2598 47.6267 41.8983 21.0245 29.3927 94.2703 52.9591
internal_count=7195 4641 2554 1320 1234 3351 2405 2142 1116 118 1290 1065 946 460 296 186 263 126 137 752 713 462 164 665 398 126 55 933 272 62 210 387 309 78 878 597 407 334 143 138 610 356
is_linear=0
shrinkage=0.0625684


Tree=5
num_leaves=43
num_cat=0
split_feature=43 47 39 46 14 23 16 4 42 1 38 38 46 38 42 15 3 49 38 13 42 42 42 23 38 31 47 30 13 31 7 29 3 47 12 2 0 15 11 15 38 7
split_gain=65.3865 26.5673 16.9312 16.4191 13.6988 11.5722 10.9327 12.1702 17.7419 11.0554 10.0517 10.0198 11.6277 10.3099 9.95642 9.86323 9.17907 11.761 10.8504 9.01222 8.74844 17.5384 12.2597 8.58973 8.52507 8.17122 8.50659 8.04402 7.8143 12.5029 7.46807 8.32057 8.64372 8.34072 8.21669 7.36431 14.3033 7.91607 8.23359 8.45932 10.6561 7.28056
threshold=6.5000000000000009 6.5000000000000009 7.5000000000000009 105.00000000000001 9.5000000000000018 1.5000000000000002 1.5000000000000002 2.5000000000000004 35.000000000000007 5.5000000000000009 55.000000000000007 10.500000000000002 25.000000000000004 19.000000000000004 12.500000000000002 3.5000000000000004 25.500000000000004 1.5000000000000002 7.5000000000000009 1.5000000000000002 55.000000000000007 13.500000000000002 4.5000000000000009 1.0000000180025095e-35 35.000000000000007 8.5000000000000018 10.500000000000002 5.5000000000000009 4.5000000000000009 2.5000000000000004 6.5000000000000009 2.5000000000000004 153.50000000000003 13.500000000000002 2.5000000000000004 10.500000000000002 12.500000000000002 26.500000000000004 1.0000000180025095e-35 18.500000000000004 25.000000000000004 14.500000000000002
decision_type=2 2 2 2 2 2 2 2 2 2 2 2 2 2 2 2 2 2 2 2 2 2 2 2 2 2 2 2 2 2 2 2 2 2 2 2 2 2 2 2 2 2
left_child=2 4 6 5 16 11 7 35 9 -9 23 28 13 14 25 -15 19 -18 -19 20 21 22 -2 -4 -14 26 -13 -8 -3 -30 -7 32 33 34 -32 36 37 38 41 40 -40 -1
right_child=1 3 10 -5 -6 30 27 8 -10 -11 -12 12 24 15 -16 -17 17 18 -20 -21 -22 -23 -24 -25 -26 -27 -28 -29 29 -31 31 -33 -34 -35 -36 -37 -38 -39 39 -41 -42 -43
leaf_value=0.017568169131346466 0.046000230004515641 -0.046738171095248568 0.012290457142645593 -0.073934979923526573 0.044321463697927367 0.073122602734223149 0.027975078316048559 -0.10570258414450864 0.035276764218889152 -0.013053488371973824 -0.038083104372898101 -0.052068679894977848 0.023164002249280259 0.10066575613538764 -0.049528765995687701 -8.1335231010161487e-05 -0.095038114794386258 -0.046829918127212829 0.0002248399678473647 0.050923203893686424 -0.037829354273298983 0.048165228718012647 -0.030152988450666579 -0.029915089567087431 -0.058055520894203134 0.052288989140711346 0.012247932530983554 -0.02528740057072653 0.030929568621740237 -0.079803145506625414 -0.06894920581922441 0.032516736207822 -0.091970412136815394 0.038790349276176507 -0.003676534835811584 0.040672371037336764 -0.079986836352012258 0.04274362889489227 -0.089869161985353677 0.048571569672577648 -0.0016512373782827682 -0.018402396016429547
leaf_weight=153.37253789231181 10.582479689270256 115.12691532447934 77.93235388584435 26.355028502643108 24.983620481565595 4.9754936508834353 276.77709496952593 10.870784576982265 11.164309002459047 9.4547976516187173 31.968838700093329 12.644309997558592 6.0148162804543963 6.689002461731433 20.2497868090868 8.7130795121192914 7.1568656526505938 25.963292721658945 73.033915606327355 16.272154349833727 18.638067964464426 29.145282845944166 37.431336432695389 24.871490854769945 30.728135887533426 10.243541331961749 21.986421514302492 11.51754304487258 12.954928111284973 5.7288512587547293 11.007262961938975 16.510211199522018 5.5569805316627017 10.683379501104353 24.021018190309405 33.268049215897918 6.7947242744266978 28.528241401538253 9.813246808946138 4.9506949149072161 11.825922023504971 25.664938602596521
leaf_count=426 44 1184 351 469 93 14 860 45 37 28 323 93 35 11 213 32 45 183 417 64 161 101 235 157 324 40 125 59 71 67 100 81 63 38 170 111 27 93 41 20 50 94
internal_value=0 -0.0154194 0.0125552 -0.0264516 0.000462556 -0.0225766 0.0170982 0.00884813 -0.0279609 -0.0627512 -0.00745906 -0.0289428 -0.0155693 -0.00224118 -0.0131455 0.0437222 -0.00455955 -0.0177451 -0.0121162 0.00792163 0.000590695 0.00989785 -0.0133252 0.00206245 -0.0447208 0.00327235 -0.0112304 0.0258407 -0.0406479 -0.00304507 -0.000587974 -0.00604835 -0.0185022 -0.00948663 -0.0242652 0.013082 0.00926293 0.0118685 0.00757332 -0.0248805 -0.0417851 0.0124031
internal_weight=0 593.396 728.776 350.189 243.207 323.834 594.003 305.708 31.4899 20.3256 134.773 251.08 117.269 80.5261 65.1241 15.4021 218.223 106.154 98.9972 112.069 95.7972 77.1591 48.0138 102.804 36.743 44.8743 34.6307 288.295 133.811 18.6838 72.7543 67.7789 51.2686 45.7117 35.0283 274.218 240.95 234.156 205.627 26.5899 21.6392 179.037
internal_count=7195 4473 2722 3130 1343 2661 1891 972 110 73 831 2195 873 514 471 43 1250 645 600 605 541 380 279 508 359 258 218 919 1322 138 466 452 371 308 270 862 751 724 631 111 91 520
is_linear=0
shrinkage=0.0625684


Tree=6
num_leaves=43
num_cat=0
split_feature=39 42 43 38 26 38 6 42 42 47 39 38 7 39 46 24 27 25 15 15 1 0 48 13 16 10 42 30 47 18 7 49 38 1 47 7 4 7 47 5 6 3
split_gain=54.9025 25.639 16.375 27.7801 19.3573 15.436 15.2566 13.2508 11.9121 12.7643 11.8303 11.3765 11.2998 11.2078 10.5333 10.2827 9.71403 9.55184 10.493 8.92257 11.0131 9.56581 8.54754 8.4393 8.2244 18.1909 7.97321 7.95417 11.0582 8.7794 7.8809 7.65052 7.32059 7.15311 7.21826 7.0157 12.0297 10.1465 7.85699 7.7619 6.99873 6.69645
threshold=3.5000000000000004 55.000000000000007 5.5000000000000009 19.000000000000004 2.5000000000000004 9.5000000000000018 10.500000000000002 7.5000000000000009 35.000000000000007 2.5000000000000004 7.5000000000000009 35.000000000000007 6.5000000000000009 10.500000000000002 9.5000000000000018 1.5000000000000002 1.5000000000000002 4.5000000000000009 51.500000000000007 28.500000000000004 29.000000000000004 7.5000000000000009 6.5000000000000009 2.5000000000000004 7.5000000000000009 1.0000000180025095e-35 15.500000000000002 1.0000000180025095e-35 2.5000000000000004 3.5000000000000004 15.500000000000002 13.500000000000002 85.000000000000014 10.500000000000002 1.5000000000000002 8.5000000000000018 3.5000000000000004 4.5000000000000009 1.5000000000000002 1.0000000180025095e-35 9.5000000000000018 33.500000000000007
decision_type=2 2 2 2 2 2 2 2 2 2 2 2 2 2 2 2 2 2 2 2 2 2 2 2 2 2 2 2 2 2 2 2 2 2 2 2 2 2 2 2 2 2
left_child=5 2 24 4 13 7 17 22 -5 -10 15 16 14 40 -9 -3 -7 18 -6 21 30 32 23 27 25 35 31 28 -1 -29 -21 -15 -13 -25 -35 37 -37 39 -38 -2 -4 -40
right_child=1 10 3 8 6 11 -8 12 9 -11 -12 19 -14 26 -16 -17 -18 -19 -20 20 -22 -23 -24 33 -26 -27 -28 29 -30 -31 -32 -33 -34 34 -36 36 38 -39 41 -41 -42 -43
leaf_value=0.040688021814225012 0.011441976656983764 -0.0064572761603845855 -0.033978404130004546 0.034546166201815047 -0.057777426253714036 0.014125681032394411 0.063300214532857058 -0.044547674321619976 0.033767769923795252 -0.067074319202522117 -0.056827586105840468 0.016482562004504233 -0.033070958125206808 -0.0067710014420971649 0.039285824012183966 -0.076316757050432768 0.042025713577119095 -0.10380717166335796 0.057590103613324145 0.018181414346524816 0.049721901923039283 0.076053017636073639 0.037516434166624715 -0.075221393462105879 0.033267938966471268 -0.062876446925175911 -0.10055131737217417 0.031797135730250899 -0.031191093046495037 -0.06561224855686755 -0.06394067172094188 -0.095918206047917787 -0.050139273150288662 -0.038008569366979224 0.053578672159518996 0.035302135950188357 -0.048431295290633752 -0.060322389508344933 0.03234300069572292 -0.061723744551679866 -0.071153759217292958 -0.019820679219794544
leaf_weight=41.426435180008411 47.947682123631239 50.834935242310166 126.70958941243589 55.377790905535221 5.5257395170629042 76.297230534255505 16.99901840928942 8.2103867530822772 8.8522932417690772 10.944343309849499 61.413509214296937 72.959514575079083 57.627054482698441 100.77670582011342 20.277202922850847 9.8262533955275995 136.73374883458018 4.0728113278746596 6.9010032974183559 6.2086468972265783 6.5419781953096381 9.7890797890722734 42.470499720424414 8.4111248254776019 38.649736737832427 15.676497250795363 3.9329358078539363 6.1016981154680243 10.457274269312618 8.7888406775891763 17.023239629343152 3.8854351919144383 7.0450099483132353 8.6283172834664565 5.4783225059509268 62.124266445636749 12.617169154807923 12.18191855587065 20.920563988387585 6.4033767431974402 23.611937121488154 17.780642826110125
leaf_count=98 205 411 1143 172 47 215 57 56 35 93 883 237 473 679 97 94 339 35 29 21 19 24 133 39 185 92 50 26 65 42 78 48 45 39 17 242 89 80 70 34 266 93
internal_value=0 -0.0113238 -0.00601791 -0.0142577 -0.0229803 0.0148925 0.0217395 0.00194118 0.0196519 -0.0219444 -0.0374668 0.0233722 -0.0171356 -0.0287725 0.0150616 -0.0178273 0.0320423 -0.021053 0.00618367 0.0079109 -0.0217385 0.0177589 0.0144186 0.00341022 0.00690476 0.00168646 -0.0134353 0.0145917 0.0261686 -0.0256402 -0.0419513 -0.0101204 0.0105838 -0.0296707 -0.00231977 0.00732682 0.0167889 -0.00879015 -0.00560927 0.00276918 -0.0398395 0.00835205
internal_weight=0 723.966 601.891 367.59 292.415 550.476 33.4986 217.877 75.1744 19.7966 122.075 332.598 86.1146 258.917 28.4876 60.6612 213.031 16.4996 12.4267 119.567 29.7739 89.7936 131.763 89.292 234.302 195.652 108.595 66.7742 51.8837 14.8905 23.2319 104.662 80.0045 22.5178 14.1066 179.976 113.443 66.533 51.3184 54.3511 150.322 38.7012
internal_count=7195 5132 3744 2654 2354 2063 168 1085 300 128 1388 978 626 2186 153 505 554 111 76 424 118 306 459 326 1090 905 777 231 163 68 99 727 282 95 56 813 494 319 252 239 1409 163
is_linear=0
shrinkage=0.0625684


Tree=7
num_leaves=43
num_cat=0
split_feature=39 42 47 39 38 46 7 0 43 46 47 46 7 7 47 31 9 39 12 29 19 12 43 23 6 6 38 23 6 31 7 15 2 38 47 46 13 48 46 11 12 4
split_gain=49.1268 17.4891 16.3052 11.0541 10.6572 11.4902 11.2188 9.44589 15.6108 13.1803 10.9701 8.81117 8.59979 8.03908 7.96062 7.90173 7.86694 7.44465 7.33665 7.12667 13.2086 7.02008 6.92593 9.07316 6.7806 9.44143 8.60921 9.63678 6.89484 6.686 13.8817 6.54945 11.0163 10.0582 13.0472 7.34969 6.43512 6.38555 6.36723 6.33098 6.31544 9.78066
threshold=4.5000000000000009 55.000000000000007 6.5000000000000009 7.5000000000000009 4.5000000000000009 105.00000000000001 1.0000000180025095e-35 4.5000000000000009 5.5000000000000009 5.5000000000000009 1.5000000000000002 8.5000000000000018 33.500000000000007 70.500000000000014 1.0000000180025095e-35 1.0000000180025095e-35 1.0000000180025095e-35 9.5000000000000018 10.500000000000002 1.0000000180025095e-35 9.5000000000000018 8.5000000000000018 14.500000000000002 3.5000000000000004 11.500000000000002 6.5000000000000009 9.5000000000000018 2.5000000000000004 15.500000000000002 1.0000000180025095e-35 7.5000000000000009 24.500000000000004 6.5000000000000009 9.5000000000000018 9.5000000000000018 7.5000000000000009 1.5000000000000002 5.5000000000000009 8.5000000000000018 1.5000000000000002 1.0000000180025095e-35 1.0000000180025095e-35
decision_type=2 2 2 2 2 2 2 2 2 2 2 2 2 2 2 2 2 2 2 2 2 2 2 2 2 2 2 2 2 2 2 2 2 2 2 2 2 2 2 2 2 2
left_child=2 7 -1 19 6 11 -4 8 16 12 -11 -6 15 17 -9 -10 39 -12 29 20 -3 -8 24 -24 25 31 27 -26 -28 30 37 32 -16 34 -33 -35 -14 -13 -27 -2 41 -19
right_child=1 3 4 -5 5 -7 21 14 9 10 13 18 36 -15 22 -17 -18 40 -20 -21 -22 -23 23 -25 26 38 28 -29 -30 -31 -32 33 -34 35 -36 -37 -38 -39 -40 -41 -42 -43
leaf_value=0.01816094145751165 0.0110246576063919 -0.037747591304157876 0.049012255712607901 -0.054270226239137534 -0.049450079830988501 -0.053480703778005401 -0.043555919191484695 -0.040636231949660158 0.0067081160842285747 0.028039825397608433 -0.05039492027076263 -0.014876674047154795 0.046378071141390732 -0.071225367319237551 0.043959877594099674 -0.063941344695601879 -0.07051020678207548 -0.040243522003262339 -0.054170248150870001 -0.050226900167238776 0.043627720138334464 0.030289539604618533 -0.096878363340257373 0.043695336524127125 -0.0891061701409048 -0.0016556539151478503 0.074827893857857514 0.01883573185784598 0.021665061883078592 0.040096944716523274 -0.076202130442848584 0.039607160446599204 -0.046847145131941249 -0.075581467277865313 -0.064700613986423183 -0.010118808644163606 -0.033233078639954769 0.06154969065576478 -0.073473183638299189 -0.044485574408043675 -0.043496222078628549 0.025641478376889952
leaf_weight=470.64844933152199 104.2135507799685 15.27490669116378 6.8785467930138102 57.527609718032181 7.4204839970916501 10.611651508137582 47.330090083181858 15.386852236464618 14.704626509919764 9.943212263286112 48.993275146000087 7.362915098667151 18.649743176996711 25.965817268937826 31.378428837284446 10.641688615083693 5.3741741050034753 14.871238391846417 4.6410964615643016 13.783675851300357 15.901733245700596 5.5981594286859027 5.4068287611007673 2.6482277847826481 4.5602898932993403 9.2114832736551779 15.346760123968123 10.916202332824467 25.536334811709821 48.310029860585928 6.7451109848916522 27.032854307442904 6.2353475019335738 8.9150274302810413 5.6421906910836688 27.168746668845415 5.0065666809678069 10.089105837047098 10.213143453001974 8.6775623969733697 22.328709108754992 21.57332113943994
leaf_count=1490 459 161 26 883 70 108 479 124 88 25 512 40 81 269 133 90 42 133 23 151 95 35 74 15 46 60 40 47 132 210 44 115 58 61 59 179 29 29 96 60 189 135
internal_value=0 -0.0124963 0.0123644 -0.0361054 -0.00523104 0.00776537 -0.0259258 -0.0078078 -0.0146878 -0.0256704 -0.035226 0.0154816 0.00232852 -0.039944 0.00259272 -0.022955 0.00319779 -0.032377 0.0217599 -0.0128155 0.00372471 -0.0357103 0.00610195 -0.0505353 0.00862131 0.000530439 0.0266499 -0.0130208 0.041693 0.026658 -0.000145401 0.00786706 0.028849 -0.00360308 0.0215145 -0.0263776 0.0294595 0.029275 -0.039534 0.00673613 -0.0173185 -0.00122457
internal_weight=0 619.03 625.636 102.488 154.987 95.1804 59.8068 516.542 310.943 192.678 143.676 84.5687 49.0026 133.732 205.599 25.3463 118.265 107.767 77.1483 44.9603 31.1766 52.9282 190.212 8.05506 182.157 125.797 56.3596 15.4765 40.8831 72.5072 24.1971 106.373 37.6138 68.7588 32.675 36.0838 23.6563 17.452 19.4246 112.891 58.7733 36.4446
internal_count=7195 4641 2554 1290 1064 524 540 3351 2112 1551 1263 416 288 1238 1239 178 561 969 346 407 256 514 1115 89 1026 761 265 93 172 323 113 605 191 414 174 240 110 69 156 519 457 268
is_linear=0
shrinkage=0.0625684


Tree=8
num_leaves=43
num_cat=0
split_feature=43 46 39 38 39 42 38 14 38 6 14 42 35 39 42 17 26 48 29 38 11 39 48 6 39 43 49 0 25 27 29 39 16 49 47 18 27 4 4 5 7 19
split_gain=42.1589 19.2402 12.9747 11.768 12.4922 11.5955 9.30049 8.47447 9.0755 10.3844 7.60805 13.9003 7.06249 7.00756 8.51752 8.59614 6.92587 6.74632 5.86461 5.84125 6.78288 7.99445 7.34227 9.27109 5.6703 5.35362 8.20597 6.09664 13.7283 5.22388 5.14646 6.80386 7.66007 7.91833 5.9082 15.0148 12.1697 10.9702 7.19719 8.29401 6.07627 6.04394
threshold=6.5000000000000009 105.00000000000001 5.5000000000000009 9.5000000000000018 3.5000000000000004 8.5000000000000018 10.500000000000002 8.5000000000000018 1.5000000000000002 1.5000000000000002 2.5000000000000004 35.000000000000007 2.5000000000000004 6.5000000000000009 11.500000000000002 5.5000000000000009 2.5000000000000004 3.5000000000000004 3.5000000000000004 65.000000000000014 1.0000000180025095e-35 7.5000000000000009 5.5000000000000009 1.0000000180025095e-35 4.5000000000000009 11.500000000000002 9.5000000000000018 2.5000000000000004 2.5000000000000004 11.500000000000002 1.5000000000000002 1.0000000180025095e-35 6.5000000000000009 4.5000000000000009 1.5000000000000002 2.5000000000000004 14.500000000000002 7.5000000000000009 23.500000000000004 10.500000000000002 1.0000000180025095e-35 3.5000000000000004
decision_type=2 2 2 2 2 2 2 2 2 2 2 2 2 2 2 2 2 2 2 2 2 2 2 2 2 2 2 2 2 2 2 2 2 2 2 2 2 2 2 2 2 2
left_child=2 3 30 7 25 6 -6 8 9 -2 -7 13 24 -12 15 -15 19 -9 -11 -4 22 -22 -21 -24 29 26 27 -5 -29 -10 34 -32 -33 -34 38 37 -37 40 39 -1 -36 -42
right_child=1 -3 16 4 5 10 -8 17 12 18 11 -13 -14 14 -16 -17 -18 -19 -20 20 21 -23 23 -25 -26 -27 -28 28 -30 -31 31 32 33 -35 35 36 -38 -39 -40 -41 41 -43
leaf_value=0.022702930001562559 0.029824095447675513 -0.064240576917683451 0.0053489906059808598 0.020148349753664588 -0.060583885999274688 -0.025313752985462377 0.027611124056458464 -0.057485850645440296 -0.014251161144744423 -0.053992860887952465 0.079081083007106645 -0.038675433009661919 0.041088529319180875 -0.084821505165612335 0.033369346557214623 0.026159562265012534 -0.050417504115265112 0.033285244340115927 0.055654912368328313 -0.087646046839831626 0.047121019124756934 -0.037307378195413431 0.050069848651897231 -0.074157007174359607 -0.044365466757049582 0.043313470492430041 0.046030685341406079 -0.089134680659828908 0.036150237034836968 -0.080408497646752564 -0.019860762413826481 0.054150785363120707 0.050142087652025928 0.0017837424119243237 -0.023280108029254863 -0.05318652810220928 0.0313885943724053 0.070558723087017272 0.068992802015978141 -0.02414701035341911 0.027917537164998604 0.0010188674448850658
leaf_weight=137.65757418237627 21.949841629713774 27.203162780962884 150.36107953824103 11.523396212607624 5.2086261771619311 122.03505212813616 43.387805558741093 3.9049364328384426 56.70573247410357 12.773240162059663 7.2159150391817084 21.761224992573261 4.9683719631284466 5.9280187375843507 22.178831013850868 5.000741109251976 11.321999797597526 17.100677954033017 2.2069691866636267 9.4119634693488496 8.8509430997073668 8.6414956990629417 4.8819880448281747 4.472425390034914 90.94023253582418 26.749075174331665 13.778165951371191 8.8379632253199798 5.5371234044432631 5.0741098932921878 10.453434254974125 40.181527260690928 20.316124491393566 38.1796849463135 20.192125208675861 26.306824550032616 8.872235029935835 12.068303275853394 11.48849538899958 16.523946929723024 61.201662506908178 70.378155263140798
leaf_count=380 106 512 764 41 47 1107 205 35 457 144 20 249 26 54 130 24 106 80 10 112 38 118 32 40 980 75 43 54 17 57 52 98 54 130 68 120 28 28 29 59 192 274
internal_value=0 -0.0129821 0.0104739 -0.0102672 -0.00223064 -0.00906533 0.0181006 -0.0214093 -0.0254865 0.0024035 -0.0162435 0.00157128 -0.0320244 0.0233325 0.0110816 -0.034012 -0.00297451 0.0162942 -0.0376778 -8.18143e-05 -0.0226177 0.00535709 -0.0487162 -0.00925757 -0.0344186 0.0216899 0.00705984 -0.0136623 -0.0408269 -0.0197429 0.0160942 0.0280222 0.0331109 0.0186169 0.0125196 0.00524478 -0.0318154 0.0132138 0.0212494 0.0176706 0.00863224 0.0135426
internal_weight=0 541.969 671.762 514.766 299.142 232.716 48.5964 215.624 194.618 36.9301 184.12 62.0847 157.688 40.3235 33.1076 10.9288 197.942 21.0056 14.9802 186.62 36.2588 17.4924 18.7664 9.35441 152.72 66.4257 39.6766 25.8985 14.3751 61.7798 473.82 109.131 98.6773 58.4958 364.689 199.019 35.1791 163.84 165.67 154.182 151.772 131.58
internal_count=7195 4473 2722 3961 2066 1836 252 1895 1780 260 1584 477 1520 228 208 78 1210 115 154 1104 340 156 184 72 1494 230 155 112 71 514 1512 334 282 184 1178 710 148 562 468 439 534 466
is_linear=0
shrinkage=0.0625684


Tree=9
num_leaves=43
num_cat=0
split_feature=47 43 42 39 42 42 46 6 39 17 47 38 46 4 7 4 6 39 28 39 46 39 43 46 11 8 28 16 4 7 38 46 39 35 27 43 23 42 42 43 3 29
split_gain=33.6077 13.187 14.6123 12.5162 13.8555 13.8358 11.6457 11.1696 9.5319 9.01005 8.86375 8.68472 11.317 8.26011 8.06351 11.8344 9.35805 8.52206 7.75843 7.40716 7.36397 10.6099 7.14336 7.10335 7.07456 6.64055 6.63263 11.9816 7.05818 6.57508 7.71264 8.46086 7.32703 8.86063 7.05277 6.20065 6.17861 5.61901 5.59835 5.37882 5.22777 6.2342
threshold=3.5000000000000004 8.5000000000000018 125.00000000000001 7.5000000000000009 13.500000000000002 55.000000000000007 4.5000000000000009 29.500000000000004 3.5000000000000004 14.500000000000002 15.500000000000002 10.500000000000002 95.000000000000014 1.5000000000000002 2.5000000000000004 13.500000000000002 1.0000000180025095e-35 5.5000000000000009 1.0000000180025095e-35 4.5000000000000009 1.0000000180025095e-35 6.5000000000000009 5.5000000000000009 1.5000000000000002 6.5000000000000009 1.0000000180025095e-35 1.5000000000000002 6.5000000000000009 4.5000000000000009 7.5000000000000009 1.5000000000000002 12.500000000000002 12.500000000000002 1.5000000000000002 12.500000000000002 12.500000000000002 2.5000000000000004 65.000000000000014 13.500000000000002 7.5000000000000009 116.00000000000001 1.0000000180025095e-35
decision_type=2 2 2 2 2 2 2 2 2 2 2 2 2 2 2 2 2 2 2 2 2 2 2 2 2 2 2 2 2 2 2 2 2 2 2 2 2 2 2 2 2 2
left_child=8 3 11 4 18 39 13 14 24 20 40 29 19 -5 -7 16 -16 -18 23 35 21 22 -10 -2 -1 -20 28 -28 38 30 -3 -32 33 -31 -35 37 -30 -13 -21 -6 41 -8
right_child=1 2 -4 6 5 7 10 -9 9 -11 -12 12 -14 -15 15 -17 17 -19 25 26 -22 -23 -24 -25 -26 -27 27 -29 36 32 31 -33 -34 34 -36 -37 -38 -39 -40 -41 -42 -43
leaf_value=0.016814054876613183 0.051033213885724474 0.036278858459092914 -0.069814139358204977 -0.032170003247616229 0.026438433159028947 0.053576235222635757 -0.044655461017125662 -0.099661058521370277 -0.010285005275176229 -0.083977695844587669 0.045729547523664781 -0.043634189325613457 -0.066481799556972587 0.053436147677223232 0.022964328965883136 0.044666633549106521 -0.064684355100303695 0.013955570009617882 0.030815062659518961 0.011740432249457059 0.011395178586316451 -0.037975357801410758 0.053065688705642489 -0.037264213698693836 0.055229427146046645 -0.050976756839785815 0.052632148491498359 -0.039757986114101411 -0.061752184147871939 -0.045924977651405213 -0.0047139084603263926 -0.068373797393041391 0.029675349951957697 -0.063757611208901957 0.037415670812469291 0.062678466210268471 0.022659213134901306 0.040759488742391069 -0.027047505653708274 0.076706260021679518 -0.085927710565159507 -0.0059135726255514871
leaf_weight=270.22053104639053 3.8364212810993186 12.198713969439266 20.189503938890994 6.6622728928923634 95.450620340183377 9.7086412534117681 42.517212015576661 4.5736068449914447 18.622392453253273 4.6023999880999318 5.6588984113186589 5.8916628304868954 10.355787471868096 12.867990911006926 11.209491282701491 12.426100162789224 20.961217183619741 7.2174347806721917 18.444870792329315 37.041252123191953 157.67559032514691 33.54119192995131 11.074140276759861 44.794819038361311 20.17839439958334 4.8818861842155448 16.786453574895862 8.1197649799287301 17.254651747643951 84.475603442639112 34.941817389801145 10.65629021823406 6.5540385656058779 3.7145232371985903 9.5703340619802457 12.665701087564228 4.1838946565985671 6.4182564243674278 23.949128048494458 9.1446394361555559 7.1910870783030978 26.451728996820748
leaf_count=784 10 58 367 38 302 39 423 35 102 47 25 27 183 44 51 47 151 51 90 229 748 331 47 313 56 29 62 90 172 1009 307 126 37 42 49 32 27 25 270 25 96 199
internal_value=0 -0.00925369 -0.0182914 -0.00071183 0.00699803 0.0167079 -0.019178 -0.00568542 0.0119987 0.00234167 -0.0295448 -0.0148675 -0.00359826 0.0241718 0.00133246 -0.00846314 -0.0252761 -0.04451 -0.0160164 0.00133053 0.00415735 -0.0138682 0.0133344 -0.0302458 0.0194932 0.0136019 -0.00580406 0.0224543 -0.0143615 -0.0247754 -0.00781578 -0.0196544 -0.034156 -0.0384553 0.00895537 0.0320037 -0.0452173 0.0002689 -0.00347862 0.0308668 -0.0351699 -0.0298228
internal_weight=0 668.966 324.967 343.999 242.65 170.692 101.349 66.0965 515.915 225.516 81.8189 304.778 142.667 19.5303 61.5229 51.8142 39.3881 28.1787 71.958 132.311 220.913 63.2377 29.6965 48.6312 290.399 23.3268 107.335 24.9062 82.4289 162.111 57.7968 45.5981 104.314 97.7605 13.2849 24.9756 21.4385 12.3099 60.9904 104.595 76.16 68.9689
internal_count=7195 5080 3112 1968 1143 701 825 374 2115 1275 743 2745 1117 82 339 300 253 202 442 934 1228 480 149 323 840 119 850 152 698 1628 491 433 1137 1100 91 84 199 52 499 327 718 622
is_linear=0
shrinkage=0.0625684


Tree=10
num_leaves=43
num_cat=0
split_feature=43 46 13 38 39 49 31 2 25 31 42 6 38 35 46 38 5 46 27 5 39 6 47 42 42 31 1 15 43 4 49 38 46 46 4 46 7 38 25 4 14 15
split_gain=30.7734 13.9843 10.9535 9.43416 8.62021 8.05928 7.97494 6.73774 6.88059 6.49189 9.75008 9.17788 6.10042 10.7293 10.2069 10.0635 9.50913 8.97795 8.84972 8.21483 6.96229 6.53418 7.9187 5.99961 5.69714 5.434 5.30502 6.11405 6.24811 10.1624 6.80301 5.19851 6.93046 9.96853 8.3975 7.33109 6.93741 6.87141 6.69256 8.4455 7.19645 7.428
threshold=6.5000000000000009 105.00000000000001 8.5000000000000018 55.000000000000007 3.5000000000000004 3.5000000000000004 34.500000000000007 5.5000000000000009 2.5000000000000004 5.5000000000000009 25.000000000000004 1.0000000180025095e-35 9.5000000000000018 1.5000000000000002 19.000000000000004 19.000000000000004 13.500000000000002 7.5000000000000009 11.500000000000002 1.0000000180025095e-35 15.500000000000002 1.5000000000000002 1.5000000000000002 10.500000000000002 10.500000000000002 26.500000000000004 4.5000000000000009 4.5000000000000009 8.5000000000000018 5.5000000000000009 7.5000000000000009 9.5000000000000018 19.000000000000004 1.5000000000000002 1.5000000000000002 1.0000000180025095e-35 10.500000000000002 10.500000000000002 1.5000000000000002 10.500000000000002 1.0000000180025095e-35 2.5000000000000004
decision_type=2 2 2 2 2 2 2 2 2 2 2 2 2 2 2 2 2 2 2 2 2 2 2 2 2 2 2 2 2 2 2 2 2 2 2 2 2 2 2 2 2 2
left_child=3 2 4 31 7 25 9 26 -9 10 -5 -12 13 17 15 18 19 21 20 24 -14 22 -6 -15 -17 -4 27 28 -2 30 -30 32 33 35 -35 38 -36 -33 40 -40 41 -1
right_child=1 -3 5 6 12 -7 -8 8 -10 -11 11 -13 14 23 -16 16 -18 -19 -20 -21 -22 -23 -24 -25 -26 -27 -28 -29 29 -31 -32 37 -34 34 36 -37 -38 -39 39 -41 -42 -43
leaf_value=0.0092216439497002471 0.046532139555357885 -0.058205997368976872 -0.059852633402236705 0.0090197875190024535 -0.084698235444960385 0.024735506346077352 -0.083850748805789743 -0.047434819273147709 0.035331453279314071 0.014820075936239654 -0.0042336945423959655 -0.078708010865680397 -0.017054266827131175 -0.020144951120842115 -0.036250434716091497 0.041165824949873982 -0.051039440000294672 -0.051588272372387375 0.033398889811133897 0.051561520987061314 -0.099174636373259212 -0.048115590710547516 0.017421082404181661 0.078443412232074919 -0.065995524691360913 0.05070109450015841 0.04329441965100226 -0.019916456776684601 0.034963523414308223 -0.082766112217776314 -0.024314450201820232 0.029749059573180931 0.04562386387847555 -0.040261164407474993 0.080015194606814319 0.039443110655884198 -0.0059554050253401497 0.01079358805934787 -0.11353359346683549 0.017243929403476785 0.032342127876623182 -0.05078345934499208
leaf_weight=27.995335740968585 16.839720442891121 23.860397763550282 7.9872483080252987 24.427420537918806 3.3679839856922653 53.503715486265719 5.2621677760034791 17.956680160015825 4.990134745836257 37.826470289379358 11.652520745992662 14.659371266141532 83.0674002841115 4.4631348103284818 49.175840700045228 3.3187256902456275 5.7868739888072005 60.135969039052725 13.431216340512036 27.215277533978224 4.2252858486026517 14.02149453293532 23.51107469201088 5.1731469333171844 4.5693199969828129 2.1848953291773796 14.40492391400039 30.933392310515046 20.765837991610169 4.9255333449691525 11.874697890132664 111.15564200282097 14.843500446528195 31.537319825962186 3.9270334765315047 31.311429969966412 50.915664130821824 230.38235149346292 4.0478525198996058 3.6344619244337082 30.746636975556612 11.303479399532078
leaf_count=92 59 512 81 125 29 307 48 158 27 223 95 157 720 31 580 9 47 769 75 103 42 166 171 17 43 11 62 230 97 41 86 337 50 180 10 84 255 877 31 14 100 44
internal_value=0 -0.0114601 -0.00916764 0.00908278 -0.0128018 0.0150164 -0.00924972 0.00117142 -0.0293627 -0.00477505 -0.0194054 -0.0458152 -0.0184918 -0.0301832 -0.0117001 -0.00316057 0.0229954 -0.0362055 -0.0137941 0.0352685 -0.021078 -0.0135376 0.00449565 0.0327535 -0.0207856 -0.0359102 0.00821455 0.00226568 0.0149026 0.00066601 0.0133612 0.0122024 0.00445426 0.00131425 -0.0145535 0.0138953 0.000224805 0.0169683 0.00357711 -0.0517106 0.00967828 -0.00803747
internal_weight=0 511.69 487.83 645.629 424.154 63.6759 93.828 122.691 22.9468 88.5658 50.7393 26.3119 301.463 110.673 190.79 141.614 40.8902 101.037 100.724 35.1033 87.2927 40.9006 26.8791 9.63628 7.88805 10.1721 99.7441 85.3392 54.4058 37.5661 32.6405 551.801 210.263 195.419 86.38 109.039 54.8427 341.538 77.7278 7.68231 70.0455 39.2988
internal_count=7195 4473 3961 2722 3562 399 648 760 185 600 377 252 2802 1183 1619 1039 202 1135 837 155 762 366 200 48 52 92 575 513 283 224 183 2074 860 810 445 365 265 1214 281 45 236 136
is_linear=0
shrinkage=0.0625684


Tree=11
num_leaves=43
num_cat=0
split_feature=43 42 38 38 42 15 39 39 38 39 29 43 42 47 12 11 15 27 21 46 38 1 16 39 39 38 38 46 4 18 19 2 6 31 42 13 19 47 47 5 15 17
split_gain=31.3012 12.7991 12.3634 18.0009 17.1324 9.65524 7.87962 7.86763 6.29841 6.28261 5.9972 5.83111 7.75225 5.88417 6.16778 10.823 6.38101 6.22978 6.79692 6.17044 8.82557 5.78177 7.68406 5.34892 5.04925 7.71568 7.37826 6.00637 6.19126 12.3085 7.41352 9.40933 7.13937 6.38821 5.29392 10.4885 7.84762 4.91216 9.33484 7.13018 5.14875 8.50272
threshold=5.5000000000000009 125.00000000000001 19.000000000000004 35.000000000000007 35.000000000000007 98.500000000000014 7.5000000000000009 4.5000000000000009 55.000000000000007 4.5000000000000009 1.0000000180025095e-35 14.500000000000002 12.500000000000002 14.500000000000002 2.5000000000000004 1.0000000180025095e-35 80.500000000000014 31.500000000000004 1.5000000000000002 25.000000000000004 2.5000000000000004 5.5000000000000009 2.5000000000000004 5.5000000000000009 1.5000000000000002 1.5000000000000002 10.500000000000002 45.000000000000007 14.500000000000002 2.5000000000000004 1.5000000000000002 3.5000000000000004 11.500000000000002 8.5000000000000018 65.000000000000014 3.5000000000000004 50.500000000000007 1.0000000180025095e-35 1.5000000000000002 3.5000000000000004 3.5000000000000004 1.0000000180025095e-35
decision_type=2 2 2 2 2 2 2 2 2 2 2 2 2 2 2 2 2 2 2 2 2 2 2 2 2 2 2 2 2 2 2 2 2 2 2 2 2 2 2 2 2 2
left_child=7 2 5 -4 -5 11 8 24 9 -6 21 13 -13 14 15 19 17 18 -16 20 -2 -10 -23 -15 26 -26 27 28 29 30 31 -1 -31 -30 35 36 -28 -9 39 -39 41 -40
right_child=1 -3 3 4 6 -7 -8 37 10 -11 -12 12 -14 23 16 -17 -18 -19 -20 -21 -22 22 -24 -25 25 -27 34 -29 33 32 -32 -33 -34 -35 -36 -37 -38 38 40 -41 -42 -43
leaf_value=0.016946749250720997 0.021212025786740259 -0.054455924154444835 0.038812610652412184 0.023370840840584071 -0.074924493463376374 0.048016258524516693 -0.046329862108444184 -0.022868343052367818 0.03813143046001765 0.016280867588583013 -0.033449833518877745 -0.011912344938994738 -0.073113436976751781 -0.029982759360021174 -0.011097139711838504 -0.048593620739628189 -0.074238600304315575 0.063209767980201392 0.040925617995198851 -0.086188481340184628 -0.020250950579651639 -0.087293280831985814 0.046775821572233978 0.033288522881433517 -0.034346764228553046 0.024402490193975442 -0.089088496314391308 -0.041265183102689736 0.075160005350899173 -0.074741700065890038 0.033932120857174487 -0.061942283988522986 0.013329014838487857 0.014659009446501467 0.030365140438915996 0.018655488704728038 0.0059908192475509351 0.068463054307912372 -0.019016431106977018 -0.0032092721131741992 -0.010432776245945552 0.036007060646922891
leaf_weight=20.5043079238385 25.371705273166299 24.712357972748578 45.824839493259788 47.831195732578635 8.8779397904872877 9.2000433243811113 34.726577384863049 30.779027957469225 20.08327318541706 4.3828584142029277 11.016259113326667 16.559136981144547 15.957886027172206 7.3470224477350738 95.423591531813145 50.366255006752908 5.0291389953345051 5.3568555228412142 10.922337537631391 4.4727124776691189 95.874941708520055 3.7931382302194825 2.9351565651595592 17.851813442073762 9.0973417013883573 205.40676697716117 11.870168004184967 7.2147949710488311 13.049526806920769 9.5383405052125436 50.959491996094584 8.2784509770572168 5.73416893929243 14.459066407755016 6.7675522007048121 10.123515285551546 4.7209329307079306 14.273699931800367 17.660261508077383 8.7105385884642583 90.913369628600776 28.945393200963736
leaf_count=60 163 451 189 167 58 32 544 274 125 33 105 149 233 73 741 572 56 20 44 44 870 46 16 118 28 608 64 31 28 50 147 34 20 55 25 35 19 39 99 42 582 106
internal_value=0 -0.0104466 -0.00842429 0.00498389 -0.00661375 -0.0151166 -0.0233419 0.0103531 -0.00767464 -0.0447308 0.00531399 -0.0167811 -0.042025 -0.0141923 -0.0166909 -0.0240854 -0.00552341 -0.00239866 -0.00573258 -0.0142477 -0.0115619 0.0213042 -0.0286996 0.0147818 0.0155884 0.0219008 0.00728303 0.0140458 0.0173221 0.00973173 0.0195987 -0.00574964 -0.0416449 0.0434557 -0.0188763 -0.0314143 -0.062009 8.39802e-06 0.00440611 0.0412868 -0.0017583 0.0151345
internal_weight=0 563.917 539.205 179.471 133.646 359.733 85.8152 569.007 51.0886 13.2608 37.8278 350.533 32.517 318.016 292.818 176.086 116.732 111.703 106.346 125.719 121.247 26.8116 6.72829 25.1988 377.724 214.504 163.22 129.738 122.523 95.0148 79.7423 28.7828 15.2725 27.5086 33.4822 26.7146 16.5911 191.282 160.503 22.9842 137.519 46.6057
internal_count=7195 4849 4398 1283 1094 3115 927 2346 383 91 292 3083 382 2701 2510 1649 861 805 785 1077 1033 187 62 191 1204 636 568 425 394 311 241 94 70 83 143 118 83 1142 868 81 787 205
is_linear=0
shrinkage=0.0625684


Tree=12
num_leaves=43
num_cat=0
split_feature=39 46 43 38 27 39 35 27 43 26 31 27 46 23 31 4 38 35 39 29 15 46 8 38 8 31 18 0 0 17 49 25 49 17 31 3 19 4 39 49 4 38
split_gain=28.03 13.1553 9.45935 7.91392 9.62855 8.71899 7.83479 7.80897 6.39202 6.22838 8.446 7.69572 6.93313 6.70458 6.44683 6.56605 5.93667 5.11172 5.9513 4.98306 4.89397 4.58372 4.39373 4.26646 4.24643 4.19637 18.1591 8.7851 4.55793 4.28739 5.06126 4.07761 7.08203 6.00434 5.22773 5.08301 6.68016 4.61922 3.83817 10.4964 6.58177 4.70797
threshold=3.5000000000000004 105.00000000000001 11.500000000000002 9.5000000000000018 14.500000000000002 1.0000000180025095e-35 5.5000000000000009 18.500000000000004 13.500000000000002 4.5000000000000009 7.5000000000000009 6.5000000000000009 11.500000000000002 2.5000000000000004 6.5000000000000009 5.5000000000000009 85.000000000000014 1.0000000180025095e-35 10.500000000000002 3.5000000000000004 1.5000000000000002 19.000000000000004 1.0000000180025095e-35 125.00000000000001 1.5000000000000002 1.5000000000000002 1.0000000180025095e-35 2.5000000000000004 14.500000000000002 1.5000000000000002 4.5000000000000009 1.0000000180025095e-35 7.5000000000000009 2.5000000000000004 8.5000000000000018 93.500000000000014 56.500000000000007 9.5000000000000018 1.5000000000000002 5.5000000000000009 4.5000000000000009 35.000000000000007
decision_type=2 2 2 2 2 2 2 2 2 2 2 2 2 2 2 2 2 2 2 2 2 2 2 2 2 2 2 2 2 2 2 2 2 2 2 2 2 2 2 2 2 2
left_child=3 2 6 4 8 -5 -2 16 24 10 11 12 14 23 15 20 21 -12 -19 -6 -4 25 -10 -14 31 26 27 -7 29 -27 -31 34 33 -33 35 36 37 -1 39 40 -23 -41
right_child=1 -3 9 5 19 7 -8 -9 22 -11 17 -13 13 -15 -16 -17 -18 18 -20 -21 -22 38 -24 -25 -26 28 -28 -29 -30 30 -32 32 -34 -35 -36 -37 -38 -39 -40 41 -42 -43
leaf_value=0.011002628274017151 -0.003358313004062283 -0.052541907560606796 -0.022668611035723384 -0.050196716807916097 -0.065052580594808937 0.055578395911248094 0.093355962081819135 0.046917361171369409 -0.065658001808328439 0.035235250513185531 -0.077887249118943389 -0.05561145261832974 -0.047954771760022524 0.045013673755180533 0.084889177672044375 -0.067693392550828985 -0.041272762341217469 -0.069266798216205724 0.018999148404458783 0.013063212490018083 0.025395971989306255 -0.094301861014891783 0.033786779237977647 0.026406002656464641 -0.054751012110617954 0.068365104611889951 -0.064773236343948187 -0.010974901632780424 -0.00064873794119780527 0.063281558238057034 0.010308143911880958 -0.025365247484003602 0.051467047308214151 0.046293877207046995 -0.032383474793330848 -0.051455163366102508 0.070649601723331526 -0.052217553748395304 0.016485732911845422 0.03070708089092784 -0.0073311072209293615 -0.031560534730353799
leaf_weight=86.458620237186551 468.06618325784802 25.668358402326703 12.34019812569022 7.1531127952039233 12.047260290011765 23.175801161676645 3.2685364857316008 35.723281227052212 7.6208802647888643 7.085406318306922 16.241902305744592 16.043227359652519 26.897736826911572 4.1267293561249963 3.8453606292605391 4.8432377995923153 6.9378199540078631 5.7500320523977262 6.140808679163456 4.3041067346930495 25.044580755755305 6.8264040537178499 2.211883369833231 3.3607674911618224 3.9872186593711367 19.802399791777134 9.3364081494510156 11.616013616323469 9.8933080062270147 11.472254410386087 18.483622007071972 12.886202013120057 22.039743132889271 7.0563736632466307 13.411302229389547 5.1205337904393664 7.0877919085323802 4.7368974098935714 97.673315610736609 20.589684620499614 6.8385399859398603 6.1323809903115025
leaf_count=430 3232 517 124 54 114 47 7 100 94 36 222 192 373 20 15 69 44 75 46 22 181 45 15 23 32 39 36 37 26 25 53 73 82 29 109 30 23 32 324 75 32 41
internal_value=0 -0.00869552 -0.00682463 0.0113748 0.00139351 0.0178372 -0.00267877 0.0195573 0.00574905 -0.0216469 -0.0248981 -0.0160769 -0.00816034 -0.0294137 0.00768693 0.000569466 0.0156183 -0.0550629 -0.0236639 -0.0444377 0.00949476 0.0172604 -0.0431368 -0.0396391 0.00871692 0.0272002 0.0125211 0.0333368 0.0380278 0.0457354 0.03068 0.0103286 0.0270501 0 0.00430357 0.00908141 0.0122629 0.00768889 0.00977582 -0.00642433 -0.0509819 0.0163545
internal_weight=0 628.723 603.055 480.623 188.969 291.654 471.335 284.501 172.617 131.72 124.635 96.5018 80.4586 34.3852 46.0734 42.228 248.778 28.1327 11.8908 16.3514 37.3848 241.84 9.83276 30.2585 162.785 103.78 44.1282 34.7918 59.6516 49.7583 29.9559 158.797 41.9823 19.9426 116.815 103.404 98.2833 91.1955 138.06 40.387 13.6649 26.7221
internal_count=7195 5132 4615 2063 1085 978 3239 924 949 1376 1340 997 805 416 389 374 824 343 121 136 305 780 109 396 840 263 120 84 143 117 78 808 184 102 624 515 485 462 517 193 77 116
is_linear=0
shrinkage=0.0625684


Tree=13
num_leaves=43
num_cat=0
split_feature=43 46 38 39 38 42 2 31 28 35 13 39 38 47 29 35 24 13 38 46 3 25 13 43 13 38 46 42 49 49 42 46 46 9 26 14 42 1 3 6 49 43
split_gain=27.7365 12.6421 9.64424 16.2077 12.3304 10.6431 9.05862 7.77699 9.57049 7.6528 7.65264 7.14694 6.86001 7.38006 6.67875 6.46812 5.77995 5.53132 5.62136 5.50697 5.45685 5.30207 5.51612 5.57265 5.07351 6.21243 11.9062 5.67357 7.02736 6.01956 5.40561 4.94321 4.80599 4.57401 5.07078 4.92934 4.54776 4.49328 5.19295 4.47881 4.35723 5.69006
threshold=3.5000000000000004 105.00000000000001 9.5000000000000018 7.5000000000000009 35.000000000000007 15.500000000000002 1.5000000000000002 4.5000000000000009 1.0000000180025095e-35 1.5000000000000002 1.0000000180025095e-35 13.500000000000002 45.000000000000007 14.500000000000002 1.0000000180025095e-35 1.0000000180025095e-35 2.5000000000000004 1.5000000000000002 19.000000000000004 2.5000000000000004 3.5000000000000004 1.0000000180025095e-35 2.5000000000000004 4.5000000000000009 4.5000000000000009 3.5000000000000004 19.000000000000004 6.5000000000000009 10.500000000000002 7.5000000000000009 3.5000000000000004 19.000000000000004 11.500000000000002 1.0000000180025095e-35 1.0000000180025095e-35 1.5000000000000002 25.000000000000004 14.500000000000002 1.5000000000000002 1.0000000180025095e-35 9.5000000000000018 9.5000000000000018
decision_type=2 2 2 2 2 2 2 2 2 2 2 2 2 2 2 2 2 2 2 2 2 2 2 2 2 2 2 2 2 2 2 2 2 2 2 2 2 2 2 2 2 2
left_child=11 2 7 4 6 12 10 24 9 -9 14 -1 13 16 39 17 37 18 -8 -10 40 31 23 -23 25 27 33 29 -29 30 -2 -22 -18 35 -35 -27 -24 38 -5 -4 41 -6
right_child=1 -3 3 5 20 -7 15 8 19 -11 -12 -13 -14 -15 -16 -17 32 -19 -20 -21 21 22 36 -25 -26 26 -28 28 -30 -31 -32 -33 -34 34 -36 -37 -38 -39 -40 -41 -42 -43
leaf_value=0.014383391339526262 -0.055696702240662657 -0.048136371467620002 0.0052119252305798192 -0.068209633239023446 -0.032220199335156026 -0.034358080990883853 -0.054229983354214306 -0.073942061152663996 0.029709412170142956 0.028137475218276711 -0.048087779763431468 -0.046291796041514538 0.031240297393520494 0.030975677899763823 -0.029337925620559504 0.071884438357452091 -0.018875574867005786 0.03988876656351218 0.029309619247371903 -0.024371265089644996 0.0059302351074824334 0.087890421005473382 0.046411537393739224 0.0083095657974824513 0.015966706800537297 -0.025427470629408356 0.0960578923771995 -0.0016293231221256854 -0.073870316067201527 0.058821712470768568 0.028700982654266766 -0.037243810341666614 0.057432267782124465 -0.029735948139453131 0.070986890005321643 -0.06650145840885191 -0.028574030637474969 -0.078289973526833243 -0.012384037581587657 0.072394419494494711 0.068567377096577134 0.047965001849012895
leaf_weight=388.85898411925882 4.8155654892325419 28.770163433626294 7.1017966270446804 7.157685160636901 7.1880150903016347 60.90178204048425 5.5647232942283136 23.591442115604881 8.6004552841186506 3.2389465421438208 9.228008817881344 7.7116179997101417 19.726977478712797 15.736222248524426 7.4843604862689963 18.366054954007268 5.7589044617488963 41.626870028674603 7.1771742925047874 49.942990887910128 15.113650644198058 5.3765213191509238 3.9327733516693142 9.6050509940832836 29.645471705123782 54.990516199730337 3.0671485885977736 37.675243277102709 6.1030875779688349 11.435595620423554 7.6307172030210495 32.784446805715561 7.2449938952922821 4.2338286750018588 3.5717177595943213 14.515082543715833 15.568241732195018 5.0439835228025904 72.090608893893659 8.6596875712275487 6.4195379652082911 6.6192743703722954
leaf_count=1551 22 590 31 74 40 771 39 276 48 20 55 78 66 86 37 51 40 149 21 484 71 13 11 64 178 543 7 271 72 41 39 241 24 45 15 184 125 55 591 26 26 24
internal_value=0 -0.00754892 -0.00578776 0.000311069 0.0124486 -0.0127078 0.0274972 -0.0150989 -0.0306199 -0.0615582 0 0.0131969 -0.00276146 -0.00871286 0.0191567 0.03976 -0.0151517 0.0288506 -0.00713318 -0.0163951 -0.00297456 -0.0101352 0.0085446 0.037074 -0.00763072 -0.0123663 -0.0241231 0.00158903 -0.0117739 0.0261139 -0.00392507 -0.0236029 0.0235911 -0.0289444 0.0163166 -0.0340486 -0.0133417 -0.0211487 -0.0174666 0.0422682 0.0261035 0.0061633
internal_weight=0 693.305 664.535 401.477 207.816 193.661 105.209 263.058 85.3738 26.8304 32.4739 396.571 132.759 113.032 23.2458 72.7348 97.2962 54.3688 12.7419 58.5434 102.608 82.3807 34.4826 14.9816 177.684 148.039 80.3783 67.6602 43.7783 23.8819 12.4463 47.8981 13.0039 77.3111 7.80555 69.5056 19.501 84.2923 79.2483 15.7615 20.2268 13.8073
internal_count=7195 5566 4976 2731 1024 1707 409 2245 828 296 149 1629 936 870 94 260 784 209 60 532 615 525 213 77 1417 1239 794 445 343 102 61 312 64 787 60 727 136 720 665 57 90 64
is_linear=0
shrinkage=0.0625684


Tree=14
num_leaves=43
num_cat=0
split_feature=39 43 42 19 38 42 16 4 31 16 43 25 39 31 7 35 19 43 46 49 48 42 38 16 42 30 1 1 11 1 13 7 7 39 42 42 23 25 31 16 3 13
split_gain=24.4776 9.11943 12.7128 8.39967 8.3949 11.2004 7.5721 7.9797 7.00689 6.50952 10.1899 7.33728 6.8978 6.31582 5.3757 5.1706 6.41563 4.88503 5.78044 9.81745 5.29682 6.83859 5.21047 4.99556 4.73173 6.16803 4.69734 4.75521 4.49708 4.36716 8.92599 4.47161 4.31621 4.28695 4.11454 4.05659 3.95867 8.74322 4.33232 7.99725 8.39559 10.1003
threshold=4.5000000000000009 12.500000000000002 12.500000000000002 26.500000000000004 9.5000000000000018 7.5000000000000009 24.000000000000004 24.500000000000004 51.000000000000007 6.5000000000000009 1.5000000000000002 1.5000000000000002 1.0000000180025095e-35 15.500000000000002 282.50000000000006 5.5000000000000009 99.500000000000014 13.500000000000002 8.5000000000000018 11.500000000000002 4.5000000000000009 19.000000000000004 -1.0000000180025095e-35 4.5000000000000009 45.000000000000007 1.5000000000000002 4.5000000000000009 5.5000000000000009 5.5000000000000009 4.5000000000000009 1.0000000180025095e-35 1.5000000000000002 2.5000000000000004 3.5000000000000004 7.5000000000000009 25.000000000000004 1.0000000180025095e-35 1.0000000180025095e-35 11.500000000000002 1.5000000000000002 12.500000000000002 2.5000000000000004
decision_type=2 2 2 2 2 2 2 2 2 2 2 2 2 2 2 2 2 2 2 2 2 2 2 2 2 2 2 2 2 2 2 2 2 2 2 2 2 2 2 2 2 2
left_child=4 8 3 -3 5 36 7 9 14 12 -11 -12 -6 24 15 16 -2 18 26 20 21 23 -21 -20 29 32 -7 -28 -16 30 -14 -31 -26 -22 -5 -8 38 -38 39 40 -1 -42
right_child=1 2 -4 34 6 17 35 -9 -10 10 11 -13 13 -15 28 -17 -18 -19 19 22 33 -23 -24 -25 25 -27 27 -29 -30 31 -32 -33 -34 -35 -36 -37 37 -39 -40 -41 41 -43
leaf_value=-0.014235743801019978 -0.0056408551619716333 0.012686393037416248 -0.04922896166046313 0.012728221714587302 -0.045500108017787672 -0.064277438105342088 0 0.053037610837727123 -0.077606908510566758 -0.072848434425523634 -0.011193527772636805 0.051043448679441147 0.028832281434980456 0.054437117279042234 0.055540474920041175 0.081130207788789932 -0.058376080953489347 -0.05336574158233981 -0.065980210102771691 0.028078175075585944 0.034790103936056985 0.031088701647473994 -0.095508288728155449 0.013251430861148879 0.03432526759989956 -0.069528475824820413 0.047523909119670193 -0.045706890960653411 -0.021999302375499984 -0.0032088984446349686 -0.012375252855971753 0.041816707581232411 -0.0017542078036730934 -0.03648766925016847 -0.085605103763341059 -0.08589404035294157 -0.058835409823003976 0.021894553653818174 -0.028054238190396496 0.049061625563858242 0.056756935990747263 -0.016916365290034808
leaf_weight=31.007024547085166 410.90276645449921 32.089113308116794 48.87744817417115 2.2777002528309804 6.4056044043973079 12.201813554391267 4.3541528433561307 22.630037849768996 5.2332640122622243 7.7009148560464373 26.546758741140366 10.245862200856207 57.097275570034981 19.287744143977761 10.0063154771924 2.5994806848466387 9.2073622029274684 12.265996146947144 9.6755546964705008 1.6942554544657467 26.13098218198866 8.1584288924932462 5.8550616595894089 4.5417655855417243 17.912544855847955 4.2208102550357571 3.8508149646222574 4.7369082346558571 4.0883547272533169 10.094761759042738 32.09544675797224 57.704243283718824 46.721749788150191 3.7384292278438798 5.9120310619473457 4.2001094240695238 9.0180990807712096 12.459308553487061 7.4696922376751891 28.189211994409561 21.080698251724243 11.073389694094656
leaf_count=129 3217 232 805 19 52 109 14 71 75 33 107 30 167 52 48 9 115 156 111 16 139 45 78 48 65 23 20 45 41 33 119 158 280 38 80 30 67 54 44 90 67 64
internal_value=0 -0.00953751 -0.0277915 -0.00173099 0.00937564 -0.000282054 0.0156694 0.0172327 -0.00585147 0.0144863 -0.00755187 0.00613805 0.0183894 0.0200693 -0.00498342 -0.00625409 -0.00680378 -0.0166095 -0.0109813 -0.00107467 0.00855701 -0.0144169 -0.0676241 -0.0406193 0.0171218 0.00342553 -0.0393741 -0.00375031 0.0329714 0.0231197 0.0139924 0.035098 0.00823998 0.0258013 -0.0581805 -0.0422802 0.0123119 -0.0119896 0.0176071 0.0213618 0.00896234 0.0313591
internal_weight=0 531.194 89.1563 40.2788 540.365 213.147 327.218 318.664 442.038 296.034 44.4935 36.7926 251.54 245.135 436.804 422.71 420.11 92.85 80.584 59.7945 52.2452 22.3757 7.54932 14.2173 225.847 68.8551 20.7895 8.58772 14.0947 156.992 89.1927 67.799 64.6343 29.8694 8.18973 8.55426 120.297 21.4774 98.82 91.3503 63.1611 32.1541
internal_count=7195 4641 1136 331 2554 1320 1234 1190 3505 1119 170 137 949 897 3430 3341 3332 805 649 475 381 204 94 159 845 368 174 65 89 477 286 191 345 177 99 44 515 121 394 350 260 131
is_linear=0
shrinkage=0.0625684


Tree=15
num_leaves=43
num_cat=0
split_feature=39 46 47 38 7 46 43 24 43 39 42 38 28 49 47 18 39 42 31 39 19 38 42 15 46 42 38 43 43 26 15 47 46 15 14 23 49 46 0 3 11 27
split_gain=24.3789 9.2464 6.88303 8.77006 9.34833 6.04116 5.98477 8.04959 6.5183 5.46586 6.6762 9.78416 5.18066 8.52512 6.09715 5.17416 5.16076 4.84923 5.26583 5.01085 4.76706 4.61007 10.2353 6.5619 6.58195 10.1114 6.45581 5.96357 11.1998 5.69207 5.3638 6.24987 5.15462 6.78016 4.62369 4.46109 4.42055 4.15011 4.117 6.84409 4.07181 4.17589
threshold=3.5000000000000004 105.00000000000001 5.5000000000000009 4.5000000000000009 5.5000000000000009 11.500000000000002 6.5000000000000009 2.5000000000000004 13.500000000000002 10.500000000000002 15.500000000000002 19.000000000000004 1.5000000000000002 9.5000000000000018 4.5000000000000009 4.5000000000000009 1.0000000180025095e-35 16.500000000000004 1.0000000180025095e-35 7.5000000000000009 3.5000000000000004 10.500000000000002 25.000000000000004 26.500000000000004 9.5000000000000018 19.000000000000004 55.000000000000007 1.0000000180025095e-35 2.5000000000000004 1.0000000180025095e-35 47.500000000000007 5.5000000000000009 12.500000000000002 8.5000000000000018 5.5000000000000009 2.5000000000000004 13.500000000000002 2.5000000000000004 2.5000000000000004 9.5000000000000018 1.0000000180025095e-35 6.5000000000000009
decision_type=2 2 2 2 2 2 2 2 2 2 2 2 2 2 2 2 2 2 2 2 2 2 2 2 2 2 2 2 2 2 2 2 2 2 2 2 2 2 2 2 2 2
left_child=2 6 -1 4 5 -4 21 9 12 15 11 36 13 14 -9 17 20 35 -19 -20 -5 22 27 24 -23 -26 38 -2 -29 -28 -25 -32 -30 -34 -33 40 -11 -17 39 -27 41 -8
right_child=1 -3 3 16 -6 -7 7 8 -10 10 -12 -13 -14 -15 -16 37 -18 18 19 -21 -22 23 -24 30 25 26 29 28 32 -31 31 34 33 -35 -36 -37 -38 -39 -40 -41 -42 -43
leaf_value=0.016279827913470359 -0.063741585495133854 -0.046732508478758823 -0.024461270750859014 0.00038524948745168437 -0.043370348792606407 0.047805732387536673 -0.014384401002524271 0.024370429847648686 -0.050729900769738198 -0.0055549204217745195 -0.037905983727491092 0.043729076295980426 0.047505358301992359 0.0488692847965903 -0.065791928258211313 0.008728544921912381 0.016355174481696738 -0.035200790494795818 0.033513043947579951 -0.03161386166113906 -0.094464832488799527 0.022735745427472157 0.059034167728509564 -0.05667599991643555 -0.063476692072669302 0.023995847919323576 -0.0562231591793943 0.0383468776856234 -0.017661398044297675 0.029609491733349817 -0.031896643052718596 0.064784704761085568 0.066967274394353696 -0.029612214898469318 -0.026029871992273745 0.017616274594895263 -0.084062047951251218 -0.061509085767153734 0.038540262696351392 -0.045200291552246134 -0.050823064946470591 -0.0583335214201159
leaf_weight=308.93324475735426 4.9719173386692992 23.389514417387545 8.5772514957934636 5.7159665506333095 30.138731783255935 9.4988442584872228 52.496198202017695 4.6585044935345667 5.4988461211323729 81.468209385406226 21.511430607177317 16.982957124710083 17.059878190979362 8.6154535282403213 7.7817500215023756 3.8771448824554708 78.249720307067037 10.910959847271441 18.235335675999526 6.1475709574297062 3.2020926773548126 37.474900553002954 14.544601477682589 15.507079385221003 11.43842727690935 14.67610874399543 11.290722215548156 29.105131927877665 49.38082071673125 4.0844517089426509 18.275988004170362 5.8513962328433973 7.0734310522675496 4.7021560706198215 3.4557362394407392 8.269513223320244 2.8785078208893529 20.612424162216485 16.263902526348829 8.9959407784044725 26.586909272707999 10.102690311148761
leaf_count=1106 45 517 66 37 368 47 550 24 75 636 323 49 76 42 80 34 397 138 131 89 42 221 49 129 77 59 134 103 298 22 137 18 23 32 45 47 44 302 65 49 345 124
internal_value=0 -0.00818152 0.0111249 -0.000631057 -0.0220424 0.013471 -0.0066245 -0.0122846 0.0126973 -0.0161798 -0.0062761 0.00043786 0.021913 0.00108261 -0.0319645 -0.023907 0.0112033 -0.0190096 0.000831418 0.0170267 -0.0337703 0.000498213 0.0102063 -0.00672932 0.00175327 -0.0100156 0.00105148 0.00271944 0.00641468 -0.0333347 -0.027258 -0.010631 -0.0087766 0.0283326 0.0309734 -0.0262043 -0.00827924 -0.050347 0.0143345 -0.00227977 -0.030285 -0.0215221
internal_weight=0 604.177 444.316 135.383 48.2148 18.0761 580.787 323.694 43.6144 280.08 122.841 101.33 38.1156 21.0557 12.4403 157.239 87.1678 132.749 35.2939 24.3829 8.91806 257.093 109.778 147.315 104.224 66.7496 55.3111 95.2335 90.2615 15.3752 43.0902 27.5831 61.1564 11.7756 9.30713 97.4553 84.3467 24.4896 39.936 23.672 89.1858 62.5989
internal_count=7195 5132 2063 957 481 113 4615 3109 297 2812 1052 729 222 146 104 1760 476 1424 358 220 79 1506 550 956 627 406 329 501 456 156 329 200 353 55 63 1066 680 336 173 108 1019 674
is_linear=0
shrinkage=0.0625684


Tree=16
num_leaves=43
num_cat=0
split_feature=43 47 46 49 31 46 39 42 13 28 38 49 39 47 8 39 46 38 38 46 3 19 39 5 42 18 31 7 3 2 39 35 3 27 2 27 49 27 38 15 38 15
split_gain=19.9498 10.0085 6.74527 5.34407 7.92461 6.0245 5.22409 4.64022 5.14301 6.16783 7.4069 7.3093 5.31955 5.4389 4.49076 4.45108 4.32935 5.44706 5.41839 5.3594 6.66782 3.86096 3.73035 5.37646 3.94085 3.69045 3.57542 3.52851 3.41139 4.19963 3.55746 3.39499 3.8683 4.22302 5.7834 3.38274 3.62734 3.18361 3.04562 2.83391 8.40168 6.63426
threshold=4.5000000000000009 2.5000000000000004 105.00000000000001 1.5000000000000002 2.5000000000000004 8.5000000000000018 12.500000000000002 65.000000000000014 1.5000000000000002 1.5000000000000002 65.000000000000014 3.5000000000000004 5.5000000000000009 1.0000000180025095e-35 1.0000000180025095e-35 5.5000000000000009 1.5000000000000002 12.500000000000002 75.000000000000014 25.000000000000004 42.500000000000007 24.500000000000004 2.5000000000000004 3.5000000000000004 4.5000000000000009 1.5000000000000002 1.0000000180025095e-35 21.500000000000004 1.5000000000000002 4.5000000000000009 7.5000000000000009 2.5000000000000004 183.00000000000003 39.500000000000007 6.5000000000000009 21.500000000000004 9.5000000000000018 11.500000000000002 5.5000000000000009 28.500000000000004 25.000000000000004 47.500000000000007
decision_type=2 2 2 2 2 2 2 2 2 2 2 2 2 2 2 2 2 2 2 2 2 2 2 2 2 2 2 2 2 2 2 2 2 2 2 2 2 2 2 2 2 2
left_child=6 7 3 4 -3 -6 39 8 9 10 11 -2 -10 -14 -7 21 -5 31 22 20 -20 -4 23 -19 -24 27 -26 -8 -9 30 -30 32 33 34 -18 36 -15 -25 -13 -1 -41 -42
right_child=1 2 15 16 5 14 25 28 12 -11 -12 38 13 35 -16 -17 17 18 19 -21 -22 -23 24 37 26 -27 -28 -29 29 -31 -32 -33 -34 -35 -36 -37 -38 -39 -40 40 41 -43
leaf_value=0.014675642549458381 0.019609258359712282 -0.069973671296825773 -0.048414178134037547 0.036251773414560033 0.038967580446300908 -0.064827077945239009 -0.03575001819575916 -0.073056995616377338 0.043370103178761867 0.057233139224452251 0.041117248937335198 -0.0073718153333825753 -0.056946262523050621 -0.013345378743383724 0.035482173195962564 -0.067975760556094902 -0.013739085610129867 0.053314656235770398 0.043462269587765702 -0.034864933958582853 -0.054640846908914818 0.025259184951320238 0.068772494413726834 -0.042473511993089366 -0.021084609790808874 -0.072100603965623372 0.0060628974788594281 0.037167585323325203 0.038973951358111387 -0.042511204759984385 -0.04471716074820626 0.02433617497406038 0.024113602613854292 0.06193396745057126 -0.038844821013478685 0.073144754743890442 0.048298661424919391 0.032786783156357989 -0.063195544531270229 0.014735326982628907 -0.05656560874079123 -0.0024466448069992929
leaf_weight=300.24820645153522 9.0727519504725951 13.873186568729581 5.9607363166287559 8.4245013706386072 6.8316309917718163 6.6759844664484245 6.1957227103412134 3.5944482646882561 32.060140550136566 5.8507543336600056 8.0462954780086857 5.299126977100971 4.5245942119509008 11.421911559998994 2.3227511327713728 13.3309727627784 178.64875952061266 13.972519259899856 8.9391102008521539 28.562636985443532 3.8490698356181374 5.1521488865837455 3.2356145307421675 4.9058915264904481 25.72334991581738 4.6506383595988146 72.239713266957551 4.4178141467273235 8.1110455431044119 7.4452898586168876 2.5900295414030543 8.2853048928081972 8.8718827068805677 2.5274540521204463 45.059218702837825 3.6276158392429343 5.5054135136306277 3.9253367856144905 14.280602160841225 84.188202694058418 13.060094751417635 27.631626460701227
leaf_count=1216 44 164 104 41 43 89 52 42 100 27 31 39 46 75 16 397 1728 45 44 405 32 59 10 32 215 63 501 23 44 80 45 49 52 10 503 13 23 14 91 341 92 155
internal_value=0 -0.00749411 -0.0116217 -0.00986596 -0.035505 -0.00514467 0.0100865 0.00851653 0.0142344 -0.00221059 -0.0117608 -0.0266793 0.026494 0.00484761 -0.0387769 -0.0436183 -0.00803506 -0.00895342 -0.000183254 -0.0197942 0.013783 -0.0141844 0.00635092 0.0291946 0.00118456 -0.0258184 -0.00105891 -0.00527285 -0.0176327 -0.00648006 0.0185388 -0.0149062 -0.0162971 -0.01789 -0.0188058 0.0185735 0.00669312 -0.00889849 -0.0481819 0.0113802 0.00344634 -0.0198754
internal_weight=0 592.748 471.318 446.874 29.7036 15.8304 440.392 121.43 99.6892 42.5495 36.6988 28.6525 57.1397 25.0795 8.99874 24.4439 417.17 408.746 165.353 41.3508 12.7882 11.1129 124.002 22.8037 101.199 15.2642 97.9631 10.6135 21.7408 18.1464 10.7011 243.393 235.107 226.235 223.708 20.5549 16.9273 8.83123 19.5797 425.128 124.88 40.6917
internal_count=7195 5253 4553 3993 312 148 1942 700 489 232 205 174 257 157 105 560 3681 3640 1298 481 76 163 817 91 726 138 716 75 211 169 89 2342 2293 2241 2231 111 98 46 130 1804 588 247
is_linear=0
shrinkage=0.0625684


Tree=17
num_leaves=43
num_cat=0
split_feature=47 46 39 43 48 19 49 44 42 5 38 23 20 46 24 42 42 39 38 31 19 10 7 33 15 19 2 4 43 43 18 31 31 1 46 47 38 3 48 13 46 47
split_gain=17.55 9.62064 8.86701 7.92796 5.59293 8.12696 5.8139 6.72259 5.76452 6.25604 5.73692 5.56076 6.33551 5.40686 5.09714 4.97507 4.40333 5.96296 5.08201 6.2148 5.90369 4.99406 4.31842 4.15585 4.14749 5.74273 5.22161 5.78762 5.71511 5.0168 3.72569 5.65111 4.22511 5.61619 3.63745 3.60743 5.3996 3.57689 3.45881 3.39476 3.38698 4.52047
threshold=6.5000000000000009 105.00000000000001 5.5000000000000009 4.5000000000000009 7.5000000000000009 1.0000000180025095e-35 8.5000000000000018 -1.0000000180025095e-35 10.500000000000002 1.0000000180025095e-35 15.500000000000002 2.5000000000000004 1.5000000000000002 1.5000000000000002 8.5000000000000018 5.5000000000000009 13.500000000000002 6.5000000000000009 3.5000000000000004 2.5000000000000004 18.500000000000004 1.0000000180025095e-35 6.5000000000000009 1.0000000180025095e-35 11.500000000000002 1.5000000000000002 2.5000000000000004 5.5000000000000009 5.5000000000000009 7.5000000000000009 12.500000000000002 9.5000000000000018 1.0000000180025095e-35 2.5000000000000004 8.5000000000000018 3.5000000000000004 7.5000000000000009 125.50000000000001 5.5000000000000009 1.5000000000000002 75.000000000000014 4.5000000000000009
decision_type=2 2 2 2 2 2 2 2 2 2 2 2 2 2 2 2 2 2 2 2 2 2 2 2 2 2 2 2 2 2 2 2 2 2 2 2 2 2 2 2 2 2
left_child=2 3 14 15 6 -6 40 -8 10 -10 35 13 22 -5 -1 -2 23 18 21 20 -20 -18 -13 24 26 -26 28 -28 -15 -27 31 32 33 -17 -7 -9 -37 39 -11 -34 41 -4
right_child=1 -3 4 11 5 34 7 8 9 38 -12 12 -14 16 -16 30 17 -19 19 -21 -22 -23 -24 -25 25 29 27 -29 -30 -31 -32 -33 37 -35 -36 36 -38 -39 -40 -41 -42 -43
leaf_value=0.010855687057931529 -0.031154630439120749 -0.047726984761031613 -0.0031658560911245145 0.061856788291625872 0.032630329253592147 -0.025406831185469637 -0.041699287088800337 0.046928571549838399 0.045088625599498396 0.026763172604908059 0.088148965790927764 0.084861711154008049 -0.0792121297805186 0.030377269002457016 0.070460042036619958 0.024668602390898922 -0.074111354283126193 -0.043109494266593523 0.003637888810615358 -0.038464831212562701 0.08614503533765569 0.029145612194179871 0.0095006718780249466 0.053577250737864977 -0.072731313466413025 -0.061563221756617582 0.042896225246082498 -0.042521762254742732 -0.018474900182291126 -0.008826626319324276 0.071713305234664237 -0.035257049495221938 0.043775830215137319 -0.056247658655806644 -0.07520994783367925 -0.070851740687969428 0.035685538945503789 0.081580059148060158 -0.051610848566571402 -0.013668254149038252 0.029538532706188489 -0.032088879559206474
leaf_weight=414.59825231321156 8.6629419662058336 25.445117551833391 95.223620062693954 3.4442603290081015 6.6020361259579685 14.437856370583178 6.4682146478444329 12.035898351110523 6.9552046768367317 2.9779823347926131 8.1619590334594232 3.2276675924658766 2.9149379450827828 11.004311850294469 5.6695527657866469 10.042268708348272 7.8802085919305664 47.111165464390069 20.546986952424053 11.406209266744552 4.0429428257048121 2.349167937412858 35.187441576272249 3.851346978917717 8.2891230676323158 8.3130867481231672 15.301454197615387 3.8532115668058387 61.829011594876647 46.575457483530045 4.9047848656773558 7.4774295538663855 13.011162282899027 5.0018928293138734 9.6728039588779193 3.1220837701112023 4.5040437541902065 6.0389740355312815 8.1119906073436123 5.7707138620316973 9.2659099111333472 27.209067814983428
leaf_count=1687 53 562 707 16 34 112 83 54 44 23 20 5 43 42 12 43 120 741 168 127 12 26 253 23 100 83 94 43 619 447 17 42 53 38 100 31 24 18 95 41 88 252
internal_value=0 -0.0105684 0.00638244 -0.00792036 -0.00395635 -0.0286587 0.000164444 0.0178047 0.0262439 -0.00124297 0.0440907 -0.0121377 0.00913404 -0.0155797 0.0116679 0.0126293 -0.0166489 -0.0274425 -0.0114318 -0.000327164 0.017346 -0.0502725 0.0159291 -0.0103022 -0.011906 -0.0242478 -0.00341178 0.0256116 -0.0110682 -0.0168663 0.0199254 0.0144902 0.0238706 -0.00222507 -0.0455088 0.0256277 -0.00790244 0.0397142 -0.0304481 0.026074 -0.00684012 -0.00960964
internal_weight=0 383.483 635.016 358.038 214.749 30.7127 184.036 52.3374 45.8692 18.0452 27.824 297.128 41.33 255.798 420.268 60.9102 252.354 93.3367 46.2255 35.9961 24.5899 10.2294 38.4151 159.017 155.166 63.1777 91.988 19.1547 72.8333 54.8885 52.2472 47.3424 39.865 15.0442 24.1107 19.662 7.62613 24.8209 11.09 18.7819 131.699 122.433
internal_count=7195 3829 3366 3267 1667 246 1421 374 291 162 129 2962 301 2661 1699 305 2645 1194 453 307 180 146 258 1451 1428 630 798 137 661 530 252 235 193 81 212 109 55 112 118 94 1047 959
is_linear=0
shrinkage=0.0625684


Tree=18
num_leaves=43
num_cat=0
split_feature=43 47 13 49 3 42 19 47 18 6 47 11 7 6 27 38 15 48 46 31 38 38 35 7 31 1 49 39 46 30 49 31 31 6 15 0 0 17 46 7 47 15
split_gain=15.785 9.19496 5.48045 6.0954 5.90332 5.84376 4.66357 7.24039 7.27517 5.59369 5.61475 4.35555 4.25502 4.82182 8.12237 6.36141 5.36598 4.49566 4.21743 4.24435 3.83186 7.44052 4.28093 4.11199 3.77018 4.0926 4.66358 3.61274 3.50182 3.38582 4.27904 3.27379 3.25757 7.60992 6.62221 8.33872 8.93972 6.28177 6.04263 4.93394 4.33112 4.08098
threshold=4.5000000000000009 2.5000000000000004 7.5000000000000009 1.5000000000000002 269.00000000000006 135.00000000000003 44.500000000000007 11.500000000000002 1.5000000000000002 15.500000000000002 7.5000000000000009 8.5000000000000018 3.5000000000000004 1.5000000000000002 2.5000000000000004 1.5000000000000002 50.500000000000007 4.5000000000000009 8.5000000000000018 2.5000000000000004 9.5000000000000018 65.000000000000014 2.5000000000000004 53.500000000000007 1.0000000180025095e-35 1.5000000000000002 9.5000000000000018 13.500000000000002 4.5000000000000009 5.5000000000000009 7.5000000000000009 9.5000000000000018 1.5000000000000002 1.5000000000000002 1.5000000000000002 1.0000000180025095e-35 1.5000000000000002 1.5000000000000002 9.5000000000000018 18.500000000000004 2.5000000000000004 5.5000000000000009
decision_type=2 2 2 2 2 2 2 2 2 2 2 2 2 2 2 2 2 2 2 2 2 2 2 2 2 2 2 2 2 2 2 2 2 2 2 2 2 2 2 2 2 2
left_child=27 11 3 18 6 12 7 8 -4 -8 -11 -2 24 14 15 -14 -16 -17 19 -3 22 23 28 -22 -5 26 -26 29 -15 32 -31 -23 34 38 -1 -36 40 -38 41 -35 -37 -34
right_child=1 2 4 5 -6 -7 9 -9 -10 10 -12 -13 13 20 16 17 -18 -19 -20 -21 21 31 -24 -25 25 -27 -28 -29 -30 30 -32 -33 33 39 35 36 37 -39 -40 -41 -42 -43
leaf_value=0.021611564617260087 0.006046195626600628 -0.061823244116837345 0.029975222823742799 -0.0035648455621820362 -0.081146643736060176 -0.060207701843595376 0.052673700487527973 -0.069252181690110659 -0.047771922423225158 0.02247534492686944 -0.068172808845877675 0.060787179989850046 0.036585906744618979 0.0050873910943757339 -0.058511666618938717 -0.048049323975427723 0.012543833902829376 -0.0067176990248627643 -0.063689765780702456 0.021800626554465772 0.023044738700093895 -0.052657964354791247 0.052638945844901398 -0.0046527626365892374 -0.079072717966639464 0.060476907861614519 0.041800071772140145 -0.034913897929094793 -0.02895668645529454 -0.071804941582902418 0.012882091665669041 -0.0070644875937164011 -0.028372069124057885 -0.03849848387729015 -0.06077182159716743 0.062435334708434376 -0.0014871745240688987 -0.053274890094288554 0.062643572755749055 0.012431249352057758 0 0.035440409997072979
leaf_weight=58.423349849879742 109.76399898156524 3.8881606888026017 16.986979307606823 68.252194865606725 2.8400464644655576 9.3840965824201685 16.331520196050409 5.8340811245143405 6.4772099973633877 10.057071628049014 3.6061581149697295 5.9764399677515021 9.2200736161321384 14.79265535622835 30.929582767188549 15.247015648521481 4.765651296824216 31.915138480253518 15.434301036410032 5.9777258355170488 39.367114514112473 12.799525793641807 3.0990357752889386 44.762492565903813 2.1959103364497414 8.0920130219310504 2.8034686967730522 7.1716346079483619 57.781317321583629 4.4298121882602555 4.84520517103374 12.011413193307815 6.0379194468259838 7.7102554515004149 9.3125704973936063 12.078146103769543 84.82012378051877 10.255331533029674 21.713998517021537 189.29763071797788 6.780253689736127 11.01278301887214
leaf_count=219 674 50 110 587 43 241 78 82 75 49 60 26 41 119 338 190 37 309 227 37 274 211 13 388 29 46 20 83 757 34 20 142 33 37 57 33 390 70 69 823 30 44
internal_value=0 -0.00683946 -0.010847 -0.0135796 0.00640466 -0.0115275 0.0106599 -0.00706217 0.00842899 0.0279962 -0.0014752 0.00889901 -0.0102431 -0.0139416 -0.0256405 -0.0108177 -0.0489911 -0.0201277 -0.043283 -0.0111397 -0.00809709 -0.000572579 -0.0189099 0.00829859 0.00232446 0.0330448 -0.0112414 0.00899417 -0.022003 0.00973737 -0.0275569 -0.0306689 0.0105708 0.0154239 0.00426456 -0.00395313 0.000697572 -0.00710155 0.0407636 0.0104262 0.0400197 0.0127671
internal_weight=0 570.592 454.852 392.719 62.1331 367.419 59.293 29.2983 23.4642 29.9947 13.6632 115.74 358.035 276.691 92.0775 56.3822 35.6952 47.1622 25.3002 9.86589 184.614 108.941 75.673 84.1296 81.3436 13.0914 4.99938 433.889 72.574 426.717 9.27502 24.8109 417.442 235.773 181.67 123.246 113.934 95.0755 38.7647 197.008 18.8584 17.0507
internal_count=7195 5253 4553 4056 497 3742 454 267 185 187 109 700 3501 2819 915 540 375 499 314 87 1904 1015 889 662 682 95 49 1942 876 1859 54 353 1805 1006 799 580 523 460 146 860 63 77
is_linear=0
shrinkage=0.0625684


Tree=19
num_leaves=43
num_cat=0
split_feature=43 42 38 42 29 47 39 13 3 14 12 7 49 47 27 49 46 3 38 16 18 7 8 42 46 12 7 39 49 7 4 16 16 13 42 0 47 47 18 2 4 23
split_gain=13.7193 7.0737 6.59748 9.7173 5.76554 6.31958 4.85221 4.84746 4.33543 4.08483 4.71491 4.44845 4.0732 4.22236 6.71667 4.37001 4.31141 4.04289 3.92845 5.38878 4.7111 5.04314 4.98675 5.40115 4.48032 4.01457 4.15388 3.83584 4.15975 4.36044 3.76388 3.76183 8.56332 3.69007 3.45354 8.10241 7.60235 9.19807 6.89924 6.81039 5.92269 6.43801
threshold=6.5000000000000009 125.00000000000001 19.000000000000004 35.000000000000007 2.5000000000000004 1.0000000180025095e-35 7.5000000000000009 10.500000000000002 38.500000000000007 6.5000000000000009 4.5000000000000009 211.50000000000003 1.5000000000000002 2.5000000000000004 1.5000000000000002 12.500000000000002 1.5000000000000002 81.500000000000014 55.000000000000007 12.500000000000002 3.5000000000000004 10.500000000000002 1.0000000180025095e-35 19.000000000000004 55.000000000000007 4.5000000000000009 29.500000000000004 2.5000000000000004 9.5000000000000018 35.500000000000007 11.500000000000002 2.5000000000000004 8.5000000000000018 1.0000000180025095e-35 19.000000000000004 14.500000000000002 1.5000000000000002 1.0000000180025095e-35 1.0000000180025095e-35 13.500000000000002 24.500000000000004 1.0000000180025095e-35
decision_type=2 2 2 2 2 2 2 2 2 2 2 2 2 2 2 2 2 2 2 2 2 2 2 2 2 2 2 2 2 2 2 2 2 2 2 2 2 2 2 2 2 2
left_child=18 2 4 7 5 -2 -5 8 -4 10 11 -6 17 14 -14 16 -15 -7 34 20 21 22 23 33 -25 26 -23 -28 29 -29 -18 -22 -33 -20 36 -36 37 40 -39 -37 41 -1
right_child=1 -3 3 6 9 12 -8 -9 -10 -11 -12 -13 13 15 -16 -17 30 -19 19 -21 31 25 -24 24 -26 -27 27 28 -30 -31 -32 32 -34 -35 35 39 -38 38 -40 -41 -42 -43
leaf_value=0.0057970929483815792 -0.088258563668349999 -0.045926488479681483 0.032751287406944163 0.0034226446365484111 0.031000188972609956 -0.061320461828410146 -0.029527718799624559 0.075446504527557676 -0.0089908346293297841 0.050817902326177992 -0.076459529344046026 -0.062826224308110842 -0.035817224816256266 0.04269829951305102 0.039582181414374501 -0.041332866662901542 -0.0095388401815732771 0.0088000197516003211 0.068178898215054795 -0.073312665974787639 0.059926000323095634 -0.053211689258306112 0.071404082365432553 -0.065342698037372304 0.0091619706378222657 -0.081084858111241845 0.057639021294041297 0.037499218429384737 0.033907087503598367 -0.066170403446060691 -0.038303250392323955 -0.054007013154057308 0.042722708442266485 -0.013424718233302716 0.021281012235125647 -0.071678592006085201 -0.0057958486304469769 0.074375096243426725 0.012913617343867425 0.00073733719715886347 0.045915708635490833 -0.054108859247064961
leaf_weight=86.205739302560687 4.4180182218551627 18.636446970514953 29.281250977888703 46.80181289371103 10.688004914671184 12.281478695571424 27.855297395959496 6.8643110990524283 14.516275145113466 8.9875641688704473 2.7153899557888499 2.3885566163808098 6.7383453901857164 5.6906829364597789 14.512686789035795 20.155975146219134 184.5960989324376 4.3121775072067967 5.1128169819712692 4.3801957685500374 7.0316341742873218 8.9690632401034289 4.1092342659831038 6.5958705721423012 5.9802706725895405 4.8724450785666695 3.483415529131892 2.0556663703173381 4.29479413665831 6.5391438873484731 19.724931082688272 5.8927700510248533 9.0224328972399217 3.7004855051636696 157.31279563158751 6.1345923468470565 142.13111624866724 15.613993532955648 13.289651684463022 28.770001762546599 13.012417765334247 7.6118729282170525
leaf_count=338 60 442 109 381 84 176 512 19 74 35 40 40 60 27 66 283 1759 37 22 58 30 89 17 58 54 58 12 14 30 68 269 64 47 27 622 36 767 34 48 130 45 54
internal_value=0 -0.00822588 -0.00655693 0.00547637 -0.0116346 -0.0142653 -0.00886419 0.0266231 0.0188945 0.0172237 -0.00189154 0.0136617 -0.0130307 -0.0110395 0.0156035 -0.0135062 -0.0108241 -0.0430501 0.00657287 -0.00605065 -0.002213 -0.0118976 0.00855556 -0.00355827 -0.0298945 -0.0291857 -0.0190707 -0.00023094 -0.0160639 -0.0411975 -0.0123269 0.0223021 0.00439688 0.0338677 0.0087786 0.0152282 0.00431171 0.0149027 0.0462012 -0.012014 0.00641258 0.000907418
internal_weight=0 441.165 422.529 125.319 297.21 272.43 74.6571 50.6618 43.7975 24.7795 15.792 13.0766 268.012 251.419 21.251 230.168 210.012 16.5937 552.122 82.0402 77.66 55.7132 25.4987 21.3894 12.5761 30.2145 25.3421 16.373 12.8896 8.59481 204.321 21.9468 14.9152 8.8133 470.082 192.217 277.865 135.734 28.9036 34.9046 106.83 93.8176
internal_count=7195 4473 4031 1095 2936 2737 893 202 183 199 164 124 2677 2464 126 2338 2055 213 2722 648 590 449 178 161 112 271 213 124 112 82 2028 141 111 49 2074 788 1286 519 82 166 437 392
is_linear=0
shrinkage=0.0625684


end of trees

feature_importances:
ninki_1=80
result_1=72
ninki_2=63
ninki_3=62
result_2=45
result_3=45
mf_courseout=35
mf_classout.1=31
f_lenout=29
umaban=29
f_courseout=27
f_classout=25
mf_course1=20
mf_course3=20
f_len2=19
mf_classout=17
f_course1=16
f_course2=16
mf_len1=15
waku=14
f_mf_classout=13
mf_class2=13
f_course3=12
mf_course2=12
mf_len3=11
f_class2=11
f_mf_classout.1=11
f_mf_courseout=10
f_len1=8
f_len3=8
mf_len2=7
f_class3=7
mf_class1=7
f_mf_course1=6
mf_class3=6
f_class1=5
f_mf_course3=3
f_mf_course2=2
f_mf_class2=2
time_df_course2=2
time_df_course3=2
f_mf_len1=1
f_mf_len2=1

parameters:
[boosting: gbdt]
[objective: lambdarank]
[metric: ndcg]
[tree_learner: serial]
[device_type: cpu]
[data_sample_strategy: bagging]
[data: ]
[valid: ]
[num_iterations: 205]
[learning_rate: 0.0625684]
[num_leaves: 43]
[num_threads: 16]
[seed: 0]
[deterministic: 0]
[force_col_wise: 1]
[force_row_wise: 0]
[histogram_pool_size: -1]
[max_depth: 10]
[min_data_in_leaf: 21]
[min_sum_hessian_in_leaf: 0.001]
[bagging_fraction: 1]
[pos_bagging_fraction: 1]
[neg_bagging_fraction: 1]
[bagging_freq: 0]
[bagging_seed: 7719]
[feature_fraction: 1]
[feature_fraction_bynode: 1]
[feature_fraction_seed: 2437]
[extra_trees: 0]
[extra_seed: 11797]
[early_stopping_round: 0]
[first_metric_only: 0]
[max_delta_step: 0]
[lambda_l1: 0.0177849]
[lambda_l2: 0.0330836]
[linear_lambda: 0]
[min_gain_to_split: 0]
[drop_rate: 0.1]
[max_drop: 50]
[skip_drop: 0.5]
[xgboost_dart_mode: 0]
[uniform_drop: 0]
[drop_seed: 21238]
[top_rate: 0.2]
[other_rate: 0.1]
[min_data_per_group: 100]
[max_cat_threshold: 32]
[cat_l2: 10]
[cat_smooth: 10]
[max_cat_to_onehot: 4]
[top_k: 20]
[monotone_constraints: ]
[monotone_constraints_method: basic]
[monotone_penalty: 0]
[feature_contri: ]
[forcedsplits_filename: ]
[refit_decay_rate: 0.9]
[cegb_tradeoff: 1]
[cegb_penalty_split: 0]
[cegb_penalty_feature_lazy: ]
[cegb_penalty_feature_coupled: ]
[path_smooth: 0]
[interaction_constraints: ]
[verbosity: -1]
[saved_feature_importance_type: 0]
[use_quantized_grad: 0]
[num_grad_quant_bins: 4]
[quant_train_renew_leaf: 0]
[stochastic_rounding: 1]
[linear_tree: 0]
[max_bin: 255]
[max_bin_by_feature: ]
[min_data_in_bin: 3]
[bin_construct_sample_cnt: 200000]
[data_random_seed: 38]
[is_enable_sparse: 1]
[enable_bundle: 1]
[use_missing: 1]
[zero_as_missing: 0]
[feature_pre_filter: 1]
[pre_partition: 0]
[two_round: 0]
[header: 0]
[label_column: ]
[weight_column: ]
[group_column: ]
[ignore_column: ]
[categorical_feature: ]
[forcedbins_filename: ]
[precise_float_parser: 0]
[parser_config_file: ]
[objective_seed: 8855]
[num_class: 1]
[is_unbalance: 0]
[scale_pos_weight: 1]
[sigmoid: 1]
[boost_from_average: 1]
[reg_sqrt: 0]
[alpha: 0.9]
[fair_c: 1]
[poisson_max_delta_step: 0.7]
[tweedie_variance_power: 1.5]
[lambdarank_truncation_level: 30]
[lambdarank_norm: 1]
[label_gain: ]
[lambdarank_position_bias_regularization: 0]
[eval_at: 1,3,5]
[multi_error_top_k: 1]
[auc_mu_weights: ]
[num_machines: 1]
[local_listen_port: 12400]
[time_out: 120]
[machine_list_filename: ]
[machines: ]
[gpu_platform_id: -1]
[gpu_device_id: -1]
[gpu_use_dp: 0]
[num_gpu: 1]

end of parameters

pandas_categorical:[]
