tree
version=v4
num_class=1
num_tree_per_iteration=1
label_index=0
max_feature_idx=50
objective=lambdarank
feature_names=f_course1 f_course2 f_course3 f_courseout mf_course1 mf_course2 mf_course3 mf_courseout f_mf_course1 f_mf_course2 f_mf_course3 f_mf_courseout f_len1 f_len2 f_len3 f_lenout mf_len1 mf_len2 mf_len3 mf_classout f_mf_len1 f_mf_len2 f_mf_len3 f_mf_classout f_class1 f_class2 f_class3 f_classout mf_class1 mf_class2 mf_class3 mf_classout.1 f_mf_class1 f_mf_class2 f_mf_class3 f_mf_classout.1 time_df_course1 time_df_class1 ninki_1 result_1 time_df_course2 time_df_class2 ninki_2 result_2 time_df_course3 time_df_class3 ninki_3 result_3 waku umaban self_popularity
feature_infos=[-1:50] [-1:43] [-1:42] [-1:343] [-1:48] [-1:43] [-1:43] [-1:415] [-1:6] [-1:8] [-1:5] [-1:37] [-1:23] [-1:20] [-1:24] [-1:154] [-1:30] [-1:21] [-1:32] [-1:191] [-1:5] [-1:5] [-1:4] [-1:32] [-1:10] [-1:12] [-1:11] [-1:57] [-1:13] [-1:8] [-1:10] [-1:70] [-1:3] [-1:4] [-1:3] [-1:13] [-1:0] [-1:0] [-1:180] [-1:140] [-1:0] [-1:0] [-1:180] [-1:180] [-1:0] [-1:0] [-1:180] [-1:180] [1:8] [1:16] [-1:16]
tree_sizes=4138 4254 4418 4455 3668 2867 4620 4164 5183 4798 4055 3539 4532 4924 4380 3627 3864 5181

Tree=0
num_leaves=42
num_cat=0
split_feature=27 0 16 29 7 42 39 47 31 39 2 47 49 48 38 48 3 46 38 50 50 38 1 39 39 12 39 16 46 1 50 7 50 2 1 48 7 50 50 0 0
split_gain=3.82637 5.59117 4.2316 3.57214 6.34743 4.31184 3.16258 5.58615 4.29227 3.95001 3.09752 3.04076 2.98571 2.92851 2.60924 3.97283 2.60158 3.34191 2.41019 2.26124 1.99444 1.92795 2.22587 1.90895 3.18971 1.68875 1.73469 1.67865 1.53909 0.993411 0.652299 0.452861 0.519837 0.422534 0.417355 0.395025 0.310008 0.119878 0.0116946 0.00841817 0.0315858
threshold=16.500000000000004 7.5000000000000009 1.0000000180025095e-35 4.5000000000000009 15.500000000000002 8.5000000000000018 5.5000000000000009 10.500000000000002 1.5000000000000002 2.5000000000000004 1.0000000180025095e-35 9.5000000000000018 9.5000000000000018 2.5000000000000004 1.5000000000000002 5.5000000000000009 66.500000000000014 85.000000000000014 95.000000000000014 7.5000000000000009 5.5000000000000009 10.500000000000002 11.500000000000002 10.500000000000002 4.5000000000000009 8.5000000000000018 1.5000000000000002 1.5000000000000002 105.00000000000001 10.500000000000002 7.5000000000000009 10.500000000000002 8.5000000000000018 21.500000000000004 6.5000000000000009 6.5000000000000009 159.50000000000003 7.5000000000000009 4.5000000000000009 26.000000000000004 8.5000000000000018
decision_type=2 2 2 2 2 2 2 2 2 2 2 2 2 2 2 2 2 2 2 2 2 2 2 2 2 2 2 2 2 2 2 2 2 2 2 2 2 2 2 2 2
left_child=1 6 23 4 31 39 9 11 10 14 -9 18 21 -10 15 -1 17 -11 -8 -13 -16 22 -4 24 29 26 -14 38 -29 -3 -26 32 35 -5 -23 -2 -27 -18 -7 40 -6
right_child=3 2 12 33 5 27 7 8 13 16 -12 19 25 -15 20 -17 37 -19 -20 -21 -22 34 -24 -25 30 36 -28 28 -30 -31 -32 -33 -34 -35 -36 -37 -38 -39 -40 -41 -42
leaf_value=-0.11900511230343458 -0.081267469935865616 0 0 0 0 0 -0.016535225492711317 -0.065638199380295553 0 -0.095319014894159268 0.040088774317481202 0 0 0.11274348772512253 0 0 0 0 0.045692963938641563 -0.16302120005709247 0.061381140196548729 0.036151509380030096 0.12165764287244002 0.150710083990056 0 0.057000313556740428 -0.1170823951818932 -0.24402436714736039 0 0.12990903416631655 -0.063104280006203592 0.056483304361109765 0 0.07947603149712465 -0.014579948024066161 0 0 0.037946898050596173 -0.012778691442349933 0 -0.019782144272396392
leaf_weight=13.922186708194205 4.6744938677875343 8.3960272034164571 14.742945196339862 2.5572595216799519 1.4287114080507333 2.2853941670618978 106.98060639353935 14.1949363873573 6.582514453912153 50.303099953336641 28.778647614410147 5.8565186015330237 1.9020951371639991 33.906413557240739 26.320386593462899 12.563196764793245 2.25091010890901 9.3420898211188597 26.231410482898355 7.7410337408073246 26.529288788326085 7.4013392003253129 13.661993509856982 16.114194509806111 6.8415308196563256 3.1652937717735758 12.024658299284054 11.9768109585857 1.4765859546605486 10.768571242457254 5.7648842730559409 4.7943537202663711 4.308514260686934 3.6674687620252371 21.979733220534399 2.2717427066527307 2.0635367578361183 2.7463814110960811 2.3320933077484369 2.6480713803321123 3.403696630615741
leaf_count=266 99 112 193 41 32 26 1734 239 111 958 397 90 31 388 446 188 38 140 353 145 351 106 160 169 135 34 240 254 33 105 103 48 48 36 316 34 41 32 60 29 69
internal_value=0 0.0048513 0.0396274 -0.0504584 -0.0754462 -0.13372 -0.0054697 0.00647205 0.0464447 -0.0279076 0 -0.0129916 0.00537531 0.0901786 0 -0.0476611 -0.0621741 -0.0755708 -0.000612932 -0.0976071 0.0240963 0.0320057 0.0666268 0.0843831 0.0349656 -0.0495101 -0.0869062 -0.18299 -0.221681 0.0880424 -0.00799658 0 0 0.0384853 0 -0.0505529 0 0.00139291 0 0 -0.00767167
internal_weight=0 499.076 124.827 47.8252 41.6005 25.5514 374.25 230.272 83.4625 143.978 42.9736 146.81 76.9416 40.4889 79.3351 26.4854 64.6425 59.6452 133.212 13.5976 52.8497 57.786 28.4049 47.8852 31.771 19.1556 13.9268 18.0709 13.4534 19.1646 12.6064 16.0491 11.2548 6.22473 29.3811 6.94624 5.22883 4.99729 4.61749 7.48048 4.83241
internal_count=8430 7621 1745 809 732 503 5876 3457 1135 2419 636 2322 1121 499 1251 454 1168 1098 2087 235 797 775 353 624 455 346 271 373 287 217 238 229 181 77 422 133 75 70 86 130 101
is_linear=0
shrinkage=0.187109


Tree=1
num_leaves=41
num_cat=0
split_feature=42 27 11 5 33 8 46 0 5 26 2 15 47 42 3 4 1 46 39 39 50 6 31 46 39 3 19 12 43 39 42 7 49 31 49 43 17 6 50 47
split_gain=18.9458 14.658 13.7696 13.3623 13.6751 10.9401 10.8113 9.72649 18.9503 19.0403 16.6982 16.3144 18.8217 13.4285 11.6701 11.4239 11.9017 11.0217 10.7149 13.5137 9.65562 11.5484 9.59993 9.02604 15.6832 12.8122 7.80738 7.69682 6.98571 6.30761 4.90461 4.55177 4.31497 5.00611 3.57884 3.45158 3.19939 3.02537 0.715679 0.218482
threshold=12.500000000000002 1.0000000180025095e-35 1.0000000180025095e-35 25.000000000000004 1.0000000180025095e-35 1.0000000180025095e-35 8.5000000000000018 6.5000000000000009 21.500000000000004 1.5000000000000002 25.500000000000004 18.500000000000004 4.5000000000000009 145.00000000000003 11.500000000000002 1.0000000180025095e-35 3.5000000000000004 135.00000000000003 1.0000000180025095e-35 4.5000000000000009 11.500000000000002 2.5000000000000004 8.5000000000000018 9.5000000000000018 6.5000000000000009 2.5000000000000004 8.5000000000000018 1.5000000000000002 5.5000000000000009 8.5000000000000018 65.000000000000014 174.50000000000003 9.5000000000000018 3.5000000000000004 7.5000000000000009 13.500000000000002 2.5000000000000004 1.5000000000000002 6.5000000000000009 1.5000000000000002
decision_type=2 2 2 2 2 2 2 2 2 2 2 2 2 2 2 2 2 2 2 2 2 2 2 2 2 2 2 2 2 2 2 2 2 2 2 2 2 2 2 2
left_child=1 2 5 4 20 23 32 11 10 -10 18 13 30 15 37 28 -17 22 -9 -20 26 -22 -12 25 -25 -1 -3 -14 -2 -6 36 -29 33 -4 -11 -8 -13 -15 -16 -5
right_child=7 3 6 39 29 -7 35 8 9 34 17 12 27 14 38 16 -18 -19 19 -21 21 -23 -24 24 -26 -27 -28 31 -30 -31 -32 -33 -34 -35 -36 -37 -38 -39 -40 -41
leaf_value=0 -0.069122250136873106 0.063643798031733173 -0.16381554507192467 0.043665238502711638 -0.25982794827483408 0.16052071527084621 -0.24595115153707292 -0.15235965655524145 -0.3071719059996057 0.068004533939369158 -0.21891806916654807 0 -0.28898332009641381 -0.15107795477540079 0.21919784941618034 -0.066578782597057004 0.0234333161557135 0.10446077226637096 0.1114369138051888 0.011795420236958648 -0.14369700129911014 0.031392774902682191 0 -0.071273717569388148 0.11127862322567945 -0.1312451207794951 0.013459089117568887 -0.1390284364878305 0.030491648405227598 0 0.099980925755576849 0 0.087577798523251746 0 -0.109898074696454 0 -0.18670932141321916 0 0.072043627087746739 0.18424160675696491
leaf_weight=72.328493357636034 28.665034010075033 272.8544882601127 9.5262885075062531 11.288225946016608 7.5996311213821155 14.288070055656133 17.255925125442449 7.8405271088704458 12.325800379738213 10.10703860782087 19.73307171557099 6.5446024034172314 18.503169743344188 5.6965092485770565 11.479913901537659 267.39145728433505 54.574666692875326 5.2703170948661855 88.876774988602847 130.13651209976524 22.39223409537226 24.077479346655309 8.3490383583120984 22.733627785462886 44.586703539825976 37.806140111759305 228.64161704620346 27.803006701171398 129.47222896758467 6.9720345735549927 13.113277807831762 9.1639775652438384 8.4281284809112531 4.9333417126908889 6.2618328845128408 6.6993089523166409 4.1927880430594087 7.2669794298708439 19.536871472373605 23.054122291505337
leaf_count=359 191 1114 65 43 56 50 149 38 111 41 122 42 120 45 24 1410 271 13 306 647 138 134 58 134 160 254 1136 177 586 29 47 44 34 25 38 25 35 29 65 65
internal_value=0 0.0202467 -0.0175999 0.0361853 0.0281801 0.00220469 -0.108656 -0.0189572 0.00794871 -0.133292 0.0254604 -0.032639 -0.112954 -0.0195273 0.0762596 -0.0293333 -0.049816 -0.093254 0.0451021 0.0544931 0.0336743 -0.0428347 -0.147888 -0.00796621 0.0424436 -0.043181 0.0417401 -0.173333 0.00932441 -0.14359 0.0075869 -0.101338 0 -0.0762468 0 -0.196697 -0.060739 -0.0462471 0.142934 0.152498
internal_weight=0 835.466 238.586 596.88 562.537 191.743 46.843 892.305 288.901 28.6947 260.206 603.404 79.3208 524.084 43.9803 480.103 321.966 33.3524 226.854 219.013 547.966 46.4697 28.0821 177.455 67.3203 110.135 501.496 55.4702 158.137 14.5717 23.8507 36.967 22.8878 14.4596 16.3689 23.9552 10.7374 12.9635 31.0168 34.3423
internal_count=8430 3970 1255 2715 2607 957 298 4460 1374 190 1184 3086 465 2621 163 2458 1681 193 991 953 2522 272 180 907 294 613 2250 341 777 85 124 221 124 90 79 174 77 74 89 108
is_linear=0
shrinkage=0.187109


Tree=2
num_leaves=42
num_cat=0
split_feature=5 7 31 3 3 3 13 0 50 42 48 19 39 43 48 48 3 24 21 48 38 10 11 2 46 1 39 38 26 14 50 23 11 47 25 46 14 24 39 15 50
split_gain=12.6252 14.0572 12.8591 13.5539 10.7998 10.286 11.6526 10.7716 9.67245 13.5259 14.5329 9.35266 12.2764 10.3359 13.898 9.4505 9.39245 11.6948 8.87831 8.82393 8.91293 8.18041 12.38 7.12306 9.83697 9.10164 5.95711 5.22645 5.65447 5.39245 5.21666 5.05773 6.80187 5.02131 4.94162 3.51921 3.37177 3.14648 3.03971 1.58067 0.979827
threshold=1.5000000000000002 24.500000000000004 3.5000000000000004 66.500000000000014 34.500000000000007 161.50000000000003 6.5000000000000009 10.500000000000002 9.5000000000000018 1.5000000000000002 3.5000000000000004 5.5000000000000009 7.5000000000000009 14.500000000000002 6.5000000000000009 1.5000000000000002 214.00000000000003 1.0000000180025095e-35 1.0000000180025095e-35 1.5000000000000002 6.5000000000000009 1.0000000180025095e-35 2.5000000000000004 1.5000000000000002 10.500000000000002 5.5000000000000009 55.000000000000007 10.500000000000002 1.0000000180025095e-35 1.5000000000000002 2.5000000000000004 8.5000000000000018 4.5000000000000009 17.500000000000004 1.0000000180025095e-35 9.5000000000000018 1.0000000180025095e-35 1.0000000180025095e-35 4.5000000000000009 2.5000000000000004 4.5000000000000009
decision_type=2 2 2 2 2 2 2 2 2 2 2 2 2 2 2 2 2 2 2 2 2 2 2 2 2 2 2 2 2 2 2 2 2 2 2 2 2 2 2 2 2
left_child=11 5 3 4 18 7 -7 21 31 37 -11 13 27 15 35 23 17 -17 -3 -5 -21 30 -23 24 -1 -25 -16 28 36 38 -2 32 -4 39 -6 -15 -13 -10 -29 -14 -9
right_child=1 2 8 19 34 6 -8 40 9 10 -12 12 33 14 26 16 -18 -19 -20 20 -22 22 -24 25 -26 -27 -28 29 -30 -31 -32 -33 -34 -35 -36 -37 -38 -39 -40 -41 -42
leaf_value=-0.15474780333851762 -0.022227284672628873 -0.062816120154038271 0.0084644769440208895 0.15343398765312297 -0.20413441607798061 -0.26444877118087828 0.022969231963274578 0.049299168169054046 -0.22495629014765237 -0.017570365811686313 0.11424530981059644 -0.096976477157982771 -0.031712096179636225 0 -0.059188747194211432 0.00060462176386175777 0.15043955053679689 -0.066390841830028108 0.10005261648070121 0.078425111151384341 -0.059810965955966196 -0.26328145757777649 0.062240111397230478 0.18448088877056645 0.10127675713770921 0 0.12840464187184056 -0.15547115154987803 -0.19565063184615455 0.10589099783949819 0.076793038826909285 0.12490573664621903 -0.060440018168971356 0 0 -0.20910889863756188 0.058170690855215465 0 0 -0.24179892642887366 0.21253701189361018
leaf_weight=9.3882169569842535 13.632659777998922 72.494304398074746 275.51359576219693 13.801515663042663 28.367484113201499 6.6877388861030331 9.2714773318730277 10.994807424955068 5.4302574805915338 32.993457097560167 99.911600339226425 8.8296433072537237 7.6269455924630227 6.5458279587328461 12.356627687811853 337.98299899045378 11.648078801110385 118.28837556857616 11.945633001625536 24.319188423454762 45.343767734244466 6.9652052614837867 5.6245661545544863 24.736109342426062 11.073559355922042 9.1856753090396506 9.8205527178943139 5.1093637906014937 9.3691218569874746 17.194356897845864 116.14660346601158 11.044378310441969 60.167698678094894 4.4223966822028151 7.7045725053176275 23.312488254159689 9.6834866497665626 4.9146315976977348 5.5679166875779629 19.763511502183974 22.831990402191877
leaf_count=85 95 548 1537 41 252 34 36 39 40 256 472 70 39 41 78 1760 40 588 46 91 277 60 25 83 50 50 27 44 51 52 548 45 403 16 55 146 37 19 36 168 50
internal_value=0 0.0146032 0.00147824 -0.0372046 -0.078068 0.0594445 -0.0690709 0.0738833 0.0185758 0.0594989 0.0779092 -0.0195483 -0.0773058 -0.00987983 -0.0894135 -0.00100342 -0.0104995 -0.0157235 -0.0339018 0.0160563 -0.00455433 0.0464652 -0.0811177 0.0716111 0 0.124577 0.00260666 -0.0144611 -0.0772388 0.031192 0.062655 0.000253169 -0.00247151 -0.171648 -0.167453 -0.173476 0 -0.128425 -0.0443171 -0.201413 0.174226
internal_weight=0 886.107 693.952 203.976 120.512 192.155 15.9592 176.196 489.976 143.25 132.905 661.905 87.5667 574.339 52.0355 522.303 467.919 456.271 84.4399 83.4645 69.663 142.369 12.5898 54.3836 20.4618 33.9218 22.1772 55.7539 27.8823 27.8716 129.779 346.726 335.681 31.8129 36.0721 29.8583 18.5131 10.3449 10.6773 27.3905 33.8268
internal_count=8430 4969 4082 1310 901 887 70 817 2772 787 728 3461 513 2948 292 2656 2388 2348 594 409 368 728 85 268 135 133 105 290 158 132 643 1985 1940 223 307 187 107 59 80 207 89
is_linear=0
shrinkage=0.187109


Tree=3
num_leaves=43
num_cat=0
split_feature=50 48 6 49 35 15 24 19 43 19 43 46 35 50 42 27 42 39 31 27 42 47 42 1 1 39 47 31 48 10 31 11 11 3 42 39 17 30 43 2 12 15
split_gain=8.80751 10.1905 11.4561 11.2362 9.55331 9.37394 11.5252 9.71902 8.7255 10.8157 6.26521 11.6491 14.7126 10.4492 17.6638 10.3879 10.5241 16.5186 13.179 9.69255 9.66069 8.3112 8.03898 6.91751 12.3243 6.8364 6.8024 6.60663 5.97867 5.96599 6.99274 5.79656 5.68836 5.59259 5.5376 4.50896 4.41471 4.06045 3.70494 3.4379 1.34056 0.417456
threshold=10.500000000000002 1.5000000000000002 2.5000000000000004 5.5000000000000009 1.5000000000000002 47.500000000000007 1.5000000000000002 15.500000000000002 9.5000000000000018 24.500000000000004 6.5000000000000009 65.000000000000014 1.0000000180025095e-35 2.5000000000000004 65.000000000000014 1.5000000000000002 15.500000000000002 7.5000000000000009 7.5000000000000009 19.500000000000004 55.000000000000007 9.5000000000000018 25.000000000000004 11.500000000000002 6.5000000000000009 4.5000000000000009 12.500000000000002 16.500000000000004 5.5000000000000009 1.5000000000000002 2.5000000000000004 1.5000000000000002 10.500000000000002 72.500000000000014 3.5000000000000004 1.0000000180025095e-35 5.5000000000000009 1.0000000180025095e-35 3.5000000000000004 1.0000000180025095e-35 1.0000000180025095e-35 2.5000000000000004
decision_type=2 2 2 2 2 2 2 2 2 2 2 2 2 2 2 2 2 2 2 2 2 2 2 2 2 2 2 2 2 2 2 2 2 2 2 2 2 2 2 2 2 2
left_child=10 2 40 4 35 6 7 -5 28 -10 11 12 13 34 -15 16 18 37 26 23 22 -19 -13 24 -17 27 -12 -14 -7 30 -21 38 -25 -4 -1 -3 -27 -18 -22 -20 -2 -37
right_child=1 3 33 5 -6 8 -8 -9 9 -11 15 20 25 14 -16 19 17 21 39 29 31 -23 -24 32 -26 36 -28 -29 -30 -31 -32 -33 -34 -35 -36 41 -38 -39 -40 -41 -42 -43
leaf_value=0.078683305270152978 0.19146144296761869 0 -0.20335341015776526 -0.061881479797689772 0.046126701511396404 0.23299020050876967 -0.26935247464734041 0.027183559270072433 0.07829409486964968 -0.26052794907321503 -0.080999981277966121 0 0.18633559719844939 -0.057530165429165753 0.10046622830276032 0.047556929752090561 0.11255666217233122 -0.14000409641062547 0.13713861118569023 0 -0.078886933857283292 0.0051588769737110976 -0.26458008730166827 0.11163662944310734 -0.061227251588537424 -0.067037206490264498 0 0 0 0.072473540076458537 -0.17328794933756281 -0.17159670491233148 -0.0089213223983735622 0.00070427157872877206 0 -0.062359601829686293 0.074231220078474963 0 0.066700187089263577 0 0 -0.19556476603799053
leaf_weight=48.198499483987689 14.439739758148791 3.7145958459004751 5.6893645953387004 102.81527952197939 6.3000860447064033 11.827903445810081 7.4984843526035538 64.50197191350162 6.067316632717846 5.0331376558169723 116.79190936870873 9.1983058191835898 26.496154363267124 203.25919889844954 26.133487230166793 243.89915261790156 60.608995015732944 19.321625800803304 15.366320906206967 11.527483074925842 6.4229311570525196 28.406434634700418 14.983553008176385 81.845088887959719 39.182530166581273 12.625190294347705 37.92067018058151 10.589458034373818 9.3711676159873587 6.6277497380506238 16.595916587859392 6.5636177980341008 7.8081281315535298 4.7913733851164579 69.107590910978615 13.976028968580065 17.434485748410225 10.373623404651878 21.181378858163953 8.3418134432286006 7.3744913488626471 31.813604624941945
leaf_count=215 49 27 63 686 28 29 65 299 27 46 832 47 87 1261 135 1161 267 149 59 76 57 147 126 324 252 88 184 63 49 33 178 67 43 22 442 117 70 74 107 50 44 285
internal_value=0 -0.0288869 0.0643497 -0.0422123 -0.118442 -0.0192582 -0.0381847 -0.0246671 0.0679432 -0.0341153 0.00724978 -0.0087385 0.00116537 -0.0131778 -0.0373614 0.0186497 -0.00658762 0.0345056 -0.0366428 0.0382333 -0.087036 -0.0438111 -0.178918 0.0477311 0.0307642 0.0822488 -0.0584561 0.13655 0.143846 -0.0495242 -0.0956311 -0.00734866 0.0957576 -0.0662155 0.029983 -0.149206 0 0.0939378 0.0151367 0.084845 0.149096 -0.165819
internal_weight=0 295.215 32.295 262.92 55.8043 207.115 174.816 167.317 32.2995 11.1005 1176.81 472.194 413.844 346.699 229.393 704.617 297.131 118.711 178.421 407.486 58.3498 47.7281 24.1819 372.735 283.082 67.1453 154.713 37.0856 21.1991 34.7511 28.1234 34.1679 89.6532 10.4807 117.306 49.5042 30.0597 70.9826 27.6043 23.7081 21.8142 45.7896
internal_count=8430 1836 178 1658 457 1201 1050 985 151 73 6594 2765 2361 2053 1396 3829 1762 637 1125 2067 404 296 173 1780 1413 308 1016 150 78 287 254 231 367 85 657 429 158 341 164 109 93 402
is_linear=0
shrinkage=0.187109


Tree=4
num_leaves=35
num_cat=0
split_feature=15 38 6 1 46 7 5 39 3 13 15 15 38 39 14 27 24 38 7 5 0 49 47 6 0 1 16 4 42 50 39 31 29 47
split_gain=5.07404 6.77408 9.06777 8.18918 6.6608 10.7584 8.11635 6.31971 8.89364 5.63663 5.51142 13.4446 8.03111 7.30605 6.4909 6.21285 8.83013 9.25705 6.94105 10.3576 7.41045 6.06504 4.65991 4.24555 4.07758 3.51525 3.25089 3.09553 2.79755 2.38819 4.33437 1.31867 1.27659 0.041361
threshold=7.5000000000000009 1.5000000000000002 1.0000000180025095e-35 13.500000000000002 13.500000000000002 19.500000000000004 1.0000000180025095e-35 1.5000000000000002 23.500000000000004 2.5000000000000004 79.500000000000014 99.500000000000014 55.000000000000007 3.5000000000000004 9.5000000000000018 11.500000000000002 3.5000000000000004 65.000000000000014 197.50000000000003 8.5000000000000018 7.5000000000000009 10.500000000000002 1.5000000000000002 7.5000000000000009 14.500000000000002 4.5000000000000009 16.500000000000004 1.0000000180025095e-35 12.500000000000002 4.5000000000000009 6.5000000000000009 8.5000000000000018 2.5000000000000004 1.5000000000000002
decision_type=2 2 2 2 2 2 2 2 2 2 2 2 2 2 2 2 2 2 2 2 2 2 2 2 2 2 2 2 2 2 2 2 2 2
left_child=1 2 33 4 7 6 -6 28 -9 -7 14 12 21 -14 15 18 17 -17 19 -2 -20 -12 -16 -24 -18 27 29 -4 -3 -13 -31 -29 -15 -1
right_child=10 3 25 -5 5 9 -8 8 -10 -11 11 26 13 32 22 16 24 -19 20 -21 -22 -23 23 -25 -26 -27 -28 31 -30 30 -32 -33 -34 -35
leaf_value=-0.015429530622589657 0.023344556347596409 0.11325511348877497 0.0093632387504351787 -0.21442921272738696 -0.031219587156357829 -0.087919245995379786 0.056156443251040744 0.015899056366359864 -0.087459683251323903 0.052189998199209976 -0.25345819431576061 -0.071530908944775692 0.17122707791049499 -0.19517786426873029 0 -0.09123824431692619 -0.0074983184134162287 0.026995721085064039 0.0064653715841158418 -0.04959078634013582 0.14823014685571234 0 0.17251143715677791 0 0.10989019249840033 0.082792283767097866 0.15070583883310371 -0.12735656123247113 0 0.13693184685259915 -0.012133422571509086 0 0 -0.24813584795845195
leaf_weight=5.0598131362348786 404.2721394021064 29.476364558562636 5.9610760137438801 6.410107258707284 87.05383815150708 94.075002823956311 63.235265145078301 259.73799398634583 32.237824033945799 6.6374264992773524 15.886708417907359 9.3267881404608506 4.7358296075835806 3.9328358797356486 9.111627107486127 71.615882608108222 7.6459353230893639 26.176335350610316 36.740076112560928 78.963593748398125 29.641511191613972 4.7863780427724114 21.207110283896331 8.1331048691645247 19.806458150967956 7.0791042894124976 6.4307842776179305 14.09720313921571 8.3692078366875631 9.7240569740533846 7.4602230712771407 7.4082662714645258 3.0506673343479633 10.026920313946901
leaf_count=42 2168 126 33 50 514 698 309 1560 254 26 142 57 11 46 51 545 65 180 185 513 126 34 65 53 81 28 15 142 47 33 63 49 19 100
internal_value=0 -0.0123851 -0.0794804 -0.00586911 -0.00267125 -0.026315 0.00235378 0.0138614 0.0027864 -0.0738184 0.0101304 -0.0398168 -0.128567 0 0.0153915 0.0103067 -0.0256585 -0.0546633 0.0193873 0.0104127 0.0772558 -0.198262 0.0916649 0.128545 0.059855 -0.0109289 0.0330724 -0.0529472 0.0861816 0 0.0448969 -0.0924556 -0.124969 -0.202843
internal_weight=0 636.865 49.6324 587.233 580.823 251.002 150.289 329.821 291.976 100.712 778.648 65.3343 32.3924 11.7193 713.314 674.862 125.245 97.7922 549.617 483.236 66.3816 20.6731 38.4518 29.3402 27.4524 34.5456 32.9419 27.4665 37.8456 26.5111 17.1843 21.5055 6.9835 15.0867
internal_count=8430 3978 394 3584 3534 1547 823 1987 1814 724 4452 420 252 76 4032 3863 871 725 2992 2681 311 176 169 118 146 252 168 224 173 153 96 191 65 142
is_linear=0
shrinkage=0.187109


Tree=5
num_leaves=27
num_cat=0
split_feature=21 1 29 1 48 14 42 50 17 17 14 42 43 12 3 7 30 46 49 27 0 21 47 46 49 31
split_gain=5.34491 11.1648 5.06384 7.34595 9.46803 7.26183 6.63084 8.8361 5.98144 5.84618 7.84205 7.76176 8.2167 7.66611 10.2493 7.17229 6.15642 4.8587 4.4292 3.20097 3.4357 2.78654 2.65403 2.21148 1.75029 1.62267
threshold=1.5000000000000002 12.500000000000002 2.5000000000000004 1.0000000180025095e-35 3.5000000000000004 1.5000000000000002 45.000000000000007 9.5000000000000018 5.5000000000000009 9.5000000000000018 4.5000000000000009 5.5000000000000009 4.5000000000000009 6.5000000000000009 130.50000000000003 252.50000000000003 1.0000000180025095e-35 10.500000000000002 7.5000000000000009 10.500000000000002 29.500000000000004 1.0000000180025095e-35 7.5000000000000009 35.000000000000007 4.5000000000000009 10.500000000000002
decision_type=2 2 2 2 2 2 2 2 2 2 2 2 2 2 2 2 2 2 2 2 2 2 2 2 2 2
left_child=2 -2 9 4 -4 18 8 -8 -7 10 11 12 -1 21 -15 25 -13 -17 24 -3 -21 -12 -6 -19 -5 -11
right_child=1 19 3 5 22 6 7 -9 -10 15 13 16 -14 14 -16 17 -18 23 -20 20 -22 -23 -24 -25 -26 -27
leaf_value=-0.011527058983749238 -0.27071103210271991 0.065739322946001266 0.064828914887711933 0.077871400167279253 -0.22797325215333505 -0.081358521334046641 -0.21514794899232059 0.0092325967488613991 0.087720836780987327 -0.008350934497416607 0.10129124939518745 0.0081950028251496464 -0.11780185219910584 -0.079881117680659794 0.042902694683825272 0.10951240540575731 -0.03210450744580335 0 0.18643041697168214 -0.19406345420042539 0 0 0 -0.19205021382686463 -0.0010378082312298839 -0.20901464936837205
leaf_weight=98.13429418951273 7.661334888078275 10.1886745961383 9.9317293828353304 11.472539663314821 8.1035209675319475 5.8932195007801047 8.5666270982474106 9.1500360276550037 40.883513509295881 8.0382471065968293 58.847008743323386 713.5796166411601 41.677496907301247 33.333664261735976 78.863414893858135 8.7077149394899589 162.45747295115143 3.2477232012897721 22.141635039821267 4.8050843561068159 4.6793603096157312 8.4109018072485906 6.4789158403873435 3.6475267102941871 6.8589526992291203 11.623816444538532
leaf_count=596 54 45 50 63 72 50 89 52 197 54 303 4295 333 215 430 30 1055 22 68 61 23 54 31 39 50 99
internal_value=0 -0.0816537 0.00165139 0.0370022 -0.0442504 0.0606187 0.0128317 -0.0732845 0.0558975 -0.00168012 0.000137683 -0.0058257 -0.0467689 0.0365592 0.00205346 -0.0766329 0.000164902 0 0.124489 0 -0.0834549 0.0867956 -0.151191 -0.0948211 0.0224909 -0.15215
internal_weight=0 27.3345 1360.05 129.481 24.5142 104.967 64.4934 17.7167 46.7767 1230.57 1195.3 1015.85 139.812 179.455 112.197 35.265 876.037 15.603 40.4731 19.6731 9.48444 67.2579 14.5824 6.89525 18.3315 19.6621
internal_count=8430 183 8247 722 153 569 388 141 247 7525 7281 6279 929 1002 645 244 5350 91 181 129 84 357 103 61 113 153
is_linear=0
shrinkage=0.187109


Tree=6
num_leaves=45
num_cat=0
split_feature=42 19 43 2 50 26 31 28 29 39 17 15 3 15 47 46 50 27 38 50 38 46 11 50 38 38 27 19 5 31 47 2 0 1 13 42 31 50 42 48 50 19 38 1
split_gain=4.10897 7.558 9.1711 17.3181 12.9174 8.56184 8.66486 8.27131 9.59887 6.66049 6.42774 8.98138 6.28705 6.14643 5.99747 9.45971 10.4664 6.36214 5.50261 5.45775 8.02221 6.14353 4.62088 4.34744 4.03556 5.53249 10.0342 8.53004 7.52618 9.24296 8.30208 4.0161 9.46982 5.76771 5.36782 4.32813 3.63662 3.04435 3.79583 3.73749 2.98326 2.93191 2.48279 1.47036
threshold=16.500000000000004 1.0000000180025095e-35 8.5000000000000018 1.5000000000000002 7.5000000000000009 1.5000000000000002 4.5000000000000009 1.5000000000000002 4.5000000000000009 4.5000000000000009 1.0000000180025095e-35 2.5000000000000004 40.500000000000007 2.5000000000000004 14.500000000000002 6.5000000000000009 1.5000000000000002 7.5000000000000009 95.000000000000014 2.5000000000000004 25.000000000000004 95.000000000000014 2.5000000000000004 10.500000000000002 10.500000000000002 2.5000000000000004 1.5000000000000002 20.500000000000004 1.0000000180025095e-35 1.0000000180025095e-35 2.5000000000000004 19.500000000000004 28.000000000000004 10.500000000000002 3.5000000000000004 9.5000000000000018 10.500000000000002 6.5000000000000009 95.000000000000014 5.5000000000000009 10.500000000000002 21.500000000000004 55.000000000000007 1.0000000180025095e-35
decision_type=2 2 2 2 2 2 2 2 2 2 2 2 2 2 2 2 2 2 2 2 2 2 2 2 2 2 2 2 2 2 2 2 2 2 2 2 2 2 2 2 2 2 2 2
left_child=14 13 3 18 10 6 -6 9 -9 -5 11 -4 -12 37 24 -16 -17 22 23 -15 -21 -22 -18 -3 25 26 36 -28 30 -30 -27 33 -33 34 -26 -35 -1 39 42 -2 -20 -7 -39 -41
right_child=1 2 4 7 5 41 -8 8 -10 -11 12 -13 -14 19 15 16 17 -19 40 20 21 -23 -24 -25 31 28 27 -29 29 -31 -32 32 -34 35 -36 -37 -38 38 -40 43 -42 -43 -44 -45
leaf_value=-0.044862354878384358 -0.18152963035114 -0.17430601188961506 0.11223093624023085 0.06011930986727973 -0.10059089397912988 0.13447890214442196 0.0046517365421028531 -0.20394493165260935 0.0037679488334168855 -0.018398540540002901 0.15725888914255828 -0.068926610806465088 0.013039856234656148 0 0.10337769022346534 0.067654744488248444 -0.21568417019176758 0 0.019405090292634534 0 -0.27188585584397446 0 0 0 0.034220674775285967 0.11447021185391082 0.11937686670537286 0 -0.10158194305164021 -0.0083749051144797904 0 -0.20075423061330178 0.05094193315906094 0 -0.064599396819611507 0.15923454407599411 0.07063288743424119 0 0.11281254510223439 -0.072143286466349446 -0.11757503040974716 0 -0.13610093461560169 0.072958125720387373
leaf_weight=49.668887468054891 6.4395258370786896 37.910785877145827 16.664166535250843 72.968647100962698 48.198816338088363 13.449711561203005 44.731084343977273 13.582776645198466 8.432627594098447 65.071722524240613 39.453185426071286 21.364596990868449 25.380111508071423 6.4198295501992098 7.880544275045394 6.7674434240907422 23.628581616096202 4.6217717723920932 13.350945553742351 6.0904269414022592 16.776113212108616 6.9468052424490443 4.5007652956992379 5.8348446507006875 197.30170286260545 28.855198563076556 55.788716402836144 27.627023374661803 49.282270240597427 215.51717208046466 105.74298331234604 8.3148296847939509 8.7793002836406213 12.738862187601624 18.198150702752173 23.500791417434812 9.2460804954171163 4.9272186160087603 11.513748027384279 4.6130386386066657 7.049305109307169 8.8154703043401224 4.7151625836268067 4.8138561919331551
leaf_count=424 61 417 65 358 375 45 238 166 59 447 151 120 158 41 26 24 186 38 68 32 129 46 27 46 1058 126 230 192 387 1323 638 69 37 72 141 88 37 19 45 39 48 71 42 21
internal_value=0 -0.0132002 -0.00281911 -0.0303379 0.0232613 -0.0164169 -0.0448268 0 -0.103194 0.0196318 0.0723416 0 0.108427 -0.0691322 0.00793255 -0.0548418 -0.0988905 -0.148165 -0.112414 -0.124689 -0.158894 -0.208408 -0.182776 -0.151264 0.0122108 0.0019395 0.0342942 0.0772548 -0.00839051 -0.0276022 0.0258046 0.0310965 -0.0442841 0.0381617 0.0235882 0.111015 -0.0183986 -0.00143068 0.0302609 -0.0736967 -0.00502795 0.0800379 -0.0193187 0
internal_weight=0 515.515 442.259 224.202 218.057 115.195 92.9299 160.056 22.0154 138.04 102.862 38.0288 64.8333 73.2557 857.961 47.3991 39.5186 32.7511 64.1459 36.2332 29.8133 23.7229 28.1293 43.7456 810.562 541.728 142.331 83.4157 399.398 264.799 134.598 268.834 17.0941 251.74 215.5 36.2397 58.915 37.0225 21.1561 15.8664 20.4003 22.2652 9.64238 9.42689
internal_count=8430 3307 2832 1609 1223 729 613 1030 225 805 494 185 309 475 5123 301 275 251 579 248 207 175 213 463 4822 3357 883 422 2474 1710 764 1465 106 1359 1199 160 461 227 106 121 116 116 61 60
is_linear=0
shrinkage=0.187109


Tree=7
num_leaves=40
num_cat=0
split_feature=5 38 43 3 3 17 19 0 43 50 5 19 19 42 49 7 49 19 43 0 15 27 15 0 46 7 18 2 15 26 42 6 46 27 38 46 42 9 42
split_gain=4.50838 9.10548 9.23097 6.61423 12.7427 15.2846 8.18608 7.51147 6.67391 6.1966 6.07273 7.10392 7.58513 6.1104 7.43874 5.72319 5.45124 4.72508 7.12711 8.55607 7.04786 4.56419 8.32769 6.11719 4.15812 4.03126 3.99761 12.2642 4.33616 5.82706 5.26278 3.9068 4.63763 2.68188 2.39986 5.31984 1.39602 0.954141 0.420792
threshold=1.5000000000000002 95.000000000000014 8.5000000000000018 79.500000000000014 70.500000000000014 4.5000000000000009 20.500000000000004 15.500000000000002 8.5000000000000018 14.500000000000002 2.5000000000000004 4.5000000000000009 8.5000000000000018 5.5000000000000009 8.5000000000000018 30.500000000000004 9.5000000000000018 1.5000000000000002 2.5000000000000004 4.5000000000000009 71.500000000000014 8.5000000000000018 4.5000000000000009 12.500000000000002 115.00000000000001 21.500000000000004 2.5000000000000004 17.500000000000004 52.500000000000007 2.5000000000000004 6.5000000000000009 1.0000000180025095e-35 115.00000000000001 1.0000000180025095e-35 4.5000000000000009 55.000000000000007 115.00000000000001 1.0000000180025095e-35 11.500000000000002
decision_type=2 2 2 2 2 2 2 2 2 2 2 2 2 2 2 2 2 2 2 2 2 2 2 2 2 2 2 2 2 2 2 2 2 2 2 2 2 2 2
left_child=1 9 24 4 10 -6 7 8 25 17 13 15 -13 16 -15 -12 -2 21 20 -20 -19 22 -1 -23 -3 -5 27 -8 30 -30 -28 33 -33 -4 -9 -36 -35 -7 -10
right_child=3 2 31 6 5 37 26 34 38 -11 11 12 -14 14 -16 -17 -18 18 19 -21 -22 23 -24 -25 -26 -27 28 -29 29 -31 -32 32 -34 36 35 -37 -38 -39 -40
leaf_value=-0.024648087745909396 -0.2090535620507554 0.14820525618181019 -0.040728771046832611 -0.040045224892867451 -0.23580272021700846 0.072173780885267963 -0.2624759917000829 0.076598518144074229 0.039408050514274352 -0.16539245039558539 -0.14029375855263873 0.076826361580323743 -0.0066165403150342831 0.10440989687800321 0 0 0 -0.1820898421420114 0.00099787773622850751 -0.083355370150324126 0.0034324578929423883 -0.15593531797234392 0.043806109270439555 0 0 0.080777468176997838 -0.035215917702086645 0.026090019996447351 -0.070312263015727891 0.036891565137646368 0.084076041353576852 -0.19246497340530758 0 0 -0.11203244251131363 0.031582133971661076 0.12422916338984785 0 0.18651135809494973
leaf_weight=123.56720517622307 5.3221806250512582 28.513362233527005 5.8229360338300529 11.116282099857925 17.344468705356125 6.4258521255105716 7.6278699096292248 12.197467304766176 10.324809315614401 11.057853941805659 23.074659422039986 42.509469629265368 332.44738069036976 58.182755331508815 27.091892588883638 12.976424715481697 4.3985226936638355 21.59436058532447 121.46986427437514 56.746388497762382 3.541466135531663 14.732531960122285 118.56392098031938 18.546954473480582 6.6960581485182038 22.106757629662752 11.059339692816136 8.1438176985830051 34.868975626304746 30.499541133642197 47.52905629761517 7.7453437857329828 3.9219788163900375 5.2202745955437413 14.230351918376984 16.732097312808037 9.0256457738578302 4.5823099231347442 30.125764183700085
leaf_count=891 53 118 44 55 116 28 78 43 52 102 150 250 2254 286 164 130 24 187 768 366 13 127 560 88 35 93 62 43 307 210 252 62 22 41 118 68 37 42 91
internal_value=0 -0.0128963 0.0495543 0.00907918 -0.00193341 -0.124193 0.0338846 0.0704884 0.106927 -0.022433 0.00400254 -0.00480127 0.00158612 0.0471122 0.0663127 -0.0842674 -0.0706583 -0.0180623 -0.0397544 -0.0232065 -0.137006 -0.000276324 0.00688382 -0.0665867 0.117022 0.0258762 0 -0.0845044 0.0144947 -0.0129517 0.0532925 -0.0103776 -0.105189 0.0212927 0 -0.0191546 0.0803571 0.00936475 0.161197
internal_weight=0 556.766 66.9456 790.918 534.356 28.3526 256.562 116.834 73.6736 489.821 506.003 411.008 374.957 94.9954 85.2746 36.0511 9.7207 478.763 203.352 178.216 25.1358 275.411 242.131 33.2795 35.2094 33.223 139.729 15.7717 123.957 65.3685 58.5884 31.7362 11.6673 20.0689 43.1599 30.9624 14.2459 11.0082 40.4506
internal_count=8430 3461 359 4969 3497 186 1472 520 291 3102 3311 2784 2504 527 450 280 77 3000 1334 1134 200 1666 1451 215 153 148 952 121 831 517 314 206 84 122 229 186 78 70 143
is_linear=0
shrinkage=0.187109


Tree=8
num_leaves=51
num_cat=0
split_feature=46 42 31 38 31 18 19 38 43 42 42 42 49 39 38 49 47 49 43 5 46 11 2 30 5 39 39 50 27 46 6 3 49 27 50 14 1 12 11 3 38 4 38 5 50 5 12 47 46 46
split_gain=3.92395 4.87906 7.27567 5.70886 6.82638 3.95414 6.80687 4.33544 3.73213 6.62201 6.64203 5.40826 9.96877 10.1407 8.18099 7.03471 6.96224 5.33313 5.3257 4.45861 5.45013 3.54537 3.41675 3.38788 3.51043 3.16588 4.39791 3.06096 10.9908 7.73445 5.18054 4.70651 7.19851 10.7714 7.65855 6.20012 6.17219 4.51349 3.41906 5.32525 3.03983 3.00072 2.73239 2.73093 2.31702 2.29646 2.12233 3.47923 1.1338 1.12701
threshold=25.000000000000004 5.5000000000000009 15.500000000000002 75.000000000000014 33.500000000000007 9.5000000000000018 4.5000000000000009 10.500000000000002 5.5000000000000009 25.000000000000004 75.000000000000014 85.000000000000014 5.5000000000000009 55.000000000000007 65.000000000000014 9.5000000000000018 10.500000000000002 3.5000000000000004 8.5000000000000018 9.5000000000000018 105.00000000000001 1.0000000180025095e-35 4.5000000000000009 1.0000000180025095e-35 1.5000000000000002 15.500000000000002 6.5000000000000009 12.500000000000002 2.5000000000000004 8.5000000000000018 7.5000000000000009 28.500000000000004 3.5000000000000004 3.5000000000000004 7.5000000000000009 1.5000000000000002 9.5000000000000018 1.5000000000000002 6.5000000000000009 14.500000000000002 6.5000000000000009 4.5000000000000009 75.000000000000014 33.500000000000007 4.5000000000000009 12.500000000000002 2.5000000000000004 9.5000000000000018 115.00000000000001 45.000000000000007
decision_type=2 2 2 2 2 2 2 2 2 2 2 2 2 2 2 2 2 2 2 2 2 2 2 2 2 2 2 2 2 2 2 2 2 2 2 2 2 2 2 2 2 2 2 2 2 2 2 2 2 2
left_child=1 2 5 4 40 6 22 -8 9 23 19 15 25 14 -14 16 18 -18 -10 20 -11 49 -1 24 44 26 -13 31 29 -29 -31 32 34 -34 -3 37 -37 -33 39 -30 -4 -26 -15 -6 -2 -21 47 -12 -27 -17
right_child=8 27 3 -5 43 -7 7 -9 11 10 46 12 13 42 -16 21 17 -19 -20 45 -22 -23 -24 -25 41 48 -28 28 38 30 -32 35 33 -35 -36 36 -38 -39 -40 -41 -42 -43 -44 -45 -46 -47 -48 -49 -50 -51
leaf_value=-0.0427525269787426 -0.10360673083309686 0 0 -0.074438375896957815 -0.11335084440048376 0.067448999527528988 -0.13623807198215074 -0.009296875618267187 -0.03055551629681507 -0.19334385904216864 -0.14275317589605047 0 -0.18100850109614633 0.1398193879013637 -0.040075155005254659 0.081607970619073392 0 -0.19607617172771674 0.077157393687803139 0.088281920650638043 0 0.1534963947087998 0.031666537552949028 -0.099210697654999236 0.15596345045921742 -0.14421759903202822 0.084269315541628781 0.13161050898657517 0 0 -0.1830442632955829 0.024388446986403349 0.032911925360014485 -0.089415137930315761 -0.12961940227800425 -0.017226144408168054 0.042294800636693934 0.10942054146869615 0 -0.22368286388072353 0.19329841206160214 0 0 0.042745012302967088 0.033334810311142979 -0.072484899363956787 0.056608930854357642 0 0 -0.015175985076914035
leaf_weight=48.702508995309472 6.6563375275582093 51.307235933840275 8.6631527766585368 7.7061685621738425 6.2112555205821973 7.5530434036627403 39.087810456752777 24.124176044948399 21.761775291524827 27.538340582046661 7.6608207933604735 26.208582282066345 27.535183906555176 7.2129656337201622 58.194052999839187 5.4638809747993937 6.1588101834058788 9.9339232221245748 34.726334794424474 3.5767443338409057 4.38959384150803 19.280335267074406 33.534904152154922 6.2146636620163909 11.546499354764821 3.5033702291548243 38.001517969183624 15.519323327578602 2.8207717724144521 23.798787848092619 5.7245956305414429 66.232454020529985 216.78743536863476 26.831142049282789 26.389871420804411 108.2988075427711 121.70837967842817 57.110784056596458 2.4494797606021157 13.899788692593573 15.431381777860222 6.8261716570705167 8.9733043964952213 7.243011761456728 6.8321361616253853 9.5615481482818705 11.191202846355734 6.4907235018908978 3.3819532711058855 8.0801346516236645
leaf_count=369 50 294 54 47 46 39 365 142 179 305 80 147 227 19 391 27 36 72 170 19 35 83 163 69 37 39 193 75 19 193 58 408 1281 167 207 717 640 246 21 168 50 48 49 21 46 138 54 37 23 67
internal_value=0 0.00654495 -0.018485 0.0423597 0.0793812 -0.0396659 -0.0486228 -0.0955795 -0.0158487 -0.0456219 -0.0804241 -0.00249072 -0.0243973 -0.0632933 -0.0912463 0.0288679 0 -0.111416 0.0271626 -0.123415 -0.162255 0.100646 -0.00653627 0.00616734 0.0422439 0.0245949 0.0426529 0.013918 -0.0218264 0.0195994 -0.0234296 0.0180413 0.000104964 0.0174016 -0.0478367 0.0329758 0.0121771 0.067774 -0.143451 -0.175061 0.14015 0.0985313 0.0545987 0 0 0 0 -0.0514187 -0.0722095 0
internal_weight=0 937.136 198.257 45.255 37.5488 153.002 145.449 63.212 386.901 108.485 70.409 278.416 173.011 101.916 85.7292 105.405 72.5808 16.0927 56.4881 45.0662 31.9279 32.8244 82.2374 38.0758 31.8611 71.0954 64.2101 738.879 64.2127 45.0427 29.5234 674.666 321.316 243.619 77.6971 353.35 230.007 123.343 19.17 16.7206 24.0945 18.3727 16.1863 13.4543 13.4885 13.1383 25.3427 14.1515 6.88532 13.544
internal_count=8430 5790 1296 218 171 1078 1039 507 2640 918 668 1722 1088 686 618 634 457 108 349 497 340 177 532 250 181 402 340 4494 534 326 251 3960 1949 1448 501 2011 1357 654 208 187 104 85 68 67 96 157 171 117 62 94
is_linear=0
shrinkage=0.187109


Tree=9
num_leaves=46
num_cat=0
split_feature=15 21 49 15 48 38 15 29 2 38 42 50 17 28 49 7 2 17 6 18 2 12 27 39 39 18 39 7 7 31 43 3 7 17 19 46 38 8 1 43 15 16 29 39 38
split_gain=3.10597 8.6972 5.3654 4.70049 13.449 5.94777 5.48444 5.33744 4.84509 4.10881 4.00948 7.08382 6.08605 12.6846 6.47694 5.57671 5.0796 3.98182 14.1694 5.932 3.93086 5.24986 3.78642 5.2298 4.49448 6.51723 14.1862 7.90536 4.85525 12.7352 4.25786 3.74401 6.57233 3.57207 3.47951 3.29463 2.91452 3.2054 2.3941 2.12379 1.84792 1.70778 6.04158 2.03631 1.64745
threshold=6.5000000000000009 1.0000000180025095e-35 9.5000000000000018 2.5000000000000004 1.5000000000000002 11.500000000000002 1.5000000000000002 2.5000000000000004 2.5000000000000004 5.5000000000000009 8.5000000000000018 4.5000000000000009 1.0000000180025095e-35 1.0000000180025095e-35 8.5000000000000018 7.5000000000000009 6.5000000000000009 1.0000000180025095e-35 1.0000000180025095e-35 3.5000000000000004 9.5000000000000018 1.5000000000000002 16.500000000000004 8.5000000000000018 8.5000000000000018 1.0000000180025095e-35 7.5000000000000009 110.50000000000001 12.500000000000002 1.5000000000000002 6.5000000000000009 3.5000000000000004 47.500000000000007 1.0000000180025095e-35 12.500000000000002 105.00000000000001 12.500000000000002 1.0000000180025095e-35 3.5000000000000004 15.500000000000002 29.500000000000004 1.5000000000000002 4.5000000000000009 3.5000000000000004 12.500000000000002
decision_type=2 2 2 2 2 2 2 2 2 2 2 2 2 2 2 2 2 2 2 2 2 2 2 2 2 2 2 2 2 2 2 2 2 2 2 2 2 2 2 2 2 2 2 2 2
left_child=1 2 3 5 8 6 -1 -6 -5 31 11 12 20 -14 -15 16 38 18 -11 -19 21 -2 24 41 25 26 -12 -27 30 -30 -26 33 -33 -4 -7 39 37 -17 -13 -25 -38 43 -43 -24 -3
right_child=10 44 9 4 7 34 -8 -9 -10 17 22 15 13 14 -16 36 -18 19 -20 -21 -22 -23 23 35 28 27 -28 -29 29 -31 -32 32 -34 -35 -36 -37 40 -39 -40 -41 -42 42 -44 -45 -46
leaf_value=-0.065990186171491702 0.086574723930509703 0.14822083752522794 0.071962920656704066 -0.0056806255295469661 -0.11036544839232111 0.031888327475321672 0.015746015478419025 0.0053895177698851174 0.13233849591120633 0.059496238800671133 -0.016686325629557183 0 -0.23615096238447925 -0.084704616306673156 0.075489022634927655 0.1191027461040613 -0.13840405177831047 0.10747585602265627 -0.13098513023647551 -0.0098277597895577544 0.12161649942019334 -0.084496315703765312 -0.0099307150228062444 -0.20703333343196831 0 0.042839336905900235 -0.24258332662605717 -0.038554376086380626 -0.12014481682150809 0.032539973471746877 0.089370198852904911 -0.19554257021680904 0 -0.093648441046271416 -0.035754571703923869 0 -0.051441333708766149 0.0017749091588588394 0.1122177957689563 0 0.059706170557461073 -0.13224293620842228 0.04736937434510189 0.073816601420730252 0
leaf_weight=94.578499547671527 11.742596974596383 12.630435010418298 13.721556995995345 9.9140892773866671 84.515672625973821 100.8219553953968 28.996077289804816 7.4295118702575556 13.18997119553387 42.719405907206237 96.009930502157658 7.6829796545207527 10.521723556332288 17.158598987385631 17.792370306327939 58.984894528985023 8.1207321770489198 39.149034553207457 19.88821944501251 13.275881540961562 13.497174417600034 13.056771302595733 8.7060149554163235 11.334671521559359 13.160656586289404 112.4894102755934 11.69853078573942 61.701536324806511 22.967831725254655 105.64075921522453 58.107673764228821 10.649416550062599 7.8828157782554618 5.8785618282854548 30.656956024467945 3.7535750679671755 8.1379792392253893 19.54588786046952 8.0229357490316016 2.1965262331068507 11.802127003669737 13.646033382974567 7.2386766420677295 15.126298206858335 11.326567739248274
leaf_count=762 53 52 67 77 698 570 191 33 49 245 597 47 116 113 86 283 56 188 197 111 46 83 69 154 74 646 96 492 191 576 269 123 51 47 230 25 63 119 36 21 63 194 40 79 52
internal_value=0 -0.0107161 -0.0165686 -0.0291303 -0.0617148 -0.0125055 -0.0429091 -0.0957711 0.0527474 0.0106306 0.00782113 0.0300511 -0.00688528 -0.0577899 0 0.0592725 -0.00455559 0.0306818 0 0.0686447 0.0409785 0 0 -0.0440323 0.00499221 -0.00896209 -0.0460574 0.0112256 0.0270803 0.0013918 0.0665524 -0.0370994 -0.0991217 0 0.012417 -0.131875 0.0795987 0.0961124 0.0349695 -0.17484 0 0 -0.0471549 0.023235 0.09627
internal_weight=0 547.225 523.268 370.103 115.049 255.053 123.575 91.9452 23.1041 153.165 749.845 206.067 83.7692 45.4727 34.951 122.298 23.8266 115.033 62.6076 52.4249 38.2965 24.7994 543.778 62.0018 481.776 281.899 107.708 174.191 199.877 128.609 71.2683 38.1324 18.5322 19.6001 131.479 17.2848 98.4709 78.5308 15.7059 13.5312 19.9401 44.717 20.8847 23.8323 23.957
internal_count=8430 3743 3639 2610 857 1753 953 731 126 1029 4687 1164 497 315 199 667 139 741 442 299 182 136 3523 582 2941 1831 693 1138 1110 767 343 288 174 114 800 200 528 402 83 175 126 382 234 148 104
is_linear=0
shrinkage=0.187109


Tree=10
num_leaves=40
num_cat=0
split_feature=31 49 25 48 3 43 19 3 6 19 30 17 8 5 27 23 49 7 30 23 28 15 1 16 46 18 1 38 0 27 49 46 6 49 13 19 19 49 43
split_gain=3.45533 6.10569 3.92001 7.05924 6.96641 5.96928 7.5656 5.96575 9.5951 6.37699 7.05721 5.47608 5.17626 7.918 6.41359 7.02011 6.22783 5.25767 4.93302 4.84332 4.12821 5.90133 4.05867 4.54212 4.51266 3.53017 2.83005 2.74275 3.85915 4.16443 3.55066 3.35734 2.57548 2.44596 1.85964 1.58656 1.2197 0.508729 0.25392
threshold=26.500000000000004 10.500000000000002 1.5000000000000002 4.5000000000000009 240.00000000000003 10.500000000000002 22.500000000000004 67.500000000000014 10.500000000000002 32.500000000000007 1.0000000180025095e-35 2.5000000000000004 1.0000000180025095e-35 2.5000000000000004 4.5000000000000009 2.5000000000000004 4.5000000000000009 8.5000000000000018 2.5000000000000004 1.5000000000000002 2.5000000000000004 4.5000000000000009 22.500000000000004 1.5000000000000002 4.5000000000000009 1.0000000180025095e-35 2.5000000000000004 105.00000000000001 1.5000000000000002 16.500000000000004 8.5000000000000018 3.5000000000000004 13.500000000000002 5.5000000000000009 11.500000000000002 89.000000000000014 95.500000000000014 13.500000000000002 9.5000000000000018
decision_type=2 2 2 2 2 2 2 2 2 2 2 2 2 2 2 2 2 2 2 2 2 2 2 2 2 2 2 2 2 2 2 2 2 2 2 2 2 2 2
left_child=2 27 7 22 5 18 -7 8 9 11 -11 -1 13 17 16 -16 -14 -9 -5 -15 21 -10 23 25 -24 -4 37 28 31 30 -30 -2 -25 -31 -28 -22 -33 -3 -29
right_child=1 26 3 4 -6 6 -8 12 20 10 -12 -13 14 19 15 -17 -18 -19 -20 -21 35 -23 24 32 -26 -27 34 38 29 33 -32 36 -34 -35 -36 -37 -38 -39 -40
leaf_value=0 0.087242499990123998 0 0.00032837765764173532 -0.1494758326621172 0.077869135823960448 0.030517360850136781 -0.20915363077262572 0.03231268428944381 -0.0020625714239324768 0.12208114431740108 0 -0.063177268679109583 0.12137836616844809 0.10630270593890419 -0.19707253301494071 0 -0.018189446793970533 -0.082416228936918093 0 0 0.058005965125628736 -0.15580045056970671 0 -0.072482284996282301 -0.17288273888960545 0.14851864698168746 -0.16321702031827373 -0.04559073621073411 0.15170383702785747 -0.084165683652299914 0 0 0.052658889501171063 0.071561503687358211 0 -0.073211341868297669 -0.098443083071558593 0.064065518786322592 0
leaf_weight=616.86898365104571 10.150193195790054 4.6569162709638494 19.944950523786247 43.389076530002058 6.879366196691989 22.578278990462426 5.3952601654455057 43.253742465749383 22.020873634144664 30.207638363353908 23.617533335927874 52.245018224231899 16.300361445173621 70.492414214648306 11.301121545955541 14.726268712431191 22.073058143258095 20.248453478328884 6.1522814854979506 25.330658609978855 9.4805264137685281 29.424875147640705 7.3360039643011969 15.17118642665446 7.5529014505445957 15.66536729224026 7.7667047567665559 4.135324474424122 33.644028954207897 5.6911717914044848 6.681803246960043 5.8360513160005203 5.2950831893831483 8.4316987674683315 3.634549168869853 4.1265515368431798 8.2504302710294706 4.1642023674212396 4.2178192678838968
leaf_count=4105 45 43 132 358 39 103 65 230 183 156 169 404 65 310 101 100 165 172 43 160 60 280 31 113 85 69 64 32 143 68 34 36 26 57 26 39 70 21 28
internal_value=0 0.0321104 -0.0029555 -0.0307148 -0.0679566 -0.0872683 0 0.000833997 -0.0063261 0 0.0617261 -0.00511503 0.0281974 0.0469635 -0.0107435 -0.0873527 0.0288363 0 -0.126903 0.0809456 -0.0750571 -0.0995909 0.00683631 0.0358822 -0.0696095 0.0794377 -0.0481981 0.0563722 0.0687836 0.0964565 0.127075 0 -0.01651 0 -0.112481 0 -0.0522608 0 -0.00285998
internal_weight=0 107.261 1167.08 155.36 84.3943 77.5149 27.9735 1011.72 787.992 722.939 53.8252 669.114 223.726 159.325 64.4008 26.0274 38.3734 63.5022 49.5414 95.8231 65.0528 51.4457 70.9655 56.0766 14.8889 35.6103 20.2224 87.0385 78.6854 54.4487 40.3258 24.2367 20.4663 14.1229 11.4013 13.6071 14.0865 8.82112 8.35314
internal_count=8430 667 7763 1064 608 569 168 6699 5396 4834 325 4509 1303 872 431 201 230 402 401 470 562 463 456 340 116 201 154 513 453 302 177 151 139 125 90 99 106 64 60
is_linear=0
shrinkage=0.187109


Tree=11
num_leaves=34
num_cat=0
split_feature=46 11 43 27 46 30 17 2 19 0 46 50 13 48 39 38 49 3 14 15 50 7 50 50 29 47 50 16 27 4 38 7 23
split_gain=3.49558 8.91517 2.62952 4.95592 7.5785 7.45009 6.11514 6.44794 6.27088 6.04368 5.61207 7.05488 5.16529 3.90773 3.43094 2.73792 6.48243 5.0504 4.93324 5.99564 3.98446 3.82657 8.58146 6.78869 6.48502 3.95188 3.71682 3.6776 3.00588 2.09545 2.08004 1.01859 0.476865
threshold=155.00000000000003 1.0000000180025095e-35 12.500000000000002 5.5000000000000009 9.5000000000000018 1.0000000180025095e-35 1.5000000000000002 2.5000000000000004 55.500000000000007 2.5000000000000004 13.500000000000002 6.5000000000000009 4.5000000000000009 5.5000000000000009 8.5000000000000018 4.5000000000000009 11.500000000000002 20.500000000000004 1.0000000180025095e-35 1.5000000000000002 6.5000000000000009 18.500000000000004 3.5000000000000004 5.5000000000000009 1.0000000180025095e-35 5.5000000000000009 4.5000000000000009 1.0000000180025095e-35 4.5000000000000009 2.5000000000000004 10.500000000000002 36.500000000000007 1.0000000180025095e-35
decision_type=2 2 2 2 2 2 2 2 2 2 2 2 2 2 2 2 2 2 2 2 2 2 2 2 2 2 2 2 2 2 2 2 2
left_child=2 -2 15 4 5 9 7 -6 -8 -4 11 14 29 -13 -5 16 18 27 19 -1 -20 22 25 -24 26 -17 -23 -18 -26 -12 -7 -19 -14
right_child=1 -3 3 10 6 30 8 -9 -10 -11 12 13 32 -15 -16 21 17 31 20 -21 -22 24 23 -25 28 -27 -28 -29 -30 -31 -32 -33 -34
leaf_value=0.0041965010568753144 -0.24495073562382605 0.01403128944230278 0.089658400474872252 0 -0.13756746360050953 -0.19091053345516021 0.034209372520952859 -0.00045704224670560403 -0.14849389474080696 -0.026215321025389815 0.17757687386572638 0 0 -0.20032055298732251 0.12271667265914737 0 0.066060435876263215 0.011854649590240312 0 -0.10736276309648916 0.071835375342583982 0 0.082200906495775439 0.011697983023500426 0.032076481368778546 -0.087276219425149001 -0.055657175367534173 -0.15661735102459262 -0.0097898142215990889 0 0 0.17722245874962339 -0.063453007680176185
leaf_weight=31.813602314330637 7.0301715191453678 4.8838716242462397 38.396559959277511 6.715399973094466 47.272943777032197 6.1381142158061248 31.140591124072671 25.92005842924118 8.1191941043362004 17.872056165710092 14.879902889952065 12.359891902655365 5.7143705151975137 8.3999994611367566 11.150483089499174 64.016588257625699 7.3050952497869712 8.9459042353555578 63.874065091833472 24.105477241799235 47.829140125773847 65.928715502843261 72.218848393298686 209.48242997005582 107.33331019058824 30.705538079608232 128.4553291760385 3.7429844401776791 111.24331094138324 8.615239951759575 4.6978773316368461 17.647048589307815 3.9713193168863654
leaf_count=279 52 28 177 56 427 60 193 188 87 121 55 102 28 79 35 386 42 52 398 234 256 450 375 1240 741 247 1015 43 785 63 31 64 41
internal_value=0 -0.100129 0.000971349 -0.0156275 -0.0333686 0.010437 -0.0637773 -0.0957191 0 0.0443215 0.0219915 -0.0166437 0.0813128 -0.0995087 0.052876 0.00565419 0.0249278 0.0960069 0.00600137 -0.0354601 0.0311017 2.57093e-05 0.0142632 0.0315277 -0.0117824 -0.0319494 -0.0371376 0 0.00856786 0.130219 -0.119513 0.140096 0
internal_weight=0 11.914 1246.01 251.364 179.557 67.1046 112.453 73.193 39.2598 56.2686 71.8066 38.6258 33.1808 20.7599 17.8659 994.647 205.263 37.641 167.622 55.9191 111.703 789.384 376.423 281.701 412.961 94.7221 194.384 11.0481 218.577 23.4951 10.836 26.593 9.68569
internal_count=8430 80 8350 1743 1284 389 895 615 280 298 459 272 187 181 91 6607 1368 201 1167 513 654 5239 2248 1615 2991 633 1465 85 1526 118 91 116 69
is_linear=0
shrinkage=0.187109


Tree=12
num_leaves=45
num_cat=0
split_feature=31 24 27 47 38 43 6 39 47 49 42 38 15 31 23 3 48 39 38 15 3 16 27 24 49 49 2 3 21 39 42 38 28 7 38 49 43 19 12 25 12 11 15 13
split_gain=3.08962 4.51895 6.34665 5.90553 5.27783 5.14251 4.86261 5.69435 4.62444 4.16881 5.05401 7.68953 5.11163 4.51389 4.11366 4.77574 3.73606 6.41894 8.3195 5.53057 5.3633 4.56953 4.50234 4.18824 7.12252 6.24081 5.27003 3.68114 3.41266 3.19349 3.76695 3.60716 2.84029 6.28479 5.74991 2.87417 2.78252 3.08882 2.23197 3.04677 1.77775 0.823798 0.334025 0.138517
threshold=4.5000000000000009 1.5000000000000002 9.5000000000000018 10.500000000000002 25.000000000000004 7.5000000000000009 9.5000000000000018 1.5000000000000002 4.5000000000000009 12.500000000000002 11.500000000000002 7.5000000000000009 8.5000000000000018 11.500000000000002 1.5000000000000002 157.50000000000003 4.5000000000000009 10.500000000000002 1.5000000000000002 23.500000000000004 80.500000000000014 1.5000000000000002 2.5000000000000004 1.5000000000000002 13.500000000000002 15.500000000000002 1.5000000000000002 55.500000000000007 1.0000000180025095e-35 1.5000000000000002 8.5000000000000018 5.5000000000000009 2.5000000000000004 108.50000000000001 8.5000000000000018 2.5000000000000004 10.500000000000002 1.5000000000000002 16.500000000000004 1.5000000000000002 1.0000000180025095e-35 1.0000000180025095e-35 73.500000000000014 4.5000000000000009
decision_type=2 2 2 2 2 2 2 2 2 2 2 2 2 2 2 2 2 2 2 2 2 2 2 2 2 2 2 2 2 2 2 2 2 2 2 2 2 2 2 2 2 2 2 2
left_child=14 4 3 -3 9 6 41 -8 40 10 11 -2 -12 -11 16 29 17 18 21 -20 28 -1 -22 24 26 -26 -18 -10 -19 -16 -31 -32 33 34 -4 -35 37 -25 39 -34 -7 -6 -17 -38
right_child=1 2 32 -5 5 8 7 -9 27 13 12 -13 -14 -15 15 42 23 20 19 -21 22 -23 -24 36 25 -27 -28 -29 -30 30 31 -33 38 35 -36 -37 43 -39 -40 -41 -42 -43 -44 -45
leaf_value=-0.16963477044827527 0 -0.22008563923012503 -0.16959015264700958 0 -0.033724961376095632 0 0 -0.15862898743595583 0.01517230969820736 0.17312846381089736 0.033045479064734318 0.097367915975425864 -0.072126659374923061 0 0 0 0.032382380330390384 -0.11046399231192339 0.022290121034809224 -0.050858627482476458 0.1276244700972663 0 -0.051399229339366422 -0.066760564047182933 -0.12561035642236651 0 -0.01144520910190578 -0.11728572813415142 0 0 0 -0.18497379510265202 0 0 0.067122987033128467 -0.18761805853209504 0.15351269164696027 0.054579575220886828 -0.011701692481837373 0.1063387883816662 0.13351192713571211 0.03338701158101804 0.04699228285310833 0
leaf_weight=15.231499858200552 62.256150060333312 9.5692416094243509 3.8456648625433472 5.9876744588837019 10.777014829218389 7.7718832157552269 4.5068201906979111 20.105720972642303 36.249789752066135 17.327220382168893 30.731698172166944 62.034230173565447 28.852572225965559 8.4403122412040812 6.5609114067628971 5.0920054223388416 185.25213561067358 52.34652201924473 182.43583445902914 42.937080988660455 7.647300902754071 3.1984780440106979 11.261358472518621 8.5514572970569116 27.366214046254754 14.009151345118878 178.17903906106949 8.5840433929115516 3.8936819341033688 7.1909612212330094 5.0061060022562769 20.549092231318355 5.9974496494978693 2.5018541226163498 18.976620723493397 10.114510239101945 11.426785366609694 23.635215033777058 5.418124943971633 21.164269018918276 14.723120301961897 14.523382329382001 6.4755132598802447 7.3474449170753351
leaf_count=171 399 98 54 37 109 49 26 243 201 61 210 278 265 60 41 32 1120 425 1171 292 21 30 72 70 263 93 1205 76 20 55 40 234 61 20 115 142 46 134 58 117 49 92 36 39
internal_value=0 0.0132638 -0.022672 -0.129847 0.0239372 -0.00425165 -0.0530067 -0.112006 0.0247733 0.0419965 0.0284937 0.0507498 -0.00985368 0.118871 -0.00659578 -0.0585343 -0.00254865 -0.0185346 -0.00171449 0.00618182 -0.0665536 -0.123411 0 0.00758089 2.02463e-07 -0.07211 0.0095702 0 -0.0961369 -0.0926773 -0.117034 -0.1505 0 -0.0344129 0.00522392 -0.143001 0.0581366 0.00721447 0.0418117 0.0701793 0.094705 0 0.0159633 0.119049
internal_weight=0 410.459 83.5754 15.5569 326.884 117.242 49.9129 24.6125 67.3288 209.642 183.875 124.29 59.5843 25.7675 825.594 50.8746 774.719 318.952 243.803 225.373 75.1489 18.43 18.9087 455.767 404.807 41.3754 363.431 44.8338 56.2402 39.3071 32.7462 25.5552 68.0185 35.4386 22.8223 12.6164 50.9609 32.1867 32.5798 27.1617 22.495 25.3004 11.5675 18.7742
internal_count=8430 2820 702 135 2118 845 470 269 375 1273 1152 677 475 121 5610 438 5172 2202 1664 1463 538 201 93 2970 2681 356 2325 277 445 370 329 274 567 331 169 162 289 204 236 178 98 201 68 85
is_linear=0
shrinkage=0.187109


Tree=13
num_leaves=48
num_cat=0
split_feature=12 50 27 31 0 49 46 27 7 28 5 3 48 13 47 31 19 39 42 5 13 39 42 27 42 2 39 39 50 27 46 39 46 19 43 25 27 27 43 2 4 15 3 43 43 49 50
split_gain=1.92867 5.25856 7.94664 8.84752 6.29418 4.95062 5.20926 4.15237 4.36311 6.0078 4.28457 6.5504 6.14723 4.87657 3.18293 5.76308 6.92477 6.45987 7.72971 5.81124 4.61691 8.74557 7.05519 7.01619 5.15762 6.37449 5.87852 4.8801 4.22128 4.09403 3.96522 5.26565 3.63326 3.48351 3.26961 3.06949 3.05518 10.7594 4.67911 2.81174 2.27361 2.90605 2.16886 2.12937 1.8927 1.54624 0.14769
threshold=1.5000000000000002 2.5000000000000004 5.5000000000000009 2.5000000000000004 7.5000000000000009 7.5000000000000009 2.5000000000000004 23.500000000000004 14.500000000000002 5.5000000000000009 2.5000000000000004 28.500000000000004 4.5000000000000009 1.5000000000000002 10.500000000000002 4.5000000000000009 10.500000000000002 10.500000000000002 105.00000000000001 9.5000000000000018 1.0000000180025095e-35 7.5000000000000009 65.000000000000014 1.5000000000000002 25.000000000000004 1.5000000000000002 1.5000000000000002 10.500000000000002 3.5000000000000004 3.5000000000000004 11.500000000000002 6.5000000000000009 15.500000000000002 21.500000000000004 13.500000000000002 1.0000000180025095e-35 6.5000000000000009 2.5000000000000004 7.5000000000000009 13.500000000000002 5.5000000000000009 42.000000000000007 7.5000000000000009 6.5000000000000009 9.5000000000000018 7.5000000000000009 8.5000000000000018
decision_type=2 2 2 2 2 2 2 2 2 2 2 2 2 2 2 2 2 2 2 2 2 2 2 2 2 2 2 2 2 2 2 2 2 2 2 2 2 2 2 2 2 2 2 2 2 2 2
left_child=14 2 3 -2 -4 39 -7 10 45 -10 36 12 -12 -13 20 16 30 19 -19 46 22 23 24 35 25 -1 -26 28 -23 43 42 -32 -29 -25 -18 -22 37 -3 -38 -6 -5 -42 -16 -24 -21 -9 -17
right_child=1 7 4 40 5 6 -8 8 9 -11 11 13 -14 -15 15 17 34 18 -20 44 21 27 29 33 26 -27 -28 32 -30 -31 31 -33 -34 -35 -36 -37 38 -39 -40 -41 41 -43 -44 -45 -46 -47 -48
leaf_value=-0.010601449792208903 0.13926892122578208 0.0024051288907432416 -0.15610630862538466 0.03966457251162181 0.1257503840640912 0.037386764534458716 -0.13580349513908921 -0.034264398428283757 -0.164436963173207 0 -0.22460226695494079 0.094292648861312847 0 0.01583468204179533 0.085781238595576292 0.16702626215191793 -0.17828891613298853 -0.16407197583486571 0.070425046121122242 0.051860390340053783 0.11073534403436228 0 0.085163241271081824 0.029821985298151717 0 -0.09279312617813093 -0.17450970848131306 -0.043505143949034521 -0.13601282984871416 -0.1219984118660625 -0.095340436643523138 0.0041506751225277756 0.083991611709511457 -0.066476504416190921 0 0 0.064053317211196129 -0.12504369624044087 -0.032634081385084536 0 -0.17811831731679112 0 0 0 -0.089038030491536871 0.080314393719731536 0.047617869223297783
leaf_weight=167.03242293465883 41.595704751089215 52.40268543176353 8.080147688277064 4.9361128304153672 16.649462563917044 7.5697231423109796 10.476368952542542 5.5681426860392076 18.293948554433886 5.4174891132861367 6.1515417275950339 41.102569134905934 14.287153511308132 162.73554225359112 25.646883480250835 21.928869444876909 11.194470590911804 8.547298186458649 8.4220339357852918 6.1139898877590877 44.024459601379931 5.6625169068574932 22.869973158463836 38.251878811046481 8.4965991936624068 47.947868218645453 21.599742658436298 20.260145967826247 23.881089173257351 4.9421089878305784 22.884924401063472 59.06672868411988 12.372993735596536 19.688976755365729 2.8889994444325557 6.9300159700214854 31.672245191410184 33.569027040153742 33.813547511585057 8.7933809664100391 5.3063635043799859 2.8684226721525192 24.849743694067001 40.680682490579784 6.0495656952261925 7.1717522665858269 15.097757846117018
leaf_count=1131 177 301 77 19 76 34 107 53 225 35 75 219 102 1137 127 77 121 72 38 26 232 34 142 214 57 410 287 172 197 54 209 411 58 160 30 57 189 263 253 72 65 17 169 269 60 32 88
internal_value=0 0.00864123 0.0457521 0.0955481 0 0.0209602 -0.0369606 0 -0.0610054 -0.110007 0.00491002 0.0223122 -0.0710105 0.0340925 -0.00642524 0.0113881 -0.00641644 0.0580236 -0.0199576 0.0946946 -0.0152414 0.00728914 -0.0290715 0.0416152 -0.0445495 -0.0312408 -0.122912 -0.0450227 -0.100009 0.0192419 0.00340518 -0.0178891 0 0 -0.1316 0.0921875 -0.0176664 -0.0419 0.00681151 0.0808872 -0.00677724 -0.0929671 0.0474479 0.038118 0 0 0.131787
internal_weight=0 518.461 106.276 54.7066 51.5691 43.4889 18.0461 412.186 36.4513 23.7114 375.734 224.277 20.4387 203.838 697.333 212.691 146.532 66.1595 16.9693 49.1902 484.641 171.072 313.569 108.895 245.077 214.98 30.0963 62.1767 29.5436 68.4928 132.448 81.9517 32.6331 57.9409 14.0835 50.9545 151.458 85.9717 65.4858 25.4428 13.1109 8.17479 50.4966 63.5507 12.1636 12.7399 37.0266
internal_count=8430 3528 644 278 366 289 141 2884 345 260 2539 1533 177 1356 4902 1428 1067 361 110 251 3474 1124 2350 663 1885 1541 344 461 231 465 916 620 230 374 151 289 1006 564 442 148 101 82 296 411 86 85 165
is_linear=0
shrinkage=0.187109


Tree=14
num_leaves=43
num_cat=0
split_feature=39 27 12 46 50 27 1 46 1 2 47 38 3 48 31 39 27 50 7 19 48 7 38 43 50 15 39 31 3 6 0 6 1 13 38 3 38 26 49 5 38 27
split_gain=2.32598 5.06453 4.33395 3.58609 5.6537 4.38059 5.63936 5.42664 4.24773 4.96649 4.06453 5.79877 4.27836 4.14357 5.24657 3.9635 3.44787 5.3423 6.67074 7.31319 4.90977 3.39279 3.14923 5.30277 4.93597 2.5891 4.42075 6.32292 5.16274 2.44037 4.3893 2.57032 2.14582 3.33936 2.05058 1.55377 1.12049 3.07514 0.703539 0.514 0.444518 0.0334667
threshold=6.5000000000000009 17.500000000000004 8.5000000000000018 13.500000000000002 8.5000000000000018 2.5000000000000004 3.5000000000000004 8.5000000000000018 1.0000000180025095e-35 8.5000000000000018 4.5000000000000009 125.00000000000001 114.50000000000001 4.5000000000000009 1.0000000180025095e-35 4.5000000000000009 1.5000000000000002 5.5000000000000009 7.5000000000000009 5.5000000000000009 5.5000000000000009 237.00000000000003 8.5000000000000018 3.5000000000000004 2.5000000000000004 1.0000000180025095e-35 12.500000000000002 1.0000000180025095e-35 1.5000000000000002 4.5000000000000009 1.5000000000000002 9.5000000000000018 27.500000000000004 10.500000000000002 115.00000000000001 4.5000000000000009 45.000000000000007 3.5000000000000004 8.5000000000000018 3.5000000000000004 8.5000000000000018 15.500000000000002
decision_type=2 2 2 2 2 2 2 2 2 2 2 2 2 2 2 2 2 2 2 2 2 2 2 2 2 2 2 2 2 2 2 2 2 2 2 2 2 2 2 2 2 2
left_child=2 16 3 4 5 6 -1 -7 35 -10 13 12 -12 15 -15 -5 25 22 20 -20 -19 34 23 -18 -24 26 27 -2 -28 30 -27 -31 33 38 40 -6 37 -34 39 -4 -3 -35
right_child=1 21 32 10 8 7 -8 -9 9 -11 11 -13 -14 14 -16 -17 17 18 19 -21 -22 -23 24 -25 -26 29 28 -29 -30 31 -32 -33 36 41 -36 -37 -38 -39 -40 -41 -42 -43
leaf_value=-0.021322573783337212 -0.0031983609960004752 0 0.059030666067273717 -0.12324504066101807 -0.074997990251035276 -0.086510704205812264 0.063684281232445059 0.0035107812175720486 0.08773531076174286 -0.042527062214781169 -0.080716745181786023 0.080318372122896775 0.011499629485077045 0.10359796182005263 -0.010792990818483349 0 0.12962613123322378 -0.12676133718850718 0.089016604611127717 0 0 0 0 -0.027499296219844923 0.1048917303152056 -0.069157487785861033 -0.13815054959820025 0.086873979380410707 0.021092963548204658 0.055556396284822271 0 -0.020092173929859975 -0.16291903761277818 0.14895457530615591 0 0 0.033868966482679168 0 -0.030551120376848824 0 -0.16215946784963231 0
leaf_weight=100.23893546964973 41.365994175896049 6.3279921030625799 9.9508455544710213 14.951061408035459 10.744309749454262 55.576490867882967 37.248852593824267 23.823503883555532 55.251922209747136 7.0135190766304722 105.936567873694 6.9270017184317103 10.534358789213 21.734267976600677 22.215600749477744 7.9616452008485785 9.543930269777773 19.912637413479388 43.11830425914377 130.99540527071804 19.522725615650415 7.5964755751192561 22.427318119443953 29.3669697297737 61.136239778250456 59.851058621890843 11.854699771851303 47.818900878541172 7.6218164758756748 27.039933013729751 60.060236811637878 26.191344453021884 5.0473512103781122 12.024569798260929 5.2583625745028248 9.7966894311830384 7.033423730172216 7.0339482203125954 7.6894136220216742 6.4662286657840005 12.447295561432837 7.0202672295272341
leaf_count=689 277 76 39 156 117 435 215 149 336 62 943 28 78 113 163 52 40 194 197 901 132 57 140 174 282 496 104 232 52 172 443 233 75 39 40 69 50 38 56 44 190 52
internal_value=0 0.00758984 -0.00892586 -0.0155338 -0.00106985 -0.0184883 0 -0.0534761 0.0386691 0.0652413 -0.0357562 -0.0558731 -0.0682264 0 0.0350055 -0.0627796 0.0119971 0.0249233 0.00452086 0.0223449 -0.0617197 -0.0628869 0.0564981 0 0.0774076 -0.00170742 0.0188871 0.0397614 -0.0515977 -0.0174279 -0.0333324 0.00933821 0.0352244 0.0593471 -0.10051 -0.0184101 0 -0.0502589 0 0.0322811 -0.129204 0.118416
internal_weight=0 649.458 552.221 489.955 299.694 216.888 137.488 79.4 82.8064 62.2654 190.261 123.398 116.471 66.8626 43.9499 22.9127 617.828 336.024 213.549 174.114 39.4354 31.6301 122.474 38.9109 83.5636 281.804 108.661 89.1849 19.4765 173.143 119.911 53.2313 62.266 43.1513 24.0337 20.541 19.1147 12.0813 24.1065 16.4171 18.7753 19.0448
internal_count=8430 4432 3998 3605 2072 1488 904 584 584 398 1533 1049 1021 484 276 208 4069 2060 1424 1098 326 363 636 214 422 2009 665 509 156 1344 939 405 393 230 306 186 163 113 139 83 266 91
is_linear=0
shrinkage=0.187109


Tree=15
num_leaves=37
num_cat=0
split_feature=29 31 15 27 38 3 46 26 19 47 6 14 18 38 47 50 47 7 25 43 42 3 38 27 2 48 46 49 27 27 2 31 39 16 15 1
split_gain=2.37595 5.47874 4.8896 3.96496 2.51746 2.277 2.72966 2.14172 3.81604 3.95355 3.21903 3.88737 3.59748 4.80896 3.24568 2.9111 2.75414 2.66377 3.96537 2.49906 2.14698 2.11442 1.7694 1.37271 1.30322 1.21732 1.53705 1.00503 2.95506 2.21121 1.78156 1.56362 0.947892 0.942315 0.361978 0.176826
threshold=2.5000000000000004 21.500000000000004 18.500000000000004 3.5000000000000004 3.5000000000000004 13.500000000000002 12.500000000000002 2.5000000000000004 57.500000000000007 6.5000000000000009 8.5000000000000018 1.5000000000000002 3.5000000000000004 12.500000000000002 2.5000000000000004 11.500000000000002 6.5000000000000009 323.00000000000006 1.0000000180025095e-35 11.500000000000002 8.5000000000000018 179.50000000000003 115.00000000000001 31.500000000000004 9.5000000000000018 3.5000000000000004 15.500000000000002 5.5000000000000009 17.500000000000004 21.500000000000004 10.500000000000002 7.5000000000000009 9.5000000000000018 1.0000000180025095e-35 94.500000000000014 3.5000000000000004
decision_type=2 2 2 2 2 2 2 2 2 2 2 2 2 2 2 2 2 2 2 2 2 2 2 2 2 2 2 2 2 2 2 2 2 2 2 2
left_child=7 3 5 35 -4 25 -7 8 10 15 12 19 16 -14 -13 24 -1 18 -11 -12 23 22 -6 33 -10 -3 -27 28 -22 31 -30 -29 -5 -9 -31 -2
right_child=1 2 4 32 21 6 -8 20 9 17 11 14 13 -15 -16 -17 -18 -19 -20 -21 27 -23 -24 -25 -26 26 -28 29 30 34 -32 -33 -34 -35 -36 -37
leaf_value=-0.016058819219487364 -0.036887425937332012 0.042295885026806715 0 0.14983924422575776 -0.14993070484863899 0.1213769545375403 0 0 0 -0.17544346251020526 -0.037925330633494493 0 -0.18102237003498048 0 0.097622023427807403 0.099388807010210786 0.0054584454561286723 0 0 0.04534061959995743 0.096602274051589637 0 0 0 -0.091577963709469967 -0.099137301004349823 0 -0.13651518664040926 0 0.05015583259750437 -0.12547048606041206 0 0 0.12471982982786176 0 0
leaf_weight=351.84076749905944 4.374491408467291 9.8139565661549586 7.6175447264686253 19.383891453035179 14.594136326573794 16.018626430071894 6.8832334531471124 6.3773127663880649 23.211381947621703 17.026621285825975 29.97919100150466 5.006975019350647 9.3777336962521094 9.7127731209620816 35.250945772975683 6.9050970803946248 468.3459535879083 2.8798415102064601 10.48709357716143 21.286320737563074 12.562989341095092 5.4492727136239401 3.7123262882232657 6.1651022732257834 9.0781096010468882 7.8181733824312669 4.2944888016209006 7.7856577066704649 2.0703625492751589 4.8629676811397067 4.0131513867527246 3.7872161027044058 7.0311400247737756 13.417489769868551 2.8902409095317125 3.8320718202739954
leaf_count=2421 52 48 44 99 160 58 54 46 193 196 296 55 108 88 209 35 3216 17 91 142 47 57 27 42 120 60 41 81 14 39 75 28 44 61 41 25
internal_value=0 0.0260506 0 0.087619 -0.0584804 0.0375011 0.0787209 -0.00271638 -0.00525361 -0.0477372 -0.00154975 0.0309583 -0.00567644 -0.0866585 0.0744283 0 -0.00318405 -0.098634 -0.11878 0 0.0293491 -0.090507 -0.120881 0.0706323 -0.0313846 0 -0.0448783 0 0.0317556 -0.0288275 -0.023863 -0.0892687 0.123559 0.0945284 0.000387042 0
internal_weight=0 110.823 76.2018 34.6216 31.3733 44.8285 22.9019 1064.32 1000.39 69.5881 930.801 91.5234 839.277 19.0905 40.2579 39.1946 820.187 30.3936 27.5137 51.2655 63.9325 23.7557 18.3065 25.9599 32.2895 21.9266 12.1127 37.9726 18.6465 19.3261 6.08351 11.5729 26.415 19.7948 7.75321 8.20656
internal_count=8430 769 549 220 288 261 112 7661 7187 652 6535 702 5833 196 264 348 5637 304 287 438 474 244 187 149 313 149 101 325 136 189 89 109 143 107 80 77
is_linear=0
shrinkage=0.187109


Tree=16
num_leaves=38
num_cat=0
split_feature=35 7 7 11 48 2 2 50 12 12 25 49 23 38 5 18 46 50 15 46 46 27 17 30 11 27 50 50 42 50 14 0 5 49 49 6 49
split_gain=1.42065 4.88765 5.30217 3.63325 3.97571 3.67401 6.00191 3.65932 3.08371 2.97477 4.68458 4.59513 3.71072 7.23093 3.21383 3.51988 3.11299 3.43485 3.00847 2.97165 2.82256 2.70945 2.18584 4.85398 6.25458 4.87309 2.56031 2.35164 2.16148 2.00861 1.56028 2.55065 1.51503 3.50992 0.926164 0.692561 0.290093
threshold=1.0000000180025095e-35 12.500000000000002 28.500000000000004 1.5000000000000002 1.5000000000000002 1.0000000180025095e-35 3.5000000000000004 1.5000000000000002 3.5000000000000004 1.5000000000000002 1.0000000180025095e-35 2.5000000000000004 1.0000000180025095e-35 10.500000000000002 3.5000000000000004 2.5000000000000004 145.00000000000003 3.5000000000000004 12.500000000000002 105.00000000000001 3.5000000000000004 8.5000000000000018 7.5000000000000009 1.0000000180025095e-35 3.5000000000000004 4.5000000000000009 9.5000000000000018 7.5000000000000009 10.500000000000002 13.500000000000002 2.5000000000000004 4.5000000000000009 1.5000000000000002 7.5000000000000009 5.5000000000000009 27.500000000000004 9.5000000000000018
decision_type=2 2 2 2 2 2 2 2 2 2 2 2 2 2 2 2 2 2 2 2 2 2 2 2 2 2 2 2 2 2 2 2 2 2 2 2 2
left_child=3 32 8 9 30 34 19 -8 -3 12 11 28 16 18 21 -16 17 -1 -14 -7 -13 -12 23 25 -25 -4 27 -24 -11 -18 31 -5 33 -2 -6 -28 -35
right_child=1 2 22 4 5 6 7 -9 -10 10 14 20 13 -15 15 -17 29 -19 -20 -21 -22 -23 26 24 -26 -27 35 -29 -30 -31 -32 -33 -34 36 -36 -37 -38
leaf_value=-0.035620717111554151 -0.1688951039811987 0.1368497246251858 0.073716520482504225 0 0.099729921896594534 -0.16563748544555554 0.065351418423810301 -0.041471329904307352 0 0 0.050095688231839249 0 -0.13991859170040596 0.13178132850693952 -0.11459887503198912 0 -0.17714402892834394 3.5180436472975526e-06 0 0 0.069730113531217233 -0.010162218537771023 0.027568820139326468 0 -0.19420203939720201 -0.047796586751965776 0.12799807426937027 -0.11295224138428378 -0.095507863714080293 0 0 0.13169878848080152 0 0.034662327683552423 0 0 -0.032368239518405249
leaf_weight=114.28340329788625 8.6576424483209902 22.305721774697307 29.371930416673422 5.2978869546204832 5.0239247027784568 21.512154414318506 9.4987892452627403 93.545947068370879 6.0577878039330235 9.0564355747774261 40.758882611989975 20.391442060470581 6.0123327206820267 18.980309536680579 16.958102833479643 25.777385663241148 6.3915803553536517 402.20489416550845 3.4287915416061878 3.0017888750880948 101.81293552368879 48.428496912121773 32.612058461178094 16.973680266179148 9.6302245985716564 14.281443440355359 11.809487685561182 4.3247402589768162 9.7585462890565378 3.0278904689475894 6.4002497699111691 9.6092688590288144 6.8521531429141751 4.0032440535724145 4.7446189075708389 5.1105914991348973 4.7268260046839714
leaf_count=889 96 91 170 46 22 253 55 816 52 51 223 132 66 92 142 206 55 2805 16 23 594 393 221 140 139 129 57 57 80 35 53 36 37 19 48 42 49
internal_value=0 0.0154403 0.029985 -0.00276983 -0.0288836 -0.0422883 -0.0527358 -0.026846 0.104736 0.0016584 0.0180809 0.0421746 -0.00555896 0.0577325 -0.0040359 -0.048702 -0.00991653 -0.00695267 -0.0405446 -0.141018 0.0569618 0.0120096 0.00888874 -0.0074204 -0.07505 0.0228992 0.0390676 0 -0.0280483 -0.118945 0.034644 0.073016 -0.0558067 -0.0857294 0.0440396 0.100336 0
internal_weight=0 176.718 152.478 985.906 158.635 137.327 127.559 103.045 28.3635 827.271 272.942 141.019 554.329 28.4214 131.923 42.7355 525.908 516.488 9.44112 24.5139 122.204 89.1874 124.114 70.2573 26.6039 43.6534 53.8569 36.9368 18.815 9.41947 21.3074 14.9072 24.2399 17.3877 9.76854 16.9201 8.73007
internal_count=8430 1299 1098 7131 1352 1217 1147 871 143 5779 1821 857 3958 174 964 348 3784 3694 82 276 726 616 955 578 279 299 377 278 131 90 135 82 201 164 70 99 68
is_linear=0
shrinkage=0.187109


Tree=17
num_leaves=52
num_cat=0
split_feature=39 39 38 38 7 43 39 2 26 7 3 11 18 46 3 39 50 47 15 15 50 18 47 43 46 15 1 49 3 47 7 7 15 3 43 19 48 12 42 27 6 1 12 48 1 19 43 4 15 49 18
split_gain=1.93594 2.17604 4.97963 4.68637 5.07748 4.71203 3.70384 3.27025 7.48577 3.47888 5.02176 3.51389 3.07758 2.7621 2.4658 6.642 4.43302 3.11914 8.23504 4.0183 2.07278 3.0167 2.8919 2.0954 1.88868 1.88794 5.24235 4.32869 3.02763 4.91087 7.91093 2.5686 2.26788 1.86429 1.42977 1.382 1.37584 2.80767 1.71083 1.06417 1.03838 0.915202 1.8136 0.903143 0.883032 0.675743 0.540856 0.503592 0.445676 0.18785 0.0262579
threshold=2.5000000000000004 6.5000000000000009 2.5000000000000004 95.000000000000014 7.5000000000000009 7.5000000000000009 7.5000000000000009 5.5000000000000009 2.5000000000000004 7.5000000000000009 36.500000000000007 1.5000000000000002 2.5000000000000004 85.000000000000014 1.0000000180025095e-35 12.500000000000002 5.5000000000000009 10.500000000000002 18.500000000000004 24.500000000000004 6.5000000000000009 1.0000000180025095e-35 7.5000000000000009 10.500000000000002 6.5000000000000009 23.500000000000004 10.500000000000002 10.500000000000002 31.500000000000004 9.5000000000000018 1.5000000000000002 31.500000000000004 15.500000000000002 6.5000000000000009 9.5000000000000018 1.0000000180025095e-35 1.5000000000000002 1.0000000180025095e-35 15.500000000000002 8.5000000000000018 1.5000000000000002 27.500000000000004 11.500000000000002 6.5000000000000009 1.0000000180025095e-35 11.500000000000002 11.500000000000002 3.5000000000000004 19.500000000000004 4.5000000000000009 5.5000000000000009
decision_type=2 2 2 2 2 2 2 2 2 2 2 2 2 2 2 2 2 2 2 2 2 2 2 2 2 2 2 2 2 2 2 2 2 2 2 2 2 2 2 2 2 2 2 2 2 2 2 2 2 2 2
left_child=20 2 24 4 33 -6 7 9 12 10 -3 -11 -9 40 15 16 -8 18 -16 -19 25 36 34 47 49 28 27 50 29 30 -1 32 -30 -4 -23 -17 -22 38 -38 -39 -5 42 -28 -25 -31 -15 -26 -24 -33 -2 -27
right_child=1 6 3 13 5 -7 14 8 -10 11 -12 -13 -14 45 17 35 -18 19 -20 -21 21 22 23 43 46 26 41 -29 31 44 -32 48 -34 -35 -36 -37 37 39 -40 -41 -42 -43 -44 -45 -46 -47 -48 -49 -50 -51 -52
leaf_value=0.061695424751930683 0 -0.063528516733156015 -0.049293755591964902 0.14019536310972991 -0.016732396433748242 -0.093686719023172424 0 -0.14963583926885329 0.106540641648099 0.098312290009028303 0.13584500914383221 0 0 -0.078052988762566555 -0.047303717514538247 0 0.11520636352038663 0.025525795951908691 0.012807057791984331 -0.044409786293181312 0.077331538825665611 0.11154526176012181 0 0.084072941305521856 0.10646728940560209 -0.2219382251910301 0 0 0.15448482590904877 0.11575416754546013 -0.08298390667876572 -0.014052656924566295 0 0.020111349818030165 0 -0.1488314047826903 -0.1394801807475933 0.04962299163345725 0 -0.020469187838623681 0 -0.044797056992618024 0.11751081075829362 0 0 0 0 -0.095032399222264141 0.051838004481421222 -0.033243277577893499 0
leaf_weight=15.78666255623102 3.4889253433793801 16.195702450349931 17.641875247471035 8.7466818653047103 75.602251599542797 72.537319815717638 12.278577037155626 11.777992529794579 9.0239752698689681 49.247986881062388 5.7715721931308499 9.5762922028079611 6.3546911152079693 3.7132807075977317 180.51381203811616 3.7070934101939184 27.748188395053148 136.88947677705437 125.00321318022907 32.973533807788044 5.8790398798882952 30.574627343565226 3.7554351910948771 10.150431281886993 13.428690801374616 7.5717843566089851 16.449810190126307 4.3270795289427033 12.209751509130003 10.103166708722709 40.715518885292113 11.552878836169841 6.3420655941590658 54.156580155715346 6.1592754144221535 5.2699385285377502 8.4882205436006171 14.878913065418603 6.9561744062229982 4.1148027703165999 6.911635970696806 5.0488919378258279 5.9840422533452502 3.9261046629399052 5.6678614523261777 3.3642301373183727 7.4204252846539012 5.3197121880948544 4.7694234140217295 5.7758917426690459 2.9678358193486929
leaf_count=82 27 117 153 27 684 657 70 111 48 236 18 71 68 35 1413 30 120 888 895 287 28 146 29 73 65 77 115 33 43 45 390 85 45 363 51 60 100 88 49 41 44 60 20 37 46 26 66 57 18 59 34
internal_value=0 -0.00402425 -0.018135 -0.028334 -0.0379314 -0.0577395 0.00130206 0.0334004 -0.00905089 0.0536299 0 0.0775332 -0.0934546 0.0429857 -0.00439285 0.0334745 0.0732003 -0.00932393 -0.0211343 0.00907481 0.0145798 0.0353852 0.062057 0 0.0477794 0 -0.0327421 -0.123419 0.0138236 -0.00188369 -0.0339643 0.0600169 0.107441 0 0.09492 -0.0888374 0 -0.0185908 -0.083402 0.00916718 0.0936967 0 0.0308787 0.0538746 0.0818403 -0.00209698 0.0802117 -0.0588111 0 0 -0.188487
internal_weight=0 905.12 272.788 242.674 219.938 148.14 632.332 107.948 27.1567 80.7916 21.9673 58.8243 18.1327 22.7358 524.384 49.0038 40.0268 475.38 305.517 169.863 249.7 100.203 59.8856 23.1517 30.1139 149.497 42.3494 14.8667 107.147 72.2732 56.5022 34.8741 18.5518 71.7985 36.7339 8.97703 40.3172 34.4381 15.4444 18.9937 15.6583 27.4827 22.4339 14.0765 15.771 7.07751 20.8491 9.07515 16.3223 9.26482 10.5396
internal_count=8430 6638 2206 1989 1857 1341 4432 669 227 442 135 307 179 132 3763 280 190 3483 2308 1175 1792 699 393 196 217 1093 339 144 754 563 472 191 88 516 197 90 306 278 149 129 71 195 135 110 91 61 131 86 103 86 111
is_linear=0
shrinkage=0.187109


end of trees

feature_importances:
self_popularity=45
ninki_1=43
result_1=43
ninki_3=39
f_classout=36
umaban=35
f_courseout=33
ninki_2=33
f_lenout=31
result_2=30
mf_courseout=28
mf_classout=25
result_3=25
f_course2=24
mf_classout.1=24
f_course3=22
waku=22
mf_course2=18
f_course1=17
mf_course3=16
f_len1=15
f_mf_courseout=13
mf_len2=12
mf_len3=10
f_len2=9
f_len3=9
mf_len1=8
mf_class2=8
f_class3=7
mf_class3=7
mf_course1=6
f_mf_classout=6
f_class1=6
f_class2=6
f_mf_len2=5
mf_class1=5
f_mf_course1=3
f_mf_classout.1=3
f_mf_course3=2
f_mf_course2=1
f_mf_class2=1

parameters:
[boosting: gbdt]
[objective: lambdarank]
[metric: ndcg]
[tree_learner: serial]
[device_type: cpu]
[data_sample_strategy: bagging]
[data: ]
[valid: ]
[num_iterations: 125]
[learning_rate: 0.187109]
[num_leaves: 62]
[num_threads: 16]
[seed: 0]
[deterministic: 0]
[force_col_wise: 1]
[force_row_wise: 0]
[histogram_pool_size: -1]
[max_depth: 6]
[min_data_in_leaf: 29]
[min_sum_hessian_in_leaf: 0.001]
[bagging_fraction: 1]
[pos_bagging_fraction: 1]
[neg_bagging_fraction: 1]
[bagging_freq: 0]
[bagging_seed: 7719]
[feature_fraction: 1]
[feature_fraction_bynode: 1]
[feature_fraction_seed: 2437]
[extra_trees: 0]
[extra_seed: 11797]
[early_stopping_round: 0]
[first_metric_only: 0]
[max_delta_step: 0]
[lambda_l1: 2.58401]
[lambda_l2: 0.175191]
[linear_lambda: 0]
[min_gain_to_split: 0]
[drop_rate: 0.1]
[max_drop: 50]
[skip_drop: 0.5]
[xgboost_dart_mode: 0]
[uniform_drop: 0]
[drop_seed: 21238]
[top_rate: 0.2]
[other_rate: 0.1]
[min_data_per_group: 100]
[max_cat_threshold: 32]
[cat_l2: 10]
[cat_smooth: 10]
[max_cat_to_onehot: 4]
[top_k: 20]
[monotone_constraints: ]
[monotone_constraints_method: basic]
[monotone_penalty: 0]
[feature_contri: ]
[forcedsplits_filename: ]
[refit_decay_rate: 0.9]
[cegb_tradeoff: 1]
[cegb_penalty_split: 0]
[cegb_penalty_feature_lazy: ]
[cegb_penalty_feature_coupled: ]
[path_smooth: 0]
[interaction_constraints: ]
[verbosity: -1]
[saved_feature_importance_type: 0]
[use_quantized_grad: 0]
[num_grad_quant_bins: 4]
[quant_train_renew_leaf: 0]
[stochastic_rounding: 1]
[linear_tree: 0]
[max_bin: 255]
[max_bin_by_feature: ]
[min_data_in_bin: 3]
[bin_construct_sample_cnt: 200000]
[data_random_seed: 38]
[is_enable_sparse: 1]
[enable_bundle: 1]
[use_missing: 1]
[zero_as_missing: 0]
[feature_pre_filter: 1]
[pre_partition: 0]
[two_round: 0]
[header: 0]
[label_column: ]
[weight_column: ]
[group_column: ]
[ignore_column: ]
[categorical_feature: ]
[forcedbins_filename: ]
[precise_float_parser: 0]
[parser_config_file: ]
[objective_seed: 8855]
[num_class: 1]
[is_unbalance: 0]
[scale_pos_weight: 1]
[sigmoid: 1]
[boost_from_average: 1]
[reg_sqrt: 0]
[alpha: 0.9]
[fair_c: 1]
[poisson_max_delta_step: 0.7]
[tweedie_variance_power: 1.5]
[lambdarank_truncation_level: 30]
[lambdarank_norm: 1]
[label_gain: ]
[lambdarank_position_bias_regularization: 0]
[eval_at: 1,3,5]
[multi_error_top_k: 1]
[auc_mu_weights: ]
[num_machines: 1]
[local_listen_port: 12400]
[time_out: 120]
[machine_list_filename: ]
[machines: ]
[gpu_platform_id: -1]
[gpu_device_id: -1]
[gpu_use_dp: 0]
[num_gpu: 1]

end of parameters

pandas_categorical:[]
