tree
version=v4
num_class=1
num_tree_per_iteration=1
label_index=0
max_feature_idx=49
objective=lambdarank
feature_names=f_course1 f_course2 f_course3 f_courseout mf_course1 mf_course2 mf_course3 mf_courseout f_mf_course1 f_mf_course2 f_mf_course3 f_mf_courseout f_len1 f_len2 f_len3 f_lenout mf_len1 mf_len2 mf_len3 mf_classout f_mf_len1 f_mf_len2 f_mf_len3 f_mf_classout f_class1 f_class2 f_class3 f_classout mf_class1 mf_class2 mf_class3 mf_classout.1 f_mf_class1 f_mf_class2 f_mf_class3 f_mf_classout.1 time_df_course1 time_df_class1 ninki_1 result_1 time_df_course2 time_df_class2 ninki_2 result_2 time_df_course3 time_df_class3 ninki_3 result_3 waku umaban
feature_infos=[0:128] [0:102] [0:100] [0:571] [0:65] [0:78] [0:71] [0:515] [0:14] [0:16] [0:13] [0:64] [0:13] [0:14] [0:13] [0:84] [0:5] [0:9] [0:6] [0:43] [0:2] [0:5] [0:2] [0:10] [0:5] [0:5] [0:5] [0:19] [0:3] [0:4] [0:5] [0:14] none none none [0:4] [-1:0] [-1:0] [-1:180] [-1:110] [-1:0] [-1:0] [-1:180] [-1:160] [-1:0] [-1:0] [-1:180] [-1:160] [1:8] [1:16]
tree_sizes=2399 2191 2323 2313 2719 1995 2720 2529 2611 1907 2414 1798 2635 1704 1882 2009 2709

Tree=0
num_leaves=22
num_cat=0
split_feature=39 6 38 47 49 25 4 49 6 47 49 0 7 13 39 47 39 6 7 6 43
split_gain=27.297 12.1647 11.9992 11.6614 9.1155 8.63945 8.01627 10.1845 6.67338 6.07886 5.15367 5.30468 5.26914 5.00121 3.51806 2.76429 2.29366 1.37995 2.18311 1.6918 0.479793
threshold=3.5000000000000004 8.5000000000000018 8.5000000000000018 1.5000000000000002 10.500000000000002 1.0000000180025095e-35 4.5000000000000009 2.5000000000000004 4.5000000000000009 7.5000000000000009 15.500000000000002 2.5000000000000004 23.500000000000004 1.0000000180025095e-35 12.500000000000002 7.5000000000000009 7.5000000000000009 1.0000000180025095e-35 18.500000000000004 10.500000000000002 9.5000000000000018
decision_type=2 2 2 2 2 2 2 2 2 2 2 2 2 2 2 2 2 2 2 2 2
left_child=2 4 3 -1 5 6 7 -2 -8 13 11 -6 -13 -3 -7 17 -15 -4 -19 -20 -5
right_child=1 9 15 20 10 14 8 -9 -10 -11 -12 12 -14 16 -16 -17 -18 18 19 -21 -22
leaf_value=0.11246918186031188 0.099004917535137307 0.019961343980941695 0.11509588460691161 -0.15544181224531239 -0.33684168535534764 0.051403283684403632 0.26264939250495911 -0.12228771816389053 -0.02882365961386749 -0.32121146236684062 0.072529652771596315 -0.24606606263767447 0.050588945867041039 -0.066616926848994534 0.26477069409321152 0.070228286841272733 -0.33395897203631197 0.31126412720088553 0.082195043367864221 0.24185466067579459 -0.31333108792962733
leaf_weight=8.5280276201665384 10.63526578247547 6.2884478792548197 5.1209103353321579 2.4127464927732936 5.8886380307376411 6.2486799247562868 5.8618255518376809 30.262139219790697 5.8503494597971439 8.2221905402839166 3.2371728979051104 4.2459082007408124 4.5739107467234135 2.2696901559829712 5.937174778431654 6.6170593090355387 3.2400161698460579 9.6923402324318904 5.0625119060277921 6.3260884135961533 2.8973785191774368
leaf_count=59 75 57 37 31 90 50 23 345 58 120 25 57 36 28 28 55 48 34 42 35 41
internal_value=0 -0.0564841 0.124107 -0.02827 -0.022964 0.0112891 -0.023183 -0.0643134 0.118311 -0.192928 -0.145865 -0.194876 -0.0935722 -0.0988007 0.158759 0.188407 -0.231773 0.21713 0.240139 0.17438 -0.251703
internal_weight=0 102.761 46.6571 13.8382 82.7411 64.7954 52.6096 40.8974 11.7122 20.0203 17.9456 14.7085 8.81982 11.7982 12.1859 32.8189 5.50971 26.2019 21.0809 11.3886 5.31013
internal_count=1374 1040 334 131 787 579 501 420 81 253 208 183 93 133 78 203 76 148 111 77 72
is_linear=0
shrinkage=0.196157


Tree=1
num_leaves=20
num_cat=0
split_feature=49 38 43 42 0 1 3 3 35 3 39 39 6 1 48 49 42 43 49
split_gain=21.8287 11.8848 23.1282 11.9765 11.2093 9.79783 8.7589 8.53706 8.021 7.76947 7.66538 13.1568 6.69664 4.40001 3.74917 2.62882 2.1062 1.91021 0.980508
threshold=1.5000000000000002 9.5000000000000018 3.5000000000000004 75.000000000000014 4.5000000000000009 2.5000000000000004 5.5000000000000009 27.500000000000004 1.0000000180025095e-35 9.5000000000000018 15.500000000000002 9.5000000000000018 5.5000000000000009 2.5000000000000004 4.5000000000000009 5.5000000000000009 12.500000000000002 11.500000000000002 10.500000000000002
decision_type=2 2 2 2 2 2 2 2 2 2 2 2 2 2 2 2 2 2 2
left_child=9 2 7 8 5 6 -5 -2 10 -1 11 -3 15 -14 -10 -4 -11 -6 -17
right_child=1 3 12 4 17 -7 -8 -9 14 16 -12 -13 13 -15 -16 18 -18 -19 -20
leaf_value=-0.041560861793482173 -0.011720689011746548 0.09876908615966043 -0.13557241514999097 0.041421634678046292 -0.32731078014153453 0.1931902876919398 -0.28597898756729073 0.20810429315881401 0.0057502994206395461 -0.33882780412623581 0.21483805743763432 -0.051876501888076722 -0.18485871816382346 0.043634769887201587 -0.23335403922729667 -0.32168168549773701 -0.17211320242397612 -0.13226589480686177 -0.16758596289504654
leaf_weight=9.9774124920368212 16.955750565975908 93.868029424920678 7.8174232393503216 7.6559729743748957 5.13744685705751 7.1646754564717403 5.0347920563071966 11.039587602019308 5.4410335421562177 7.9024789240211231 14.240305826067923 29.010599955916405 5.340713454410432 7.5590154659003019 4.3727356567978859 9.8590481057763082 6.3202858194708824 4.0527542736381292 3.1450369618833056
leaf_count=37 56 343 59 56 51 37 48 39 27 31 46 192 59 59 44 77 37 30 46
internal_value=0 0.0181243 -0.0557542 0.0441202 -0.0704667 0.0125048 -0.0902549 0.0755288 0.0669 -0.17667 0.0792245 0.0631021 -0.164809 -0.0516912 -0.102487 -0.233269 -0.26888 -0.24704 -0.288288
internal_weight=0 237.695 61.7166 175.978 29.0456 19.8554 12.6908 27.9953 146.933 24.2002 137.119 122.879 33.7212 12.8997 9.81377 20.8215 14.2228 9.1902 13.0041
internal_count=1374 1269 395 874 222 141 104 95 652 105 581 535 300 118 71 182 68 81 123
is_linear=0
shrinkage=0.196157


Tree=2
num_leaves=21
num_cat=0
split_feature=48 39 3 47 38 49 38 0 49 49 7 7 13 31 2 49 11 39 46 47
split_gain=11.5193 13.6485 11.4844 11.4816 7.79049 7.42096 6.99274 12.0238 6.62685 5.64769 5.30745 7.4602 3.16655 3.7799 2.51148 2.13441 1.84874 1.24696 0.281162 0.0106605
threshold=7.5000000000000009 5.5000000000000009 4.5000000000000009 8.5000000000000018 35.000000000000007 2.5000000000000004 11.500000000000002 2.5000000000000004 2.5000000000000004 1.5000000000000002 92.000000000000014 16.500000000000004 3.5000000000000004 1.0000000180025095e-35 1.0000000180025095e-35 7.5000000000000009 1.0000000180025095e-35 7.5000000000000009 8.5000000000000018 11.500000000000002
decision_type=2 2 2 2 2 2 2 2 2 2 2 2 2 2 2 2 2 2 2 2
left_child=1 3 16 5 19 -1 14 -8 9 -4 11 -10 13 -7 -2 -12 17 -3 -19 -5
right_child=6 2 8 4 -6 12 7 -9 10 -11 15 -13 -14 -15 -16 -17 -18 18 -20 -21
leaf_value=-0.063980149466399933 -0.099354971241931878 -0.12354704604214609 -0.06312505106348125 -0.16060201924423809 0.061160535439094423 0.12427166778573374 -0.23746840350834067 0.090701703614785287 -0.093955603964300985 0.15054565732837374 -0.26768898523209816 0.059926931905770052 0.20714168411066927 0.021154008027548226 -0.31138261084868774 -0.079083283725672027 -0.052097921240308466 -0.16694052013859562 -0.29178870606714274 -0.24932511159215867
leaf_weight=10.220383394509552 3.6712687518447655 4.8535381145775345 6.6303472071886072 2.6141977198421937 6.4685453679412603 48.585381381213665 6.9153769034892347 10.599008126184343 22.681039147078991 15.456713005900383 4.479993458837269 25.530406273901463 11.603265050798653 19.454566495493054 6.8936110809445381 5.4126913268119097 3.734621822834014 2.4606525320559722 6.090527618303895 5.2111828327178955
leaf_count=52 39 44 56 28 40 133 52 58 201 57 59 150 30 84 55 59 25 24 66 62
internal_value=0 0.0164401 -0.0362753 0.0657614 -0.0962257 0.0917888 -0.117231 -0.0396143 -0.00484274 0.0860068 -0.0397141 -0.0123716 0.112005 0.0950726 -0.241848 -0.169104 -0.181018 -0.214941 -0.261661 -0.225685
internal_weight=0 201.488 97.3305 104.158 14.2939 89.8636 28.0793 17.5144 80.1912 22.0871 58.1041 48.2114 79.6432 68.0399 10.5649 9.89268 17.1393 13.4047 8.55118 7.82538
internal_count=1374 1170 741 429 130 299 204 110 582 113 469 351 247 217 94 118 159 134 90 90
is_linear=0
shrinkage=0.196157


Tree=3
num_leaves=21
num_cat=0
split_feature=49 3 4 43 14 39 17 47 8 42 38 31 15 12 0 7 5 1 12 39
split_gain=5.81784 6.56625 5.4918 10.6108 10.1019 6.21054 7.05383 5.52508 5.94145 4.7039 5.39413 4.49375 4.26709 4.34167 4.18079 3.8871 1.96677 1.86154 1.41041 1.00358
threshold=12.500000000000002 38.500000000000007 1.0000000180025095e-35 15.500000000000002 1.0000000180025095e-35 2.5000000000000004 1.5000000000000002 15.500000000000002 1.0000000180025095e-35 25.000000000000004 45.000000000000007 1.0000000180025095e-35 2.5000000000000004 2.5000000000000004 3.5000000000000004 1.0000000180025095e-35 6.5000000000000009 1.0000000180025095e-35 1.5000000000000002 13.500000000000002
decision_type=2 2 2 2 2 2 2 2 2 2 2 2 2 2 2 2 2 2 2 2
left_child=2 11 4 5 9 6 16 8 -7 15 -11 -2 -6 14 -14 -1 -4 -17 -3 -5
right_child=1 18 3 19 12 7 -8 -9 -10 10 -12 -13 13 -15 -16 17 -18 -19 -20 -21
leaf_value=-0.046455325766807595 0.10325258173742075 -0.28821622773627181 0.10967903687158438 -0.29389734084304464 0.20787581425186721 -0.036447687598157093 -0.057731756466414839 0.17125466940592393 0.077002117224867619 0.10278184742927332 -0.16227348026221672 -0.19105264037213973 0.069383232074454543 0.14151993036804147 -0.18275979857269878 -0.29758218096531974 0.2154441228291937 -0.13300314522262735 -0.11055549541322955 -0.11916828460277962
leaf_weight=6.5380333755165401 6.2098660655319708 5.4198404178023321 23.04627825692296 3.1273974888026705 5.372177146375182 57.329745497554541 8.0750964656472188 7.5955487992614499 25.484479161910713 6.4354994781315309 5.1056842608377337 2.6879964806139469 4.3513409458100778 5.6557026952505103 5.4636073671281338 7.7285436242818815 10.60176634788513 5.1931909881532192 3.3276957245543599 3.2006892878562212
leaf_count=50 54 48 80 34 22 416 40 43 148 33 50 46 20 24 47 62 32 55 43 27
internal_value=0 -0.107079 0.0100334 0.0304556 -0.0442399 0.0425182 0.104954 0.0134321 -0.00132239 -0.115034 -0.014493 0.0110425 0.0607225 0.00698921 -0.070942 -0.173428 0.144377 -0.235248 -0.225735 -0.213439
internal_weight=0 17.6454 190.305 138.461 51.8438 132.133 41.7231 90.4098 82.8142 31.001 11.5412 8.89786 20.8428 15.4707 9.81495 19.4598 33.648 12.9217 8.74754 6.32809
internal_count=1374 191 1183 820 363 759 152 607 564 250 83 100 113 91 67 167 112 117 91 61
is_linear=0
shrinkage=0.196157


Tree=4
num_leaves=25
num_cat=0
split_feature=46 38 43 46 38 42 43 3 12 0 43 0 12 49 7 31 38 48 3 49 5 49 7 7
split_gain=6.74189 6.65086 6.15308 5.91021 4.51629 4.00698 3.93646 5.88466 5.14898 4.05146 3.42626 3.40053 3.34822 7.08126 3.33267 2.96819 3.60907 2.95277 6.06488 3.99317 2.25244 2.1744 1.63309 1.39298
threshold=135.00000000000003 15.500000000000002 4.5000000000000009 5.5000000000000009 9.5000000000000018 11.500000000000002 3.5000000000000004 4.5000000000000009 2.5000000000000004 1.5000000000000002 6.5000000000000009 4.5000000000000009 2.5000000000000004 6.5000000000000009 134.50000000000003 1.0000000180025095e-35 45.000000000000007 6.5000000000000009 16.500000000000004 4.5000000000000009 3.5000000000000004 5.5000000000000009 27.500000000000004 8.5000000000000018
decision_type=2 2 2 2 2 2 2 2 2 2 2 2 2 2 2 2 2 2 2 2 2 2 2 2
left_child=1 2 17 5 22 10 7 -3 14 15 -4 -6 20 -14 -9 16 -8 18 23 -20 -11 -2 -5 -1
right_child=21 6 3 4 11 -7 9 8 -10 12 -12 -13 13 -15 -16 -17 -18 -19 19 -21 -22 -23 -24 -25
leaf_value=-0.1605858392477488 -0.061789263088958345 0.1499779856427326 0.12514708482450143 -0.25484513562969469 0.007815826619842885 0.17809689640920498 0.13562808432095796 -0.19451819603955794 0.088574633600460112 0.086790044836749153 -0.11689542644031163 -0.13463869049032107 -0.16397675244636825 0.14376667294139808 0.025389954261535261 -0.11715493955177941 -0.059460010286211701 0.11774167799700666 0.14719393727650573 -0.026912066052463893 0.19949048827081781 -0.30710861667658801 -0.12387014279619932 -0.026290804287484808
leaf_weight=7.3404543623328191 2.7355574788525692 5.7779441364109543 3.1720908656716329 7.4833382433280375 14.743998040445151 4.9201457677409044 7.9584949556738156 9.8977202437818068 5.2105472516268483 14.472478127107026 6.4777232399210334 11.073849515058098 4.6314918491989356 6.8769176062196493 3.4420358352363101 5.6018385291099539 6.3576632495969534 10.500708444975315 10.655648339539768 9.2638911195099336 14.574602659791706 3.2242594733834267 9.3520484864711744 5.3571943957358599
leaf_count=43 22 29 25 110 120 27 39 84 24 81 72 86 35 38 22 59 64 57 44 38 64 43 119 29
internal_value=0 0.00671248 -0.0273856 -0.0694927 -0.106262 0.0375179 0.0471339 -0.0190907 -0.0733011 0.0738994 -0.0354613 -0.0535194 0.109333 0.0184398 -0.137583 0.000921834 0.0487529 0.0283519 -0.000707754 0.0663259 0.144653 -0.201793 -0.184993 -0.10595
internal_weight=0 185.143 100.341 57.2232 42.6532 14.57 84.8017 24.3282 18.5503 60.4735 9.64981 25.8178 40.5555 11.5084 13.3398 19.918 14.3162 43.1179 32.6172 19.9195 29.0471 5.95982 16.8354 12.6976
internal_count=1374 1309 770 559 435 124 539 159 130 380 97 206 218 73 106 162 103 211 154 82 145 65 229 72
is_linear=0
shrinkage=0.196157


Tree=5
num_leaves=18
num_cat=0
split_feature=49 46 39 43 8 1 3 39 0 42 11 43 49 17 4 49 48
split_gain=4.11087 4.40826 3.11931 3.85909 2.60651 4.10121 5.21742 3.50896 3.29068 3.41988 3.2665 2.46339 2.32658 2.25991 2.5622 3.21941 1.34426
threshold=10.500000000000002 115.00000000000001 4.5000000000000009 4.5000000000000009 2.5000000000000004 8.5000000000000018 52.500000000000007 2.5000000000000004 12.500000000000002 12.500000000000002 1.5000000000000002 7.5000000000000009 3.5000000000000004 1.0000000180025095e-35 2.5000000000000004 13.500000000000002 3.5000000000000004
decision_type=2 2 2 2 2 2 2 2 2 2 2 2 2 2 2 2 2
left_child=1 4 3 -2 5 6 7 -1 16 -10 -8 -4 -3 14 15 -13 -7
right_child=2 12 11 -5 -6 8 10 -9 9 -11 -12 13 -14 -15 -16 -17 -18
leaf_value=0.079226269291831311 0.11046119835318138 -0.0086456105505577033 -0.24030425303746189 -0.1006787568793851 -0.097629255132615334 0.21896729883977267 -0.20027176450928308 -0.007068526372552039 -0.038817436165981364 0.09559691182014754 -0.011969007250333117 -0.26504976514409717 -0.25564786178129845 -0.2080418392639149 0.074412165306696934 0.018895551075082621 0.088065635318297308
leaf_weight=27.739819625392556 6.7777640670537966 2.7162915691733351 4.4568767985329059 6.1498333057388663 6.5892022140324107 6.7419273462146503 6.8621591012924892 51.081405240111053 12.329231632873418 17.055008003488183 7.3858767282217741 2.6396103650331479 3.2430563811212778 3.3596746772527686 4.9921335689723492 3.1671666223555803 6.7304985392838717
leaf_count=132 34 19 73 54 52 23 44 457 84 88 39 50 54 57 39 34 41
internal_value=0 0.0136821 -0.0640738 0.00932606 0.0207348 0.026678 0.00340912 0.0233141 0.0767418 0.0390147 -0.104845 -0.115073 -0.148576 -0.0721455 -0.0259459 -0.113324 0.156541
internal_weight=0 148.474 31.5431 12.9276 142.515 135.926 93.0693 78.8212 42.8567 29.3842 14.248 18.6155 5.95935 14.1586 10.7989 5.80678 13.4724
internal_count=1374 1033 341 88 960 908 672 589 236 172 83 253 73 180 123 84 64
is_linear=0
shrinkage=0.196157


Tree=6
num_leaves=25
num_cat=0
split_feature=47 4 38 39 49 12 6 3 28 7 47 0 42 39 30 46 5 7 43 49 0 1 2 31
split_gain=4.0519 6.62087 4.67972 3.99296 4.11873 3.98156 3.39183 3.12656 3.5149 3.07524 4.25715 5.0651 3.08467 2.5101 2.34439 1.93408 1.80571 1.98936 2.21562 1.51967 1.28493 1.16314 0.552076 0.0342715
threshold=6.5000000000000009 6.5000000000000009 11.500000000000002 8.5000000000000018 2.5000000000000004 2.5000000000000004 2.5000000000000004 1.0000000180025095e-35 1.0000000180025095e-35 32.500000000000007 12.500000000000002 6.5000000000000009 17.500000000000004 7.5000000000000009 1.0000000180025095e-35 12.500000000000002 7.5000000000000009 95.000000000000014 7.5000000000000009 2.5000000000000004 1.5000000000000002 11.500000000000002 10.500000000000002 2.5000000000000004
decision_type=2 2 2 2 2 2 2 2 2 2 2 2 2 2 2 2 2 2 2 2 2 2 2 2
left_child=3 2 6 7 -5 20 19 -1 14 10 11 -4 -12 -8 15 -9 -3 -18 -19 -2 -6 -21 -22 -20
right_child=1 16 9 4 5 -7 13 8 -10 -11 12 -13 -14 -15 -16 -17 17 18 23 21 22 -23 -24 -25
leaf_value=0.13895435696377897 -0.0038212257847553876 -0.23228695493306475 -0.0031499320861474345 0.083789377340192386 -0.070058698172842104 0.042912757810040274 0.11584982304229291 -0.039151101222944754 0.17950747479361387 0.13626352520158883 0.16191332548683984 -0.2714664779753016 -0.018150883522623392 -0.10270842826840067 0.1279426696614655 0.038602145878119595 0.017608913125623096 -0.02309558739217275 -0.14674790091749476 -0.22547925375074165 -0.26865021572304232 -0.037971750960160144 -0.12538478694156863 -0.24444819292982037
leaf_weight=12.296374907717107 2.2802220508456257 5.1104827523231533 12.361324761062862 6.4491101838648346 3.978271931409834 4.9407366048544636 4.2939591743051997 23.759087352082133 5.3458775728940955 9.1908206101506931 8.1579285450279695 3.2881264537572852 6.2966979639604679 3.4486888293176889 6.0936956591904154 25.09598757699132 4.2194915907457462 4.0063683949410898 2.2367192590609193 6.6927612386643869 4.0553872212767601 1.826359514147043 2.597784424200654 3.6466705370694399
leaf_count=58 19 61 111 38 58 37 33 149 22 44 34 34 66 36 27 138 37 43 40 126 54 26 25 58
internal_value=0 -0.0333449 0 0.027171 -0.0454816 -0.0999864 -0.0807711 0.0494016 0.0305784 0.0382378 0.00729017 -0.0628873 0.0837024 0.0172232 0.0153099 0.000599235 -0.132427 -0.0928068 -0.140212 -0.15086 -0.166785 -0.188161 -0.219468 -0.215003
internal_weight=0 77.0566 57.8369 94.6123 22.0213 15.5722 18.542 72.591 60.2946 39.2949 30.1041 15.6495 14.4546 7.74265 54.9488 48.8551 19.2197 14.1092 9.88976 10.7993 10.6314 8.51912 6.65317 5.88339
internal_count=1374 768 529 606 212 174 240 394 336 289 245 145 100 69 314 287 239 178 141 171 137 152 79 98
is_linear=0
shrinkage=0.196157


Tree=7
num_leaves=23
num_cat=0
split_feature=39 47 7 12 3 3 38 38 4 5 49 23 1 47 16 6 46 19 2 15 39 46
split_gain=2.49964 5.23221 3.83884 3.43705 3.30736 2.92995 2.88769 2.87698 2.73701 3.93041 5.54564 2.66685 4.73503 2.92367 2.60759 4.85963 1.83045 0.843446 0.814867 0.933808 0.582929 0.654714
threshold=5.5000000000000009 8.5000000000000018 144.50000000000003 1.5000000000000002 1.0000000180025095e-35 5.5000000000000009 15.500000000000002 65.000000000000014 15.500000000000002 1.0000000180025095e-35 8.5000000000000018 1.0000000180025095e-35 3.5000000000000004 9.5000000000000018 1.5000000000000002 1.5000000000000002 9.5000000000000018 1.5000000000000002 14.500000000000002 4.5000000000000009 1.5000000000000002 16.500000000000004
decision_type=2 2 2 2 2 2 2 2 2 2 2 2 2 2 2 2 2 2 2 2 2 2
left_child=1 4 5 20 -1 6 17 -8 9 16 -11 14 -13 -14 15 -7 -6 -2 19 -4 -3 -22
right_child=2 3 18 -5 8 11 7 -9 -10 10 -12 12 13 -15 -16 -17 -18 -19 -20 -21 21 -23
leaf_value=0.13519667465135185 -0.25508216965154851 -0.23481680035284094 -0.18454563564476251 0.056420140947648696 -0.021491749648280444 0.065831942877020488 0.077338144359714367 -0.15553624984720935 0.11900677487071072 0.0074903614108462347 -0.19967949147793745 -0.27241247371415872 -0.10424092841640757 0.10906441345268995 0.14835488788979045 -0.065542174394388766 0.11234391256366759 -0.096838880265785396 -0.25266132680842146 -0.0040014719246840146 -0.17656527080146867 -0.041053675041693848
leaf_weight=13.000532455742357 3.3262491747736922 2.7663682419806701 2.221971606835722 4.1101979268714777 5.3540098555386093 25.928167220205069 5.1650030706077796 3.0789891425520182 9.5951911285519582 19.49609944224358 6.4275070177391163 3.1448517590761176 4.9071663878858072 4.5811209166422486 5.9092138539999715 18.269899404607713 13.080032078549264 3.0751076117157936 2.4603903768584132 2.2298879809677601 2.9702378092333674 3.0848257262259722
leaf_count=50 55 34 39 32 38 223 40 53 45 97 55 49 59 37 28 176 61 50 42 26 56 29
internal_value=0 0.0248303 -0.0235336 -0.0882431 0.0470078 -0.010699 -0.0890991 -0.0102339 0.0251579 0.00419835 -0.0446963 0.00768929 -0.0719398 -0.000190386 0.0281575 0.0112707 0.0731786 -0.185816 -0.16149 -0.100227 -0.156399 -0.11259
internal_weight=0 79.885 84.298 12.9316 66.9534 77.3858 14.6453 8.24399 53.9528 44.3576 25.9236 62.7404 12.6331 9.48829 50.1073 44.1981 18.434 6.40136 6.91225 4.45186 8.82143 6.05506
internal_count=1374 497 877 151 346 770 198 93 296 251 152 572 145 96 427 399 99 105 107 65 119 85
is_linear=0
shrinkage=0.196157


Tree=8
num_leaves=24
num_cat=0
split_feature=17 42 19 11 19 47 43 48 0 0 4 43 48 43 48 42 15 0 39 12 7 31 47
split_gain=2.00029 4.01118 3.75666 2.38311 2.05647 2.5296 4.90686 3.30489 2.60372 2.07281 1.9756 2.66972 2.64492 3.40305 2.58418 1.91911 2.39155 3.76958 2.85967 1.90441 1.07823 0.847871 0.526575
threshold=1.0000000180025095e-35 65.000000000000014 9.5000000000000018 5.5000000000000009 3.5000000000000004 10.500000000000002 16.500000000000004 5.5000000000000009 27.000000000000004 1.0000000180025095e-35 4.5000000000000009 9.5000000000000018 6.5000000000000009 2.5000000000000004 3.5000000000000004 85.000000000000014 4.5000000000000009 19.500000000000004 8.5000000000000018 1.0000000180025095e-35 13.500000000000002 2.5000000000000004 5.5000000000000009
decision_type=2 2 2 2 2 2 2 2 2 2 2 2 2 2 2 2 2 2 2 2 2 2 2
left_child=2 10 4 -3 5 7 8 20 -7 -9 19 12 13 -12 -13 16 18 -18 -6 -2 -1 -4 -16
right_child=1 3 21 -5 15 6 -8 9 -10 -11 11 14 -14 -15 22 -17 17 -19 -20 -21 -22 -23 -24
leaf_value=0.03359897333499854 -0.20539566128188436 -0.25237075682135901 -0.2456600326248137 0 -0.0093282335825710955 -0.16395959156774467 0.12252884993137038 0.03800129556927398 0.068772863176086649 -0.085601858048056728 -0.11008671122274094 0.026803900897613215 0.14475842596511301 0.066944440784146658 -0.082135082178023511 0.17211926681326381 -0.18538903934428538 0.077333505404640832 0.17761526398543756 -0.0061536377371187445 0.10207136677762425 -0.064537975486031518 -0.24142905902555728
leaf_weight=26.859371827915311 3.3382342960685483 4.4356596553698173 2.0630311556160441 2.1877955049276352 5.4874523729085976 10.166528768837454 3.9525348655879489 8.3138090679422039 2.0693997703492633 13.106987113133071 6.3374069854617181 4.1754602100700122 6.8943795608356586 11.342008795589207 1.8565492480993269 5.4465554747730485 3.5991256907582265 4.4595288783311844 6.8567664492875338 4.0837724562734365 13.761804800480602 2.4500868078321218 2.5717277815565467
leaf_count=197 42 70 33 26 43 154 28 68 16 132 50 44 46 76 16 33 38 34 37 33 68 34 56
internal_value=0 -0.0336173 0.0146548 -0.172799 0.0224504 0.00640836 -0.0620071 0.0245512 -0.123385 -0.0373054 -0.00993264 0.0104542 0.0436062 0.00244307 -0.0820138 0.0702187 0.0411308 -0.0406008 0.0949998 -0.100076 0.0574154 -0.156349 -0.183208
internal_weight=0 47.223 108.593 6.62346 104.08 78.2304 16.1885 62.042 12.2359 21.4208 40.5995 33.1775 24.5738 17.6794 8.60374 25.8494 20.4029 8.05865 12.3442 7.42201 40.6212 4.51312 4.42828
internal_count=1374 459 915 96 848 663 198 465 170 200 363 288 172 126 116 185 152 72 80 75 265 67 72
is_linear=0
shrinkage=0.196157


Tree=9
num_leaves=17
num_cat=0
split_feature=27 26 7 6 13 25 7 46 17 46 39 1 0 12 42 5
split_gain=2.29885 1.88002 1.87099 1.94574 2.23991 2.14246 3.29378 1.76031 1.7181 1.576 1.4642 1.32776 2.38174 1.11886 0.954376 0.725754
threshold=8.5000000000000018 1.0000000180025095e-35 133.50000000000003 1.0000000180025095e-35 1.5000000000000002 1.0000000180025095e-35 6.5000000000000009 14.500000000000002 4.0000000000000009 45.000000000000007 11.500000000000002 21.500000000000004 11.500000000000002 1.0000000180025095e-35 45.000000000000007 18.500000000000004
decision_type=2 2 2 2 2 2 2 2 2 2 2 2 2 2 2 2
left_child=1 2 3 5 10 6 -1 -6 14 -2 -5 12 13 -3 15 -4
right_child=9 11 8 4 7 -7 -8 -9 -10 -11 -12 -13 -14 -15 -16 -17
leaf_value=-0.014444156884003414 -0.14010891051432947 0.093497344760388498 -0.14781434004538438 0.056462237603710455 0.0041082541340425015 0.10251338658480728 -0.1653008930409087 -0.1681616541111908 0.010787202633132644 0.0062031910414096225 -0.024713081749624079 -0.04007424421734869 0.1729430705629672 -0.031568208736299168 -0.23884932057204056 0.00031290113203212544
leaf_weight=29.049299662932754 7.0299586802721006 4.7161749955266767 2.4104449618607742 45.749478409532458 5.7817132649943215 4.0774985756725064 6.7521020746789864 3.4530851431190968 4.9683672320097685 4.4391959011554718 10.207663732580839 3.8888005511835209 6.7633503451943389 5.9358271490782499 2.2914882153272629 2.2424579709768295
leaf_count=280 57 31 40 375 49 26 88 40 50 33 116 38 36 57 34 24
internal_value=0 0.00704661 -0.00267472 0.00565187 0.0265708 -0.0282804 -0.0439286 -0.0616083 -0.075712 -0.083591 0.0414568 0.0603636 0.0835108 0.023693 -0.137394 -0.0775701
internal_weight=0 138.288 116.984 105.071 65.1919 39.8789 35.8014 9.2348 11.9128 11.4692 55.9571 21.3042 17.4154 10.652 6.94439 4.6529
internal_count=1374 1284 1122 974 580 394 368 89 148 90 491 162 124 88 98 64
is_linear=0
shrinkage=0.196157


Tree=10
num_leaves=22
num_cat=0
split_feature=39 23 2 38 39 27 39 7 39 43 6 12 49 48 49 38 14 38 17 3 31
split_gain=2.2691 3.62796 2.69596 2.32603 2.35412 2.11769 2.08828 2.88205 2.77123 2.68171 2.12268 2.84789 2.28652 1.97466 2.30564 1.7045 1.72494 1.57035 1.28961 1.25577 1.23715
threshold=3.5000000000000004 1.0000000180025095e-35 27.500000000000004 55.000000000000007 1.5000000000000002 1.5000000000000002 10.500000000000002 5.5000000000000009 9.5000000000000018 6.5000000000000009 1.5000000000000002 1.0000000180025095e-35 4.5000000000000009 5.5000000000000009 5.5000000000000009 10.500000000000002 1.0000000180025095e-35 65.000000000000014 1.0000000180025095e-35 15.500000000000002 1.0000000180025095e-35
decision_type=2 2 2 2 2 2 2 2 2 2 2 2 2 2 2 2 2 2 2 2 2
left_child=3 2 6 4 15 17 7 9 -9 -2 12 -12 -8 14 -7 16 19 18 -3 -1 -6
right_child=1 5 -4 -5 20 13 10 8 -10 -11 11 -13 -14 -15 -16 -17 -18 -19 -20 -21 -22
leaf_value=0 -0.0095461503574063751 -0.28423973841220068 -0.16386347544292651 0.12752687840325128 0.10924665677155836 -0.078000177844994648 0.17761186513916574 0.036413586579101188 -0.14567653769550445 -0.19752456037619234 0.044967656074458615 -0.17029213372678775 0.0299678855218172 -0.15457930232109812 0.1325148509748264 -0.10738392120618673 -0.086035416894964842 -0.013165352034192966 -0.097217190350908561 0.11705168150462253 0.0010183069208044391
leaf_weight=10.539430381730204 6.3288379935547692 3.7648636153899151 3.3931973185390225 8.1308669606223685 11.115816845558586 3.9481680328026396 7.2103774743154707 26.733910911716524 3.4376241136342278 5.4298658762127161 8.5481766881421191 3.0264954268932334 9.4773166617378575 3.2843735171481967 3.6327258497476578 6.5010467991232863 5.531929248943924 2.2306460877880454 2.9888846152462065 5.1161339702084652 6.611544754356145
leaf_count=65 69 44 43 45 56 44 35 264 51 94 88 40 102 57 25 46 44 31 53 28 50
internal_value=0 -0.0184398 0.00159159 0.0321237 0.0143472 -0.0924056 0.0101738 -0.0174284 0.0145231 -0.0990096 0.0512728 -0.0125395 0.0956831 -0.0320518 0.0225506 -0.0211239 0.0056983 -0.162059 -0.208092 0.0393786 0.0698615
internal_weight=0 93.4355 73.5858 53.5468 45.4159 19.8497 70.1926 41.9302 30.1715 11.7587 28.2624 11.5747 16.6877 10.8653 7.58089 27.6885 21.1875 8.98439 6.75375 15.6556 17.7274
internal_count=1374 1040 786 334 289 254 743 478 315 163 265 128 137 126 69 183 137 128 97 93 106
is_linear=0
shrinkage=0.196157


Tree=11
num_leaves=16
num_cat=0
split_feature=30 49 3 38 42 46 4 0 23 47 47 4 48 48 42
split_gain=2.5909 1.95301 1.63367 1.57931 2.19381 2.32058 2.28497 2.14519 2.12751 1.81655 3.47743 1.6945 1.46652 1.38067 0.452253
threshold=1.5000000000000002 1.5000000000000002 7.5000000000000009 15.500000000000002 35.000000000000007 19.000000000000004 2.5000000000000004 1.5000000000000002 1.5000000000000002 6.5000000000000009 12.500000000000002 1.0000000180025095e-35 6.5000000000000009 6.5000000000000009 15.500000000000002
decision_type=2 2 2 2 2 2 2 2 2 2 2 2 2 2 2
left_child=1 2 -1 8 6 -6 7 -5 9 11 -11 -3 -7 -8 -4
right_child=-2 3 14 4 5 12 13 -9 -10 10 -12 -13 -14 -15 -16
leaf_value=0.011414138928897633 -0.17187342353612697 -0.038600237348222044 -0.19622970143551727 -0.10273768914583963 -0.16500604184232581 0.041816740178922722 0.068249462801006744 0.066462724133344378 -0.16712015684056974 -0.10570036621850036 0.032568290087779103 0.052926797181390657 -0.05857602354957122 0.18737300168835694 -0.076703233803655915
leaf_weight=4.6642822530120593 3.0908858552575103 10.685075365006922 2.9378812275826931 4.156032711267474 2.8289346601814058 21.108270761091266 9.5120016131550091 8.2570414301007968 2.9360197614878407 14.443615817930551 13.119887557346372 26.584716351702809 7.3456322066485873 6.8968867007642976 3.2976831775158644
leaf_count=31 32 89 37 40 34 208 63 58 48 238 156 172 97 35 36
internal_value=0 0.00407678 -0.0747367 0.0109747 0.0341006 -0.00164418 0.072946 0.00834403 -0.00944375 -0.00165819 -0.0398064 0.026377 0.0153492 0.120563 -0.138891
internal_weight=0 138.774 10.8998 127.874 60.1048 31.2828 28.822 12.4131 67.7693 64.8333 27.5635 37.2698 28.4539 16.4089 6.23556
internal_count=1374 1342 104 1238 535 339 196 98 703 655 394 261 305 98 73
is_linear=0
shrinkage=0.196157


Tree=12
num_leaves=24
num_cat=0
split_feature=17 5 43 47 3 27 15 47 48 47 7 39 39 10 16 42 31 16 18 39 43 39 15
split_gain=1.13438 2.20721 1.64608 1.44345 2.49598 1.37924 2.40766 1.54693 3.40623 1.73891 1.45693 1.17495 1.3122 1.35179 1.46228 1.15445 1.86426 1.66336 1.88271 0.890654 0.519229 0.246301 0.108706
threshold=1.0000000180025095e-35 6.5000000000000009 12.500000000000002 2.5000000000000004 8.5000000000000018 1.5000000000000002 13.500000000000002 2.5000000000000004 3.5000000000000004 9.5000000000000018 26.500000000000004 17.500000000000004 14.500000000000002 1.0000000180025095e-35 1.0000000180025095e-35 12.500000000000002 2.5000000000000004 2.5000000000000004 3.5000000000000004 2.5000000000000004 14.500000000000002 5.5000000000000009 6.5000000000000009
decision_type=2 2 2 2 2 2 2 2 2 2 2 2 2 2 2 2 2 2 2 2 2 2 2
left_child=5 3 15 -2 -5 11 10 -8 -9 -10 22 12 13 14 -1 16 19 18 -17 -3 -4 -6 -7
right_child=1 2 20 4 21 6 7 8 9 -11 -12 -13 -14 -15 -16 17 -18 -19 -20 -21 -22 -23 -24
leaf_value=0.0025215571442362217 -0.24355148151519604 0.17065941634141271 -0.18922515307093354 0.062384982329603593 -0.075878027938083653 -0.21885726417768206 0.086124342398079104 0.085641921279067612 -0.25649225809699161 -0.033191580966318086 -0.010316921168942112 0.13180419637240348 -0.078902554528206617 0.11368513623603142 0.085958237439131169 -0.13149147729543589 -0.040301475230273581 0.089461099883557577 0.047994633748610772 0.040052785303607799 -0.027194700388003635 -0.19394546040340879 -0.1198665836782041
leaf_weight=46.780147117096931 2.1450218362733704 4.4084995184093767 1.8832134548574679 3.3410228257998824 1.8248065207153557 2.4478303184732813 6.8834191840142038 4.8153227008879167 2.3520420594140887 3.2047512950375676 3.5668359696865082 3.6279897280037394 4.6103826044127336 6.0760656436905256 9.6328685511834902 6.0626145377755147 4.7010059030726543 3.3161754738539448 3.2795963776297867 4.2443451154977083 1.5549592319875953 2.7718168208375573 2.6082027219235897
leaf_count=465 25 22 38 33 25 34 41 37 36 36 35 20 55 45 82 79 53 20 32 45 35 52 29
internal_value=0 -0.0279056 -0.000271081 -0.106124 -0.0626621 0.0114546 -0.0269793 0.01502 -0.0320693 -0.135061 -0.110443 0.0256822 0.0194246 0.0270585 0.0171893 0.0165959 0.0566348 -0.0251692 -0.0678579 0.110034 -0.1241 -0.154216 -0.176194
internal_weight=0 39.5331 29.4504 10.0827 7.93765 96.6059 25.8784 17.2555 10.3721 5.55679 8.62287 70.7275 67.0995 62.4891 56.413 26.0122 13.3539 12.6584 9.34221 8.65284 3.43817 4.59662 5.05603
internal_count=1374 459 324 135 110 915 248 150 109 72 98 667 647 592 547 251 120 131 111 67 73 77 63
is_linear=0
shrinkage=0.196157


Tree=13
num_leaves=15
num_cat=0
split_feature=26 26 31 3 7 15 4 11 5 43 2 27 13 49
split_gain=1.25254 2.96972 1.46873 1.10722 3.28261 1.5843 1.57439 1.4493 1.07726 1.01344 0.857155 0.812973 1.1992 0.272433
threshold=1.0000000180025095e-35 1.5000000000000002 6.5000000000000009 60.500000000000007 1.5000000000000002 7.5000000000000009 1.0000000180025095e-35 2.5000000000000004 1.5000000000000002 11.500000000000002 2.5000000000000004 1.5000000000000002 2.5000000000000004 5.5000000000000009
decision_type=2 2 2 2 2 2 2 2 2 2 2 2 2 2
left_child=2 9 3 5 -5 7 -6 10 -8 11 -1 -2 -13 -3
right_child=1 13 -4 4 6 -7 8 -9 -10 -11 -12 12 -14 -15
leaf_value=-0.00042769209246373092 0.1625153109982615 -0.12449308864982858 -0.14387805920301033 0.14385663035218552 -0.17798158836234426 0.097267302897595553 0.0263216237391561 0.090931568342558125 -0.073563705098471821 -0.010256341829511063 -0.060229107100992066 -0.013359256577087206 0.11829762113910082 -0.033135958754668737
leaf_weight=54.994850282557309 5.1311005335301223 2.7741793897002927 2.8340695328079155 3.0263085626065758 3.9048223863355842 6.5150910895317784 5.8447902519255903 5.6742671695537856 12.655498123727737 3.9593269452452651 10.953055176418273 4.3563057519495469 6.0795073006302118 3.1402835147455335
leaf_count=579 28 31 34 21 52 58 40 55 171 44 133 41 50 37
internal_value=0 0.0389203 -0.00936292 -0.00531694 -0.04074 0.00617337 -0.0671559 -0.00224171 -0.0415806 0.0759233 -0.0106531 0.0982644 0.0632923 -0.0802098
internal_weight=0 25.4407 106.403 103.569 25.4314 78.1373 22.4051 71.6222 18.5003 19.5262 65.9479 15.5669 10.4358 5.91446
internal_count=1374 231 1143 1109 284 825 263 767 211 163 712 119 91 68
is_linear=0
shrinkage=0.196157


Tree=14
num_leaves=17
num_cat=0
split_feature=38 39 27 3 38 46 39 47 0 7 48 49 5 2 15 38
split_gain=1.96522 1.97343 1.76212 1.80496 1.56519 1.57406 2.69635 2.22625 1.4084 1.22957 1.77944 1.1492 1.98009 1.12186 0.908664 0.815835
threshold=105.00000000000001 15.500000000000002 2.5000000000000004 14.500000000000002 65.000000000000014 7.5000000000000009 5.5000000000000009 8.5000000000000018 30.500000000000004 4.5000000000000009 5.5000000000000009 7.5000000000000009 1.0000000180025095e-35 3.5000000000000004 6.5000000000000009 3.5000000000000004
decision_type=2 2 2 2 2 2 2 2 2 2 2 2 2 2 2 2
left_child=1 4 3 -2 5 9 7 -7 -8 15 -11 12 -6 -3 -13 -1
right_child=2 13 -4 -5 11 6 8 -9 -10 10 -12 14 -14 -15 -16 -17
leaf_value=0.029799385707559769 -0.17237897925128629 0.0027227112057360728 -0.21931957673366217 0.037923107177269717 0.17335709847785297 0.027743404128296085 -0.059350510331562779 -0.10223779819447838 -0.21187567643989494 0.038768531362356085 -0.075497295325430661 -0.10075274592258479 0 0.13562174474762742 0.063095744800923906 0.14462804041328692
leaf_weight=6.0043458584696037 2.1009577829390746 4.0615324378013593 2.5365403508767486 4.6353841572999954 5.4048949740827066 30.559473290108144 24.298821092117581 5.8560129608958951 2.5010473560541859 14.707019196823241 7.8784361467696717 2.4369042487815014 4.6855400633066893 6.5584869352169335 2.3217489398084581 4.2250470430590212
leaf_count=38 42 41 29 57 27 197 359 110 50 128 89 39 52 47 23 46
internal_value=0 0.00670018 -0.0860306 -0.0295265 -0.0010221 -0.0103009 -0.0284306 0.00613701 -0.075425 0.02431 -0.00101497 0.0577043 0.0947447 0.0866492 -0.0196853 0.0800103
internal_weight=0 121.499 9.27288 6.73634 110.879 96.0302 63.2154 36.4155 26.7999 32.8148 22.5855 14.8491 10.0904 10.62 4.75865 10.2294
internal_count=1374 1246 128 99 1158 1017 716 307 409 301 217 141 79 88 62 84
is_linear=0
shrinkage=0.196157


Tree=15
num_leaves=18
num_cat=0
split_feature=35 47 38 43 25 18 49 49 19 49 46 38 39 7 31 39 42
split_gain=1.24241 1.26967 1.52487 1.23578 1.26094 1.2933 1.14521 2.0018 2.189 2.13396 1.67548 1.03807 0.916049 0.812232 0.536004 0.34701 0.234868
threshold=1.0000000180025095e-35 17.500000000000004 12.500000000000002 16.500000000000004 1.0000000180025095e-35 1.0000000180025095e-35 9.5000000000000018 7.5000000000000009 2.5000000000000004 6.5000000000000009 12.500000000000002 55.000000000000007 12.500000000000002 26.500000000000004 2.5000000000000004 2.5000000000000004 15.500000000000002
decision_type=2 2 2 2 2 2 2 2 2 2 2 2 2 2 2 2 2
left_child=1 2 6 4 5 -4 7 9 -9 -1 13 -6 14 -8 16 -12 -2
right_child=12 -3 3 -5 11 -7 10 8 -10 -11 15 -13 -14 -15 -16 -17 -18
leaf_value=-0.0050723963226187727 -0.079367228157396677 -0.11155710911487787 -0.014990378370471229 0.14031741185371213 0.020044691153673393 0.050621696028517696 -0.082179212836091059 0.15464184404829098 -0.043755485954429296 -0.16888511684960397 -0.084625757237307128 0.15492477113489003 0.036476545979101653 0.041684396005816311 -0.021866057496921699 -0.22914281716203472 -0.20018027262425858
leaf_weight=29.686656012199819 1.9179502960760126 3.2644970184192053 30.276375857647508 3.4989232141524544 4.6324758902192098 18.32096363697201 3.5222434252500516 5.5738475006073696 3.1854212894104421 3.2263146238401523 1.7816124232485893 4.4372383300215006 1.9797285217791794 4.2161815790459514 2.1016050735488534 2.0542270541191101 2.0947094191797078
leaf_count=288 35 30 325 25 38 187 56 46 44 45 25 28 35 53 37 43 34
internal_value=0 0.00516465 0.00876822 0.0299017 0.022571 0.00966865 -0.0153608 0 0.0821337 -0.0223526 -0.0693638 0.088981 -0.0733552 -0.0142221 -0.11038 -0.171982 -0.151266
internal_weight=0 117.677 114.412 61.166 57.6671 48.5973 53.2465 41.6722 8.75927 32.913 11.5743 9.06971 8.09399 7.73843 6.11426 3.83584 4.01266
internal_count=1374 1233 1203 603 578 512 600 423 90 333 177 66 141 109 106 68 69
is_linear=0
shrinkage=0.196157


Tree=16
num_leaves=25
num_cat=0
split_feature=38 42 48 6 4 4 19 39 7 7 15 3 46 0 0 4 31 27 49 15 48 15 47 5
split_gain=0.79358 1.3485 1.41864 1.68563 1.39543 1.34621 2.05463 1.58963 1.29369 1.49567 1.8928 1.31711 1.1678 1.08927 1.81341 1.25748 1.06558 1.28328 0.93035 0.825634 0.69616 0.541213 0.507204 0.407206
threshold=15.500000000000002 35.000000000000007 6.5000000000000009 1.0000000180025095e-35 14.500000000000002 1.5000000000000002 6.5000000000000009 7.5000000000000009 1.0000000180025095e-35 2.5000000000000004 2.5000000000000004 14.500000000000002 95.000000000000014 1.0000000180025095e-35 2.5000000000000004 3.5000000000000004 1.0000000180025095e-35 1.5000000000000002 4.5000000000000009 8.5000000000000018 6.5000000000000009 1.5000000000000002 1.5000000000000002 5.5000000000000009
decision_type=2 2 2 2 2 2 2 2 2 2 2 2 2 2 2 2 2 2 2 2 2 2 2 2
left_child=8 4 5 -4 16 7 -7 -3 22 21 13 -12 -8 15 -15 -11 17 20 -9 -13 -2 -10 -1 -5
right_child=1 2 3 23 -6 6 12 18 9 10 11 19 -14 14 -16 -17 -18 -19 -20 -21 -22 -23 -24 -25
leaf_value=0.095157952050973396 0.045889175499478532 0.10682246054670512 0.023192510034910501 -0.22118478772398548 0.14528200981316272 -0.13674294301212622 -0.028950494871760837 0.052638283845207759 -0.19763812973194722 0.030741281796267637 -0.19280012000401242 -0.0009059012010141428 0.12887625146009324 0.13790212277385111 -0.02157386540860361 -0.095586670786817471 -0.047473828000824905 -0.045425205166299276 -0.11891796038186521 -0.070658362395015606 0.14556770891885062 -0.047822357090704433 0 -0.071906308870561902
leaf_weight=4.8761987667530757 8.7605419121682733 8.1197501989081555 2.8829114185646167 2.33347276924178 4.6035275086760512 4.5122513864189369 4.723975632339716 2.1072699539363375 2.2849081866443148 8.3497545355930942 2.1204590974375632 13.09294847189449 2.6048581013455987 6.191310126334427 4.5669428752735257 4.4591319579631081 5.2723637251183382 3.7968338523060075 2.3019036548212171 13.384313657879828 4.2437101099640122 2.0641904314979911 3.7294527441263199 1.6714310320094226
leaf_count=24 68 54 36 45 32 57 62 20 46 80 37 157 26 51 53 65 59 34 45 191 28 28 50 26
internal_value=0 0.0166697 -0.0107335 -0.0881037 0.0489516 0.0113199 -0.035333 0.055981 -0.0148362 -0.0257664 -0.0160886 -0.0499551 0.0279304 0.0247027 0.0702432 -0.013357 0.0272994 0.0515867 -0.0362728 -0.036778 0.0808627 -0.133889 0.0548412 -0.167589
internal_weight=0 57.9348 31.2578 6.88782 26.677 24.37 11.8411 12.5289 65.1196 56.514 52.1649 28.5977 7.32883 23.5671 10.7583 12.8089 22.0734 16.8011 4.40917 26.4773 13.0043 4.3491 8.60565 4.0049
internal_count=1374 592 371 107 221 264 145 119 782 708 634 385 88 249 104 145 189 130 65 348 96 74 74 71
is_linear=0
shrinkage=0.196157


end of trees

feature_importances:
result_1=30
umaban=29
mf_courseout=21
ninki_1=21
result_3=20
result_2=18
f_course1=17
f_courseout=17
ninki_2=14
waku=14
ninki_3=13
mf_course1=12
mf_course3=10
f_lenout=10
mf_classout.1=10
mf_course2=9
f_len1=9
f_course2=7
f_course3=6
mf_len2=6
f_classout=6
mf_classout=5
f_mf_courseout=4
f_len2=4
mf_len1=3
f_mf_classout=3
f_class2=3
f_class3=3
f_mf_course1=2
f_len3=2
mf_len3=2
mf_class3=2
f_mf_classout.1=2
f_mf_course3=1
mf_class1=1

parameters:
[boosting: gbdt]
[objective: lambdarank]
[metric: ndcg]
[tree_learner: serial]
[device_type: cpu]
[data_sample_strategy: bagging]
[data: ]
[valid: ]
[num_iterations: 144]
[learning_rate: 0.196157]
[num_leaves: 64]
[num_threads: 16]
[seed: 0]
[deterministic: 0]
[force_col_wise: 1]
[force_row_wise: 0]
[histogram_pool_size: -1]
[max_depth: 6]
[min_data_in_leaf: 30]
[min_sum_hessian_in_leaf: 0.001]
[bagging_fraction: 1]
[pos_bagging_fraction: 1]
[neg_bagging_fraction: 1]
[bagging_freq: 0]
[bagging_seed: 7719]
[feature_fraction: 1]
[feature_fraction_bynode: 1]
[feature_fraction_seed: 2437]
[extra_trees: 0]
[extra_seed: 11797]
[early_stopping_round: 0]
[first_metric_only: 0]
[max_delta_step: 0]
[lambda_l1: 0.0461503]
[lambda_l2: 0.205665]
[linear_lambda: 0]
[min_gain_to_split: 0]
[drop_rate: 0.1]
[max_drop: 50]
[skip_drop: 0.5]
[xgboost_dart_mode: 0]
[uniform_drop: 0]
[drop_seed: 21238]
[top_rate: 0.2]
[other_rate: 0.1]
[min_data_per_group: 100]
[max_cat_threshold: 32]
[cat_l2: 10]
[cat_smooth: 10]
[max_cat_to_onehot: 4]
[top_k: 20]
[monotone_constraints: ]
[monotone_constraints_method: basic]
[monotone_penalty: 0]
[feature_contri: ]
[forcedsplits_filename: ]
[refit_decay_rate: 0.9]
[cegb_tradeoff: 1]
[cegb_penalty_split: 0]
[cegb_penalty_feature_lazy: ]
[cegb_penalty_feature_coupled: ]
[path_smooth: 0]
[interaction_constraints: ]
[verbosity: -1]
[saved_feature_importance_type: 0]
[use_quantized_grad: 0]
[num_grad_quant_bins: 4]
[quant_train_renew_leaf: 0]
[stochastic_rounding: 1]
[linear_tree: 0]
[max_bin: 255]
[max_bin_by_feature: ]
[min_data_in_bin: 3]
[bin_construct_sample_cnt: 200000]
[data_random_seed: 38]
[is_enable_sparse: 1]
[enable_bundle: 1]
[use_missing: 1]
[zero_as_missing: 0]
[feature_pre_filter: 1]
[pre_partition: 0]
[two_round: 0]
[header: 0]
[label_column: ]
[weight_column: ]
[group_column: ]
[ignore_column: ]
[categorical_feature: ]
[forcedbins_filename: ]
[precise_float_parser: 0]
[parser_config_file: ]
[objective_seed: 8855]
[num_class: 1]
[is_unbalance: 0]
[scale_pos_weight: 1]
[sigmoid: 1]
[boost_from_average: 1]
[reg_sqrt: 0]
[alpha: 0.9]
[fair_c: 1]
[poisson_max_delta_step: 0.7]
[tweedie_variance_power: 1.5]
[lambdarank_truncation_level: 30]
[lambdarank_norm: 1]
[label_gain: ]
[lambdarank_position_bias_regularization: 0]
[eval_at: 1,3,5]
[multi_error_top_k: 1]
[auc_mu_weights: ]
[num_machines: 1]
[local_listen_port: 12400]
[time_out: 120]
[machine_list_filename: ]
[machines: ]
[gpu_platform_id: -1]
[gpu_device_id: -1]
[gpu_use_dp: 0]
[num_gpu: 1]

end of parameters

pandas_categorical:[]
