tree
version=v4
num_class=1
num_tree_per_iteration=1
label_index=0
max_feature_idx=49
objective=lambdarank
feature_names=f_course1 f_course2 f_course3 f_courseout mf_course1 mf_course2 mf_course3 mf_courseout f_mf_course1 f_mf_course2 f_mf_course3 f_mf_courseout f_len1 f_len2 f_len3 f_lenout mf_len1 mf_len2 mf_len3 mf_classout f_mf_len1 f_mf_len2 f_mf_len3 f_mf_classout f_class1 f_class2 f_class3 f_classout mf_class1 mf_class2 mf_class3 mf_classout.1 f_mf_class1 f_mf_class2 f_mf_class3 f_mf_classout.1 time_df_course1 time_df_class1 ninki_1 result_1 time_df_course2 time_df_class2 ninki_2 result_2 time_df_course3 time_df_class3 ninki_3 result_3 waku umaban
feature_infos=[0:138] [0:112] [0:114] [0:640] [0:65] [0:78] [0:71] [0:515] [0:14] [0:16] [0:8] [0:64] [0:8] [0:12] [0:9] [0:50] [0:4] [0:7] [0:6] [0:31] [0:2] [0:3] [0:2] [0:7] [0:4] [0:4] [0:4] [0:24] [0:2] [0:4] [0:3] [0:12] [0:1] [0:2] [0:1] [0:3] none none [-1:170] [-1:110] [-1:0] [-1:0] [-1:180] [-1:160] [-1:0] [-1:0] [-1:180] [-1:150] [1:8] [1:18]
tree_sizes=2129 2118 2132 2140 2122 2129 2132 2131

Tree=0
num_leaves=19
num_cat=0
split_feature=7 6 39 38 1 11 11 33 1 24 48 43 19 3 3 15 48 43
split_gain=5.95814 4.97969 4.64035 3.93385 3.46375 3.18427 5.13737 3.01008 3.26766 6.31234 3.54784 3.09375 2.94215 2.82354 2.80368 2.75993 3.39551 2.95065
threshold=15.500000000000002 2.5000000000000004 1.5000000000000002 7.5000000000000009 1.0000000180025095e-35 7.5000000000000009 2.5000000000000004 1.0000000180025095e-35 14.000000000000002 1.0000000180025095e-35 6.5000000000000009 7.5000000000000009 1.5000000000000002 2.5000000000000004 28.500000000000004 1.0000000180025095e-35 2.5000000000000004 12.500000000000002
decision_type=2 2 2 2 2 2 2 2 2 2 2 2 2 2 2 2 2 2
left_child=1 3 5 -1 14 6 -2 8 10 -10 12 -11 -5 -12 -4 16 -6 -17
right_child=2 -3 4 7 15 -7 -8 -9 9 11 13 -13 -14 -15 -16 17 -18 -19
leaf_value=-0.0081428708770937552 0.014706987416016509 0.031548810003014884 -0.035137906257056879 0.012734017262409345 -0.031826466668732324 0.034838509095714267 -0.037916030604498656 0.04274121840339147 -0.029253303337484975 0.024908843802456889 0.028321799344994056 -0.015718572302101431 0.046006401067859956 -0.018740378690300274 0.01753032726482448 -0.012291203988211208 0.012580444769060336 0.0070195309032784177
leaf_weight=13.859043722506611 4.9948510369285923 4.8019342720508567 4.8220996828749767 19.472262082621462 1.2693992406129826 2.7344715762883425 1.6005272897891698 1.562414314597844 4.4395586280152184 3.9454672383144498 1.0150830969214428 1.7963111801072953 1.9695628006011237 3.906623488292098 0.72807268798351277 33.605665186187252 8.4181989887729269 6.4238296020776025
leaf_count=184 54 40 90 205 23 21 28 8 74 45 11 30 9 68 7 505 98 79
internal_value=0 0.00621317 -0.0054615 0.0037964 -0.00836704 0.0115805 0.00141917 0.00816528 0.00654182 -0.00603467 0.011426 0.0120396 0.0160462 -0.00849329 -0.0279102 -0.0061143 0.00639725 -0.00916646
internal_weight=0 56.7683 64.5971 51.9663 55.2673 9.32985 6.59538 38.1073 36.5449 10.1813 26.3635 5.74178 21.4418 4.92171 5.55017 49.7171 9.6876 40.0295
internal_count=1579 674 905 634 802 103 82 450 442 149 293 75 214 79 97 705 121 584
is_linear=0
shrinkage=0.0263157


Tree=1
num_leaves=19
num_cat=0
split_feature=7 39 0 2 15 15 39 49 25 38 11 8 43 11 3 1 7 3
split_gain=9.10925 17.0819 16.6845 14.4303 10.957 17.8971 13.6646 18.3316 13.4336 12.6986 11.4481 13.3864 10.6829 9.31626 9.17115 9.12377 12.572 8.95176
threshold=9.5000000000000018 1.5000000000000002 1.5000000000000002 43.500000000000007 6.5000000000000009 1.5000000000000002 9.5000000000000018 5.5000000000000009 1.5000000000000002 7.5000000000000009 1.5000000000000002 1.0000000180025095e-35 11.500000000000002 7.5000000000000009 342.00000000000006 1.5000000000000002 28.500000000000004 8.5000000000000018
decision_type=2 2 2 2 2 2 2 2 2 2 2 2 2 2 2 2 2 2
left_child=4 2 -2 13 5 10 -7 -8 9 -6 11 12 -1 15 17 -4 -17 -3
right_child=1 14 3 -5 8 6 7 -9 -10 -11 -12 -13 -14 -15 -16 16 -18 -19
leaf_value=0.012015299941728607 -0.020128509335465533 -0.023418950695084928 0.041644481068624027 -0.025823354519290232 -0.014580430011005131 -0.025210443639195022 0.029086278850694449 -0.030161357877019068 -0.036091542464994866 0.022598493149540825 0.037659859847676405 -0.034270919213025219 -0.016086352301494466 0.041581837887596042 -0.026302036624976183 0.026915741209547529 -0.018506650489107265 -0.0032344816948998156
leaf_weight=56.419131319969893 9.7680957987904531 16.693440787494183 5.7352865114808109 4.4890294373035422 7.2951332405209532 26.569418992847204 9.2080097049474698 5.7915572375059119 3.3496356382966033 45.395218852907419 7.6732788383960715 5.6901839450001708 11.109791360795496 12.819371730089186 15.294778693467377 8.0277262032032031 8.6389069156721217 163.02695159148425
leaf_count=167 22 88 10 14 32 115 21 31 20 104 12 19 42 14 87 15 38 728
internal_value=0 -0.0032991 0.0104896 0.0180722 0.00451801 9.94829e-05 -0.0139071 0.00611578 0.0141432 0.0174194 0.00731391 0.00407172 0.00736393 0.023749 -0.00680462 0.0133583 0.00337127 -0.00512634
internal_weight=0 244.494 49.4784 39.7103 178.501 122.461 41.569 14.9996 56.04 52.6904 80.8924 73.2191 67.5289 35.2213 195.015 22.4019 16.6666 179.72
internal_count=1579 1016 113 91 563 407 167 52 156 136 240 228 209 77 903 63 53 816
is_linear=0
shrinkage=0.0263157


Tree=2
num_leaves=19
num_cat=0
split_feature=39 7 0 0 3 42 39 17 15 1 43 49 11 14 19 3 38 33
split_gain=11.0387 14.659 13.9107 13.8718 13.3856 11.5439 11.3761 8.65484 8.80415 17.3189 8.68732 11.8755 9.69867 8.27892 7.90493 9.41544 7.73486 7.62248
threshold=1.5000000000000002 13.500000000000002 55.500000000000007 1.5000000000000002 1.0000000180025095e-35 5.5000000000000009 5.5000000000000009 5.5000000000000009 1.0000000180025095e-35 1.0000000180025095e-35 12.500000000000002 9.5000000000000018 17.500000000000004 2.5000000000000004 1.5000000000000002 47.500000000000007 55.000000000000007 1.0000000180025095e-35
decision_type=2 2 2 2 2 2 2 2 2 2 2 2 2 2 2 2 2 2
left_child=2 5 3 4 -1 6 -2 8 9 -3 12 16 13 -10 17 -16 -12 -7
right_child=1 7 -4 -5 -6 14 -8 -9 10 -11 11 -13 -14 -15 15 -17 -18 -19
leaf_value=0.027404798480360346 -0.022693262995410232 -0.036405574704078597 -0.028789595278493629 0.022679240663741614 -0.031253266764160646 -0.0023560218571670138 0.025546120683086811 -0.03995547397771259 -0.011893291384238702 0.010715048203664692 -0.02459172409949904 0.028721231602284736 0.010291721634435532 -0.03226040599102243 0.039726627390261372 -0.013078971467400478 0.01010044917561774 0.032086573410713685
leaf_weight=4.0986911132931692 3.81394970789552 6.1662936508655539 5.4125939831137648 38.862483678385615 7.3559796176850796 123.18737879954278 24.805508572608232 5.2441697753965846 74.492903877049685 38.399020567536354 9.4467215575277859 8.8162543848156911 11.022415451705454 17.019005252048373 7.0487515032291395 3.3819131106138229 8.2065079882740957 4.5004674345254889
leaf_count=11 22 62 21 110 33 451 65 32 369 118 47 26 44 112 12 18 20 6
internal_value=0 -0.00175384 0.0108559 0.015188 -0.01015 0.00385557 0.0190322 -0.00698683 -0.00596159 0.00410528 -0.00944436 0.00396572 -0.0129125 -0.0157232 0.000693404 0.022594 -0.00847026 -0.00110974
internal_weight=0 345.551 55.7297 50.3172 11.4547 166.738 28.6195 178.813 173.569 44.5653 129.004 26.4695 102.534 91.5119 138.119 10.4307 17.6532 127.688
internal_count=1579 1404 175 154 44 574 87 830 798 180 618 93 525 481 487 30 67 457
is_linear=0
shrinkage=0.0263157


Tree=3
num_leaves=19
num_cat=0
split_feature=8 10 39 48 1 46 42 43 18 7 5 47 7 10 3 3 1 47
split_gain=8.8731 10.9951 8.35027 5.78032 14.8268 11.896 8.99356 9.75894 8.08205 6.70926 16.8761 12.5049 10.5664 10.2754 9.92805 9.54494 9.15224 8.88695
threshold=2.5000000000000004 4.5000000000000009 4.5000000000000009 6.5000000000000009 34.500000000000007 4.5000000000000009 125.00000000000001 13.500000000000002 1.0000000180025095e-35 50.500000000000007 14.500000000000002 5.5000000000000009 47.500000000000007 1.0000000180025095e-35 1.0000000180025095e-35 144.50000000000003 1.5000000000000002 8.5000000000000018
decision_type=2 2 2 2 2 2 2 2 2 2 2 2 2 2 2 2 2 2
left_child=3 -2 -3 9 5 -5 7 8 -7 12 11 -11 13 14 -1 16 -13 -16
right_child=1 2 -4 4 -6 6 -8 -9 -10 10 -12 15 -14 -15 17 -17 -18 -19
leaf_value=0.021924226226964678 -0.037153474739475743 0.026572470811019377 -0.026477561870815642 -0.029771151157095773 0.020670614705835387 -0.014072760717143371 -0.043095010665367556 0.018572810432633105 0.0067072408051388512 -0.039092585942303484 0.0082112388283361124 0.007978953405988299 0.038929055750803632 0.017874034189307234 0.003803578352973971 0.012907956806813283 -0.043554702878008188 -0.010445615075070429
leaf_weight=14.814765181392429 9.5388720259070414 4.7549997642636281 3.4366490859538317 14.910131782293318 13.932039998471735 35.955678094178438 3.751408450305461 13.029836498200892 20.101657316088676 12.044960036873819 35.786322679370642 3.8499292284250277 6.2071269638836375 31.992483900859952 96.990432482212782 9.979009931907056 5.9650176465511322 43.944331277161837
leaf_count=40 69 14 23 77 42 198 22 35 73 70 145 24 18 95 351 41 39 203
internal_value=0 -0.0181167 0.00418748 0.000889725 -0.00442911 -0.00844272 -0.00402875 -0.00183102 -0.00661233 0.00296057 -0.00416701 -0.0180778 0.00544979 0.00431666 0.00151697 -0.00510875 -0.023423 -0.000640142
internal_weight=0 17.7305 8.19165 363.255 101.681 87.7487 72.8386 69.0872 56.0573 261.574 67.6252 31.8389 193.949 187.742 155.75 19.794 9.81495 140.935
internal_count=1579 106 37 1473 447 405 328 306 271 1026 319 174 707 689 594 104 63 554
is_linear=0
shrinkage=0.0263157


Tree=4
num_leaves=19
num_cat=0
split_feature=39 7 6 11 11 43 27 4 43 2 13 42 42 15 27 39 47 1
split_gain=8.00154 10.6992 11.5887 8.72659 13.764 8.31249 7.36538 6.89771 11.2716 6.80105 21.5127 8.41219 7.06894 8.78835 10.793 7.86516 8.70091 6.95676
threshold=1.5000000000000002 15.500000000000002 2.5000000000000004 7.5000000000000009 2.5000000000000004 7.5000000000000009 2.5000000000000004 1.0000000180025095e-35 5.5000000000000009 18.500000000000004 2.5000000000000004 7.5000000000000009 5.5000000000000009 6.5000000000000009 1.5000000000000002 11.500000000000002 1.5000000000000002 55.000000000000007
decision_type=2 2 2 2 2 2 2 2 2 2 2 2 2 2 2 2 2 2
left_child=3 2 9 4 5 6 7 8 -1 12 -11 -12 15 14 -14 16 -2 -13
right_child=1 -3 -4 -5 -6 -7 -8 -9 -10 10 11 17 13 -15 -16 -17 -18 -19
leaf_value=-0.040615715393402564 0.031256004035971494 -0.0065751916520424506 0.025610183267923466 0.03144928564272851 -0.039528247587662997 -0.024635705899025966 -0.013081025705797427 0.025317327687237746 0.03563562018696969 -0.043227481077469203 -0.027106466174288409 0.026219801374296029 -0.00048916566455577473 0.017979999114354842 -0.042864891921630115 0.040720219118032377 -0.0099893220830441724 -0.0052640729147742735
leaf_weight=3.0038641393184689 5.7765079662203815 153.39912818744779 14.317915368825195 10.010779470205305 4.343222025781869 4.3165142461657515 5.8124995976686469 23.197127848863602 2.2413211464881897 9.3163632079958898 4.8016921021044281 10.204164311289789 73.806533128023148 16.897542539983988 4.298596527427434 6.7917113006114951 8.7569683939218503 9.0786110982298833
leaf_count=19 16 802 35 21 31 26 19 55 4 60 21 25 288 43 28 9 40 37
internal_value=0 -0.0015803 0.00308817 0.0094615 0.00424851 0.00929571 0.0136565 0.0191718 -0.00785807 0.000912603 -0.00952912 0.00362515 0.00392217 0.000834445 -0.00288835 0.0175724 0.00648066 0.0114231
internal_weight=0 317.446 164.047 52.9253 42.9145 38.5713 34.2548 28.4423 5.24519 149.729 33.4008 24.0845 116.328 95.0027 78.1051 21.3252 14.5335 19.2828
internal_count=1579 1404 602 175 154 123 97 78 23 567 143 83 424 359 316 65 56 62
is_linear=0
shrinkage=0.0263157


Tree=5
num_leaves=19
num_cat=0
split_feature=7 6 39 0 39 15 2 42 49 1 24 46 42 46 4 43 39 15
split_gain=6.02293 10.4546 9.25897 9.14476 6.49791 8.61774 8.54686 6.62513 7.48945 6.61591 13.2886 5.52843 5.78938 10.3861 9.87249 6.64847 6.1111 8.25351
threshold=15.500000000000002 2.5000000000000004 1.0000000180025095e-35 15.500000000000002 7.5000000000000009 6.5000000000000009 1.5000000000000002 4.5000000000000009 6.5000000000000009 14.000000000000002 1.5000000000000002 145.00000000000003 85.000000000000014 105.00000000000001 2.5000000000000004 14.500000000000002 7.5000000000000009 1.5000000000000002
decision_type=2 2 2 2 2 2 2 2 2 2 2 2 2 2 2 2 2 2
left_child=1 4 -2 -3 5 6 7 -1 -9 -7 -11 12 14 16 -4 -16 17 -14
right_child=2 3 11 -5 -6 9 -8 8 -10 10 -12 -13 13 -15 15 -17 -18 -19
leaf_value=-0.041237337757203507 0.022522753573859987 -0.010167751581756318 -0.025800033775811283 0.033954095332194741 0.0067293443586296979 0.029645076117300922 -0.021551310694447209 0.011872139252490758 -0.016663405182118399 -0.017816250035956629 0.026709716117255301 -0.041563519461336011 0.040413880240378695 -0.030406839904204428 -0.0055840060908381823 0.01619948604805466 -0.0019906712386009271 -0.0031584080281725096
leaf_weight=2.4548406079411533 8.9678413681685907 4.2596575915813473 15.766671504825352 12.839522927999495 79.026980426162481 7.2861130870878723 23.904270457103848 19.990390382707123 9.2021259292960149 11.286315493285658 7.7140582352876654 2.6667175628244868 8.7122737094759994 4.1936409957706919 117.00693796388805 10.45743604749441 9.4299361594021303 4.5086830966174594
leaf_count=15 29 17 93 23 281 17 140 55 54 55 17 18 14 36 606 32 49 28
internal_value=0 0.0034399 -0.00336904 0.0229342 0.00134924 -0.00384106 -0.0097142 -0.00070922 0.00282708 0.00853681 0.000282287 -0.00473065 -0.00412204 0.00706137 -0.00622611 -0.00377928 0.0141424 0.0256114
internal_weight=0 177.964 181.71 17.0992 160.865 81.8381 55.5516 31.6474 29.1925 26.2865 19.0004 172.742 170.076 26.8445 143.231 127.464 22.6509 13.221
internal_count=1579 674 905 40 634 353 264 124 109 89 72 876 858 127 731 638 91 42
is_linear=0
shrinkage=0.0263157


Tree=6
num_leaves=19
num_cat=0
split_feature=0 42 38 14 39 47 6 11 11 46 38 38 48 9 39 1 7 48
split_gain=8.07967 5.80678 11.2267 8.94505 8.4827 8.55748 8.68659 7.826 12.3161 7.32302 13.3904 7.96183 7.78265 7.56117 6.92505 8.24848 7.14681 6.70304
threshold=116.50000000000001 5.5000000000000009 55.000000000000007 3.5000000000000004 1.5000000000000002 5.5000000000000009 1.0000000180025095e-35 7.5000000000000009 1.0000000180025095e-35 105.00000000000001 55.000000000000007 65.000000000000014 1.5000000000000002 1.0000000180025095e-35 8.5000000000000018 33.500000000000007 11.500000000000002 6.5000000000000009
decision_type=2 2 2 2 2 2 2 2 2 2 2 2 2 2 2 2 2 2
left_child=1 2 3 14 7 6 -6 8 -3 10 13 -12 -11 -7 15 17 -16 -1
right_child=-2 4 -4 -5 5 9 -8 -9 -10 12 11 -13 -14 -15 16 -17 -18 -19
leaf_value=0.0065289366979504292 -0.046911506400080794 0.0143909346499046 -0.030930717672290553 -0.031864704862990027 0.002049853744265061 0.0010578096735194378 -0.015709172125141824 0.033315401175163468 -0.022857166319117161 0.020267073197559105 0.037701519457595319 0.009110212167205237 -0.025203282279154096 -0.015951420367322621 0.033920362730695278 0.034490190116125446 0.0017910245530545004 -0.025312316499782935
leaf_weight=18.268680762499578 2.4095220789313307 22.229488484561447 4.668669879436492 3.0570216923952094 28.616262700408697 86.052520494908094 56.618611089885235 7.9648640155792227 8.3619770836085063 3.144865088164809 8.4570929259061796 32.741663843393326 13.035242695361374 22.784072786569595 16.178158141672615 5.3099662140011779 6.8682433851063243 5.97968591377139
leaf_count=87 16 69 27 19 121 384 313 17 50 8 20 125 90 115 31 12 31 44
internal_value=0 0.000337909 0.00775916 0.0110718 -0.00120638 -0.00297164 -0.00974526 0.0102655 0.00414294 0.000502662 0.00232413 0.015082 -0.0162489 -0.00251062 0.013642 0.00515148 0.0244269 -0.00138142
internal_weight=0 350.337 60.3304 55.6618 290.007 251.45 85.2349 38.5563 30.5915 166.215 150.035 41.1988 16.1801 108.837 52.6047 29.5583 23.0464 24.2484
internal_count=1579 1563 251 224 1312 1176 434 136 119 742 644 145 98 499 205 143 62 131
is_linear=0
shrinkage=0.0263157


Tree=7
num_leaves=19
num_cat=0
split_feature=38 47 21 38 38 46 42 42 7 43 39 2 11 24 23 0 11 19
split_gain=6.08084 9.61767 8.94072 8.64224 8.1501 10.7609 7.93753 6.82667 8.76644 6.80712 7.9073 6.46076 6.0853 5.99522 7.43001 7.05045 7.96715 5.06387
threshold=65.000000000000014 6.5000000000000009 1.0000000180025095e-35 55.000000000000007 85.000000000000014 95.000000000000014 9.5000000000000018 5.5000000000000009 134.50000000000003 9.5000000000000018 4.5000000000000009 3.5000000000000004 2.5000000000000004 1.5000000000000002 1.5000000000000002 55.500000000000007 7.5000000000000009 1.0000000180025095e-35
decision_type=2 2 2 2 2 2 2 2 2 2 2 2 2 2 2 2 2 2
left_child=3 2 -2 7 -3 6 -6 8 9 10 11 -1 -12 14 15 16 -9 -5
right_child=1 4 -4 17 5 -7 -8 13 -10 -11 12 -13 -14 -15 -16 -17 -18 -19
leaf_value=-0.038517358985374263 -0.023070790624074803 -0.02839944351483278 0.033028407626780082 -0.0032227459437240134 -0.022228939392894536 -0.015933794877552546 0.022334213203326347 -0.0024802919650321153 -0.024936750000980657 -0.021821440159500504 0.027239959146359963 0.0067312720182879969 -0.0018953145599504609 0.014795056117362249 -0.025375575896433921 -0.025241152606560773 0.015716121458237493 0.029808086259138295
leaf_weight=2.5565073154866687 25.898470580577854 5.3615364953875533 2.0204877480864516 4.3964576311409465 3.1040381044149425 10.340793810784815 19.936292909085751 155.38580406457186 4.767774920910596 3.7088185623288146 26.602563701570034 11.872839998453854 6.0344716794788829 14.186431527137755 9.53194462507963 8.2683514431118947 18.546264868229628 11.339066058397291
leaf_count=21 150 35 6 20 14 67 65 728 32 18 68 55 34 50 55 56 71 34
internal_value=0 -0.00712911 -0.0188714 0.00171668 0.00134835 0.00622478 0.0162248 0.000570297 0.00874944 0.0119732 0.0146952 -0.00148614 0.0218473 -0.00163669 -0.00286366 -0.00166749 -0.000527566 0.0205859
internal_weight=0 66.6616 27.919 277.197 38.7427 33.3811 23.0403 261.462 55.543 50.7752 47.0664 14.4293 32.637 205.919 191.732 182.2 173.932 15.7355
internal_count=1579 337 156 1242 181 146 79 1188 228 196 178 76 102 960 910 855 799 54
is_linear=0
shrinkage=0.0263157


end of trees

feature_importances:
result_1=14
f_mf_courseout=11
mf_courseout=10
f_course2=9
ninki_1=9
ninki_2=9
result_2=9
f_courseout=8
f_lenout=7
f_course1=6
ninki_3=5
result_3=5
waku=5
f_course3=4
mf_course3=4
mf_classout=3
f_class1=3
umaban=3
mf_course1=2
f_mf_course1=2
f_mf_course3=2
f_len3=2
f_classout=2
f_mf_class2=2
mf_course2=1
f_mf_course2=1
f_len2=1
mf_len2=1
mf_len3=1
f_mf_len2=1
f_mf_classout=1
f_class2=1

parameters:
[boosting: gbdt]
[objective: lambdarank]
[metric: ndcg]
[tree_learner: serial]
[device_type: cpu]
[data_sample_strategy: bagging]
[data: ]
[valid: ]
[num_iterations: 242]
[learning_rate: 0.0263157]
[num_leaves: 19]
[num_threads: 16]
[seed: 0]
[deterministic: 0]
[force_col_wise: 1]
[force_row_wise: 0]
[histogram_pool_size: -1]
[max_depth: 7]
[min_data_in_leaf: 10]
[min_sum_hessian_in_leaf: 0.001]
[bagging_fraction: 1]
[pos_bagging_fraction: 1]
[neg_bagging_fraction: 1]
[bagging_freq: 0]
[bagging_seed: 7719]
[feature_fraction: 1]
[feature_fraction_bynode: 1]
[feature_fraction_seed: 2437]
[extra_trees: 0]
[extra_seed: 11797]
[early_stopping_round: 0]
[first_metric_only: 0]
[max_delta_step: 0]
[lambda_l1: 0.0222572]
[lambda_l2: 0.114825]
[linear_lambda: 0]
[min_gain_to_split: 0]
[drop_rate: 0.1]
[max_drop: 50]
[skip_drop: 0.5]
[xgboost_dart_mode: 0]
[uniform_drop: 0]
[drop_seed: 21238]
[top_rate: 0.2]
[other_rate: 0.1]
[min_data_per_group: 100]
[max_cat_threshold: 32]
[cat_l2: 10]
[cat_smooth: 10]
[max_cat_to_onehot: 4]
[top_k: 20]
[monotone_constraints: ]
[monotone_constraints_method: basic]
[monotone_penalty: 0]
[feature_contri: ]
[forcedsplits_filename: ]
[refit_decay_rate: 0.9]
[cegb_tradeoff: 1]
[cegb_penalty_split: 0]
[cegb_penalty_feature_lazy: ]
[cegb_penalty_feature_coupled: ]
[path_smooth: 0]
[interaction_constraints: ]
[verbosity: -1]
[saved_feature_importance_type: 0]
[use_quantized_grad: 0]
[num_grad_quant_bins: 4]
[quant_train_renew_leaf: 0]
[stochastic_rounding: 1]
[linear_tree: 0]
[max_bin: 255]
[max_bin_by_feature: ]
[min_data_in_bin: 3]
[bin_construct_sample_cnt: 200000]
[data_random_seed: 38]
[is_enable_sparse: 1]
[enable_bundle: 1]
[use_missing: 1]
[zero_as_missing: 0]
[feature_pre_filter: 1]
[pre_partition: 0]
[two_round: 0]
[header: 0]
[label_column: ]
[weight_column: ]
[group_column: ]
[ignore_column: ]
[categorical_feature: ]
[forcedbins_filename: ]
[precise_float_parser: 0]
[parser_config_file: ]
[objective_seed: 8855]
[num_class: 1]
[is_unbalance: 0]
[scale_pos_weight: 1]
[sigmoid: 1]
[boost_from_average: 1]
[reg_sqrt: 0]
[alpha: 0.9]
[fair_c: 1]
[poisson_max_delta_step: 0.7]
[tweedie_variance_power: 1.5]
[lambdarank_truncation_level: 30]
[lambdarank_norm: 1]
[label_gain: ]
[lambdarank_position_bias_regularization: 0]
[eval_at: 1,3,5]
[multi_error_top_k: 1]
[auc_mu_weights: ]
[num_machines: 1]
[local_listen_port: 12400]
[time_out: 120]
[machine_list_filename: ]
[machines: ]
[gpu_platform_id: -1]
[gpu_device_id: -1]
[gpu_use_dp: 0]
[num_gpu: 1]

end of parameters

pandas_categorical:[]
