tree
version=v4
num_class=1
num_tree_per_iteration=1
label_index=0
max_feature_idx=49
objective=lambdarank
feature_names=f_course1 f_course2 f_course3 f_courseout mf_course1 mf_course2 mf_course3 mf_courseout f_mf_course1 f_mf_course2 f_mf_course3 f_mf_courseout f_len1 f_len2 f_len3 f_lenout mf_len1 mf_len2 mf_len3 mf_classout f_mf_len1 f_mf_len2 f_mf_len3 f_mf_classout f_class1 f_class2 f_class3 f_classout mf_class1 mf_class2 mf_class3 mf_classout.1 f_mf_class1 f_mf_class2 f_mf_class3 f_mf_classout.1 time_df_course1 time_df_class1 ninki_1 result_1 time_df_course2 time_df_class2 ninki_2 result_2 time_df_course3 time_df_class3 ninki_3 result_3 waku umaban
feature_infos=[-1:138] [-1:112] [-1:114] [-1:640] [-1:65] [-1:78] [-1:71] [-1:515] [-1:14] [-1:16] [-1:13] [-1:64] [-1:19] [-1:11] [-1:12] [-1:125] [-1:11] [-1:9] [-1:10] [-1:92] [-1:5] [-1:4] [-1:3] [-1:12] [-1:6] [-1:5] [-1:5] [-1:35] [-1:4] [-1:4] [-1:4] [-1:29] [-1:3] [-1:2] [-1:2] [-1:11] [-1:0] [-1:0] [-1:180] [-1:110] [-1:0] [-1:0] [-1:180] [-1:160] [-1:0] [-1:0] [-1:180] [-1:180] [1:8] [1:18]
tree_sizes=2113 2129 2115 2124 2108 2120 2130 2130 2120 2112 2139 2126 2117 2138 2122 2112 2137 2135 2144 2133 2133 2153

Tree=0
num_leaves=19
num_cat=0
split_feature=39 43 47 49 43 12 38 38 47 0 39 8 48 38 0 23 39 27
split_gain=54.5291 25.0799 17.6823 16.2815 12.8618 10.5433 9.0798 8.48245 8.40541 8.36272 11.2974 8.12427 7.30532 7.29383 6.93132 7.05922 6.10017 7.8414
threshold=5.5000000000000009 4.5000000000000009 7.5000000000000009 5.5000000000000009 6.5000000000000009 1.5000000000000002 55.000000000000007 45.000000000000007 6.5000000000000009 23.000000000000004 6.5000000000000009 1.0000000180025095e-35 2.5000000000000004 6.5000000000000009 2.5000000000000004 1.5000000000000002 14.500000000000002 5.5000000000000009
decision_type=2 2 2 2 2 2 2 2 2 2 2 2 2 2 2 2 2 2
left_child=2 7 6 5 -4 -3 11 8 -2 -7 -11 13 -8 -1 -5 16 -16 -18
right_child=1 3 4 14 -6 9 12 -9 -10 10 -12 -13 -14 -15 15 -17 17 -19
leaf_value=0.011894420114003447 0.064808003559488389 -0.05072604439470018 0.052689357175047996 -0.10831920629086302 -0.05839513073232102 0.051988769045448469 0.067880210040930575 -0.037865449236910237 -0.036508170963092605 0.12617285331430073 -0.10938519591996256 0.0883121553291248 -0.068148648642818915 0.06289921981868514 -0.062119668444128584 -0.12240174177318067 0.03924613063648949 -0.13676085097516805
leaf_weight=24.389267913997173 18.827179707586769 20.170142497867346 7.8535528481006649 19.633190173655748 14.995577119290827 13.518600780516865 3.0111441873013955 8.7523034699261171 5.1474782042205325 1.3275635503232468 4.089969988912344 26.45983250066638 5.5258849747478962 32.420993741601706 20.578299745917324 6.5184689760208121 7.1278140060603601 1.5129798129200933
leaf_count=222 116 234 56 289 180 86 20 109 59 4 64 136 76 211 264 100 51 25
internal_value=0 -0.0317211 0.0351924 -0.0501136 -0.0201617 -0.0153146 0.0489814 0.0213408 0.0430051 0.0223513 -0.0513753 0.0560704 -0.0200254 0.0410256 -0.0746663 -0.0561308 -0.0412843 0.0082189
internal_weight=0 127.204 114.656 94.477 22.8491 39.1063 91.8071 32.727 23.9747 18.9361 5.41753 83.2701 8.53703 56.8103 55.3708 35.7376 29.2191 8.64079
internal_count=2302 1401 901 1117 236 388 665 284 175 154 68 569 96 433 729 440 340 76
is_linear=0
shrinkage=0.0703686


Tree=1
num_leaves=19
num_cat=0
split_feature=39 29 47 49 42 38 48 28 49 28 43 23 0 38 39 8 12 42
split_gain=54.8721 19.7067 19.4926 17.1478 15.0918 18.8699 11.2877 18.8478 10.7338 10.1328 15.6449 10.9588 11.5601 9.82858 14.3351 13.5696 9.07641 15.8177
threshold=3.5000000000000004 1.0000000180025095e-35 8.5000000000000018 11.500000000000002 65.000000000000014 19.000000000000004 7.5000000000000009 1.5000000000000002 10.500000000000002 1.0000000180025095e-35 5.5000000000000009 1.0000000180025095e-35 19.500000000000004 45.000000000000007 7.5000000000000009 1.0000000180025095e-35 6.5000000000000009 9.5000000000000018
decision_type=2 2 2 2 2 2 2 2 2 2 2 2 2 2 2 2 2 2
left_child=2 4 6 -3 5 16 9 8 -8 -1 11 12 -11 14 15 -7 17 -2
right_child=1 3 -4 -5 -6 13 7 -9 -10 10 -12 -13 -14 -15 -16 -17 -18 -19
leaf_value=0.04590586359656014 -0.018032509746479228 0.034994172360472656 -0.053013937637825165 -0.086272317168460483 -0.074744308372564211 -0.044031722212177188 0.03817065141104177 0.11361219441723207 -0.070849345550095269 -0.072750267478743844 0.053584638543551118 -0.12250309879554587 0.094784531407606162 -0.021166221001975693 0.091497143299350991 0.083028832558040999 0.01009081537810198 -0.067821757538460717
leaf_weight=148.88380871899426 65.025701651349664 44.525824800133705 14.21491585858166 6.6240291669964781 30.928892806172371 12.745348857715728 6.3007006943225923 4.9139283001422873 15.286400999873875 4.5881335437297839 13.723977159708737 6.1432102024555197 3.6599807441234589 25.056277740746737 13.925541549921034 6.1710856929421416 18.794129753485322 61.605425227433443
leaf_count=347 320 175 109 60 278 35 16 5 70 21 25 20 4 188 30 11 99 489
internal_value=0 -0.020297 0.0266071 0.0192592 -0.0289392 -0.0219638 0.0321757 -0.0106201 -0.0389766 0.0385896 -0.000116156 -0.0514039 0.00147489 0.0119958 0.0373288 -0.0025083 -0.0354917 -0.0422657
internal_weight=0 285.402 217.715 51.1499 234.252 203.324 203.5 26.501 21.5871 176.999 28.1153 14.3913 8.24811 57.8983 32.842 18.9164 145.425 126.631
internal_count=2302 1685 617 235 1450 1172 508 91 86 417 70 45 25 264 76 46 908 809
is_linear=0
shrinkage=0.0703686


Tree=2
num_leaves=19
num_cat=0
split_feature=39 48 43 8 46 3 42 8 27 39 43 42 1 15 3 49 4 42
split_gain=38.0706 15.6491 21.2352 14.721 14.9314 9.74161 14.326 13.9143 10.0882 10.2085 8.52182 8.59967 7.57861 11.3045 19.4967 13.2317 16.8723 11.961
threshold=3.5000000000000004 3.5000000000000004 3.5000000000000004 1.0000000180025095e-35 35.000000000000007 320.50000000000006 1.5000000000000002 1.0000000180025095e-35 2.5000000000000004 10.500000000000002 14.500000000000002 10.500000000000002 35.500000000000007 20.500000000000004 40.500000000000007 5.5000000000000009 1.5000000000000002 16.500000000000004
decision_type=2 2 2 2 2 2 2 2 2 2 2 2 2 2 2 2 2 2
left_child=3 10 5 12 -5 6 -3 8 9 -8 -2 -12 13 14 17 16 -16 -1
right_child=1 2 -4 4 -6 -7 7 -9 -10 -11 11 -13 -14 -15 15 -17 -18 -19
leaf_value=0.0012518918256808999 0.0097856125025743979 -0.10990364126785933 -0.051125251665533999 0.067586327637342014 -0.037391582157270453 0.094618139073918556 0.072542071192267812 -0.071160877189634875 -0.05248104908502034 -0.051589745267489953 0.080390744793906538 -0.12213317722264885 -0.070762146494184122 0.058618264862891865 -0.10864754988516877 -0.12104841366270053 0.048162191234617811 0.052584954287503455
leaf_weight=66.258851477876306 84.999300489202142 5.680078860372304 102.13269140943885 48.108856059610844 7.7775531969964495 5.3718152567744246 20.076339781284339 8.1980825923383218 5.6030002757906905 3.9054795391857615 1.3237397596240033 4.6554010510444641 5.4397311098873606 23.371991116553545 5.4705692902207401 8.7676270194351655 8.9355853013694269 34.044753707945347
leaf_count=201 471 41 955 103 35 13 61 36 30 18 5 55 22 64 22 60 21 89
internal_value=0 -0.0189827 -0.0328759 0.022062 0.0529545 0.00527002 -0.00576071 0.00988337 0.0323891 0.0522726 0.00405993 -0.077073 0.0107162 0.013745 0.0052397 -0.0529123 -0.0113314 0.0186885
internal_weight=0 241.946 150.967 208.176 55.8864 48.8348 43.463 37.7829 29.5848 23.9818 90.9784 5.97914 152.289 146.849 123.477 23.1738 14.4062 100.304
internal_count=2302 1685 1154 617 138 199 186 145 109 79 531 60 479 457 393 103 43 290
is_linear=0
shrinkage=0.0703686


Tree=3
num_leaves=19
num_cat=0
split_feature=39 46 0 47 43 8 31 42 35 38 14 47 17 43 43 46 47 26
split_gain=27.0532 15.7291 12.05 10.6256 10.5332 10.2213 9.95844 18.0321 9.91979 9.41027 8.54908 7.66751 8.98292 9.17342 7.55819 8.7609 7.24367 6.48028
threshold=6.5000000000000009 10.500000000000002 3.5000000000000004 7.5000000000000009 6.5000000000000009 1.0000000180025095e-35 1.0000000180025095e-35 45.000000000000007 1.5000000000000002 16.500000000000004 1.5000000000000002 14.500000000000002 2.5000000000000004 1.5000000000000002 9.5000000000000018 1.5000000000000002 15.500000000000002 1.5000000000000002
decision_type=2 2 2 2 2 2 2 2 2 2 2 2 2 2 2 2 2 2
left_child=3 11 -3 5 16 -1 7 -4 -6 -8 -11 12 14 -14 15 -2 -5 -7
right_child=1 2 6 4 8 17 9 -9 -10 10 -12 -13 13 -15 -16 -17 -18 -19
leaf_value=0.010199334912090307 -0.057848371266210896 -0.078312382223762675 0.036393118502137015 0.0022630997419845638 -0.069628609373209735 0.052500515573245934 -0.11391908861067729 -0.12238526207024915 0.059468048315659959 0.048258767737066881 -0.06951562485822807 0.067746867084992099 0.0326686533953955 -0.10563118354469152 -0.029341292349455501 0.033121784229521722 0.12586967581816591 -0.0093202812479405116
leaf_weight=148.79405635595322 6.1172990109771481 32.136657748371363 20.181737866252664 13.730764321982862 19.480236858129505 56.812719717621803 8.6278338246047515 4.2875610254704943 3.4581041894853106 5.4005810283124429 6.9855174869298935 7.2313082814216605 3.3314231745898715 8.1521314140409213 24.258782455697656 36.158934479579329 2.8300667554140082 9.8156469315290433
leaf_count=553 45 346 107 66 206 150 102 50 13 33 73 35 14 79 214 173 4 39
internal_value=0 -0.0224017 -0.0453184 0.0143127 -0.0192216 0.0204669 -0.021974 0.00850097 -0.050107 -0.0575035 -0.018077 -0.00152132 -0.00796089 -0.065419 0.00194519 0.0199256 0.0234947 0.0433767
internal_weight=0 162.87 77.6199 254.922 39.4992 215.422 45.4832 24.4693 22.9383 21.0139 12.3861 85.2499 78.0186 11.4836 66.535 42.2762 16.5608 66.6284
internal_count=2302 1271 711 1031 289 742 365 157 219 208 106 560 525 93 432 218 70 189
is_linear=0
shrinkage=0.0703686


Tree=4
num_leaves=19
num_cat=0
split_feature=47 38 12 47 48 43 29 14 2 38 42 5 19 11 11 43 46 31
split_gain=19.572 19.4663 9.7733 8.58132 8.27772 8.3145 8.06582 9.14964 7.8431 6.86597 13.4005 14.7133 10.3915 8.52623 13.4654 8.23514 7.0172 7.40937
threshold=6.5000000000000009 65.000000000000014 1.5000000000000002 15.500000000000002 6.5000000000000009 3.5000000000000004 1.0000000180025095e-35 3.5000000000000004 8.5000000000000018 8.5000000000000018 7.5000000000000009 10.500000000000002 29.500000000000004 4.5000000000000009 8.5000000000000018 1.5000000000000002 75.000000000000014 10.500000000000002
decision_type=2 2 2 2 2 2 2 2 2 2 2 2 2 2 2 2 2 2
left_child=1 9 4 6 5 -2 -4 -8 -6 10 11 12 -1 -13 -15 -12 17 -11
right_child=2 -3 3 -5 8 -7 7 -9 -10 16 15 13 -14 14 -16 -17 -18 -19
leaf_value=0.01991152209073338 0.046115940901929262 -0.051718391668310902 -0.028815445050584806 0.057751011641289707 -0.10524007271125407 -0.037180313165138645 0.076361912215327898 -0.06317142575674102 0.028446717976696918 0.024807810463355898 0.053953628759029516 -0.084166401058380885 0.12294269178879996 0.082229646903220224 -0.094603524159303357 -0.088999570644285014 -0.059003705302441901 0.086646392696680383
leaf_weight=64.524674024432898 6.758775955066084 22.499347299337387 38.693864108994603 10.083207223564385 13.700491448864343 47.761905670166016 8.4473580680787546 3.196968797594308 2.5649420619010916 127.9418916720897 2.4257190879434338 10.579646235331895 5.2414921149611464 5.1828356310725194 3.610935240983963 10.934157369658349 4.5729733575135461 10.387003453448413
leaf_count=223 31 204 334 53 194 452 32 30 20 493 9 59 6 13 17 73 33 26
internal_value=0 0.0109054 -0.0222662 -0.0014594 -0.040009 -0.0268298 -0.0133477 0.0379445 -0.0840883 0.0166527 0.00274256 0.0126043 0.027679 -0.041616 0.00947649 -0.062948 0.0266218 0.0294631
internal_weight=0 267.901 131.208 60.4214 70.7861 54.5207 50.3382 11.6443 16.2654 245.401 102.499 89.1396 69.7662 19.3734 8.79377 13.3599 142.902 138.329
internal_count=2302 1156 1146 449 697 483 396 62 214 952 400 318 229 89 30 82 552 519
is_linear=0
shrinkage=0.0703686


Tree=5
num_leaves=19
num_cat=0
split_feature=39 33 43 48 42 47 23 0 3 38 38 48 46 38 26 49 14 2
split_gain=21.2862 9.59636 9.71414 15.8831 8.56089 8.51969 7.60771 6.84993 8.67822 6.80001 6.53499 6.3855 10.4233 9.65729 15.9984 9.59254 8.52071 7.92251
threshold=3.5000000000000004 1.0000000180025095e-35 4.5000000000000009 5.5000000000000009 8.5000000000000018 8.5000000000000018 3.5000000000000004 2.5000000000000004 155.50000000000003 55.000000000000007 55.000000000000007 4.5000000000000009 8.5000000000000018 25.000000000000004 1.0000000180025095e-35 10.500000000000002 4.5000000000000009 21.500000000000004
decision_type=2 2 2 2 2 2 2 2 2 2 2 2 2 2 2 2 2 2
left_child=5 2 9 4 7 10 -7 -4 -9 -2 11 13 15 14 -1 16 -13 -16
right_child=1 -3 3 -5 -6 6 -8 8 -10 -11 -12 12 -14 -15 17 -17 -18 -19
leaf_value=-0.027055772410241964 0.01268233598501943 0.057661346928214646 -0.030720239227984256 -0.062142280972166848 -0.025060214072140787 -0.061192066444910938 0.11373034538113566 0.073702904349404547 -0.053477406231374883 -0.046495070529531522 -0.048253487255072995 0.020399074242664905 0.067210262776910223 0.060938993075399808 0.095800437160320814 -0.036593887815038806 0.11454433500482411 -0.0019800327088981026
leaf_weight=40.432811951264739 59.771719072014093 8.6704786233603937 7.7953919582068947 46.70233506616205 63.424495393410325 10.158133845776316 1.3908830061554915 13.625953868031504 3.2844035923480979 11.448635675013064 6.1924750022590151 29.593468299135566 35.949324313551188 14.650566734373568 9.7296485416591185 12.264991417527197 5.679729998111724 7.0540079623460761
leaf_count=136 267 38 61 561 580 106 3 46 29 103 43 79 91 37 22 73 8 19
internal_value=0 -0.0148017 -0.0178579 -0.0289627 -0.0113642 0.0183612 -0.039977 0.0237489 0.0489253 0.00315074 0.02254 0.0253709 0.0386111 0.00997235 -0.00306441 0.0169544 0.0356084 0.0546547
internal_weight=0 214.723 206.053 134.833 88.1302 173.096 11.549 24.7057 16.9104 71.2204 161.547 155.355 83.4875 71.867 57.2165 47.5382 35.2732 16.7837
internal_count=2302 1685 1647 1277 716 617 109 136 75 370 508 465 251 214 177 160 87 41
is_linear=0
shrinkage=0.0703686


Tree=6
num_leaves=19
num_cat=0
split_feature=39 13 42 43 0 49 11 10 47 1 4 11 15 21 13 49 5 8
split_gain=18.1079 10.0326 9.01917 8.89465 11.2875 10.4221 9.65821 8.85643 9.41387 8.21734 7.77001 9.46257 7.75571 7.70713 10.7152 7.06804 6.84862 6.05111
threshold=6.5000000000000009 9.0000000000000018 45.000000000000007 3.5000000000000004 2.5000000000000004 3.5000000000000004 1.0000000180025095e-35 1.0000000180025095e-35 8.5000000000000018 32.500000000000007 1.5000000000000002 1.5000000000000002 23.500000000000004 1.0000000180025095e-35 5.5000000000000009 1.5000000000000002 1.5000000000000002 1.5000000000000002
decision_type=2 2 2 2 2 2 2 2 2 2 2 2 2 2 2 2 2 2
left_child=1 7 3 10 -5 12 -7 8 -1 -10 -2 -12 -6 14 16 -14 -9 -4
right_child=2 -3 17 4 5 6 -8 13 9 -11 11 -13 15 -15 -16 -17 -18 -19
leaf_value=0.012460239906628061 0.05379394982053215 -0.10423422175196084 -0.072936486108165346 -0.061904820864928281 0.065092485289813248 0.011703779209037198 -0.056865768129280979 0.08917993998766649 -0.056172687690564105 0.073360133322807705 -0.086266050276351092 0.022775927974613249 0.06401262609541479 0.079004106749428801 -0.093199948405232449 -0.078373731981459568 0.016464852598734862 0.024259415710437934
leaf_weight=146.69566708430648 16.494842000305653 3.5810980014502993 20.820361293852333 26.247812928631902 13.579771071672441 17.83169312775135 23.596882351674139 8.355468597263096 17.706226158887151 2.7971332706511012 5.8762775324285057 11.908307565376161 2.7587024830281726 16.466174431145191 3.6395429335534564 4.5702025461941957 27.801396710798144 3.7194062862545243
leaf_count=587 57 24 272 319 56 122 270 21 190 13 43 51 14 42 27 39 127 28
internal_value=0 0.0124685 -0.0192046 -0.0114128 -0.0231958 -0.00687446 -0.0273285 0.0143467 0.00621183 -0.0384298 0.0190035 -0.0132105 0.0335968 0.0384985 0.0217009 -0.0246187 0.0333123 -0.0581576
internal_weight=0 227.043 147.404 122.864 88.5851 62.3373 41.4286 223.462 167.199 20.5034 34.2794 17.7846 20.9087 56.2626 39.7964 7.32891 36.1569 24.5398
internal_count=2302 1031 1271 971 820 501 392 1007 790 203 151 94 109 217 175 53 148 300
is_linear=0
shrinkage=0.0703686


Tree=7
num_leaves=19
num_cat=0
split_feature=47 38 8 38 46 13 48 31 39 24 31 19 6 17 4 43 38 17
split_gain=14.5793 10.612 8.06395 7.12291 7.64239 7.0114 6.99582 10.8622 8.52678 7.54824 7.31306 9.01128 8.35585 6.79077 12.2666 6.45513 6.40861 6.29994
threshold=6.5000000000000009 65.000000000000014 1.5000000000000002 9.5000000000000018 10.500000000000002 3.5000000000000004 6.5000000000000009 4.5000000000000009 10.500000000000002 1.0000000180025095e-35 10.500000000000002 10.500000000000002 2.5000000000000004 3.5000000000000004 3.5000000000000004 6.5000000000000009 45.000000000000007 1.0000000180025095e-35
decision_type=2 2 2 2 2 2 2 2 2 2 2 2 2 2 2 2 2 2
left_child=1 6 3 -2 -5 -4 9 8 16 10 11 12 15 14 -6 -1 -8 -14
right_child=2 -3 5 4 13 -7 7 -9 -10 -11 -12 -13 17 -15 -16 -17 -18 -19
leaf_value=0.016975963765312924 -0.052981495646150914 -0.039976796051387362 0.052222148615249694 0.020381155537937335 -0.016118275951149539 -0.05369683792250677 0.021216148368609251 -0.073776739078738482 -0.10694457735147275 0.044105756909924229 0.07619394668119521 -0.029708547638945322 0.082607446549752842 0.049987239248007478 -0.10212789107092311 -0.038616112115162159 -0.088049488817420682 0.0011450457576735028
leaf_weight=46.753136266022921 35.339017553254962 19.452830385416746 12.34383622556925 21.743407115340233 30.860767430625856 4.1144291143864384 43.268372565507889 9.9160542842000705 3.045016197487711 51.029627535492182 8.0597749855369312 25.597115062177181 14.364017009735109 4.6993710640817872 11.203794334083794 13.268126823008059 2.8223348632454863 7.0272473804652682
leaf_count=156 374 204 64 164 297 52 178 55 41 182 25 142 37 29 166 81 21 34
internal_value=0 0.00986422 -0.0200554 -0.0273133 -0.0140527 0.0256657 0.0141764 -0.00661203 0.0069284 0.0215736 0.0115699 0.00668778 0.0181462 -0.0300871 -0.0390654 0.00466576 0.0144897 0.0559061
internal_weight=0 244.604 120.305 103.846 68.5073 16.4583 225.151 59.0518 49.1357 166.099 115.069 107.01 81.4125 46.7639 42.0646 60.0213 46.0907 21.3913
internal_count=2302 1156 1146 1030 656 116 952 295 240 657 475 450 308 492 463 237 199 71
is_linear=0
shrinkage=0.0703686


Tree=8
num_leaves=19
num_cat=0
split_feature=39 33 43 48 42 39 46 26 47 26 31 46 13 7 47 8 43 47
split_gain=13.4092 8.82815 7.13791 13.0726 7.08852 9.0932 6.85413 4.91816 7.36348 5.96872 6.67179 6.6526 7.48505 7.45761 6.83439 6.28026 4.70106 4.50798
threshold=3.5000000000000004 1.0000000180025095e-35 4.5000000000000009 5.5000000000000009 8.5000000000000018 7.5000000000000009 85.000000000000014 1.5000000000000002 4.5000000000000009 1.0000000180025095e-35 4.5000000000000009 19.000000000000004 4.5000000000000009 68.000000000000014 8.5000000000000018 2.5000000000000004 15.500000000000002 17.500000000000004
decision_type=2 2 2 2 2 2 2 2 2 2 2 2 2 2 2 2 2 2
left_child=6 2 -2 4 5 -4 7 9 -9 11 -11 12 14 -13 15 -1 17 -6
right_child=1 -3 3 -5 16 -7 -8 8 -10 10 -12 13 -14 -15 -16 -17 -18 -19
leaf_value=0.0072778681818735924 0.0031307251534439203 0.05487653364334346 -0.050772824208743239 -0.057990135315940348 -0.02050178311656568 0.049185511434249721 -0.079868160654740533 -0.067420736116668351 0.053068627594447408 0.067903811418785598 -0.023916668190472119 0.059238250323426493 -0.10264319418230868 -0.030069415350222683 -0.081340367011061787 0.08563936043494029 -0.094993257250402363 0.092090969543728807
leaf_weight=68.475569471716881 67.695115450769663 9.3169520013034326 6.0561388172209289 40.628207389265299 53.630125833675265 17.476044952869415 3.6180763766169539 7.437893729656933 3.7751144468784332 21.96398958191276 4.7456854656338683 24.746610607951883 3.1284998990595332 5.67317996546626 3.9912020564079276 5.4678013920783988 4.0903192143887273 1.8109471350908268
leaf_count=263 370 38 45 561 509 91 43 34 13 60 20 70 18 35 50 11 65 6
internal_value=0 -0.011963 -0.0152244 -0.0252784 -0.00926181 0.023407 0.0156904 0.0180153 -0.0267502 0.0216566 0.0515466 0.0144829 0.00393665 0.0425438 0.00823757 0.0130944 -0.022195 -0.0167936
internal_weight=0 200.704 191.387 123.692 83.0636 23.5322 153.024 149.406 11.213 138.193 26.7097 111.483 81.0631 30.4198 77.9346 73.9434 59.5314 55.4411
internal_count=2302 1685 1647 1277 716 136 617 574 47 527 80 447 342 105 324 274 580 515
is_linear=0
shrinkage=0.0703686


Tree=9
num_leaves=19
num_cat=0
split_feature=47 0 38 27 15 49 8 48 47 27 39 38 0 7 31 7 21 14
split_gain=11.6223 7.70089 7.25211 6.74809 5.83865 5.62584 5.05057 5.01658 4.6742 4.65863 3.82772 4.88391 6.38341 4.15339 9.54268 5.30523 6.50288 7.91083
threshold=6.5000000000000009 10.500000000000002 65.000000000000014 2.5000000000000004 37.500000000000007 9.5000000000000018 1.5000000000000002 2.5000000000000004 15.500000000000002 10.500000000000002 10.500000000000002 10.500000000000002 2.5000000000000004 192.50000000000003 4.5000000000000009 214.50000000000003 1.0000000180025095e-35 2.5000000000000004
decision_type=2 2 2 2 2 2 2 2 2 2 2 2 2 2 2 2 2 2
left_child=2 3 10 5 8 6 -2 -4 9 -3 13 -12 -13 14 -1 -15 17 -17
right_child=1 4 7 -5 -6 -7 -8 -9 -10 -11 11 12 -14 15 -16 16 -18 -19
leaf_value=0.016740648250812552 -0.016933218709081311 -0.0051553001253503272 0.025215554120694043 -0.08368219248469512 -0.038974967254940672 -0.063054933160723747 0.089870994938373278 -0.056065717791674526 0.065917790644835411 0.09953234875219627 -0.079752683516524009 -0.080797774503153549 0.035553802843904331 0.12053617215255176 -0.043942095962437887 0.029600904161860956 0.086549346554979603 -0.092321400870373993
leaf_weight=151.67548442445695 43.531005166471004 22.79866014234722 5.2228074483573463 10.891484728083013 11.31718481890857 13.642119368538259 2.2995771095156661 13.249631419777868 8.1199373342096788 2.3111094236373892 4.738191973418 3.1719182357192031 8.7790913730859739 3.6384073942899731 14.003341719508169 12.882050210610037 6.8290807642042628 3.3046722039580336
leaf_count=612 375 196 35 157 131 235 7 169 37 8 54 43 53 6 84 57 17 26
internal_value=0 -0.0182409 0.009214 -0.0327361 0.00463212 -0.0233794 -0.011538 -0.0330246 0.0195214 0.00446063 0.012953 -0.0193387 0.00455334 0.0157613 0.0116035 0.0415554 0.0289908 0.00461374
internal_weight=0 114.911 227.495 70.3642 44.5469 59.4727 45.8306 18.4724 33.2297 25.1098 209.022 16.6892 11.951 192.333 165.679 26.6542 23.0158 16.1867
internal_count=2302 1146 1156 774 372 617 382 204 241 204 952 150 96 802 696 106 100 83
is_linear=0
shrinkage=0.0703686


Tree=10
num_leaves=19
num_cat=0
split_feature=47 46 38 43 12 12 15 26 48 28 38 15 46 20 7 13 3 7
split_gain=10.6826 9.54473 7.96521 6.44838 9.76663 8.93275 7.88107 6.07665 5.28385 6.59743 5.14501 9.04707 5.96362 5.10205 5.061 4.60419 4.54661 4.32416
threshold=5.5000000000000009 75.000000000000014 65.000000000000014 3.5000000000000004 2.5000000000000004 1.5000000000000002 1.0000000180025095e-35 1.5000000000000002 7.5000000000000009 1.0000000180025095e-35 6.5000000000000009 37.500000000000007 1.0000000180025095e-35 1.0000000180025095e-35 38.500000000000007 1.0000000180025095e-35 7.5000000000000009 2.5000000000000004
decision_type=2 2 2 2 2 2 2 2 2 2 2 2 2 2 2 2 2 2
left_child=1 2 8 4 -2 6 14 -7 10 15 11 12 -1 -14 17 16 -10 -5
right_child=3 -3 -4 5 -6 7 -8 -9 9 -11 -12 -13 13 -15 -16 -17 -18 -19
leaf_value=0.0090189157409526141 0.040816436705396968 -0.091617894275086237 -0.042544754242590285 -0.034184469709827775 -0.060419245778165397 0.00868222125916112 -0.056702780486681946 -0.060635423554541379 -0.0785889587986245 0.060920573519534296 0.030226341105644438 0.06510146669300966 -0.066120511148361136 0.028136918863623198 -0.076429191901417531 -0.088593927873081874 0.034077825303758108 0.042517101783833569
leaf_weight=30.160349452868104 19.978720620274547 4.3970917407423249 11.895700380206106 5.6831420231610563 6.164826624095439 46.316400269046426 42.932518522255123 7.2341033872216931 2.7619922012090701 3.9024274423718444 103.62640962190926 9.7974306270480138 12.215371532365678 3.6831178888678542 3.7210361696779719 6.0376774854958057 4.9195928834378719 10.053395194932817
leaf_count=125 93 51 145 58 41 382 551 88 25 16 400 29 73 13 53 58 26 75
internal_value=0 0.0107628 0.0131536 -0.0146495 0.0168931 -0.0217721 -0.0398667 -0.000667846 0.0169024 -0.0196255 0.020946 0.0037077 -0.00933553 -0.0442129 -0.00265549 -0.0426351 -0.00632355 0.0147446
internal_weight=0 193.397 189 142.084 26.1435 115.941 62.3901 53.5505 177.104 17.6217 159.483 55.8563 46.0588 15.8985 19.4576 13.7193 7.68159 15.7365
internal_count=2302 961 910 1341 134 1207 737 470 765 125 640 240 211 86 186 109 51 133
is_linear=0
shrinkage=0.0703686


Tree=11
num_leaves=19
num_cat=0
split_feature=43 46 7 15 19 49 49 39 39 38 15 43 7 38 38 11 28 46
split_gain=9.0691 9.4411 9.84275 4.70743 4.67455 5.20113 7.14192 5.28248 6.61828 4.57349 4.40282 7.44294 4.31314 5.8739 7.41104 4.23271 5.79599 4.20838
threshold=5.5000000000000009 4.5000000000000009 4.5000000000000009 2.5000000000000004 1.0000000180025095e-35 9.5000000000000018 14.500000000000002 4.5000000000000009 8.5000000000000018 45.000000000000007 6.5000000000000009 8.5000000000000018 92.000000000000014 25.000000000000004 45.000000000000007 6.5000000000000009 1.0000000180025095e-35 105.00000000000001
decision_type=2 2 2 2 2 2 2 2 2 2 2 2 2 2 2 2 2 2
left_child=4 2 -2 -4 5 7 9 -1 -9 -7 -5 -12 17 -14 -15 -6 -17 -3
right_child=1 12 3 10 15 6 -8 8 -10 -11 11 -13 13 14 -16 16 -18 -19
leaf_value=0.055574513531976719 -0.086633764898909907 -0.010488900467532767 -0.042270198910050974 0.091515924598006476 -0.0030941577446672273 -0.088544236923569053 0.069035947586730304 -0.082361733026834277 0.046901005014080455 0.032732019813784215 -0.089094287680532847 0.049536444659344321 -0.075082497589010408 0.085952890703888132 -0.04165255609491126 0.048842491008334071 -0.026005777284735698 -0.077007534642503706
leaf_weight=29.933875896036625 3.4642166830599335 97.797155475243926 3.0324647501111057 8.3056729920208472 94.053054513409734 5.1869878172874433 3.5249068550765514 3.4413317516446105 4.5361583903431892 2.1686401162296534 2.2872390858829013 11.582838999107478 14.769561592489483 3.0461736209690562 8.586962888017295 19.208439508453015 6.959490103647112 4.9489572281017891
leaf_count=81 40 883 31 25 529 32 14 25 19 16 21 58 197 10 105 75 49 92
internal_value=0 -0.0121301 0.0243761 0.039694 0.0113269 0.0296985 -0.0131044 0.0420119 -0.00874566 -0.0526428 0.0509611 0.0265647 -0.0202442 -0.0456271 -0.0081143 0.00386042 0.0288928 -0.0137084
internal_weight=0 157.821 28.6724 25.2082 169.013 48.7919 10.8805 37.9114 7.97749 7.35563 22.1758 13.8701 129.149 26.4027 11.6331 120.221 26.1679 102.746
internal_count=2302 1462 175 135 840 187 62 125 44 48 104 79 1287 312 115 653 124 975
is_linear=0
shrinkage=0.0703686


Tree=12
num_leaves=19
num_cat=0
split_feature=47 38 24 15 13 43 49 38 42 46 13 47 49 6 2 19 27 35
split_gain=7.70117 5.92976 5.4147 5.122 4.64328 4.08878 3.85995 3.46916 3.80738 5.35679 5.25163 3.70717 5.22696 4.67758 3.66484 3.4919 3.36188 4.74959
threshold=6.5000000000000009 65.000000000000014 3.5000000000000004 13.500000000000002 7.5000000000000009 15.500000000000002 9.5000000000000018 125.00000000000001 13.500000000000002 35.000000000000007 4.5000000000000009 11.500000000000002 5.5000000000000009 5.5000000000000009 36.500000000000007 21.500000000000004 15.500000000000002 1.5000000000000002
decision_type=2 2 2 2 2 2 2 2 2 2 2 2 2 2 2 2 2 2
left_child=1 2 16 5 7 6 -2 8 10 15 11 13 -13 -5 -11 -10 17 -1
right_child=3 -3 -4 4 -6 -7 -8 -9 9 14 -12 12 -14 -15 -16 -17 -18 -19
leaf_value=0.012515014666556809 -0.014575344407968215 -0.033155792310778011 -0.069697959150844771 0.0013346622796002764 -0.09724377605333509 -0.10006129866885727 -0.060566875496614256 -0.095409517561798732 0.060211981057879026 -0.062257345403938714 -0.094880580342414839 0.072541357835545509 -0.021564931868152781 -0.10676080991123794 0.055017188067571603 -0.045880919076210648 0.05346309761976329 -0.057862760476514494
leaf_weight=179.18877633474767 40.574093617498875 16.217197444289923 4.0141875185072413 6.6237138342112356 2.2843657359480849 3.8527677468955508 11.663775893859563 1.6308468338102091 15.307033991441136 4.3406758029013863 3.1823094673454753 6.2291943244636041 5.471133466809988 2.8102925252169371 1.8797429222613571 1.6906674597412337 9.5626254156231862 4.8660749047994605
leaf_count=864 380 204 24 48 39 79 218 26 94 59 52 24 54 41 12 20 35 29
internal_value=0 0.00772453 0.0110856 -0.0153601 0.000654364 -0.0300674 -0.0248718 0.0052379 0.00872698 0.0291167 -0.0106992 0.00195073 0.0284561 -0.030803 -0.0266213 0.0495812 0.0127685 0.0106464
internal_weight=0 213.849 197.632 107.541 51.45 56.0906 52.2379 49.1656 47.5348 23.2181 24.3166 21.1343 11.7003 9.43401 6.22042 16.9977 193.617 184.055
internal_count=2302 1156 952 1146 469 677 598 430 404 185 219 167 78 89 71 114 928 893
is_linear=0
shrinkage=0.0703686


Tree=13
num_leaves=19
num_cat=0
split_feature=39 43 49 29 13 11 40 11 42 39 20 4 49 28 7 43 43 39
split_gain=7.03311 5.75731 7.19738 4.2779 4.20829 3.83909 5.09184 4.75987 3.81293 4.98767 4.86591 5.27996 4.1951 5.44949 4.16503 4.22532 3.72408 3.54803
threshold=5.5000000000000009 4.5000000000000009 7.5000000000000009 1.0000000180025095e-35 7.5000000000000009 9.5000000000000018 -1.0000000180025095e-35 2.5000000000000004 8.5000000000000018 7.5000000000000009 1.0000000180025095e-35 9.5000000000000018 3.5000000000000004 1.0000000180025095e-35 12.500000000000002 14.500000000000002 13.500000000000002 10.500000000000002
decision_type=2 2 2 2 2 2 2 2 2 2 2 2 2 2 2 2 2 2
left_child=4 5 8 -4 -1 6 -2 17 9 -3 11 14 -11 -14 -10 -16 -5 -8
right_child=1 2 3 16 -6 -7 7 -9 10 12 -12 -13 13 -15 15 -17 -18 -19
leaf_value=0.011563542786986476 -0.10011322546854913 -0.079867222536294261 -0.056187631901301917 -0.037456902386769589 -0.05168051241697201 0.053446180940457874 0.031986673453741718 -0.042455105885052996 -0.044838501168171591 0.070585487597656968 0.038722566063942483 -0.09118373804023075 -0.050009613182389175 0.073990662614957736 0.020731148744604393 -0.0853697283904125 0.078323874561068957 -0.03073647158135627
leaf_weight=166.73434865474701 2.3699672482907763 2.1100594997406033 30.955826248042285 3.3179603461176148 5.3657304346561423 7.9164784140884867 22.735109075903896 7.7785420306026927 13.851524116471412 7.9932434838265163 6.4080400792881838 5.5046003032475701 4.6067173704504967 2.8246926106512547 14.665133884176614 2.1196309030055991 2.335111865773797 5.5342315156012765
leaf_count=856 28 23 508 51 45 37 113 54 154 28 44 91 44 11 117 33 13 52
internal_value=0 -0.0115314 -0.0213074 -0.0459045 0.00958342 0.00884615 -0.000323492 0.00622425 -0.00629866 0.0212815 -0.0176919 -0.0277302 0.0352181 -0.00270546 -0.016276 0.00723843 0.0102114 0.0196644
internal_weight=0 143.027 96.6925 36.6089 172.1 46.3343 38.4178 36.0479 60.0836 17.5347 42.5489 36.1409 15.4247 7.43141 30.6363 16.7848 5.65307 28.2693
internal_count=2302 1401 1117 572 901 284 247 219 545 106 439 395 83 55 304 150 64 165
is_linear=0
shrinkage=0.0703686


Tree=14
num_leaves=19
num_cat=0
split_feature=43 46 47 2 15 4 5 31 42 38 15 25 13 43 7 49 1 9
split_gain=6.77804 7.2195 5.90299 4.5891 7.5423 4.69652 4.6876 4.43856 5.38203 4.09164 3.60836 3.4589 3.2431 4.57342 4.68571 3.68178 8.55486 6.07365
threshold=6.5000000000000009 5.5000000000000009 1.5000000000000002 2.5000000000000004 1.0000000180025095e-35 1.5000000000000002 1.0000000180025095e-35 1.5000000000000002 6.5000000000000009 14.500000000000002 63.500000000000007 1.0000000180025095e-35 3.5000000000000004 11.500000000000002 1.0000000180025095e-35 5.5000000000000009 6.5000000000000009 1.5000000000000002
decision_type=2 2 2 2 2 2 2 2 2 2 2 2 2 2 2 2 2 2
left_child=-1 2 11 4 5 6 9 8 -4 -3 12 -2 15 -14 -15 16 -5 -18
right_child=1 3 7 10 -6 -7 -8 -9 -10 -11 -12 -13 13 14 -16 -17 17 -19
leaf_value=0.008811115876007504 -0.10696559068027042 -0.10733690147947653 0.036060085027186085 0.053403418999449705 -0.068760670930176931 -0.055773062530363834 0.074269871298888165 0.067229205600814093 -0.057302246738208905 0.029278578925138996 -0.090306231187676597 0.033601291288272793 0.043665517880167051 0.077342004684071014 -0.07433268665563382 -0.036018967530405004 -0.064130716319563782 0.046174695475472906
leaf_weight=180.36558295227587 2.6371962130069764 1.7909837793558816 9.5991617776453513 9.7564204782247561 20.800056188367307 5.3257945394143453 4.9280565306544304 10.26153654232621 4.4749180953949681 2.716504929587245 2.6544088367372742 1.2707838416099546 11.88431732170284 1.3476742506027211 3.8979042675346136 23.242430340498686 9.1728443969041091 3.3655683137476435
leaf_count=963 40 24 52 49 324 82 25 45 57 28 48 9 77 4 62 305 91 17
internal_value=0 -0.0123073 0.0191157 -0.0211161 -0.0414647 -0.00291429 0.0268238 0.0320391 0.00628419 -0.02484 -0.0100184 -0.0609977 -0.00659087 0.0194752 -0.0351075 -0.0164217 0.00396418 -0.0344263
internal_weight=0 129.127 28.2436 100.883 35.5614 14.7613 9.43555 24.3356 14.0741 4.50749 65.3216 3.90798 62.6672 17.1299 5.24558 45.5373 22.2948 12.5384
internal_count=2302 1339 203 1136 483 159 77 154 109 52 653 49 605 143 66 462 157 108
is_linear=0
shrinkage=0.0703686


Tree=15
num_leaves=19
num_cat=0
split_feature=39 43 49 12 27 47 38 43 0 11 31 5 12 47 10 5 39 43
split_gain=6.69772 5.53095 5.07632 4.40867 6.09703 4.29975 4.25366 3.86958 3.86159 3.5402 4.60782 3.66209 3.44604 4.59904 3.75353 3.26384 3.16625 3.14326
threshold=5.5000000000000009 3.5000000000000004 7.5000000000000009 9.5000000000000018 11.500000000000002 15.500000000000002 45.000000000000007 13.500000000000002 2.5000000000000004 6.5000000000000009 1.5000000000000002 1.5000000000000002 1.0000000180025095e-35 4.5000000000000009 1.5000000000000002 6.5000000000000009 7.5000000000000009 1.5000000000000002
decision_type=2 2 2 2 2 2 2 2 2 2 2 2 2 2 2 2 2 2
left_child=-1 6 3 4 5 -3 12 -7 -4 10 11 -10 17 16 -15 -12 -14 -2
right_child=1 2 8 -5 -6 7 -8 -9 9 -11 15 -13 13 14 -16 -17 -18 -19
leaf_value=0.0093503380682009914 0.010977527053168595 -0.01771263520331921 -0.075945743086164294 -0.099826011274411097 0.072854408607937404 0.081250786489888274 -0.030171358528080321 -0.039492460550277782 -0.01321998202923555 -0.08821335218832857 -0.0223874421844878 -0.086807530334314681 -0.028085305493294351 -0.099433328950059185 0.034753564890352161 0.065359863444308081 0.052131533911850603 0.086736326292927296
leaf_weight=168.885517523624 4.6719250306487101 47.762687249109149 10.888746350072322 2.4634257890284053 4.7121640481054774 4.3162432108074418 9.0043593402951938 1.8698080163449047 9.4515964444726759 3.8993573654443017 3.803352374583481 5.2204498145729294 3.4413471817970303 3.0803697593510142 1.5315830186009405 4.6340273870155215 8.1973422020673734 6.5860925726592541
leaf_count=901 27 480 243 35 19 18 89 25 111 75 51 90 19 28 8 37 26 20
internal_value=0 -0.011651 -0.0202867 -0.00771752 -0.00381984 -0.0105455 0.0117381 0.0445747 -0.0405256 -0.0261899 -0.0156544 -0.0395054 0.0255 0.00469066 -0.0546485 0.0256897 0.0283164 0.0554199
internal_weight=0 135.535 99.0219 61.1243 58.6609 53.9487 36.513 6.18605 37.8975 27.0088 23.1094 14.672 27.5087 16.2506 4.61195 8.43738 11.6387 11.258
internal_count=2302 1401 1184 577 542 523 217 43 607 364 289 201 128 81 36 88 45 47
is_linear=0
shrinkage=0.0703686


Tree=16
num_leaves=19
num_cat=0
split_feature=46 38 42 27 12 38 48 29 42 42 6 6 8 38 42 38 47 23
split_gain=4.63117 4.6116 8.79402 5.02403 6.45829 4.85548 6.12558 5.98721 4.00509 4.42011 4.39477 3.82152 6.32604 3.39273 3.82174 3.38121 4.09489 4.41161
threshold=75.000000000000014 9.5000000000000018 7.5000000000000009 4.5000000000000009 3.5000000000000004 10.500000000000002 7.5000000000000009 1.0000000180025095e-35 25.000000000000004 16.500000000000004 2.5000000000000004 1.5000000000000002 1.0000000180025095e-35 145.00000000000003 25.000000000000004 16.500000000000004 15.500000000000002 1.5000000000000002
decision_type=2 2 2 2 2 2 2 2 2 2 2 2 2 2 2 2 2 2
left_child=1 2 -1 4 -4 8 15 -8 9 11 -10 -3 -13 14 -2 16 17 -7
right_child=13 5 3 -5 -6 6 7 -9 10 -11 -12 12 -14 -15 -16 -17 -18 -19
leaf_value=0.0040044733030501047 0.031213694309349088 0.059240042168323084 -0.039914031893172316 -0.097869509365376264 0.064031891887506881 -0.010489556280856994 -0.064409609856249592 0.042290799214854569 -0.070261297635973857 0.10036456010251552 0.036250059698139575 -0.060620670740242841 0.060972895922899305 0.033607155974316884 -0.056456774253434677 0.015815569451088533 0.048532288880003778 -0.093745121278277457
leaf_weight=78.040845554322004 2.8955172393471065 10.592229951173072 22.652877022512261 5.9968866128474465 3.3912725970149031 21.254752459004528 11.081164587289093 3.3852667957544318 3.3839737325906745 6.0173414144664994 4.4005876556038857 4.5502717699855548 3.9509041383862495 3.3802837803959838 15.779944586567579 90.980572328902781 4.7109488528221837 3.7039857488125554
leaf_count=422 21 48 286 90 17 209 148 27 16 14 20 43 18 30 244 549 32 68
internal_value=0 0.00246191 -0.00872744 -0.0397665 -0.0263239 0.00979977 0.00388741 -0.0393571 0.0340456 0.0477213 -0.00993092 0.0310439 -0.00397812 -0.0310327 -0.0427991 0.00908357 -0.0115218 -0.0229108
internal_weight=0 278.094 110.082 32.041 26.0441 168.012 135.117 14.4664 32.8953 25.1107 7.78456 19.0934 8.50118 22.0557 18.6755 120.65 29.6697 24.9587
internal_count=2302 2007 815 393 303 1192 1033 175 159 123 36 109 61 295 265 858 309 277
is_linear=0
shrinkage=0.0703686


Tree=17
num_leaves=19
num_cat=0
split_feature=47 38 46 9 42 8 27 16 38 47 43 3 38 3 15 4 6 5
split_gain=4.98927 4.10083 4.07734 4.83898 4.46568 5.04324 3.99851 4.6143 3.63736 2.98534 4.0704 5.83207 2.89053 2.97362 3.0889 2.69954 8.24682 4.97082
threshold=6.5000000000000009 65.000000000000014 10.500000000000002 1.0000000180025095e-35 14.500000000000002 1.0000000180025095e-35 3.5000000000000004 2.5000000000000004 1.5000000000000002 10.500000000000002 3.5000000000000004 1.0000000180025095e-35 10.500000000000002 1.5000000000000002 1.0000000180025095e-35 7.5000000000000009 6.5000000000000009 10.500000000000002
decision_type=2 2 2 2 2 2 2 2 2 2 2 2 2 2 2 2 2 2
left_child=1 15 9 4 5 -4 7 -5 -6 10 -2 -12 -10 -14 -15 16 -1 -17
right_child=2 -3 3 6 8 -7 -8 -9 12 -11 11 -13 13 14 -16 17 -18 -19
leaf_value=0.0088400745800284071 0.048214663374455694 -0.027946050284014156 -0.086332780789464186 0.051763850592991566 0.066997972542326117 0.021358400648607886 -0.043377668317396603 -0.075935108633509427 -0.097735120438079082 0.02491777743791438 0.049679276926870054 -0.05319419254720778 -0.093362154561947186 0.054375756695617762 -0.022324852428916065 0.051649161480603556 -0.059328896124825052 0.007219226057162422
leaf_weight=116.56990235857666 4.0857166498899486 15.801857594400643 12.551433339715002 9.2186595462262613 2.1683762576431063 2.5774565562605849 5.0489159598946562 1.6399268768727768 2.6184451691806343 18.635126267559826 3.4867112152278414 12.34241467155516 2.4093031678348806 3.0546806622296598 17.07472462579608 18.897573094815016 9.4952967446297389 36.851863430812955
leaf_count=583 15 204 221 57 15 28 72 29 50 178 26 170 44 20 221 73 73 223
internal_value=0 0.0064137 -0.0130779 -0.0248106 -0.0372168 -0.0679121 0.00823239 0.0323422 -0.0201697 0.00465736 -0.0142482 -0.0304535 -0.0277424 -0.0195357 -0.0106167 0.00940691 0.00369398 0.0223038
internal_weight=0 197.616 96.9119 58.3619 42.4544 15.1289 15.9075 10.8586 27.3255 38.55 19.9148 15.8291 25.1572 22.5387 20.1294 181.815 126.065 55.7494
internal_count=2302 1156 1146 757 599 249 158 86 350 389 211 196 335 285 241 952 656 296
is_linear=0
shrinkage=0.0703686


Tree=18
num_leaves=19
num_cat=0
split_feature=39 29 49 13 49 49 42 38 17 38 49 15 3 46 47 16 12 39
split_gain=4.60336 3.60189 4.48831 4.43932 3.97326 3.93947 3.84481 4.9498 5.74383 3.96214 3.63882 4.879 5.78545 4.88184 4.31953 4.33624 3.8594 3.36972
threshold=3.5000000000000004 1.0000000180025095e-35 5.5000000000000009 1.5000000000000002 8.5000000000000018 11.500000000000002 65.000000000000014 16.500000000000004 1.0000000180025095e-35 45.000000000000007 16.500000000000004 14.500000000000002 18.500000000000004 10.500000000000002 9.5000000000000018 1.0000000180025095e-35 1.0000000180025095e-35 4.5000000000000009
decision_type=2 2 2 2 2 2 2 2 2 2 2 2 2 2 2 2 2 2
left_child=-1 6 3 -3 -4 -6 7 10 9 -9 11 12 13 -2 16 -16 -13 -8
right_child=1 2 4 -5 5 -7 17 8 -10 -11 -12 14 -14 -15 15 -17 -18 -19
leaf_value=0.010327598788569189 0.0052366387800214008 0.067744964480194264 -0.058575134602398264 -0.012042866339208202 0.043024009151318626 -0.051376974892973389 0.029217172122687211 0.050786572484327469 -0.033620234013787706 -0.00049283075517956741 0.044805642324489546 0.067498223074521468 -0.071188116421565459 -0.067771832032426274 0.043923575478129355 -0.03238018450275873 -0.038781803022591946 -0.057701164500590811
leaf_weight=122.99551817961037 15.630999084562065 10.25009322166443 5.8252700828015831 5.1708602569997302 7.1448595002293569 3.1409253850579262 2.5942880883812931 16.361997956410054 10.207215490750967 13.633278861641882 4.2413653051480642 1.8773896433413053 16.375491563230753 6.3687062924727789 12.461042217910292 5.2151213139295569 16.118664734065533 14.161981896497307
leaf_count=617 150 44 62 33 36 60 20 70 100 131 37 13 234 112 89 75 161 258
internal_value=0 -0.00761644 0.0137821 0.0409264 -0.0121379 0.0140761 -0.0126139 -0.00813959 0.0119128 0.027448 -0.0184509 -0.0220927 -0.0395083 -0.0158631 -0.00332292 0.0213455 -0.0276126 -0.0441724
internal_weight=0 166.78 31.532 15.421 16.1111 10.2858 135.248 118.491 40.2025 29.9953 78.2888 74.0474 38.3752 21.9997 35.6722 17.6762 17.9961 16.7563
internal_count=2302 1685 235 77 158 96 1450 1172 301 201 871 834 496 262 338 164 174 278
is_linear=0
shrinkage=0.0703686


Tree=19
num_leaves=19
num_cat=0
split_feature=39 31 47 27 2 27 38 35 38 19 5 6 14 38 42 1 1 42
split_gain=4.043 3.49266 5.02227 4.07887 3.46634 4.21152 3.23785 3.19756 3.79189 3.38051 6.33712 3.53859 4.34662 2.92661 3.00295 2.90325 6.43628 4.74457
threshold=2.5000000000000004 10.500000000000002 2.5000000000000004 17.500000000000004 1.0000000180025095e-35 1.0000000180025095e-35 10.500000000000002 1.0000000180025095e-35 35.000000000000007 7.5000000000000009 4.5000000000000009 2.5000000000000004 1.0000000180025095e-35 1.5000000000000002 35.000000000000007 2.5000000000000004 9.5000000000000018 9.5000000000000018
decision_type=2 2 2 2 2 2 2 2 2 2 2 2 2 2 2 2 2 2
left_child=7 4 -3 -4 6 15 -2 9 -9 11 -11 -1 -13 -12 -15 -6 17 -17
right_child=1 2 3 -5 5 -7 -8 8 -10 10 13 12 -14 14 -16 16 -18 -19
leaf_value=0.0061702449864041086 -0.057855475898242532 0.065755846327601175 -0.091775693572817424 0.079703983656078156 0.034014133672321527 -0.010802704849647418 -0.012451101955058793 0.063240184458233262 -0.03457896312349245 -0.11555930398291292 -0.038515559465274268 0.07627871643176283 -0.0029514178380517547 0.031683826132708176 -0.043516913526885741 0.02471966829626817 0.035740220895032343 -0.098961638685436643
leaf_weight=47.27472772449255 12.141172857955096 7.2580015752464515 2.2506749220192437 0.97519780695438374 20.974526233039796 104.42401946336031 21.866644617170095 10.224227260798214 2.4078236185014239 2.7561498545110252 7.5468181148171452 8.9408958051353675 5.5159486215561619 11.889272185042499 3.3596684709191313 2.3052769489586344 8.107578866183756 4.5089997695758939
leaf_count=216 166 27 41 4 166 1000 269 41 16 23 60 28 30 52 25 17 52 69
internal_value=0 -0.00616543 0.0332476 -0.03954 -0.00854315 -0.00364869 -0.0287014 0.0114037 0.0444996 0.00659838 -0.0149023 0.0155163 0.0459858 -0.00265379 0.0150319 0.0171303 -0.00653344 -0.0569765
internal_weight=0 184.812 10.4839 3.22587 174.328 140.32 34.0078 99.9155 12.6321 87.2835 25.5519 61.7316 14.4568 22.7958 15.2489 35.8964 14.9219 6.81428
internal_count=2302 1811 72 45 1739 1304 435 491 57 434 160 274 58 137 77 304 138 86
is_linear=0
shrinkage=0.0703686


Tree=20
num_leaves=19
num_cat=0
split_feature=15 15 5 43 27 48 31 38 11 39 40 43 0 13 4 1 3 7
split_gain=3.31623 3.27033 4.05001 5.3457 3.74027 11.3071 4.94882 4.92618 4.50343 3.3211 3.57822 3.46998 4.89305 3.80115 4.40045 3.28838 6.04191 5.01942
threshold=70.000000000000014 34.500000000000007 18.500000000000004 12.500000000000002 3.5000000000000004 3.5000000000000004 8.5000000000000018 15.500000000000002 5.5000000000000009 5.5000000000000009 -1.0000000180025095e-35 3.5000000000000004 2.5000000000000004 1.5000000000000002 1.0000000180025095e-35 18.500000000000004 40.500000000000007 11.500000000000002
decision_type=2 2 2 2 2 2 2 2 2 2 2 2 2 2 2 2 2 2
left_child=1 4 3 -3 9 6 8 -7 -6 15 -11 13 -13 14 -12 16 -1 -18
right_child=-2 2 -4 -5 5 7 -8 -9 -10 10 11 12 -14 -15 -16 -17 17 -19
leaf_value=0.014003582006532865 -0.05217561855798207 0.035759243038117422 -0.043114275917536346 -0.076624417285010363 0.014380211085914255 -0.092858586818558214 0.083100298306774886 -0.020011748744719973 -0.09269538721532776 -0.11011510008203752 0.070368105899051916 -0.038042287793818408 0.0024304089379372069 -0.066401029488268301 0.00034410677495773552 0.045259191553086615 -0.090203879776626361 -0.0089950848251626452
leaf_weight=84.101559017784894 5.8983658514916888 31.880830984562635 4.4187308195978394 2.231409888714551 11.710694894194605 10.508990770205857 4.2680880911648265 8.2543024970218521 2.3244870640337458 1.6906957328319538 7.451410321518785 26.463309586979449 33.418363012373447 2.3389473035931578 11.07390404678881 11.476689914241431 4.9394433051347759 16.007539171725512
leaf_count=453 72 189 48 33 89 164 15 81 28 23 29 465 327 16 78 41 46 105
internal_value=0 0.00112214 0.0201307 0.0283621 -0.0019768 -0.0224999 0.016802 -0.0608889 -0.0033114 0.00184179 -0.00895994 -0.00681936 -0.0154395 0.0178656 0.0285841 0.00949302 0.00557245 -0.0282197
internal_weight=0 274.559 38.531 34.1122 236.028 37.0666 18.3033 18.7633 14.0352 198.962 82.4366 80.7459 59.8817 20.8643 18.5253 116.525 105.049 20.947
internal_count=2302 2230 270 222 1960 377 132 245 117 1583 938 915 792 123 107 645 604 151
is_linear=0
shrinkage=0.0703686


Tree=21
num_leaves=19
num_cat=0
split_feature=29 17 38 0 49 42 42 0 4 42 38 14 15 31 49 15 14 39
split_gain=2.61572 4.8611 4.00351 3.80771 3.81194 3.73192 7.34507 5.69052 5.26502 4.94705 6.00511 5.59688 5.47338 4.49281 4.3678 4.25054 4.60544 3.89964
threshold=1.0000000180025095e-35 2.5000000000000004 65.000000000000014 6.5000000000000009 5.5000000000000009 19.000000000000004 25.000000000000004 1.5000000000000002 3.5000000000000004 4.5000000000000009 8.5000000000000018 1.0000000180025095e-35 14.500000000000002 1.0000000180025095e-35 12.500000000000002 1.0000000180025095e-35 1.0000000180025095e-35 2.5000000000000004
decision_type=2 2 2 2 2 2 2 2 2 2 2 2 2 2 2 2 2 2
left_child=1 2 5 4 -4 7 -7 15 13 11 -11 -9 -13 14 -8 16 -1 -10
right_child=-2 -3 3 -5 -6 6 8 9 17 10 -12 12 -14 -15 -16 -17 -18 -19
leaf_value=-0.012265037605921019 0.01454279200235746 -0.039835500775502623 0.019656076210641062 -0.073333365598531264 -0.052706890948592398 0.063652390701637238 0.010773272825894364 0.062034581118498265 -0.096460406697154666 -0.039630650117831429 0.0097851714930307417 -0.067193870919911969 0.022273008536660494 0.057252325701968476 -0.092384982527728282 -0.047942758581928382 0.11048182425628764 -0.003465686056438514
leaf_weight=22.947985367849473 50.101666105911136 16.633361249230802 8.9928507748991269 6.639319945126771 5.9961352245882145 13.522967580705879 16.854914117604501 14.011966556310652 3.8976922277361137 17.983026523143053 37.629301471635699 4.1898746937513378 17.488076461479068 9.6287138983607274 2.3038209769874802 19.89321948774159 1.6130382381379593 5.2767706150189042
leaf_count=178 342 213 89 109 128 44 116 56 25 205 319 29 85 46 24 241 3 50
internal_value=0 -0.00323142 -0.000310018 -0.0289749 -0.00922936 0.00299614 0.0191297 -0.00311499 0.00323229 0.00692867 -0.0061773 0.0273785 0.00491507 0.0180539 -0.00160233 -0.0237657 -0.00413111 -0.0431346
internal_weight=0 225.503 208.87 21.6283 14.989 187.241 51.4849 135.756 37.9619 91.3022 55.6123 35.6899 21.678 28.7874 19.1587 44.4542 24.561 9.17446
internal_count=2302 1960 1747 326 217 1421 305 1116 261 694 524 170 114 186 140 422 181 75
is_linear=0
shrinkage=0.0703686


end of trees

feature_importances:
ninki_1=40
result_2=30
result_3=27
result_1=26
ninki_2=24
umaban=22
ninki_3=17
f_lenout=16
f_course1=12
waku=12
f_mf_course1=11
f_len2=11
f_classout=11
mf_classout.1=11
mf_courseout=10
f_mf_courseout=9
f_len1=9
f_courseout=8
mf_course1=8
mf_course2=8
f_len3=7
f_course2=6
mf_course3=6
mf_class2=6
f_course3=5
mf_len2=5
mf_classout=5
f_class3=5
mf_class1=5
f_mf_classout=4
f_mf_classout.1=3
f_mf_course2=2
f_mf_course3=2
mf_len1=2
f_mf_len1=2
f_mf_len2=2
f_class1=2
f_mf_class2=2
time_df_course2=2
f_class2=1

parameters:
[boosting: gbdt]
[objective: lambdarank]
[metric: ndcg]
[tree_learner: serial]
[device_type: cpu]
[data_sample_strategy: bagging]
[data: ]
[valid: ]
[num_iterations: 202]
[learning_rate: 0.0703686]
[num_leaves: 19]
[num_threads: 16]
[seed: 0]
[deterministic: 0]
[force_col_wise: 1]
[force_row_wise: 0]
[histogram_pool_size: -1]
[max_depth: 8]
[min_data_in_leaf: 12]
[min_sum_hessian_in_leaf: 0.001]
[bagging_fraction: 1]
[pos_bagging_fraction: 1]
[neg_bagging_fraction: 1]
[bagging_freq: 0]
[bagging_seed: 7719]
[feature_fraction: 1]
[feature_fraction_bynode: 1]
[feature_fraction_seed: 2437]
[extra_trees: 0]
[extra_seed: 11797]
[early_stopping_round: 0]
[first_metric_only: 0]
[max_delta_step: 0]
[lambda_l1: 0.0155563]
[lambda_l2: 0.00671694]
[linear_lambda: 0]
[min_gain_to_split: 0]
[drop_rate: 0.1]
[max_drop: 50]
[skip_drop: 0.5]
[xgboost_dart_mode: 0]
[uniform_drop: 0]
[drop_seed: 21238]
[top_rate: 0.2]
[other_rate: 0.1]
[min_data_per_group: 100]
[max_cat_threshold: 32]
[cat_l2: 10]
[cat_smooth: 10]
[max_cat_to_onehot: 4]
[top_k: 20]
[monotone_constraints: ]
[monotone_constraints_method: basic]
[monotone_penalty: 0]
[feature_contri: ]
[forcedsplits_filename: ]
[refit_decay_rate: 0.9]
[cegb_tradeoff: 1]
[cegb_penalty_split: 0]
[cegb_penalty_feature_lazy: ]
[cegb_penalty_feature_coupled: ]
[path_smooth: 0]
[interaction_constraints: ]
[verbosity: -1]
[saved_feature_importance_type: 0]
[use_quantized_grad: 0]
[num_grad_quant_bins: 4]
[quant_train_renew_leaf: 0]
[stochastic_rounding: 1]
[linear_tree: 0]
[max_bin: 255]
[max_bin_by_feature: ]
[min_data_in_bin: 3]
[bin_construct_sample_cnt: 200000]
[data_random_seed: 38]
[is_enable_sparse: 1]
[enable_bundle: 1]
[use_missing: 1]
[zero_as_missing: 0]
[feature_pre_filter: 1]
[pre_partition: 0]
[two_round: 0]
[header: 0]
[label_column: ]
[weight_column: ]
[group_column: ]
[ignore_column: ]
[categorical_feature: ]
[forcedbins_filename: ]
[precise_float_parser: 0]
[parser_config_file: ]
[objective_seed: 8855]
[num_class: 1]
[is_unbalance: 0]
[scale_pos_weight: 1]
[sigmoid: 1]
[boost_from_average: 1]
[reg_sqrt: 0]
[alpha: 0.9]
[fair_c: 1]
[poisson_max_delta_step: 0.7]
[tweedie_variance_power: 1.5]
[lambdarank_truncation_level: 30]
[lambdarank_norm: 1]
[label_gain: ]
[lambdarank_position_bias_regularization: 0]
[eval_at: 1,3,5]
[multi_error_top_k: 1]
[auc_mu_weights: ]
[num_machines: 1]
[local_listen_port: 12400]
[time_out: 120]
[machine_list_filename: ]
[machines: ]
[gpu_platform_id: -1]
[gpu_device_id: -1]
[gpu_use_dp: 0]
[num_gpu: 1]

end of parameters

pandas_categorical:[]
