tree
version=v4
num_class=1
num_tree_per_iteration=1
label_index=0
max_feature_idx=49
objective=lambdarank
feature_names=f_course1 f_course2 f_course3 f_courseout mf_course1 mf_course2 mf_course3 mf_courseout f_mf_course1 f_mf_course2 f_mf_course3 f_mf_courseout f_len1 f_len2 f_len3 f_lenout mf_len1 mf_len2 mf_len3 mf_classout f_mf_len1 f_mf_len2 f_mf_len3 f_mf_classout f_class1 f_class2 f_class3 f_classout mf_class1 mf_class2 mf_class3 mf_classout.1 f_mf_class1 f_mf_class2 f_mf_class3 f_mf_classout.1 time_df_course1 time_df_class1 ninki_1 result_1 time_df_course2 time_df_class2 ninki_2 result_2 time_df_course3 time_df_class3 ninki_3 result_3 waku umaban
feature_infos=[0:138] [0:112] [0:114] [0:640] [0:65] [0:78] [0:71] [0:515] [0:14] [0:16] [0:13] [0:64] [0:41] [0:26] [0:22] [0:117] [0:16] [0:18] [0:24] [0:121] [0:7] [0:4] [0:4] [0:14] [0:10] [0:5] [0:7] [0:33] [0:7] [0:7] [0:10] [0:51] [0:3] [0:2] [0:3] [0:6] [-1:0] [-1:0] [-1:180] [-1:120] [-1:0] [-1:0] [-1:180] [-1:160] [-1:0] [-1:0] [-1:180] [-1:160] [1:8] [1:18]
tree_sizes=4118 4130 4113 4134 4124 4114 4108 3906 4122

Tree=0
num_leaves=38
num_cat=0
split_feature=47 39 39 0 43 2 46 7 0 19 43 39 49 38 38 11 49 6 30 7 46 3 42 43 3 43 11 42 4 49 11 0 31 18 6 39 23
split_gain=84.0646 23.9785 19.214 12.9976 10.767 9.69939 8.28636 7.90977 13.0521 7.40237 7.20659 8.94612 7.14493 7.13982 7.27382 6.62001 5.90041 5.42797 9.1549 5.17721 4.84324 9.91019 4.62748 4.31112 4.07196 4.06183 3.89845 3.74362 3.07669 2.59808 1.82415 1.7826 4.05086 5.53683 1.7045 1.33828 1.25503
threshold=6.5000000000000009 3.5000000000000004 5.5000000000000009 65.500000000000014 11.500000000000002 40.500000000000007 10.500000000000002 8.5000000000000018 1.5000000000000002 15.500000000000002 11.500000000000002 14.500000000000002 7.5000000000000009 9.5000000000000018 5.5000000000000009 13.500000000000002 2.5000000000000004 1.5000000000000002 1.0000000180025095e-35 2.5000000000000004 8.5000000000000018 286.50000000000006 45.000000000000007 16.500000000000004 38.500000000000007 2.5000000000000004 1.0000000180025095e-35 4.5000000000000009 1.0000000180025095e-35 1.5000000000000002 1.5000000000000002 7.5000000000000009 1.0000000180025095e-35 1.0000000180025095e-35 1.0000000180025095e-35 9.5000000000000018 1.5000000000000002
decision_type=2 2 2 2 2 2 2 2 2 2 2 2 2 2 2 2 2 2 2 2 2 2 2 2 2 2 2 2 2 2 2 2 2 2 2 2 2
left_child=2 3 5 4 6 13 28 20 30 23 11 17 -13 14 22 -11 24 18 -3 -8 26 -22 -1 -10 -15 -18 34 -19 -2 -6 -9 -12 33 -33 -4 -32 -7
right_child=1 10 7 -5 29 36 19 8 9 15 31 12 -14 16 -16 -17 25 27 -20 -21 21 -23 -24 -25 -26 -27 -28 -29 -30 -31 35 32 -34 -35 -36 -37 -38
leaf_value=0.0074953121237502631 0.082233093635779644 -0.039159710228382279 0.048675503173379576 0.071474866897012018 0.01498047160558051 0.049311508820482193 0.047131717855899619 -0.081655941727297995 -0.041123833740140829 0.029909522039585443 -0.083168853480829807 0.052977691882321119 -0.088878969432736821 -0.054246660695348607 -0.080367634742301519 -0.048302260838832572 0.055180790193518146 -0.011281582921476825 0.076751999016257483 -0.055280133407217942 -0.073123114233471162 0.05473202724128836 0.081030573791332022 0.07535609576347882 0.021976103343179492 0.026886953183270522 -0.049187241939172698 -0.072559037066486531 0.018255015807302981 -0.088715456976246346 0.019207123274279297 -0.069325493073084637 -0.079965755756494644 0.042093788001786391 4.0134791289124874e-05 -0.079643945623946874 0.071926358406465218
leaf_weight=26.708876650780446 2.5793279409408623 15.68286220356822 11.702861469238998 4.9217475689947596 0.59971620887517829 12.557577922940256 1.3734755255281923 6.0495062991976729 9.4313650131225586 14.820411823689939 13.488643877208235 3.5657394342124453 0.96956969797611225 2.4091651290655127 1.9416302144527424 2.7939981408417216 22.727251134812832 2.5236626118421581 1.6253863386809833 4.7790452316403389 2.9797724783420554 2.352500032633543 1.9909410998225201 0.72979590296745378 4.1232407800853252 21.820700008422136 1.086891371756791 16.475532453507185 4.5163950957357883 4.0393492728471756 0.7656247019767759 2.1452229209244238 6.3270055763423443 1.7526688538491724 1.8221330083906639 0.46302921697497368 9.8287665173411352
leaf_count=227 7 175 66 20 5 80 7 88 124 99 190 21 15 31 29 36 123 25 5 63 43 11 6 2 34 157 14 227 35 59 8 30 93 12 18 7 39
internal_value=0 -0.0368445 0.0202336 0.00436074 -0.0141674 0.0320412 0.00732092 -0.00212048 -0.0154932 -0.000868934 -0.0514005 -0.0394573 0.0223626 0.0245591 0.00670679 0.0174568 0.0352598 -0.0471895 -0.0281896 -0.0323251 0.0213722 -0.0167137 0.0126554 -0.0326109 -0.00621413 0.0413426 0.0352782 -0.0644442 0.0416974 -0.0752927 -0.0711288 -0.0719139 -0.0569174 -0.0192585 0.0421372 -0.018742 0.0593026
internal_weight=0 87.3654 159.106 22.8091 17.8873 104.108 13.2482 54.9979 35.0537 27.7756 64.5563 40.8428 4.53531 81.7218 30.6414 17.6144 51.0804 36.3074 17.3082 6.15252 19.9442 5.33227 28.6998 10.1612 6.53241 44.548 14.6119 18.9992 7.09572 4.63907 7.27816 23.7135 10.2249 3.89789 13.525 1.22865 22.3863
internal_count=2231 989 1242 196 176 726 112 516 364 261 793 468 36 607 262 135 345 432 180 70 152 54 233 126 65 280 98 252 42 64 103 325 135 42 84 15 119
is_linear=0
shrinkage=0.0467561


Tree=1
num_leaves=38
num_cat=0
split_feature=43 39 43 24 0 28 38 3 42 4 5 39 46 47 42 38 38 30 39 46 17 43 0 15 29 39 28 48 39 29 11 39 19 18 49 27 6
split_gain=82.3757 26.0519 27.0265 21.5463 18.8643 19.3812 17.0848 22.0274 21.5706 15.3393 14.6894 16.0628 13.3899 13.3485 12.9622 12.6966 11.934 9.96417 10.5627 9.21179 8.87255 8.62684 8.37925 12.3142 8.36599 8.32707 12.3387 7.44008 7.25077 7.12576 7.26939 6.88896 6.7108 6.58208 8.30531 8.80179 5.79869
threshold=6.5000000000000009 3.5000000000000004 1.0000000180025095e-35 1.0000000180025095e-35 49.000000000000007 1.0000000180025095e-35 13.500000000000002 110.50000000000001 95.000000000000014 1.5000000000000002 5.5000000000000009 1.0000000180025095e-35 11.500000000000002 4.5000000000000009 55.000000000000007 9.5000000000000018 8.5000000000000018 1.0000000180025095e-35 15.500000000000002 85.000000000000014 4.5000000000000009 9.5000000000000018 6.5000000000000009 2.5000000000000004 1.0000000180025095e-35 1.5000000000000002 1.5000000000000002 2.5000000000000004 4.5000000000000009 3.5000000000000004 3.5000000000000004 1.0000000180025095e-35 3.5000000000000004 1.0000000180025095e-35 5.5000000000000009 11.500000000000002 2.5000000000000004
decision_type=2 2 2 2 2 2 2 2 2 2 2 2 2 2 2 2 2 2 2 2 2 2 2 2 2 2 2 2 2 2 2 2 2 2 2 2 2
left_child=1 4 36 9 5 10 7 13 12 15 11 -1 -8 -5 -12 27 -15 18 -17 29 -9 -14 31 -24 -22 26 -7 32 -25 30 -4 -11 -2 -6 -35 -36 -3
right_child=3 2 19 6 33 25 8 20 -10 22 14 -13 21 16 -16 17 -18 -19 -20 -21 24 -23 23 28 -26 -27 -28 -29 -30 -31 -32 -33 -34 34 35 -37 -38
leaf_value=-0.011088923001829596 -0.051115735839353277 -0.029229947649718462 0.0036499693673306115 0.067124611082027649 0.060950393575915793 -0.058994697041360143 0.053286609920845232 -0.073627680496740941 -0.073150460822891741 0.046695484948898594 -0.035837140510058881 0.028965887721671909 0.022499207932529269 0.026080226577587382 0.042575953563643361 -0.026352994091998101 -0.069418102386606562 0.071858666939277491 0.036573045111658389 -0.060012481051290874 0.083725358706405795 -0.059557315289638195 0.077426127086659691 -0.0085683739725409911 -0.074323323858692933 0.055377504725077048 0.040745038772447215 -0.072486920678906025 -0.058366032779158965 -0.071500977254727885 0.031448471352916833 -0.071278748266783029 0.060445040288097475 0.049109891429271094 -0.07192762376819109 0.033865740044765794 -0.077038944397798417
leaf_weight=33.159726366400719 2.7036873660981682 13.301141206175091 79.606861842796206 6.020641420036557 31.923414826393127 3.8659783974289885 20.920783638954163 17.201703485101465 5.0096738301217547 1.1026820465922345 25.367177352309231 64.29995558783412 7.2871691547334176 6.0777087509632093 5.6111110299825659 22.903933562338356 5.3681636638939381 3.579121805727481 7.8000837117433539 4.3667149581015101 1.6430996581912034 4.5199485942721367 1.9989659339189554 9.5338934287428874 1.2857323847711084 31.229265719652176 8.9425453767180425 11.383941758424042 19.442226629704237 2.3267278261482707 27.712398672476411 34.340260241180658 2.0555234551429749 12.421197041869165 3.164342761039733 3.7140868008136749 9.5533824916928989
leaf_count=112 20 61 344 12 45 16 52 118 31 5 89 143 23 32 13 129 31 6 21 39 3 34 3 46 10 56 18 100 136 15 95 282 6 17 8 7 53
internal_value=0 0.0131774 -0.00288961 -0.0247222 0.0230074 0.0156039 -0.00522163 -0.0275221 0.0169976 -0.0372913 0.006423 0.0153377 0.0308373 0.0108936 -0.0216128 -0.0178364 -0.0187513 -0.00172721 -0.0103511 0.0064149 -0.0608323 -0.00896082 -0.0520507 -0.0342441 0.014291 0.0423631 0.0105883 -0.0519962 -0.0420016 0.00907217 0.0108335 -0.0675808 -0.00286672 0.0479178 0.026314 -0.0148694 -0.0492706
internal_weight=0 360.566 136.867 192.179 223.699 172.476 75.3346 37.597 37.7376 116.844 128.438 97.4597 32.7279 17.4665 30.9783 50.4263 11.4459 34.2831 30.704 114.013 20.1305 11.8071 66.418 30.9751 2.92883 44.0378 12.8085 16.1432 28.9761 109.646 107.319 35.4429 4.75921 51.223 19.2996 6.87843 22.8545
internal_count=2231 1131 607 1100 524 447 346 206 140 754 357 255 109 75 102 282 63 156 150 493 131 57 472 185 13 90 34 126 182 454 439 287 26 77 32 15 114
is_linear=0
shrinkage=0.0467561


Tree=2
num_leaves=38
num_cat=0
split_feature=47 39 2 3 0 6 29 42 39 42 1 46 46 3 3 1 46 43 39 3 24 18 19 29 6 30 47 42 48 28 42 17 43 42 23 7 2
split_gain=50.8459 29.9627 15.3742 19.9555 14.556 11.6456 19.0022 11.4767 11.3323 11.2726 10.9458 10.9256 10.8099 15.1053 9.69958 9.42986 9.25881 8.55288 11.2168 8.41114 7.99526 7.82587 9.81005 6.89037 6.67694 12.629 6.00882 5.33334 5.31926 5.2607 5.20171 5.02242 4.41349 3.96604 3.66366 3.32741 9.22282
threshold=6.5000000000000009 3.5000000000000004 3.5000000000000004 2.5000000000000004 65.500000000000014 1.0000000180025095e-35 1.0000000180025095e-35 19.000000000000004 6.5000000000000009 1.0000000180025095e-35 2.5000000000000004 95.000000000000014 10.500000000000002 1.5000000000000002 36.500000000000007 48.000000000000007 2.5000000000000004 11.500000000000002 14.500000000000002 32.500000000000007 1.5000000000000002 1.5000000000000002 1.5000000000000002 1.0000000180025095e-35 1.5000000000000002 1.0000000180025095e-35 9.5000000000000018 35.000000000000007 5.5000000000000009 1.5000000000000002 4.5000000000000009 1.5000000000000002 15.500000000000002 8.5000000000000018 1.0000000180025095e-35 11.500000000000002 4.5000000000000009
decision_type=2 2 2 2 2 2 2 2 2 2 2 2 2 2 2 2 2 2 2 2 2 2 2 2 2 2 2 2 2 2 2 2 2 2 2 2 2
left_child=2 4 3 9 5 14 -7 20 19 21 31 15 27 -14 33 16 -12 18 24 -9 28 22 -1 -23 25 -3 -6 -11 -5 -8 -26 35 -17 -2 -33 36 -4
right_child=1 17 10 7 26 6 29 8 -10 12 11 -13 13 -15 -16 32 -18 -19 -20 -21 -22 23 -24 -25 30 -27 -28 -29 -30 -31 -32 34 -34 -35 -36 -37 -38
leaf_value=-0.0023445610316171544 0.083525925836763257 -0.032024176459878761 -0.067102082146865527 -0.032897230582985687 0.0030818606185352812 -0.071080296300051221 -0.0086405081685259552 -0.0034685367040422441 -0.071666062421032087 0.062875348802024361 0.01921255644327418 -0.088106825915368572 -0.064482756388290763 0.062592081116926879 -0.038096782397491917 0.026670889882538507 -0.0028089002501693362 -0.058890780646533379 0.020222626698945229 0.063314427355720973 0.04786378986947281 0.065736935940423152 -0.083516432961171408 -0.039703149912931127 -0.010939394821611216 0.065091791465963125 0.077385887662353894 -0.0068180365918858168 -0.072798377133090703 0.061593658041893019 -0.063195596864319428 -0.052156001376846173 0.08662299855524011 0.02300227913057231 0.063245549240918936 0.074883721797042793 0.072892633234392962
leaf_weight=10.596295271068813 4.4911891892552358 25.867832325398926 1.5050195455551172 20.987806536257267 3.4654071480035764 11.093174465000631 6.1254110652953369 16.150916460901506 4.0245187357068053 17.897747270762927 83.126218244433403 2.2929576337337485 4.7128769196569902 3.5783913731575012 3.6139831915497771 60.579848300665617 83.793707508593798 30.812327645719051 8.7551281377673131 5.5129722505807868 2.0555032342672339 4.4952609576284877 4.6779868714511386 1.917850339785218 5.1507870256900814 3.2798326164484015 7.5918767005205154 2.7657398022711268 11.251556992530821 3.7371457740664482 22.002385377883911 1.6219196096062654 2.7937045097351065 5.0320990681648254 0.92703270912170399 10.866314779967068 3.1392784491181374
leaf_count=32 5 175 10 102 10 93 34 63 32 36 246 13 28 7 15 152 323 325 36 10 6 10 26 13 25 5 10 15 72 11 227 13 3 18 4 19 7
internal_value=0 -0.0238083 0.0092942 -0.00522325 0.00759352 -0.00753085 -0.0291572 -0.0234664 0.000165637 0.0163847 0.0157017 0.0129759 0.0354659 -0.00961321 0.0269537 0.0139907 0.00815858 -0.0385962 -0.028967 0.0135703 -0.0411581 -0.00909829 -0.0272908 0.0341701 -0.036622 -0.0210544 0.0541545 0.0535475 -0.0468637 0.0180446 -0.0533013 0.0507474 0.0293432 0.051675 -0.00998778 0.0607315 0.0274153
internal_weight=0 141.019 361.271 110.625 45.1503 34.093 20.9557 59.9833 25.6884 50.6421 250.646 232.586 28.9548 8.29127 13.1373 230.293 166.92 95.8683 65.056 21.6639 34.2949 21.6874 15.2743 6.41311 56.3008 29.1477 11.0573 20.6635 32.2394 9.86256 27.1532 18.0596 63.3736 9.52329 2.54895 15.5106 4.6443
internal_count=2231 989 1242 452 196 176 138 285 105 167 790 737 86 35 38 724 569 793 468 73 180 81 58 23 432 180 20 51 174 45 252 53 155 23 17 36 17
is_linear=0
shrinkage=0.0467561


Tree=3
num_leaves=38
num_cat=0
split_feature=47 39 39 46 39 4 48 38 43 39 43 24 0 49 43 39 23 6 31 7 49 9 5 38 42 42 31 30 16 47 43 13 47 26 48 19 0
split_gain=47.5697 21.4365 13.4761 10.9155 10.3213 15.9894 12.5456 9.14629 9.04609 8.37741 9.1976 15.7909 7.60359 6.72238 6.45276 7.3924 6.25841 5.91429 5.77334 5.60267 8.85927 8.0006 6.36452 11.8473 5.55318 5.33524 4.67985 13.5435 6.43401 4.65254 7.4096 4.45955 4.17396 4.15716 4.26922 3.62048 3.57676
threshold=6.5000000000000009 3.5000000000000004 3.5000000000000004 4.5000000000000009 1.0000000180025095e-35 1.0000000180025095e-35 1.5000000000000002 1.5000000000000002 1.0000000180025095e-35 15.500000000000002 6.5000000000000009 1.0000000180025095e-35 65.500000000000014 11.500000000000002 11.500000000000002 14.500000000000002 6.5000000000000009 1.0000000180025095e-35 1.0000000180025095e-35 13.500000000000002 1.5000000000000002 1.0000000180025095e-35 1.0000000180025095e-35 45.000000000000007 2.5000000000000004 11.500000000000002 5.5000000000000009 4.5000000000000009 1.5000000000000002 8.5000000000000018 15.500000000000002 11.500000000000002 9.5000000000000018 1.5000000000000002 7.5000000000000009 1.0000000180025095e-35 10.500000000000002
decision_type=2 2 2 2 2 2 2 2 2 2 2 2 2 2 2 2 2 2 2 2 2 2 2 2 2 2 2 2 2 2 2 2 2 2 2 2 2
left_child=2 3 4 -2 5 6 -1 -5 33 10 16 -12 17 14 15 25 -10 -9 -11 22 -21 -22 23 -6 -20 -3 28 -28 -7 30 -16 -24 -14 34 -4 -17 -35
right_child=1 13 8 7 19 26 -8 12 9 18 11 -13 32 -15 29 35 -18 -19 24 20 21 -23 31 -25 -26 -27 27 -29 -30 -31 -32 -33 -34 36 -36 -37 -38
leaf_value=0.069744890513735641 0.063259195932087398 -0.018979607918351758 -0.068106656868413065 -0.075086285272504549 0.029527179278790307 0.010153622215429817 -0.057028123626637825 0.01783462071374084 0.010893242832750517 0.070242067020967747 -0.047036960832953036 0.0090867100064107673 0.001510442025409401 -0.07029600569383615 -0.055793235662014856 0.071188507510385773 -0.050714431334526813 -0.030698070804956443 0.065991900814533017 -0.046862312796245885 0.0050972854161544512 0.036767659648512717 0.062166164590126166 -0.078141105204008299 -0.077337182934649792 -0.052532139483188516 -0.069561244148983112 0.05574191873982131 0.054470538413777768 -0.063699691920635307 0.054023605035524898 0.014059396710488758 0.073988343964436182 0.051267801608045935 0.0097293069237397913 -8.8635559412209177e-05 -0.036370872956657585
leaf_weight=1.9430633932352055 5.8824158646166316 30.290371883660555 8.0493320822715724 3.6727364286780348 29.525283105671409 25.568305179476738 13.080075185745953 9.4005575105547958 83.157130803912878 6.2843992188572866 21.18498414568603 22.666483875364065 2.9189250916242591 11.391086980700491 3.6164436228573349 2.0027440115809423 3.7465543895959845 13.132136832922695 1.0220718532800677 4.5681578293442717 36.580214653164148 33.322389494627714 20.971117578446869 2.3960913717746726 1.3415079191327093 15.766033345833419 4.5173023082315913 3.2052877768874168 9.9363064095377904 18.172809306532145 2.1084123514592648 5.2923357486724845 4.2766906023025513 1.8171948194503773 1.8964648284018046 6.7548096105456352 2.2590981349349022
leaf_count=2 14 204 75 32 73 84 50 30 315 10 154 85 9 151 37 4 18 105 2 21 119 80 36 9 14 149 24 7 21 211 10 11 6 5 11 27 16
internal_value=0 -0.0241683 0.00908243 0.00465208 0.0173739 0.00096609 -0.0405516 -0.00570237 -0.00123533 0.00236725 -0.000583465 -0.0180358 0.00291637 -0.0367321 -0.0318562 -0.0229998 0.00822472 -0.0104506 0.0468768 0.0245771 0.016075 0.0202019 0.0354481 0.0213964 -0.0153018 -0.0304856 0.0154093 -0.0175372 0.0225831 -0.052129 -0.0152893 0.0524936 0.0446867 -0.0370028 -0.0532712 0.0163415 0.00275099
internal_weight=0 129.386 344.331 39.2835 190.906 58.2503 15.0231 33.401 153.425 139.403 130.755 43.8515 29.7283 90.1027 78.7116 54.814 86.9037 22.5327 8.64798 132.656 74.4708 69.9026 58.1848 31.9214 2.36358 46.0564 43.2272 7.72259 35.5046 23.8977 5.72486 26.2635 7.19562 14.0221 9.9458 8.75755 4.07629
internal_count=2231 989 1242 196 537 188 52 182 705 598 572 239 150 793 642 384 333 135 26 349 220 199 129 82 16 353 136 31 105 258 47 47 15 107 86 31 21
is_linear=0
shrinkage=0.0467561


Tree=4
num_leaves=38
num_cat=0
split_feature=39 47 24 46 43 39 20 42 49 31 7 1 49 46 39 42 46 22 43 2 7 43 39 0 2 3 43 5 24 7 4 8 27 23 13 30 1
split_gain=39.491 26.1046 10.4371 7.69969 7.21509 8.68683 7.18586 6.53211 11.2444 8.94312 7.73352 6.45753 8.56893 8.15645 13.5054 7.90557 6.93818 8.33813 8.6151 6.82986 6.80379 6.15494 5.86847 5.4654 7.94206 7.1611 5.04684 4.92465 16.7168 6.44424 4.90825 4.84484 8.05355 4.4772 3.62602 4.23923 3.67477
threshold=3.5000000000000004 6.5000000000000009 1.0000000180025095e-35 85.000000000000014 1.0000000180025095e-35 15.500000000000002 2.5000000000000004 4.5000000000000009 5.5000000000000009 1.0000000180025095e-35 48.500000000000007 1.5000000000000002 7.5000000000000009 10.500000000000002 1.0000000180025095e-35 7.5000000000000009 55.000000000000007 1.0000000180025095e-35 3.5000000000000004 3.5000000000000004 8.5000000000000018 13.500000000000002 1.5000000000000002 6.5000000000000009 14.500000000000002 1.0000000180025095e-35 2.5000000000000004 1.0000000180025095e-35 1.5000000000000002 5.5000000000000009 2.5000000000000004 1.0000000180025095e-35 1.0000000180025095e-35 4.5000000000000009 1.5000000000000002 9.0000000000000018 11.500000000000002
decision_type=2 2 2 2 2 2 2 2 2 2 2 2 2 2 2 2 2 2 2 2 2 2 2 2 2 2 2 2 2 2 2 2 2 2 2 2 2
left_child=2 3 11 4 -2 6 -6 8 10 23 -3 12 13 14 -1 19 17 18 -13 -14 -18 -15 -19 25 -25 -9 -17 28 -4 -30 -7 -11 -33 -22 -29 36 -36
right_child=1 7 27 -5 5 30 -8 9 -10 31 -12 16 15 21 -16 26 20 22 -20 -21 33 -23 -24 24 -26 -27 -28 34 29 -31 -32 32 -34 -35 35 -37 -38
leaf_value=0.0090530965476441159 -0.033994597790603383 -0.026904442514752394 -0.071906708168729919 -0.075200900507223722 -0.002343686458141047 0.072202071249839142 0.050264854909622826 0.012020017897363308 -0.063815425356810673 -0.067872539975501647 0.081319465317171519 -0.0058096468556200244 -0.066159063743624402 -0.038176665204762053 0.066529131793068519 0.065506114616653913 0.068838510221484184 -0.031189468800826247 -0.049608877344454336 0.065576708725535962 -0.050383605385018931 0.063492299368182084 0.046842141994681799 0.024306336688134957 -0.033007185800097469 -0.05759620544467612 -0.0067274254184061088 0.058842927850191871 0.045128519216215759 -0.036284286008418438 -0.012885628716873706 0.030959935024290536 -0.05644276939757379 0.072778815972071906 -0.027979819005541411 0.081530371338196017 0.027377765256200046
leaf_weight=18.479011405259371 12.454973006621001 2.3050199151039106 4.6567916125059154 3.0182494372129431 118.14170756191015 5.8750725910067549 5.9407514967024317 4.1412774790078428 3.5570525601506233 23.969698923639953 3.7997108623385429 32.264859773218632 6.3140627965331104 6.011189851909875 17.30549381300807 3.0535421855747682 5.0755025297403318 2.8398781083524209 14.096088644117115 0.9774426445364951 2.3954067528247838 1.6389080844819544 7.9984652996063232 9.4935648888349551 11.870047564618288 14.538847077637909 6.7551290225237608 9.2840897999703866 11.47497897595167 2.5897565633058539 1.9705702029168604 3.2777976393699628 7.6470414064824581 0.85919153317809094 2.7250841595232478 3.0198383927345267 59.276459662243724
leaf_count=61 107 14 20 29 531 9 13 28 31 310 6 112 38 40 34 9 9 15 88 2 19 5 15 50 100 137 37 22 22 12 16 17 100 2 14 3 154
internal_value=0 -0.0134432 0.0142353 -0.00155975 -8.94415e-06 0.00320424 0.000183025 -0.0341418 0.00203255 -0.0388056 0.040498 0.00546669 0.0164742 0.0275085 0.0368734 -0.0115494 -0.00470323 -0.0105129 -0.0191448 -0.0483512 0.0351073 -0.0162719 0.0263704 -0.0237056 -0.00753716 -0.0421641 0.0158496 0.0261133 0.00467191 0.0301018 0.0508481 -0.0561071 -0.0302055 -0.017589 0.031512 0.0275905 0.024935
internal_weight=0 232.001 219.091 147.401 144.383 131.928 124.082 84.6001 9.66178 74.9383 6.10473 126.064 60.5348 43.4346 35.7845 17.1002 65.5294 57.1993 46.3609 7.29151 8.3301 7.6501 10.8383 40.0437 21.3636 18.6801 9.80867 93.027 18.7215 14.0647 7.84564 34.8945 10.9248 3.2546 74.3055 65.0214 62.0015
internal_count=2231 1498 733 705 676 569 544 793 51 742 20 486 226 140 95 86 260 230 200 40 30 45 30 315 150 165 46 247 54 34 25 427 117 21 193 171 168
is_linear=0
shrinkage=0.0467561


Tree=5
num_leaves=38
num_cat=0
split_feature=39 47 49 21 43 42 4 19 5 49 7 4 29 38 39 18 38 43 19 27 11 38 42 46 7 1 24 7 42 22 11 31 28 39 49 1 49
split_gain=35.8579 16.2224 11.5521 11.3876 11.8745 9.42439 10.24 7.43769 11.8907 8.79478 8.6547 9.46875 7.60368 6.62748 7.68302 6.16604 6.3993 7.70249 7.03488 5.9214 5.33959 7.0831 9.30012 5.05671 8.61964 5.2393 5.05584 4.66017 4.551 4.44667 4.03779 3.97803 7.98525 4.23951 7.63626 3.83702 3.60454
threshold=5.5000000000000009 4.5000000000000009 4.5000000000000009 1.0000000180025095e-35 7.5000000000000009 4.5000000000000009 2.5000000000000004 43.500000000000007 6.5000000000000009 15.500000000000002 78.000000000000014 1.5000000000000002 3.5000000000000004 7.5000000000000009 1.0000000180025095e-35 7.0000000000000009 9.5000000000000018 5.5000000000000009 4.5000000000000009 7.5000000000000009 3.5000000000000004 19.000000000000004 9.5000000000000018 10.500000000000002 5.5000000000000009 16.500000000000004 4.5000000000000009 34.500000000000007 45.000000000000007 1.0000000180025095e-35 41.500000000000007 1.0000000180025095e-35 1.0000000180025095e-35 14.500000000000002 6.5000000000000009 44.500000000000007 4.5000000000000009
decision_type=2 2 2 2 2 2 2 2 2 2 2 2 2 2 2 2 2 2 2 2 2 2 2 2 2 2 2 2 2 2 2 2 2 2 2 2 2
left_child=3 7 5 4 15 -3 19 8 10 35 11 -2 -9 14 27 16 17 -1 -18 -7 21 22 -5 24 -15 -25 -8 -6 29 -17 36 32 -4 -33 -35 -10 -22
right_child=1 2 31 20 13 6 26 12 9 -11 -12 -13 -14 23 -16 28 18 -19 -20 -21 30 -23 -24 25 -26 -27 -28 -29 -30 -31 -32 33 -34 34 -36 -37 -38
leaf_value=0.007460859399051255 0.0099435124540889104 0.038000460481801605 -0.039323131837560865 -0.058403737978455716 -0.072094023671527008 0.011549847452564987 -0.060086538369700307 0.059963584181586295 -0.065523751021339019 0.059363954580204908 0.054201790657796602 -0.042506973055663755 -0.067004592914924166 0.073300494785816864 -0.060101418880072088 -0.030183502781080212 0.030420959580558449 -0.048921909772813833 0.0045464193839547234 -0.069287150177296267 0.016800006553068646 -0.075011731449186173 0.062374869766394184 -0.063744014444907321 -0.011310427705989784 0.0037259746796188382 0.059525582482967562 0.043666877133106824 -0.076107271086402375 0.025531300865939754 -0.005808734947849897 -0.064449200287956282 0.041618176230764706 0.046659388343178475 -0.064731321081869686 0.0076189537597992551 0.053392613862909728
leaf_weight=59.386225003749132 31.701173370704055 7.2371081188321105 24.690320825204257 2.0412915721535665 0.99213206395506759 15.9845218397677 12.289229366928335 7.0542059522122127 11.209470780566333 1.6277989000082005 6.8345957994461051 9.8423055075108987 1.1881940849125383 4.2306965347379464 11.645385688170789 7.231633607298134 64.796274203807116 5.7936189509928218 35.602077171206474 2.2391118593513957 7.6910844482481471 2.1213647145777941 4.2811152599751949 4.2983059398829919 6.8939431607723236 6.0174042023718357 0.80697824060916978 3.0221916288137436 2.3982148617506018 5.4896038249135017 3.8185506388545027 22.861363159492615 2.9682584498077622 2.276634730398654 3.2261763960123062 1.8160983659327019 25.46030480414629
leaf_count=218 130 24 220 7 14 88 139 22 85 5 20 76 12 8 126 36 192 35 137 24 26 14 10 45 30 26 3 9 11 12 13 275 13 9 46 7 64
internal_value=0 -0.0170266 -0.0297183 0.0107292 0.00628649 -0.0100117 -0.021126 -0.000180161 -0.0056472 -0.0425138 0.00553247 -0.00249737 0.041527 -0.0178 -0.0409007 0.0112336 0.013844 0.00243387 0.0212491 0.00154448 0.0320217 -0.001518 0.0233058 -0.000901212 0.0209427 -0.0244572 -0.0526264 0.0148118 -0.0173296 -0.00613461 0.0396797 -0.0432712 -0.0306092 -0.0555838 -0.0186357 -0.0553264 0.0449211
internal_weight=0 165.854 94.5797 263.211 217.798 38.5569 31.3198 71.2738 63.0314 14.6534 48.3781 41.5435 8.2424 37.1001 15.6597 180.698 165.578 65.1798 100.398 18.2236 45.4137 8.44377 6.32241 21.4403 11.1246 10.3157 13.0962 4.01432 15.1195 12.7212 36.9699 56.0228 27.6586 28.3642 5.50281 13.0256 33.1514
internal_count=2231 1198 841 1033 899 278 254 357 323 97 226 206 34 258 149 641 582 253 329 112 134 31 17 109 38 71 142 23 59 48 103 563 233 330 55 92 90
is_linear=0
shrinkage=0.0467561


Tree=6
num_leaves=38
num_cat=0
split_feature=47 39 7 39 28 43 38 46 42 3 27 7 8 27 43 39 49 16 38 42 1 49 39 43 9 47 26 31 7 20 39 39 19 42 38 49 13
split_gain=28.6879 15.4196 9.01844 8.30708 8.24028 7.94792 7.33228 9.98704 8.33144 7.09352 9.46625 6.54881 11.0475 9.61755 7.41598 6.22605 7.45096 8.36518 5.91684 5.48875 5.10292 4.6891 5.40433 9.25773 4.36124 4.38542 4.22326 4.09468 6.16687 4.39754 3.50193 3.43181 3.40851 3.13577 4.16724 4.80389 3.03598
threshold=6.5000000000000009 3.5000000000000004 4.5000000000000009 9.5000000000000018 1.5000000000000002 16.500000000000004 9.5000000000000018 6.5000000000000009 35.000000000000007 511.00000000000006 5.5000000000000009 4.5000000000000009 1.0000000180025095e-35 7.5000000000000009 5.5000000000000009 2.5000000000000004 6.5000000000000009 4.5000000000000009 13.500000000000002 85.000000000000014 40.000000000000007 11.500000000000002 14.500000000000002 11.500000000000002 5.5000000000000009 12.500000000000002 1.5000000000000002 1.0000000180025095e-35 17.500000000000004 1.0000000180025095e-35 3.5000000000000004 1.5000000000000002 1.0000000180025095e-35 4.5000000000000009 45.000000000000007 9.5000000000000018 11.500000000000002
decision_type=2 2 2 2 2 2 2 2 2 2 2 2 2 2 2 2 2 2 2 2 2 2 2 2 2 2 2 2 2 2 2 2 2 2 2 2 2
left_child=3 2 33 6 24 11 7 9 -9 10 -1 14 36 -14 26 16 17 -8 20 -20 -17 22 27 -24 25 -4 -5 28 -3 -29 -10 -18 -16 -2 35 -35 -13
right_child=1 21 4 5 -6 -7 15 8 30 -11 -12 12 13 -15 32 18 31 -19 19 -21 -22 -23 23 -25 -26 -27 -28 29 -30 -31 -32 -33 -34 34 -36 -37 -38
leaf_value=-0.0032826324457246921 0.076505173322677172 -0.036170313529041612 -0.044915243217910288 -0.081824074254877185 0.048991337444118634 0.070719233599647005 0.02024490324134302 -0.063817007438668971 0.07714321027496332 -0.071721773542323522 0.029120167042251208 -0.064995283944070378 0.029580874228025827 -0.071023940538663469 0.0037196813700621102 0.038968073020468917 0.02206606827338603 -0.054564145311632922 0.0062468701429778568 -0.04589006342764064 -0.036900329801041999 -0.063206206684441102 0.031521217220478341 -0.062975126146807808 0.04467055576722407 0.0037228543268605055 0.035273021797896029 -0.056793973427806614 0.0086492927455503431 -0.0022423437363361873 -0.024539516740336623 0.053697541523397091 0.055010555918533023 -0.078600250222225707 0.054662589778171254 0.034278004403125437 0.016821806039338149
leaf_weight=55.691366400569677 3.5463114976882917 22.061553362756971 12.785496290773162 2.5997301042079921 4.2038045078515998 2.3885480388998976 28.20832685939968 8.5095246061682683 1.4907320141792291 2.477631449699401 30.480506435036659 12.979759262874724 8.1262085102498514 2.7665109001100054 6.6239000260829908 18.69220840185881 11.330386966466902 3.6742315739393225 69.959156595170498 4.689768696203827 2.1442349441349497 9.3409574441611749 7.4084466323256475 3.2396244816482067 1.8884382545948017 5.9215170238167039 0.89143810421228398 20.332784131169323 9.6288454048335534 3.8442947249859563 1.4340719133615492 22.454711817204952 4.9340567402541637 1.4634813144803049 4.0368906483054161 1.8320860229432581 1.0638018175959576
leaf_count=234 5 194 103 19 13 4 81 70 2 10 86 121 35 23 29 51 43 17 293 38 8 151 31 45 5 39 3 272 61 39 10 48 11 13 10 8 6
internal_value=0 -0.0202765 0.00506996 0.00744968 -0.0105005 -0.0117486 0.0105646 0.000623948 -0.0404581 0.00593197 0.00818269 -0.0167116 -0.031402 0.00393491 0.00763718 0.0167371 0.0278176 0.011591 0.00911166 0.00295841 0.0311281 -0.0321965 -0.0278218 0.00269726 -0.0226846 -0.0295303 -0.0518778 -0.0336382 -0.0225542 -0.0481317 0.0274567 0.0431117 0.0256816 0.0405192 0.0229343 -0.0160201 -0.0587779
internal_weight=0 111.535 35.678 303.611 24.7993 42.374 261.237 100.084 11.4343 88.6495 86.1719 39.9854 24.9363 10.8927 15.0491 161.153 65.6677 31.8826 95.4854 74.6489 20.8364 75.8565 66.5155 10.6481 20.5955 18.707 3.49117 55.8675 31.6904 24.1771 2.9248 33.7851 11.558 10.8788 7.33246 3.29557 14.0436
internal_count=2231 989 196 1242 160 251 991 412 82 330 320 247 185 58 62 579 189 98 390 331 59 793 642 76 147 142 22 566 255 311 12 91 40 36 31 21 127
is_linear=0
shrinkage=0.0467561


Tree=7
num_leaves=36
num_cat=0
split_feature=47 43 9 4 38 30 39 39 0 43 4 42 49 31 38 39 39 7 47 14 38 38 39 38 43 2 8 6 35 25 2 7 5 4 38
split_gain=24.6255 13.0834 8.01588 7.22392 5.34758 5.38293 5.37381 6.3375 6.85733 4.85519 4.34902 3.74993 6.966 6.65577 6.64056 4.81319 7.5457 5.5548 3.48617 3.2221 2.80033 2.36033 2.12024 1.95762 1.72055 2.8471 1.56097 1.32497 0.843125 0.575005 0.547799 0.426211 0.159138 0.031537 0.00732981
threshold=7.5000000000000009 5.5000000000000009 1.5000000000000002 1.0000000180025095e-35 135.00000000000003 9.0000000000000018 15.500000000000002 9.5000000000000018 3.5000000000000004 4.5000000000000009 1.5000000000000002 6.5000000000000009 5.5000000000000009 2.5000000000000004 8.5000000000000018 4.5000000000000009 1.5000000000000002 32.500000000000007 14.500000000000002 6.5000000000000009 19.000000000000004 25.000000000000004 7.5000000000000009 6.5000000000000009 16.500000000000004 1.5000000000000002 1.0000000180025095e-35 1.0000000180025095e-35 1.0000000180025095e-35 1.0000000180025095e-35 3.5000000000000004 86.000000000000014 21.500000000000004 7.5000000000000009 9.5000000000000018
decision_type=2 2 2 2 2 2 2 2 2 2 2 2 2 2 2 2 2 2 2 2 2 2 2 2 2 2 2 2 2 2 2 2 2 2 2
left_child=4 2 3 23 5 6 7 9 -9 -1 29 12 13 22 24 16 -16 -17 27 -12 -4 -22 -3 -2 28 -26 33 -5 -13 -8 -25 -23 34 -6 -14
right_child=1 11 20 18 26 -7 10 8 -10 -11 19 14 32 -15 15 17 -18 -19 -20 -21 21 31 -24 30 25 -27 -28 -29 -30 -31 -32 -33 -34 -35 -36
leaf_value=0.011668615682915618 0.06269948206592546 0.028477905383300681 0.069642126725664028 0.0063608415767696875 -0.08213002928178216 0.065311673940972897 0.046692740798520031 -0.04645615081063862 -0.0004663569842918934 -0.0020575447517119294 -0.066791086252327686 -0.070304016201054073 -0.07383756602775926 0.07432311164344077 -0.078046282944454759 -0.020080552970384063 0.029537520456769328 -0.060862536184676769 0.04282417055766298 0.057345129537685884 0.073757345471214986 -0.012706740800434824 -0.043552999291667831 0.02037345063134215 0.067051491734337706 -0.065261861853683475 -0.00022238967776594867 -0.05008211035965672 -0.039233685121678651 0.076776032305646461 -0.036920763705367246 -0.073775222359057022 -0.042903546131707875 -0.058382002307701478 -0.05855317594729547
leaf_weight=185.1386482603848 2.868029426783326 1.3466142192482933 5.0937944650650016 1.0322294607758502 1.6599253863096235 3.3667533732950679 2.679453767836093 9.9733765590935928 24.376143196597695 80.955745127052069 1.1355586647987364 13.084790470078589 1.5172074884176261 2.9200650006532669 1.8083834387361983 21.014627101831138 6.4216131642460823 11.201758086681364 1.1623714715242375 0.73482587933540333 0.55608254671096791 0.49965956062078454 2.5614428482949734 0.84608886390924432 0.57598168775439151 0.85660024359822273 0.77560245245695103 7.2506684474647045 2.3555292915552846 3.3108099102973938 0.6077527180314064 0.50564629957079887 0.84892424196004856 0.44472392741590727 0.80032786354422558
leaf_count=651 8 9 10 4 18 8 8 91 139 425 18 191 22 6 16 201 28 165 7 2 1 5 16 7 2 14 6 74 32 5 5 7 10 8 12
internal_value=0 -0.0219006 0.0108688 -0.00950339 0.00610971 0.00669764 0.00605287 0.00505249 -0.0138417 0.0074926 0.0441637 -0.0318435 -0.00539645 0.0211834 -0.0364504 -0.0261456 0.00574954 -0.0342934 -0.0323981 -0.017898 0.0529127 -0.00184049 -0.0187008 0.0404331 -0.0610843 -0.0118253 -0.0570688 -0.0430441 -0.0656287 0.0635443 -0.00373561 -0.0443768 -0.0624824 -0.0777799 -0.0691704
internal_weight=0 87.7362 20.4223 13.7671 314.552 311.671 308.305 300.444 34.3495 266.094 7.86065 67.3139 9.99458 6.82812 57.3193 40.4464 8.23 32.2164 9.44527 1.87038 6.65518 1.56139 3.90806 4.32187 16.8729 1.43258 2.88025 8.2829 15.4403 5.99026 1.45384 1.00531 3.16646 2.10465 2.31754
internal_count=2231 852 128 105 1379 1347 1339 1306 230 1076 33 724 75 31 649 410 44 366 85 20 23 13 25 20 239 16 32 78 223 13 12 12 44 26 34
is_linear=0
shrinkage=0.0467561


Tree=8
num_leaves=38
num_cat=0
split_feature=47 39 7 31 30 4 30 12 2 3 3 3 38 27 1 38 39 42 48 18 19 31 12 27 43 7 15 43 46 38 5 6 46 38 46 48 4
split_gain=19.1194 10.5116 6.2285 7.31257 5.39442 5.06595 6.28528 7.46819 4.74915 9.85685 8.64786 8.15018 7.21633 6.5306 7.99108 5.98016 5.70702 5.45021 6.73637 5.2465 4.57605 6.36062 4.27128 5.68889 4.02999 3.71865 3.53162 3.20978 2.78353 2.85543 3.03479 2.70092 2.59917 0.757895 0.351916 0.320168 0.298363
threshold=6.5000000000000009 3.5000000000000004 4.5000000000000009 1.5000000000000002 9.0000000000000018 12.500000000000002 1.0000000180025095e-35 1.0000000180025095e-35 3.5000000000000004 2.5000000000000004 32.500000000000007 44.500000000000007 45.000000000000007 5.5000000000000009 4.5000000000000009 85.000000000000014 1.0000000180025095e-35 1.0000000180025095e-35 7.5000000000000009 1.5000000000000002 25.500000000000004 1.0000000180025095e-35 1.0000000180025095e-35 2.5000000000000004 10.500000000000002 1.5000000000000002 6.5000000000000009 5.5000000000000009 4.5000000000000009 45.000000000000007 1.0000000180025095e-35 1.0000000180025095e-35 45.000000000000007 55.000000000000007 4.5000000000000009 7.5000000000000009 28.000000000000004
decision_type=2 2 2 2 2 2 2 2 2 2 2 2 2 2 2 2 2 2 2 2 2 2 2 2 2 2 2 2 2 2 2 2 2 2 2 2 2
left_child=4 2 28 27 8 6 20 35 9 17 16 12 25 14 -13 -15 -11 19 -19 -1 21 -3 31 -24 -9 -10 -12 32 -2 30 -30 -5 -4 -14 36 -8 -7
right_child=1 5 3 22 -6 34 7 24 11 10 26 13 33 15 -16 -17 -18 18 -20 -21 -22 -23 23 -25 -26 -27 -28 -29 29 -31 -32 -33 -34 -35 -36 -37 -38
leaf_value=-0.024806682823914895 0.072218425928342753 -0.019689832995684876 -0.052354298380771457 0.05204228692015983 0.062846199507206199 -0.057695727306084854 -0.074871329674960976 0.059389043880650312 -0.041475870907238477 -0.067054342602760539 0.049804454679081525 0.042153930687096677 -0.011614468495208639 0.015426707539836382 -0.011723370435883987 -0.030874504932800931 -0.019287008136914051 0.03716247835755912 -0.045825734049882466 0.029620183505673931 0.052470444602668427 -0.0545666927272258 0.053698489038803539 -0.01040012674153208 -0.038574659473253801 0.043967101908589774 -0.010282468694317055 -0.073889791291809268 0.015837759699088322 0.046575559798624502 -0.082901237092376914 -0.061154121378090065 0.022750650374826396 -0.076823528569914173 -0.065043693929169921 -0.027455398322711697 -0.006560378660429203
leaf_weight=11.391882430762054 3.0668914914131147 36.159740214236081 1.9907430186867734 0.55089873820543234 3.6001716777682296 0.52576278336345961 1.4618260525166977 4.9465530049055815 1.1512346342206061 6.559717182070016 4.9835739880800229 6.6972077935934058 0.58173768594860931 102.44547805562615 57.700698064640164 6.4636863935738793 32.587888216599822 20.401454063132409 2.369407679885625 5.8382005691528311 1.4659454822540272 16.730819239281118 6.240166472271083 5.8459587953984737 1.1096172519028185 23.762416981160641 3.7205403223633766 4.0634913202375174 2.2882466539740567 3.7222040146589279 0.94357790797948826 2.4029647801071405 1.997665539383888 1.2270699478685854 7.3972662054002285 0.44225239753723133 0.47396852076053619
leaf_count=58 5 328 9 2 8 8 23 17 7 41 14 20 5 367 255 41 208 73 13 22 6 254 20 33 17 75 21 50 13 10 8 34 12 14 128 7 5
internal_value=0 -0.0172268 0.00451094 -0.00884847 0.00613706 -0.0274048 -0.0227943 0.0159698 0.00542303 -0.00363763 -0.0179535 0.00940266 0.0334275 0.00569425 -0.00610726 0.0126727 -0.0273249 0.0134872 0.0284898 -0.00634804 -0.0284761 -0.0307411 0.0104039 0.0227275 0.0413588 0.0399844 0.0241533 -0.044747 0.0352533 0.0187705 -0.0133358 -0.0398019 -0.0148051 -0.0562627 -0.0614687 -0.0643154 -0.0341521
internal_weight=0 103.827 33.1128 23.0919 291.482 70.7138 62.3168 7.96025 287.882 87.8527 47.8517 200.03 26.7225 173.307 64.3979 108.909 39.1476 40.0009 22.7709 17.2301 54.3565 52.8906 15.04 12.0861 6.05617 24.9137 8.70411 8.0519 10.0209 6.95403 3.23182 2.95386 3.98841 1.80881 8.397 1.90408 0.999731
internal_count=2231 989 196 160 1242 793 652 64 1234 450 284 784 101 683 275 408 249 166 86 80 588 582 89 53 34 82 35 71 36 31 21 36 21 19 141 30 13
is_linear=0
shrinkage=0.0467561


end of trees

feature_importances:
result_1=38
result_2=27
ninki_1=23
ninki_2=21
mf_courseout=17
ninki_3=16
umaban=16
result_3=14
f_courseout=12
mf_course1=11
f_course1=10
mf_classout.1=9
f_course2=8
f_course3=8
mf_course3=8
mf_classout=8
mf_class3=8
f_classout=7
mf_course2=6
f_mf_courseout=6
f_class1=6
waku=6
mf_len3=5
mf_class1=5
mf_class2=5
f_mf_classout=4
f_mf_course1=3
f_mf_course2=3
f_len2=3
f_len1=2
f_lenout=2
mf_len1=2
mf_len2=2
f_mf_len1=2
f_mf_len3=2
f_class3=2
f_len3=1
f_mf_len2=1
f_class2=1
f_mf_classout.1=1

parameters:
[boosting: gbdt]
[objective: lambdarank]
[metric: ndcg]
[tree_learner: serial]
[device_type: cpu]
[data_sample_strategy: bagging]
[data: ]
[valid: ]
[num_iterations: 209]
[learning_rate: 0.0467561]
[num_leaves: 38]
[num_threads: 16]
[seed: 0]
[deterministic: 0]
[force_col_wise: 1]
[force_row_wise: 0]
[histogram_pool_size: -1]
[max_depth: 6]
[min_data_in_leaf: 6]
[min_sum_hessian_in_leaf: 0.001]
[bagging_fraction: 1]
[pos_bagging_fraction: 1]
[neg_bagging_fraction: 1]
[bagging_freq: 0]
[bagging_seed: 7719]
[feature_fraction: 1]
[feature_fraction_bynode: 1]
[feature_fraction_seed: 2437]
[extra_trees: 0]
[extra_seed: 11797]
[early_stopping_round: 0]
[first_metric_only: 0]
[max_delta_step: 0]
[lambda_l1: 0.00101311]
[lambda_l2: 0.0216533]
[linear_lambda: 0]
[min_gain_to_split: 0]
[drop_rate: 0.1]
[max_drop: 50]
[skip_drop: 0.5]
[xgboost_dart_mode: 0]
[uniform_drop: 0]
[drop_seed: 21238]
[top_rate: 0.2]
[other_rate: 0.1]
[min_data_per_group: 100]
[max_cat_threshold: 32]
[cat_l2: 10]
[cat_smooth: 10]
[max_cat_to_onehot: 4]
[top_k: 20]
[monotone_constraints: ]
[monotone_constraints_method: basic]
[monotone_penalty: 0]
[feature_contri: ]
[forcedsplits_filename: ]
[refit_decay_rate: 0.9]
[cegb_tradeoff: 1]
[cegb_penalty_split: 0]
[cegb_penalty_feature_lazy: ]
[cegb_penalty_feature_coupled: ]
[path_smooth: 0]
[interaction_constraints: ]
[verbosity: -1]
[saved_feature_importance_type: 0]
[use_quantized_grad: 0]
[num_grad_quant_bins: 4]
[quant_train_renew_leaf: 0]
[stochastic_rounding: 1]
[linear_tree: 0]
[max_bin: 255]
[max_bin_by_feature: ]
[min_data_in_bin: 3]
[bin_construct_sample_cnt: 200000]
[data_random_seed: 38]
[is_enable_sparse: 1]
[enable_bundle: 1]
[use_missing: 1]
[zero_as_missing: 0]
[feature_pre_filter: 1]
[pre_partition: 0]
[two_round: 0]
[header: 0]
[label_column: ]
[weight_column: ]
[group_column: ]
[ignore_column: ]
[categorical_feature: ]
[forcedbins_filename: ]
[precise_float_parser: 0]
[parser_config_file: ]
[objective_seed: 8855]
[num_class: 1]
[is_unbalance: 0]
[scale_pos_weight: 1]
[sigmoid: 1]
[boost_from_average: 1]
[reg_sqrt: 0]
[alpha: 0.9]
[fair_c: 1]
[poisson_max_delta_step: 0.7]
[tweedie_variance_power: 1.5]
[lambdarank_truncation_level: 30]
[lambdarank_norm: 1]
[label_gain: ]
[lambdarank_position_bias_regularization: 0]
[eval_at: 1,3,5]
[multi_error_top_k: 1]
[auc_mu_weights: ]
[num_machines: 1]
[local_listen_port: 12400]
[time_out: 120]
[machine_list_filename: ]
[machines: ]
[gpu_platform_id: -1]
[gpu_device_id: -1]
[gpu_use_dp: 0]
[num_gpu: 1]

end of parameters

pandas_categorical:[]
