tree
version=v4
num_class=1
num_tree_per_iteration=1
label_index=0
max_feature_idx=50
objective=lambdarank
feature_names=f_course1 f_course2 f_course3 f_courseout mf_course1 mf_course2 mf_course3 mf_courseout f_mf_course1 f_mf_course2 f_mf_course3 f_mf_courseout f_len1 f_len2 f_len3 f_lenout mf_len1 mf_len2 mf_len3 mf_classout f_mf_len1 f_mf_len2 f_mf_len3 f_mf_classout f_class1 f_class2 f_class3 f_classout mf_class1 mf_class2 mf_class3 mf_classout.1 f_mf_class1 f_mf_class2 f_mf_class3 f_mf_classout.1 time_df_course1 time_df_class1 ninki_1 result_1 time_df_course2 time_df_class2 ninki_2 result_2 time_df_course3 time_df_class3 ninki_3 result_3 waku umaban self_popularity
feature_infos=[0:138] [0:112] [0:114] [0:640] [0:65] [0:78] [0:71] [0:515] [0:14] [0:16] [0:13] [0:64] [0:41] [0:26] [0:23] [0:122] [0:19] [0:18] [0:24] [0:121] [0:7] [0:5] [0:5] [0:21] [0:10] [0:7] [0:8] [0:47] [0:7] [0:7] [0:10] [0:51] [0:3] [0:3] [0:3] [0:6] [-1:0] [-1:0] [-1:180] [-1:120] [-1:0] [-1:0] [-1:180] [-1:170] [-1:0] [-1:0] [-1:180] [-1:160] [1:8] [1:18] [-1:18]
tree_sizes=4047 4055 4067 4036 4033 4051 4056 4046 4049 4042

Tree=0
num_leaves=37
num_cat=0
split_feature=49 50 38 38 47 39 38 23 17 3 32 28 38 39 42 23 31 2 12 48 38 42 18 5 47 49 9 30 43 43 4 4 14 39 46 3
split_gain=4.36534 5.30751 5.78963 5.26093 5.20061 4.41085 5.20108 5.1207 9.13361 6.17958 4.45298 5.28635 4.84396 5.68529 4.35477 4.18507 4.04036 5.66503 3.66217 3.53483 3.50792 4.33798 4.05253 3.55658 3.37499 3.35042 3.09698 3.03303 4.61404 2.83246 2.39859 2.35681 2.33839 3.37116 2.32068 3.2991
threshold=11.500000000000002 12.500000000000002 145.00000000000003 9.5000000000000018 14.500000000000002 2.5000000000000004 10.500000000000002 1.0000000180025095e-35 14.500000000000002 32.500000000000007 1.0000000180025095e-35 3.5000000000000004 105.00000000000001 15.500000000000002 19.000000000000004 1.0000000180025095e-35 8.5000000000000018 4.5000000000000009 14.500000000000002 5.5000000000000009 12.500000000000002 19.000000000000004 4.5000000000000009 4.5000000000000009 5.5000000000000009 8.5000000000000018 1.5000000000000002 1.0000000180025095e-35 7.5000000000000009 8.5000000000000018 1.5000000000000002 1.0000000180025095e-35 1.0000000180025095e-35 10.500000000000002 10.500000000000002 25.500000000000004
decision_type=2 2 2 2 2 2 2 2 2 2 2 2 2 2 2 2 2 2 2 2 2 2 2 2 2 2 2 2 2 2 2 2 2 2 2 2
left_child=1 2 4 27 5 6 7 14 9 -9 11 12 13 -7 25 32 18 -18 31 -17 22 -22 23 -3 -14 -1 -12 28 30 -8 -2 -5 33 -6 -30 -36
right_child=3 20 -4 16 15 10 29 8 -10 -11 26 -13 24 -15 -16 19 17 -19 -20 -21 21 -23 -24 -25 -26 -27 -28 -29 34 -31 -32 -33 -34 -35 35 -37
leaf_value=-0.0067946209152581804 -0.0076667657355406768 0.0033056972743718844 -0.053906780190493137 -0.012751236752448439 -0.01756888389729077 0.003707246773723459 -0.028888357298343111 0.0086154715888919989 0.041000751052980039 -0.048737494305714987 0.046066512880661749 -0.046313191511559555 -0.05534914099710548 -0.036409760190612941 0.028611491417502397 -0.041973947373321101 0.038045556978779857 -0.02768911786046472 0.019108440439156323 0.018849820453327538 0.0410085282900177 0.0045552352097955155 0.039427780697778303 -0.043902531979638316 -0.0087271516331286561 0.018590897882105228 0.0020079170886254196 0.020849482323461874 0.019823685623281413 0.0052317160086695867 -0.047468859888645937 -0.040007486380107912 0.03588728423827952 0.03343272118845577 0.016523722055224517 -0.056013662421675312
leaf_weight=22.774824777618054 3.0201018170919287 7.4702814153861272 1.8106546595226962 4.2704816937912282 2.3318317015655357 140.55999241047539 12.938678123522548 2.3712999687995726 1.8210248323157436 6.5804858768824488 3.5068099856143808 2.1517376131378105 2.1246103236917397 3.3480384661816052 5.3322081293445072 1.7829400841146701 2.3578384519787496 2.4789000987075269 1.4089711685664941 1.7224070471711455 7.4836411476135236 5.1831046221777797 2.2413579642307004 1.8271883088164029 4.5331001644954085 6.1441664033336556 2.6037631677463651 5.6586410375311962 5.6601030817255378 2.7348450887948266 2.6864091287134215 10.252486990531905 7.7443358828313649 2.4477084716781974 1.2646978336852046 1.0348248537629841
leaf_count=345 46 107 43 89 32 2060 240 21 15 120 23 45 51 67 66 30 24 36 28 21 61 94 24 44 72 71 41 65 67 38 50 222 65 23 21 31
internal_value=0 0.00144074 4.76713e-05 -0.00939247 0.000471328 -0.000756762 -0.00776769 -0.00247349 -0.020831 -0.0335453 0.00192222 0.000893312 0.00158007 0.0027637 0.00330914 0.0172695 -0.0200664 0.00435213 -0.0274871 -0.0121324 0.0150723 0.0261638 0.00283458 -0.00607762 -0.023851 -0.00137736 0.0274483 0.00208286 -0.00570459 -0.022922 -0.026619 -0.0320584 0.0255279 0.00855625 0.0093122 -0.016373
internal_weight=0 261.571 237.365 40.0935 235.555 219.526 60.6975 45.024 10.7728 8.95179 158.828 152.717 150.566 143.908 34.2512 16.0292 20.7687 4.83674 15.9319 3.50535 24.2056 12.6667 11.5388 9.29747 6.65771 28.919 6.11057 19.3248 13.6661 15.6735 5.70651 14.523 12.5239 4.77954 7.95963 2.29952
internal_count=4498 3819 3489 679 3446 3275 916 638 156 141 2359 2295 2250 2127 482 171 399 60 339 51 330 155 175 151 123 416 64 280 215 278 96 311 120 55 119 52
is_linear=0
shrinkage=0.0305834


Tree=1
num_leaves=37
num_cat=0
split_feature=39 47 18 43 2 23 21 4 30 38 20 39 15 18 14 27 47 47 25 15 50 31 50 11 6 31 38 42 50 38 31 19 5 38 1 50
split_gain=12.7131 17.975 14.5609 14.3881 11.9963 10.5664 20.4366 23.5537 17.9427 16.8586 20.5123 14.5619 12.1637 24.856 11.7919 30.2631 23.2117 29.7089 18.3337 15.3396 13.9206 16.6698 14.3889 13.0331 10.1709 15.9688 10.0494 9.82278 9.34583 15.3813 9.68809 19.4822 8.65868 8.47431 8.12443 7.7359
threshold=75.000000000000014 14.500000000000002 1.5000000000000002 15.500000000000002 2.5000000000000004 1.5000000000000002 1.0000000180025095e-35 18.500000000000004 2.5000000000000004 10.500000000000002 2.5000000000000004 12.500000000000002 14.500000000000002 1.5000000000000002 2.5000000000000004 3.5000000000000004 6.5000000000000009 4.5000000000000009 1.0000000180025095e-35 31.500000000000004 8.5000000000000018 1.0000000180025095e-35 11.500000000000002 8.5000000000000018 1.0000000180025095e-35 4.5000000000000009 11.500000000000002 8.5000000000000018 16.500000000000004 125.00000000000001 16.500000000000004 39.500000000000007 1.0000000180025095e-35 13.500000000000002 37.000000000000007 5.5000000000000009
decision_type=2 2 2 2 2 2 2 2 2 2 2 2 2 2 2 2 2 2 2 2 2 2 2 2 2 2 2 2 2 2 2 2 2 2 2 2
left_child=1 3 -3 5 -4 14 8 27 11 -9 -11 12 -7 -14 28 18 17 23 26 -20 21 -18 -22 -17 -5 -26 35 -8 29 30 31 -1 -31 -19 -29 -16
right_child=-2 2 4 24 -6 6 7 9 -10 10 -12 -13 13 -15 15 16 20 33 19 -21 22 -23 -24 -25 25 -27 -28 34 -30 32 -32 -33 -34 -35 -36 -37
leaf_value=0.0013688656978940285 -0.040856878051475788 0.019942338785517186 0.020554338182223401 0.0078559631148300904 -0.036810664335353974 0.043711149597249033 -0.059767598015600762 0.020975148371626937 -0.027827839343836723 -0.047619738044261679 0.02605341162661718 -0.018376066356423207 -0.010131112764524376 0.028876969155196851 -0.0090874396474031425 -0.0062098904685828245 0.029720518839591835 -0.053455049066500782 -0.029786486052431699 0.026697033398579817 -0.033677080432136144 -0.0038369256624701869 0.012954194302914781 0.026809864371469438 -0.054509436191370823 0.0018165171374088611 -0.054606732039021444 -0.040215308747365654 0.031147443185329242 0.0073762541432991222 0.022520727885092795 -0.030746309923951443 -0.047022863078602442 -0.01884216026218697 0.0035013825903642973 -0.046316243713218241
leaf_weight=563.35553513746709 7.0462426766753188 67.863741105422378 5.6134132836014023 7.4883426483720568 8.5692182625643891 19.488473038189113 7.6045360825955894 27.715423952788115 8.4117122334428114 9.1676513962447626 5.7063839323818675 9.0100048258900625 22.448713442310691 47.658250562846661 13.268805996514859 96.88813513983041 41.249544286169112 15.059828937053682 8.6920358338393289 9.2431909982115013 11.476751312613489 20.805050188675523 13.348910456523297 12.602678508497773 12.767663337290289 7.4303698074072591 18.284575963858515 7.5994441378861657 9.3141613118350488 3.776012312155216 19.025052797980607 18.204834397416562 9.7638493897393328 11.925873437430708 8.2692296355962736 8.6174392029643041
leaf_count=2046 29 184 16 23 46 46 46 76 50 54 16 43 100 137 50 428 100 71 47 30 67 73 45 37 72 33 109 36 27 20 59 89 64 60 34 35
internal_value=0 0.000243586 0.0140523 -0.0007813 -0.0140952 -0.000221619 0.00670077 -0.00667036 0.0149565 0.00688393 -0.0193452 0.0186172 0.0223456 0.0163843 -0.00154612 -0.00674172 -0.00162418 -0.00949048 -0.0263966 -0.000668919 0.0107289 0.0184702 -0.00861111 -0.00239979 -0.0225367 -0.03381 -0.037867 -0.0312463 0.000799414 0.000337019 0.00106497 0.000361368 -0.0318554 -0.0382112 -0.0174626 -0.0238068
internal_weight=0 1187.71 82.0464 1105.67 14.1826 1077.98 173.08 66.0627 107.017 42.5895 14.874 98.6054 89.5954 70.107 904.902 281.463 223.357 136.477 58.106 17.9352 86.8803 62.0546 24.8257 109.491 27.6864 20.198 40.1708 23.4732 623.439 614.125 600.585 581.56 13.5399 26.9857 15.8687 21.8862
internal_count=4498 4469 246 4223 62 4095 638 262 376 146 70 326 283 237 3457 1152 881 596 271 77 285 173 112 465 128 105 194 116 2305 2278 2194 2135 84 131 70 85
is_linear=0
shrinkage=0.0305834


Tree=2
num_leaves=37
num_cat=0
split_feature=39 42 42 16 50 46 9 46 39 26 27 31 29 43 16 42 49 38 50 48 27 46 50 29 50 38 2 5 38 2 31 42 42 38 38 31
split_gain=12.7388 29.2598 19.9044 15.5615 14.4023 14.3935 13.7891 13.5962 17.0886 13.7195 19.9733 16.3737 11.9238 11.9046 16.2343 16.3405 11.5904 22.9746 15.6474 14.0921 20.9878 22.1079 16.5776 13.8978 13.2758 29.4346 22.1795 12.9594 11.8593 13.6234 11.1196 11.0897 10.2483 16.9318 22.2621 9.43616
threshold=6.5000000000000009 135.00000000000003 5.5000000000000009 15.500000000000002 15.500000000000002 155.00000000000003 4.5000000000000009 6.5000000000000009 10.500000000000002 1.0000000180025095e-35 1.0000000180025095e-35 1.0000000180025095e-35 3.5000000000000004 13.500000000000002 1.0000000180025095e-35 15.500000000000002 7.5000000000000009 85.000000000000014 3.5000000000000004 2.5000000000000004 1.5000000000000002 12.500000000000002 5.5000000000000009 1.0000000180025095e-35 8.5000000000000018 17.500000000000004 6.5000000000000009 1.0000000180025095e-35 8.5000000000000018 1.0000000180025095e-35 12.500000000000002 135.00000000000003 95.000000000000014 95.000000000000014 65.000000000000014 1.0000000180025095e-35
decision_type=2 2 2 2 2 2 2 2 2 2 2 2 2 2 2 2 2 2 2 2 2 2 2 2 2 2 2 2 2 2 2 2 2 2 2 2
left_child=3 2 4 5 7 12 16 9 -9 10 11 -2 13 31 -15 -16 17 19 -19 20 27 -22 -21 -24 25 28 -27 -4 29 -18 -8 32 33 34 -1 -11
right_child=1 -3 6 -5 -6 -7 30 8 -10 35 -12 -13 -14 14 15 -17 24 18 -20 22 21 -23 23 -25 -26 26 -28 -29 -30 -31 -32 -33 -34 -35 -36 -37
leaf_value=-0.0048205636895586289 -0.040486960526255417 -0.038603518206578889 0.0096884524112757671 0.023879527436092333 0.035048561104340077 0.03455197497855831 -0.050105540327147709 0.027403016601730938 -0.023172580821079397 0.014276557411751354 -0.051726655872961234 0.013482905920264 -0.034988396151576368 0.026227217473293457 0.008048990881345008 -0.056737910829118929 0.027074975413192457 0.031585193049435356 -0.025283399754821922 0.031387839729917544 -0.0044803197909942987 0.037781279566037329 0.0062965901948076044 0.032720883046498561 0.0093321354880502375 -0.023373599813577495 0.032331202546627795 -0.029252041478004785 -0.044351072892488005 -0.030547454012714595 0.0074271710218447263 0.02535749971121708 -0.028471025790103272 0.026295229795662591 -0.036948129978454557 -0.025767401814216415
leaf_weight=420.73864862881601 8.9890450313687342 15.136370202526448 12.922082882374523 19.120878465473652 6.7192294821143141 8.80331192165613 6.9476870140060765 15.767834167927505 10.299213605001567 15.16852665320039 19.594087125733495 12.561065549030898 11.928756518289445 26.394794780761003 11.672775007784368 5.2499147132039061 6.1342782936990288 5.5883280895650413 23.150159407407045 67.346929524093866 22.390733586624265 23.906102437525988 85.202108839526772 23.809342827647924 81.931678237393498 10.125557634979488 19.513124277815223 20.836575090885162 19.081950500607491 10.116724161431192 5.6874810736626387 10.633276972919701 18.494124276563525 15.329306151717899 21.159036526456475 8.59249299764633
leaf_count=1756 41 95 37 58 17 11 47 44 50 55 121 45 60 79 48 38 16 20 135 173 101 53 263 55 340 56 54 98 116 58 24 31 96 49 105 53
internal_value=0 0.00328618 0.00445805 -0.00321691 -0.00803876 -0.00416011 0.00720432 -0.011236 0.00740738 -0.0187269 -0.029405 -0.00904783 -0.00479196 -0.00410921 0.0112464 -0.0121121 0.00812635 0.0117214 -0.0141922 0.0146282 0.00398078 0.0173493 0.0194584 0.0120787 0.00114529 -0.00917459 0.0132878 -0.0143452 -0.0280179 -0.00877127 -0.0242415 -0.00547804 -0.00616957 -0.0052649 -0.00636222 -0.000211277
internal_weight=0 557.519 542.382 569.525 97.6915 550.404 444.691 90.9723 26.067 64.9052 41.1442 21.5501 541.601 529.672 43.3175 16.9227 432.056 285.152 28.7385 256.414 80.0555 46.2968 176.358 109.011 146.903 64.9716 29.6387 33.7587 35.333 16.251 12.6352 486.354 475.721 457.227 441.898 23.761
internal_count=4498 2167 2072 2331 426 2273 1646 409 94 315 207 86 2262 2202 165 86 1575 935 155 780 289 154 491 318 640 300 110 135 190 74 71 2037 2006 1910 1861 108
is_linear=0
shrinkage=0.0305834


Tree=3
num_leaves=37
num_cat=0
split_feature=39 25 31 4 43 2 3 7 46 3 49 42 38 49 48 50 15 42 2 46 14 28 18 7 36 49 46 5 43 46 46 38 7 43 16 15
split_gain=14.6872 18.7333 13.2938 23.341 15.5761 14.9863 24.8305 14.6113 14.0578 13.452 15.741 13.1735 11.6519 13.6661 12.4344 11.3947 19.1721 16.2491 15.3129 15.5723 17.4925 15.4911 13.8593 17.4599 11.8301 11.2669 11.176 10.3339 16.368 9.89349 18.3819 11.8281 10.2204 9.84589 10.5476 9.73317
threshold=8.5000000000000018 4.5000000000000009 2.5000000000000004 4.5000000000000009 2.5000000000000004 3.5000000000000004 20.500000000000004 29.500000000000004 5.5000000000000009 57.500000000000007 2.5000000000000004 135.00000000000003 75.000000000000014 8.5000000000000018 6.5000000000000009 8.5000000000000018 2.5000000000000004 8.5000000000000018 1.5000000000000002 135.00000000000003 3.5000000000000004 1.5000000000000002 1.5000000000000002 220.50000000000003 -1.0000000180025095e-35 4.5000000000000009 3.5000000000000004 15.500000000000002 5.5000000000000009 95.000000000000014 45.000000000000007 85.000000000000014 13.500000000000002 5.5000000000000009 1.5000000000000002 1.0000000180025095e-35
decision_type=2 2 2 2 2 2 2 2 2 2 2 2 2 2 2 2 2 2 2 2 2 2 2 2 2 2 2 2 2 2 2 2 2 2 2 2
left_child=1 2 3 5 -5 6 7 -1 12 35 -11 29 13 -7 -15 18 17 -17 21 20 24 33 -22 -24 -20 -26 -12 -18 -29 30 -2 -31 -32 34 -4 -6
right_child=11 -3 15 4 9 8 -8 -9 -10 10 26 -13 -14 14 -16 16 27 -19 19 -21 22 -23 23 -25 25 -27 -28 28 -30 31 32 -33 -34 -35 -36 -37
leaf_value=-0.0011699587292907869 0.0062744642041047734 -0.03967951690432777 0.0042405668950840254 -0.041199648623940356 -0.029517054613845715 -0.020921385134798794 -0.037522185563125227 -0.047432893247714006 0.0087882543365812634 0.0044237509897673277 0.0026656258099451123 -0.034367992058407501 0.036267331370427681 0.036114723952581564 -0.0098719893144051003 0.019768907375034121 0.032145786168624284 -0.04900067659263084 0.0085871925912072225 0.045365389432124911 -0.031239074432336388 0.036019460855851587 0.028610776278054431 -0.011080800507209113 -0.011898557720521029 -0.045783630790011597 -0.052157912801379464 0.024982508496080285 -0.037077530397842978 0.035959590567827618 -0.050903982574724754 -0.0079931362567244781 -0.0081736535952518525 0.019075786629383706 -0.043802306879174753 0.010726357614982716
leaf_weight=120.63761778827757 315.22825538367033 12.504439905285833 10.938879415392877 22.250147433951497 7.1261482052505007 44.378494422882795 23.992358833551407 6.708319265395402 150.6524669714272 10.761451333761213 4.3619536347687271 7.800597262568771 5.2212601602077475 8.9890836179256439 14.041855342686176 5.7367255613207799 36.247152898460627 7.2200042922049761 8.6637845225632173 4.9753387309610835 9.2969883047044259 18.089856456965208 22.068682167679071 19.483644470572472 16.332744717597961 21.076965555548668 16.913864403963089 11.454556517302992 6.0420098025351754 19.743965078145269 7.4394087810069349 8.0343020260333997 17.596575504168868 14.98006885871291 6.9671585299074641 26.095833977684379
leaf_count=459 1233 72 38 148 29 231 129 39 551 36 23 77 17 24 84 20 101 45 33 8 63 48 68 88 79 157 117 29 47 41 46 49 88 45 42 94
internal_value=0 -0.00263637 -0.00195455 -0.00489854 -0.0191165 -0.00157523 -0.00900459 -0.00362116 0.00345989 -0.0115657 -0.0256946 0.00486935 -0.00758812 -0.0110054 0.0080946 0.00424033 0.0147843 -0.0185636 -0.000360944 -0.00720808 -0.0099246 0.0133172 0.00243972 0.0100005 -0.023567 -0.0310208 -0.0409215 0.022835 0.00350737 0.00570479 0.00426995 0.0232449 -0.0209334 0.0007973 -0.0144891 0.00206527
internal_weight=0 694.21 681.705 462.131 87.5094 374.621 151.338 127.346 223.283 65.2593 32.0373 375.843 72.6307 67.4094 23.0309 219.575 66.7004 12.9567 152.874 101.898 96.9228 50.976 50.8493 41.5523 46.0735 37.4097 21.2758 53.7437 17.4966 368.043 340.264 27.7783 25.036 32.8861 17.906 33.222
internal_count=4498 2964 2892 1981 447 1534 627 498 907 299 176 1534 356 339 108 911 242 65 669 496 488 173 219 156 269 236 140 177 76 1457 1367 90 134 125 80 123
is_linear=0
shrinkage=0.0305834


Tree=4
num_leaves=37
num_cat=0
split_feature=50 46 49 31 7 7 38 27 46 43 1 31 18 47 38 28 14 15 38 49 1 25 18 1 43 43 6 29 17 10 1 15 2 49 39 46
split_gain=9.78996 14.4906 16.0416 13.2231 23.518 14.7581 27.2858 12.842 11.5751 9.2457 9.17656 12.7829 9.74325 8.26774 16.7953 10.716 16.1952 24.014 14.4428 12.0991 11.0301 9.92253 9.34788 11.8631 11.0697 9.49934 8.03246 12.0992 10.8365 8.31396 7.95511 11.2102 7.78588 10.5499 7.62564 7.73777
threshold=10.500000000000002 13.500000000000002 12.500000000000002 2.5000000000000004 5.5000000000000009 22.500000000000004 7.5000000000000009 9.5000000000000018 155.00000000000003 3.5000000000000004 1.0000000180025095e-35 8.5000000000000018 1.0000000180025095e-35 14.500000000000002 125.00000000000001 1.5000000000000002 1.0000000180025095e-35 70.500000000000014 25.000000000000004 8.5000000000000018 1.5000000000000002 4.5000000000000009 1.0000000180025095e-35 4.5000000000000009 13.500000000000002 9.5000000000000018 30.500000000000004 4.5000000000000009 5.5000000000000009 1.5000000000000002 8.5000000000000018 15.500000000000002 11.500000000000002 10.500000000000002 11.500000000000002 9.5000000000000018
decision_type=2 2 2 2 2 2 2 2 2 2 2 2 2 2 2 2 2 2 2 2 2 2 2 2 2 2 2 2 2 2 2 2 2 2 2 2
left_child=8 3 10 4 34 9 -7 32 13 -6 -3 12 30 14 15 21 20 18 19 -18 -17 26 23 -15 25 -24 28 -28 29 -1 -12 -32 33 -5 35 -2
right_child=1 2 -4 7 5 6 -8 -9 -10 -11 11 -13 -14 22 -16 16 17 -19 -20 -21 -22 -23 24 -25 -26 -27 27 -29 -30 -31 31 -33 -34 -35 -36 -37
leaf_value=-0.004127734748618374 -0.01260429045675911 0.018886638543923993 -0.042543792095707605 -0.00013062899532461113 -0.0022082663651634155 0.03402144894979945 -0.032276559080914542 -0.011770489410964719 0.032820125282733703 -0.049764308184415337 -0.028899376614631912 0.025027910025147503 -0.04391237402255007 -0.0072042306051974536 -0.051576870314280328 0.0055888742390624059 -0.023847085218772057 0.028600094501482966 -0.056626919943825231 0.023669617058758485 0.040416496597086828 -0.035579635244107823 -0.0574737455810444 0.033252150363516496 0.017827773337527924 -0.00032017646088256934 -0.030670475861897393 0.023928151894728213 0.020822231335416597 0.0081805736836824353 0.038001644656357074 -0.013559704463393427 0.043926722360994451 0.037268790977730115 0.035218950700670007 0.023576214896185759
leaf_weight=583.89003441669047 9.4558504559099692 17.764115501195192 9.3539643790572864 13.895549885928633 5.7300103604793575 12.473447240889074 10.800882548093794 8.3773843161761743 9.0689254626631719 11.542061589658259 9.288753395900132 9.0780647527426463 8.5620223097503168 9.8831886425614375 6.4710772782564154 15.903825324028729 14.264844624325638 14.310096211731432 7.3677806947380295 7.6806224957108489 18.323251970112324 8.8363950066268426 5.0903223454952258 21.420165115967393 9.6047442220151407 5.814039558172226 19.781443782150749 4.6635546386241904 18.264183130115271 56.235253062099218 6.4002902600914267 10.148825339972971 19.766255758702755 14.270001117140053 17.851747026666999 13.203442472964523
leaf_count=2565 50 65 94 67 24 40 57 40 18 85 57 32 66 42 75 59 66 37 62 26 46 74 29 43 26 24 136 8 63 217 10 51 38 32 33 41
internal_value=0 0.0059381 -0.00531922 0.011725 0.00380973 -0.012648 0.00324262 0.0231057 -0.0014758 -0.0340371 0.000383745 -0.00718003 -0.0157031 -0.00185317 -0.00264332 -0.00222921 0.00852502 -0.00382707 -0.0196803 -0.00719532 0.0242625 -0.00344034 0.00997027 0.0204781 -0.00606455 -0.0271197 -0.00302229 -0.0202257 -0.00238217 -0.0030457 -0.0062996 0.00640588 0.0292101 0.0188324 0.0202841 0.00847173
internal_weight=0 207.963 70.596 137.367 81.0574 40.5464 23.2743 56.3092 836.874 17.2721 61.2421 43.478 34.3999 827.805 775.992 769.521 77.8504 43.6233 29.3132 21.9455 34.2271 691.671 51.8125 31.3034 20.5091 10.9044 682.834 24.445 658.389 640.125 25.8379 16.5491 47.9318 28.1656 40.511 22.6593
internal_count=4498 882 375 507 330 206 97 177 3616 109 281 216 184 3598 3434 3359 296 191 154 92 105 3063 164 85 79 53 2989 144 2845 2782 118 61 137 99 124 91
is_linear=0
shrinkage=0.0305834


Tree=5
num_leaves=37
num_cat=0
split_feature=50 28 42 47 43 38 14 31 30 47 12 14 31 21 46 49 42 38 31 19 38 4 49 50 38 17 11 23 46 27 31 4 47 42 12 4
split_gain=11.0268 10.1967 16.9636 11.8691 13.0269 11.7668 11.6045 10.9774 11.4436 10.5525 10.0884 9.66218 13.1847 14.5511 9.19326 13.9258 11.9068 15.5803 14.7367 11.3388 9.0553 9.2309 19.1267 14.8808 8.91863 8.08848 14.4001 10.557 8.00871 8.49822 7.77186 12.6952 12.7224 14.3629 17.5964 14.0582
threshold=10.500000000000002 1.5000000000000002 11.500000000000002 5.5000000000000009 14.500000000000002 105.00000000000001 9.5000000000000018 7.5000000000000009 3.5000000000000004 5.5000000000000009 11.500000000000002 8.5000000000000018 6.5000000000000009 1.0000000180025095e-35 13.500000000000002 13.500000000000002 17.500000000000004 65.000000000000014 8.5000000000000018 2.5000000000000004 95.000000000000014 3.5000000000000004 2.5000000000000004 5.5000000000000009 6.5000000000000009 6.5000000000000009 9.5000000000000018 1.5000000000000002 9.5000000000000018 10.500000000000002 10.500000000000002 7.5000000000000009 13.500000000000002 11.500000000000002 2.5000000000000004 1.0000000180025095e-35
decision_type=2 2 2 2 2 2 2 2 2 2 2 2 2 2 2 2 2 2 2 2 2 2 2 2 2 2 2 2 2 2 2 2 2 2 2 2
left_child=1 3 7 4 5 6 20 -3 -9 -4 11 12 25 -14 30 16 19 -18 -19 -16 21 23 -23 -1 -12 26 27 -5 -8 -30 31 32 33 35 -35 -2
right_child=14 2 9 10 -6 -7 28 8 -10 -11 24 -13 13 -15 15 -17 17 18 -20 -21 -22 22 -24 -25 -26 -27 -28 -29 29 -31 -32 -33 -34 34 -36 -37
leaf_value=0.0060426676490827527 0.024594023090077462 -0.039198687727751778 0.029302712653059965 0.000216272033378232 -0.05400144874966701 -0.050124975839761624 -0.040895811173073719 0.015407407112331331 -0.025631914933922553 -0.0082539181538720096 -0.012757660949398243 -0.026745302618161878 -0.042144414702366698 0.018658987761469726 0.00060032510134422617 -0.049489903433224437 0.02766583027548292 -0.028793508474132229 0.030774367118111857 -0.044144233912425869 0.023234003976346885 -0.039874677674216125 -0.0059001594546011235 -0.01224520301900479 0.021964814408859893 0.02622111513422349 -0.041859280070943736 0.022077557102080664 0.0080552411211723476 -0.030283638732738781 -0.018425819522487581 0.027167106492241199 0.03484987547493331 -0.036031031631659736 0.01526740601933517 -0.0081055380825770604
leaf_weight=124.49619997106493 30.019052717834711 7.5943741705268613 34.598135821521282 253.99075357988477 5.3069352097809306 5.5047794245183459 13.063830584287642 19.484727649018172 9.3872882202267629 8.7419059351086599 8.6108515262603742 12.740383617579935 12.963940605521204 5.1063859425485125 13.64942714944482 5.4618677375838152 23.041187234222889 12.437162208370866 5.6062061488628379 8.6110083349049074 11.475275987759231 18.063452500849962 108.25284479744732 62.470715586096048 34.630563959479332 12.262546166777609 7.1500324271619311 22.458290707319975 11.11999746412039 10.45886183157563 7.9269867092370978 39.425362758338451 12.560774266719816 16.423549413681034 10.054940693080423 20.777547214180231
leaf_count=498 81 50 97 1045 44 56 99 72 43 52 35 67 89 22 46 70 66 108 20 65 31 105 547 310 117 32 46 64 39 56 44 103 29 109 36 105
internal_value=0 -0.0015893 0.00879394 -0.00270957 -0.00658077 -0.00588538 -0.00520233 -0.00657034 0.00204135 0.0217216 0.0011644 -0.000673075 0.000387166 -0.0249469 0.00632516 -0.00279427 0.00125358 0.0110145 -0.010249 -0.0167402 -0.0034054 -0.00438439 -0.0107701 -6.77414e-05 0.0150404 0.00193803 0.000884147 0.00199564 -0.0220207 -0.0105354 0.0109002 0.0127049 0.00634738 0.00169777 -0.016548 0.011218
internal_weight=0 819.933 79.8064 740.127 370.213 364.906 359.401 36.4664 28.872 43.34 369.914 326.672 313.932 18.0703 205.995 68.8069 63.345 41.0846 18.0434 22.2604 324.758 313.283 126.316 186.967 43.2414 295.862 283.599 276.449 34.6427 21.5789 137.188 129.261 89.8359 77.2751 26.4785 50.7966
internal_count=4498 3616 314 3302 1785 1741 1685 165 115 149 1517 1365 1298 111 882 375 305 194 128 111 1491 1460 652 808 152 1187 1155 1109 194 95 507 463 360 331 145 186
is_linear=0
shrinkage=0.0305834


Tree=6
num_leaves=37
num_cat=0
split_feature=50 7 0 3 49 46 38 4 42 47 50 48 43 47 50 27 18 49 1 43 3 39 43 39 3 3 50 13 39 1 49 32 22 43 10 1
split_gain=9.48928 9.68719 21.9069 14.8501 10.5333 14.6445 13.6861 11.9703 11.8942 11.2308 10.4173 14.3826 19.7615 15.6948 20.5481 13.8866 12.9045 22.803 11.8966 10.7584 18.5672 10.7401 13.0585 13.0086 18.1316 11.6798 11.4419 10.332 9.07535 15.6736 12.0048 11.6033 17.1574 13.5052 14.94 11.0596
threshold=10.500000000000002 144.50000000000003 2.5000000000000004 1.5000000000000002 10.500000000000002 95.000000000000014 7.5000000000000009 1.0000000180025095e-35 9.5000000000000018 14.500000000000002 5.5000000000000009 4.5000000000000009 6.5000000000000009 4.5000000000000009 8.5000000000000018 20.500000000000004 1.0000000180025095e-35 5.5000000000000009 3.5000000000000004 2.5000000000000004 90.000000000000014 10.500000000000002 6.5000000000000009 4.5000000000000009 6.5000000000000009 83.500000000000014 2.5000000000000004 1.0000000180025095e-35 8.5000000000000018 33.500000000000007 7.5000000000000009 1.0000000180025095e-35 1.5000000000000002 2.5000000000000004 5.5000000000000009 9.5000000000000018
decision_type=2 2 2 2 2 2 2 2 2 2 2 2 2 2 2 2 2 2 2 2 2 2 2 2 2 2 2 2 2 2 2 2 2 2 2 2
left_child=1 4 3 -3 9 6 7 -6 -9 10 15 13 19 -12 27 21 18 -18 -14 20 -13 23 -23 24 -1 -24 -25 -15 31 30 -30 32 33 35 -35 -4
right_child=-2 2 28 -5 5 -7 -8 8 -10 -11 11 12 16 14 -16 -17 17 -19 -20 -21 -22 22 25 26 -26 -27 -28 -29 29 -31 -32 -33 -34 34 -36 -37
leaf_value=-0.023368603177016473 0.0059202183018437736 -0.010801262577987674 0.021042003300658477 0.030307306621447341 -0.034124949904285669 0.027681788545098698 -0.031392908409463884 0.020162534049741752 -0.034638348628259902 0.013069135508068047 -0.034038248890437925 -0.029085287364006337 -0.0037053846774872997 0.017135472525011627 -0.035699973391245886 -0.042007297383911582 0.036040154275795912 -0.035315671013347059 0.026429147452361024 -0.036323971492560968 0.023518610445126101 -0.03812305444014559 -0.024550691814553875 -0.0058713595892252524 0.0029431426752938965 0.015139088683242197 0.016582831027393712 -0.011378065282389462 -0.025631898807614795 0.037536196848427322 0.019961997598317183 -0.050293288041601492 0.027520375431344606 -0.042628865615191455 0.023459927307857804 -0.020838819312725805
leaf_weight=30.243873124942183 202.36084571760148 10.299798252061008 12.997658912092449 40.215749157592654 8.5394439902156609 7.0785754397511473 35.540711119771004 17.314236078411344 4.6745273955166331 44.40522251650691 32.750193355605006 13.583252025768163 18.481652673333883 23.0794339440763 18.219164729118347 6.9896665886044493 6.0857645198702839 13.236851181834934 36.210756625980139 17.012620404362679 11.603733155876396 13.185632292181252 11.823678959161045 27.687126185745001 128.21430689655244 16.66599028930068 90.530162386596203 24.430293757468462 12.295340187847616 12.21438208222389 9.5749995112419111 5.9393688403069964 11.687634050846098 18.276739038527015 3.8482998721301547 10.735925476998089
leaf_count=127 882 48 40 127 56 20 293 80 32 125 237 79 75 88 114 50 15 78 107 116 38 84 52 126 525 60 288 108 65 35 33 40 30 151 12 62
internal_value=0 -0.00148717 0.00557826 0.0219194 -0.00307884 -0.0140175 -0.0185009 -0.00346594 0.00846568 -0.00170862 -0.00292494 -0.00815332 -0.000863486 -0.0167503 -0.00811943 0.000525104 0.00865625 -0.0128055 0.0162461 -0.0175591 -0.00484248 0.00146417 -0.0130019 0.00364538 -0.00208143 -0.00133479 0.0113218 0.00247098 -0.0028846 0.0098354 -0.00566018 -0.00971906 -0.00549937 -0.0139344 -0.0311046 0.0020848
internal_weight=0 805.673 148.086 50.5155 657.587 73.1475 66.0689 30.5282 21.9888 584.439 540.034 214.694 116.215 98.4791 65.7289 325.34 74.015 19.3226 54.6924 42.1996 25.187 318.351 41.6753 276.675 158.458 28.4897 118.217 47.5097 97.5703 34.0847 21.8703 63.4856 57.5463 45.8586 22.125 23.7336
internal_count=4498 3616 643 175 2973 481 461 168 112 2492 2367 1055 508 547 310 1312 275 93 182 233 117 1262 196 1066 652 112 414 196 468 133 98 335 295 265 163 102
is_linear=0
shrinkage=0.0305834


Tree=7
num_leaves=37
num_cat=0
split_feature=43 19 7 38 23 7 48 12 25 43 38 9 3 46 46 46 1 2 31 21 19 5 15 15 47 30 7 38 46 39 38 49 47 38 27 49
split_gain=8.65068 13.8862 26.8165 11.4683 17.7052 17.52 20.4677 12.2895 18.6482 11.2898 13.4004 11.2552 11.1022 9.9727 13.757 13.42 8.72238 14.4492 8.67763 13.6316 8.47213 18.0738 14.7901 10.9852 10.9763 10.6114 8.32737 8.25052 9.42402 8.233 8.6775 10.487 7.9285 10.5309 7.81433 7.59618
threshold=4.5000000000000009 25.500000000000004 24.500000000000004 8.5000000000000018 3.5000000000000004 28.500000000000004 1.5000000000000002 11.500000000000002 1.5000000000000002 3.5000000000000004 3.5000000000000004 7.5000000000000009 1.0000000180025095e-35 5.5000000000000009 2.5000000000000004 11.500000000000002 8.5000000000000018 1.5000000000000002 9.5000000000000018 1.0000000180025095e-35 14.500000000000002 2.5000000000000004 7.5000000000000009 9.5000000000000018 10.500000000000002 1.5000000000000002 1.0000000180025095e-35 125.00000000000001 115.00000000000001 2.5000000000000004 2.5000000000000004 5.5000000000000009 8.5000000000000018 11.500000000000002 1.0000000180025095e-35 6.5000000000000009
decision_type=2 2 2 2 2 2 2 2 2 2 2 2 2 2 2 2 2 2 2 2 2 2 2 2 2 2 2 2 2 2 2 2 2 2 2 2
left_child=1 2 9 4 5 6 -2 8 12 13 -11 -3 -8 14 29 -15 17 -17 -7 -20 21 -4 -22 -24 -23 -25 32 35 -29 30 31 -1 33 -5 -14 -28
right_child=3 11 20 26 -6 18 7 -9 -10 10 -12 -13 34 15 -16 16 -18 -19 19 -21 22 24 23 25 -26 -27 27 28 -30 -31 -32 -33 -34 -35 -36 -37
leaf_value=-0.019343289650288906 -0.049935738054535321 0.0097972622009740353 0.0034927579024469969 0.026587456043686144 -0.039425517602627164 0.019040796299380061 0.027390803523242788 0.033048698861484281 -0.046048720796954906 0.015934740540558465 -0.038133151712390317 -0.032815079082068759 -0.015468521046457198 0.028568165319135547 -0.050496308682868737 0.0045980341393732516 0.013294239404293546 -0.052532175170666572 -0.046974828901814182 0.030033156922567337 -0.036505204040710143 -0.043527374256402344 0.044591197871203317 -0.021923493825539927 0.0068136703299277995 0.025436425622606677 0.0022596807757662408 -0.045349105906217269 0.010111350460156007 0.0092377561828122616 -0.034053999824882157 0.011503887019603365 0.028762389097674035 -0.026312441709083298 0.0054397407062818023 -0.0071706878164674009
leaf_weight=19.271934017539024 7.0739661715924731 82.27067825011909 12.772333465516565 6.3506384305655974 7.3494186215102664 113.93314987979829 15.586273811757563 11.804729195311664 7.5376281403005114 6.1027556397020843 14.213846495375035 6.2010457552969447 23.80243225954473 25.946600861847401 5.5610879883170119 11.868234537541868 22.04240495339036 6.3155101202428332 4.7927023805677873 3.8413007445633411 12.44814497232437 37.189642678946257 5.0112092718482044 13.093663891777398 4.5275152251124373 6.6383709572255603 192.74020080640912 8.4650200214236957 4.2978009469807139 40.379931673407555 10.433202434331177 22.077224461361766 16.14169929549098 7.80636290833354 55.950027223676443 136.38157306797802
leaf_count=93 43 327 52 21 57 403 48 28 47 21 97 31 112 70 41 44 89 47 47 11 85 293 9 89 16 20 769 89 28 166 65 95 41 48 223 733
internal_value=0 -0.00374398 -0.00712517 0.00218677 0.00722903 0.00863882 0.000419168 0.00354154 0.000143377 -0.000396383 -0.0218815 0.00679616 0.00381336 0.00226964 -0.00393633 0.0114352 0.000363277 -0.0152946 0.0167997 -0.0127046 -0.0206374 -0.0283179 -0.00936257 0.00431585 -0.0380573 -0.00596205 -0.00122257 -0.00258547 -0.0266789 -0.00110631 -0.00917779 -0.00287202 0.0141339 -0.00255921 -0.00080162 -0.00164774
internal_weight=0 364.365 275.894 623.855 251.672 244.322 121.755 114.681 102.876 184.213 20.3166 88.4717 95.3387 163.896 97.7234 66.1728 40.2261 18.1837 122.567 8.634 91.6809 54.4895 37.1914 24.7432 41.7172 19.732 372.183 341.885 12.7628 92.1623 51.7824 41.3492 30.2987 14.157 79.7525 329.122
internal_count=4498 1750 1392 2748 1019 962 501 458 430 828 118 358 383 710 460 250 180 91 461 58 564 361 203 118 309 109 1729 1619 117 419 253 188 110 69 335 1502
is_linear=0
shrinkage=0.0305834


Tree=8
num_leaves=37
num_cat=0
split_feature=46 38 39 19 39 42 3 7 50 38 17 23 8 18 29 31 49 23 42 4 5 42 49 49 50 23 42 46 7 6 0 46 50 14 17 42
split_gain=7.08829 6.99095 19.5306 18.0179 14.3454 12.3542 11.9556 13.5405 9.65869 10.713 8.95929 13.1975 9.24891 9.34331 9.43337 8.63247 11.5462 10.9142 10.7725 8.44999 13.6414 16.6896 15.6212 13.9752 13.2444 19.5292 14.0145 12.689 12.5988 11.663 12.7056 11.2044 10.4112 10.3731 10.3304 7.92489
threshold=155.00000000000003 10.500000000000002 2.5000000000000004 78.000000000000014 14.500000000000002 2.5000000000000004 25.500000000000004 6.5000000000000009 16.500000000000004 145.00000000000003 14.500000000000002 1.0000000180025095e-35 1.5000000000000002 2.5000000000000004 1.0000000180025095e-35 12.500000000000002 11.500000000000002 1.5000000000000002 13.500000000000002 3.5000000000000004 1.5000000000000002 19.000000000000004 8.5000000000000018 1.5000000000000002 3.5000000000000004 1.0000000180025095e-35 45.000000000000007 8.5000000000000018 38.500000000000007 4.5000000000000009 1.5000000000000002 14.500000000000002 2.5000000000000004 4.5000000000000009 1.0000000180025095e-35 19.000000000000004
decision_type=2 2 2 2 2 2 2 2 2 2 2 2 2 2 2 2 2 2 2 2 2 2 2 2 2 2 2 2 2 2 2 2 2 2 2 2
left_child=1 4 6 8 5 10 7 -3 9 15 11 12 13 14 -1 16 18 -18 -4 20 23 22 33 -7 25 26 -21 28 -26 31 -31 -29 -27 -22 -30 -17
right_child=-2 2 3 -5 -6 19 -8 -9 -10 -11 -12 -13 -14 -15 -16 35 17 -19 -20 24 21 -23 -24 -25 27 32 -28 29 34 30 -32 -33 -34 -35 -36 -37
leaf_value=-0.0074538694137946046 0.024391809867658005 -0.040200649436594418 0.0071105009234791322 -0.040367886492294898 -0.03851438901670224 -0.038267599590175366 -0.034071429603132919 0.013495335780738662 0.034591873359315344 -0.040914367212005823 0.025429215708081508 -0.032067495947977219 0.027577413374977659 -0.047189877507587664 0.027028698024274284 -0.0051364993477167236 -0.028853065563302097 0.01594685652684312 -0.0042682919590235086 -0.044613768964323092 -0.051239981181486177 0.022074204296691616 0.0044983638667581323 0.0073860044714626457 0.045712480810586979 0.02470809131563504 0.019171185540847246 -0.055138157372348603 0.03732686929017897 -0.016211471387308427 0.016858562497694896 0.0089839580186060024 -0.019606430612383097 -0.0089555929635802018 0.008762105963145788 0.031271437963388764
leaf_weight=72.691160906106234 10.982722714543341 6.3693186715245274 138.12435257807374 10.464418374001978 7.9661520011723033 6.5215275306254616 28.572343654930592 13.944722909480332 7.4711662381887427 5.9853184744715682 7.9629710689187041 17.962938902899623 8.1539548523724061 4.9244735576212397 8.2274543680250627 8.8010858893394488 23.459943814203147 6.4601058289408675 178.14318918995559 13.639141190797092 16.254714781418446 9.7578398734331113 12.846054291352628 143.91523108817637 17.187784589827061 17.782411590218548 4.187263995409011 5.4495686888694745 15.928693681955336 13.787656078115104 50.757851414382458 4.73605090752244 6.8358955904841414 8.1842304356396181 46.134242303669453 15.21404457464814
leaf_count=374 26 44 543 65 57 43 236 56 24 67 18 122 18 39 27 42 207 29 858 87 107 29 61 546 34 56 15 43 39 72 189 24 33 35 190 43
internal_value=0 -0.000278537 -0.003104 -0.000841011 0.00211993 0.00275293 -0.02133 -0.00336973 0.000240093 -0.000444695 -0.00583967 -0.0080729 -0.00347485 -0.0064371 -0.00393484 0.000212803 -0.00101736 -0.0191653 0.000700717 0.00536976 0.000900715 -0.0134661 -0.0227854 0.00539693 0.00986066 -0.00525809 -0.0296103 0.0140298 0.0225535 0.00498131 0.00978595 -0.0253722 0.0123835 -0.037122 0.0161139 0.0179311
internal_weight=0 964.805 443.01 394.124 521.795 513.829 48.8864 20.314 383.659 376.188 119.923 111.96 93.997 85.8431 80.9186 370.203 346.188 29.92 316.268 393.906 197.48 47.0428 37.285 150.437 196.427 42.4447 17.8264 153.982 79.2507 74.7311 64.5455 10.1856 24.6183 24.4389 62.0629 24.0151
internal_count=4498 4472 2214 1878 2258 2201 336 100 1813 1789 598 580 458 440 401 1722 1637 236 1401 1603 821 232 203 589 782 191 102 591 263 328 261 67 89 142 229 85
is_linear=0
shrinkage=0.0305834


Tree=9
num_leaves=37
num_cat=0
split_feature=38 39 46 16 31 42 31 42 18 0 49 31 11 48 27 1 14 15 38 50 15 5 4 42 50 42 2 47 14 0 27 46 38 24 50 38
split_gain=6.42081 11.2752 12.6373 10.6419 13.3538 12.4748 11.1154 11.809 10.06 9.24687 8.61425 13.5809 19.6385 11.1495 10.4944 21.0776 7.63969 20.509 16.0402 15.8735 10.2813 13.3304 18.2021 20.8872 10.3245 13.1337 16.2534 12.8128 11.6428 9.46232 14.5038 15.1334 13.5107 11.804 10.5084 9.12599
threshold=10.500000000000002 1.5000000000000002 25.000000000000004 15.500000000000002 13.500000000000002 4.5000000000000009 7.5000000000000009 6.5000000000000009 18.500000000000004 42.500000000000007 8.5000000000000018 1.5000000000000002 4.5000000000000009 7.5000000000000009 7.5000000000000009 11.500000000000002 2.5000000000000004 37.500000000000007 17.500000000000004 4.5000000000000009 3.5000000000000004 15.500000000000002 1.0000000180025095e-35 65.000000000000014 3.5000000000000004 12.500000000000002 15.500000000000002 10.500000000000002 1.5000000000000002 41.500000000000007 27.500000000000004 9.5000000000000018 15.500000000000002 4.5000000000000009 3.5000000000000004 13.500000000000002
decision_type=2 2 2 2 2 2 2 2 2 2 2 2 2 2 2 2 2 2 2 2 2 2 2 2 2 2 2 2 2 2 2 2 2 2 2 2
left_child=3 2 -2 4 6 -6 7 9 16 10 14 13 -13 -12 15 -1 20 18 19 -18 21 22 23 -3 -22 28 27 -27 -26 32 31 -31 -19 -33 -34 -24
right_child=1 8 -4 -5 5 -7 -8 -9 -10 -11 11 12 -14 -15 -16 -17 17 29 -20 -21 24 -23 35 -25 25 26 -28 -29 -30 30 -32 33 34 -35 -36 -37
leaf_value=-0.006736624208374598 -0.049833895891307205 0.014321331908594014 -0.003645439504935732 0.02706595364864214 0.0058656737295657187 -0.053298796417932011 0.017660633306022199 0.0048790895622334183 -0.032841004073549007 -0.028222945257183805 0.026597072460435502 -0.052756154207616285 0.028000608503504384 -0.0075471336265620793 0.013347201055482951 -0.051441161913737717 0.030933123051802423 -0.026774598941577063 -0.04035853981894625 -0.031490783713604052 0.022068576451971116 0.018416871139113666 -0.050218404540477914 -0.042240393812732105 0.022411697430832433 -0.028031542495906097 0.020847421379697133 0.0045918163535861164 -0.021160254320336809 -0.053616625210326903 0.026282782347632729 -0.00091844699673619679 -0.0093674226919819668 -0.051014607404559167 0.027028525701865331 -0.015218099462729439
leaf_weight=71.959017211571336 9.7841440439224261 39.305017868056893 12.756008811295031 15.733801320195196 5.754075061529873 7.8470574114471674 40.772034682333469 275.22030559461564 9.3696672767400724 15.091826450079678 27.119033865630627 7.3120612688362581 4.5352835431694984 13.307131402194498 17.187472827732563 11.403931092470883 7.5533989369869214 7.4895289130508891 24.69017000310123 7.6171738095581532 35.651802755892277 20.30649184063077 8.1129656732082349 7.1931269615888587 37.666878996416926 28.124894678592682 15.795349091291426 18.73139170370996 6.7314592637121669 7.7267332635819903 9.7869528811424953 36.098232582211494 9.8630467392504197 4.9767902418971053 29.639157090336084 49.008514260873199
leaf_count=365 96 139 76 37 21 57 157 1111 78 108 89 59 14 69 68 106 21 49 208 49 121 78 52 54 123 204 52 84 39 60 31 177 47 31 90 278
internal_value=0 -0.002693 -0.023751 0.0023296 0.001545 -0.0283014 0.00238634 0.000979189 -0.00156432 -0.00541123 -0.00315106 0.00691404 -0.0218311 0.0153554 -0.00838649 -0.0128739 -0.000849862 -0.0064877 -0.0251684 -0.000395449 0.00222509 -0.00421762 -0.00866026 0.00554129 0.00782136 0.0030687 -0.00594572 -0.0149914 0.0157889 0.000568857 -0.00762663 -0.0144456 0.0107898 -0.00703211 0.0179351 -0.0202209
internal_weight=0 443.979 22.5402 513.243 497.509 13.6011 483.908 443.136 421.439 167.916 152.824 52.2735 11.8473 40.4262 100.55 83.3629 412.069 145.441 39.8607 15.1706 266.628 123.926 103.62 46.4981 142.702 107.05 62.6516 46.8563 44.3983 105.58 58.5887 48.8018 46.9917 41.075 39.5022 57.1215
internal_count=4498 2237 172 2261 2224 78 2146 1989 2065 878 770 231 73 158 539 471 1987 763 278 70 1224 601 523 193 623 502 340 288 162 485 299 268 186 208 137 330
is_linear=0
shrinkage=0.0305834


end of trees

feature_importances:
ninki_1=35
ninki_3=24
ninki_2=23
self_popularity=23
umaban=20
mf_classout.1=19
result_2=17
result_1=16
result_3=14
mf_courseout=11
f_course2=10
f_courseout=10
mf_course1=10
f_lenout=10
f_course3=9
f_len3=9
mf_len3=9
f_classout=9
f_mf_classout=8
mf_course2=7
waku=6
mf_len2=5
mf_classout=5
f_course1=4
f_len1=4
mf_len1=4
f_class2=4
mf_class1=4
mf_class2=4
mf_class3=4
mf_course3=3
f_mf_course2=3
f_mf_courseout=3
f_mf_len2=3
f_mf_course3=2
f_mf_class1=2
f_mf_course1=1
f_len2=1
f_mf_len1=1
f_mf_len3=1
f_class1=1
f_class3=1
time_df_course1=1

parameters:
[boosting: gbdt]
[objective: lambdarank]
[metric: ndcg]
[tree_learner: serial]
[device_type: cpu]
[data_sample_strategy: bagging]
[data: ]
[valid: ]
[num_iterations: 150]
[learning_rate: 0.0305834]
[num_leaves: 37]
[num_threads: 16]
[seed: 0]
[deterministic: 0]
[force_col_wise: 1]
[force_row_wise: 0]
[histogram_pool_size: -1]
[max_depth: 9]
[min_data_in_leaf: 25]
[min_sum_hessian_in_leaf: 0.001]
[bagging_fraction: 1]
[pos_bagging_fraction: 1]
[neg_bagging_fraction: 1]
[bagging_freq: 0]
[bagging_seed: 7719]
[feature_fraction: 1]
[feature_fraction_bynode: 1]
[feature_fraction_seed: 2437]
[extra_trees: 0]
[extra_seed: 11797]
[early_stopping_round: 0]
[first_metric_only: 0]
[max_delta_step: 0]
[lambda_l1: 0.00742411]
[lambda_l2: 0.0350489]
[linear_lambda: 0]
[min_gain_to_split: 0]
[drop_rate: 0.1]
[max_drop: 50]
[skip_drop: 0.5]
[xgboost_dart_mode: 0]
[uniform_drop: 0]
[drop_seed: 21238]
[top_rate: 0.2]
[other_rate: 0.1]
[min_data_per_group: 100]
[max_cat_threshold: 32]
[cat_l2: 10]
[cat_smooth: 10]
[max_cat_to_onehot: 4]
[top_k: 20]
[monotone_constraints: ]
[monotone_constraints_method: basic]
[monotone_penalty: 0]
[feature_contri: ]
[forcedsplits_filename: ]
[refit_decay_rate: 0.9]
[cegb_tradeoff: 1]
[cegb_penalty_split: 0]
[cegb_penalty_feature_lazy: ]
[cegb_penalty_feature_coupled: ]
[path_smooth: 0]
[interaction_constraints: ]
[verbosity: -1]
[saved_feature_importance_type: 0]
[use_quantized_grad: 0]
[num_grad_quant_bins: 4]
[quant_train_renew_leaf: 0]
[stochastic_rounding: 1]
[linear_tree: 0]
[max_bin: 255]
[max_bin_by_feature: ]
[min_data_in_bin: 3]
[bin_construct_sample_cnt: 200000]
[data_random_seed: 38]
[is_enable_sparse: 1]
[enable_bundle: 1]
[use_missing: 1]
[zero_as_missing: 0]
[feature_pre_filter: 1]
[pre_partition: 0]
[two_round: 0]
[header: 0]
[label_column: ]
[weight_column: ]
[group_column: ]
[ignore_column: ]
[categorical_feature: ]
[forcedbins_filename: ]
[precise_float_parser: 0]
[parser_config_file: ]
[objective_seed: 8855]
[num_class: 1]
[is_unbalance: 0]
[scale_pos_weight: 1]
[sigmoid: 1]
[boost_from_average: 1]
[reg_sqrt: 0]
[alpha: 0.9]
[fair_c: 1]
[poisson_max_delta_step: 0.7]
[tweedie_variance_power: 1.5]
[lambdarank_truncation_level: 30]
[lambdarank_norm: 1]
[label_gain: ]
[lambdarank_position_bias_regularization: 0]
[eval_at: 1,3,5]
[multi_error_top_k: 1]
[auc_mu_weights: ]
[num_machines: 1]
[local_listen_port: 12400]
[time_out: 120]
[machine_list_filename: ]
[machines: ]
[gpu_platform_id: -1]
[gpu_device_id: -1]
[gpu_use_dp: 0]
[num_gpu: 1]

end of parameters

pandas_categorical:[]
