tree
version=v4
num_class=1
num_tree_per_iteration=1
label_index=0
max_feature_idx=103
feature_names=f_course1 f_course2 f_course3 f_courseout mf_course1 mf_course2 mf_course3 mf_courseout f_mf_course1 f_mf_course2 f_mf_course3 f_mf_courseout f_len1 f_len2 f_len3 f_lenout mf_len1 mf_len2 mf_len3 mf_classout f_mf_len1 f_mf_len2 f_mf_len3 f_mf_classout f_class1 f_class2 f_class3 f_classout mf_class1 mf_class2 mf_class3 mf_classout.1 f_mf_class1 f_mf_class2 f_mf_class3 f_mf_classout.1 time_df_course1 time_df_class1 ninki_1 result_1 agari_1 margin_1 corner_ratio_1 time_df_course2 time_df_class2 ninki_2 result_2 agari_2 margin_2 corner_ratio_2 time_df_course3 time_df_class3 ninki_3 result_3 agari_3 margin_3 corner_ratio_3 rank_trend weight_change dist_change jockey_win_rate jockey_place_rate waku umaban current_odds current_popularity father_cat mother_father_cat paternal_gf_cat time_df_course4 time_df_class4 ninki_4 result_4 agari_4 margin_4 corner_ratio_4 time_df_course5 time_df_class5 ninki_5 result_5 agari_5 margin_5 corner_ratio_5 rank_trend_5 win_rate_recent5 kinryo days_since_last_race n_horses_today n_horses_1 horse_weight_abs_1 corner_chase_1 corner_chase_2 corner_chase_3 corner_chase_4 corner_chase_5 agari_trend_5 time_diff_trend_5 agari_df_course_1 agari_df_course_2 agari_df_course_3 agari_df_course_4 agari_df_course_5 corner_ratio_std5 agari_std5
feature_infos=[0:128] [0:102] [0:100] [0:571] [0:59] [0:72] [0:65] [0:473] [0:10] [0:10] [0:11] [0:59] [0:12] [0:13] [0:12] [0:82] [0:4] [0:7] [0:6] [0:32] [0:2] [0:5] [0:1] [0:9] [0:5] [0:4] [0:5] [0:19] [0:3] [0:3] [0:2] [0:12] [0:1] [0:2] [0:1] [0:4] [-1:0] [-1:0] [-1:180] [-1:120] [-1:64.599999999999994] [-1:34.899999999999999] [-1:1] [-1:0] [-1:0] [-1:180] [-1:160] [-1:52.299999999999997] [-1:25.800000000000001] [-1:1] [-1:0] [-1:0] [-1:180] [-1:160] [-1:47.200000000000003] [-1:13.4] [-1:1] [-20:55] [-38:72] [-2700:400] [-1:1] [-1:1] [1:8] [1:16] [-1:713.70000000000005] [-1:16] [32:1736] [1:1734] [1:1721] [-1:0] [-1:0] [-1:180] [-1:160] [-1:47.5] [-1:19.600000000000001] [-1:1] [-1:0] [-1:0] [-1:180] [-1:160] [-1:43.600000000000001] [-1:9.5] [-1:1] [-23:55] [-1:1] [49:58] [-1688:385] [8:16] [-1:18] [-1:582] [-1:0.94444444444444442] [-1:0.80000000000000004] [-1:0.84615384615384615] [-1:0.72727272727272729] [-1:0.75] [-10.949999999999999:27.800000000000001] [-1:0] [-2.6111000000000004:25.390599999999992] [-3.7794999999999992:17.146899999999995] [-3.0467000000000013:7.9679000000000002] [-3.0531000000000006:7.9532999999999987] [-2.7321000000000022:6.5469000000000008] [-1:0.44444444444444442] [-1:13.9]
tree_sizes=4438 4447 4437 4427 4425 4446 4402 4446 4433

Tree=0
num_leaves=41
num_cat=0
split_feature=40 53 56 72 65 81 64 101 42 95 97 27 83 63 68 64 89 5 90 81 46 102 102 72 12 40 38 67 64 45 63 91 18 64 42 64 72 56 0 72
split_gain=40.4205 28.4571 21.5552 14.9485 14.7169 11.9584 11.2432 9.81268 9.01152 8.53292 7.82604 10.5104 9.14961 6.95432 6.23255 13.8988 6.05815 5.72186 5.07827 4.65099 4.57443 3.60875 3.60803 3.34732 3.01566 5.90275 2.75075 2.74364 2.67342 2.65322 3.83755 2.35822 1.93644 1.77943 0.908456 0.894432 0.650897 0.607136 0.431478 0.375914
threshold=36.95000000000001 14.500000000000002 0.38675213675213677 16.500000000000004 4.5000000000000009 0.95000000000000007 7.8500000000000005 -2.0797999999999983 0.080128205128205107 0.23000000000000079 1.0000000180025095e-35 1.0000000180025095e-35 -1.0499999999999998 2.5000000000000004 314.00000000000006 11.15 471.50000000000006 3.5000000000000004 -0.064583333333333284 1.1500000000000001 14.500000000000002 0.31430297645783084 0.079915290253054924 6.5000000000000009 1.0000000180025095e-35 35.150000000000013 35.000000000000007 1425.5000000000002 7.8500000000000005 7.5000000000000009 2.5000000000000004 -1.0000000180025095e-35 1.0000000180025095e-35 5.0500000000000007 0.71825396825396837 4.7500000000000009 2.5000000000000004 0.19375000000000003 20.500000000000004 13.500000000000002
decision_type=2 2 2 2 2 2 2 2 2 2 2 2 2 2 2 2 2 2 2 2 2 2 2 2 2 2 2 2 2 2 2 2 2 2 2 2 2 2 2 2
left_child=1 2 5 6 16 10 17 -8 -6 24 12 22 -1 -11 -14 26 21 19 -18 31 35 -2 28 -20 25 -3 27 -16 -12 30 -13 32 -4 -25 -33 -7 -31 -35 -28 -26
right_child=4 9 3 -5 8 20 7 -9 -10 13 11 29 14 -15 15 -17 18 -19 23 -21 -22 -23 -24 33 39 -27 38 -29 -30 36 -32 34 -34 37 -36 -37 -38 -39 -40 -41
leaf_value=-0.039479856347862087 -0.042324471105707362 -0.04183637231316218 -0.041595237391528914 0.030667111207446408 0.016834069018070549 -0.0051510330191191578 0.01987509291967612 -0.042522558671049072 -0.042531986567449609 0.037556414819757383 0.029925567594731792 0.031262448327034641 0.038305298437775338 -0.04219863238308013 0.02523324920015687 -0.042371089554181125 -0.041916816669142203 -0.038747967762969369 -0.02959822874610488 -0.041878956384875744 0.024797060090720479 0.031219024346103772 -0.042161126124344521 -0.0044069983581029376 0.033016099114490369 0.030309412714211573 -0.041274185745477823 -0.011236069578535216 -0.041113857378651933 0.027243589290324857 -0.041595237391528907 0.033171544156543178 0.022420009703515719 0.040359230475583506 0.0084964869302659382 -0.042390688608577913 0.041001378059556837 0.02103539076423408 -0.0045803466975056347 0.04157597201140855
leaf_weight=2.0757394842803505 2.0061387531459363 0.65506571531296076 0.49129928648471821 2.3828015476465216 1.2364365868270422 0.35619198530912388 1.2487190067768121 12.200598947703833 16.090051632374525 0.79017300531268064 0.86386791244149141 0.96622196212410816 2.5670387633144882 1.3101314306259153 5.8587440252304059 2.4974380396306515 0.73694892972707737 1.4943686649203298 0.57318250089883793 0.69600732252001751 0.61412410810589779 0.34800366684794415 1.1873066090047357 0.73285478353500355 4.429881885647772 2.313200831413269 0.36847446486353863 1.0931409187614916 0.32753285765647888 2.3050124570727331 0.49129928648471832 2.2763533815741606 0.36847447603940964 1.7973365895450117 1.0358226671814916 2.7840292900800705 7.0051088593900204 1.4779920540750024 0.28659125417470932 7.5537263378500938
leaf_count=50 49 16 12 12 10 7 9 298 393 4 7 6 6 32 56 61 18 36 13 17 5 3 29 12 16 11 9 19 8 12 12 15 3 7 13 68 12 13 5 6
internal_value=0 0.00406428 -0.00351645 -0.0196001 -0.0274034 0.00774979 -0.0256688 -0.0366964 -0.0382702 0.0280239 0.0125597 0.0245003 0.00188528 -0.0119871 0.00869802 0.00113056 -0.00280592 -0.00228828 0.0097147 0.00882387 -0.0278656 -0.0312622 -0.0158565 0.0181215 0.0336732 0.0142341 0.0154728 0.0194367 0.0100181 0.0334559 0.00639865 0.017394 -0.0136744 0.0250583 0.0255889 -0.0383053 0.0376448 0.0317799 -0.0259053 0.0384508
internal_weight=0 70.8945 53.8423 22.1944 24.9989 31.6479 19.8116 13.4493 17.3265 17.0522 27.8935 13.1463 14.7472 2.1003 12.6714 10.1044 7.67246 6.36233 5.31831 4.86796 3.75435 2.35414 2.37871 4.58137 14.9519 2.96827 7.60695 6.95188 1.1914 10.7676 1.45752 4.17195 0.859774 4.00818 3.31218 3.14022 9.31012 3.27533 0.655066 11.9836
internal_count=1390 872 787 415 518 372 403 307 403 85 292 86 206 36 156 150 115 96 63 60 80 52 44 45 49 27 89 75 15 42 18 43 15 32 28 75 24 20 14 22
is_linear=0
shrinkage=0.0212808


Tree=1
num_leaves=41
num_cat=0
split_feature=40 53 82 81 65 74 56 92 103 95 41 63 64 89 52 64 83 64 90 46 68 38 60 41 102 72 12 102 27 64 99 64 49 64 64 92 64 80 83 48
split_gain=36.3042 25.487 19.3372 13.6916 13.4495 12.1597 12.2828 8.34898 8.09718 7.61055 7.34259 6.27407 5.75244 5.43984 5.30387 5.09752 5.01295 4.70344 4.53739 4.45327 4.31461 3.61575 5.82473 3.35099 3.27115 2.94448 2.77299 5.43967 2.73751 3.86804 2.50878 2.32274 2.30872 1.82714 1.79298 1.6418 1.60746 1.57378 1.37728 1.93185
threshold=36.95000000000001 14.500000000000002 0.46862745098039221 0.95000000000000007 4.5000000000000009 0.65000000000000002 0.16025641025641021 0.34523809523809529 0.44755620056706907 0.23000000000000079 1.4500000000000002 2.5000000000000004 7.6500000000000012 471.50000000000006 13.500000000000002 5.8500000000000005 -1.0499999999999998 5.0500000000000007 -0.064583333333333284 14.500000000000002 1293.0000000000002 12.500000000000002 0.061381475667189905 0.75000000000000011 0.31430297645783084 6.5000000000000009 1.0000000180025095e-35 0.25112926988242074 1.0000000180025095e-35 8.8500000000000032 -0.85735000000000372 19.150000000000002 0.46862745098039221 6.6500000000000012 2.5500000000000003 -1.0000000180025095e-35 5.0500000000000007 33.850000000000001 -2.1499999999999999 0.55000000000000016
decision_type=2 2 2 2 2 2 2 2 2 2 2 2 2 2 2 2 2 2 2 2 2 2 2 2 2 2 2 2 2 2 2 2 2 2 2 2 2 2 2 2
left_child=1 2 3 5 13 6 16 -6 14 26 21 -11 17 24 -4 23 -1 34 -15 -5 28 22 -7 -10 -2 -20 27 -3 29 -18 -16 32 35 -22 -8 -23 -27 -24 -25 -40
right_child=4 9 8 19 7 10 12 -9 15 11 -12 -13 -14 18 30 -17 20 -19 25 -21 33 31 37 38 -26 36 -28 -29 -30 -31 -32 -33 -34 -35 -36 -37 -38 -39 39 -41
leaf_value=-0.030332160442914927 -0.041429416716323449 -0.04124704523245451 -0.030974312932916068 -0.038352799432976752 -0.04167509107315466 -0.041289647323634437 0.0086975921837513272 0.015587368848190829 -0.04144756589704901 0.036316771503392686 -0.029323445501079539 -0.04129923444845008 -0.041656082731184346 -0.041007866320255222 -0.014860499507907852 -0.041734876450863691 0.017992912328715364 0.023995510719244335 -0.028127641853115622 0.023362756408971039 0.011557854105124093 0.014602898700791948 0.041382949512211317 0.041110453097534666 0.029782339573240488 -0.0040718059542758176 0.037261116757008758 0.029274678331268025 0.031270096409031993 -0.041063275706792746 0.03434050312650988 0.038950561894688665 0.030555832470003409 -0.041335708233405981 -0.041942783387685041 -0.04098768121541891 0.030415481697597873 0.0032125183396941198 0.022801825990808416 -0.040678913908626498
leaf_weight=1.1414743214845646 1.8963671475648909 0.63116366788745226 1.3794819526374333 3.923653431236743 15.195059757679703 0.82196094468235914 0.41600208729505483 1.2358665317296971 0.75362438708543722 0.75577608868479629 1.0931493714451779 1.2386548519134519 3.8932947367429733 0.69700922816991795 0.62350886687636409 8.2991854287683946 2.5048440881073497 1.515222907066345 0.55750905722379673 0.60230499878525723 0.47088998183607944 0.5198578760027851 1.1996991187334063 0.52949035912752151 0.33725694566965092 0.73236417025327716 11.43923459947109 2.2366780377924442 5.3914293274283409 0.62464423850178707 1.7732965126633642 8.2993766553699952 1.7390592247247694 0.74832398071885109 1.1693080589175222 0.4360314831137686 3.1656542047858238 0.86888197809457768 0.55111357942223527 0.35542673617601395
leaf_count=26 49 16 33 99 392 21 7 11 19 4 25 32 100 18 12 213 29 13 13 5 7 6 3 3 3 12 22 11 28 16 7 14 14 19 29 11 20 13 6 9
internal_value=0 0.00391146 -0.003404 0.00463098 -0.026618 0.00942145 -0.0024082 -0.0373414 -0.0244867 0.027112 0.0235669 -0.0116704 -0.0244293 -0.00270365 0.00212818 -0.0341084 0.0117074 -0.00265331 0.00925807 -0.030042 0.0166808 0.0277636 0.00639885 -0.00500171 -0.0304769 0.0172257 0.0325485 0.0135953 0.0220626 0.00605846 0.0213633 0.0333408 0.0158978 -0.0205681 -0.0283903 -0.0103314 0.0238279 0.0255662 0.0138486 -0.00164072
internal_weight=0 67.946 51.6445 37.3794 23.8171 32.8535 17.8754 16.4309 14.2651 16.3015 14.978 1.99443 6.99383 7.38616 3.77629 10.4888 10.8816 3.10053 5.15254 4.52596 9.74013 13.8849 2.89054 2.18966 2.23362 4.45553 14.3071 2.86784 8.52092 3.12949 2.39681 10.9943 2.69495 1.21921 1.58531 0.955889 3.89802 2.06858 1.43603 0.90654
internal_count=1390 872 787 485 518 381 274 403 302 85 107 36 149 115 52 250 125 49 63 104 99 82 37 37 52 45 49 27 73 45 19 45 31 26 36 17 32 16 18 15
is_linear=0
shrinkage=0.0212808


Tree=2
num_leaves=41
num_cat=0
split_feature=40 53 56 65 72 64 81 101 42 61 74 3 83 6 78 89 5 65 90 65 79 46 48 100 97 102 100 61 72 7 66 12 41 84 58 71 84 61 66 89
split_gain=32.6119 22.8009 17.4729 12.3121 12.1338 9.70479 9.51525 8.25592 7.99056 7.17306 6.58935 7.38225 6.99949 5.22604 5.40872 4.88131 4.86987 4.62105 4.04951 3.80798 3.94131 3.69787 3.69109 3.21307 3.0677 2.96864 2.95859 2.81129 2.58122 2.47896 3.43166 2.07865 5.04113 1.92821 1.52396 2.61808 1.31076 1.10013 1.0964 2.23314
threshold=36.95000000000001 14.500000000000002 0.38675213675213677 4.5000000000000009 16.500000000000004 7.8500000000000005 0.95000000000000007 -2.0797999999999983 0.080128205128205107 0.070197044334975353 0.65000000000000002 7.5000000000000009 -1.0499999999999998 3.5000000000000004 6.5000000000000009 471.50000000000006 3.5000000000000004 8.5000000000000018 -0.064583333333333284 1.5000000000000002 6.5000000000000009 14.500000000000002 1.0000000180025095e-35 -0.14275000000000296 -1.0032499999999975 0.31430297645783084 -0.40879999999999578 0.081666666666666665 6.5000000000000009 19.500000000000004 1527.5000000000002 1.0000000180025095e-35 1.9500000000000002 0.36666666666666675 4.5000000000000009 8.5000000000000018 0.55000000000000016 0.27207792207792209 1506.5000000000002 500.50000000000006
decision_type=2 2 2 2 2 2 2 2 2 2 2 2 2 2 2 2 2 2 2 2 2 2 2 2 2 2 2 2 2 2 2 2 2 2 2 2 2 2 2 2
left_child=1 2 6 15 5 16 10 -7 -5 -3 12 -12 23 31 -15 25 19 24 -17 -4 -21 36 -22 -1 26 -2 -14 -13 -20 30 -26 32 -11 -31 -30 -36 -8 -37 -29 -40
right_child=3 9 4 8 -6 7 21 -9 -10 13 11 27 17 14 -16 18 -18 -19 28 20 22 -23 -24 -25 29 -27 -28 38 34 33 -32 -33 -34 -35 35 37 -38 -39 39 -41
leaf_value=-0.041027238832221403 -0.040587441400307844 -0.041457304821495129 -0.040654554727810141 0.016320532914792789 0.028501754052426061 0.018069794849863999 -0.040780833607374924 -0.040906513866770015 -0.040841671117280862 -0.026320087250861209 -0.030791254373443992 -0.01519992371135177 -0.036584263279313148 0.028540490591263065 -0.041433526438529149 -0.040150008277785719 -0.036830013136298967 -0.040627536089467904 -0.026698127271388414 0.032242906158121344 0.029300218455542315 0.021986047988533541 -0.040788737083771488 0.019891487845632876 0.013275412545947364 0.028380154214140932 0.011829366686320444 0.037073625380406497 0.033468314955093642 0.034312935155972293 -0.041558746709013092 0.038598573130870534 0.03724267898893964 0.0045638123516247011 0.035634128147466755 -0.04196950160668448 0.0069751372183712926 0.0077629996355597494 -0.010406454722968202 0.037392568903690408
leaf_weight=2.0653477050364022 1.7911531813442736 0.67259454727172752 0.60724566131830826 1.1880898028612126 2.2099734246730796 1.1805576235055948 2.5782329887151718 10.964011486619706 14.386449571698902 0.82098414003848974 0.97843597456812759 0.56352009251713653 1.0205469690263274 1.1246768571436399 0.89770628884434689 0.65873953700065602 1.3856888413429258 0.78660658746957857 0.54289178550243367 2.5436564981937413 0.56828090548515298 0.59137085825204838 0.8315584771335125 0.47286884114146488 3.5554673895239812 0.3271951489150523 1.2789299935102469 7.1662196666002256 2.3039433956146245 4.1612154617905617 0.60151237994432438 10.306390538811682 1.770433723926544 1.3388269655406473 0.70303409174084641 0.46152888238430023 0.27259525284171093 0.3343375064432621 0.72657584026455868 1.0868025012314317
leaf_count=55 49 17 16 10 12 9 70 298 393 19 24 11 26 7 23 18 36 21 13 18 4 5 22 5 44 3 16 20 14 18 15 15 4 20 3 11 5 4 14 3
internal_value=0 0.00376597 -0.003291 -0.025852 -0.0184697 -0.0242359 0.00722622 -0.0351373 -0.0364529 0.0262107 0.0116714 0.0246357 0.00271613 0.0292926 -0.0023165 -0.00261059 -0.00185994 0.00916993 0.00878616 0.00870212 0.0164201 -0.0259641 -0.0120317 -0.0295069 0.0124853 -0.0297245 -0.00948097 0.0303661 0.0163108 0.0177603 0.0052291 0.0342816 0.0169389 0.0271511 0.0225688 0.00551896 -0.0360646 -0.0205649 0.0332746 0.0180127
internal_weight=0 65.1288 49.536 22.6974 20.291 18.081 29.2451 12.1446 15.5745 15.5928 25.8029 10.5216 15.2813 14.9202 2.02238 7.12282 5.93643 12.7431 5.00448 4.55074 3.9435 3.4422 1.39984 2.53822 11.9565 2.11835 2.29948 9.54312 4.34574 9.65702 4.15698 12.8978 2.59142 5.50004 3.80284 1.4989 2.85083 0.795866 8.9796 1.81338
internal_count=1390 872 787 518 415 403 372 307 403 85 292 72 220 68 30 115 96 160 63 60 44 80 26 60 139 52 42 48 45 97 59 38 23 38 32 18 75 15 37 17
is_linear=0
shrinkage=0.0212808


Tree=3
num_leaves=41
num_cat=0
split_feature=40 53 81 82 65 74 56 92 63 61 41 64 6 89 52 83 64 40 64 68 47 38 65 11 0 64 87 82 67 41 64 64 19 102 3 12 41 89 64 64
split_gain=29.3692 20.4921 15.6637 12.3585 11.2275 9.87184 10.0153 7.42031 7.16712 6.45766 5.88346 4.91066 4.73094 4.92475 4.40289 3.98686 3.98103 3.93119 3.85198 3.62119 3.40843 3.14291 4.32426 2.6244 3.5256 2.57807 2.55137 3.6036 2.3498 2.29768 2.08264 2.95988 2.3726 2.00115 1.98314 1.92482 4.5053 1.88962 1.64438 1.62446
threshold=36.95000000000001 14.500000000000002 0.95000000000000007 0.46862745098039221 4.5000000000000009 0.65000000000000002 0.16025641025641021 0.34523809523809529 2.5000000000000004 0.070197044334975353 1.4500000000000002 7.6500000000000012 3.5000000000000004 487.50000000000006 9.5000000000000018 -1.0499999999999998 11.450000000000001 37.95000000000001 5.0500000000000007 1293.0000000000002 40.850000000000001 12.500000000000002 5.5000000000000009 1.5000000000000002 1.5000000000000002 4.7500000000000009 15.500000000000002 0.21825396825396823 838.50000000000011 0.95000000000000007 19.150000000000002 6.3500000000000005 14.500000000000002 0.31430297645783084 16.500000000000004 1.0000000180025095e-35 1.9500000000000002 475.50000000000006 2.5500000000000003 6.6500000000000012
decision_type=2 2 2 2 2 2 2 2 2 2 2 2 2 2 2 2 2 2 2 2 2 2 2 2 2 2 2 2 2 2 2 2 2 2 2 2 2 2 2 2
left_child=1 2 3 5 14 6 15 -6 29 -3 21 18 35 -14 33 -1 23 -16 38 26 25 22 -7 24 -10 28 34 -28 -4 -5 31 -23 -33 -2 -17 36 -11 -19 -8 -21
right_child=4 9 20 8 7 10 11 -9 16 12 -12 -13 13 -15 17 19 -18 37 -20 39 -22 30 -24 -25 -26 -27 27 -29 -30 -31 -32 32 -34 -35 -36 -37 -38 -39 -40 -41
leaf_value=-0.028175126129544575 -0.040081653124651173 -0.040574545244580817 0.028839661134147328 -0.01438042962368876 -0.040087573344992682 0.02149754540668819 0.008925324760136492 0.015133313403417876 -0.039821327724447859 -0.02490295885932144 -0.026688111013486455 -0.040135448092008898 -0.041158582686172382 0.02716574496967428 -0.039976759211620493 0.007442390415534763 -0.040229959679681182 -0.017665783981938431 0.022039150937072784 0.010510198509958518 0.039473898205032984 0.032252087675990304 -0.040176655870784207 -0.040517558409639665 0.020411146251109367 -0.040281444485480516 -0.041381706859157943 0.024923474448576809 -0.031762977506347115 0.033859373954024975 0.037188936088039616 -0.0406074904999126 0.029798603264117849 0.010369429836393626 0.033512838084418975 0.037597228611177029 0.036112441309316602 0.022291457936881622 -0.040654853640302538 -0.040288092425896413
leaf_weight=1.0608160756528366 1.5846596024930506 0.63589997962117095 0.50506068766116985 0.66522736474871447 13.564350899308918 1.9822842627763742 0.40343628823757116 1.1871116757392872 0.60821234807372171 0.80188509821891729 1.0264657996594895 3.4974532127380371 0.84135113656520744 1.0999686568975446 0.64821850508451451 1.906036850064998 4.7362532131373882 0.61910152807831753 1.4386222846806047 0.46222234144806751 0.28685638308525074 1.5915408991277202 0.69192263856530178 0.84996984153985966 1.5722137764096258 5.9364698454737663 0.67012931406497933 0.82464144751429558 0.66940202564001083 1.3020259439945219 7.5167268626391888 0.60332365334033955 0.33046860620379448 0.44264905154705037 4.6790998727083206 9.7884982340037805 1.6888477168977258 3.5264344029128551 1.0738615021109579 0.69822375848889351
leaf_count=26 45 17 5 15 392 18 7 11 17 19 25 100 22 8 18 27 135 14 13 7 1 13 19 23 17 169 17 7 18 6 14 16 2 6 22 15 4 32 29 19
internal_value=0 0.00362476 -0.00317883 0.00204958 -0.0251729 0.00873029 -0.00223254 -0.0356141 -0.0188092 0.0254454 0.0220937 -0.0231284 0.0284307 -0.00223421 -0.00252788 0.0107369 -0.0280197 0.00852296 -0.00257583 0.0152532 -0.0316371 0.0260669 0.00537043 -0.00878759 0.0034025 -0.0345716 0.0203278 -0.00452801 -0.00533793 0.0173327 0.0315348 0.0145276 -0.0152307 -0.0288572 0.0260341 0.033313 0.0162959 0.0162184 -0.0268318 -0.0196993
internal_weight=0 62.4454 47.589 40.1912 21.5725 30.4573 16.7145 14.7515 9.7339 14.8565 13.7427 6.41337 14.2206 1.94132 6.82106 10.3012 7.76665 4.79375 2.91592 9.24035 7.39779 12.7163 2.67421 3.0304 2.18043 7.11093 8.07991 1.49477 1.17446 1.96725 10.0421 2.52533 0.933792 2.02731 6.58514 12.2792 2.49073 4.14554 1.4773 1.16045
internal_count=1390 872 787 594 518 381 274 403 213 85 107 149 68 30 115 125 192 64 49 99 193 82 37 57 34 192 73 24 23 21 45 31 18 51 49 38 23 46 36 26
is_linear=0
shrinkage=0.0212808


Tree=4
num_leaves=41
num_cat=0
split_feature=40 53 56 64 72 64 42 81 101 95 97 27 83 63 68 64 5 72 65 79 73 48 64 41 24 58 55 67 12 3 74 60 46 89 84 53 60 71 19 72
split_gain=26.3429 18.4101 14.3111 10.4348 9.88096 8.14906 7.72413 7.59944 7.01973 5.97925 5.77999 6.83672 6.36493 4.96921 4.5198 10.0724 4.21613 4.08947 3.22042 3.24188 3.18977 3.12429 3.12087 3.0716 2.51482 2.61853 3.13969 2.22196 2.12152 4.70141 2.09675 6.33306 1.80097 1.60056 1.34531 1.00298 1.95715 0.940705 0.798401 0.463355
threshold=36.95000000000001 14.500000000000002 0.38675213675213677 10.350000000000003 16.500000000000004 7.8500000000000005 0.080128205128205107 0.95000000000000007 -2.0797999999999983 0.23000000000000079 1.0000000180025095e-35 1.0000000180025095e-35 -1.0499999999999998 2.5000000000000004 314.00000000000006 11.15 3.5000000000000004 6.5000000000000009 1.5000000000000002 6.5000000000000009 35.650000000000013 1.0000000180025095e-35 7.7500000000000009 0.8500000000000002 1.0000000180025095e-35 8.5000000000000018 0.8500000000000002 1507.5000000000002 1.0000000180025095e-35 1.0000000180025095e-35 0.25000000000000006 0.16397849462365588 14.500000000000002 507.50000000000006 0.55000000000000016 13.500000000000002 0.11583184257602856 115.00000000000001 3.5000000000000004 12.500000000000002
decision_type=2 2 2 2 2 2 2 2 2 2 2 2 2 2 2 2 2 2 2 2 2 2 2 2 2 2 2 2 2 2 2 2 2 2 2 2 2 2 2 2
left_child=1 2 7 17 5 16 -5 10 -7 28 12 20 -1 -11 -14 27 18 -2 -4 -20 33 -21 32 -19 25 26 -25 34 29 -3 31 -13 38 -12 -16 36 -28 -31 -9 -30
right_child=3 9 4 6 -6 8 -8 22 -10 13 11 30 14 -15 15 -17 -18 23 19 21 -22 -23 -24 24 -26 -27 35 -29 39 37 -32 -33 -34 -35 -36 -37 -38 -39 -40 -41
leaf_value=-0.036723059159236807 -0.03423794441791822 0.033993139692835024 -0.039267061154457994 0.019946528390999623 0.026476616783979758 0.016721084952874225 -0.039404559953095546 -0.038872814714361555 -0.039446109500492786 0.033669024794742965 -0.039874040957596446 -0.040419875696170136 0.034874434753360321 -0.039694983183590549 0.022974253395738557 -0.040062506773723555 -0.035354931170529617 -0.039314549561887104 0.030547843732751663 0.027691993180281937 0.027592599095956304 -0.03937288657341402 -0.039412216603880355 -0.03886248784980903 0.039878152978108976 -0.040516784884579299 -0.023351969759300067 -0.025099001982935888 0.027052056102589053 -0.040053811913479218 0.035519025335151562 0.03972159961107645 0.03931577036150613 0.01814378097918232 0.0010423634935344912 0.032424646055219712 0.034319245487063735 0.0064455436350729567 0.0094329463534382745 0.037712156673445248
leaf_weight=1.7377935983240629 1.4304602630436445 1.6363917924463742 0.55077675729990616 1.0652706548571576 2.0444048903882495 1.1111794821918035 12.901498727500437 0.34702206403016977 9.8055527135729736 0.66798518598079581 1.217122629284858 0.70249329507350733 2.1354976482689407 1.1002170629799364 4.4898112937808019 2.1245686188340187 1.3023759238421915 0.58588473498821247 2.3693936765193944 0.53283196687698342 0.62084408849477757 0.75191159546375275 2.0900943353772163 0.47239567339420396 1.1291713044047353 0.52244119718670834 0.53925482556223892 0.62470864877104748 3.0769193321466428 0.64669608324766148 7.0840578600764275 1.2109248936176298 0.42518311738967896 0.24981157109141339 1.8219442106783388 1.4255808144807813 0.51981246098875999 0.26176700368523598 0.25799771770834923 6.7697055637836456
leaf_count=50 41 5 16 8 12 9 394 10 298 4 35 19 6 32 40 61 36 17 18 4 6 22 63 14 5 14 12 14 14 18 21 2 2 3 35 10 3 4 5 8
internal_value=0 0.00349444 -0.00307833 -0.0244111 -0.0175349 -0.0230407 -0.034846 0.00674393 -0.0336889 0.0246937 0.0108151 0.0220926 0.0011159 -0.0117359 0.00703005 0.000417101 -0.00185356 -0.00234592 0.00842906 0.0157449 -0.0124523 -0.0112287 -0.0244518 0.00636071 0.0122681 0.00317537 0.0110516 0.0128816 0.0299269 0.0123371 0.0301562 0.0100698 0.00549956 -0.0296981 0.016712 0.0207266 0.00456098 -0.0261982 -0.0175963 0.0344279
internal_weight=0 59.768 45.6083 20.5918 18.4684 16.424 13.9668 27.1399 10.9167 14.1597 24.0196 11.0853 12.9343 1.7682 11.1965 9.06103 5.50729 6.625 4.20491 3.65414 2.08778 1.28474 3.1203 5.19454 4.60866 3.47948 2.95704 6.93646 12.3915 2.54485 8.99748 1.91342 1.0302 1.46693 6.31176 2.48465 1.05907 0.908463 0.60502 9.84662
internal_count=1390 872 787 518 415 403 402 372 307 85 292 86 206 36 156 150 96 116 60 44 44 26 80 75 58 53 39 89 49 27 42 21 17 38 75 25 15 22 15 22
is_linear=0
shrinkage=0.0212808


Tree=5
num_leaves=41
num_cat=0
split_feature=40 53 81 42 64 42 62 49 102 94 64 65 64 28 80 72 47 41 74 78 87 54 64 3 83 90 62 24 58 55 64 100 7 89 103 19 45 41 89 89
split_gain=23.7747 16.5158 12.9776 10.251 9.52038 7.10031 6.16227 10.5441 6.25009 5.55319 4.71782 4.69181 4.19982 4.11394 3.97716 3.65734 2.80466 2.77352 2.7434 3.40208 2.67734 2.62607 3.24497 2.55928 3.46037 2.33731 2.34304 2.30126 2.35927 2.81391 2.27148 2.241 2.92724 2.19566 3.6214 2.01004 1.74462 1.6777 1.62727 1.05321
threshold=36.95000000000001 14.500000000000002 0.95000000000000007 0.73030303030303034 10.350000000000003 0.080128205128205107 3.5000000000000004 0.3550420168067227 0.22304357195316518 -0.064583333333333284 22.700000000000006 8.5000000000000018 8.1500000000000004 1.0000000180025095e-35 34.550000000000004 6.5000000000000009 40.850000000000001 0.8500000000000002 0.65000000000000002 6.5000000000000009 14.500000000000002 35.250000000000007 5.9500000000000011 16.500000000000004 0.14999999999999999 -0.057189542483660087 4.5000000000000009 1.0000000180025095e-35 8.5000000000000018 0.8500000000000002 4.7500000000000009 -0.85925000000000284 1.0000000180025095e-35 479.50000000000006 0.40496431628985752 2.5000000000000004 4.5000000000000009 0.8500000000000002 512.50000000000011 493.50000000000006
decision_type=2 2 2 2 2 2 2 2 2 2 2 2 2 2 2 2 2 2 2 2 2 2 2 2 2 2 2 2 2 2 2 2 2 2 2 2 2 2 2 2
left_child=1 2 3 6 15 -6 8 11 10 -3 14 21 20 38 31 -2 30 -17 19 -11 -5 23 37 24 -8 26 -20 28 29 -19 35 32 -1 -10 -35 -4 -16 -23 -9 -22
right_child=4 9 16 12 5 -7 7 13 33 18 -12 -13 -14 -15 36 17 -18 27 25 -21 39 22 -24 -25 -26 -27 -28 -29 -30 -31 -32 -33 -34 34 -36 -37 -38 -39 -40 -41
leaf_value=0.034722140159427747 -0.033123357181274467 -0.030905865112344954 -0.03859494397310894 -0.039710723166601875 0.018679450419853832 -0.038701456422025084 -0.021428788178629348 -0.036496394860963878 0.036478368393892596 0.02558677038892259 -0.038980729555774293 -0.038722959207227244 -0.039011160589385176 0.022696255621616746 0.01569873398671354 -0.038543724150444089 0.037782286412195949 -0.038099121631082741 0.026440686377895727 -0.04022676486679936 -0.0021593432137635852 -0.0097115099259378803 -0.040203777601930585 0.027556208909186222 0.031208626298924548 0.035452082592173931 -0.022061416327453752 0.039110833637884854 -0.039674358973280165 0.019840434020912175 -0.038910449047072602 0.027194326967223865 -0.018780579524258465 0.033922320971783666 -0.032453732863120581 0.019683719781049453 -0.039665443219081657 0.035484193203345234 0.018240971528195309 0.03533746418988698
leaf_weight=0.70041681453585525 1.3675447124987865 0.7798568494617929 0.46290013007819542 0.52877392992377181 1.0508121512830246 12.155984077602623 1.3364050127565863 4.551975628361105 5.7797632217407218 0.92437477037310489 1.0410968046635387 0.83564322814345438 3.4998464956879616 0.66057507880032051 0.34321663901209809 0.55300644785165776 0.25626537203788746 0.44590658694505769 1.3123897537589044 0.57643193006515503 0.63548388890922047 0.73585710674524329 0.8218057733029126 5.4237516485154629 0.97808659821748722 9.2462751157581806 0.6776604652404784 1.0654013529419897 0.49370082654058922 2.400710329413414 5.3064926732331514 3.641463352367285 1.3598268777132032 0.94332051463425137 0.60915652848780155 0.62634303793311119 0.92696024850010872 0.72896165773272514 0.2486889287829398 0.68035233393311501
leaf_count=4 41 21 14 15 8 394 32 136 15 7 32 26 110 7 6 17 1 14 7 16 11 14 23 36 6 19 15 5 14 25 169 27 32 5 18 9 27 5 3 4
internal_value=0 0.00337117 -0.00298382 0.00192423 -0.0238183 -0.0341025 0.00653609 -0.0025439 0.016221 0.0239293 0.00316907 0.00955645 -0.0253179 -0.0266818 0.00952974 -0.00227938 -0.0303511 0.00614742 0.0273226 1.44594e-05 0.00044164 0.0136274 -0.00626656 0.0195609 0.000636855 0.0309319 0.00970809 0.0118624 0.00303345 0.0106032 -0.0331541 0.0171598 -0.000375818 0.0304239 0.00759978 -0.00470949 -0.024371 0.0125013 -0.0335686 0.0169209
internal_weight=0 57.1804 43.6634 37.0114 19.5331 13.2068 31.667 16.3218 15.3452 13.517 8.01298 10.8605 5.34446 5.46124 6.97188 6.32627 6.652 4.95873 12.7371 1.50081 1.84461 10.0249 2.28662 7.73824 2.31449 11.2363 1.99005 4.40572 3.34032 2.84662 6.39574 5.70171 2.06024 7.33224 1.55248 1.08924 1.27018 1.46482 4.80066 1.31584
internal_count=1390 872 787 594 518 402 454 288 166 85 128 142 140 146 96 116 193 75 64 23 30 116 42 74 38 41 22 58 53 39 192 63 36 38 23 23 33 19 139 15
is_linear=0
shrinkage=0.0212808


Tree=6
num_leaves=41
num_cat=0
split_feature=40 53 56 64 72 64 81 101 49 61 97 27 57 80 68 64 5 65 67 65 73 79 64 48 23 46 86 38 45 63 82 47 63 46 89 87 42 53 65 72
split_gain=21.4141 14.7701 11.8371 8.74555 8.09616 6.83122 6.11217 6.04368 5.32257 5.23413 4.7373 5.76089 5.40254 4.4173 3.8899 8.45093 3.60142 3.49077 3.78992 2.72245 2.68238 2.65555 2.6541 2.64188 2.37463 2.1696 2.16208 1.98782 1.90442 2.75643 1.76895 1.73191 2.62117 1.47572 1.36708 1.1018 0.757806 0.699095 0.614307 0.415578
threshold=36.95000000000001 14.500000000000002 0.38675213675213677 21.450000000000003 16.500000000000004 7.8500000000000005 0.95000000000000007 -2.0797999999999983 0.064583333333333312 0.070197044334975353 1.0000000180025095e-35 1.0000000180025095e-35 -2.2499999999999996 33.95000000000001 314.00000000000006 11.15 3.5000000000000004 4.5000000000000009 1163.5000000000002 1.5000000000000002 35.650000000000013 6.5000000000000009 7.7500000000000009 1.0000000180025095e-35 1.5000000000000002 10.500000000000002 -468.49999999999994 35.000000000000007 7.5000000000000009 2.5000000000000004 0.060661764705882353 36.350000000000001 5.5000000000000009 14.500000000000002 507.50000000000006 13.500000000000002 0.76696832579185525 3.5000000000000004 3.5000000000000004 2.5000000000000004
decision_type=2 2 2 2 2 2 2 2 2 2 2 2 2 2 2 2 2 2 2 2 2 2 2 2 2 2 2 2 2 2 2 2 2 2 2 2 2 2 2 2
left_child=1 2 6 8 5 16 10 -7 35 -3 12 20 -1 38 -14 26 19 18 25 -4 34 -21 33 -23 30 -10 -16 -28 29 -13 -20 -15 -33 37 -12 -2 -34 -8 -11 -30
right_child=3 9 4 -5 -6 7 22 -9 17 13 11 28 14 31 15 -17 -18 -19 24 21 -22 23 -24 -25 -26 -27 27 -29 39 -31 -32 32 36 -35 -36 -37 -38 -39 -40 -41
leaf_value=-0.038568894206068946 0.037655019138715107 -0.039238413233888582 -0.0380195791928487 -0.038047656870762531 0.024493975999495602 0.015438404054551023 0.0092784522292362458 -0.038164834388048081 -0.021790028543712495 0 -0.038711374643756041 0.027740317761081438 0.033379853755126289 0.033020437954491812 -0.030244027652434023 -0.038824619960068453 -0.034027845677169224 -0.038123801351875146 0.0067030191289132587 0.028762005107507888 0.025815390222356013 0.02611986444827024 -0.038005246742347662 -0.038119032691718659 0.026733970893521759 0.029038961106480375 0.018551274669615793 -0.022924502345711913 0.023328938373401387 -0.039527814101227958 -0.035970764170739626 0.028650456966585653 -0.041331981179943814 0.037899848600261368 0.016681729367269575 0.0034203941769285436 0.002356083730063119 -0.037444977182116403 -0.03973803011261573 0.036190663698145296
leaf_weight=1.3723205812275434 1.0718397106975333 0.57593280822038551 0.50067568756640257 9.1343583520501834 1.9052429683506478 1.0559514686465252 0.24804251641035024 8.7692387513816339 0.49920144118368615 0.26115980371832748 1.1085801143199194 0.77603988721966544 1.9557630605995679 9.6245980821549875 0.51601624116301525 1.953470531851053 1.208497194573283 2.3647775966674089 0.52238378673791963 2.2063944637775426 0.57816309481859196 0.49740118160843827 1.8553539104759691 0.67919193580746651 0.40210632234811772 1.4967349059879778 5.779511593282221 0.56555564329028118 1.758278105407953 0.42476378381252289 2.3240415584295988 1.3275349717587226 0.39841706305742253 0.38336622714996338 0.23405019193887699 0.75452016666531552 0.2950902096927166 0.31203588470816612 0.4558557216078043 5.2013653554022312
leaf_count=44 3 17 16 314 12 9 5 298 14 5 35 6 6 27 13 62 36 80 8 18 6 4 63 22 4 11 68 13 12 12 71 8 10 2 3 13 5 10 13 12
internal_value=0 0.00324671 -0.00288873 -0.023192 -0.0166992 -0.0219904 0.00637935 -0.0323595 -0.00876263 0.0231208 0.0101253 0.0209099 0.00113547 0.0260638 0.00623764 0.000163467 -0.00189714 -0.0166259 -0.00684483 0.0079994 -0.0120872 0.0149467 -0.0232058 -0.0106031 -0.0210788 0.0161082 0.0113308 0.0147839 0.0287294 0.0035765 -0.0279906 0.0292373 0.0110025 0.00546082 -0.0287331 0.0237556 -0.0221601 -0.0160213 -0.0248511 0.0330069
internal_weight=0 54.7839 41.8453 18.57 16.8226 14.9174 25.0227 9.82519 9.43561 12.9386 22.2239 10.0812 12.1426 12.3627 10.7703 8.81455 5.09216 7.60925 5.24447 3.88366 1.92079 3.38299 2.7988 1.17659 3.24853 1.99594 6.86108 6.34507 8.16045 1.2008 2.84643 11.6456 2.02104 0.943445 1.34263 1.82636 0.693507 0.560078 0.717016 6.95964
internal_count=1390 872 787 518 415 403 372 307 204 85 292 86 206 68 162 156 96 188 108 60 44 44 80 26 83 25 94 81 42 18 79 50 23 17 38 16 15 15 18 24
is_linear=0
shrinkage=0.0212808


Tree=7
num_leaves=41
num_cat=0
split_feature=40 53 81 42 64 42 62 49 102 61 64 80 65 64 28 80 52 40 58 39 47 85 52 64 100 7 84 64 64 89 103 102 67 89 12 87 75 54 101 47
split_gain=19.2735 13.2015 10.7854 8.36514 8.24231 5.95969 5.1365 8.60875 5.32757 4.69634 3.94836 3.94612 3.85457 3.663 3.48265 3.36107 3.12185 3.08867 2.36761 2.78989 2.31315 2.27091 2.07665 2.0133 1.90826 2.47592 1.8544 2.15105 2.06007 1.84261 3.03124 1.79229 1.71411 1.62434 1.62039 5.443 1.31332 1.96112 1.96453 0.901358
threshold=36.95000000000001 14.500000000000002 0.95000000000000007 0.73030303030303034 10.350000000000003 0.080128205128205107 3.5000000000000004 0.3550420168067227 0.22304357195316518 0.070197044334975353 22.700000000000006 33.95000000000001 8.5000000000000018 8.1500000000000004 1.0000000180025095e-35 34.550000000000004 9.5000000000000018 37.95000000000001 -2.4999999999999996 2.5000000000000004 40.850000000000001 55.250000000000007 3.5000000000000004 4.7500000000000009 -0.85925000000000284 1.0000000180025095e-35 0.45000000000000007 3.2500000000000004 3.5500000000000003 479.50000000000006 0.40496431628985752 0.31430297645783084 838.50000000000011 525.00000000000011 1.0000000180025095e-35 14.500000000000002 0.31009615384615391 34.050000000000004 1.5783999999999987 37.95000000000001
decision_type=2 2 2 2 2 2 2 2 2 2 2 2 2 2 2 2 2 2 2 2 2 2 2 2 2 2 2 2 2 2 2 2 2 2 2 2 2 2 2 2
left_child=1 2 3 6 16 -6 8 12 10 -3 15 -11 18 21 33 24 31 -18 19 -8 23 -5 -17 32 25 -1 28 -28 -20 -10 -31 -2 -4 39 35 -13 -19 -38 -39 -9
right_child=4 9 20 13 5 -7 7 14 29 11 -12 34 -14 -15 -16 22 17 36 26 -21 -22 -23 -24 -25 -26 -27 27 -29 -30 30 -32 -33 -34 -35 -36 -37 37 38 -40 -41
leaf_value=0.033253671821806705 -0.037761164598944193 -0.03847465360314991 0.027062715776933227 -0.038333033409430201 0.016929553512179646 -0.037433220748054379 0.013580807814266774 -0.037353648571443944 0.035071211352286809 -0.023806531123219742 -0.037784429301490521 0.030848882980543484 -0.037489439983945244 -0.037789375531850945 0.021098250227329814 0.028467352328116882 -0.037731282619215614 0.026611050915878787 -0.04141136871673208 -0.040610519644953297 0.036230405329932755 0.01614988991946472 -0.038746749366911047 -0.037697107600579351 0.025609817171433565 -0.017559895969520869 0.02945323237958522 -0.025282020231661418 0.024854350289061838 0.032548013150564818 -0.030778071468200441 0.014982627285793458 -0.028644263106477129 0.025181518696910588 0.032773550279092054 -0.040172696110820909 0.029245343827881912 -0.038635637196721105 0.029095972712225651 0.0067389087295407933
leaf_weight=0.64768559113144819 1.3348875828087354 0.54353759251534839 0.43752061575651058 0.47950090654194255 0.9857322983443727 10.793551044538615 0.97969422303140052 3.9555759858340016 5.2237184289842844 0.69169763289391895 0.93709594942629326 1.9918551649898284 0.75063097849488336 3.1269512455910444 0.62621331587433804 0.26068914309143998 0.57308418862521637 2.0270449332892899 0.21444165706634244 0.75623643398284912 0.2284218668937682 1.2364702280610798 0.91889571584761143 4.7334070801734924 3.4248283300548814 1.309788731858134 0.51648315787315346 0.86368731409311295 6.0593107175081968 0.86578995175659634 0.56016021594405174 0.35946620628237713 0.57438887096941471 0.20376900583505619 8.5215229671448451 0.6423386838287114 0.6440479978919027 0.66938386112451553 0.26484143175184727 0.20433640666306008
leaf_count=4 46 17 5 15 8 394 13 133 15 18 32 10 26 110 7 4 19 18 5 21 1 15 29 169 27 32 8 21 48 5 18 5 18 2 22 18 5 21 2 4
internal_value=0 0.00312301 -0.00280079 0.00180594 -0.0225775 -0.0328467 0.00610305 -0.00249222 0.0153241 0.0223244 0.00296315 0.0251532 0.00873695 -0.0240807 -0.0253938 0.00885282 -0.00190536 0.00789742 0.0124819 -0.00979459 -0.0291805 0.000662089 -0.0235191 -0.031862 0.01603 -0.000519989 0.0175904 -0.00448413 0.0225142 0.029197 0.00736912 -0.0263183 -0.0041358 -0.0321669 0.0282292 0.013359 0.0152782 0.000445118 -0.0189681 -0.0350845
internal_weight=0 52.4866 40.0957 34.122 17.652 11.7793 29.279 15.1304 14.1487 12.391 7.49898 11.8474 10.1405 4.84292 4.98989 6.56189 5.87276 4.1784 9.38985 1.73593 5.97374 1.71597 1.17958 5.74532 5.3823 1.95747 7.65392 1.38017 6.27375 6.64967 1.42595 1.69435 1.01191 4.36368 11.1557 2.63419 3.60532 1.57827 0.934225 4.15991
internal_count=1390 872 787 594 518 402 454 288 166 85 128 68 142 140 146 96 116 65 116 34 193 30 33 192 63 36 82 29 53 38 23 51 23 139 50 28 46 28 23 137
is_linear=0
shrinkage=0.0212808


Tree=8
num_leaves=41
num_cat=0
split_feature=40 97 5 64 64 99 5 74 53 64 49 65 63 95 99 80 83 65 67 68 63 81 23 64 14 40 5 100 49 40 54 64 88 87 42 67 56 64 5 47
split_gain=17.3782 11.8435 11.3493 10.4456 7.58322 7.11338 5.78951 5.49015 5.42799 8.1722 4.48249 4.45457 3.90958 3.95103 3.73906 3.28284 3.2049 3.00335 3.13255 2.11863 2.11488 4.46998 2.00885 1.94701 2.02555 1.83901 1.73587 1.48889 1.46019 3.71613 1.23239 1.2049 1.14384 1.14061 2.45969 1.12814 1.17117 1.02253 0.955083 0.897449
threshold=36.95000000000001 -0.07684999999999674 6.5000000000000009 44.500000000000007 21.450000000000003 -1.0032499999999975 7.5000000000000009 0.65000000000000002 16.500000000000004 11.15 0.064583333333333312 7.5000000000000009 2.5000000000000004 0.06999999999999916 -0.15735000000000093 34.150000000000013 -0.39999999999999991 4.5000000000000009 1163.5000000000002 765.00000000000011 6.5000000000000009 0.95000000000000007 1.5000000000000002 5.8500000000000005 1.0000000180025095e-35 34.350000000000001 1.0000000180025095e-35 0.43039999999999884 0.2752525252525253 36.150000000000013 38.45000000000001 3.8500000000000001 13.500000000000002 14.500000000000002 0.34313725490196084 924.50000000000011 0.48333333333333339 13.350000000000003 1.5000000000000002 36.250000000000007
decision_type=2 2 2 2 2 2 2 2 2 2 2 2 2 2 2 2 2 2 2 2 2 2 2 2 2 2 2 2 2 2 2 2 2 2 2 2 2 2 2 2
left_child=1 3 7 5 10 23 8 12 9 16 30 15 33 14 -14 -8 19 18 35 -7 -9 28 27 24 -1 26 -18 -20 -22 -30 37 -21 -23 34 -3 36 -12 -2 -27 -29
right_child=4 2 -4 -5 -6 6 11 20 -10 -11 17 -13 13 -15 -16 -17 25 -19 22 31 21 32 -24 -25 -26 38 -28 39 29 -31 -32 -33 -34 -35 -36 -37 -38 -39 -40 -41
leaf_value=0.012289930125240619 0.017900103700203659 0.031170876490472302 -0.038584768656980552 -0.037428313185335946 -0.036840178508690986 0.015027551074301594 0.015698282570157936 0.032310120358573641 0.031611873724004112 -0.037625307646369247 -0.037456478560473738 0.032697813549968716 -0.031328376361881384 -0.038025683791123803 0.025389660904585637 -0.030183264317983956 0.010462496322912244 -0.036970484441932572 -0.037751235242140198 -0.002703065977133975 0.031166794727644914 0.01464595736283435 0.025358640647397374 -0.037421930147372294 -0.037769373730182285 0.0098536771425576271 -0.037542928317530568 0.011018663682624103 -0.038379010562377129 0.037046032777013911 0.038656556333017997 -0.039460291782123416 -0.039762055786832028 0.035017454262035751 -0.037731533680901326 0.027209367479494023 0.020006540721815593 -0.03686321259021165 0.036532652344063624 -0.036299951530833964
leaf_weight=0.93964169919491414 0.53478207439184344 0.62330694496632277 1.685163041576742 4.1526349317282429 8.092419480904935 0.7206838876009044 1.9936148785054677 9.0383346844464523 1.6064878012984998 3.3597680795937777 0.30821849778294552 4.4743096269667149 0.79314027912914786 1.5144171286374328 1.5452593974769118 1.091627290472388 1.1816099695861284 2.1087574660778046 1.7688148729503161 0.62997597269713868 3.4214264191687098 0.21706644818186749 0.37723575718700875 2.5994381327182055 0.59176514483988285 1.1102075949311259 0.47584311105310906 0.59088847786188115 0.52714115567505337 0.66820862889289856 0.95850670337677002 1.2697317861020563 0.72014398500323296 1.4705986715853212 0.37226638942956924 1.2216449212282894 0.32448763586580753 0.21462256647646427 1.5016015358269212 0.25809326954185963
leaf_count=15 7 6 56 153 314 10 26 32 6 121 10 16 25 52 13 32 19 80 62 13 16 3 4 95 20 21 16 8 17 2 2 39 22 6 12 10 5 7 8 9
internal_value=0 0.00300389 0.0144426 -0.00631256 -0.0220129 -0.000805311 0.00457171 0.0187381 -0.00467888 -0.0104115 -0.00811489 0.0191343 0.00209415 -0.0112231 0.00596437 -0.000403642 0.0028021 -0.0157336 -0.00640431 -0.015643 0.0259157 0.0154286 -0.019921 -0.0261746 -0.00679169 0.0142239 -0.0030811 -0.0266167 0.0240785 0.00342432 0.0226651 -0.0275037 -0.0267059 0.0230665 0.00496655 0.0151971 -0.00733497 0.00161691 0.0253644 -0.00289857
internal_weight=0 50.2954 22.5965 27.6989 16.7585 23.5463 19.4155 20.9113 11.8559 10.2494 8.66605 7.55955 6.31899 3.85282 2.3384 3.08524 6.88965 6.95814 4.84938 2.62039 14.5923 5.55399 2.99503 4.13084 1.53141 4.26926 1.65745 2.6178 4.61678 1.19535 1.70791 1.89971 0.93721 2.46617 0.995573 1.85435 0.632706 0.749405 2.61181 0.848982
internal_count=1390 872 262 610 518 457 327 206 253 247 204 74 114 90 38 58 126 188 108 62 92 60 83 130 35 64 35 79 35 19 16 52 25 24 18 25 15 14 29 17
is_linear=0
shrinkage=0.0212808


end of trees

feature_importances:
current_odds=47
current_popularity=15
agari_1=14
result_4=13
horse_weight_abs_1=13
result_3=11
corner_ratio_1=10
margin_5=10
margin_1=9
umaban=9
corner_ratio_std5=9
mf_course2=8
corner_ratio_3=8
rank_trend_5=8
mother_father_cat=7
f_len1=6
result_2=6
agari_2=6
corner_ratio_2=6
jockey_place_rate=6
paternal_gf_cat=6
margin_4=6
agari_5=6
n_horses_today=5
agari_df_course_1=5
agari_df_course_4=5
agari_df_course_5=5
f_courseout=4
f_classout=4
ninki_1=4
margin_2=4
ninki_3=4
weight_change=4
corner_ratio_5=4
win_rate_recent5=4
corner_chase_1=4
agari_trend_5=4
mf_courseout=3
mf_classout=3
ninki_2=3
agari_3=3
jockey_win_rate=3
waku=3
result_5=3
corner_chase_3=3
agari_df_course_3=3
agari_std5=3
f_course1=2
mf_course3=2
f_mf_classout=2
f_class1=2
mf_class1=2
margin_3=2
father_cat=2
ninki_4=2
agari_4=2
ninki_5=2
f_mf_courseout=1
f_len3=1
mf_len3=1
result_1=1
rank_trend=1
corner_ratio_4=1
kinryo=1
days_since_last_race=1
n_horses_1=1
corner_chase_2=1
corner_chase_5=1

parameters:
[boosting: gbdt]
[objective: custom]
[metric: custom]
[tree_learner: serial]
[device_type: cpu]
[data_sample_strategy: bagging]
[data: ]
[valid: ]
[num_iterations: 208]
[learning_rate: 0.0212808]
[num_leaves: 41]
[num_threads: 0]
[seed: 0]
[deterministic: 0]
[force_col_wise: 1]
[force_row_wise: 0]
[histogram_pool_size: -1]
[max_depth: 10]
[min_data_in_leaf: 7]
[min_sum_hessian_in_leaf: 0.001]
[bagging_fraction: 1]
[pos_bagging_fraction: 1]
[neg_bagging_fraction: 1]
[bagging_freq: 0]
[bagging_seed: 3]
[feature_fraction: 1]
[feature_fraction_bynode: 1]
[feature_fraction_seed: 2]
[extra_trees: 0]
[extra_seed: 6]
[early_stopping_round: 0]
[first_metric_only: 0]
[max_delta_step: 0]
[lambda_l1: 0.0199379]
[lambda_l2: 0.00121313]
[linear_lambda: 0]
[min_gain_to_split: 0]
[drop_rate: 0.1]
[max_drop: 50]
[skip_drop: 0.5]
[xgboost_dart_mode: 0]
[uniform_drop: 0]
[drop_seed: 4]
[top_rate: 0.2]
[other_rate: 0.1]
[min_data_per_group: 100]
[max_cat_threshold: 32]
[cat_l2: 10]
[cat_smooth: 10]
[max_cat_to_onehot: 4]
[top_k: 20]
[monotone_constraints: ]
[monotone_constraints_method: basic]
[monotone_penalty: 0]
[feature_contri: ]
[forcedsplits_filename: ]
[refit_decay_rate: 0.9]
[cegb_tradeoff: 1]
[cegb_penalty_split: 0]
[cegb_penalty_feature_lazy: ]
[cegb_penalty_feature_coupled: ]
[path_smooth: 0]
[interaction_constraints: ]
[verbosity: -1]
[saved_feature_importance_type: 0]
[use_quantized_grad: 0]
[num_grad_quant_bins: 4]
[quant_train_renew_leaf: 0]
[stochastic_rounding: 1]
[linear_tree: 0]
[max_bin: 255]
[max_bin_by_feature: ]
[min_data_in_bin: 3]
[bin_construct_sample_cnt: 200000]
[data_random_seed: 1]
[is_enable_sparse: 1]
[enable_bundle: 1]
[use_missing: 1]
[zero_as_missing: 0]
[feature_pre_filter: 1]
[pre_partition: 0]
[two_round: 0]
[header: 0]
[label_column: ]
[weight_column: ]
[group_column: ]
[ignore_column: ]
[categorical_feature: ]
[forcedbins_filename: ]
[precise_float_parser: 0]
[parser_config_file: ]
[objective_seed: 5]
[num_class: 1]
[is_unbalance: 0]
[scale_pos_weight: 1]
[sigmoid: 1]
[boost_from_average: 1]
[reg_sqrt: 0]
[alpha: 0.9]
[fair_c: 1]
[poisson_max_delta_step: 0.7]
[tweedie_variance_power: 1.5]
[lambdarank_truncation_level: 30]
[lambdarank_norm: 1]
[label_gain: ]
[lambdarank_position_bias_regularization: 0]
[eval_at: ]
[multi_error_top_k: 1]
[auc_mu_weights: ]
[num_machines: 1]
[local_listen_port: 12400]
[time_out: 120]
[machine_list_filename: ]
[machines: ]
[gpu_platform_id: -1]
[gpu_device_id: -1]
[gpu_use_dp: 0]
[num_gpu: 1]

end of parameters

pandas_categorical:null
