tree
version=v4
num_class=1
num_tree_per_iteration=1
label_index=0
max_feature_idx=49
objective=lambdarank
feature_names=f_course1 f_course2 f_course3 f_courseout mf_course1 mf_course2 mf_course3 mf_courseout f_mf_course1 f_mf_course2 f_mf_course3 f_mf_courseout f_len1 f_len2 f_len3 f_lenout mf_len1 mf_len2 mf_len3 mf_classout f_mf_len1 f_mf_len2 f_mf_len3 f_mf_classout f_class1 f_class2 f_class3 f_classout mf_class1 mf_class2 mf_class3 mf_classout.1 f_mf_class1 f_mf_class2 f_mf_class3 f_mf_classout.1 time_df_course1 time_df_class1 ninki_1 result_1 time_df_course2 time_df_class2 ninki_2 result_2 time_df_course3 time_df_class3 ninki_3 result_3 waku umaban
feature_infos=[0:138] [0:112] [0:114] [0:640] [0:65] [0:78] [0:71] [0:515] [0:14] [0:16] [0:8] [0:64] [0:8] [0:12] [0:9] [0:44] [0:4] [0:7] [0:6] [0:31] [0:2] [0:3] [0:1] [0:5] [0:4] [0:4] [0:3] [0:13] [0:2] [0:4] [0:2] [0:12] [0:1] [0:2] none [0:3] none none [-1:170] [-1:110] [-1:0] [-1:0] [-1:180] [-1:140] [-1:0] [-1:0] [-1:180] [-1:150] [1:8] [1:18]
tree_sizes=3244 2898 2538 3546 3346 3625 1971 2119 2097 2429 2499 2856 3129 2938 2812 3161 2608 2945 2805 3298 3336

Tree=0
num_leaves=31
num_cat=0
split_feature=47 43 39 11 38 46 1 49 43 46 15 5 46 11 47 39 38 15 47 42 48 27 49 1 15 0 15 6 46 27
split_gain=31.3588 12.7366 8.98499 7.88458 7.25958 6.31782 5.8757 4.47351 6.20051 3.98078 4.1301 4.3259 4.84194 3.51523 3.3568 2.73505 2.54098 5.15707 2.46528 2.46102 2.27986 1.86454 2.071 1.50183 1.16588 1.07736 1.0622 3.23719 0.866329 0.0924585
threshold=4.5000000000000009 7.5000000000000009 5.5000000000000009 10.500000000000002 75.000000000000014 8.5000000000000018 55.000000000000007 3.5000000000000004 11.500000000000002 45.000000000000007 8.5000000000000018 6.5000000000000009 9.5000000000000018 4.5000000000000009 6.5000000000000009 6.5000000000000009 45.000000000000007 5.5000000000000009 7.5000000000000009 17.500000000000004 3.5000000000000004 1.5000000000000002 8.5000000000000018 3.5000000000000004 6.5000000000000009 5.5000000000000009 2.5000000000000004 5.5000000000000009 4.5000000000000009 5.5000000000000009
decision_type=2 2 2 2 2 2 2 2 2 2 2 2 2 2 2 2 2 2 2 2 2 2 2 2 2 2 2 2 2 2
left_child=2 4 13 7 5 28 18 8 25 10 11 12 20 16 23 -12 24 -18 -5 -15 -4 22 -16 -7 26 -3 27 -1 -2 -9
right_child=1 3 9 6 -6 14 -8 29 -10 -11 15 -13 -14 19 21 -17 17 -19 -20 -21 -22 -23 -24 -25 -26 -27 -28 -29 -30 -31
leaf_value=0 -0.01294022934401865 -0.030275210336308984 0 0.019755773075529674 -0.13638436542182772 0.031069374700192217 0.13105671329929139 -0.13867166289913291 -0.15930975004110742 -0.12398795672517807 0.02419643033354877 0.11919047742048082 0.078735517391397863 -0.079585359537063041 0.044416649221925383 -0.1237111631444721 -0.058608579867845373 0.11402485887295959 -0.13108114129062592 0.063026522953512923 -0.13563471486479564 0 0.13345888921561611 -0.071996377441190015 0.050200478830388362 0.050541609407575558 0.14192063982389252 0.11806120577001424 -0.12156097954327341 -0.075034855221331576
leaf_weight=2.1792683415115004 1.1920904219150608 2.2151056006550851 1.3733701594173893 1.2020032070577138 2.3856383152306071 1.7093350961804383 1.8409973233938215 13.869561329483984 2.3296207077801228 1.675772339105605 1.2961155548691743 3.4807872846722603 2.934878945350647 1.5381026603281491 5.1515640541911107 2.1355158165097237 2.2502592653036109 2.6083320714533329 1.6242062970995901 1.9594646096229551 1.7772808670997617 2.3408872112631789 3.922321405261755 2.1078919023275375 3.4020107053220263 2.337393619120121 7.8287304081022731 6.8800036981701851 2.0045663043856621 1.4010479263961304
leaf_count=21 14 21 12 10 31 13 6 191 31 22 9 14 17 22 35 30 24 12 22 12 24 21 13 27 24 15 25 28 24 17
internal_value=0 -0.0476971 0.0524437 -0.0864873 0.00162374 0.0205155 0.0112276 -0.107737 -0.0469505 -0.000778695 0.0142301 0.0439154 0 0.080199 0.0440442 -0.0638191 0.0913167 0.0311465 -0.0621966 0 -0.072542 0.0674666 0.084901 -0.0220764 0.104912 0.00801135 0.114926 0.0895141 -0.086251 -0.133989
internal_weight=0 47.6342 43.3199 26.8199 20.8143 18.4287 4.66721 22.1527 6.88212 14.6737 12.9979 9.56632 6.08553 28.6462 15.232 3.43163 25.1486 4.85859 2.82621 3.49757 3.15065 11.4148 9.07389 3.81723 20.29 4.5525 16.888 9.05927 3.19666 15.2706
internal_count=787 491 296 313 178 147 38 275 67 128 106 67 53 168 109 39 134 36 32 34 36 69 48 40 98 36 74 49 38 208
is_linear=0
shrinkage=0.0852085


Tree=1
num_leaves=27
num_cat=0
split_feature=47 43 49 42 38 1 38 42 8 38 39 10 49 39 1 39 43 2 39 43 5 42 3 39 17 46
split_gain=28.2607 17.1831 16.8208 9.07929 11.9725 8.85925 11.9454 8.24287 10.4171 8.66461 11.084 8.07897 7.92446 9.11836 7.15383 6.38968 6.28455 5.62123 6.21514 3.71476 3.66703 3.49209 3.24659 2.9 2.34942 0.207605
threshold=4.5000000000000009 3.5000000000000004 1.5000000000000002 55.000000000000007 6.5000000000000009 31.000000000000004 5.5000000000000009 11.500000000000002 1.0000000180025095e-35 65.000000000000014 1.5000000000000002 4.5000000000000009 8.5000000000000018 4.5000000000000009 15.500000000000002 15.500000000000002 7.5000000000000009 38.500000000000007 3.5000000000000004 5.5000000000000009 1.5000000000000002 45.000000000000007 12.500000000000002 2.5000000000000004 1.0000000180025095e-35 45.000000000000007
decision_type=2 2 2 2 2 2 2 2 2 2 2 2 2 2 2 2 2 2 2 2 2 2 2 2 2 2
left_child=5 12 16 4 24 6 20 8 14 10 -9 15 13 -2 22 -6 -3 -7 -19 -11 -1 -20 -8 -12 -4 -5
right_child=1 2 3 25 11 17 7 9 -10 19 23 -13 -14 -15 -16 -17 -18 18 21 -21 -22 -23 -24 -25 -26 -27
leaf_value=0.11730642659480886 0.052872212696618327 0.097952100396619154 -0.15183985885825682 -0.0803408964882842 -0.049726416652802995 0.13952955784500867 -0.030491424495452505 -0.060534028255520726 0.060612043265015736 0 0.11389208483088552 0.10297588346729064 0.10814602409422844 -0.10880334472290208 0.0096975672341644871 0.083618321438069604 -0.025546846921010672 -0.028532856469768778 0.031473159626345074 -0.12475264022728284 0.028210000871133602 0.13552992848329523 -0.14425817532969767 0.0470677535767271 -0.04160063398348534 -0.13165247553663806
leaf_weight=9.5627807006239873 6.8807294368743914 6.4906404763460142 8.2763952836394292 2.5650660954415825 31.856812585145235 7.5415211170911816 2.843999199569228 6.1824361868202677 5.0306866951286784 3.6671105101704589 6.8945493251085308 3.1131351105868807 7.406091731041669 3.9480225201696157 4.3756285533308974 2.7340228185057631 5.2278853580355644 5.001498293131589 5.1686294302344304 3.4502212889492512 5.9861335717141619 5.153065275400877 8.0612458065152151 20.464844623580575 2.2137129828333846 13.510135665535925
leaf_count=19 24 9 50 15 187 12 13 19 17 13 11 8 16 25 17 9 26 16 21 23 22 9 27 57 17 105
internal_value=0 -0.0334285 -0.0513378 -0.0685413 -0.0494656 0.0316929 0.0175166 0.000253286 -0.0437816 0.0226378 0.0410292 -0.0265088 0.040339 -0.0048434 -0.0791865 -0.0386834 0.041663 0.0783857 0.0470788 -0.0617242 0.0841019 0.0851407 -0.116144 0.0645731 -0.130207 -0.124579
internal_weight=0 94.2227 75.9878 64.2693 48.1941 99.3844 76.5196 60.9707 20.3116 40.6592 33.5418 37.704 18.2348 10.8288 15.2809 34.5908 11.7185 22.8647 15.3232 7.11733 15.5489 10.3217 10.9052 27.3594 10.4901 16.0752
internal_count=787 491 426 391 271 296 238 197 74 123 87 204 65 49 57 196 35 58 46 36 41 30 40 68 67 120
is_linear=0
shrinkage=0.0852085


Tree=2
num_leaves=23
num_cat=0
split_feature=38 43 47 10 49 15 27 15 15 2 14 3 11 38 5 2 17 11 2 1 15 39
split_gain=19.3763 13.2844 13.8953 11.0184 9.19163 7.96895 7.26982 6.28457 5.89229 4.99673 4.40439 7.77036 5.98415 7.48871 5.12184 3.91355 3.67461 3.05381 2.63004 1.37006 0.903812 0.247014
threshold=85.000000000000014 4.5000000000000009 1.5000000000000002 3.5000000000000004 3.5000000000000004 11.500000000000002 1.0000000180025095e-35 2.5000000000000004 14.500000000000002 52.000000000000007 1.0000000180025095e-35 42.500000000000007 1.0000000180025095e-35 35.000000000000007 1.5000000000000002 58.500000000000007 1.0000000180025095e-35 1.5000000000000002 2.5000000000000004 33.500000000000007 1.0000000180025095e-35 13.500000000000002
decision_type=2 2 2 2 2 2 2 2 2 2 2 2 2 2 2 2 2 2 2 2 2 2
left_child=1 8 6 4 5 7 20 -4 10 16 11 12 13 -1 -12 -10 -6 -16 -14 21 -3 -2
right_child=19 2 3 -5 9 -7 -8 -9 15 -11 14 -13 18 -15 17 -17 -18 -19 -20 -21 -22 -23
leaf_value=-0.077568778918503181 -0.1262865718113664 0.056101322935941007 -0.031133312334652608 0.08711292860442521 -0.096626909918515122 -0.13613003649009228 -0.027530031001069283 0.057274601771199606 -0.10589757318170372 0.024993497329634327 0.10943492067249191 -0.067061174526588468 0.031875885984389861 0.061989402031108504 -0.019061121258251504 0.030218977930272096 -0.033183169150258908 0.062905141477952786 0.10888815984964119 -0.032877857904898243 0.11202011762310821 -0.067260303283788347
leaf_weight=5.2620027735829407 8.1104122921824437 5.2424751147627848 10.917210079729562 5.2106068283319464 23.650954868644476 2.8126683160662642 5.2949479371309272 12.210239142179487 3.2231638990342608 3.5728711336851111 13.360011592507364 5.5094493478536597 6.1590221673250189 5.847549706697464 4.8145845085382453 2.6351543366909027 10.426239162683485 9.0010474100708944 8.8420581296086294 2.3281569778919211 7.1255822256207466 2.0133046656846991
leaf_count=26 87 17 61 14 194 20 21 40 22 19 27 25 17 18 22 12 53 27 18 15 14 18
internal_value=0 0.00842692 -0.0132899 -0.0307373 -0.0406703 -0.00104322 0.0537527 0.0149092 0.0376934 -0.0675493 0.0459382 0.0235647 0.0433221 -0.00279915 0.0713586 -0.0422979 -0.0777069 0.0332799 0.0784077 -0.102021 0.0897418 -0.116284
internal_weight=0 151.118 86.4638 68.8008 63.5902 25.9401 17.663 23.1274 64.654 37.6501 58.7957 31.6201 26.1106 11.1096 27.1756 5.85832 34.0772 13.8156 15.0011 12.4519 12.3681 10.1237
internal_count=787 667 453 401 387 121 52 101 214 266 180 104 79 44 76 34 247 49 35 120 31 105
is_linear=0
shrinkage=0.0852085


Tree=3
num_leaves=33
num_cat=0
split_feature=43 30 47 40 15 38 11 3 49 5 49 47 10 15 18 38 38 6 19 46 38 42 39 11 42 38 46 43 43 15 2 31
split_gain=13.4909 13.0271 8.17975 5.1689 5.28539 5.16172 6.66715 7.08749 7.88695 4.27244 4.56818 5.3329 4.19808 3.4234 4.53555 6.44495 2.92971 2.66127 3.98961 7.15711 3.10079 5.4438 2.6389 2.40702 2.38031 2.21304 1.64769 1.39648 1.11678 1.0489 0.745649 0.000156569
threshold=4.5000000000000009 1.0000000180025095e-35 7.5000000000000009 -1.0000000180025095e-35 7.5000000000000009 65.000000000000014 1.0000000180025095e-35 342.00000000000006 3.5000000000000004 6.5000000000000009 4.5000000000000009 1.5000000000000002 4.5000000000000009 4.5000000000000009 1.0000000180025095e-35 11.500000000000002 19.000000000000004 6.5000000000000009 1.5000000000000002 9.5000000000000018 16.500000000000004 65.000000000000014 5.5000000000000009 3.5000000000000004 25.000000000000004 25.000000000000004 5.5000000000000009 10.500000000000002 7.5000000000000009 4.5000000000000009 14.500000000000002 1.0000000180025095e-35
decision_type=2 2 2 2 2 2 2 2 2 2 2 2 2 2 2 2 2 2 2 2 2 2 2 2 2 2 2 2 2 2 2 2
left_child=1 3 5 25 13 6 9 8 29 10 -2 -12 17 14 15 -5 -10 18 20 -20 26 -22 24 -7 -6 -1 -4 -21 -19 -8 -15 -16
right_child=2 -3 12 4 22 23 7 -9 16 -11 11 -13 -14 30 31 -17 -18 28 19 27 21 -23 -24 -25 -26 -27 -28 -29 -30 -31 -32 -33
leaf_value=0.0095324150492732875 0.067446807455141339 -0.10647752108661437 -0.0034931791271333463 -0.04455132376447013 -0.014123413922513955 -0.11234209479271262 -0.0024066180625415502 0.091239753313919023 -0.11247643761820063 0.12017141403871663 0.049134909028787338 -0.10243220540832554 0.035577092669057779 0.1273116823289899 0.10414396341481218 0.058951159753752015 -0.022539168051606773 -0.02244208558522055 0.12459685476651927 -0.0016797330462470109 0.036317841278356217 -0.11089592434180179 -0.059955307788877955 0 0.066312652503774661 -0.097130324651456518 -0.10715029092130673 -0.11320188878901367 -0.12436640885275081 0.056571668137901938 0.075456949974211152 0.071252187772486486
leaf_weight=2.6456626616418353 8.102944493293764 4.6869514733552924 1.5906043909490168 7.0223627388477388 5.1685376837849599 3.9238658044487229 3.6274973005056443 3.5065678954124442 7.9368054047226888 4.6266083568334571 3.161057934165 3.3793153017759323 3.2982593774795523 5.752405993640421 5.3417243547737581 11.092425771057604 4.6560771614313126 1.3426176570355881 2.4283443540334693 1.9281599149107935 4.4190763048827639 2.9714513719081879 3.6541111432015887 2.2540227174758911 5.0052767843008041 2.5243721008300781 10.261188473552464 1.8720275685191152 6.1915469281375408 4.1569991037249565 7.3269782587885857 5.3772075548768044
leaf_count=9 22 22 14 38 20 43 17 11 53 10 9 31 11 10 13 36 27 12 6 10 18 34 25 16 13 21 94 22 71 13 21 15
internal_value=0 0.0290696 -0.0222705 0.0397982 0.0474835 2.33046e-05 0.0107719 -0.0188536 -0.0386517 0.0482379 0.024267 -0.0270164 -0.0529504 0.0625512 0.0450972 0.0179924 -0.0805587 -0.0622782 -0.0479342 0.00921693 -0.067196 -0.021081 0.000689518 -0.0722978 0.0240659 -0.0399511 -0.0945502 -0.0610374 -0.108365 0.0272752 0.0996725 0.0893107
internal_weight=0 65.598 85.635 60.9111 55.741 49.3318 43.1539 23.8839 20.3774 19.2699 14.6433 6.54037 36.3033 41.9131 28.8337 18.1148 12.5929 33.005 25.4709 6.22853 19.2423 7.39053 13.8279 6.17789 10.1738 5.17003 11.8518 3.80019 7.53416 7.7845 13.0794 10.7189
internal_count=787 243 544 221 191 252 193 121 110 72 62 40 292 133 102 74 80 281 198 38 160 52 58 59 33 30 108 32 83 30 31 28
is_linear=0
shrinkage=0.0852085


Tree=4
num_leaves=31
num_cat=0
split_feature=39 38 43 47 43 39 39 15 2 3 17 46 31 10 38 2 1 1 5 11 11 2 43 15 0 6 39 23 39 39
split_gain=12.9607 7.87266 5.82996 7.4579 4.42862 4.48329 4.31605 4.26112 6.71152 5.72965 5.08863 6.86469 4.9212 3.81711 3.03797 2.45741 5.47162 2.28213 2.10688 2.07749 1.25336 1.16545 1.13508 1.41777 1.131 1.08866 0.101337 0.0445856 0.0306573 0.469621
threshold=4.5000000000000009 95.000000000000014 7.5000000000000009 1.5000000000000002 11.500000000000002 15.500000000000002 1.5000000000000002 10.500000000000002 17.500000000000004 390.50000000000006 1.0000000180025095e-35 4.5000000000000009 1.0000000180025095e-35 1.0000000180025095e-35 45.000000000000007 7.5000000000000009 31.000000000000004 33.500000000000007 2.5000000000000004 1.0000000180025095e-35 1.0000000180025095e-35 5.5000000000000009 8.5000000000000018 5.5000000000000009 7.5000000000000009 3.5000000000000004 2.5000000000000004 1.0000000180025095e-35 10.500000000000002 8.5000000000000018
decision_type=2 2 2 2 2 2 2 2 2 2 2 2 2 2 2 2 2 2 2 2 2 2 2 2 2 2 2 2 2 2
left_child=2 4 6 -4 7 28 13 8 10 -9 11 -2 -12 19 15 21 18 26 -17 24 -16 25 23 -10 -1 -8 -5 -3 29 -6
right_child=1 27 3 17 5 -7 14 9 22 -11 12 -13 -14 -15 20 16 -18 -19 -20 -21 -22 -23 -24 -25 -26 -27 -28 -29 -30 -31
leaf_value=-0.10676040688870772 0.031691687497391659 -0.1165657068976724 0.070013799529103291 -0.13126443707116972 -0.106314759350059 0.02482036313312035 0.031881971322659207 -0.10871969563711117 0.077340688919692382 0.01338744174093571 0.099855636887437149 -0.058875334605614768 -0.0229719503128346 0.080538321528917045 0.039174236328031665 0.035296699930017147 0.091667868585338985 0.0043953342884542846 -0.056865240288629826 0.0082159169145871441 -0.030436595388081356 0.12468603566976777 0.099452503868744296 0.0047297490610036796 -0.015113323353585392 0.093500601441952519 -0.075369371796376095 -0.054495988163893193 -0.1226398313622654 -0.03119957696638043
leaf_weight=2.5575884617865068 8.509311795234682 5.9304015375673762 3.5031859874725324 2.6919285207986832 2.4788082391023618 2.6140850782394409 4.4710501804947906 6.0702461972832662 3.8513092175126058 4.7677089273929596 4.9159726127982122 19.744796723127365 4.2221341207623482 3.1413162350654593 3.8406433314084998 3.1955743134021741 7.1134773269295692 1.4436358883976934 3.8030685521662235 5.235774964094162 3.4980255588889122 5.7956381142139426 3.9029140993952742 4.9108615666627884 2.2979912906885147 6.527934230864048 2.6893394477665424 1.1955965682864187 3.2403133884072304 1.7673808075487611
leaf_count=16 43 70 9 26 30 15 18 46 13 25 15 137 26 10 13 10 19 9 21 20 21 10 14 23 13 15 30 14 37 19
internal_value=0 -0.0230619 0.0291465 -0.0283571 -0.0142233 -0.0665113 0.0409857 -0.00527248 0.00495174 -0.0537464 -0.0128856 -0.0310634 0.0415908 0 0.0554904 0.0672211 0.0389483 -0.0811334 -0.0126819 -0.0265235 0.00397024 0.0899624 0.0586923 0.0385231 -0.0668543 0.0699847 -0.106736 -0.108549 -0.100366 -0.0790419
internal_weight=0 78.1218 61.8062 10.3281 70.9958 10.1006 51.4781 60.8953 50.0573 10.838 37.3922 28.2541 9.13811 13.2327 38.2454 30.9067 14.1121 6.8249 6.99864 10.0914 7.33867 16.7946 12.6651 8.76217 4.85558 10.999 5.38127 7.126 7.4865 4.24619
internal_count=787 527 260 74 443 101 186 342 271 71 221 180 41 59 127 93 50 65 31 49 34 43 50 36 29 33 56 84 86 49
is_linear=0
shrinkage=0.0852085


Tree=5
num_leaves=34
num_cat=0
split_feature=47 38 38 46 39 19 7 46 6 6 48 16 2 46 5 17 27 3 2 19 7 38 19 49 39 42 42 11 42 1 35 42 7
split_gain=9.73381 5.804 5.15429 5.53165 4.6938 4.38233 4.61145 4.26281 3.6844 3.24565 3.81928 3.06047 3.01535 2.94344 2.78683 4.73179 2.60126 2.47572 2.46638 2.41018 4.43942 3.87231 2.18522 1.94225 1.84931 2.88461 2.16361 1.47926 1.1386 1.19107 0.379358 0.227808 0.121651
threshold=4.5000000000000009 75.000000000000014 19.000000000000004 95.000000000000014 4.5000000000000009 1.5000000000000002 1.5000000000000002 45.000000000000007 18.500000000000004 1.0000000180025095e-35 4.5000000000000009 1.5000000000000002 4.5000000000000009 9.5000000000000018 1.5000000000000002 1.5000000000000002 1.0000000180025095e-35 42.500000000000007 2.5000000000000004 2.5000000000000004 39.500000000000007 5.5000000000000009 1.0000000180025095e-35 9.5000000000000018 1.5000000000000002 6.5000000000000009 13.500000000000002 1.5000000000000002 5.5000000000000009 1.0000000180025095e-35 1.0000000180025095e-35 55.000000000000007 5.5000000000000009
decision_type=2 2 2 2 2 2 2 2 2 2 2 2 2 2 2 2 2 2 2 2 2 2 2 2 2 2 2 2 2 2 2 2 2
left_child=4 2 5 14 9 6 18 13 12 10 -1 24 23 19 22 17 -14 -16 -2 20 21 -6 -4 -7 25 -11 -26 32 -8 -30 -3 -9 -15
right_child=1 30 3 -5 7 8 28 31 -10 11 -12 -13 16 27 15 -17 -18 -19 -20 -21 -22 -23 -24 -25 26 -27 -28 -29 29 -31 -32 -33 -34
leaf_value=0.051368974854835568 0.039144231816926091 -0.10183884717269696 0.019258495505974946 -0.087449006201113996 0.024968356427227278 -0.10945984387879612 -0.027434766484857182 -0.048585468084022997 -0.096489716041565504 0.079870868016719984 -0.057931739691019751 -0.0095992871866652524 0.077805486085032682 0.078703101935015701 0.020304639234714445 0.081722699560186018 -0.0008078759887079122 -0.095518905678578819 -0.067101798092185416 -0.092061783687502535 0.084901492852094945 -0.10220035601238708 0.10937710335099388 0.012007821732466091 0.04069455466803306 -0.024576247914690388 0.10969601049866114 0 -0.035949234647583046 -0.11720958615640838 -0.029576097520115478 -0.11595867945632818 0.041487169860106796
leaf_weight=4.8508764989674074 4.0783130861818817 6.5853698365390292 3.9393635876476818 2.8488698825240126 3.1911883577704483 1.9473702386021643 2.4747244492173186 1.9543582201004022 2.4885362274944773 3.9667684435844484 4.3891229853034019 3.827162653207778 5.6174101009964925 3.7915194109082204 1.9982891790568809 3.3663592711091042 5.8539573587477207 3.1258652694523335 2.5446066372096539 2.5596724450588217 3.0532182529568672 3.4219541735947132 5.0838871747255325 1.4555111452937124 6.1168451383709934 3.365939237177372 10.509452223777769 5.0005558766424647 2.2794794663786879 8.4733627252280694 1.2900490425527094 1.859660357236862 4.2722479477524757
leaf_count=17 24 89 20 23 13 20 17 16 25 11 22 20 21 12 12 9 39 26 23 23 8 32 12 10 24 21 25 22 23 84 14 13 17
internal_value=0 -0.0232893 -0.0135726 0.0204205 0.0230503 -0.0325778 -0.0599008 -0.00206772 -0.000422488 0.0431834 0 0.057717 0.0148225 0.0101019 0.0389547 0.00203192 0.0364973 -0.0476008 0 -0.0191094 0 -0.0387586 0.0719054 -0.0535231 0.0690939 0.0299943 0.085343 0.0385639 -0.0889099 -0.101539 -0.0920734 -0.0860546 0.0610906
internal_weight=0 65.4513 57.5759 20.3626 66.1305 37.2133 19.8505 29.1044 17.3628 37.0262 9.24 27.7862 14.8742 25.2904 17.5138 8.49051 11.4714 5.12415 6.62292 12.226 9.66636 6.61314 9.02325 3.40288 23.959 7.33271 16.6263 13.0643 13.2276 10.7528 7.87542 3.81402 8.06377
internal_count=787 491 388 102 296 286 171 156 115 140 39 101 90 127 79 47 60 38 47 76 53 45 32 30 81 32 49 51 124 107 103 29 29
is_linear=0
shrinkage=0.0852085


Tree=6
num_leaves=18
num_cat=0
split_feature=38 43 10 9 49 49 43 43 4 11 5 47 39 11 1 47 11
split_gain=7.22361 5.3502 3.90567 4.70365 6.05931 8.04769 5.24758 4.68037 3.82223 3.27684 2.86264 2.64924 2.43185 2.33444 1.82546 1.79279 0.479899
threshold=85.000000000000014 11.500000000000002 4.5000000000000009 1.0000000180025095e-35 4.5000000000000009 8.5000000000000018 4.5000000000000009 9.5000000000000018 12.500000000000002 1.5000000000000002 10.500000000000002 9.5000000000000018 15.500000000000002 8.5000000000000018 33.500000000000007 5.5000000000000009 3.5000000000000004
decision_type=2 2 2 2 2 2 2 2 2 2 2 2 2 2 2 2 2
left_child=1 2 3 4 8 7 -7 -6 11 -5 16 -1 15 -12 -2 -3 -11
right_child=14 12 -4 9 5 6 -8 -9 -10 10 13 -13 -14 -15 -16 -17 -18
leaf_value=0.057957930490756246 -0.093635731436712569 0 0.086097911205917949 0.028668505446643806 -0.059624215460349676 0.06721784907767922 -0.019842150475553915 0.035103459217855314 -0.037105713000772499 -0.1278971350124328 0.034204339121037611 -0.013020424950047817 0.020757207124842143 -0.059654494667981034 0 -0.095939398170280799 -0.062526631765068327
leaf_weight=31.542765751481056 7.0388465244322997 1.6996644921600799 4.8592375032603732 4.6125324703753021 18.38334997184575 12.682604283094408 7.9376731626689425 4.5306934416294089 3.8902008831500998 2.8661283105611783 3.4311270713806152 3.9506254307925692 2.2149628922343245 4.0390613563358784 1.7406214997172353 6.3089102320373058 3.2888924032449722
leaf_count=121 105 12 17 22 124 42 66 28 19 18 14 29 14 33 15 83 25
internal_value=0 0.00563736 0.0114359 0.00767396 0.0164111 -0.00519389 0.0329999 -0.0402164 0.040658 -0.0311854 -0.052567 0.0496304 -0.052871 -0.0145835 -0.0743774 -0.0751025 -0.0959155
internal_weight=0 116.238 106.015 101.156 82.9179 43.5343 20.6203 22.914 39.3836 18.2377 13.6252 35.4934 10.2235 7.47019 8.77947 8.00857 6.15502
internal_count=787 667 558 541 429 260 108 152 169 112 90 150 109 47 120 95 43
is_linear=0
shrinkage=0.0852085


Tree=7
num_leaves=19
num_cat=0
split_feature=43 38 25 15 17 30 43 39 47 1 47 1 19 27 42 38 39 0
split_gain=5.22279 3.93173 2.92532 3.85221 2.83036 4.49382 3.21959 3.03574 2.95707 2.68103 2.16998 1.90088 1.71648 1.56156 1.42544 2.60148 0.0534701 0.0108962
threshold=11.500000000000002 85.000000000000014 1.5000000000000002 6.5000000000000009 1.5000000000000002 1.0000000180025095e-35 4.5000000000000009 6.5000000000000009 1.5000000000000002 33.500000000000007 3.5000000000000004 52.500000000000007 1.0000000180025095e-35 1.5000000000000002 25.000000000000004 13.500000000000002 13.500000000000002 67.000000000000014
decision_type=2 2 2 2 2 2 2 2 2 2 2 2 2 2 2 2 2 2
left_child=1 2 4 -4 5 6 7 -1 -8 16 -7 12 14 -6 15 -2 -3 -5
right_child=11 9 3 17 13 10 8 -9 -10 -11 -12 -13 -14 -15 -16 -17 -18 -19
leaf_value=0.044543507003125031 -0.055818233616275741 -0.096403453072487891 0.029233662445571754 -0.13036993279280132 0.079849212422841181 -0.1129376122193303 0.036623683358214199 -0.013050223140290659 -0.015096723038693131 0.036745723283214397 -0.004797151468359297 0.035720899621689978 -0.10130380320216793 0.0042488653948500842 -0.096386990267035774 0.094596659070317848 -0.03579764556849304 -0.068872130789094058
leaf_weight=29.970271240919828 2.0418324619531618 4.093917926773428 2.5389965325593939 1.7431605979800227 6.8330179229378682 3.0166312456130973 10.635657195001839 8.0444096773862821 32.005670968443155 1.4651168584823606 2.9710942581295967 1.2665349058806885 5.3924005758017302 3.4086789675056934 1.4295941069722173 1.3550246916711328 1.0676996149122713 1.8511390089988706
leaf_count=122 30 67 10 13 24 17 37 45 234 10 24 6 76 17 21 6 13 15
internal_value=0 0.00573227 0.00995556 -0.0464075 0.0136931 0.00847072 0.0139187 0.0319607 -0.00182638 -0.0573913 -0.0620939 -0.0545819 -0.0673175 0.0562434 -0.0258246 0.000142724 -0.0870652 -0.103756
internal_weight=0 109.645 103.019 6.1333 96.8854 86.6437 80.656 38.0147 42.6413 6.62673 5.98773 11.4854 10.2189 10.2417 4.82645 3.39686 5.16162 3.5943
internal_count=787 648 558 38 520 479 438 167 271 90 41 139 133 41 57 36 80 28
is_linear=0
shrinkage=0.0852085


Tree=8
num_leaves=19
num_cat=0
split_feature=42 0 25 39 7 43 4 6 9 11 3 3 3 2 31 43 42 3
split_gain=4.2624 7.16373 2.85945 2.11502 2.50056 2.17798 3.26968 3.14026 2.3814 2.19287 2.04026 2.36142 3.08801 6.23521 2.35197 2.35448 1.7603 1.63735
threshold=85.000000000000014 45.500000000000007 1.5000000000000002 4.5000000000000009 1.5000000000000002 4.5000000000000009 1.0000000180025095e-35 1.5000000000000002 1.0000000180025095e-35 1.0000000180025095e-35 1.0000000180025095e-35 21.500000000000004 36.500000000000007 7.5000000000000009 1.0000000180025095e-35 6.5000000000000009 25.000000000000004 32.500000000000007
decision_type=2 2 2 2 2 2 2 2 2 2 2 2 2 2 2 2 2 2
left_child=2 -2 3 4 -1 8 -7 -8 9 -6 -5 14 17 -14 15 -12 -4 -13
right_child=1 -3 16 10 5 6 7 -9 -10 -11 11 12 13 -15 -16 -17 -18 -19
leaf_value=-0.03635887082982478 -0.093830941234898671 0.0797413922297215 -0.093982832871138192 0.063272712587235158 0.02064925316473392 -0.079291328037960879 0.077174439889730995 -0.0077503352141066809 -0.0056338529729440283 0.079388766178455888 0.027538899512372528 0.012058965388687519 -0.089187591950367906 0.0091519521229935872 -0.10351022651411215 -0.05485171198161231 0 0.099201241184816144
leaf_weight=4.6394281461834899 7.5448339544236642 2.1172776706516743 3.272418897598981 3.1048113107681266 8.6620723344385677 2.8140130285173681 4.7052229084074488 8.7155428957194072 5.2242590375244609 12.471111513674257 4.4164271131157857 3.9274776615202418 5.649643091484907 25.716056974604726 3.1408369839191428 5.3916764818131924 2.147551916539669 3.2163991145789623
leaf_count=23 106 7 35 14 39 19 19 51 26 40 25 29 55 186 36 56 11 10
internal_value=0 -0.0541047 0.00489112 0.00823725 0.0214715 0.0281463 0.00258809 0.0210252 0.043297 0.0560919 -0.00294989 -0.00727524 0.00295651 -0.00815879 -0.0387898 -0.0162598 -0.054869 0.053662
internal_weight=0 9.66211 107.215 101.795 47.2316 42.5922 16.2348 13.4208 26.3574 21.1332 54.5633 51.4585 38.5096 31.3657 12.9489 9.8081 5.41997 7.14388
internal_count=787 113 674 628 217 194 89 70 105 79 411 397 280 241 117 81 46 39
is_linear=0
shrinkage=0.0852085


Tree=9
num_leaves=22
num_cat=0
split_feature=47 42 10 3 46 6 46 15 1 31 31 48 49 3 38 13 17 43 49 4 8
split_gain=4.94179 3.17172 2.93229 2.58054 2.33416 2.3945 2.23146 2.8092 2.75032 2.62511 2.20092 1.85954 2.09808 1.79899 1.66638 1.33126 1.15818 2.37897 1.58473 0.930906 0.0568642
threshold=4.5000000000000009 85.000000000000014 4.5000000000000009 7.5000000000000009 65.000000000000014 2.5000000000000004 95.000000000000014 9.5000000000000018 33.500000000000007 3.5000000000000004 1.5000000000000002 7.5000000000000009 9.5000000000000018 390.50000000000006 5.5000000000000009 1.0000000180025095e-35 1.0000000180025095e-35 6.5000000000000009 7.5000000000000009 40.500000000000007 1.0000000180025095e-35
decision_type=2 2 2 2 2 2 2 2 2 2 2 2 2 2 2 2 2 2 2 2 2
left_child=6 2 3 16 11 -6 7 8 9 10 14 12 -5 15 -1 -9 17 -2 -19 -17 -3
right_child=1 20 -4 4 5 -7 -8 13 -10 -11 -12 -13 -14 -15 -16 19 -18 18 -20 -21 -22
leaf_value=0.048099592636092342 0.052738795055680888 -0.09104147589887622 0.070245872988205948 -0.036359636855735254 0.061286561597347557 -0.048062880846734012 0.095614263457245899 0.00032657289326950921 0.074273939875394171 0.085489615106798408 -0.064431127384651038 -0.095583346923951248 0.029559776021915479 0.025265524465784162 0.0012842499740651566 -0.10464330839968519 0.074363436509395003 -0.10834145185052141 0.0069281475651770605 -0.007199228096281692 -0.031235033002030847
leaf_weight=7.4311191067099598 3.4504006765782815 4.0756983906030646 2.9298296123743048 25.739390496164564 3.9810618199408045 2.1167071312665939 2.5929035097360602 1.771506778895853 6.5338759273290625 3.3455512784421435 2.8529118336737147 3.4764000028371802 3.7784451302140942 2.7314244844019413 24.002976518124342 3.1720861382782459 2.4211812280118465 1.5913277454674246 1.3735832832753656 1.3691889680922029 1.0384596250951288
leaf_count=29 14 69 9 221 19 26 6 11 23 13 23 45 27 14 128 36 11 19 15 13 16
internal_value=0 -0.017884 -0.0110831 -0.0164128 -0.0259981 0.0208256 0.0179382 0.0138139 0.0228639 0.0134818 0.00594236 -0.0351184 -0.02739 -0.0286494 0.0128676 -0.0543525 0.0242385 0.00270791 -0.0504486 -0.0788106 -0.0820932
internal_weight=0 55.9725 50.8583 47.9285 39.092 6.09777 55.8035 53.2106 44.1664 37.6326 34.287 32.9942 29.5178 9.04421 31.4341 6.31278 8.83649 6.41531 2.96491 4.54128 5.11416
internal_count=787 491 406 397 338 45 296 290 216 193 180 293 248 74 157 60 59 48 34 49 85
is_linear=0
shrinkage=0.0852085


Tree=10
num_leaves=23
num_cat=0
split_feature=38 43 49 48 8 14 7 26 7 24 1 49 39 1 1 1 1 19 39 47 7 4
split_gain=3.42718 2.7233 2.24245 4.36163 3.91019 2.17489 4.13209 2.61744 2.84426 2.09971 2.01481 2.30582 4.1135 2.44665 1.65713 1.48208 1.32697 1.29814 1.26738 0.8869 0.987143 0.39843
threshold=85.000000000000014 11.500000000000002 4.5000000000000009 5.5000000000000009 1.0000000180025095e-35 2.5000000000000004 152.00000000000003 1.0000000180025095e-35 4.5000000000000009 1.5000000000000002 31.000000000000004 8.5000000000000018 7.5000000000000009 14.000000000000002 1.0000000180025095e-35 44.500000000000007 33.500000000000007 1.0000000180025095e-35 5.5000000000000009 5.5000000000000009 9.5000000000000018 5.5000000000000009
decision_type=2 2 2 2 2 2 2 2 2 2 2 2 2 2 2 2 2 2 2 2 2 2
left_child=1 2 5 4 14 6 7 8 -1 21 11 12 -5 -13 -4 17 -2 19 -12 -3 -21 -7
right_child=16 15 3 10 -6 9 -8 -9 -10 -11 18 13 -14 -15 -16 -17 -18 -19 -20 20 -22 -23
leaf_value=-0.011117860615492537 -0.077849817103373353 0.044179696672958561 -0.00031325417663139496 -0.065207303667413744 0.029469147354164268 -0.10592141582732591 -0.064589427287848306 0.10023588984857562 0.046741975069045656 0.028722607621025673 0.067248454773455535 0.034433424184224737 0.033762552740032044 -0.043394580807902872 -0.10334484677328176 0.046353443733586401 0 -0.093605446673216935 0 -0.087759879102262767 0.00950338348758532 -0.025671202096139011
leaf_weight=8.3310355246067065 5.3857534956187001 1.0213677436113342 1.7466890849173049 8.2079060040414351 2.8892223015427589 1.6041662283241742 2.8713011369109145 4.6491698771715155 20.135727915912867 2.5511186718940735 6.0051780492067319 14.669324971735479 4.5927580781280986 3.4874655604362479 6.2076019160449505 0.9812418334186076 1.8328396491706369 3.6351598408073187 2.7983315922319889 1.5584746189415457 0.96770104020833958 1.5240060687065122
leaf_count=48 105 7 14 67 19 15 20 14 91 14 24 76 29 33 62 5 15 57 19 29 11 13
internal_value=0 0.00408331 0.00839804 -0.00339874 -0.0514302 0.0230766 0.0309957 0.0397925 0.029289 -0.0243644 0.00935515 -0.000410075 -0.0285329 0.0186076 -0.0826945 -0.0426884 -0.0565709 -0.0570899 0.0452653 -0.0149596 -0.0449976 -0.0722527
internal_weight=0 100.435 92.271 50.6045 10.8435 41.6665 35.9872 33.1159 28.4668 5.67929 39.761 30.9575 12.8007 18.1568 7.95429 8.16395 7.21859 7.1827 8.80351 3.54754 2.52618 3.12817
internal_count=787 667 558 343 95 215 173 153 139 42 248 205 96 109 76 109 120 104 43 47 40 28
is_linear=0
shrinkage=0.0852085


Tree=11
num_leaves=26
num_cat=0
split_feature=47 39 35 2 42 46 38 42 4 31 8 10 49 12 12 17 6 43 2 43 46 5 26 3 11
split_gain=3.04175 2.83937 2.38604 2.98142 2.09525 3.0952 3.11133 2.40144 2.2915 2.75412 2.55538 2.57235 2.47217 2.39065 1.924 1.60075 2.574 2.81132 2.3402 1.39288 1.38445 1.10987 0.538134 0.335062 0.288098
threshold=4.5000000000000009 9.5000000000000018 1.0000000180025095e-35 40.500000000000007 9.5000000000000018 2.5000000000000004 9.5000000000000018 4.5000000000000009 14.500000000000002 3.5000000000000004 1.0000000180025095e-35 1.0000000180025095e-35 5.5000000000000009 1.0000000180025095e-35 4.5000000000000009 1.5000000000000002 1.0000000180025095e-35 3.5000000000000004 13.500000000000002 5.5000000000000009 3.5000000000000004 2.5000000000000004 1.0000000180025095e-35 6.5000000000000009 6.5000000000000009
decision_type=2 2 2 2 2 2 2 2 2 2 2 2 2 2 2 2 2 2 2 2 2 2 2 2 2
left_child=4 2 3 15 5 6 -1 -7 10 -10 11 12 19 -14 20 16 17 -2 -18 -6 -3 -4 23 -22 -5
right_child=1 14 21 24 8 7 -8 -9 9 -11 -12 -13 13 -15 -16 -17 18 -19 -20 -21 22 -23 -24 -25 -26
leaf_value=0.052121341186214087 0.089495380506549482 0.019909048837532587 0.093733811218814814 -0.10552532874723547 0.048244830488375107 -0.0084386709818822115 -0.058250423529349692 -0.12003819103487892 -0.071734976868302741 0.032764962770505675 0.078491145548961444 0.085466692875859188 -0.084425053633840577 0.019120183118232797 0.0099142128306776902 0.063320441252011334 -0.055958627389741868 -0.0033068734242112704 0.010516178694127964 -0.0074513695818488237 -0.025726869578189541 0.0065367981269010183 -0.020746415445248818 -0.09446575422029746 -0.034044538122753341
leaf_weight=6.3711276538670045 3.2314137704670483 0.97655418887734313 2.4055420979857436 2.3001881949603553 8.7369601503014653 3.642400234937667 2.4815200194716454 2.632542509585619 3.5081367902457705 3.5548430494964123 7.6985646933317176 3.6911245286464682 3.4303627163171759 2.666326992213726 2.8124033436179152 2.4643609113991252 9.8262424040585739 7.6306312177330256 5.742150889709591 4.5057318247854701 1.283649904653428 2.6092639416456223 1.8308581598103044 6.6496676281094551 1.4822307638823984
leaf_count=27 11 8 8 26 37 20 27 24 26 21 26 12 31 18 22 16 115 71 43 27 17 21 24 96 13
internal_value=0 -0.0147919 -0.00233144 -0.011123 0.0143241 -0.0117871 0.0193914 -0.0580232 0.025174 -0.0171174 0.0353904 0.0202398 0.00689057 -0.036834 -0.0482499 -0.00124429 -0.00790336 0.0231127 -0.0305083 0.0281929 -0.0648566 0.051679 -0.074905 -0.0853811 -0.0819877
internal_weight=0 51.2452 37.692 32.6772 52.9196 15.1276 8.85265 6.27494 37.7921 7.06298 30.7291 23.0305 19.3394 6.09669 13.5531 28.8948 26.4304 10.862 15.5684 13.2427 10.7407 5.01481 9.76418 7.93332 3.78242
internal_count=787 491 324 295 296 98 54 44 198 47 151 125 113 49 167 256 240 82 158 64 145 29 137 113 39
is_linear=0
shrinkage=0.0852085


Tree=12
num_leaves=29
num_cat=0
split_feature=38 42 38 6 46 27 42 11 10 14 47 2 11 39 38 6 3 1 6 11 47 47 49 0 27 15 7 3
split_gain=2.71059 2.05505 1.86932 2.24943 2.13586 2.66666 1.62323 2.03448 2.84871 2.60132 1.97906 1.74745 4.87423 1.72258 1.70669 1.59386 1.56724 1.46961 1.41547 1.35721 1.59836 1.02708 0.816947 0.720898 0.614049 0.393693 0.199991 0.0134319
threshold=75.000000000000014 17.500000000000004 45.000000000000007 2.5000000000000004 16.500000000000004 1.5000000000000002 3.5000000000000004 1.5000000000000002 4.5000000000000009 2.5000000000000004 2.5000000000000004 10.500000000000002 1.5000000000000002 13.500000000000002 5.5000000000000009 1.0000000180025095e-35 26.500000000000004 2.5000000000000004 1.0000000180025095e-35 1.0000000180025095e-35 4.5000000000000009 4.5000000000000009 4.5000000000000009 2.5000000000000004 4.5000000000000009 5.5000000000000009 48.500000000000007 9.5000000000000018
decision_type=2 2 2 2 2 2 2 2 2 2 2 2 2 2 2 2 2 2 2 2 2 2 2 2 2 2 2 2
left_child=1 6 4 15 23 18 11 9 13 10 -8 12 -1 14 -9 17 -12 -4 -6 27 -21 -5 -20 -3 -7 -13 -22 -2
right_child=19 2 3 21 5 24 7 8 -10 -11 16 25 -14 -15 -16 -17 -18 -19 22 20 26 -23 -24 -25 -26 -27 -28 -29
leaf_value=-0.10447010815950886 -0.037822068768542487 0.10020013999008748 0.025974740838782658 -0.095353464329702209 0.022658562552734865 0.068603856771327146 0.055474339785455504 -0.013899177843234294 0.061008333263089728 -0.097756234834211336 -0.034207143179241652 0.081963721768667355 0.059532962873909703 0.018488701442510681 -0.08970685583803982 0.061957042781846196 0.016041528626077148 -0.068142463659469035 0 0.032088559229768512 -0.01167700335234354 -0.0070536014358813948 -0.068579305256379078 0.037519131591941313 0.012634530203977871 0.026587653313765381 -0.072557363288879143 -0.1009148508323021
leaf_weight=2.3466094434261304 0.99639934301376198 3.8138547241687801 2.6993845552206022 2.2829665988683692 4.0350151546299475 5.5244818553328496 4.975162707269198 3.7341212052851898 1.6383356750011433 1.7952211126685131 7.7068283054977682 2.5994785130023956 2.8365363851189613 1.7365988753736008 7.6019653305411339 3.6331608220934868 10.427092708647249 1.990513678640127 2.3126752227544785 2.5185331627726555 1.3071572687476876 2.3326958045363426 3.3421507589519024 3.7612553983926773 2.9244279935956001 3.3174957893788815 2.2014326546341181 2.3979489989578724
leaf_count=21 17 10 17 21 25 23 19 30 7 24 84 9 11 14 85 16 83 16 13 20 21 25 28 20 18 22 41 47
internal_value=0 0.00458844 0.019479 -0.00595985 0.0328534 0.0158495 -0.0064699 -0.0147661 -0.0398517 0 0.00781562 0.0217461 -0.0120329 -0.0537597 -0.0661694 0.0191754 -0.00451129 -0.0109918 -0.0134352 -0.0433871 -0.0158259 -0.0543257 -0.0418105 0.0713497 0.051126 0.05376 -0.0544357 -0.0873192
internal_weight=0 89.368 38.6526 12.9387 25.7139 18.1388 50.7154 39.6153 14.711 24.9043 23.1091 11.1001 5.18315 13.0727 11.3361 8.32306 18.1339 4.6899 9.68984 9.42147 6.02712 4.61566 5.65483 7.57511 8.44891 5.91697 3.50859 3.39435
internal_count=787 641 232 95 137 107 409 346 136 210 186 63 32 129 115 49 167 33 66 146 82 46 41 30 41 31 62 64
is_linear=0
shrinkage=0.0852085


Tree=13
num_leaves=27
num_cat=0
split_feature=38 43 17 3 43 3 2 46 3 38 3 47 47 49 26 15 39 47 47 48 27 7 3 38 1 42
split_gain=2.40488 1.82955 1.80907 2.42375 2.07003 2.51335 3.79277 2.23506 2.04701 1.56604 1.34532 1.44342 1.32943 1.69688 1.28939 1.68518 1.19657 1.02546 1.01383 0.725538 0.669572 0.619198 0.49643 0.42602 0.0916163 0.0857789
threshold=85.000000000000014 11.500000000000002 1.0000000180025095e-35 34.500000000000007 4.5000000000000009 27.500000000000004 1.0000000180025095e-35 55.000000000000007 19.500000000000004 19.000000000000004 342.00000000000006 5.5000000000000009 1.5000000000000002 4.5000000000000009 1.0000000180025095e-35 2.5000000000000004 15.500000000000002 6.5000000000000009 7.5000000000000009 3.5000000000000004 1.5000000000000002 5.5000000000000009 189.00000000000003 105.00000000000001 1.0000000180025095e-35 16.500000000000004
decision_type=2 2 2 2 2 2 2 2 2 2 2 2 2 2 2 2 2 2 2 2 2 2 2 2 2 2
left_child=1 2 4 8 7 6 18 14 9 -4 11 20 -7 -14 15 -1 17 -3 -6 -13 -5 -9 -2 -24 -8 -19
right_child=22 16 3 10 5 12 24 21 -10 -11 -12 19 13 -15 -16 -17 -18 25 -20 -21 -22 -23 23 -25 -26 -27
leaf_value=0.01245959223198246 -0.069485248423444196 0 0.064711909222569294 -0.0067848963207272931 0.046548407847467298 0.038767485461444519 -0.050035799475096884 0.095781699080917229 0.10972048157321983 -0.021564966539589971 0.046941235342007004 0.048800696827657274 0.016302042958619867 -0.040054615524492146 0.039048060437888062 -0.042519115509817233 0.019117948900413979 -0.090976961363494577 -0.032610259611212264 -0.013629522645974923 -0.082339750657074634 0.02973802880639723 0.021218753469069988 -0.048758055761029873 -0.10879883335905757 -0.01935624907344214
leaf_weight=10.10968106240035 4.0504248496145001 1.5421283245086659 3.2308331206440943 2.1264335773885232 2.3227928951382655 5.1383929178118732 1.4624791592359541 2.6926700696349135 3.8274942114949226 2.5006325431168079 3.6684021651744834 2.543558269739151 7.4240292981266958 7.5908973347395658 5.5155840441584578 6.4722624383866778 1.6458377875387666 3.0891327373683457 2.1898011714220047 2.2725638821721077 2.2739700488746166 3.211313683539629 1.0153634175658228 1.1486869845539329 4.2130178213119507 0.74613635055720795
leaf_count=59 92 18 14 15 11 24 19 8 11 17 20 13 50 90 26 48 14 62 23 22 23 20 9 19 45 15
internal_value=0 0.00363297 0.00742005 0.0279674 -0.00023863 -0.0159005 -0.0503515 0.0161954 0.0604848 0.0245586 0.00258838 -0.0135478 0.000826189 -0.0112176 0.00300212 -0.00813852 -0.0376319 -0.0577857 0.00487636 0.0163555 -0.0495386 0.0627544 -0.0510799 -0.00927043 -0.096665 -0.081209
internal_weight=0 87.81 80.7868 22.4439 58.3429 30.3414 10.1881 28.0015 9.55896 5.73147 12.8849 9.21653 20.1533 15.0149 22.0975 16.5819 7.02324 5.3774 4.51259 4.81612 4.4004 5.90398 6.21448 2.16405 5.6755 3.83527
internal_count=787 667 558 135 423 262 98 161 42 31 93 73 164 140 133 107 109 95 34 35 38 28 120 28 64 77
is_linear=0
shrinkage=0.0852085


Tree=14
num_leaves=26
num_cat=0
split_feature=38 43 49 47 38 46 39 7 46 15 27 15 19 11 5 46 12 19 49 0 11 46 3 38 43
split_gain=2.22115 1.36985 2.14144 2.14405 2.49352 1.86622 1.76274 2.22063 1.80928 1.60316 1.85247 1.99503 1.5888 1.34772 1.27804 1.26371 1.0906 1.04552 1.00352 0.821759 0.753812 0.552113 0.427569 0.32798 0.251413
threshold=85.000000000000014 3.5000000000000004 11.500000000000002 1.5000000000000002 6.5000000000000009 65.000000000000014 9.5000000000000018 11.500000000000002 35.000000000000007 1.0000000180025095e-35 2.5000000000000004 7.5000000000000009 2.5000000000000004 3.5000000000000004 1.0000000180025095e-35 45.000000000000007 1.0000000180025095e-35 1.0000000180025095e-35 9.5000000000000018 1.5000000000000002 3.5000000000000004 9.5000000000000018 189.00000000000003 105.00000000000001 5.5000000000000009
decision_type=2 2 2 2 2 2 2 2 2 2 2 2 2 2 2 2 2 2 2 2 2 2 2 2 2
left_child=1 5 3 14 12 9 8 -8 -6 18 13 -12 20 16 -3 -4 -11 -16 21 -19 -5 -1 -2 -24 -14
right_child=22 2 15 4 6 -7 7 -9 -10 10 11 -13 24 -15 17 -17 -18 19 -20 -21 -22 -23 23 -25 -26
leaf_value=-0.0183187122496072 -0.069249203149345892 -0.01503552751408071 -0.10029926943847196 -0.10496631437057907 0.032522187656727305 0.062050958460071012 -0.088056008460965146 0 -0.017306853603937366 -0.012192727311561997 0.080505869493623441 -0.016768998717078994 -0.030787399808278066 0.019710408432980085 0.084001893791369825 0 -0.083378725531319989 0.055754880643216834 0.077364977895483092 -0.010479011899482327 -0.006109744680570719 0.035328304218635274 0.01396384936989821 -0.046979650969436258 0.010939590528289406
leaf_weight=2.0520219355821663 3.7153690494596949 2.5797006003558627 2.5212689135223623 3.4314062558114511 14.862922515720131 5.7751771435141555 3.0647571198642236 6.7896022964268923 7.7474892530590287 3.7045801728963834 2.8127776607871047 2.8751023337244987 1.7323207817971709 2.3798124939203262 3.7797226198017579 0.98004921153187741 3.7000449039041996 2.3451420813798904 3.0350721254944801 2.4931686148047447 1.0727702006697653 3.1612460538744926 1.0075801499187949 1.0540939029306171 1.9435092359781263
leaf_count=16 92 16 42 46 114 25 50 65 71 26 10 23 14 14 13 10 28 11 11 17 13 16 9 19 16
internal_value=0 0.00348917 -0.00419616 0 -0.0089198 0.0184061 0.00124069 -0.0282636 0.014785 0.00707631 -0.00831556 0.0289004 -0.0509139 -0.0315032 0.0331344 -0.0683718 -0.0499954 0.0492907 0.0376783 0.0187052 -0.0849463 0.0113691 -0.0509676 -0.0102821 -0.00477846
internal_weight=0 84.8397 55.3438 51.8425 40.6448 29.4958 32.4648 9.85436 22.6104 23.7207 15.4723 5.68788 8.18001 9.78444 11.1977 3.50132 7.40463 8.61803 8.24834 4.83831 4.50418 5.21327 5.77704 2.06167 3.67583
internal_count=787 667 498 446 389 169 300 115 185 144 101 33 89 68 57 52 54 41 43 28 59 32 120 28 30
is_linear=0
shrinkage=0.0852085


Tree=15
num_leaves=29
num_cat=0
split_feature=38 47 8 25 19 0 43 48 6 15 9 3 3 42 48 4 46 9 47 43 46 1 3 46 0 7 2 13
split_gain=1.83675 1.12117 2.41493 1.72697 1.47732 1.49527 2.09636 1.18022 2.40611 2.42863 2.0427 1.43504 1.35511 1.32913 1.02257 1.17248 1.15101 0.771668 0.922843 0.738248 0.569135 0.568034 0.485754 0.415834 0.379845 0.0859239 0.0629127 0.0385569
threshold=85.000000000000014 4.5000000000000009 2.5000000000000004 1.0000000180025095e-35 4.5000000000000009 27.500000000000004 6.5000000000000009 4.5000000000000009 1.0000000180025095e-35 6.5000000000000009 1.0000000180025095e-35 332.50000000000006 19.500000000000004 35.000000000000007 2.5000000000000004 4.5000000000000009 3.5000000000000004 1.5000000000000002 9.5000000000000018 6.5000000000000009 25.000000000000004 26.500000000000004 189.00000000000003 16.500000000000004 40.500000000000007 1.5000000000000002 57.000000000000007 1.0000000180025095e-35
decision_type=2 2 2 2 2 2 2 2 2 2 2 2 2 2 2 2 2 2 2 2 2 2 2 2 2 2 2 2
left_child=1 7 3 4 5 6 -3 10 13 12 14 27 -10 25 16 -16 -1 18 -6 -5 -18 -21 -2 -14 -24 -9 -23 -11
right_child=22 2 -4 19 17 -7 -8 8 9 11 -12 -13 23 -15 15 -17 20 -19 -20 21 -22 26 24 -25 -26 -27 -28 -29
leaf_value=0.055313528931336849 -0.068087084919459154 0.024073427371442514 0.061222884105497713 -0.10670066607584214 -0.094149382438946452 0.054059715620490729 -0.027574949016093094 -0.045128498189308017 -0.0045793710802683333 -0.036633410611276222 -0.037513678654807377 0.021787352721708706 0.073222283553164957 0 0.076640860415535222 0.0065134213481501391 -0.042967620891116276 4.6640890298548325e-05 -0.0030517315109553091 0.012515100450931608 0.012805207145411512 -0.078390255729870087 0.018838362521156202 0.025750859386872094 -0.049422435064375853 -0.10859052195943111 -0.018684916614975879 -0.098593010933460554
leaf_weight=2.9660359621048036 3.4071697145700446 9.8373107984662109 3.3789793737232676 1.7932535111904133 2.6507577188312998 3.5558357341215006 13.169965451583264 1.4964626468718081 3.6155198477208641 1.2472770772874349 2.7558666691184035 1.4393136762082575 4.6925347968935949 1.9601129069924352 6.970494765788315 2.9606199115514755 2.2430775612592697 1.4247204624116419 1.6695498526096342 1.043099641799927 2.5844721309840679 1.0540603902190926 1.0967863835394385 3.7150494679808617 0.96485553868114937 1.7352785542607305 1.1917783021926878 1.4737364128232
leaf_count=12 92 63 19 17 35 25 172 15 25 11 22 9 20 15 30 16 15 12 18 13 16 17 12 20 16 17 13 20
internal_value=0 0.00317314 -0.00663914 -0.0132218 -0.00541881 0.00254036 -0.00483719 0.0130867 -0.000236635 0.0152579 0.0277015 -0.0389652 0.0353212 -0.0511966 0.0387377 0.0573324 0.0129826 -0.0446197 -0.0626848 -0.0595351 -0.0101381 -0.028491 -0.0476708 0.0542082 -0.00622079 -0.0845595 -0.0540267 -0.0764254
internal_weight=0 82.6252 40.7693 37.3903 32.3081 26.5631 23.0073 41.8559 21.3753 16.1834 20.4806 4.16033 12.0231 5.19185 17.7247 9.93111 7.79359 5.74503 4.32031 5.08219 4.82755 3.28894 5.46881 8.40758 2.06164 3.23174 2.24584 2.72101
internal_count=787 667 404 385 325 260 235 263 152 105 111 40 65 47 89 46 43 65 53 60 31 43 120 40 28 32 30 31
is_linear=0
shrinkage=0.0852085


Tree=16
num_leaves=24
num_cat=0
split_feature=42 0 42 46 46 18 5 38 17 30 31 15 15 4 8 3 9 11 49 0 27 7 10
split_gain=1.65127 2.3547 1.41982 1.30154 2.22661 1.66235 1.43922 1.42869 1.40415 1.25794 1.80347 1.47913 1.35296 2.15247 2.03127 1.95016 0.930738 0.734457 0.622962 0.596105 0.490839 0.401697 0.149989
threshold=85.000000000000014 45.500000000000007 9.5000000000000018 3.5000000000000004 11.500000000000002 1.0000000180025095e-35 4.5000000000000009 9.5000000000000018 1.0000000180025095e-35 1.0000000180025095e-35 3.5000000000000004 16.500000000000004 2.5000000000000004 14.500000000000002 1.0000000180025095e-35 6.5000000000000009 1.0000000180025095e-35 1.0000000180025095e-35 5.5000000000000009 35.500000000000007 6.5000000000000009 83.000000000000014 1.5000000000000002
decision_type=2 2 2 2 2 2 2 2 2 2 2 2 2 2 2 2 2 2 2 2 2 2 2
left_child=2 22 3 7 5 8 -7 17 19 11 -11 12 14 16 15 -4 -14 -1 -19 -5 -13 -9 -2
right_child=1 -3 9 4 -6 6 -8 21 -10 10 -12 20 13 -15 -16 -17 -18 18 -20 -21 -22 -23 -24
leaf_value=0.055555259189837038 -0.077529583739560079 0.050580874316616641 0.023292904146423092 -0.097319018143398522 0.030885394800234309 0.03978871920460976 -0.048074812214162946 -0.078318404611823267 0.0044995584963753617 -0.087072519871566306 0.011288371348021228 -0.069000740575910158 0.05305985901796334 -0.035981409707712915 0.057265799949351034 -0.036933206090610078 0.0031434538740770937 0.042401936792899858 -0.03012118223250268 -0.01244176811619252 0 0 -0.0038949680614866612
leaf_weight=3.9552003666758555 4.2460947446525088 1.3512396067380903 6.7330765258520868 5.400150606408717 3.4481154512614003 2.4902746714651585 2.7935696132481098 1.1956654544919731 1.1989910360425708 2.1419253274798384 3.0079136174172163 1.6210729256272309 16.843596663326032 2.5180265791714183 4.0889570321887723 8.7388146258890611 4.0153758805245152 1.4941205047070982 1.9252978153526781 1.1625792253762481 1.9346150234341619 1.0836718566715715 0.67883421294391144
leaf_count=22 94 7 50 67 27 15 26 18 10 31 22 21 108 24 26 103 31 9 20 15 18 11 12
internal_value=0 -0.0419248 0.00339894 -0.0124936 -0.0272927 -0.0438569 -0.0038522 0.011248 -0.0690325 0.0117388 -0.0270223 0.016371 0.0209701 0.0348741 0.00355656 -0.00976222 0.0441896 0.0306901 0 -0.084697 -0.0346646 -0.0447026 -0.0705012
internal_weight=0 6.27617 77.791 26.1476 16.4937 13.0456 5.28384 9.65396 7.76172 51.6434 5.14984 46.4935 42.9378 23.377 19.5608 15.4719 20.859 7.37462 3.41942 6.56273 3.55569 2.27934 4.92493
internal_count=787 113 674 240 160 133 41 80 92 434 53 381 342 163 179 153 139 51 29 82 39 29 106
is_linear=0
shrinkage=0.0852085


Tree=17
num_leaves=27
num_cat=0
split_feature=43 30 13 40 17 43 42 16 7 49 6 38 39 27 15 13 3 1 46 1 47 16 38 5 18 16
split_gain=1.57581 1.45556 1.22502 1.41329 1.08829 1.64956 1.54937 1.99639 2.09348 1.71517 1.38164 1.02717 1.81503 1.43755 1.00215 0.9091 0.889842 0.631731 0.990508 1.07283 0.439437 0.3609 0.305791 0.136484 0.083856 0.0822545
threshold=4.5000000000000009 1.0000000180025095e-35 4.5000000000000009 -1.0000000180025095e-35 1.0000000180025095e-35 11.500000000000002 85.000000000000014 1.0000000180025095e-35 26.500000000000004 4.5000000000000009 6.5000000000000009 8.5000000000000018 8.5000000000000018 1.0000000180025095e-35 1.0000000180025095e-35 2.5000000000000004 7.5000000000000009 23.000000000000004 3.5000000000000004 3.5000000000000004 1.5000000000000002 1.0000000180025095e-35 35.000000000000007 18.500000000000004 1.0000000180025095e-35 1.0000000180025095e-35
decision_type=2 2 2 2 2 2 2 2 2 2 2 2 2 2 2 2 2 2 2 2 2 2 2 2 2 2
left_child=1 2 3 -1 6 11 7 8 9 14 20 13 22 -6 -2 23 -11 18 -5 -20 -10 -14 -13 -9 -7 -8
right_child=4 -3 -4 17 5 24 25 15 10 16 -12 12 21 -15 -16 -17 -18 -19 19 -21 -22 -23 -24 -25 -26 -27
leaf_value=-0.033664292841509826 -0.044084778582270806 -0.050018926361164853 -0.031543154422416467 0.061375588715467132 0.035973911558548712 -0.0110744731304369 -0.087250908474816258 -0.098102265143107228 0.092699059188486574 0 -0.023914700507234887 0.084558896838849734 -0.048620033368773387 -0.078734817664952217 0.022614699748167731 0 -0.062095061481529136 0.063239352027993717 0.032785235978028453 -0.008593848535640056 0.032326817419288542 0.0044991142561536211 0.031750727414241946 -0.026762999216046312 -0.089039682783877513 -0.01769219341484142
leaf_weight=2.4601725079119268 2.0239319354295819 2.2338614352047435 2.8441515862941733 4.3190547600388589 1.393681921064853 0.69274011813104042 2.4237604821100827 2.6230448950082059 1.898511566221712 2.3481969833374006 1.945042125880718 3.3372590653598291 1.2738644238561394 1.5268371179699896 6.9835860002785921 1.1260779686272142 6.4256365466862917 4.2646288946270934 9.7251724507659691 7.6724468283355227 4.257907435297966 1.8530344534665344 2.7104545440524817 0.94929774850606907 0.99375130049884319 0.77883885614573944
leaf_count=27 23 22 26 24 8 12 59 38 6 28 25 14 16 21 54 12 95 23 62 59 37 21 23 13 22 17
internal_value=0 0.0141423 0.019251 0.0248884 -0.00996904 0.00948718 -0.0183513 -0.0118188 -0.00191182 -0.0188068 0.0332502 0.0214838 0.036063 -0.0191254 0.00586071 -0.0628262 -0.045762 0.0310456 0.0239465 0.0136942 0.0537669 -0.0126755 0.0636624 -0.0837288 -0.0665749 -0.0753286
internal_weight=0 33.5195 31.2856 28.4415 47.5655 13.7816 33.7838 30.5812 25.8828 17.7814 8.10146 12.0951 9.17461 2.92052 9.00752 4.69842 8.77383 25.9813 21.7167 17.3976 6.15642 3.1269 6.04771 3.57234 1.68649 3.2026
internal_count=787 243 221 195 544 137 407 331 268 200 68 103 74 29 77 63 123 168 145 121 43 37 37 51 34 76
is_linear=0
shrinkage=0.0852085


Tree=18
num_leaves=26
num_cat=0
split_feature=47 42 38 10 10 8 38 47 10 5 15 3 25 14 15 27 42 14 43 15 49 1 9 47 19
split_gain=1.34398 1.13831 1.30046 1.11957 1.12343 1.60925 1.10323 2.21021 1.07 1.01602 1.35043 0.911884 0.896111 1.11242 1.73707 1.18729 0.745327 0.439621 0.437782 0.402831 0.359073 0.318589 0.0854236 0.0570814 0.0253337
threshold=4.5000000000000009 75.000000000000014 4.5000000000000009 1.5000000000000002 1.0000000180025095e-35 1.0000000180025095e-35 45.000000000000007 1.5000000000000002 4.5000000000000009 5.5000000000000009 2.5000000000000004 342.00000000000006 1.0000000180025095e-35 1.5000000000000002 3.5000000000000004 1.5000000000000002 11.500000000000002 1.5000000000000002 6.5000000000000009 31.500000000000004 2.5000000000000004 2.5000000000000004 1.5000000000000002 5.5000000000000009 1.0000000180025095e-35
decision_type=2 2 2 2 2 2 2 2 2 2 2 2 2 2 2 2 2 2 2 2 2 2 2 2 2
left_child=3 2 18 4 5 6 9 24 12 10 -1 22 13 14 -4 -15 -6 -14 -2 -19 -3 -7 -5 -22 -8
right_child=1 20 8 11 16 21 7 -9 -10 -11 -12 -13 17 15 -16 -17 -18 19 -20 -21 23 -23 -24 -25 -26
leaf_value=-0.042185449015387858 -0.014799814208999921 0 0.005370150724655666 -0.087460798142930826 0.0070453423443943477 0.075921152417255722 -0.04853322002566926 0.018365355451461222 0.061588940365119367 0.044709384343413268 0.018710601261153807 0.016792665172703291 0 0.061543035976373769 -0.052568512854415973 -0.016467328794511786 0.074358252240566802 -0.083307259854029383 -0.095286513788688201 0 -0.0051863268385605324 0.022550952309363884 -0.025535708021364227 -0.069174560985136482 -0.10233371650380545
leaf_weight=4.0343524590134674 1.578877188265323 0.90663967095315356 15.64276978932322 1.2169774007052181 2.5471059828996649 2.5007262155413619 2.0498339310288425 3.1214324198663235 1.8831729367375363 4.5813944712281218 7.3769049793481827 1.4035924002528188 1.2454688400030125 3.9479417018592349 4.7877193074673405 1.781105004251003 3.7341505959630013 1.8523113541305067 1.4222087319940326 0.95743117853999127 0.66097208671271834 2.8806745000183582 1.3194768987596033 3.1236619111150503 1.5332877691835163
leaf_count=37 12 12 164 13 20 10 29 25 9 24 53 10 15 23 64 24 17 32 33 10 8 19 16 85 23
internal_value=0 -0.0109626 -0.00519275 0.0113888 0.0166119 0.00864419 -0.000663792 -0.0301982 0 0.0108183 -0.00156724 -0.030141 -0.00406345 0.00117895 -0.00753721 0.0347307 0.0496198 -0.041287 -0.0585144 -0.0597839 -0.0506144 0.0504375 -0.0618344 -0.0620728 -0.0764345
internal_weight=0 39.7903 35.099 38.2999 34.3599 28.0786 22.6972 6.70455 32.0979 15.9927 11.4113 3.94005 30.2147 26.1595 20.4305 5.72905 6.28126 4.05521 3.00109 2.80974 4.69127 5.3814 2.53645 3.78463 3.58312
internal_count=787 491 386 296 257 220 191 77 341 114 90 39 332 275 228 47 37 57 45 42 105 29 29 93 52
is_linear=0
shrinkage=0.0852085


Tree=19
num_leaves=31
num_cat=0
split_feature=47 46 38 42 39 31 7 6 19 26 3 47 15 0 46 48 49 1 42 43 42 46 49 1 43 13 39 1 39 47
split_gain=1.46803 1.45333 1.21125 1.16717 0.89549 1.32081 2.25022 1.06282 2.14032 0.965296 0.90943 0.764393 0.750353 1.09281 1.05304 0.872068 0.836077 2.12186 0.737212 0.642855 0.596046 0.55947 0.359645 0.32941 0.450657 0.311268 0.229908 0.209298 0.19875 0.0967832
threshold=4.5000000000000009 95.000000000000014 4.5000000000000009 75.000000000000014 9.5000000000000018 1.0000000180025095e-35 11.500000000000002 1.0000000180025095e-35 1.5000000000000002 1.0000000180025095e-35 33.500000000000007 10.500000000000002 7.5000000000000009 27.500000000000004 55.000000000000007 4.5000000000000009 4.5000000000000009 8.5000000000000018 9.5000000000000018 5.5000000000000009 2.5000000000000004 16.500000000000004 2.5000000000000004 29.500000000000004 3.5000000000000004 1.5000000000000002 10.500000000000002 3.5000000000000004 14.500000000000002 5.5000000000000009
decision_type=2 2 2 2 2 2 2 2 2 2 2 2 2 2 2 2 2 2 2 2 2 2 2 2 2 2 2 2 2 2
left_child=1 12 23 4 7 6 26 18 11 -7 -10 -9 13 14 16 21 19 -18 -4 -1 -17 -14 -5 24 -2 -15 -6 -20 -8 -24
right_child=2 -3 3 22 5 9 28 8 10 -11 -12 -13 15 25 -16 20 17 -19 27 -21 -22 -23 29 -25 -26 -27 -28 -29 -30 -31
leaf_value=0.044869557926063557 -0.0052501356893978335 0.08783690279733293 -0.0062800126314324937 0 -0.0064336704729295764 -0.10611947657635869 0.013369160310418418 -0.080978345967136267 -0.02346340679924086 0 0.033973970994570064 -0.0033496223386006679 -0.012096246222747012 0.074905592689776118 -0.047551642489237135 0.0012663241689158315 0.015518270637567595 -0.079255652439359073 0.064097940654167823 0 -0.061254549231230665 0.049530915388196317 -0.00074198435684610562 0 -0.1058076347565359 0.01973628083599259 -0.082487221476804276 0.020567157580015625 0.070749488348505821 -0.070368535754127978
leaf_weight=6.8903368711471646 0.82899160683155049 1.761225439608096 1.9724738579243473 0.90775111131369968 0.93773085623979424 1.8818462807685139 1.7338481582701208 2.7938721831887952 2.4586961735039932 1.255786348134279 6.9912876598536968 2.0060175266116858 2.0805460475385185 2.5433641225099555 2.2454617377370587 1.0188871622085569 8.04267988540232 2.1244119200855485 3.4968552310019732 2.9536463115364313 3.085298478603363 1.7269621714949606 0.63413763232529197 0.88717035576701153 1.5860475609079001 2.4274852462112904 1.556874696165323 2.7901132665574551 1.6198733672499654 2.6472723353654146
leaf_count=42 6 6 19 12 12 31 20 42 25 14 60 26 22 12 23 11 62 23 23 23 45 10 8 10 33 17 35 25 9 81
internal_value=0 0.0121761 -0.0115251 -0.00645636 -0.000333934 -0.02347 0 0.00825743 -0.00494231 -0.0677578 0.0174174 -0.0518864 0.00787779 0.0148623 0.00599257 -0.0142315 0.0128185 -0.00300704 0.0327691 0.030638 -0.0422204 0.0121348 -0.0485671 -0.0611893 -0.07796 0.0512732 -0.0602961 0.0473637 0.0459378 -0.0615833
internal_weight=0 36.9003 38.9866 35.6844 31.4953 8.98596 5.84833 22.5093 14.2499 3.13763 9.44998 4.79989 35.1391 27.2274 22.2565 7.91169 20.0111 10.1671 8.25944 9.84398 4.10419 3.80751 4.18916 3.30221 2.41504 4.97085 2.49461 6.28697 3.35372 3.28141
internal_count=787 296 491 442 341 121 76 220 153 45 85 68 290 202 173 88 150 85 67 65 56 32 101 49 39 29 47 48 29 89
is_linear=0
shrinkage=0.0852085


Tree=20
num_leaves=31
num_cat=0
split_feature=39 39 42 42 7 28 46 38 15 49 2 15 17 31 16 1 5 39 38 49 12 2 0 3 27 15 3 49 43 4
split_gain=1.01886 1.66408 0.940967 0.903138 0.839964 0.71095 0.661111 0.602581 0.567208 1.73137 1.20397 0.81295 0.738979 1.64168 1.20413 0.728856 0.60924 0.50313 0.488582 0.475365 0.549265 0.305323 0.717265 0.270747 0.267323 0.212754 0.241208 0.076544 0.0708493 0.0589874
threshold=4.5000000000000009 1.5000000000000002 85.000000000000014 9.5000000000000018 48.500000000000007 1.0000000180025095e-35 25.000000000000004 45.000000000000007 10.500000000000002 7.5000000000000009 17.500000000000004 31.500000000000004 1.0000000180025095e-35 1.0000000180025095e-35 1.0000000180025095e-35 4.5000000000000009 15.500000000000002 -1.0000000180025095e-35 3.5000000000000004 6.5000000000000009 1.5000000000000002 7.5000000000000009 27.500000000000004 283.50000000000006 1.5000000000000002 2.5000000000000004 4.5000000000000009 7.5000000000000009 9.5000000000000018 16.500000000000004
decision_type=2 2 2 2 2 2 2 2 2 2 2 2 2 2 2 2 2 2 2 2 2 2 2 2 2 2 2 2 2 2
left_child=1 6 8 4 -3 27 17 21 10 11 12 -10 14 -14 15 -2 -16 -1 -19 20 -9 25 -23 -11 28 26 -5 -4 -12 -15
right_child=2 3 5 7 -6 -7 -8 19 9 23 24 -13 13 29 16 -17 -18 18 -20 -21 -22 22 -24 -25 -26 -27 -28 -29 -30 -31
leaf_value=-0.039095426748859345 0.003183063351458943 -0.059723579595884493 -0.095942989127568976 0.059012091861011411 0.017246225031285589 0 -0.059126133385353309 -0.0054957127611557875 -0.079805646747505052 0.053037964018406908 0.023877764968939983 0 0.057554034757901565 -0.048487981210454986 -0.1045231863383982 -0.037558425480478677 -0.011187835645742505 0.049534348105091226 -0.0053268048244645236 -0.033511331756730926 0.053211571417525368 -0.010282937027731778 0.048001869639634522 0 6.6223139909457737e-05 0.07715228782288433 0.010538437442708054 -0.021989791242891264 0.062996170916123348 -0.0007884363396975226
leaf_weight=2.0692094527184963 11.296368229202935 1.5790406353771715 1.5499184001237152 2.1606574505567568 2.4127508550882339 0.98897679708898056 2.2092783730477095 1.7259586136788123 3.3857321962714186 1.2328824345022442 2.9883936215192071 0.82229793071746815 3.2495645079761735 1.2723224805667999 1.6078659081831568 4.1526589691638938 1.3390617761760948 1.5773648172616974 3.0891098268330097 1.4119230806827543 2.0348241105675697 2.2434647455811501 3.2101187705993652 1.2349320594221351 2.3411075323820114 3.1111323833465576 2.6094831265509129 0.79222153313457955 1.8767689298838375 1.0675613712519405
leaf_count=16 123 20 46 11 20 19 27 20 61 12 25 9 23 16 28 57 19 13 27 18 11 23 20 17 22 14 20 23 12 15
internal_value=0 0.0115441 -0.00881309 0.0241888 -0.0097138 -0.0524478 -0.0185614 0.0323148 -0.00453603 -0.0270196 0 -0.0611757 -0.00888013 0.0168513 -0.0175291 -0.00685586 -0.0677461 -0.00281405 0.010243 0.00421261 0.0225007 0.0420556 0.0213726 0.0252601 0.0307544 0.0543215 0.0358757 -0.0779045 0.0423569 -0.0333654
internal_weight=0 31.4443 41.1986 22.4994 3.99179 3.33112 8.94496 18.5076 37.8675 6.67584 31.1917 4.20803 23.9854 5.58945 18.396 15.449 2.94693 6.73568 4.66647 5.17271 3.76078 13.3349 5.45358 2.46781 7.20627 7.88127 4.77014 2.34214 4.86516 2.33988
internal_count=787 260 527 177 40 88 83 137 439 99 340 70 281 54 227 180 47 56 40 49 31 88 43 29 59 45 31 69 37 31
is_linear=0
shrinkage=0.0852085


end of trees

feature_importances:
ninki_1=41
result_2=35
result_1=34
result_3=33
ninki_3=31
f_lenout=30
ninki_2=30
f_courseout=29
f_course2=27
umaban=27
f_mf_courseout=20
f_course3=18
mf_courseout=15
mf_course3=14
mf_course2=13
f_classout=13
f_course1=12
f_mf_course3=12
mf_len2=11
mf_classout=11
mf_classout.1=9
mf_course1=8
waku=8
f_mf_course1=7
f_mf_course2=6
f_len2=5
f_len3=5
mf_len1=5
f_len1=4
f_class2=4
f_class3=4
mf_class3=4
mf_len3=3
f_mf_classout.1=2
time_df_course2=2
f_mf_classout=1
f_class1=1
mf_class1=1

parameters:
[boosting: gbdt]
[objective: lambdarank]
[metric: ndcg]
[tree_learner: serial]
[device_type: cpu]
[data_sample_strategy: bagging]
[data: ]
[valid: ]
[num_iterations: 187]
[learning_rate: 0.0852085]
[num_leaves: 42]
[num_threads: 16]
[seed: 0]
[deterministic: 0]
[force_col_wise: 1]
[force_row_wise: 0]
[histogram_pool_size: -1]
[max_depth: 7]
[min_data_in_leaf: 14]
[min_sum_hessian_in_leaf: 0.001]
[bagging_fraction: 1]
[pos_bagging_fraction: 1]
[neg_bagging_fraction: 1]
[bagging_freq: 0]
[bagging_seed: 7719]
[feature_fraction: 1]
[feature_fraction_bynode: 1]
[feature_fraction_seed: 2437]
[extra_trees: 0]
[extra_seed: 11797]
[early_stopping_round: 0]
[first_metric_only: 0]
[max_delta_step: 0]
[lambda_l1: 0.176138]
[lambda_l2: 0.033231]
[linear_lambda: 0]
[min_gain_to_split: 0]
[drop_rate: 0.1]
[max_drop: 50]
[skip_drop: 0.5]
[xgboost_dart_mode: 0]
[uniform_drop: 0]
[drop_seed: 21238]
[top_rate: 0.2]
[other_rate: 0.1]
[min_data_per_group: 100]
[max_cat_threshold: 32]
[cat_l2: 10]
[cat_smooth: 10]
[max_cat_to_onehot: 4]
[top_k: 20]
[monotone_constraints: ]
[monotone_constraints_method: basic]
[monotone_penalty: 0]
[feature_contri: ]
[forcedsplits_filename: ]
[refit_decay_rate: 0.9]
[cegb_tradeoff: 1]
[cegb_penalty_split: 0]
[cegb_penalty_feature_lazy: ]
[cegb_penalty_feature_coupled: ]
[path_smooth: 0]
[interaction_constraints: ]
[verbosity: -1]
[saved_feature_importance_type: 0]
[use_quantized_grad: 0]
[num_grad_quant_bins: 4]
[quant_train_renew_leaf: 0]
[stochastic_rounding: 1]
[linear_tree: 0]
[max_bin: 255]
[max_bin_by_feature: ]
[min_data_in_bin: 3]
[bin_construct_sample_cnt: 200000]
[data_random_seed: 38]
[is_enable_sparse: 1]
[enable_bundle: 1]
[use_missing: 1]
[zero_as_missing: 0]
[feature_pre_filter: 1]
[pre_partition: 0]
[two_round: 0]
[header: 0]
[label_column: ]
[weight_column: ]
[group_column: ]
[ignore_column: ]
[categorical_feature: ]
[forcedbins_filename: ]
[precise_float_parser: 0]
[parser_config_file: ]
[objective_seed: 8855]
[num_class: 1]
[is_unbalance: 0]
[scale_pos_weight: 1]
[sigmoid: 1]
[boost_from_average: 1]
[reg_sqrt: 0]
[alpha: 0.9]
[fair_c: 1]
[poisson_max_delta_step: 0.7]
[tweedie_variance_power: 1.5]
[lambdarank_truncation_level: 30]
[lambdarank_norm: 1]
[label_gain: ]
[lambdarank_position_bias_regularization: 0]
[eval_at: 1,3,5]
[multi_error_top_k: 1]
[auc_mu_weights: ]
[num_machines: 1]
[local_listen_port: 12400]
[time_out: 120]
[machine_list_filename: ]
[machines: ]
[gpu_platform_id: -1]
[gpu_device_id: -1]
[gpu_use_dp: 0]
[num_gpu: 1]

end of parameters

pandas_categorical:[]
