,2016110057
peds_0,Into Mischief
peds_1,Spring
peds_2,Harlan's Holiday
peds_3,Leslie's Lady
peds_4,ストラヴィンスキー
peds_5,Spinnin Cannon
peds_6,Harlan
peds_7,Christmas in Aiken
peds_8,Tricky Creek
peds_9,Crystal Lady
peds_10,Nureyev
peds_11,Fire the Groom
peds_12,Loose Cannon
peds_13,Hidden Glance
peds_14,Storm Cat
peds_15,Country Romance
peds_16,Affirmed
peds_17,Dowager
peds_18,Clever Trick
peds_19,Battle Creek Girl
peds_20,Stop the Music
peds_21,One Last Bird
peds_22,Northern Dancer
peds_23,Special
peds_24,Blushing Groom
peds_25,Prospector's Fire
peds_26,Nijinsky
peds_27,Java Moon
peds_28,Gentle Smoke
peds_29,Mesmerize
peds_30,Storm Bird
peds_31,Terlingua
peds_32,Halo
peds_33,Sweet Romance
peds_34,Exclusive Native
peds_35,Won't Tell You
peds_36,Honest Pleasure
peds_37,Princessnesian
peds_38,Icecapade
peds_39,Kankakee Miss
peds_40,His Majesty
peds_41,Far Beyond
peds_42,Hail to Reason
peds_43,Bebopper
peds_44,One for All
peds_45,Last Bird
peds_46,Nearctic
peds_47,Natalma
peds_48,Forli
peds_49,Thong
peds_50,Red God
peds_51,Runaway Bride
peds_52,Mr. Prospector
peds_53,Native Street
peds_54,Northern Dancer
peds_55,Flaming Page
peds_56,Graustark
peds_57,Golden Trail
peds_58,Gentle Art
peds_59,Smoke Veil
peds_60,Francis S.
peds_61,Any Port
