,2017102646
peds_0,カレンブラックヒル
peds_1,ケージーヒトメボレ
peds_2,ダイワメジャー
peds_3,チャールストンハーバー Charleston Harbor(米)
peds_4,ジャングルポケット
peds_5,ケージービューティ
peds_6,サンデーサイレンス Sunday Silence(米)
peds_7,スカーレットブーケ
peds_8,Grindstone
peds_9,Penny's Valentine
peds_10,トニービン Tony Bin(愛)
peds_11,ダンスチャーマー Dance Charmer(米)
peds_12,Private Account
peds_13,メイプルジンスキー Maplejinsky(米)
peds_14,Halo
peds_15,Wishing Well
peds_16,ノーザンテースト
peds_17,スカーレットインク
peds_18,Unbridled
peds_19,Buzz My Bell
peds_20,Storm Cat
peds_21,Mrs. Penny
peds_22,カンパラ
peds_23,Severn Bridge
peds_24,Nureyev
peds_25,Skillful Joy
peds_26,Damascus
peds_27,Numbered Account
peds_28,Nijinsky
peds_29,Gold Beauty
peds_30,Hail to Reason
peds_31,Cosmah
peds_32,Understanding
peds_33,Mountain Flower
peds_34,Northern Dancer
peds_35,Lady Victoria
peds_36,Crimson Satan
peds_37,Consentida
peds_38,Fappiano
peds_39,Gana Facil
peds_40,Drone
peds_41,Chateaupavia
peds_42,Storm Bird
peds_43,Terlingua
peds_44,Great Nephew
peds_45,Tananarive
peds_46,Kalamoun
peds_47,State Pension
peds_48,Hornbeam
peds_49,Priddy Fair
peds_50,Northern Dancer
peds_51,Special
peds_52,Nodouble
peds_53,Skillful Miss
peds_54,Sword Dancer
peds_55,Kerala
peds_56,Buckpasser
peds_57,Intriguing
peds_58,Northern Dancer
peds_59,Flaming Page
peds_60,Mr. Prospector
peds_61,Stick to Beauty
