,2017105613
peds_0,ディープインパクト
peds_1,リアアントニア Ria Antonia(米)
peds_2,サンデーサイレンス Sunday Silence(米)
peds_3,ウインドインハーヘア Wind in Her Hair(愛)
peds_4,Rockport Harbor
peds_5,Beer Baroness
peds_6,Halo
peds_7,Wishing Well
peds_8,Alzao
peds_9,Burghclere
peds_10,Unbridled's Song (米)
peds_11,Regal Miss Copelan
peds_12,Mr. Greeley
peds_13,Lavish Numbers
peds_14,Hail to Reason
peds_15,Cosmah
peds_16,Understanding
peds_17,Mountain Flower
peds_18,Lyphard
peds_19,Lady Rebecca
peds_20,Busted
peds_21,Highclere
peds_22,Unbridled
peds_23,Trolley Song
peds_24,Copelan
peds_25,Regal Pennant
peds_26,Gone West
peds_27,Long Legend
peds_28,Polish Numbers
peds_29,Timeleighness
peds_30,Turn-to
peds_31,Nothirdchance
peds_32,Cosmic Bomb
peds_33,Almahmoud
peds_34,Promised Land
peds_35,Pretty Ways
peds_36,Montparnasse
peds_37,Edelweiss
peds_38,Northern Dancer
peds_39,Goofed
peds_40,Sir Ivor
peds_41,Pocahontas
peds_42,Crepello
peds_43,Sans le Sou
peds_44,Queen's Hussar
peds_45,Highlight
peds_46,Fappiano
peds_47,Gana Facil
peds_48,Caro
peds_49,Lucky Spell
peds_50,Tri Jet
peds_51,Susan's Girl
peds_52,Banner Bob
peds_53,Regal Relation
peds_54,Mr. Prospector
peds_55,Secrettame
peds_56,Reviewer
peds_57,Lianga
peds_58,Danzig
peds_59,Numbered Account
peds_60,Sir Raleigh
peds_61,Pleasure Moment
