,2018109127
peds_0,ラブイズブーシェ
peds_1,アヴェニューズレディ Avenue's Lady(米)
peds_2,マンハッタンカフェ
peds_3,ローリエ
peds_4,Avenue of Flags
peds_5,Lady Sauce Boat
peds_6,サンデーサイレンス Sunday Silence(米)
peds_7,サトルチェンジ Subtle Change(愛)
peds_8,メジロマックイーン
peds_9,ナカミシュンラン
peds_10,Seattle Slew
peds_11,Beautiful Glass
peds_12,Sauce Boat
peds_13,Lady Barbizon
peds_14,Halo
peds_15,Wishing Well
peds_16,Law Society
peds_17,Santa Luciana
peds_18,メジロティターン
peds_19,メジロオーロラ
peds_20,モガミ
peds_21,ナカミサファイヤ
peds_22,Bold Reasoning
peds_23,My Charmer
peds_24,Pass the Glass
peds_25,Beautiful Spirit
peds_26,Key to the Mint
peds_27,Missy Baba
peds_28,Barbizon
peds_29,Cancelada
peds_30,Hail to Reason
peds_31,Cosmah
peds_32,Understanding
peds_33,Mountain Flower
peds_34,Alleged
peds_35,Bold Bikini
peds_36,Luciano
peds_37,Suleika
peds_38,メジロアサマ
peds_39,シエリル
peds_40,リマンド
peds_41,メジロアイリス
peds_42,Lyphard
peds_43,ノーラック
peds_44,ボールドリック
peds_45,トシマサントス
peds_46,Boldnesian
peds_47,Reason to Earn
peds_48,Poker
peds_49,Fair Charmer
peds_50,Buckpasser
peds_51,Amerigo Lady
peds_52,Bold Bidder
peds_53,Baby La
peds_54,Graustark
peds_55,Key Bridge
peds_56,My Babu
peds_57,Uvira
peds_58,Polynesian
peds_59,Good Blood
peds_60,Nigromante
peds_61,Caninha
