,2020101965
peds_0,ロゴタイプ
peds_1,ダイアナバローズ
peds_2,ローエングリン
peds_3,ステレオタイプ
peds_4,シンボリクリスエス
peds_5,チッキーズディスコ Chickie's Disco(英)
peds_6,シングスピール Singspiel(愛)
peds_7,カーリング Carling(仏)
peds_8,サンデーサイレンス Sunday Silence(米)
peds_9,スターバレリーナ
peds_10,Kris S.
peds_11,Tee Kay
peds_12,Shirley Heights
peds_13,African Dance
peds_14,In the Wings
peds_15,Glorious Song
peds_16,Garde Royale
peds_17,Corraleja
peds_18,Halo
peds_19,Wishing Well
peds_20,Risen Star
peds_21,ベリアーニ
peds_22,Roberto
peds_23,Sharp Queen
peds_24,Gold Meridian
peds_25,Tri Argo
peds_26,Mill Reef
peds_27,Hardiemma
peds_28,El Gran Senor
peds_29,Fleur Royale
peds_30,Sadler's Wells
peds_31,High Hawk
peds_32,Halo
peds_33,Ballade
peds_34,Mill Reef
peds_35,Royal Way
peds_36,Carvin
peds_37,Darling Dale
peds_38,Hail to Reason
peds_39,Cosmah
peds_40,Understanding
peds_41,Mountain Flower
peds_42,Secretariat
peds_43,Ribbon
peds_44,Nureyev
peds_45,Eleven Pleasures
peds_46,Hail to Reason
peds_47,Bramalea
peds_48,Princequillo
peds_49,Bridgework
peds_50,Seattle Slew
peds_51,Queen Louie
peds_52,Tri Jet
peds_53,Hail Proudly
peds_54,Never Bend
peds_55,Milan Mill
peds_56,ハーディカヌート
peds_57,Grand Cross
peds_58,Northern Dancer
peds_59,Sex Appeal
peds_60,Mill Reef
peds_61,Sweet Mimosa
