,2022101490
peds_0,ハクサンムーン
peds_1,ハッピーベリンダ
peds_2,アドマイヤムーン
peds_3,チリエージェ
peds_4,アグネスデジタル
peds_5,エイシンベリンダ
peds_6,エンドスウィープ End Sweep(米)
peds_7,マイケイティーズ
peds_8,サクラバクシンオー
peds_9,メガミゲラン
peds_10,Crafty Prospector
peds_11,Chancey Squaw
peds_12,エルコンドルパサー
peds_13,エイシンララミー
peds_14,フォーティナイナー
peds_15,Broom Dance
peds_16,サンデーサイレンス
peds_17,ケイティーズファースト
peds_18,サクラユタカオー
peds_19,サクラハゴロモ
peds_20,シェイディハイツ
peds_21,モガミゲラン
peds_22,Mr. Prospector
peds_23,Real Crafty Lady
peds_24,Chief's Crown
peds_25,Allicance
peds_26,Kingmambo
peds_27,サドラーズギャル
peds_28,Time for a Change
peds_29,Gander Crude
peds_30,Mr. Prospector
peds_31,File
peds_32,Dance Spell
peds_33,Witching Hour
peds_34,Halo
peds_35,Wishing Well
peds_36,Kris
peds_37,Katies
peds_38,テスコボーイ
peds_39,アンジェリカ
peds_40,ノーザンテースト
peds_41,クリアアンバー
peds_42,Shirley Heights
peds_43,Vaguely
peds_44,モガミ
peds_45,ミスゲラン
peds_46,Raise a Native
peds_47,Gold Digger
peds_48,In Reality
peds_49,Princess Roycraft
peds_50,Danzig
peds_51,Six Crowns
peds_52,Alleged
peds_53,Runaway Bride
peds_54,Mr. Prospector
peds_55,Miesque
peds_56,Sadler's Wells
peds_57,Glenveagh
peds_58,Damascus
peds_59,Resolver
peds_60,Quack
peds_61,Grey Oil
