,2023101657
peds_0,イスラボニータ
peds_1,パピヨナージュ
peds_2,フジキセキ
peds_3,イスラコジーン  Isla Cozzene(米)
peds_4,キングカメハメハ
peds_5,ピンクパピヨン
peds_6,サンデーサイレンス Sunday Silence(米)
peds_7,ミルレーサー  Millracer(米)
peds_8,Cozzene
peds_9,Isla Mujeres
peds_10,Kingmambo  (米)
peds_11,マンファス  Manfath(愛)
peds_12,サンデーサイレンス Sunday Silence(米)
peds_13,マリスターII  Malli Star(米)
peds_14,Halo
peds_15,Wishing Well
peds_16,Le Fabuleux
peds_17,Marston's Mill
peds_18,Caro
peds_19,Ride the Trails
peds_20,Crafty Prospector
peds_21,Lido Isle
peds_22,Mr. Prospector
peds_23,Miesque
peds_24,ラストタイクーン
peds_25,Pilot Bird
peds_26,Halo
peds_27,Wishing Well
peds_28,Baldski
peds_29,Pink Dove
peds_30,Hail to Reason
peds_31,Cosmah
peds_32,Understanding
peds_33,Mountain Flower
peds_34,Wild Risk
peds_35,Anguar
peds_36,In Reality
peds_37,Millicent
peds_38,フォルティノ
peds_39,Chambord
peds_40,Prince John
peds_41,Wildwook
peds_42,Mr. Prospector
peds_43,Real Crafty Lady
peds_44,Far North
peds_45,She Is Gorgeous
peds_46,Raise a Native
peds_47,Gold Digger
peds_48,Nureyev
peds_49,Pasadoble
peds_50,トライマイベスト
peds_51,Mill Princess
peds_52,Blakeney
peds_53,The Dancer
peds_54,Hail to Reason
peds_55,Cosmah
peds_56,Understanding
peds_57,Mountain Flower
peds_58,Nijinsky
peds_59,Too Bald
peds_60,Argument
peds_61,Perfect Pigeon
