tree
version=v4
num_class=1
num_tree_per_iteration=1
label_index=0
max_feature_idx=65
feature_names=f_course1 f_course2 f_course3 f_courseout mf_course1 mf_course2 mf_course3 mf_courseout f_mf_course1 f_mf_course2 f_mf_course3 f_mf_courseout f_len1 f_len2 f_len3 f_lenout mf_len1 mf_len2 mf_len3 mf_classout f_mf_len1 f_mf_len2 f_mf_len3 f_mf_classout f_class1 f_class2 f_class3 f_classout mf_class1 mf_class2 mf_class3 mf_classout.1 f_mf_class1 f_mf_class2 f_mf_class3 f_mf_classout.1 time_df_course1 time_df_class1 ninki_1 result_1 agari_1 margin_1 corner_ratio_1 time_df_course2 time_df_class2 ninki_2 result_2 agari_2 margin_2 corner_ratio_2 time_df_course3 time_df_class3 ninki_3 result_3 agari_3 margin_3 corner_ratio_3 rank_trend weight_change dist_change jockey_win_rate jockey_place_rate waku umaban current_odds current_popularity
feature_infos=[0:9] [0:9] [0:12] [0:81] [0:8] [0:7] [0:8] [0:61] none [0:1] [0:1] [0:6] none none [0:1] [0:3] none [0:1] [0:1] [0:3] none none none none none none none [0:2] none none [0:1] [0:2] none none none none none none [-1:130] [-1:100] [-1:47.700000000000003] [-1:10.1] [-1:1] none none [1:150] [-1:120] [-1:43.600000000000001] [-1:12.5] [0.0625:1] none none [1:160] [-1:110] [-1:44.299999999999997] [-1:8.8000000000000007] [-1:1] [-15:30] [-21:33] [-1500:1500] [-1:1] [-1:1] [1:8] [1:13] [1.7:290.69999999999999] [1:13]
tree_sizes=997 1043 1044 1148 1152 1049 1149 1046 1145 1047 1047 1152 1046 1152 1149 1257 1250 1150 1057 951

Tree=0
num_leaves=9
num_cat=0
split_feature=55 64 57 40 46 47 47 38
split_gain=79.0455 24.9136 10.7614 13.263 6.34885 6.4626 8.29827 1.16938
threshold=0.15000000000000005 5.8500000000000005 2.2500000000000004 39.650000000000013 14.500000000000002 40.850000000000001 38.650000000000013 3.5000000000000004
decision_type=2 2 2 2 2 2 2 2
left_child=4 2 3 7 5 6 -1 -2
right_child=1 -3 -4 -5 -6 -7 -8 -9
leaf_value=0.029891034612500509 -0.017671932784366882 -0.044979864133441821 0.036821988330551059 0.033065554089678838 0.044968363967073995 0.04489353099721443 -0.044863282816246852 -0.044931036990087797
leaf_weight=1.4999999999999976 1.0749999880790726 20.25 2.7750000357627869 1.9000000357627866 9.0749998092651367 1.9749999046325681 1.4999999999999998 3.25
leaf_count=2 4 81 6 3 1 1 6 13
internal_value=0 -0.0311411 0 -0.0164226 0.0337704 0.0133159 -0.00746541 -0.0381879
internal_weight=0 29.25 9 6.225 14.05 4.975 3 4.325
internal_count=117 107 26 20 10 9 8 17
is_linear=0
shrinkage=0.0224946


Tree=1
num_leaves=9
num_cat=0
split_feature=55 64 57 40 46 47 47 64
split_gain=75.5663 23.8203 10.2867 12.6787 6.07007 6.17869 7.93314 1.16658
threshold=0.15000000000000005 5.8500000000000005 2.2500000000000004 39.650000000000013 14.500000000000002 40.850000000000001 38.650000000000013 3.2000000000000006
decision_type=2 2 2 2 2 2 2 2
left_child=4 2 3 7 5 6 -1 -2
right_child=1 -3 -4 -5 -6 -7 -8 -9
leaf_value=0.029226299094485087 -0.016854900806091686 -0.043990591106330398 0.036006699860476603 0.032331596443681387 0.043979476255851829 0.043907163788757531 -0.043877931704307198 -0.044080505003653701
leaf_weight=1.4996649771928763 1.0745962113142029 20.239761069417 2.7740595936775208 1.899480804800987 9.0704135894775391 1.9740051031112669 1.4992454946041105 3.248680055141449
leaf_count=2 4 81 6 3 1 1 6 13
internal_value=0 -0.0304547 0 -0.0160592 0.033027 0.0130222 -0.00729985 -0.0373451
internal_weight=0 29.2366 8.99682 6.22276 14.0433 4.97292 2.99891 4.32328
internal_count=117 107 26 20 10 9 8 17
is_linear=0
shrinkage=0.0224946


Tree=2
num_leaves=9
num_cat=0
split_feature=55 64 57 40 46 47 47 0
split_gain=72.3055 22.8025 9.83944 12.1283 5.81073 5.91327 7.59029 1.16451
threshold=0.15000000000000005 5.8500000000000005 2.2500000000000004 39.650000000000013 14.500000000000002 40.850000000000001 38.650000000000013 1.5000000000000002
decision_type=2 2 2 2 2 2 2 2
left_child=4 2 3 7 5 6 -1 -2
right_child=1 -3 -4 -5 -6 -7 -8 -9
leaf_value=0.028588664493810617 -0.043278877551861959 -0.04306516811718944 0.035232522288079889 0.031630618589671623 0.043054394761557785 0.042984272051597605 -0.042955929769190292 -0.01606836612229726
leaf_weight=1.4986902177333807 3.2451083362102526 20.209979698061943 2.7713236510753632 1.8979700356721876 9.0570735931396484 1.9711115360260008 1.4970507323741911 1.073419541120529
leaf_count=2 13 81 6 3 1 1 6 4
internal_value=0 -0.0298097 0 -0.0157143 0.0323296 0.0127452 -0.00714308 -0.0365468
internal_weight=0 29.1978 8.98782 6.2165 14.0239 4.96685 2.99574 4.31853
internal_count=117 107 26 20 10 9 8 17
is_linear=0
shrinkage=0.0224946


Tree=3
num_leaves=10
num_cat=0
split_feature=55 64 4 52 46 47 47 59 52
split_gain=69.244 21.8529 9.58381 9.10466 5.5689 5.66464 7.26781 4.80438 0.292188
threshold=0.15000000000000005 5.8500000000000005 1.0000000180025095e-35 2.5000000000000004 14.500000000000002 40.850000000000001 38.650000000000013 650.00000000000011 35.000000000000007
decision_type=2 2 2 2 2 2 2 2 2
left_child=4 2 3 -2 5 6 -1 8 -5
right_child=1 -3 -4 7 -6 -7 -8 -9 -10
leaf_value=0.027976208920765862 -0.042598874923560508 -0.04219779409310475 -0.043482489165615375 0.043139903608135535 0.042187311641002125 0.042119105958394715 -0.042091537519841987 -0.0073371410429814224 0.030549111869637512
leaf_weight=1.497119084000585 1.2465576529502884 20.161999270319939 1.9925428181886671 2.2942914068698883 9.0355825424194336 1.9664496183395384 1.493514686822891 1.6944015026092527 1.7456172108650205
leaf_count=2 5 81 8 5 1 1 6 5 3
internal_value=0 -0.0292024 0 0.0124219 0.0316741 0.0124836 -0.00699434 0.0244096 0.0377409
internal_weight=0 29.1354 8.97341 6.98087 13.9927 4.95708 2.99063 5.73431 4.03991
internal_count=117 107 26 18 10 9 8 13 8
is_linear=0
shrinkage=0.0224946


Tree=4
num_leaves=10
num_cat=0
split_feature=55 64 4 52 46 47 47 59 7
split_gain=66.3584 20.972 9.17562 8.71776 5.34294 5.43131 6.96402 4.60285 0.283342
threshold=0.15000000000000005 5.8500000000000005 1.0000000180025095e-35 2.5000000000000004 14.500000000000002 40.850000000000001 38.650000000000013 650.00000000000011 1.0000000180025095e-35
decision_type=2 2 2 2 2 2 2 2 2
left_child=4 2 3 -2 5 6 -1 8 -5
right_child=1 -3 -4 7 -6 -7 -8 -9 -10
leaf_value=0.027387170776052558 -0.041755550850492922 -0.041383354981216376 -0.042591023624546129 0.030129829780413731 0.041373129719598986 0.04130659133631253 -0.041279692502609863 -0.0071730979117281719 0.04248690746279022
leaf_weight=1.4949927777051901 1.243211984634401 20.097090750932693 1.9885814338922498 1.8163164407014845 9.0065078735351562 1.9601424932479856 1.4887307882308958 1.6942220628261564 2.2161402702331543
leaf_count=2 5 81 8 4 1 1 6 5 4
internal_value=0 -0.0286251 0 0.0121617 0.0310569 0.0122359 -0.00685299 0.0238934 0.0369623
internal_weight=0 29.0556 8.95847 6.96989 13.9504 4.94387 2.98372 5.72668 4.03246
internal_count=117 107 26 18 10 9 8 13 8
is_linear=0
shrinkage=0.0224946


Tree=5
num_leaves=9
num_cat=0
split_feature=55 64 57 40 46 47 47 58
split_gain=63.6412 20.1459 8.98435 10.8914 5.13139 5.21196 6.67743 1.10139
threshold=0.15000000000000005 5.8500000000000005 2.2500000000000004 39.650000000000013 14.500000000000002 40.850000000000001 38.650000000000013 6.5000000000000009
decision_type=2 2 2 2 2 2 2 2
left_child=4 2 3 7 5 6 -1 -2
right_child=1 -3 -4 -5 -6 -7 -8 -9
leaf_value=0.026819953443746949 -0.041444440837228633 -0.040617322320596776 0.033741454248442562 0.029908894664980014 0.040607319749754414 0.040542216984258167 -0.040515902097286435 -0.014907178985360656
leaf_weight=1.4923503249883627 3.2246264815330523 20.016452684998512 2.7580460608005524 1.8881108015775678 8.9703884124755859 1.9523069858551023 1.4827874600887296 1.0674869567155836
leaf_count=2 13 81 6 3 1 1 6 4
internal_value=0 -0.0280801 0 -0.0150662 0.0304747 0.0120012 -0.00671843 -0.0348752
internal_weight=0 28.9547 8.93827 6.18022 13.8978 4.92744 2.97514 4.29211
internal_count=117 107 26 20 10 9 8 17
is_linear=0
shrinkage=0.0224946


Tree=6
num_leaves=10
num_cat=0
split_feature=55 64 4 52 46 47 47 59 52
split_gain=61.0794 19.3688 8.63503 8.12027 4.93295 5.00541 6.4067 4.27094 0.280821
threshold=0.15000000000000005 5.8500000000000005 1.0000000180025095e-35 2.5000000000000004 14.500000000000002 40.850000000000001 38.650000000000013 650.00000000000011 35.000000000000007
decision_type=2 2 2 2 2 2 2 2 2
left_child=4 2 3 -2 5 6 -1 8 -5
right_child=1 -3 -4 7 -6 -7 -8 -9 -10
leaf_value=0.026273112737684026 -0.040400350768559017 -0.039895663515104728 -0.041452023192773385 0.041100002855229953 0.039885851344826584 0.03982199141279355 -0.039796177199141483 -0.0067967258102179847 0.028726054806351941
leaf_weight=1.4892283976078009 1.2349138706922547 19.921220853924751 1.9762945324182508 2.2770462781190872 8.9277305603027344 1.9430527687072752 1.4757680296897886 1.6895409822463987 1.7345687747001646
leaf_count=2 5 81 8 5 1 1 6 5 3
internal_value=0 -0.0275653 0 0.0118202 0.0299247 0.0117782 -0.00659013 0.0231579 0.0357902
internal_weight=0 28.8336 8.91236 6.93607 13.8358 4.90805 2.965 5.70116 4.01162
internal_count=117 107 26 18 10 9 8 13 8
is_linear=0
shrinkage=0.0224946


Tree=7
num_leaves=9
num_cat=0
split_feature=55 64 57 40 46 47 47 64
split_gain=58.6572 18.6405 8.40198 10.1443 4.74649 4.81062 6.15061 1.07283
threshold=0.15000000000000005 5.8500000000000005 2.2500000000000004 39.650000000000013 14.500000000000002 40.850000000000001 38.650000000000013 3.2000000000000006
decision_type=2 2 2 2 2 2 2 2
left_child=4 2 3 7 5 6 -1 -2
right_child=1 -3 -4 -5 -6 -7 -8 -9
leaf_value=0.025745309705125032 -0.014047128498032944 -0.039214791693320532 0.032717204174843827 0.028893355666296451 0.039205140854521092 0.039142340748327675 -0.039116958595370906 -0.040316729849118646
leaf_weight=1.4856621325015997 1.0610660612583176 19.812463447451591 2.742621585726738 1.8779571801424024 8.8790149688720703 1.9324841499328611 1.4677513539791105 3.202513113617897
leaf_count=2 4 81 6 3 1 1 6 13
internal_value=0 -0.0270757 0 -0.0146194 0.0294042 0.0115662 -0.00646761 -0.0338096
internal_weight=0 28.6966 8.88416 6.14154 13.7649 4.8859 2.95341 4.26358
internal_count=117 107 26 20 10 9 8 17
is_linear=0
shrinkage=0.0224946


Tree=8
num_leaves=10
num_cat=0
split_feature=55 64 4 52 46 47 47 59 46
split_gain=56.367 17.9534 8.11769 7.6048 4.571 4.62666 5.90809 3.97165 0.350649
threshold=0.15000000000000005 5.8500000000000005 1.0000000180025095e-35 2.5000000000000004 14.500000000000002 40.850000000000001 38.650000000000013 650.00000000000011 7.5000000000000009
decision_type=2 2 2 2 2 2 2 2 2
left_child=4 2 3 -2 5 6 -1 8 -5
right_child=1 -3 -4 7 -6 -7 -8 -9 -10
leaf_value=0.025235336574873948 -0.039264499079573037 -0.038571486454259896 -0.040379075647045397 0.03946300826946815 0.038561974602492714 0.038500073715212378 -0.038475057826256362 -0.0064389034073299312 0.024935169483988294
leaf_weight=1.4816843122243857 1.2249238342046753 19.691194340586662 1.9590247571468351 2.6726916581392293 8.8246946334838867 1.9206991195678709 1.4588119983673093 1.6836703717708585 1.3109481185674665
leaf_count=2 5 81 8 4 1 1 6 5 4
internal_value=0 -0.0266116 0 0.0114856 0.028911 0.0113642 -0.00635043 0.0224809 0.0347203
internal_weight=0 28.5425 8.85126 6.89223 13.6859 4.8612 2.9405 5.66731 3.98364
internal_count=117 107 26 18 10 9 8 13 8
is_linear=0
shrinkage=0.0224946


Tree=9
num_leaves=9
num_cat=0
split_feature=55 64 57 40 46 47 47 58
split_gain=54.1972 17.3061 7.8769 9.43041 4.40559 4.45269 5.67815 1.04656
threshold=0.15000000000000005 5.8500000000000005 2.2500000000000004 39.650000000000013 14.500000000000002 40.850000000000001 38.650000000000013 6.5000000000000009
decision_type=2 2 2 2 2 2 2 2
left_child=4 2 3 7 5 6 -1 -2
right_child=1 -3 -4 -5 -6 -7 -8 -9
leaf_value=0.024742078903723458 -0.039265828747115761 -0.037962864869174197 0.03178503398852002 0.027882001477999525 0.037953470657811128 0.037892324468560168 -0.037867611057876456 -0.013228114380347369
leaf_weight=1.4773262590169882 3.1740058958530444 19.558368265628815 2.7232975661754608 1.8642441779375074 8.7651968002319336 1.9077905416488645 1.4490203261375425 1.0539286881685255
leaf_count=2 13 81 6 3 1 1 6 4
internal_value=0 -0.0261697 0 -0.0142179 0.0284429 0.0111715 -0.00623821 -0.0328055
internal_weight=0 28.3738 8.81548 6.09218 13.5993 4.83414 2.92635 4.22793
internal_count=117 107 26 20 10 9 8 17
is_linear=0
shrinkage=0.0224946


Tree=10
num_leaves=9
num_cat=0
split_feature=55 64 4 52 46 47 47 55
split_gain=52.1397 16.6946 7.67293 7.11095 4.24943 4.28794 5.45991 3.78146
threshold=0.15000000000000005 5.8500000000000005 1.0000000180025095e-35 2.5000000000000004 14.500000000000002 40.850000000000001 38.650000000000013 1.4000000000000001
decision_type=2 2 2 2 2 2 2 2
left_child=4 2 3 -2 5 6 -1 -5
right_child=1 -3 -4 7 -6 -7 -8 -9
leaf_value=0.024264509709558367 -0.038153261897664693 -0.037386329725416577 -0.03946900437107289 0.0025730881769797853 0.037377030057157305 0.037316502132436556 -0.037292040833929049 0.039521314342212802
leaf_weight=1.4726174324750876 1.2117436826229111 19.414888054132462 1.9390547722578046 2.6927987337112427 8.7009267807006836 1.893846273422241 1.4384428560733793 2.9327175915241241
leaf_count=2 5 81 8 7 1 1 6 6
internal_value=0 -0.025749 0 0.011201 0.0279981 0.0109875 -0.00613058 0.0218581
internal_weight=0 28.1912 8.77631 6.83726 13.5058 4.80491 2.91106 5.62552
internal_count=117 107 26 18 10 9 8 13
is_linear=0
shrinkage=0.0224946


Tree=11
num_leaves=10
num_cat=0
split_feature=55 64 4 52 46 47 47 59 46
split_gain=50.1816 16.1216 7.37411 6.82936 4.10183 4.13175 5.25257 3.69567 0.325946
threshold=0.15000000000000005 5.8500000000000005 1.0000000180025095e-35 2.5000000000000004 14.500000000000002 40.850000000000001 38.650000000000013 650.00000000000011 7.5000000000000009
decision_type=2 2 2 2 2 2 2 2 2
left_child=4 2 3 -2 5 6 -1 8 -5
right_child=1 -3 -4 7 -6 -7 -8 -9 -10
leaf_value=0.023801698997847495 -0.037561982804971396 -0.036839540456912186 -0.038821635577958723 0.037966566492846521 0.036830315325731347 0.036770282908363379 -0.036746022302777619 -0.0065084330743068906 0.023883813507219579
leaf_weight=1.4675856083631491 1.2032648772001282 19.261604636907578 1.9272168427705763 2.632414817810059 8.6322650909423828 1.8789488077163694 1.4271423518657682 1.6743616461753843 1.3013015538454054
leaf_count=2 5 81 8 4 1 1 6 5 4
internal_value=0 -0.025344 0 0.0109913 0.0275749 0.0108114 -0.00602723 0.0214349 0.0333458
internal_weight=0 28.0002 8.73856 6.81134 13.4059 4.77368 2.89473 5.60808 3.93372
internal_count=117 107 26 18 10 9 8 13 8
is_linear=0
shrinkage=0.0224946


Tree=12
num_leaves=9
num_cat=0
split_feature=55 64 57 40 46 47 47 64
split_gain=48.3254 15.5736 7.13685 8.64919 3.96211 3.9835 5.05539 1.01962
threshold=0.15000000000000005 5.8500000000000005 2.2500000000000004 39.650000000000013 14.500000000000002 40.850000000000001 38.650000000000013 3.2000000000000006
decision_type=2 2 2 2 2 2 2 2
left_child=4 2 3 7 5 6 -1 -2
right_child=1 -3 -4 -5 -6 -7 -8 -9
leaf_value=0.023352775963883111 -0.012135437510941647 -0.036320366257654717 0.030464741127287497 0.026879310575412697 0.036311201346321167 0.03625155446461676 -0.036227451553589411 -0.038021857711891274
leaf_weight=1.4622572511434531 1.0386964529752747 19.099324285984039 2.6857225745916367 1.844170346856117 8.5595731735229492 1.8631765842437742 1.4151780009269712 3.1251721233129501
leaf_count=2 4 81 6 3 1 1 6 13
internal_value=0 -0.024961 0 -0.0136289 0.0271718 0.0106428 -0.00592785 -0.0315944
internal_weight=0 27.7931 8.69376 6.00804 13.3002 4.74061 2.87744 4.16387
internal_count=117 107 26 20 10 9 8 17
is_linear=0
shrinkage=0.0224946


Tree=13
num_leaves=10
num_cat=0
split_feature=55 64 4 52 46 47 47 55 3
split_gain=46.5586 15.0551 6.96631 6.42257 3.8297 3.84263 4.86771 3.54109 0.00138483
threshold=0.15000000000000005 5.8500000000000005 1.0000000180025095e-35 2.5000000000000004 14.500000000000002 40.850000000000001 38.650000000000013 1.4000000000000001 5.5000000000000009
decision_type=2 2 2 2 2 2 2 2 2
left_child=4 2 3 -2 5 6 -1 -5 -4
right_child=1 -3 8 7 -6 -7 -8 -9 -10
leaf_value=0.022916945618271546 -0.036673872218930065 -0.035826889906355977 -0.035548573280914791 0.0021662697456115848 0.035817763033368019 0.0357584003845767 -0.03573441085726952 0.038133508920256173 -0.04019536659359834
leaf_weight=1.4566572159528708 1.1883966475725189 18.928806200623512 0.93273644149303414 2.6699859350919724 8.4831914901733398 1.8466031551361082 1.4026058614253996 2.8876996040344238 0.96855007112026215
leaf_count=2 5 81 4 7 1 1 6 6 4
internal_value=0 -0.0245941 0 0.0107176 0.0267873 0.0104811 -0.00583218 0.0208773 -0.038006
internal_weight=0 27.5762 8.64737 6.74608 13.1891 4.70587 2.85926 5.55769 1.90129
internal_count=117 107 26 18 10 9 8 13 8
is_linear=0
shrinkage=0.0224946


Tree=14
num_leaves=10
num_cat=0
split_feature=55 64 4 52 46 47 47 59 46
split_gain=44.873 14.5664 6.70396 6.17491 3.70407 3.70863 4.68891 3.45134 0.306569
threshold=0.15000000000000005 5.8500000000000005 1.0000000180025095e-35 2.5000000000000004 14.500000000000002 40.850000000000001 38.650000000000013 650.00000000000011 7.5000000000000009
decision_type=2 2 2 2 2 2 2 2 2
left_child=4 2 3 -2 5 6 -1 8 -5
right_child=1 -3 -4 7 -6 -7 -8 -9 -10
leaf_value=0.022493474362065575 -0.036158009971537799 -0.035357357935622016 -0.037434897008916813 0.036661965890108089 0.035348257809782978 0.035289082020317886 -0.035265168065905891 -0.0065695602214473564 0.022916793399485651
leaf_weight=1.450809001922605 1.1783849298954026 18.75076612830162 1.887167766690254 2.5837844908237462 8.4034395217895508 1.8292982578277586 1.3894787728786466 1.6631649434566496 1.2895745337009428
leaf_count=2 5 81 8 4 1 1 6 5 4
internal_value=0 -0.0242401 0 0.0105259 0.0264201 0.0103258 -0.00573997 0.0204879 0.0321236
internal_weight=0 27.3528 8.60208 6.71491 13.073 4.66959 2.84029 5.53652 3.87336
internal_count=117 107 26 18 10 9 8 13 8
is_linear=0
shrinkage=0.0224946


Tree=15
num_leaves=11
num_cat=0
split_feature=55 64 56 41 49 46 47 47 47 39
split_gain=43.2709 14.0969 6.56982 7.04933 6.20194 3.58474 3.58104 4.51844 0.329311 0.0225937
threshold=0.15000000000000005 5.8500000000000005 0.91287878787878796 1.4500000000000002 0.82575757575757591 14.500000000000002 40.850000000000001 38.650000000000013 38.750000000000007 6.5000000000000009
decision_type=2 2 2 2 2 2 2 2 2 2
left_child=5 2 3 8 -5 6 7 -1 -2 -10
right_child=1 -3 -4 4 -6 -7 -8 -9 9 -11
leaf_value=0.022081680686951943 -0.02172028148363336 -0.034910173785515392 0.038361683750845373 0.030104378334194722 -0.037049378798658009 0.034901089376375621 0.034842006122549549 -0.034818133977763684 -0.041163954470750143 -0.035221062929626686
leaf_weight=1.4447349011898016 0.85506203770637723 18.565881192684174 1.7843815088272093 2.56667172908783 0.95134660601615895 8.3206214904785156 1.8113276958465574 1.3758464455604551 1.2359930127859118 1.156532749533653
leaf_count=2 4 81 4 4 4 1 1 6 5 5
internal_value=0 -0.0239048 0 -0.0101327 0.0119088 0.0260692 0.0101766 -0.00565098 -0.0340254 -0.0383632
internal_weight=0 27.1159 8.54999 6.76561 3.51802 12.9525 4.63191 2.82058 3.24759 2.39253
internal_count=117 107 26 22 8 10 9 8 14 10
is_linear=0
shrinkage=0.0224946


Tree=16
num_leaves=11
num_cat=0
split_feature=55 64 56 41 49 46 47 47 47 39
split_gain=41.7438 13.6489 6.32244 6.7787 5.96729 3.47127 3.45945 4.35578 0.320181 0.0185091
threshold=0.15000000000000005 5.8500000000000005 0.91287878787878796 1.4500000000000002 0.82575757575757591 14.500000000000002 40.850000000000001 38.650000000000013 38.750000000000007 6.5000000000000009
decision_type=2 2 2 2 2 2 2 2 2 2
left_child=5 2 3 8 -5 6 7 -1 -2 -10
right_child=1 -3 -4 4 -6 -7 -8 -9 9 -11
leaf_value=0.021680934543057587 -0.02131521489947347 -0.03448387974559794 0.037766476499931076 0.029601092763863929 -0.03651707216600001 0.034474798565822931 0.034415726252652941 -0.034391862243970159 -0.040410020204727955 -0.034775561469501566
leaf_weight=1.4384556710720038 0.85179466009140226 18.374789893627167 1.7719106078147886 2.55180236697197 0.9436245560646056 8.2350225448608398 1.792753219604492 1.3617559969425199 1.2308335304260256 1.1451592892408369
leaf_count=2 4 81 4 4 4 1 1 6 5 5
internal_value=0 -0.023584 0 -0.00996946 0.011716 0.0257334 0.0100329 -0.00556502 -0.033469 -0.0377663
internal_weight=0 26.8699 8.49513 6.72321 3.49543 12.828 4.59296 2.80021 3.22779 2.37599
internal_count=117 107 26 22 8 10 9 8 14 10
is_linear=0
shrinkage=0.0224946


Tree=17
num_leaves=10
num_cat=0
split_feature=55 64 4 40 56 46 47 47 46
split_gain=40.2872 13.2206 6.13234 5.6493 8.69399 3.36327 3.34346 4.20046 0.282069
threshold=0.15000000000000005 5.8500000000000005 1.0000000180025095e-35 39.650000000000013 0.76388888888888895 14.500000000000002 40.850000000000001 38.650000000000013 2.5000000000000004
decision_type=2 2 2 2 2 2 2 2 2
left_child=5 2 3 4 8 6 7 -1 -2
right_child=1 -3 -4 -5 -6 -7 -8 -9 -10
leaf_value=0.021290654177719168 -0.021100481098253562 -0.034077145675761859 -0.036138441891077268 0.036681840859913446 0.03567751110834342 0.0340680534433115 0.034008916436129008 -0.033985026208824667 -0.037407233737266857
leaf_weight=1.431991189718244 0.85145017504692289 18.178090900182724 1.8521612286567686 2.5123629570007324 1.5504664182662962 8.14691162109375 1.7736333608627317 1.347251772880554 1.6704785823822019
leaf_count=2 4 81 8 4 3 1 1 6 7
internal_value=0 -0.0232775 0 0.0101673 -0.00618248 0.0254117 0.00989454 -0.00548188 -0.0319591
internal_weight=0 26.615 8.43692 6.58476 4.0724 12.6998 4.55288 2.77924 2.52193
internal_count=117 107 26 18 14 10 9 8 11
is_linear=0
shrinkage=0.0224946


Tree=18
num_leaves=9
num_cat=0
split_feature=55 64 4 40 56 46 64 46
split_gain=38.9048 12.802 5.91434 5.44615 8.37559 3.26037 3.14454 0.275151
threshold=0.15000000000000005 5.8500000000000005 1.0000000180025095e-35 39.650000000000013 0.76388888888888895 14.500000000000002 5.8500000000000005 2.5000000000000004
decision_type=2 2 2 2 2 2 2 2
left_child=5 2 3 4 7 6 -1 -2
right_child=1 -3 -4 -5 -6 -7 -8 -9
leaf_value=-0.045803912103366144 -0.020710426945682685 -0.033688747869992798 -0.035661266756523355 0.036169500613284208 0.035216709926657402 0.033679632651224381 0.016107040201899705 -0.036860236827557444
leaf_weight=0.45962257683276853 0.84805661439895841 17.976352706551552 1.8349502384662626 2.4909117817878723 1.5356197655200956 8.0565433502197266 4.0521362274885178 1.6573179364204405
leaf_count=2 4 81 8 4 3 1 7 7
internal_value=0 -0.0229917 0 0.0100201 -0.00609073 0.0251033 0.00976107 -0.0314509
internal_weight=0 26.3432 8.36686 6.53191 4.04099 12.5683 4.51176 2.50537
internal_count=117 107 26 18 14 10 9 11
is_linear=0
shrinkage=0.0224946


Tree=19
num_leaves=8
num_cat=0
split_feature=55 64 57 40 46 64 38
split_gain=37.5469 12.401 5.71742 6.98226 3.19665 3.01229 0.889469
threshold=0.15000000000000005 5.8500000000000005 2.2500000000000004 39.650000000000013 14.500000000000002 5.8500000000000005 3.5000000000000004
decision_type=2 2 2 2 2 2 2
left_child=4 2 3 6 5 -1 -2
right_child=1 -3 -4 -5 -6 -7 -8
leaf_value=-0.044892497471987869 -0.010409647266423398 -0.033317559361602293 0.027903485751895604 0.02465746386832356 0.033308413345338107 0.015776134113938078 -0.035215074799053288
leaf_weight=0.45846667885780146 0.98619125783443662 17.770110011100769 2.5633647441864014 1.7660793066024778 7.9641566276550293 4.0442082136869431 2.9780777841806412
leaf_count=2 4 81 6 3 1 7 13
internal_value=0 -0.0227185 0 -0.0124971 0.0247412 0.00956017 -0.0290746
internal_weight=0 26.0638 8.29371 5.73035 12.4668 4.50267 3.96427
internal_count=117 107 26 20 10 9 17
is_linear=0
shrinkage=0.0224946


end of trees

feature_importances:
agari_2=38
result_2=25
current_odds=25
margin_3=22
mf_course1=10
agari_1=10
ninki_3=10
rank_trend=8
dist_change=6
corner_ratio_3=4
ninki_1=2
result_1=2
margin_1=2
corner_ratio_2=2
weight_change=2
f_course1=1
f_courseout=1
mf_courseout=1

parameters:
[boosting: gbdt]
[objective: custom]
[metric: custom]
[tree_learner: serial]
[device_type: cpu]
[data_sample_strategy: bagging]
[data: ]
[valid: ]
[num_iterations: 363]
[learning_rate: 0.0224946]
[num_leaves: 28]
[num_threads: 0]
[seed: 0]
[deterministic: 0]
[force_col_wise: 1]
[force_row_wise: 0]
[histogram_pool_size: -1]
[max_depth: 6]
[min_data_in_leaf: 4]
[min_sum_hessian_in_leaf: 0.001]
[bagging_fraction: 1]
[pos_bagging_fraction: 1]
[neg_bagging_fraction: 1]
[bagging_freq: 0]
[bagging_seed: 3]
[feature_fraction: 1]
[feature_fraction_bynode: 1]
[feature_fraction_seed: 2]
[extra_trees: 0]
[extra_seed: 6]
[early_stopping_round: 0]
[first_metric_only: 0]
[max_delta_step: 0]
[lambda_l1: 0.00357073]
[lambda_l2: 0.00241985]
[linear_lambda: 0]
[min_gain_to_split: 0]
[drop_rate: 0.1]
[max_drop: 50]
[skip_drop: 0.5]
[xgboost_dart_mode: 0]
[uniform_drop: 0]
[drop_seed: 4]
[top_rate: 0.2]
[other_rate: 0.1]
[min_data_per_group: 100]
[max_cat_threshold: 32]
[cat_l2: 10]
[cat_smooth: 10]
[max_cat_to_onehot: 4]
[top_k: 20]
[monotone_constraints: ]
[monotone_constraints_method: basic]
[monotone_penalty: 0]
[feature_contri: ]
[forcedsplits_filename: ]
[refit_decay_rate: 0.9]
[cegb_tradeoff: 1]
[cegb_penalty_split: 0]
[cegb_penalty_feature_lazy: ]
[cegb_penalty_feature_coupled: ]
[path_smooth: 0]
[interaction_constraints: ]
[verbosity: -1]
[saved_feature_importance_type: 0]
[use_quantized_grad: 0]
[num_grad_quant_bins: 4]
[quant_train_renew_leaf: 0]
[stochastic_rounding: 1]
[linear_tree: 0]
[max_bin: 255]
[max_bin_by_feature: ]
[min_data_in_bin: 3]
[bin_construct_sample_cnt: 200000]
[data_random_seed: 1]
[is_enable_sparse: 1]
[enable_bundle: 1]
[use_missing: 1]
[zero_as_missing: 0]
[feature_pre_filter: 1]
[pre_partition: 0]
[two_round: 0]
[header: 0]
[label_column: ]
[weight_column: ]
[group_column: ]
[ignore_column: ]
[categorical_feature: ]
[forcedbins_filename: ]
[precise_float_parser: 0]
[parser_config_file: ]
[objective_seed: 5]
[num_class: 1]
[is_unbalance: 0]
[scale_pos_weight: 1]
[sigmoid: 1]
[boost_from_average: 1]
[reg_sqrt: 0]
[alpha: 0.9]
[fair_c: 1]
[poisson_max_delta_step: 0.7]
[tweedie_variance_power: 1.5]
[lambdarank_truncation_level: 30]
[lambdarank_norm: 1]
[label_gain: ]
[lambdarank_position_bias_regularization: 0]
[eval_at: ]
[multi_error_top_k: 1]
[auc_mu_weights: ]
[num_machines: 1]
[local_listen_port: 12400]
[time_out: 120]
[machine_list_filename: ]
[machines: ]
[gpu_platform_id: -1]
[gpu_device_id: -1]
[gpu_use_dp: 0]
[num_gpu: 1]

end of parameters

pandas_categorical:[]
