tree
version=v4
num_class=1
num_tree_per_iteration=1
label_index=0
max_feature_idx=50
objective=lambdarank
feature_names=f_course1 f_course2 f_course3 f_courseout mf_course1 mf_course2 mf_course3 mf_courseout f_mf_course1 f_mf_course2 f_mf_course3 f_mf_courseout f_len1 f_len2 f_len3 f_lenout mf_len1 mf_len2 mf_len3 mf_classout f_mf_len1 f_mf_len2 f_mf_len3 f_mf_classout f_class1 f_class2 f_class3 f_classout mf_class1 mf_class2 mf_class3 mf_classout.1 f_mf_class1 f_mf_class2 f_mf_class3 f_mf_classout.1 time_df_course1 time_df_class1 ninki_1 result_1 time_df_course2 time_df_class2 ninki_2 result_2 time_df_course3 time_df_class3 ninki_3 result_3 waku umaban self_popularity
feature_infos=[0:16] [0:16] [0:15] [0:87] [0:12] [0:15] [0:12] [0:113] [0:2] [0:3] [0:4] [0:9] [0:5] [0:12] [0:5] [0:29] [0:5] [0:6] [0:6] [0:28] [0:2] [0:3] [0:2] [0:4] [0:4] [0:4] [0:4] [0:14] [0:3] [0:4] [0:3] [0:15] none none none [0:4] [-1:0] [-1:0] [-1:170] [-1:120] [-1:0] [-1:0] [-1:180] [-1:160] [-1:0] [-1:0] [-1:180] [-1:170] [1:8] [1:14] [-1:14]
tree_sizes=4687 2218 3674 4486 3574

Tree=0
num_leaves=44
num_cat=0
split_feature=50 38 42 43 42 50 42 43 38 27 12 42 3 18 3 47 49 48 38 38 42 6 47 2 3 42 4 49 3 48 39 38 1 47 50 38 4 42 2 31 46 49 31
split_gain=52.5093 14.5486 16.3794 9.95591 8.14588 7.54055 13.2092 6.31528 11.4278 6.03727 7.16442 5.4927 6.03349 5.48611 7.64817 5.13501 5.05176 4.92171 4.89036 7.16296 8.50357 4.58321 4.00522 3.65178 3.53851 3.11118 3.01236 3.06733 2.82857 2.74064 2.70372 3.23712 2.70173 2.68249 2.21306 2.16907 2.12872 1.73377 1.20866 0.712509 0.647091 0.255485 0.110531
threshold=7.5000000000000009 85.000000000000014 7.5000000000000009 6.5000000000000009 3.5000000000000004 4.5000000000000009 35.000000000000007 11.500000000000002 135.00000000000003 1.0000000180025095e-35 2.5000000000000004 5.5000000000000009 8.5000000000000018 1.0000000180025095e-35 16.500000000000004 1.5000000000000002 8.5000000000000018 3.5000000000000004 6.5000000000000009 12.500000000000002 10.500000000000002 1.5000000000000002 7.5000000000000009 1.0000000180025095e-35 1.5000000000000002 10.500000000000002 1.0000000180025095e-35 6.5000000000000009 3.5000000000000004 2.5000000000000004 6.5000000000000009 3.5000000000000004 1.0000000180025095e-35 10.500000000000002 8.5000000000000018 25.000000000000004 3.5000000000000004 115.00000000000001 1.0000000180025095e-35 1.5000000000000002 12.500000000000002 10.500000000000002 1.5000000000000002
decision_type=2 2 2 2 2 2 2 2 2 2 2 2 2 2 2 2 2 2 2 2 2 2 2 2 2 2 2 2 2 2 2 2 2 2 2 2 2 2 2 2 2 2 2
left_child=5 2 4 28 -2 11 18 9 42 38 -11 12 15 17 24 -1 26 23 29 41 -21 22 -8 -5 -15 -18 27 33 -4 -7 31 -31 35 -13 -19 -27 39 -24 -3 -28 -34 -20 -9
right_child=1 7 3 13 -6 6 21 8 -10 10 -12 16 -14 14 -16 -17 25 34 19 20 -22 -23 37 -25 -26 32 36 -29 -30 30 -32 -33 40 -35 -36 -37 -38 -39 -40 -41 -42 -43 -44
leaf_value=0.14999256337494857 -0.13291407197091237 0.070376510650724686 0.10319854439650859 -0.072883261610844449 0.11837887916112408 0.11853374890869971 0.11544173454274205 -0.25402117649137368 0.084096709839074107 -0.20338195262153047 0.09389203640619373 -0.023373521372977924 -0.15180119587173077 -0.052117757558567526 0.051184392708528245 -0.057931775445796363 -0.070471315795828937 -0.13177815572740498 -0.25081775447459914 0.069559059498422934 -0.19600545056433427 0.1698349152123903 -0.13296430873554491 -0.25374601500057875 -0.25594607537910458 0.06579067030485404 0.1455704417707514 0.14745748971574701 -0.08052178829100827 -0.061848365460277867 -0.13278009562770057 0.12598312502827858 0.15207432346147842 0.10481318366551276 -0.25719119174278027 -0.083935416008522085 0.070440968436861442 0.022790257857829368 0.1687524188288364 0.20280163870654916 0.071495173962777478 -0.15669278366963904 -0.17296555773859756
leaf_weight=4.5458399932831508 3.2208818253129703 4.588567281141879 2.8319709952920666 7.1778568215668219 6.557408394291997 3.0853166729211834 5.2850878704339284 2.7465233113616696 3.5852434206753969 2.6469464953988782 2.7466654218733311 5.693627070635559 3.1804491505026808 2.4736425131559354 3.9760269597172737 3.5201508589088917 3.4204701334238079 3.2061450425535467 3.4409722164273253 5.4842571280896646 3.1954631227999926 8.2543600127100927 2.1756741311401129 2.6384113803505898 3.8404494449496269 4.009405402466653 9.731677703559404 7.4099899772554627 2.7502064239233732 3.3408124782145006 2.6274551413953304 2.8153085112571716 4.4101654998958111 5.2512386534363031 17.163508705794811 2.7069716472178698 4.4548541177064171 2.5483946241438389 4.6302094049751759 9.1224840711802226 3.5406937077641487 1.4543201010674236 1.6319940052926538
leaf_count=26 41 36 20 82 38 21 41 45 26 41 19 67 47 27 32 47 47 42 63 45 50 39 30 42 62 37 59 45 33 41 38 19 28 38 278 38 42 26 20 38 33 23 23
internal_value=0 -0.0822313 -0.117932 -0.150473 0.034815 0.0562257 0.0134387 0.00591364 -0.0869341 0.0569944 -0.0516418 0.0824645 -0.000718633 -0.172975 -0.0891584 0.0588474 0.0981921 -0.201169 -0.0471479 -0.100504 -0.0282407 0.0980107 0.0376809 -0.123134 -0.17801 0.040054 0.123226 0.0826976 0.0118838 0.0136333 -0.0231435 0.023587 0.0663368 0.0378834 -0.238101 0.00451005 0.154658 -0.0485802 0.121029 0.174031 0.117549 -0.225898 -0.227434
internal_weight=0 78.4127 55.8365 46.0582 9.77829 114.705 43.7074 22.5761 7.96376 14.6124 5.39361 70.998 11.2464 40.476 10.2901 8.06599 59.7516 30.1859 25.4439 13.575 8.67972 18.2635 10.0092 9.81627 6.31409 18.0877 41.6639 18.3549 5.58218 11.8689 8.78358 6.15612 14.6672 10.9449 20.3697 6.71638 23.309 4.72407 9.21878 18.8542 7.95086 4.89529 4.37852
internal_count=1935 907 697 618 79 1028 436 210 94 116 60 592 120 565 121 73 472 444 300 181 95 136 97 124 89 183 289 150 53 119 98 60 136 105 320 75 139 56 56 97 61 86 68
is_linear=0
shrinkage=0.130437


Tree=1
num_leaves=20
num_cat=0
split_feature=50 31 38 7 42 42 42 50 46 3 27 3 50 14 1 4 50 49 19
split_gain=13.0895 12.7899 14.4102 15.0756 11.3326 12.0604 18.7849 11.8838 10.1792 12.437 9.5571 19.2152 9.81088 8.24732 7.59085 6.57246 5.7109 4.0455 0.465166
threshold=13.500000000000002 9.5000000000000018 45.000000000000007 1.0000000180025095e-35 25.000000000000004 125.00000000000001 155.00000000000003 3.5000000000000004 65.000000000000014 34.500000000000007 1.0000000180025095e-35 6.5000000000000009 4.5000000000000009 1.0000000180025095e-35 1.0000000180025095e-35 3.5000000000000004 5.5000000000000009 7.5000000000000009 7.5000000000000009
decision_type=2 2 2 2 2 2 2 2 2 2 2 2 2 2 2 2 2 2 2
left_child=1 2 8 16 13 7 -7 -6 9 10 11 -1 -12 -5 17 -2 -4 -10 -11
right_child=15 -3 3 4 5 6 -8 -9 14 18 12 -13 -14 -15 -16 -17 -18 -19 -20
leaf_value=0.002100431868334821 -0.23698389951640414 -0.16798180961713152 -0.024952357110509599 -0.14127941656305951 -0.024793572540047243 -0.13387779338319467 0.15467591511055187 0.12023709674346386 -0.12925184549052091 -0.2311026707826826 0.077052780463009299 -0.12960230741574116 -0.0092969809131664867 0.05453729412600871 -0.23589576397619783 0.039047789254908441 -0.21522716763405228 0.0334367320786641 -0.14084012010872474
leaf_weight=100.33391765784472 5.7656692899763575 7.1850207541137925 7.2595969550311548 7.5391157791018468 11.214343860745428 10.130671360529961 6.0990892034023991 64.335748074576259 4.974452452734111 3.1350478567183009 44.21215670928359 23.132555199787021 45.085678536444902 6.9749673325568438 5.4907658956944934 1.9043270135298369 4.2877392908558249 5.2755120154470205 2.6120362337678671
leaf_count=516 88 43 37 48 43 78 15 220 29 35 145 136 321 29 35 16 49 30 22
internal_value=0 0.00361139 0.00715269 0.0443556 0.05977 0.0767238 -0.0249761 0.0986402 -0.0115467 -0.00421215 0.000901851 -0.0225804 0.0334198 -0.0469772 -0.112681 -0.168003 -0.0967159 -0.0452927 -0.192649
internal_weight=0 359.278 352.093 117.841 106.294 91.7799 16.2298 75.5501 234.252 218.511 212.764 123.466 89.2978 14.5141 15.7407 7.67 11.5473 10.25 5.74708
internal_count=1935 1831 1788 519 433 356 93 263 1269 1175 1118 652 466 77 94 104 86 59 57
is_linear=0
shrinkage=0.130437


Tree=2
num_leaves=34
num_cat=0
split_feature=38 38 50 9 39 39 46 49 15 48 46 47 11 7 50 7 39 43 1 50 43 38 46 2 6 5 49 50 47 38 50 15 49
split_gain=13.756 8.34194 11.6753 16.748 9.16473 8.89222 8.57304 12.0515 8.10555 7.73671 7.32684 10.264 8.70889 8.22847 6.3651 12.4529 13.0996 8.63628 14.0173 7.76445 7.55205 11.9683 9.87692 7.77346 7.97845 5.49147 3.85756 3.31865 3.03129 2.12702 3.81139 0.380253 0.146574
threshold=14.500000000000002 8.5000000000000018 2.5000000000000004 1.0000000180025095e-35 12.500000000000002 13.500000000000002 13.500000000000002 11.500000000000002 23.500000000000004 1.5000000000000002 4.5000000000000009 3.5000000000000004 1.0000000180025095e-35 6.5000000000000009 9.5000000000000018 34.500000000000007 7.5000000000000009 8.5000000000000018 1.0000000180025095e-35 1.5000000000000002 7.5000000000000009 95.000000000000014 35.000000000000007 2.5000000000000004 3.5000000000000004 1.0000000180025095e-35 6.5000000000000009 4.5000000000000009 9.5000000000000018 11.500000000000002 6.5000000000000009 1.5000000000000002 3.5000000000000004
decision_type=2 2 2 2 2 2 2 2 2 2 2 2 2 2 2 2 2 2 2 2 2 2 2 2 2 2 2 2 2 2 2 2 2
left_child=1 6 25 4 29 -6 9 27 14 -1 13 -12 -13 28 19 16 -16 -18 -19 26 21 22 -21 24 -22 -3 -2 -8 -11 32 -31 -15 -4
right_child=8 2 3 -5 5 -7 7 -9 -10 10 11 12 -14 31 15 -17 17 18 -20 20 23 -23 -24 -25 -26 -27 -28 -29 -30 30 -32 -33 -34
leaf_value=0.10697878449024058 -0.0038518584914189902 0.058187060032668894 -0.17825739801647328 0.14206580607344274 0.066399189927353178 -0.18449098533056901 -0.071999839968040047 0.062392741399274004 0.13624554459613927 -0.066141737353661828 0.13975148468720394 0.016831159003975697 -0.11802557987777572 -0.22704888658238731 -0.22348423630599279 -0.23319051425711138 0.12806496004541296 -0.23489540357897645 0.068541810750676363 -0.052073476490538721 0.059582678691463269 -0.17500035749773321 0.073166910393365162 -0.044621288504690257 0.17399481571035819 -0.082392905875699585 -0.17200508363298353 -0.23344567603217828 0.06225976396358137 -0.027924395656306434 -0.20736198593351168 -0.14980644528935441 -0.23303894059434446
leaf_weight=11.832970526069401 5.082486102357505 13.879402581602337 3.1369385607540634 3.8771793991327277 5.7589146699756366 4.0297674331814051 3.45061496645212 5.2777188457548609 10.665233310312031 7.531266235746445 9.587904926389454 49.309914252720773 9.6995722874999029 3.3974962364882222 3.7154707778245273 4.5311520006507626 10.029286670498552 3.9342838320881111 7.3068994181230664 17.362884886562824 46.80236219894141 5.6974792294204226 27.688607914373279 8.9178455211222154 13.421506021171806 7.0897377002984276 4.3224393539130688 6.65350073389709 5.2476578876376152 3.5012110527604801 4.994403189048171 3.4184693656861782 10.644786334596573
leaf_count=42 26 49 37 17 39 48 21 29 29 51 34 292 60 21 44 42 40 59 43 94 204 36 96 48 27 37 32 80 14 24 66 34 120
internal_value=0 -0.0259468 -0.0667974 -0.111879 -0.142929 -0.0368204 -0.00573598 -0.0962396 0.0263817 0.00817575 -0.00508123 0.0149619 -0.00533812 -0.0753526 0.0189279 -0.0355994 0.00045892 0.0402823 -0.0378282 0.0314248 0.0404143 0.00209115 0.0247826 0.0684462 0.0852979 0.0103263 -0.0822108 -0.179487 -0.0129799 -0.189125 -0.134649 -0.190532 -0.221682
internal_weight=0 172.319 56.9123 35.9432 32.066 9.78868 115.407 15.3818 169.478 100.025 88.1923 68.5974 59.0095 19.5949 158.813 29.5171 24.9859 21.2705 11.2412 129.296 119.891 50.749 45.0515 69.1417 60.2239 20.9691 9.40493 10.1041 12.7789 22.2773 8.49561 6.81597 13.7817
internal_count=1935 1115 437 351 334 87 678 130 820 548 506 386 352 120 791 228 186 142 102 563 505 226 190 279 231 86 58 101 65 247 90 55 157
is_linear=0
shrinkage=0.130437


Tree=3
num_leaves=42
num_cat=0
split_feature=6 46 48 50 49 38 0 47 3 42 7 49 50 7 49 15 47 50 49 13 50 19 2 19 3 39 2 27 15 42 50 38 38 15 7 7 50 48 47 50 50
split_gain=9.05129 8.19325 12.5225 10.8845 11.6259 8.80648 8.28054 10.6871 7.09526 8.12354 6.97467 5.99487 5.97502 5.40834 7.55023 6.13703 7.49548 13.8628 8.97084 10.7089 10.398 8.2686 6.93352 6.6755 5.38902 3.85933 3.74883 3.26588 6.26088 11.1687 6.93146 6.98691 3.3322 2.46668 1.85752 1.15297 1.01499 0.705374 0.216098 0.135468 0.134867
threshold=1.0000000180025095e-35 10.500000000000002 5.5000000000000009 9.5000000000000018 11.500000000000002 4.5000000000000009 2.5000000000000004 3.5000000000000004 9.5000000000000018 5.5000000000000009 2.5000000000000004 10.500000000000002 5.5000000000000009 72.500000000000014 9.5000000000000018 23.500000000000004 3.5000000000000004 4.5000000000000009 12.500000000000002 1.5000000000000002 10.500000000000002 6.5000000000000009 1.0000000180025095e-35 11.500000000000002 5.5000000000000009 6.5000000000000009 1.0000000180025095e-35 4.5000000000000009 2.5000000000000004 65.000000000000014 10.500000000000002 14.500000000000002 14.500000000000002 1.0000000180025095e-35 2.5000000000000004 1.0000000180025095e-35 2.5000000000000004 4.5000000000000009 5.5000000000000009 2.5000000000000004 5.5000000000000009
decision_type=2 2 2 2 2 2 2 2 2 2 2 2 2 2 2 2 2 2 2 2 2 2 2 2 2 2 2 2 2 2 2 2 2 2 2 2 2 2 2 2 2
left_child=1 5 27 4 25 6 7 -1 9 39 35 12 -11 15 37 16 17 22 20 40 23 -22 -2 -18 -19 26 -4 28 30 32 31 -3 -30 -32 -6 -9 -10 -15 -38 -7 -20
right_child=13 2 3 -5 34 8 -8 10 36 11 -12 -13 -14 14 -16 -17 18 24 19 -21 21 -23 -24 -25 -26 -27 -28 -29 29 -31 33 -33 -34 -35 -36 -37 38 -39 -40 -41 -42
leaf_value=0.088826367488269609 -0.12950708766968283 -0.071999765045379707 -0.14006616231183927 -0.21644763036415704 0.097210495097595453 -0.2163034592605213 0.13843986455569615 -0.22951468859791671 -0.12014368693421033 -0.013256654172426635 0.013371635189695997 0.072265450262398223 -0.17289111177590546 -0.11820275822794862 0.079556363509100378 0.14094572194985405 0.043594335218577855 0.17570203459306774 -0.16453191404796094 0.08446101032884297 -0.21653726238401647 -0.010938151796872528 0.044817568076378989 -0.089129339276650288 0.055038605961788389 -0.19810507180355191 0.031796186547136972 0.13659537017092635 -0.051900203363782503 -0.22065392974357279 0.064637072334489953 0.069322326088206154 0.10429036765237824 0.18384672533647622 0.0039119989741893835 -0.124753464066706 -0.16398441135179698 -0.22385718893468121 -0.23229225900881248 -0.1565462854355287 -0.22744205209420965
leaf_weight=7.4989577122032705 6.6640727519989005 9.2405745442956704 4.2763253115117568 6.043245035223662 8.1375348754227144 3.1849330067634574 5.9465883150696746 4.1109375432133657 3.8981216214597207 12.129008869640534 5.1728449985384932 7.4087322987616053 5.9561788551509371 2.7406937070190889 3.1366489008069038 7.6003774758428326 76.814880267716944 15.29965719766915 2.6990857869386655 3.1023072674870491 5.2746161445975295 9.0304548479616624 9.0948184207081777 6.965241275727748 11.046783005818723 5.2656959220767012 4.2006867453455925 5.4890007730573407 4.1194737236946803 4.1975446604192248 5.2334629436954838 16.43175608292222 5.1305455714464188 7.553333449177444 6.7392252292484036 4.2064146306365728 2.6773937791585922 2.6442507524043322 4.7858057264238596 3.513355627655983 4.1847513196989894
leaf_count=27 34 60 36 96 40 13 21 28 18 55 32 38 77 30 16 19 360 42 18 13 87 70 37 51 50 41 21 22 38 34 36 70 22 31 29 25 31 24 48 43 52
internal_value=0 -0.0218847 0.00369264 -0.0580985 -0.0241396 -0.0553373 0.00311501 -0.0352427 -0.091562 -0.0598693 -0.104663 -0.025886 -0.0664688 0.0213912 -0.0793608 0.0268903 0.0210356 0.0676884 0.0027878 -0.11459 0.0148463 -0.0876305 -0.0287721 0.0324493 0.125517 -0.110544 -0.0546488 0.0411174 0.0307917 -0.0454801 0.0576184 0.0182136 0.0342913 0.135928 0.0554519 -0.178287 -0.18021 -0.172727 -0.209818 -0.187216 -0.204982
internal_weight=0 162.548 92.0584 34.6627 28.6195 70.4893 26.9357 20.9892 43.5535 32.1922 13.4902 25.4939 18.0852 166.299 8.52159 157.777 150.177 42.1053 108.071 9.98614 98.0852 14.3051 15.7589 83.7801 26.3464 13.7427 8.47701 57.3957 51.9067 13.4476 38.4591 25.6723 9.25002 12.7868 14.8768 8.31735 11.3613 5.38494 7.4632 6.69829 6.88384
internal_count=1935 1032 576 263 167 456 133 112 323 226 85 170 132 903 70 833 814 163 651 83 568 157 71 411 92 98 57 313 291 94 197 130 60 67 69 53 97 54 79 56 70
is_linear=0
shrinkage=0.130437


Tree=4
num_leaves=33
num_cat=0
split_feature=46 42 38 17 42 38 50 3 46 48 15 15 35 50 18 43 39 39 39 27 7 15 27 3 50 47 49 47 46 19 7 39
split_gain=6.60877 7.80698 9.25566 7.58757 7.52917 11.1441 7.05551 10.9469 7.48342 6.66545 6.34364 6.13683 5.95024 5.93463 6.57168 6.07546 5.82679 9.00967 8.59193 8.53778 7.8964 5.63401 9.85206 9.83667 6.36809 4.44866 4.44509 3.11319 2.24759 2.13634 0.430661 0.158029
threshold=10.500000000000002 5.5000000000000009 35.000000000000007 1.5000000000000002 125.00000000000001 145.00000000000003 4.5000000000000009 4.5000000000000009 135.00000000000003 3.5000000000000004 3.5000000000000004 8.5000000000000018 1.0000000180025095e-35 2.5000000000000004 1.0000000180025095e-35 14.500000000000002 7.5000000000000009 13.500000000000002 14.500000000000002 1.0000000180025095e-35 1.5000000000000002 5.5000000000000009 1.0000000180025095e-35 4.5000000000000009 4.5000000000000009 6.5000000000000009 3.5000000000000004 10.500000000000002 125.00000000000001 8.5000000000000018 12.500000000000002 4.5000000000000009
decision_type=2 2 2 2 2 2 2 2 2 2 2 2 2 2 2 2 2 2 2 2 2 2 2 2 2 2 2 2 2 2 2 2
left_child=11 -2 3 6 13 28 10 9 -9 -8 27 12 16 -4 15 -15 21 19 -19 25 -21 22 23 -1 -24 -18 -13 -3 -6 -16 -12 -28
right_child=1 2 4 -5 5 -7 7 8 -10 -11 30 26 -14 14 29 -17 17 18 -20 20 -22 -23 24 -25 -26 -27 31 -29 -30 -31 -32 -33
leaf_value=-0.018637585556517376 0.13486707895997677 -0.078876954947930525 -0.058232664415174724 -0.19790851492913641 -0.20104303090754586 0.084860579798037489 0.077338613944437196 -0.17122427713940475 0.098827119561374133 -0.055901235167145236 0.068712271727972299 -0.021780114272296161 0.12673964624546472 0.050077578199069536 0.14695902846023925 -0.091785871279754683 -0.18446830268211692 0.11986233639273106 -0.073617365195920145 0.11520795605472661 -0.079156181736677128 0.11464844860718607 -0.030884802986251458 0.12237399608373259 -0.2243476636461495 -0.071634412071998513 -0.13781684813030934 0.032717327516302526 -0.060559569187778432 0.070699568362112233 0.11829622589029166 -0.19949350254012249
leaf_weight=26.445797191932797 8.8790751583874208 8.2480431087315136 7.644814044237136 4.0068977978080502 5.1169996382668597 5.9807914718985549 11.246195901185276 13.479336977005003 1.9435673300176848 14.634787457995115 6.587450370192526 5.6460722368210536 4.8938251622021189 45.306997003033757 15.032636730000378 5.7200455944985142 12.631421387195589 8.709291232749818 6.9652461335062972 5.6724853105843058 9.3197692045941931 7.4804017674177876 7.3927670251578075 12.255503127351401 4.8054513968527317 11.772859496995805 2.523718599230051 8.6015895307064039 3.3983865668997169 11.581272777169941 7.69315355271101 4.3788561448454857
leaf_count=144 28 55 42 45 72 18 56 195 10 141 25 35 20 206 35 39 99 38 46 28 75 30 40 46 53 97 21 39 34 45 27 51
internal_value=0 0.0158608 0.00979637 -0.0243081 0.0359727 -0.0506234 -0.0144944 -0.0498563 -0.13664 0.00184203 0.0322673 -0.0224268 -0.013157 0.0507736 0.061605 0.0339955 -0.0192937 -0.0497224 0.0336078 -0.0830053 -0.00513052 0.00934333 -0.00613912 0.0259948 -0.108167 -0.130522 -0.109015 -0.021688 -0.146305 0.114175 0.0961226 -0.178919
internal_weight=0 185.102 176.223 76.441 99.7819 14.4962 72.4341 41.3039 15.4229 25.881 31.1302 130.893 118.345 85.2858 77.641 51.027 113.451 55.0711 15.6745 39.3965 14.9923 58.3799 50.8995 38.7013 12.1982 24.4043 12.5486 16.8496 8.51539 26.6139 14.2806 6.90257
internal_count=1935 1112 1084 593 491 124 548 402 205 197 146 823 716 367 325 245 696 383 84 299 103 313 283 190 93 196 107 94 106 80 52 72
is_linear=0
shrinkage=0.130437


end of trees

feature_importances:
self_popularity=23
ninki_1=16
ninki_2=14
umaban=12
f_courseout=10
result_3=10
mf_courseout=9
result_1=9
ninki_3=9
f_lenout=8
waku=6
f_course3=5
f_classout=5
result_2=5
mf_classout=4
f_course2=3
mf_course1=3
mf_course3=3
mf_classout.1=3
mf_len3=2
f_course1=1
mf_course2=1
f_mf_course2=1
f_mf_courseout=1
f_len1=1
f_len2=1
f_len3=1
mf_len2=1
f_mf_classout.1=1

parameters:
[boosting: gbdt]
[objective: lambdarank]
[metric: ndcg]
[tree_learner: serial]
[device_type: cpu]
[data_sample_strategy: bagging]
[data: ]
[valid: ]
[num_iterations: 97]
[learning_rate: 0.130437]
[num_leaves: 56]
[num_threads: 16]
[seed: 0]
[deterministic: 0]
[force_col_wise: 1]
[force_row_wise: 0]
[histogram_pool_size: -1]
[max_depth: 7]
[min_data_in_leaf: 26]
[min_sum_hessian_in_leaf: 0.001]
[bagging_fraction: 1]
[pos_bagging_fraction: 1]
[neg_bagging_fraction: 1]
[bagging_freq: 0]
[bagging_seed: 7719]
[feature_fraction: 1]
[feature_fraction_bynode: 1]
[feature_fraction_seed: 2437]
[extra_trees: 0]
[extra_seed: 11797]
[early_stopping_round: 0]
[first_metric_only: 0]
[max_delta_step: 0]
[lambda_l1: 0.0387263]
[lambda_l2: 0.0542119]
[linear_lambda: 0]
[min_gain_to_split: 0]
[drop_rate: 0.1]
[max_drop: 50]
[skip_drop: 0.5]
[xgboost_dart_mode: 0]
[uniform_drop: 0]
[drop_seed: 21238]
[top_rate: 0.2]
[other_rate: 0.1]
[min_data_per_group: 100]
[max_cat_threshold: 32]
[cat_l2: 10]
[cat_smooth: 10]
[max_cat_to_onehot: 4]
[top_k: 20]
[monotone_constraints: ]
[monotone_constraints_method: basic]
[monotone_penalty: 0]
[feature_contri: ]
[forcedsplits_filename: ]
[refit_decay_rate: 0.9]
[cegb_tradeoff: 1]
[cegb_penalty_split: 0]
[cegb_penalty_feature_lazy: ]
[cegb_penalty_feature_coupled: ]
[path_smooth: 0]
[interaction_constraints: ]
[verbosity: -1]
[saved_feature_importance_type: 0]
[use_quantized_grad: 0]
[num_grad_quant_bins: 4]
[quant_train_renew_leaf: 0]
[stochastic_rounding: 1]
[linear_tree: 0]
[max_bin: 255]
[max_bin_by_feature: ]
[min_data_in_bin: 3]
[bin_construct_sample_cnt: 200000]
[data_random_seed: 38]
[is_enable_sparse: 1]
[enable_bundle: 1]
[use_missing: 1]
[zero_as_missing: 0]
[feature_pre_filter: 1]
[pre_partition: 0]
[two_round: 0]
[header: 0]
[label_column: ]
[weight_column: ]
[group_column: ]
[ignore_column: ]
[categorical_feature: ]
[forcedbins_filename: ]
[precise_float_parser: 0]
[parser_config_file: ]
[objective_seed: 8855]
[num_class: 1]
[is_unbalance: 0]
[scale_pos_weight: 1]
[sigmoid: 1]
[boost_from_average: 1]
[reg_sqrt: 0]
[alpha: 0.9]
[fair_c: 1]
[poisson_max_delta_step: 0.7]
[tweedie_variance_power: 1.5]
[lambdarank_truncation_level: 30]
[lambdarank_norm: 1]
[label_gain: ]
[lambdarank_position_bias_regularization: 0]
[eval_at: 1,3,5]
[multi_error_top_k: 1]
[auc_mu_weights: ]
[num_machines: 1]
[local_listen_port: 12400]
[time_out: 120]
[machine_list_filename: ]
[machines: ]
[gpu_platform_id: -1]
[gpu_device_id: -1]
[gpu_use_dp: 0]
[num_gpu: 1]

end of parameters

pandas_categorical:[]
