tree
version=v4
num_class=1
num_tree_per_iteration=1
label_index=0
max_feature_idx=49
objective=lambdarank
feature_names=f_course1 f_course2 f_course3 f_courseout mf_course1 mf_course2 mf_course3 mf_courseout f_mf_course1 f_mf_course2 f_mf_course3 f_mf_courseout f_len1 f_len2 f_len3 f_lenout mf_len1 mf_len2 mf_len3 mf_classout f_mf_len1 f_mf_len2 f_mf_len3 f_mf_classout f_class1 f_class2 f_class3 f_classout mf_class1 mf_class2 mf_class3 mf_classout.1 f_mf_class1 f_mf_class2 f_mf_class3 f_mf_classout.1 time_df_course1 time_df_class1 ninki_1 result_1 time_df_course2 time_df_class2 ninki_2 result_2 time_df_course3 time_df_class3 ninki_3 result_3 waku umaban
feature_infos=[0:16] [0:16] [0:15] [0:87] [0:12] [0:15] [0:12] [0:113] [0:2] [0:3] [0:4] [0:9] [0:5] [0:12] [0:5] [0:29] [0:5] [0:6] [0:6] [0:28] [0:2] [0:3] [0:2] [0:4] [0:4] [0:4] [0:4] [0:14] [0:3] [0:4] [0:3] [0:15] [0:1] [0:2] [0:2] [0:4] [-1:0] [-1:0] [-1:170] [-1:120] [-1:0] [-1:0] [-1:180] [-1:160] [-1:0] [-1:0] [-1:180] [-1:170] [1:8] [1:14]
tree_sizes=3611 3592 3601 3597 3608 3593

Tree=0
num_leaves=33
num_cat=0
split_feature=47 13 38 39 29 38 0 46 4 11 38 5 7 4 47 24 43 1 13 2 15 43 38 19 38 3 39 39 46 49 7 49
split_gain=15.0332 10.3917 10.2367 9.09999 8.79206 7.57406 7.16546 8.3631 6.04915 9.61444 6.31303 6.83237 5.72584 10.6897 7.01644 6.71605 6.23742 13.5357 6.45643 5.7959 5.60933 5.48308 5.35467 5.26074 5.10969 5.57977 5.85195 5.51616 7.3908 5.61711 5.27552 5.10578
threshold=5.5000000000000009 1.0000000180025095e-35 11.500000000000002 4.5000000000000009 1.0000000180025095e-35 9.5000000000000018 2.5000000000000004 105.00000000000001 1.0000000180025095e-35 1.0000000180025095e-35 13.500000000000002 2.5000000000000004 53.500000000000007 3.5000000000000004 1.0000000180025095e-35 1.0000000180025095e-35 5.5000000000000009 1.5000000000000002 1.0000000180025095e-35 1.0000000180025095e-35 7.5000000000000009 10.500000000000002 115.00000000000001 15.500000000000002 125.00000000000001 1.5000000000000002 7.5000000000000009 1.5000000000000002 6.5000000000000009 9.5000000000000018 5.5000000000000009 3.5000000000000004
decision_type=2 2 2 2 2 2 2 2 2 2 2 2 2 2 2 2 2 2 2 2 2 2 2 2 2 2 2 2 2 2 2 2
left_child=3 6 4 5 20 -1 7 8 24 10 11 -10 13 14 15 23 18 -18 -16 -17 21 -3 -12 -5 25 27 30 -2 -29 -30 -27 -8
right_child=1 2 -4 12 -6 -7 31 -9 9 -11 22 -13 -14 -15 16 19 17 -19 -20 -21 -22 -23 -24 -25 -26 26 -28 28 29 -31 -32 -33
leaf_value=0.0046654416931830728 0.055051199372040588 -0.093716155131730594 0.031712357992170162 -0.10216206458312478 0.056393915548547155 0.062596445426839231 -0.10411869477874962 -0.077513412060766271 0.0017496393781261524 -0.082298189737152708 0.046529182620251408 -0.084301192371016506 -0.073869459727615494 0.070630559836347653 0.056169337918054785 0.10979095540678571 -0.060330561265137042 0.040433028155949201 -0.054640692460692149 -0.10608400312312397 -0.096517235776291302 0.0053748863352232872 -0.10459349554726872 0.081735802488615283 0.053823205973286617 -0.01185162671110019 -0.097331204064067769 0.037556380730853059 -0.079525276145039736 -0.0025661040701904477 -0.10902883538535711 0.042142370287985474
leaf_weight=10.434230841696264 2.615979544818404 2.2544875144958514 27.410796768963337 4.7578059285879126 3.3694173023104659 20.208395913243294 0.80221085995435526 8.7578028328716737 15.970409013330942 4.2303358390927306 11.538699973374602 3.4051448218524447 2.7047700509428969 7.108034335076808 10.185734871774914 1.1858417987823484 8.7427464500069636 7.5722482576966277 1.8944972790777672 0.55131582170724858 4.1530721709132186 6.8702816292643547 0.75671904906630594 0.52163340896368016 1.8426239155232895 7.6007294878363627 8.0176632851362211 3.6670500338077572 7.9332249388098699 4.5543337129056454 2.1924602873623371 7.3536450080573559
leaf_count=95 16 33 202 69 19 116 12 120 138 61 72 50 38 33 66 2 118 55 27 8 62 59 12 2 12 72 115 24 110 41 32 44
internal_value=0 -0.0110265 0.0109784 0.0196637 -0.0231433 0.0428826 -0.0216556 -0.0265032 -0.0204852 -0.00418708 0.00624531 -0.0133711 0.0039226 0.00888391 -0.00350786 -0.0529169 0.00869622 -0.0135467 0.0387559 0.0410321 -0.0433589 -0.0191033 0.0371763 -0.0838927 -0.0357038 -0.0402262 -0.0623578 -0.0192025 -0.0312546 -0.05149 -0.0336697 0.0276801
internal_weight=0 135.297 44.0581 75.8673 16.6473 30.6426 91.239 83.0832 74.3254 35.9013 31.671 19.3756 45.2246 42.5199 35.4118 7.0166 28.3952 16.315 12.0802 1.73716 13.2778 9.12477 12.2954 5.27944 38.4241 36.5814 17.8109 18.7706 16.1546 12.4876 9.79319 8.15586
internal_count=1935 1306 375 629 173 211 931 875 755 333 272 188 418 380 347 81 266 173 93 10 154 92 84 71 422 410 219 191 175 151 104 56
is_linear=0
shrinkage=0.0551878


Tree=1
num_leaves=33
num_cat=0
split_feature=47 31 39 42 18 38 27 49 38 18 38 23 24 47 39 7 42 49 43 43 42 47 3 39 4 27 16 43 42 42 15 5
split_gain=27.3637 15.5584 13.9662 13.2548 17.5512 13.5414 11.3055 10.9234 10.8415 10.4608 13.2766 16.602 8.55166 13.216 10.9207 10.7184 12.7654 8.01663 7.43364 10.0736 13.2319 8.68027 8.63968 7.81305 8.50048 9.07884 8.51748 7.17066 7.10865 6.84938 6.74523 11.2403
threshold=5.5000000000000009 11.500000000000002 55.000000000000007 95.000000000000014 2.5000000000000004 9.5000000000000018 1.5000000000000002 7.5000000000000009 135.00000000000003 1.0000000180025095e-35 7.5000000000000009 1.0000000180025095e-35 1.5000000000000002 10.500000000000002 10.500000000000002 1.5000000000000002 14.500000000000002 8.5000000000000018 11.500000000000002 12.500000000000002 115.00000000000001 7.5000000000000009 17.500000000000004 7.5000000000000009 1.0000000180025095e-35 2.5000000000000004 1.0000000180025095e-35 14.500000000000002 125.00000000000001 5.5000000000000009 3.5000000000000004 1.0000000180025095e-35
decision_type=2 2 2 2 2 2 2 2 2 2 2 2 2 2 2 2 2 2 2 2 2 2 2 2 2 2 2 2 2 2 2 2
left_child=1 3 7 4 5 6 -1 9 27 10 11 -2 14 -14 30 16 -16 -17 22 -20 21 -21 23 -12 25 -25 -26 -7 -5 -19 -9 -32
right_child=2 -3 -4 28 -6 8 -8 12 -10 -11 18 -13 13 -15 15 17 -18 29 19 20 -22 -23 -24 24 26 -27 -28 -29 -30 -31 31 -33
leaf_value=0.0027892540262276157 -0.044413355709812447 -0.091011660605983896 -0.10030049727203143 -0.081216975410291506 0.08357190091047767 0.02944938573446939 -0.072373081013099486 -0.053866826206319482 -0.091580041963174472 -0.029736035088935076 0.043288654492481378 0.067000522930249107 -0.075450744303924622 0.07265709780093943 -0.048812300440194453 0.027198361913480972 0.067270761084554626 0.059898217197176147 0.074930628598606455 -0.105481525196541 -0.095952679272288011 0.036874018488615427 -0.064435736513253128 -0.081436856972027294 0.057973164832184447 0.057610239220420731 -0.062282771390141121 -0.081773075159077294 0.0068792081042583098 -0.054832834594475119 -0.081919148562623292 0.013412014621152593
leaf_weight=32.757951386272907 22.857800407335166 4.0807651579380027 5.3433088287711135 6.010820444673298 12.870370395481585 121.5828051418066 7.4828612543642512 43.517008626833558 2.3553502596914759 27.835817640647292 13.919339362531902 4.9516037739813319 2.595594219863413 6.2297269701957703 4.0483053103089324 6.3787378668785122 10.002870239317415 1.7399298846721674 13.457227084785698 1.3722880259156287 2.8371670059859744 24.898345079272985 5.1860830336809149 6.6825791038572806 6.5728602148592454 1.8139793574810026 2.4613936208188534 1.7867162916809309 5.1914602592587471 17.229218263179064 5.2812291570007828 13.102085277438162
leaf_count=150 161 19 37 32 19 314 48 289 13 160 47 14 17 11 24 24 21 7 34 6 19 85 36 62 20 4 15 13 21 107 49 57
internal_value=0 0.01555 -0.0120591 0.0178415 0.0214906 0.0166728 -0.0111853 -0.0101317 0.0255918 0.000397635 0.00823955 -0.0245588 -0.0230271 0.029051 -0.027568 -0.00484614 0.033801 -0.0262829 0.0197601 0.0354452 0.017173 0.0294131 0.00152702 0.0124197 -0.0120771 -0.0517044 0.0251649 0.0278338 -0.0403755 -0.0442843 -0.0420244 -0.0139699
internal_weight=0 194.119 250.314 190.038 178.836 165.966 40.2408 244.971 125.725 134.846 107.011 27.8094 110.125 8.82532 101.299 39.3991 14.0512 25.3479 79.2013 42.565 29.1078 26.2706 36.6362 31.4502 17.5308 8.49656 9.03425 123.37 11.2023 18.9691 61.9003 18.3833
internal_count=1935 629 1306 610 557 538 198 1269 340 663 503 175 606 28 578 183 45 138 328 144 110 91 184 148 101 66 35 327 53 114 395 106
is_linear=0
shrinkage=0.0551878


Tree=2
num_leaves=33
num_cat=0
split_feature=38 39 48 17 4 13 43 43 20 42 3 15 39 3 18 19 17 47 27 49 46 49 29 31 38 29 2 18 38 46 0 49
split_gain=14.031 15.0853 13.5483 12.5119 11.7696 15.2945 14.6791 11.5776 10.3814 9.75702 16.3609 14.2211 12.6122 17.55 8.46788 12.5781 10.2582 7.90293 7.56008 7.04039 8.09595 6.94294 14.0182 10.2784 10.2496 7.52418 6.63277 6.58494 6.56956 6.48569 6.1412 7.58487
threshold=9.5000000000000018 5.5000000000000009 1.5000000000000002 1.5000000000000002 1.0000000180025095e-35 1.0000000180025095e-35 5.5000000000000009 6.5000000000000009 1.0000000180025095e-35 8.5000000000000018 19.500000000000004 2.5000000000000004 3.5000000000000004 1.0000000180025095e-35 2.5000000000000004 6.5000000000000009 1.5000000000000002 10.500000000000002 1.5000000000000002 5.5000000000000009 5.5000000000000009 5.5000000000000009 1.0000000180025095e-35 4.5000000000000009 65.000000000000014 1.0000000180025095e-35 4.5000000000000009 1.0000000180025095e-35 145.00000000000003 95.000000000000014 1.0000000180025095e-35 3.5000000000000004
decision_type=2 2 2 2 2 2 2 2 2 2 2 2 2 2 2 2 2 2 2 2 2 2 2 2 2 2 2 2 2 2 2 2
left_child=9 14 -3 4 5 6 18 -7 -5 11 12 17 13 -11 15 -2 -17 27 30 20 -12 23 29 25 -24 -6 -14 -1 -8 -23 31 -4
right_child=1 2 3 8 21 7 28 -9 -10 10 19 -13 26 -15 -16 16 -18 -19 -20 -21 -22 22 24 -25 -26 -27 -28 -29 -30 -31 -32 -33
leaf_value=-0.0078961706837740696 0.029552643079891361 -0.070569939472497192 0.060530151683539375 -0.078723219962742771 0.054275728542532632 -0.098105037802900766 -0.058356263180430322 0.030185939870061719 0.052165006593752498 0.047531646416810222 0.10018409960148285 -0.045851459397640827 -0.076211384608510777 -0.05419451311355078 0.081688408557037726 -0.04784150707699613 0.034280145307170266 0.06055438375264563 -0.1020510923970689 0.037234523761139227 -0.088016356930042908 -0.0040355537867849357 0.081965245724202787 -0.062872948372281148 -0.044121370486954782 -0.049003640280200086 0.079331942100467581 0.061956260383594614 0.023254087251207485 -0.08451950566782826 0.081829366867597259 -0.050201578654421319
leaf_weight=24.031666638329629 75.762142356485128 8.5883938483893854 3.5087215974926931 9.7306022290140373 29.398182641714815 2.3218547143042114 30.234376449137926 27.114911485463381 2.2718902379274359 8.4077509418129939 0.88915055990219372 14.116835217922924 26.349353604018692 13.375942222774027 7.0913023725152007 13.305583611130716 7.0993014797568312 10.186312302947043 1.4331688806414593 12.668536078184841 3.1460888311266899 34.139613963663578 9.8077756240963918 2.8338548913598052 2.4491613395512095 2.3120098263025275 0.85763604938983817 4.9538975246250621 3.3282217122614375 3.346211113035678 4.6261690966784954 4.0600774697959423
leaf_count=124 202 68 8 82 81 17 247 86 6 30 2 103 243 109 12 62 14 39 7 51 26 153 19 15 19 15 2 15 13 32 7 26
internal_value=0 0.00665018 -0.0029291 0.000430187 0.00448673 -0.0111642 -0.0306388 0.020046 -0.0539153 -0.0159157 -0.0301488 0.00162634 -0.0462313 -0.0149169 0.0234908 0.0191933 -0.0192542 0.0187467 0.0176449 0.0170019 -0.0464214 0.0187188 0.00551151 0.0377258 0.0567412 0.0467315 -0.0712875 0.00403839 -0.050253 -0.0112354 0.0317621 0.00109672
internal_weight=0 284.764 181.505 172.917 160.914 76.6275 47.1907 29.4368 12.0025 118.983 65.6945 53.2887 48.9907 21.7837 103.258 96.167 20.4049 39.1719 13.6281 16.7038 4.03524 84.2868 49.7428 34.544 12.2569 31.7102 27.207 28.9856 33.5626 37.4858 12.195 7.5688
internal_count=1935 1191 901 833 745 411 308 103 88 744 463 281 384 139 290 278 76 178 48 79 28 334 223 111 38 96 245 139 260 185 41 34
is_linear=0
shrinkage=0.0551878


Tree=3
num_leaves=33
num_cat=0
split_feature=43 3 1 38 46 15 42 42 47 14 38 43 38 42 3 3 38 15 3 43 39 6 13 7 4 38 5 42 24 39 6 42
split_gain=8.18495 11.5076 8.36348 11.1809 7.92973 12.4768 10.3479 10.1432 11.293 11.326 10.0242 16.6697 7.91081 7.54043 12.3646 12.3962 9.26451 8.27632 7.40255 11.1444 7.95115 7.71641 7.28844 6.31675 6.31199 8.15925 8.63849 7.13541 6.18243 11.7906 5.79107 5.69648
threshold=5.5000000000000009 11.500000000000002 1.0000000180025095e-35 2.5000000000000004 95.000000000000014 4.5000000000000009 15.500000000000002 8.5000000000000018 10.500000000000002 1.0000000180025095e-35 12.500000000000002 12.500000000000002 75.000000000000014 14.500000000000002 34.500000000000007 25.500000000000004 105.00000000000001 1.5000000000000002 1.0000000180025095e-35 15.500000000000002 3.5000000000000004 2.5000000000000004 3.5000000000000004 1.0000000180025095e-35 1.0000000180025095e-35 75.000000000000014 1.0000000180025095e-35 135.00000000000003 1.0000000180025095e-35 7.5000000000000009 1.5000000000000002 125.00000000000001
decision_type=2 2 2 2 2 2 2 2 2 2 2 2 2 2 2 2 2 2 2 2 2 2 2 2 2 2 2 2 2 2 2 2
left_child=2 4 -1 -4 6 -6 7 8 -2 -10 18 -12 -5 14 15 28 31 -18 20 -20 21 -9 -19 -17 -8 -26 -27 -28 30 -30 -3 -15
right_child=1 13 3 12 5 -7 24 10 9 -11 11 -13 -14 16 -16 23 17 22 19 -21 -22 -23 -24 -25 25 26 27 -29 29 -31 -32 -33
leaf_value=0.025417286055094902 -0.029810674366049596 -0.015760295336394847 -0.080495821733695697 0.010918227297109428 -0.069126862915111553 0.072868066210802065 -0.011854421744751749 0.052082522348774807 0.052635716981664235 -0.07676464207555922 -0.0539238318114975 0.054392697762221498 -0.083301147296631767 0.042696271942865884 -0.098412612515289113 -0.10001008735113315 0.066869147129290818 -0.086804885682417468 -0.083189054519025959 0.039496173197079473 -0.055035495183242217 -0.094936761987403584 0.011236548450292998 0.053226183482535404 0.043704370550255493 0.06034705420778997 -0.090004361588855761 0.052919822461774783 -0.069871202109080668 0.059465358330572961 -0.078638947996053532 -0.018132788070170901
leaf_weight=64.739685982465744 16.691436622291803 14.912992240861064 5.311208337545394 39.406268414109945 14.41505950689316 2.1631359606981269 25.405465669929981 5.5072802156209972 14.467742074280979 2.3971370607614508 8.7980521507561225 8.5088384151458722 2.9108811076730481 37.60399517416954 4.0892545208334914 0.86739284172654052 2.6206685267388812 5.2812434397637826 21.5251116193831 2.513325508683919 9.4119252841919643 1.3500931710004804 4.0920513793826103 13.575017869472502 21.546630293130878 2.8077580705285055 4.5926438216120005 1.3788675554096697 3.1472184695303422 6.7271989658474922 6.373546674847602 5.3474360145628443
leaf_count=222 114 94 25 153 132 7 128 19 43 11 64 30 29 127 38 10 6 51 231 13 86 6 22 42 63 8 39 4 25 19 42 32
internal_value=0 -0.0052401 0.012503 -0.00504534 -0.0143878 -0.0505696 -0.0103015 -0.0217539 0.0023581 0.034213 -0.0358018 -0.000653385 0.00442359 0.00904893 -0.00652443 0.00171593 0.0231383 -0.0197255 -0.0508847 -0.0703455 -0.0221034 0.0230593 -0.0439843 0.0439798 0.00842858 0.0254297 -0.0193872 -0.0569408 -0.0178658 0.0182023 -0.0346112 0.0351153
internal_weight=0 268.119 112.368 47.6284 163.481 16.5782 146.902 91.1709 33.5563 16.8649 57.6146 17.3069 42.3171 104.638 49.6926 45.6034 54.9454 11.994 40.3077 24.0384 16.2693 6.85737 9.37329 14.4424 55.7314 30.3259 8.77927 5.97151 31.161 9.87442 21.2865 42.9514
internal_count=1935 1506 429 207 998 139 859 617 168 54 449 94 182 508 270 232 238 79 355 244 111 25 73 52 242 114 51 43 180 44 136 159
is_linear=0
shrinkage=0.0551878


Tree=4
num_leaves=33
num_cat=0
split_feature=38 39 33 27 5 4 15 3 0 42 39 0 12 42 11 42 2 0 48 14 7 23 1 48 3 3 38 38 39 39 16 3
split_gain=9.26983 8.92195 6.27111 6.90209 8.61986 9.71804 6.38426 6.11272 12.4046 9.48022 10.6731 7.18837 5.5135 8.64869 8.72968 8.04655 9.86335 8.69804 8.55513 7.68493 9.79047 6.83052 9.69045 8.02498 7.69693 13.8837 6.82963 6.67697 6.07324 8.51447 6.18996 5.86235
threshold=9.5000000000000018 55.000000000000007 1.0000000180025095e-35 1.5000000000000002 2.5000000000000004 2.5000000000000004 22.000000000000004 21.500000000000004 1.0000000180025095e-35 8.5000000000000018 6.5000000000000009 6.5000000000000009 1.0000000180025095e-35 95.000000000000014 1.0000000180025095e-35 75.000000000000014 1.0000000180025095e-35 2.5000000000000004 4.5000000000000009 1.0000000180025095e-35 31.500000000000004 1.0000000180025095e-35 3.5000000000000004 4.5000000000000009 9.5000000000000018 8.5000000000000018 115.00000000000001 12.500000000000002 4.5000000000000009 1.5000000000000002 1.0000000180025095e-35 9.5000000000000018
decision_type=2 2 2 2 2 2 2 2 2 2 2 2 2 2 2 2 2 2 2 2 2 2 2 2 2 2 2 2 2 2 2 2
left_child=2 12 3 7 6 -6 -5 8 9 -1 -11 -9 13 15 -15 17 18 21 -17 20 27 23 -23 24 25 -2 -16 -14 29 -25 -30 -21
right_child=1 -3 -4 4 5 -7 -8 11 -10 10 -12 -13 19 14 26 16 -18 -19 -20 31 -22 22 -24 28 -26 -27 -28 -29 30 -31 -32 -33
leaf_value=0.019384243597785147 -0.01981819301012841 -0.085754725139293816 0.075624262243840654 -0.067964344488573483 0.060760410338462738 -0.077497688802654341 0.069321946598973089 0.056785582034429412 -0.054384181355742925 -0.0043874132858405402 -0.083677430539249989 -0.10253698513537418 -0.021606706743517157 -0.049037194056768416 -0.050468867512785898 0.035147965019715163 0.07749715094572486 -0.087020011153308055 -0.091985475596627397 -0.08523451396285163 -0.081525964649035623 -0.089404432508739903 0.087617543314493535 -0.037862974423615671 -0.089983852390243729 0.074278378476447873 0.08741463626783294 0.049904580784486972 -0.0082119983094750791 0.051566960706903253 0.039293851545992575 0.0074135800843142712
leaf_weight=32.680779356509447 31.121601874008775 3.1922757886350146 2.3661027625203124 17.455981347709901 4.4498771987855426 2.3692065253853798 1.0914973430335511 7.2186872027814371 16.730271721258759 20.146101079881195 6.9566298723220816 0.97497449070215214 4.4848916977643958 17.533747352659706 1.7416965588927258 4.8036246821284321 9.803379721939562 3.3292841687798491 2.4212610106915236 2.1676685959100714 2.063200917094945 4.7450348660349837 1.1701632961630819 3.7761406563222435 3.5925643481314173 5.6372562274336806 2.9224323481321335 34.594382803887129 30.060069154947996 22.699949815869331 11.5620597936213 49.386194510385394
leaf_count=134 157 37 6 167 14 25 3 25 140 134 90 6 22 159 18 14 24 26 21 13 15 36 2 15 31 10 6 88 175 48 46 228
internal_value=0 0.00586339 -0.0131829 -0.015097 -0.040351 0.0126656 -0.0598574 -0.00752952 -0.0123843 -0.000623209 -0.0247586 0.0377546 0.00703747 0.000731489 -0.031182 0.00599268 0.0414473 0.000859405 -0.0074422 0.0177089 0.0354961 0.00342293 -0.0543034 0.00657593 -0.0129215 -0.00537384 0.0358635 0.0416889 0.0181335 0.0387975 0.0049797 0.0035066
internal_weight=0 252.809 112.44 110.074 25.3666 6.81908 18.5475 84.7074 76.5138 59.7835 27.1027 8.19366 249.617 156.92 22.1979 134.722 17.0283 117.694 7.22489 92.6963 41.1425 114.365 5.9152 108.45 40.3514 36.7589 4.66413 39.0793 68.0982 26.4761 41.6221 51.5539
internal_count=1935 1191 744 738 209 39 170 529 498 358 224 31 1154 788 183 605 59 546 35 366 125 520 38 482 198 167 24 110 284 63 221 241
is_linear=0
shrinkage=0.0551878


Tree=5
num_leaves=33
num_cat=0
split_feature=39 38 39 17 1 3 46 13 4 16 24 43 42 3 3 0 42 39 3 8 2 42 12 47 47 7 19 6 18 19 38 31
split_gain=6.4154 5.75672 8.92451 9.26005 7.74898 10.0462 7.40285 7.53073 10.023 6.38085 6.14151 5.39668 5.33568 5.10736 8.1298 7.84229 7.76621 9.33379 10.9398 6.16909 5.1774 4.92733 9.1133 4.66497 6.71166 4.74295 5.87948 5.77211 4.65763 6.57926 5.57667 5.06292
threshold=55.000000000000007 9.5000000000000018 5.5000000000000009 1.5000000000000002 1.5000000000000002 21.500000000000004 9.5000000000000018 1.0000000180025095e-35 2.5000000000000004 2.5000000000000004 1.0000000180025095e-35 13.500000000000002 125.00000000000001 20.500000000000004 28.500000000000004 1.0000000180025095e-35 8.5000000000000018 3.5000000000000004 1.0000000180025095e-35 1.0000000180025095e-35 4.5000000000000009 11.500000000000002 3.5000000000000004 14.500000000000002 11.500000000000002 12.500000000000002 14.500000000000002 1.5000000000000002 2.5000000000000004 2.5000000000000004 14.500000000000002 1.0000000180025095e-35
decision_type=2 2 2 2 2 2 2 2 2 2 2 2 2 2 2 2 2 2 2 2 2 2 2 2 2 2 2 2 2 2 2 2
left_child=1 13 12 4 5 6 7 8 10 11 -4 -8 28 15 21 16 23 18 -18 -16 -19 -15 -23 24 25 27 -27 -1 29 31 -31 -3
right_child=-2 2 3 -5 -6 -7 9 -9 -10 -11 -12 -13 -14 14 19 -17 17 20 -20 -21 -22 22 -24 -25 -26 26 -28 -29 -30 30 -32 -33
leaf_value=0.00029050437603982761 -0.08285497453267833 0.023334559635613129 -0.02644135497452554 -0.053626208037332236 0.018100891329484472 -0.09750101217717777 -0.013822884815357072 0.07354722810021401 0.061081444129385765 0.070473276958135017 0.056172524569049781 -0.061878542026920967 -0.028344922175949767 0.068899780405176095 -0.055388974268659866 -0.044854160159874007 0.039167080406849464 -0.071215097801175783 -0.048317377294496408 0.03597974148324859 0.06918640837238435 -0.087852240541508378 0.078892014387051956 -0.10450057130292556 0.055194432040744507 -0.069998850868434381 0.057637715856824118 0.079484238142023822 0.070386028542709062 -0.079496479918347615 0.0068754627550555673 0.068611049933202398
leaf_weight=17.779490925371654 2.8195571415126315 33.025289334356785 18.987848464399583 9.9993382319807989 52.719566490501165 3.7041876241564742 40.348875377327204 5.597157444804906 7.0314700715243807 2.3614404127001754 3.1976738870143881 8.6475578173995 6.3286199457943431 8.1667736396193522 6.3664353322237712 21.177718134596944 9.5673993900418335 12.310222744941708 7.9820926282554856 3.473376639187336 0.85056842863559801 2.0282700918614855 1.958386078476906 1.0409518927335728 8.9704173468053323 4.9367924444377413 1.4082548469305036 3.3258094936609259 6.1572875827550879 2.5115070790052441 24.00577581487596 9.756404794752596
leaf_count=89 37 106 128 95 223 29 269 13 22 7 6 72 43 23 51 205 29 162 73 15 2 20 4 8 20 31 5 7 11 17 90 23
internal_value=0 0.000676592 0.00558574 -0.00229649 0.00130215 -0.00854871 -0.00471765 0.0149233 0.00367479 -0.0180376 -0.0145134 -0.0223144 0.0202955 -0.00965451 0.0141607 -0.0155202 -0.00640134 -0.0269754 -0.000608787 -0.0231053 -0.0621022 0.0443544 -0.00587069 0.0104579 0.0137618 0.000205885 -0.0416074 0.0127955 0.0243801 0.0202848 -0.00130371 0.0336717
internal_weight=0 345.723 234.38 152.595 142.596 89.8762 86.172 34.8141 29.217 51.3579 22.1855 48.9964 81.7849 111.343 21.9932 89.3497 68.172 30.7103 17.5495 9.83981 13.1608 12.1534 3.98666 37.4617 36.4208 27.4503 6.34505 21.1053 75.4563 69.299 26.5173 42.7817
internal_count=1935 1898 1154 864 769 546 517 169 156 348 134 341 290 744 113 631 426 266 102 66 164 47 24 160 152 132 36 96 247 236 107 129
is_linear=0
shrinkage=0.0551878


end of trees

feature_importances:
ninki_1=21
result_1=17
ninki_2=17
f_courseout=16
result_2=11
result_3=9
mf_course1=7
umaban=7
f_course1=6
mf_courseout=6
f_lenout=6
ninki_3=6
f_len2=5
mf_len3=5
f_course2=4
f_course3=4
mf_course2=4
mf_classout=4
f_class1=4
f_classout=4
mf_course3=3
mf_len1=3
mf_len2=3
mf_class2=3
mf_classout.1=3
waku=3
f_mf_courseout=2
f_len1=2
f_len3=2
f_mf_classout=2
f_mf_course1=1
f_mf_len1=1
f_mf_class2=1

parameters:
[boosting: gbdt]
[objective: lambdarank]
[metric: ndcg]
[tree_learner: serial]
[device_type: cpu]
[data_sample_strategy: bagging]
[data: ]
[valid: ]
[num_iterations: 141]
[learning_rate: 0.0551878]
[num_leaves: 33]
[num_threads: 16]
[seed: 0]
[deterministic: 0]
[force_col_wise: 1]
[force_row_wise: 0]
[histogram_pool_size: -1]
[max_depth: 10]
[min_data_in_leaf: 4]
[min_sum_hessian_in_leaf: 0.001]
[bagging_fraction: 1]
[pos_bagging_fraction: 1]
[neg_bagging_fraction: 1]
[bagging_freq: 0]
[bagging_seed: 7719]
[feature_fraction: 1]
[feature_fraction_bynode: 1]
[feature_fraction_seed: 2437]
[extra_trees: 0]
[extra_seed: 11797]
[early_stopping_round: 0]
[first_metric_only: 0]
[max_delta_step: 0]
[lambda_l1: 0.00532463]
[lambda_l2: 0.00363825]
[linear_lambda: 0]
[min_gain_to_split: 0]
[drop_rate: 0.1]
[max_drop: 50]
[skip_drop: 0.5]
[xgboost_dart_mode: 0]
[uniform_drop: 0]
[drop_seed: 21238]
[top_rate: 0.2]
[other_rate: 0.1]
[min_data_per_group: 100]
[max_cat_threshold: 32]
[cat_l2: 10]
[cat_smooth: 10]
[max_cat_to_onehot: 4]
[top_k: 20]
[monotone_constraints: ]
[monotone_constraints_method: basic]
[monotone_penalty: 0]
[feature_contri: ]
[forcedsplits_filename: ]
[refit_decay_rate: 0.9]
[cegb_tradeoff: 1]
[cegb_penalty_split: 0]
[cegb_penalty_feature_lazy: ]
[cegb_penalty_feature_coupled: ]
[path_smooth: 0]
[interaction_constraints: ]
[verbosity: -1]
[saved_feature_importance_type: 0]
[use_quantized_grad: 0]
[num_grad_quant_bins: 4]
[quant_train_renew_leaf: 0]
[stochastic_rounding: 1]
[linear_tree: 0]
[max_bin: 255]
[max_bin_by_feature: ]
[min_data_in_bin: 3]
[bin_construct_sample_cnt: 200000]
[data_random_seed: 38]
[is_enable_sparse: 1]
[enable_bundle: 1]
[use_missing: 1]
[zero_as_missing: 0]
[feature_pre_filter: 1]
[pre_partition: 0]
[two_round: 0]
[header: 0]
[label_column: ]
[weight_column: ]
[group_column: ]
[ignore_column: ]
[categorical_feature: ]
[forcedbins_filename: ]
[precise_float_parser: 0]
[parser_config_file: ]
[objective_seed: 8855]
[num_class: 1]
[is_unbalance: 0]
[scale_pos_weight: 1]
[sigmoid: 1]
[boost_from_average: 1]
[reg_sqrt: 0]
[alpha: 0.9]
[fair_c: 1]
[poisson_max_delta_step: 0.7]
[tweedie_variance_power: 1.5]
[lambdarank_truncation_level: 30]
[lambdarank_norm: 1]
[label_gain: ]
[lambdarank_position_bias_regularization: 0]
[eval_at: 1,3,5]
[multi_error_top_k: 1]
[auc_mu_weights: ]
[num_machines: 1]
[local_listen_port: 12400]
[time_out: 120]
[machine_list_filename: ]
[machines: ]
[gpu_platform_id: -1]
[gpu_device_id: -1]
[gpu_use_dp: 0]
[num_gpu: 1]

end of parameters

pandas_categorical:[]
