tree
version=v4
num_class=1
num_tree_per_iteration=1
label_index=0
max_feature_idx=49
objective=lambdarank
feature_names=f_course1 f_course2 f_course3 f_courseout mf_course1 mf_course2 mf_course3 mf_courseout f_mf_course1 f_mf_course2 f_mf_course3 f_mf_courseout f_len1 f_len2 f_len3 f_lenout mf_len1 mf_len2 mf_len3 mf_classout f_mf_len1 f_mf_len2 f_mf_len3 f_mf_classout f_class1 f_class2 f_class3 f_classout mf_class1 mf_class2 mf_class3 mf_classout.1 f_mf_class1 f_mf_class2 f_mf_class3 f_mf_classout.1 time_df_course1 time_df_class1 ninki_1 result_1 time_df_course2 time_df_class2 ninki_2 result_2 time_df_course3 time_df_class3 ninki_3 result_3 waku umaban
feature_infos=[0:10] [0:9] [0:15] [0:94] [0:12] [0:15] [0:8] [0:113] [0:1] [0:1] [0:1] [0:6] [0:1] [0:1] [0:1] [0:3] none [0:1] [0:1] [0:3] none none none [0:1] [0:1] [0:1] [0:1] [0:2] none [0:1] [0:1] [0:3] none none none [0:1] none none [-1:130] [-1:40] none none [1:150] [-1:100] none none [1:160] [1:90] [1:8] [1:14]
tree_sizes=1476 2100 1784 2192 2422 2412

Tree=0
num_leaves=13
num_cat=0
split_feature=39 42 48 49 3 43 43 19 1 49 47 47
split_gain=12.1212 3.5318 3.23424 2.17938 2.96658 1.67089 3.34347 1.17297 0.704746 0.553762 0.132493 0.129607
threshold=4.5000000000000009 75.000000000000014 1.5000000000000002 5.5000000000000009 22.500000000000004 5.5000000000000009 4.5000000000000009 1.5000000000000002 6.5000000000000009 8.5000000000000018 9.5000000000000018 11.500000000000002
decision_type=2 2 2 2 2 2 2 2 2 2 2 2
left_child=1 3 -2 -1 -5 6 7 -4 10 -3 -7 -12
right_child=2 9 5 4 -6 8 -8 -9 -10 -11 11 -13
leaf_value=0.061168805125767188 0.027208483307486493 -0.059986210315889084 -0.062903107251891702 -0.059099037789119166 0.048908014007794598 -0.066307423935827725 0.047341089669324134 0.025832226234313797 0.0063387558383294082 0.0067583825651662101 -0.030028036752544739 -0.060406500968077079
leaf_weight=3.8261320851743221 0.94332095608115185 0.41887185722589482 1.0446625538170335 0.4769163131713865 0.75525312870740891 2.378301829099656 0.66400287672877301 0.18938730284571637 0.1991063430905341 0.20955929905176163 0.76673173904418923 0.482182826846838
leaf_count=12 6 6 15 7 3 33 3 2 2 2 11 7
internal_value=0 0.038091 -0.032538 0.0480344 0.00607438 -0.0426144 -0.0143994 -0.0484975 -0.0560934 -0.0387093 -0.0596426 -0.0442384
internal_weight=0 5.68673 6.6677 5.0583 1.23217 5.72438 1.89805 1.23405 3.82632 0.628431 3.62722 1.24891
internal_count=109 30 79 22 10 73 20 17 53 8 51 18
is_linear=0
shrinkage=0.0357179


Tree=1
num_leaves=19
num_cat=0
split_feature=39 38 3 47 43 49 7 46 39 7 5 47 46 3 38 49 48 4
split_gain=18.3001 6.69191 3.64467 3.78895 2.92842 2.89721 4.27099 2.21621 1.41314 2.0359 3.42088 2.10218 1.18537 0.285205 0.310872 0.273614 0.256416 0.137803
threshold=4.5000000000000009 35.000000000000007 2.5000000000000004 5.5000000000000009 4.5000000000000009 5.5000000000000009 6.5000000000000009 9.5000000000000018 8.5000000000000018 4.5000000000000009 1.0000000180025095e-35 10.500000000000002 35.000000000000007 1.0000000180025095e-35 55.000000000000007 7.5000000000000009 2.5000000000000004 5.0000000000000009
decision_type=2 2 2 2 2 2 2 2 2 2 2 2 2 2 2 2 2 2
left_child=1 5 3 -2 -3 7 -7 -1 9 10 12 -11 -4 -5 -15 -6 -9 -10
right_child=2 4 8 13 15 6 -8 16 17 11 -12 -13 -14 14 -16 -17 -18 -19
leaf_value=0.025419582720030653 0.041556239817485692 0.028920530001578199 -0.062288327968711019 -0.057219178877994097 -0.065303129849659511 0.035466894254926537 -0.06396983874942265 0.046866657095586954 -0.063177164157414409 -0.061456472600627962 0.063665324869755693 0.0060976958501517105 -0.0062003163591980845 -0.0044963591557431147 -0.04611765594232789 -0.025582707241396146 0.067606054401670473 -0.039715084415384752
leaf_weight=3.9300763010978716 1.5594497025012963 0.7347187995910639 0.75012709200382088 0.53425054252147652 1.0881469026207922 1.6095812395215028 0.76085836440324772 2.0510695353150368 2.8998075351119046 2.7537875249981885 0.62093836069107045 0.72056200355291355 1.2485112324357031 0.5929114893078804 0.3476528599858284 0.44989651441574086 3.7483049631118774 0.9381611943244933
leaf_count=5 4 1 6 3 5 5 5 3 22 21 1 4 7 3 3 3 3 5
internal_value=0 0.0277007 -0.0306914 0.0034447 -0.0278979 0.0382542 0.00263115 0.0468347 -0.0411047 -0.0298061 -0.00568055 -0.0475059 -0.0286087 -0.0367266 -0.0220301 -0.0552784 0.0608836 -0.0582253
internal_weight=0 14.3727 12.9662 3.03426 2.27276 12.0999 2.37044 9.72945 9.93189 6.09393 2.61958 3.47435 1.99864 1.47481 0.940564 1.53804 5.79937 3.83797
internal_count=109 30 79 13 9 21 10 11 66 39 14 25 13 9 6 8 6 27
is_linear=0
shrinkage=0.0357179


Tree=2
num_leaves=16
num_cat=0
split_feature=7 39 38 48 7 3 43 47 42 48 38 0 42 47 3
split_gain=13.0705 9.23027 4.14306 4.12042 6.06317 2.66752 1.95548 3.39236 1.3225 0.78139 0.596126 0.393469 0.189105 0.0928485 0.0817231
threshold=12.500000000000002 8.5000000000000018 35.000000000000007 4.5000000000000009 1.0000000180025095e-35 9.5000000000000018 8.5000000000000018 9.5000000000000018 55.000000000000007 3.5000000000000004 75.000000000000014 1.5000000000000002 95.000000000000014 10.500000000000002 5.5000000000000009
decision_type=2 2 2 2 2 2 2 2 2 2 2 2 2 2 2
left_child=1 2 3 6 -5 -6 -1 -8 10 11 -4 14 -10 -3 -2
right_child=9 13 8 4 5 -7 7 -9 12 -11 -12 -13 -14 -15 -16
leaf_value=0.065799619802098766 -0.027500898806131657 -0.058924188628685148 -0.023085094344161367 -0.064369765744327595 0.049171562102455865 -0.0037392680583967861 0.050287227741958797 -0.031127567848066924 -0.05986538762303583 -0.055183540701321067 0.016979821084421313 -0.056739255531097821 -0.022066858384272862 -0.034338918687872262 -0.010974473186891298
leaf_weight=4.3304061293602079 0.82199619710445349 1.524416767060756 0.6586236953735346 1.0703889057040212 2.8602292239665985 2.0524657219648361 2.2669211700558667 0.85537461191415776 0.56507842242717732 3.7966380566358566 1.3189906701445577 0.42981471866369236 0.41975754499435425 0.69773467630147923 1.0705734416842458
leaf_count=4 3 12 5 4 6 9 4 4 5 34 3 4 3 5 4
internal_value=0 0.0148957 0.0241996 0.0326106 0.0103176 0.0272372 0.0502415 0.0277278 -0.0137449 -0.0450268 0.00321051 -0.0273177 -0.046249 -0.0524512 -0.0189284
internal_weight=0 18.6204 16.3982 13.4358 5.98308 4.91269 7.4527 3.1223 2.96245 6.11902 1.97761 2.32238 0.984836 2.22215 1.89257
internal_count=109 64 47 31 19 15 12 8 16 45 8 11 8 17 7
is_linear=0
shrinkage=0.0357179


Tree=3
num_leaves=20
num_cat=0
split_feature=39 49 7 46 46 47 38 42 19 47 42 3 3 6 3 42 42 46 48
split_gain=9.96519 3.86132 3.65835 3.22044 5.17787 3.97467 1.76519 1.75622 1.34793 1.20781 1.11398 2.17459 0.545814 0.482864 0.219062 0.205569 0.181638 0.137687 0.0315217
threshold=4.5000000000000009 5.5000000000000009 6.5000000000000009 35.000000000000007 75.000000000000014 4.5000000000000009 35.000000000000007 55.000000000000007 1.5000000000000002 10.500000000000002 45.000000000000007 7.5000000000000009 20.000000000000004 3.5000000000000004 7.5000000000000009 95.000000000000014 10.500000000000002 135.00000000000003 6.5000000000000009
decision_type=2 2 2 2 2 2 2 2 2 2 2 2 2 2 2 2 2 2 2
left_child=1 10 -3 9 5 18 -7 -8 15 13 12 -12 14 -2 -1 -6 -15 -17 -5
right_child=3 2 -4 4 8 6 7 -9 -10 -11 11 -13 -14 16 -16 17 -18 -19 -20
leaf_value=0.048663239718044184 -0.058436472804077169 0.026473865814347075 -0.05426510918468011 -0.026860486706959785 -0.059292294057393301 0.06197094092138708 0.043105704778105818 -0.042535961746542034 0.0086351453616869776 -0.0042217057204888579 0.057340729590162891 -0.015338518642727336 0.061337460523169893 -0.013501786930353948 0.024707701559571641 -0.02042650305949837 -0.04714068753551176 -0.049694562816718468 -0.054641625013787665
leaf_weight=1.0563443601131459 3.1523175537586194 1.5712790787220003 1.2140877246856687 0.36807867884635959 1.5080379024147994 1.8621222376823428 0.6225394010543821 0.49045344442129135 0.59641974419355381 0.85944343358278263 0.87631309032440219 1.140834182500839 2.561458945274353 0.67755784839391686 1.5042873024940489 0.6974842771887777 0.32467890530824661 0.44691374897956848 0.44923530519008636
leaf_count=2 26 5 10 3 13 2 2 4 3 5 1 5 3 5 4 5 3 4 4
internal_value=0 0.0264185 -0.00903296 -0.0217728 -0.00603748 0.0221172 0.0412335 0.00488453 -0.0387864 -0.0434773 0.0402469 0.0168632 0.0490953 -0.0513542 0.0355993 -0.0495042 -0.0267412 -0.0340248 -0.0451832
internal_weight=0 9.9246 2.78537 12.0553 7.04128 3.79243 2.97512 1.11299 3.24886 5.014 7.13924 2.01715 5.12209 4.15455 2.56063 2.65244 1.00224 1.1444 0.817314
internal_count=109 30 15 79 40 15 8 6 25 39 15 6 9 34 6 22 8 9 7
is_linear=0
shrinkage=0.0357179


Tree=4
num_leaves=22
num_cat=0
split_feature=39 38 46 46 39 49 1 46 47 19 47 38 3 3 46 1 7 6 38 42 49
split_gain=8.1941 5.18402 3.33412 4.27815 2.80393 1.58221 3.52742 1.79112 1.05071 0.987169 0.932214 0.848967 0.609398 0.597451 0.449037 0.156836 0.106982 0.0731911 0.0488677 0.0346709 0.00439498
threshold=4.5000000000000009 35.000000000000007 35.000000000000007 75.000000000000014 8.5000000000000018 5.5000000000000009 4.5000000000000009 25.000000000000004 9.5000000000000018 1.5000000000000002 9.5000000000000018 45.000000000000007 50.500000000000007 3.5000000000000004 55.000000000000007 1.0000000180025095e-35 4.5000000000000009 3.5000000000000004 8.5000000000000018 125.00000000000001 8.5000000000000018
decision_type=2 2 2 2 2 2 2 2 2 2 2 2 2 2 2 2 2 2 2 2 2
left_child=1 5 8 4 11 10 7 -7 17 12 -1 -4 19 -10 -13 -3 -15 -2 -19 -5 -6
right_child=2 15 3 9 20 6 -8 -9 13 -11 -12 14 -14 16 -16 -17 -18 18 -20 -21 -22
leaf_value=0.054861191439427255 -0.056998775995929618 -0.023058500586386452 0.052631964306165055 -0.054102138383620969 -0.050886170319657038 -0.054376275227591676 0.060895190187313632 0.024585355922978745 0.011288148480203141 0.0077570096257155857 0.021786477248192132 0.03535665957879984 0.0015463724392799603 -0.050547716250745708 -0.0074804719118126842 -0.05248446999328573 -0.017925449565440326 -0.018962427086849764 -0.046180393666072489 -0.031077532635013071 -0.025630939716553787
leaf_weight=4.0106364637613314 2.7526799663901316 0.66104598343372234 1.77624710649252 1.7276763916015636 0.31520970165729512 0.89722522348165534 0.98033976554870594 0.54186666011810303 0.58557879924774148 0.55202982574701298 1.6886343508958814 0.51022531092166878 0.31752300262451161 0.31492562592029572 0.63309232890605927 0.66179360449314117 0.41770759969949722 0.36641747504472721 0.31092485785484314 0.48186397552490223 0.33775308728218079
leaf_count=6 24 3 3 16 3 7 1 2 3 3 5 2 2 3 4 6 3 3 3 4 3
internal_value=0 0.0245239 -0.0203336 -0.00386983 0.0225096 0.0352314 0.0105359 -0.0246728 -0.0429977 -0.0344057 0.0454444 0.0374798 -0.0436869 -0.0147134 0.0122351 -0.0396465 -0.0351074 -0.0533413 -0.0346169 -0.0501738 -0.04152
internal_weight=0 9.44154 11.3999 6.65162 3.57253 8.1187 2.41943 1.43909 4.74823 3.07909 5.69927 2.91956 2.52706 1.31821 1.14332 1.32284 0.732633 3.43002 0.677342 2.20954 0.652963
internal_count=109 30 79 40 15 21 10 9 39 25 11 9 22 9 6 9 6 30 6 20 6
is_linear=0
shrinkage=0.0357179


Tree=5
num_leaves=22
num_cat=0
split_feature=39 42 46 38 49 1 1 46 6 3 38 3 38 47 42 47 48 39 3 1 7
split_gain=8.22066 3.00111 2.42412 3.51642 1.67232 3.14832 1.0715 1.04153 0.836467 0.575874 1.03776 1.58997 0.565244 0.519771 0.676259 0.510219 0.449847 0.254251 0.252335 0.0816201 0.0540238
threshold=4.5000000000000009 75.000000000000014 35.000000000000007 35.000000000000007 5.5000000000000009 4.5000000000000009 1.0000000180025095e-35 85.000000000000014 2.5000000000000004 20.000000000000004 1.5000000000000002 7.5000000000000009 9.5000000000000018 4.5000000000000009 55.000000000000007 9.5000000000000018 4.5000000000000009 11.500000000000002 50.500000000000007 1.5000000000000002 2.5000000000000004
decision_type=2 2 2 2 2 2 2 2 2 2 2 2 2 2 2 2 2 2 2 2 2
left_child=1 4 8 16 9 12 -3 13 17 10 -1 -12 -6 -5 -15 19 -4 -2 20 -10 -9
right_child=2 6 3 7 5 -7 -8 18 15 -11 11 -13 -14 14 -16 -17 -18 -19 -20 -21 -22
leaf_value=0.055939101709349563 -0.055142760427305565 0.015620374905651291 0.053618932541355593 -0.033565549671694846 -0.053001519179882224 0.056349111556344006 -0.055479412128833297 -0.027096214181152732 -0.017521565083095172 0.057353523709512508 0.045497885312051622 -0.015211042719413198 -0.0024605953616450224 0.035182865809931664 -0.012652511091837782 0.0041261871814672613 0.017428470897916708 -0.01421298737474447 -0.006802026619025678 -0.046976870523936655 -0.050902045657849879
leaf_weight=1.3886343240737935 2.6978382840752588 0.38790886849164941 0.72942608594894442 0.56272923946380649 0.65669967234134652 0.80723088979721058 0.6646098867058754 0.46399592608213458 0.3569362014532087 2.282054603099823 1.0500442385673525 1.0359117388725279 0.49489911645650864 0.53487133979797341 0.96102398633956909 0.70283301919698715 1.2787641212344167 0.28280892223119725 0.27587046474218357 0.43979461491107941 1.4342305287718771
leaf_count=2 26 2 1 5 6 1 6 4 3 3 2 5 3 2 7 4 5 2 2 4 14
internal_value=0 0.0255552 -0.0209261 -0.00635902 0.0332898 0.00444153 -0.0296122 -0.0247714 -0.0407988 0.0429093 0.032517 0.0156479 -0.0327265 -0.00608763 0.00498693 -0.0177534 0.0319024 -0.051713 -0.0416898 -0.0362897 -0.0462501
internal_weight=0 8.76799 10.7211 6.24091 7.71547 1.95883 1.05252 4.23272 4.48021 5.75664 3.47459 2.08596 1.1516 2.05862 1.4959 1.49956 2.00819 2.98065 2.1741 0.796731 1.89823
internal_count=109 30 79 40 22 10 8 34 39 12 9 7 9 14 9 11 6 28 20 7 18
is_linear=0
shrinkage=0.0357179


end of trees

feature_importances:
f_courseout=13
result_3=12
ninki_1=11
ninki_3=11
ninki_2=10
result_1=9
umaban=8
mf_courseout=7
f_course2=6
waku=6
result_2=4
mf_course3=3
mf_classout=3
f_course1=1
mf_course1=1
mf_course2=1

parameters:
[boosting: gbdt]
[objective: lambdarank]
[metric: ndcg]
[tree_learner: serial]
[device_type: cpu]
[data_sample_strategy: bagging]
[data: ]
[valid: ]
[num_iterations: 157]
[learning_rate: 0.0357179]
[num_leaves: 37]
[num_threads: 16]
[seed: 0]
[deterministic: 0]
[force_col_wise: 1]
[force_row_wise: 0]
[histogram_pool_size: -1]
[max_depth: 6]
[min_data_in_leaf: 3]
[min_sum_hessian_in_leaf: 0.001]
[bagging_fraction: 1]
[pos_bagging_fraction: 1]
[neg_bagging_fraction: 1]
[bagging_freq: 0]
[bagging_seed: 7719]
[feature_fraction: 1]
[feature_fraction_bynode: 1]
[feature_fraction_seed: 2437]
[extra_trees: 0]
[extra_seed: 11797]
[early_stopping_round: 0]
[first_metric_only: 0]
[max_delta_step: 0]
[lambda_l1: 0.007632]
[lambda_l2: 0.0611958]
[linear_lambda: 0]
[min_gain_to_split: 0]
[drop_rate: 0.1]
[max_drop: 50]
[skip_drop: 0.5]
[xgboost_dart_mode: 0]
[uniform_drop: 0]
[drop_seed: 21238]
[top_rate: 0.2]
[other_rate: 0.1]
[min_data_per_group: 100]
[max_cat_threshold: 32]
[cat_l2: 10]
[cat_smooth: 10]
[max_cat_to_onehot: 4]
[top_k: 20]
[monotone_constraints: ]
[monotone_constraints_method: basic]
[monotone_penalty: 0]
[feature_contri: ]
[forcedsplits_filename: ]
[refit_decay_rate: 0.9]
[cegb_tradeoff: 1]
[cegb_penalty_split: 0]
[cegb_penalty_feature_lazy: ]
[cegb_penalty_feature_coupled: ]
[path_smooth: 0]
[interaction_constraints: ]
[verbosity: -1]
[saved_feature_importance_type: 0]
[use_quantized_grad: 0]
[num_grad_quant_bins: 4]
[quant_train_renew_leaf: 0]
[stochastic_rounding: 1]
[linear_tree: 0]
[max_bin: 255]
[max_bin_by_feature: ]
[min_data_in_bin: 3]
[bin_construct_sample_cnt: 200000]
[data_random_seed: 38]
[is_enable_sparse: 1]
[enable_bundle: 1]
[use_missing: 1]
[zero_as_missing: 0]
[feature_pre_filter: 1]
[pre_partition: 0]
[two_round: 0]
[header: 0]
[label_column: ]
[weight_column: ]
[group_column: ]
[ignore_column: ]
[categorical_feature: ]
[forcedbins_filename: ]
[precise_float_parser: 0]
[parser_config_file: ]
[objective_seed: 8855]
[num_class: 1]
[is_unbalance: 0]
[scale_pos_weight: 1]
[sigmoid: 1]
[boost_from_average: 1]
[reg_sqrt: 0]
[alpha: 0.9]
[fair_c: 1]
[poisson_max_delta_step: 0.7]
[tweedie_variance_power: 1.5]
[lambdarank_truncation_level: 30]
[lambdarank_norm: 1]
[label_gain: ]
[lambdarank_position_bias_regularization: 0]
[eval_at: 1,3,5]
[multi_error_top_k: 1]
[auc_mu_weights: ]
[num_machines: 1]
[local_listen_port: 12400]
[time_out: 120]
[machine_list_filename: ]
[machines: ]
[gpu_platform_id: -1]
[gpu_device_id: -1]
[gpu_use_dp: 0]
[num_gpu: 1]

end of parameters

pandas_categorical:[]
