tree
version=v4
num_class=1
num_tree_per_iteration=1
label_index=0
max_feature_idx=50
objective=lambdarank
feature_names=f_course1 f_course2 f_course3 f_courseout mf_course1 mf_course2 mf_course3 mf_courseout f_mf_course1 f_mf_course2 f_mf_course3 f_mf_courseout f_len1 f_len2 f_len3 f_lenout mf_len1 mf_len2 mf_len3 mf_classout f_mf_len1 f_mf_len2 f_mf_len3 f_mf_classout f_class1 f_class2 f_class3 f_classout mf_class1 mf_class2 mf_class3 mf_classout.1 f_mf_class1 f_mf_class2 f_mf_class3 f_mf_classout.1 time_df_course1 time_df_class1 ninki_1 result_1 time_df_course2 time_df_class2 ninki_2 result_2 time_df_course3 time_df_class3 ninki_3 result_3 waku umaban self_popularity
feature_infos=[0:10] [0:9] [0:15] [0:94] [0:12] [0:15] [0:8] [0:113] [0:1] [0:1] [0:1] [0:6] [0:1] [0:1] [0:1] [0:3] none [0:1] [0:1] [0:3] none [0:1] [0:1] [0:1] [0:1] [0:1] [0:1] [0:2] none [0:1] [0:1] [0:3] none [0:1] [0:1] [0:1] none none [-1:130] [-1:40] none none [1:150] [-1:100] none none [1:160] [1:90] [1:8] [1:14] [1:14]
tree_sizes=1150 1485 1300 1569 1786 1372 1410

Tree=0
num_leaves=11
num_cat=0
split_feature=42 48 43 42 3 49 39 43 7 3
split_gain=4.11689 3.39157 1.85249 1.65483 0.772172 0.710882 0.388424 0.216816 0.0674931 0.0605577
threshold=5.0000000000000009 3.5000000000000004 7.5000000000000009 115.00000000000001 88.500000000000014 1.5000000000000002 7.5000000000000009 14.500000000000002 3.5000000000000004 3.5000000000000004
decision_type=2 2 2 2 2 2 2 2 2 2
left_child=6 2 5 4 7 -2 -1 -3 -5 -4
right_child=1 3 9 8 -6 -7 -8 -9 -10 -11
leaf_value=0.025529433812586835 0 -0.023341723624474533 0 0.0063842003259244667 0 0.020875906684292705 0 0 0 -0.0099293721774749259
leaf_weight=1.7922155931591999 0.17044537886977096 3.9479118809103966 0.23036439716815937 0.53557307273149479 0.13585703074932087 2.0453845784068108 0.50778175890445698 0.1918063350021838 0.30785821191966534 0.61617179773747921
leaf_count=4 3 63 2 2 1 9 5 3 6 11
internal_value=0 -0.00598884 0.00574732 -0.0158935 -0.0206888 0.0172695 0.0212887 -0.0224189 0 -0.00697571
internal_weight=0 8.18137 3.06237 5.11901 4.27558 2.21583 2.3 4.13972 0.843431 0.846536
internal_count=109 100 25 75 67 12 9 66 8 13
is_linear=0
shrinkage=0.0180202


Tree=1
num_leaves=14
num_cat=0
split_feature=42 1 48 46 46 48 43 2 3 4 48 48 49
split_gain=12.6825 17.6426 13.6297 5.06487 7.54163 1.90027 1.84238 1.95394 1.04405 1.04299 1.86104 0.0238292 0.166829
threshold=5.0000000000000009 1.0000000180025095e-35 6.5000000000000009 75.000000000000014 9.5000000000000018 1.5000000000000002 6.5000000000000009 2.5000000000000004 88.500000000000014 1.0000000180025095e-35 2.5000000000000004 3.5000000000000004 8.5000000000000018
decision_type=2 2 2 2 2 2 2 2 2 2 2 2 2
left_child=6 2 3 4 -2 -3 7 -1 -7 -5 -11 -12 -13
right_child=1 5 -4 9 -6 8 -8 -9 -10 10 11 12 -14
leaf_value=-0.016112691000467857 0.022859101854384785 0 -0.02786477446996545 0.030274432443859942 -0.022885803963705726 -0.028735491634904266 0.027285586382173488 0.020832280296025081 0 0.020570813913602333 0 -0.010247481349847333 0
leaf_weight=0.74866718053817627 2.2819598317146319 0.61897514760494132 2.9622995853424063 4.7736950516700745 2.39481021463871 8.6495360210537875 5.1435305029153824 1.010714054107666 0.46458919346332628 1.7971565872430804 0.39372390508651711 0.58818624913692474 0.27751702070236206
leaf_count=3 3 2 18 4 13 50 5 1 2 2 1 4 1
internal_value=0 -0.00592772 0.00525241 0.0142805 0 -0.0252114 0.0216371 0 -0.0273214 0.0231449 0.00716769 -0.000252659 -0.0030015
internal_weight=0 25.2024 15.4693 12.507 4.67677 9.7331 6.90291 1.75938 9.11413 7.83028 3.05658 1.25943 0.865703
internal_count=109 100 46 28 16 54 9 4 52 12 8 6 5
is_linear=0
shrinkage=0.0180202


Tree=2
num_leaves=12
num_cat=0
split_feature=39 48 1 4 3 38 0 3 48 3 49
split_gain=10.3721 12.9507 9.4928 5.9927 5.27525 4.24518 3.42908 3.10152 2.06293 2.03204 0.461282
threshold=1.5000000000000002 6.5000000000000009 2.5000000000000004 1.0000000180025095e-35 1.5000000000000002 15.500000000000002 3.5000000000000004 9.5000000000000018 1.5000000000000002 23.500000000000004 8.5000000000000018
decision_type=2 2 2 2 2 2 2 2 2 2 2
left_child=7 2 3 5 -5 9 10 -1 -7 -2 -6
right_child=1 -3 -4 4 6 8 -8 -9 -10 -11 -12
leaf_value=0 -0.02088349219778839 -0.031355835136504931 -0.028709491672795146 0.022076231610632033 -0.024694851568794449 0 0.0035171578167686908 0.02786545403407693 0.026196570552018534 0.013998645495609974 0
leaf_weight=0.42026168107986706 1.1873963177204183 4.8821847736835471 2.7889534756541243 1.5429908037185658 3.7879881858825684 0.28172418475151051 1.227781295776367 4.8417689502239227 6.8325660452246666 0.71772027015686024 0.36016105860471714
leaf_count=3 7 32 19 2 22 2 4 5 10 1 2
internal_value=0 -0.00509951 0.000959692 0.00708111 -0.00386334 0.0171129 -0.0140608 0.022873 0.0237689 0 -0.0228215
internal_weight=0 23.6095 18.7273 15.9383 6.91892 9.01941 5.37593 5.26203 7.11429 1.90512 4.14815
internal_count=109 101 69 50 30 20 28 8 12 8 24
is_linear=0
shrinkage=0.0180202


Tree=3
num_leaves=15
num_cat=0
split_feature=42 1 48 46 46 3 48 43 49 48 49 50 3 43
split_gain=8.82353 10.8867 8.92428 2.9425 4.64179 1.90073 1.10564 1.0022 0.74552 0.587283 2.84171 0.49584 0.405607 0.0458029
threshold=5.0000000000000009 1.0000000180025095e-35 6.5000000000000009 75.000000000000014 9.5000000000000018 88.500000000000014 1.5000000000000002 6.5000000000000009 1.5000000000000002 3.5000000000000004 8.5000000000000018 2.5000000000000004 23.500000000000004 5.5000000000000009
decision_type=2 2 2 2 2 2 2 2 2 2 2 2 2 2
left_child=7 2 3 4 -2 6 -3 12 -5 -10 -11 -4 -1 -6
right_child=1 5 11 8 13 -7 -8 -9 9 10 -12 -13 -14 -15
leaf_value=-0.0050361985737784254 0.020163278403679673 0 0 0 0 0 -0.025831330051343391 0.025245426303767055 0.028435171526724635 -0.014246467345635691 0.022320765999779418 -0.027163264044906571 0.013000513018117743 -0.020847348638362205
leaf_weight=0.49978233873844391 1.9961895197629944 0.48868839442729761 0.39353287220001165 0.13166677951812733 0.3820699900388721 0.60923694074153889 7.2661933153867722 4.1042534410953522 3.7100499868392944 0.73032958060503017 1.6771843135356903 2.191152811050415 0.70181530714035034 1.6309019699692724
leaf_count=3 3 2 2 1 2 2 50 5 4 5 2 16 1 11
internal_value=0 -0.00520017 0.00427852 0.0127798 0 -0.0215175 -0.0240611 0.0207785 0.0205162 0.0216687 0.00509544 -0.0237351 0 -0.0185696
internal_weight=0 21.2072 12.8431 10.2584 4.00916 8.36412 7.75488 5.30585 6.24923 6.11756 2.40751 2.58469 1.2016 2.01297
internal_count=109 100 46 28 16 54 52 9 12 11 7 18 4 13
is_linear=0
shrinkage=0.0180202


Tree=4
num_leaves=17
num_cat=0
split_feature=42 48 1 48 49 48 47 49 43 48 39 3 39 43 39 42
split_gain=7.3004 9.18641 8.63047 2.37977 1.93927 2.75281 1.54876 1.10649 0.626274 0.576695 0.312898 0.275572 0.205735 0.174581 0.121594 0.0810035
threshold=5.0000000000000009 6.5000000000000009 1.0000000180025095e-35 1.5000000000000002 3.5000000000000004 5.5000000000000009 10.500000000000002 7.5000000000000009 6.5000000000000009 3.5000000000000004 7.5000000000000009 23.500000000000004 5.5000000000000009 9.5000000000000018 8.5000000000000018 125.00000000000001
decision_type=2 2 2 2 2 2 2 2 2 2 2 2 2 2 2 2
left_child=8 2 3 -2 10 9 7 -4 11 -6 -5 -1 -8 -14 -12 -7
right_child=1 -3 6 4 5 15 12 -9 -10 -11 14 -13 13 -15 -16 -17
leaf_value=-0.0015621704290628847 -0.0079473432327327627 -0.027545674723777711 -0.027183218629182233 0.029079522892979093 0 0 -0.0098945029366710978 0 0.023080109708205322 -0.018454890799671442 0 0.011459697887893772 0.0093249650043705345 0 0.0066413457189906369 0.022389885736950822
leaf_weight=0.45019263029098755 0.75846064835787075 4.5454940572381011 3.0286246538162227 3.3894479870796186 0.31693232059478793 0.833319552242756 0.62925647944211949 0.92744972556829441 3.9328022450208664 1.2356967106461523 0.38222777843475331 0.67084556818008423 0.70720613002777077 0.58331453800201416 1.3086428940296171 1.3767666816711426
leaf_count=3 5 34 23 3 1 4 5 5 5 9 2 1 2 3 3 1
internal_value=0 -0.00488515 0.000818666 0.0122265 0.0156282 0.00119435 -0.0153073 -0.0217948 0.0193483 -0.0122764 0.0234074 0 0 0.00196507 0.00329052 0.0173373
internal_weight=0 20.0228 15.4773 9.60149 8.84303 3.76272 5.87585 3.95607 5.05384 1.55263 5.08032 1.12104 1.91978 1.29052 1.69087 2.21009
internal_count=109 100 66 28 23 15 38 28 9 10 8 4 10 5 5 5
is_linear=0
shrinkage=0.0180202


Tree=5
num_leaves=13
num_cat=0
split_feature=39 48 1 43 46 3 4 6 48 3 38 4
split_gain=6.66522 8.99234 6.4156 4.38345 3.6962 2.31765 1.79204 1.61277 0.836737 0.376106 0.313349 0.0137236
threshold=1.5000000000000002 6.5000000000000009 2.5000000000000004 7.5000000000000009 105.00000000000001 9.5000000000000018 1.0000000180025095e-35 6.5000000000000009 5.5000000000000009 3.5000000000000004 75.000000000000014 2.5000000000000004
decision_type=2 2 2 2 2 2 2 2 2 2 2 2
left_child=5 2 3 6 7 -1 -2 9 -6 -5 11 -8
right_child=1 -3 -4 4 8 -7 10 -9 -10 -11 -12 -13
leaf_value=0 0.022760044447235131 -0.028558384079513641 -0.025590375277115416 0 0 0.025027439354436316 0 0 0.021131473550043949 -0.02411354672170837 0.0089351172455218609 -0.0026000181682111654
leaf_weight=0.37625433504581707 4.862603962421419 4.0520649328827849 2.3196757957339278 0.59383203089237291 0.78563082963228237 4.0208145529031754 0.37171640992164634 0.33109793066978443 1.3094062805175781 2.7338695302605629 1.2458201795816419 0.97053975611925125
leaf_count=3 10 32 19 3 4 5 2 1 1 20 3 6
internal_value=0 -0.00450363 0.000826823 0.00658945 -0.00319493 0.0200431 0.0161261 -0.0160669 0.0122353 -0.0210021 0 -0.00125548
internal_weight=0 19.5763 15.5242 13.2045 5.75384 4.39707 7.45068 3.6588 2.09504 3.3277 2.58808 1.34226
internal_count=109 101 69 50 29 8 21 24 5 23 11 8
is_linear=0
shrinkage=0.0180202


Tree=6
num_leaves=13
num_cat=0
split_feature=42 1 48 46 46 1 47 47 50 0 48 49
split_gain=5.60206 7.46516 6.51505 2.16324 3.04271 1.93526 1.50215 0.796225 0.168845 0.158621 0.151428 2.07892
threshold=5.0000000000000009 1.0000000180025095e-35 6.5000000000000009 75.000000000000014 9.5000000000000018 1.0000000180025095e-35 10.500000000000002 11.500000000000002 2.5000000000000004 1.0000000180025095e-35 3.5000000000000004 8.5000000000000018
decision_type=2 2 2 2 2 2 2 2 2 2 2 2
left_child=5 2 3 4 -2 -1 -3 9 -4 -8 -5 -12
right_child=1 6 8 10 -6 -7 7 -9 -10 -11 11 -13
leaf_value=0 0.017705461801354936 -0.024904824089738958 0 0.024193300305460609 -0.015888156185520107 0.022269680976894697 0 -0.016349519866649204 -0.024245793007649549 0.0088573508356813019 -0.011553150666618758 0.020020545393344701
leaf_weight=0.46217139065265911 1.7058191448450108 5.0397330075502387 0.3313277661800379 3.3009127229452133 1.7908996045589445 4.1940345168113708 0.52282601594924949 0.94218759983777989 1.8879909291863439 0.73248282074928284 0.67901571840047847 1.5271457135677338
leaf_count=3 3 41 2 5 13 6 3 8 16 2 5 2
internal_value=0 -0.00445556 0.00367031 0.0115937 0 0.0176587 -0.0190944 0 -0.021806 0.00220719 0.0186342 0.00361238
internal_weight=0 18.4603 11.2231 9.00379 3.49672 4.65621 7.23723 2.1975 2.21932 1.25531 5.50707 2.20616
internal_count=109 100 46 28 16 9 54 13 18 5 12 7
is_linear=0
shrinkage=0.0180202


end of trees

feature_importances:
waku=18
f_courseout=11
result_2=8
umaban=8
f_course2=7
ninki_2=7
ninki_3=7
result_1=6
mf_course1=4
result_3=3
f_course1=2
ninki_1=2
self_popularity=2
f_course3=1
mf_course3=1
mf_courseout=1

parameters:
[boosting: gbdt]
[objective: lambdarank]
[metric: ndcg]
[tree_learner: serial]
[device_type: cpu]
[data_sample_strategy: bagging]
[data: ]
[valid: ]
[num_iterations: 84]
[learning_rate: 0.0180202]
[num_leaves: 29]
[num_threads: 16]
[seed: 0]
[deterministic: 0]
[force_col_wise: 1]
[force_row_wise: 0]
[histogram_pool_size: -1]
[max_depth: 9]
[min_data_in_leaf: 2]
[min_sum_hessian_in_leaf: 0.001]
[bagging_fraction: 1]
[pos_bagging_fraction: 1]
[neg_bagging_fraction: 1]
[bagging_freq: 0]
[bagging_seed: 7719]
[feature_fraction: 1]
[feature_fraction_bynode: 1]
[feature_fraction_seed: 2437]
[extra_trees: 0]
[extra_seed: 11797]
[early_stopping_round: 0]
[first_metric_only: 0]
[max_delta_step: 0]
[lambda_l1: 0.819664]
[lambda_l2: 0.00215847]
[linear_lambda: 0]
[min_gain_to_split: 0]
[drop_rate: 0.1]
[max_drop: 50]
[skip_drop: 0.5]
[xgboost_dart_mode: 0]
[uniform_drop: 0]
[drop_seed: 21238]
[top_rate: 0.2]
[other_rate: 0.1]
[min_data_per_group: 100]
[max_cat_threshold: 32]
[cat_l2: 10]
[cat_smooth: 10]
[max_cat_to_onehot: 4]
[top_k: 20]
[monotone_constraints: ]
[monotone_constraints_method: basic]
[monotone_penalty: 0]
[feature_contri: ]
[forcedsplits_filename: ]
[refit_decay_rate: 0.9]
[cegb_tradeoff: 1]
[cegb_penalty_split: 0]
[cegb_penalty_feature_lazy: ]
[cegb_penalty_feature_coupled: ]
[path_smooth: 0]
[interaction_constraints: ]
[verbosity: -1]
[saved_feature_importance_type: 0]
[use_quantized_grad: 0]
[num_grad_quant_bins: 4]
[quant_train_renew_leaf: 0]
[stochastic_rounding: 1]
[linear_tree: 0]
[max_bin: 255]
[max_bin_by_feature: ]
[min_data_in_bin: 3]
[bin_construct_sample_cnt: 200000]
[data_random_seed: 38]
[is_enable_sparse: 1]
[enable_bundle: 1]
[use_missing: 1]
[zero_as_missing: 0]
[feature_pre_filter: 1]
[pre_partition: 0]
[two_round: 0]
[header: 0]
[label_column: ]
[weight_column: ]
[group_column: ]
[ignore_column: ]
[categorical_feature: ]
[forcedbins_filename: ]
[precise_float_parser: 0]
[parser_config_file: ]
[objective_seed: 8855]
[num_class: 1]
[is_unbalance: 0]
[scale_pos_weight: 1]
[sigmoid: 1]
[boost_from_average: 1]
[reg_sqrt: 0]
[alpha: 0.9]
[fair_c: 1]
[poisson_max_delta_step: 0.7]
[tweedie_variance_power: 1.5]
[lambdarank_truncation_level: 30]
[lambdarank_norm: 1]
[label_gain: ]
[lambdarank_position_bias_regularization: 0]
[eval_at: 1,3,5]
[multi_error_top_k: 1]
[auc_mu_weights: ]
[num_machines: 1]
[local_listen_port: 12400]
[time_out: 120]
[machine_list_filename: ]
[machines: ]
[gpu_platform_id: -1]
[gpu_device_id: -1]
[gpu_use_dp: 0]
[num_gpu: 1]

end of parameters

pandas_categorical:[]
