tree
version=v4
num_class=1
num_tree_per_iteration=1
label_index=0
max_feature_idx=49
objective=lambdarank
feature_names=f_course1 f_course2 f_course3 f_courseout mf_course1 mf_course2 mf_course3 mf_courseout f_mf_course1 f_mf_course2 f_mf_course3 f_mf_courseout f_len1 f_len2 f_len3 f_lenout mf_len1 mf_len2 mf_len3 mf_classout f_mf_len1 f_mf_len2 f_mf_len3 f_mf_classout f_class1 f_class2 f_class3 f_classout mf_class1 mf_class2 mf_class3 mf_classout.1 f_mf_class1 f_mf_class2 f_mf_class3 f_mf_classout.1 time_df_course1 time_df_class1 ninki_1 result_1 time_df_course2 time_df_class2 ninki_2 result_2 time_df_course3 time_df_class3 ninki_3 result_3 waku umaban
feature_infos=[0:51] [0:38] [0:38] [0:328] [0:43] [0:37] [0:30] [0:300] [0:11] [0:8] [0:7] [0:46] [0:35] [0:23] [0:14] [0:212] [0:16] [0:15] [0:13] [0:127] [0:7] [0:5] [0:5] [0:23] [0:12] [0:8] [0:5] [0:71] [0:5] [0:5] [0:6] [0:49] [0:2] [0:2] [0:3] [0:9] [-1:0] [-1:0] [-1:180] [-1:110] [-1:0] [-1:0] [-1:180] [-1:180] [-1:0] [-1:0] [-1:180] [-1:180] [1:8] [1:18]
tree_sizes=5010 4947 5134 4726 3994 3476 4638 3159 4417 4211 4425 3356 4001 2442 4449 3466 4848

Tree=0
num_leaves=47
num_cat=0
split_feature=43 47 39 38 23 12 43 46 27 15 49 42 39 39 40 15 9 38 42 49 43 42 42 38 11 16 3 6 16 39 35 7 7 47 14 19 24 1 30 1 2 13 39 47 12 49
split_gain=139.639 48.9235 22.4895 21.8195 18.3859 12.399 12.0971 13.2511 11.6144 11.2187 10.5219 9.88559 14.2009 9.60399 9.54178 9.4834 7.96922 7.83318 8.08668 7.59359 7.58692 6.95176 6.907 7.1051 6.86171 6.74089 6.08283 5.66987 5.52181 5.28814 5.16041 4.95133 4.73346 7.7889 5.91464 4.30999 3.53521 6.16207 3.43863 3.04479 3.04359 4.05661 2.2004 2.134 1.34728 0.910617
threshold=6.5000000000000009 9.5000000000000018 5.5000000000000009 19.000000000000004 4.5000000000000009 1.5000000000000002 9.5000000000000018 8.5000000000000018 7.5000000000000009 5.5000000000000009 8.5000000000000018 95.000000000000014 2.5000000000000004 14.500000000000002 -1.0000000180025095e-35 3.5000000000000004 1.0000000180025095e-35 9.5000000000000018 5.5000000000000009 12.500000000000002 3.5000000000000004 13.500000000000002 8.5000000000000018 6.5000000000000009 1.5000000000000002 3.5000000000000004 25.500000000000004 4.5000000000000009 1.0000000180025095e-35 11.500000000000002 1.5000000000000002 3.5000000000000004 4.5000000000000009 1.5000000000000002 2.5000000000000004 33.500000000000007 1.0000000180025095e-35 8.5000000000000018 1.0000000180025095e-35 7.5000000000000009 1.0000000180025095e-35 1.5000000000000002 8.5000000000000018 1.5000000000000002 1.0000000180025095e-35 8.5000000000000018
decision_type=2 2 2 2 2 2 2 2 2 2 2 2 2 2 2 2 2 2 2 2 2 2 2 2 2 2 2 2 2 2 2 2 2 2 2 2 2 2 2 2 2 2 2 2 2 2
left_child=2 3 17 5 6 22 10 9 11 -8 13 15 -13 -3 29 -5 -9 18 36 25 40 -21 38 -24 28 -7 -12 31 -10 42 32 -22 34 -34 -16 -6 43 -38 -2 -26 45 -42 -4 -1 -20 -19
right_child=1 4 14 8 35 19 7 16 24 -11 26 12 -14 -15 30 -17 -18 20 44 21 27 -23 23 -25 39 -27 -28 -29 -30 -31 -32 -33 33 -35 -36 -37 37 -39 -40 -41 41 -43 -44 -45 -46 -47
leaf_value=0.12640372430651503 -0.012325322203552848 -0.25117320570209134 -0.1514395619515907 0.15532750517039853 0.25259052885333805 -0.0017562140985373676 0.073073547554649954 -0.24025545185400463 0.13131666549228743 -0.22128813814162568 0.12117115313175175 0.2018220485676859 -0.18498501470873754 0.12300926003399813 0.04897443038802643 -0.033093264600149809 -0.066993278734772968 0.22863649840999689 -0.040442414025925473 0.016101752235978688 -0.043449128177229297 0.29844091952742996 -0.27510280174121676 -0.11022848126166676 0.3100768020039521 -0.29252774028756345 -0.11569660855323236 -0.1037324332455215 -0.13662721271572381 -0.35889091685102681 0.18910303061593603 0.18938790826904334 0.15046695521592088 -0.030302983790409539 0.23556692717320715 -0.0075324491813946242 -0.15194042360054233 0.15497902816901388 -0.21620519782428599 0.15222967048513958 0.10552919703607959 0.23401085158743604 0.053825847280615839 0.23732767004786023 -0.23460642085929481 0.29473059361186044
leaf_weight=29.444459393620491 20.510383456945423 11.478696424514057 3.4958674907684308 18.206118959933519 3.7317869104444963 17.73554897680879 10.166090659797193 84.163396127521992 7.9984088018536585 7.3188961632549754 10.111152842640875 3.9906561784446266 14.229402724653481 2.8011414706706992 18.806549172848467 16.981809787452221 9.7651302888989431 12.651132576167585 2.7470118440687648 6.6620306745171529 3.806400425732142 5.0350256338715553 12.709381714463232 26.692447692155838 7.868859343230727 3.0682350844144812 5.4989845827221862 3.7900027036666861 3.6893212422728539 2.4971263147890568 9.0283314175903779 14.18984082713723 9.9906864203512651 36.353962086141109 7.9526435919105998 4.7598743811249733 3.8456816934049112 4.8603938445448875 3.1284357793629161 8.3224288374185544 13.049857549369333 21.430401887744665 3.359478272497654 7.1083268709480754 2.0571731440722942 16.024884279817343
leaf_count=204 211 170 43 123 16 176 83 1195 59 108 71 20 197 19 173 192 107 64 32 66 48 16 198 326 24 48 70 49 51 41 53 92 68 419 43 46 52 31 51 56 104 111 27 36 35 58
internal_value=0 -0.0759052 0.109462 -0.0112787 -0.152187 -0.0700573 -0.167769 -0.195263 0.057805 -0.0501957 -0.0652422 0.00824689 -0.100178 -0.177718 0.0400057 0.0644088 -0.222255 0.156519 0.0995509 0.0209542 0.190073 0.137831 -0.116977 -0.163482 0.152693 -0.0447917 0.0376926 0.0976671 0.0466686 -0.133505 0.0597822 0.140133 0.0437804 0.00869037 0.104515 0.106951 0.123311 0.0193603 -0.0394104 0.229125 0.221922 0.185443 -0.0509002 0.14805 -0.123997 0.265685
internal_weight=0 326.624 226.49 176.828 149.795 95.5415 141.303 111.414 81.287 17.485 29.89 53.408 18.2201 14.2798 91.4846 35.1879 93.9285 135.006 50.063 32.5008 84.9425 11.6971 63.0406 39.4018 27.879 20.8038 15.6101 21.7862 11.6877 9.35247 82.1322 17.9962 73.1038 46.3446 26.7592 8.49166 45.2589 8.70608 23.6388 16.1913 63.1563 34.4803 6.85535 36.5528 4.80418 28.676
internal_count=5482 3699 1783 1814 1885 1092 1823 1493 722 191 330 532 217 189 867 315 1302 916 390 306 526 82 786 524 190 224 141 189 110 111 756 140 703 487 216 62 323 83 262 80 337 215 70 240 67 122
is_linear=0
shrinkage=0.181418


Tree=1
num_leaves=46
num_cat=0
split_feature=43 38 46 14 39 48 47 39 5 15 31 38 47 39 46 4 39 42 43 38 38 0 47 27 3 6 38 31 4 16 19 7 13 24 7 6 46 29 28 27 31 46 29 47 46
split_gain=52.0946 33.0701 31.4642 24.2845 19.3622 15.2196 13.6028 16.656 16.1779 15.2132 12.5503 12.6897 12.3555 12.0423 11.0583 9.78832 9.47309 9.00415 8.78974 7.64658 14.3842 12.0463 9.28543 7.14064 7.01152 6.89957 6.72066 6.39014 6.19432 13.7028 5.87676 12.3456 9.38257 8.15648 7.58079 5.81941 5.0188 3.56897 5.80705 3.37959 3.31625 2.30865 1.58668 1.25835 1.21317
threshold=6.5000000000000009 12.500000000000002 125.00000000000001 3.5000000000000004 16.500000000000004 4.5000000000000009 5.5000000000000009 5.5000000000000009 8.5000000000000018 3.5000000000000004 23.500000000000004 11.500000000000002 1.0000000180025095e-35 7.5000000000000009 11.500000000000002 2.5000000000000004 3.5000000000000004 19.000000000000004 8.5000000000000018 35.000000000000007 19.000000000000004 6.5000000000000009 8.5000000000000018 3.5000000000000004 36.500000000000007 10.500000000000002 65.000000000000014 5.5000000000000009 13.000000000000002 1.0000000180025095e-35 3.5000000000000004 11.500000000000002 1.0000000180025095e-35 1.0000000180025095e-35 1.0000000180025095e-35 6.5000000000000009 6.5000000000000009 1.0000000180025095e-35 1.0000000180025095e-35 1.5000000000000002 1.5000000000000002 55.000000000000007 1.0000000180025095e-35 19.000000000000004 145.00000000000003
decision_type=2 2 2 2 2 2 2 2 2 2 2 2 2 2 2 2 2 2 2 2 2 2 2 2 2 2 2 2 2 2 2 2 2 2 2 2 2 2 2 2 2 2 2 2 2
left_child=5 6 3 4 13 10 12 37 9 -9 11 28 -2 -3 -10 26 30 24 -5 20 35 22 -21 -20 -14 42 -13 -17 29 -1 32 -32 34 -33 -7 -18 -34 40 -39 -22 -8 -23 44 -6 -4
right_child=1 2 25 18 43 16 7 8 14 -11 -12 15 17 -15 -16 27 19 -19 23 21 39 41 -24 -25 -26 -27 -28 -29 -30 -31 31 33 36 -35 -36 -37 -38 38 -40 -41 -42 -43 -44 -45 -46
leaf_value=-0.025332498768798773 -0.30868268308737984 0.067049770607895368 -0.20402861927026505 -0.09253091249020759 -0.32377832510123816 0.17563084314515731 -0.20000275357167005 -0.032910415285874413 0.17378302664454817 -0.17716357671169286 0.15671807270419658 0.099419318933081216 0.028025828588355992 -0.042088258272423053 -0.17802574428919218 -0.19296365059152393 0.038217658458706533 0.23363602577347597 -0.026188158499488027 -0.030280664165182134 0.25118525797587976 -0.09600429535064961 0.14977087158001257 0.16002458488747287 -0.1736487104776529 0.10939620536486254 -0.028466219264976545 0.0065998606858959858 0.089235706403827691 -0.19182008148133164 0.23005353193733599 0.047213620521772338 -0.12991128058093532 0.1823281154518287 0.0083053976108179751 -0.13473865105286684 0.054461934147929124 -0.0030550862541406996 -0.26570377269949053 0.12053222196520405 -0.31890615647596926 -0.24984228700100791 -0.12647773506451057 -0.19404821240478015 -0.29965391184587192
leaf_weight=48.107405107002705 4.1246272800490251 53.894981870427728 9.5063396906480282 6.1159083526581517 5.1509024742990714 21.346876129508018 17.748382046818737 42.143549405969679 11.536297664046286 56.102597368881106 15.719293928705154 52.214014040306211 27.10474319383502 86.92987066321075 3.9341396763920775 8.7033833144232648 41.918319381773472 5.6047383081167927 7.7915801070630542 29.472089890390635 11.523885581642391 6.5035292208194715 13.845664400607346 51.823752466589212 7.1630946034565559 2.2271346133202305 18.242275443859398 13.394882539287208 7.7115390934050074 24.58036002703011 26.798773417249322 51.499067597091198 11.105064909905197 20.58089492842555 15.298223961144684 7.5447082687169305 8.6214980427175743 5.6362688671797496 5.4407703671604395 15.100087374448774 13.83385302685201 6.3873488157987595 4.3786992095410815 4.8910359423607588 8.3715607635676843
leaf_count=180 42 307 116 51 58 36 237 329 70 621 47 165 207 708 50 62 208 21 68 178 27 31 52 215 59 18 95 73 32 120 43 139 37 64 37 47 35 52 83 48 169 27 56 53 109
internal_value=0 -0.0448939 0.000374144 0.0224138 -0.0176828 0.0416167 -0.0993565 -0.124428 -0.088145 -0.115298 0.00157667 -0.0125323 -0.0102336 -0.000316584 0.0842375 0.0332648 0.067887 0.0207169 0.114433 0.0322095 0.0696934 -0.0185311 0.0272898 0.135683 -0.0141702 -0.194511 0.0663056 -0.0720502 -0.0652528 -0.0816573 0.0982834 0.124935 0.0515147 0.085819 0.105808 0.0118063 -0.0493365 -0.221091 -0.132225 0.177178 -0.252192 -0.172404 -0.224973 -0.260914 -0.248986
internal_weight=0 441.455 241.082 216.598 150.867 476.219 200.373 156.376 113.717 98.2461 188.673 172.954 43.9972 140.825 15.4704 92.5546 287.546 39.8726 65.7312 132.296 76.087 56.2086 43.3178 59.6153 34.2678 24.4837 70.4563 22.0983 80.3993 72.6878 155.25 98.8787 56.3717 72.08 36.6451 49.463 19.7266 42.6593 11.077 26.624 31.5822 12.8909 22.2566 10.0419 17.8779
internal_count=5482 3699 1759 1460 1126 1783 1940 1611 1070 950 774 727 329 1015 120 395 1009 287 334 618 330 288 230 283 266 299 260 135 332 300 391 246 145 203 73 255 72 541 135 75 406 58 281 111 225
is_linear=0
shrinkage=0.181418


Tree=2
num_leaves=48
num_cat=0
split_feature=43 12 47 49 16 5 43 15 43 4 38 46 38 42 43 39 16 17 15 15 11 16 46 48 35 7 27 48 27 27 14 7 19 42 6 31 6 38 38 15 17 38 19 27 0 39 2
split_gain=39.6117 27.0477 17.7778 17.2213 12.2357 16.0861 11.5659 11.0532 9.71913 9.69979 9.57071 9.24389 8.61703 8.28032 7.67128 8.14549 8.07389 10.2704 8.90452 7.37409 9.75819 7.33638 7.56086 7.05856 7.05488 5.27178 8.87069 5.24785 6.41573 7.42715 6.11418 7.39174 4.85751 4.61441 4.21931 4.0304 3.80775 13.0944 6.80682 3.44598 10.9068 5.14519 2.66564 2.34805 2.05292 1.98241 1.54197
threshold=3.5000000000000004 1.5000000000000002 5.5000000000000009 10.500000000000002 4.5000000000000009 3.5000000000000004 12.500000000000002 7.5000000000000009 11.500000000000002 17.500000000000004 9.5000000000000018 55.000000000000007 95.000000000000014 105.00000000000001 1.5000000000000002 3.5000000000000004 2.5000000000000004 1.0000000180025095e-35 29.500000000000004 24.500000000000004 2.5000000000000004 4.5000000000000009 7.5000000000000009 7.5000000000000009 1.5000000000000002 181.00000000000003 8.5000000000000018 6.5000000000000009 7.5000000000000009 3.5000000000000004 9.5000000000000018 118.50000000000001 1.5000000000000002 9.5000000000000018 1.0000000180025095e-35 1.0000000180025095e-35 1.0000000180025095e-35 6.5000000000000009 12.500000000000002 1.5000000000000002 1.5000000000000002 1.0000000180025095e-35 60.500000000000007 1.0000000180025095e-35 21.500000000000004 7.5000000000000009 13.500000000000002
decision_type=2 2 2 2 2 2 2 2 2 2 2 2 2 2 2 2 2 2 2 2 2 2 2 2 2 2 2 2 2 2 2 2 2 2 2 2 2 2 2 2 2 2 2 2 2 2 2
left_child=14 2 3 21 5 6 10 8 13 34 -3 25 -10 -4 15 23 17 18 -17 20 -7 22 -2 39 -8 26 -6 30 29 32 31 33 -29 -16 -9 -21 37 -5 -38 41 -41 -1 -18 -19 45 -13 -27
right_child=1 4 7 36 11 19 24 9 12 -11 -12 44 -14 -15 27 16 42 43 -20 35 -22 -23 -24 -25 -26 46 -28 28 -30 -31 -32 -33 -34 -35 -36 -37 38 -39 -40 40 -42 -43 -44 -45 -46 -47 -48
leaf_value=0.074994927477115059 -0.16070068748895397 -0.090026156445355304 -0.009204663038534339 0.20134439783775551 0.040062243509021857 -0.15003044924263184 -0.13033042158353866 -0.24620631990888839 -0.15783708961503445 0.094660249010449699 0.06705664783887931 -0.27564062610581652 0.02985829599128648 -0.23166173178451613 -0.064557741910882385 -0.11508322186328168 -0.30344202704749895 0.21354708570072431 0.14667176153089648 0.28811269488985286 0.23678449645829988 0.10861382058789697 -0.03512882317338014 -0.040591361920259778 0.1242982105383586 0.022650940966541407 -0.24134540384784878 0.21878733850299636 0.012402061391422949 0.30065957174273983 0.22319938642808149 -0.13620449300706849 0.052971798445930508 0.088319286908147027 -0.14300362449498061 0.1332921368607656 -0.027105145049800106 -0.081678569922037911 0.18070224725263553 -0.031486656753371998 0.14323897077515291 0.21126925025408613 -0.08610835564219016 0.057718236016390152 -0.32964383009707393 -0.052948514359553403 0.17208633455454284
leaf_weight=29.572835117578506 24.85084811039269 15.613400951027868 73.923214471898973 8.4869024492800254 8.325272576883437 6.3465994908474368 25.030363659374419 20.024303910322487 45.579434150829911 4.5994035834446541 69.749146944843233 2.4513977505266649 9.770386769436298 5.9388178177177897 7.6479540914297095 21.440378231927756 4.0674608740955582 6.2994328308850509 5.3313949406146994 6.4933641217648974 3.2284692600369453 7.4414964634925118 43.247144704684615 19.508520402014256 4.1684684269130221 5.0415574545040709 6.5998965725302687 9.8580506630241889 9.9029062185436469 11.075853824615477 6.7917720712721339 6.7956979535520068 14.188090719282625 42.884443737566471 37.66689519956708 37.728765890933573 7.1573140546679523 14.650597933679817 18.799155546352267 26.467664808034897 21.138948559761047 13.193306483328341 3.4394570998847485 6.4530809903517365 3.9735359437763691 2.8450441416352987 4.137724157422781
leaf_count=97 207 157 580 30 66 78 284 317 623 37 386 29 101 67 52 141 36 24 21 17 12 40 251 57 19 41 60 23 40 20 16 28 51 170 496 185 58 105 91 122 65 30 30 43 26 34 19
internal_value=0 -0.0289517 -0.0615724 -0.00791946 0.0231382 0.0430322 0.00459883 -0.0954265 -0.0662842 -0.158657 0.0383143 -0.0771915 -0.124702 -0.0257817 0.0570048 0.031307 -0.0318646 0.000910558 -0.0629076 0.124853 -0.0194545 -0.0622829 -0.0809763 0.058348 -0.0939369 -0.0179366 -0.0844551 0.0939401 0.141413 0.177766 0.0605818 0.0412707 0.121033 0.0651681 -0.178871 0.156101 0.0757188 0.0221762 0.123407 0.0797105 0.0461095 0.117087 -0.204184 0.134836 -0.23103 -0.156441 0.0901679
internal_weight=0 523.869 322.136 124.633 201.733 168.359 114.561 197.502 135.212 62.2906 85.3625 33.3744 55.3498 79.862 266.057 156.912 47.0312 39.5243 26.7718 53.7972 9.57507 75.5395 68.098 109.881 29.1988 24.1045 14.9252 109.145 45.0249 35.122 64.1199 57.3281 24.0461 50.5324 57.6912 44.2221 49.094 23.1375 25.9565 90.3728 47.6066 42.7661 7.50692 12.7525 9.26998 5.29644 9.17928
internal_count=5482 4416 3003 782 1413 1138 846 2221 1371 850 543 275 724 647 1066 666 295 229 162 292 90 498 458 371 303 186 126 400 134 94 266 250 74 222 813 202 284 135 149 314 187 127 66 67 89 63 60
is_linear=0
shrinkage=0.181418


Tree=3
num_leaves=44
num_cat=0
split_feature=47 38 46 42 47 0 5 27 12 49 31 46 38 39 42 25 7 49 19 3 19 13 14 1 14 43 49 1 27 49 18 43 47 42 16 27 39 19 29 12 46 2 24
split_gain=26.5436 22.2197 19.0127 11.9611 10.232 8.42765 8.26704 17.2504 14.2402 10.595 8.64779 8.90613 8.19819 11.4715 8.00993 7.92247 6.41313 5.68085 6.20626 11.0812 6.12513 5.27651 7.24668 6.58031 5.245 4.87978 7.65976 4.28764 10.7275 3.97118 3.94503 3.91065 3.46671 4.85246 3.52302 3.21341 2.67204 2.40685 1.50466 0.801247 0.742625 0.669687 0.176204
threshold=5.5000000000000009 17.500000000000004 135.00000000000003 105.00000000000001 14.500000000000002 8.5000000000000018 4.5000000000000009 4.5000000000000009 1.5000000000000002 11.500000000000002 14.500000000000002 7.5000000000000009 55.000000000000007 1.5000000000000002 6.5000000000000009 1.5000000000000002 39.500000000000007 10.500000000000002 1.5000000000000002 4.5000000000000009 46.500000000000007 6.5000000000000009 3.5000000000000004 1.5000000000000002 6.5000000000000009 3.5000000000000004 4.5000000000000009 11.500000000000002 29.500000000000004 3.5000000000000004 4.5000000000000009 3.5000000000000004 10.500000000000002 10.500000000000002 2.5000000000000004 36.000000000000007 3.5000000000000004 19.500000000000004 1.5000000000000002 1.0000000180025095e-35 145.00000000000003 1.0000000180025095e-35 1.0000000180025095e-35
decision_type=2 2 2 2 2 2 2 2 2 2 2 2 2 2 2 2 2 2 2 2 2 2 2 2 2 2 2 2 2 2 2 2 2 2 2 2 2 2 2 2 2 2 2
left_child=12 6 3 4 24 29 7 8 14 10 11 -8 15 -14 -2 17 -10 25 19 -19 -20 22 23 -15 -3 30 -27 36 -29 -5 -1 -9 34 -34 -11 -33 -17 -6 40 -12 41 -4 -42
right_child=1 2 38 5 37 -7 9 31 16 32 39 -13 13 21 -16 27 -18 18 20 -21 -22 -23 -24 -25 -26 26 -28 28 -30 -31 -32 35 33 -35 -36 -37 -38 -39 -40 -41 42 -43 -44
leaf_value=0.053323434497271581 0.020927019878729445 0.091950004368313173 -0.081466551859734268 -0.24393059404133749 -0.26367401113751321 0.10116417991582669 0.10534772770502704 0.0052325469173009238 0.010356553159338819 0.23489664214910896 -0.15396097068004233 -0.11568129433622361 0.19120805298888638 -0.012412573516819968 -0.12427926774725698 0.23707522179830692 0.24358076657346819 0.093548024531542429 0.12148562963234591 -0.15794876625988302 -0.04201360476050825 -0.18494626169977432 0.10596623113979473 -0.15418492959788083 -0.045387169171013687 -0.11504887106205372 0.020121465757110466 -0.086069411423247158 0.18802707589164624 -0.068493582793091604 -0.066469794232094107 -0.25535037709685265 0.12792205111651303 -0.16890046990855154 0.044426431328857985 -0.039526835482111812 0.11144694821318769 -0.024367314616268631 -0.035133228668083369 -0.29125826623510415 -0.24584891492444316 -0.23171654726669788 -0.31524166298237388
leaf_weight=86.468461169861257 15.038783503696321 90.885097516700625 1.7138310559093932 5.0993128698319223 3.5083531960844985 9.0671193394809944 9.9194472730159777 2.3808133397251394 20.482225633226339 6.8251214828342217 1.9852675665169943 15.14533231500536 7.8474724553525439 39.502338781021535 73.986631408333778 11.378105791285636 4.7766094999387851 14.392879363149406 58.392447799444199 9.6030098199844343 8.6514873607084137 7.3635063581168643 11.749752152711151 14.80813457071781 10.167883092537521 20.527204995974898 42.026737886480987 8.9391303681768495 9.8834048435091955 25.267604247666895 10.09358195774257 26.194817502982918 3.8601751811802378 3.3964571412652731 6.0201018992811441 2.4935616943985215 11.003222135826944 2.2861431073397398 1.4954613968729962 5.209795686416328 4.2084994437173009 2.3333803536370397 2.0929971504956484
leaf_count=352 99 477 28 65 47 49 57 14 173 28 30 186 21 284 988 34 18 53 235 58 60 56 57 135 65 184 279 46 30 288 52 439 25 57 40 20 49 23 21 75 105 51 29
internal_value=0 -0.0354371 0.0152536 0.0331608 0.0646755 -0.0522178 -0.0759772 -0.0982413 -0.0656391 -0.0141611 -0.0785727 -0.0281922 0.0338404 -0.0171061 -0.0997483 0.0480521 0.0545619 0.0359063 0.0720469 -0.00711937 0.100381 -0.0394004 -0.0231438 -0.0510966 0.0781256 0.015223 -0.0242451 0.121755 0.0578712 -0.0980435 0.0407928 -0.218088 0.0891833 -0.0110266 0.145768 -0.236622 0.175413 -0.169535 -0.205705 -0.253717 -0.230267 -0.168563 -0.269475
internal_weight=0 355.841 158.126 146.282 106.847 39.434 197.715 145.353 114.284 52.3617 32.2598 25.0648 372.631 81.2712 89.0254 291.36 25.2588 250.156 91.0398 23.9959 67.0439 73.4237 66.0602 54.3105 101.053 159.116 62.5539 41.2039 18.8225 30.3669 96.562 31.0692 20.1019 7.25663 12.8452 28.6884 22.3813 5.7945 11.8442 7.19506 10.3487 4.04721 6.3015
internal_count=5482 3497 1248 1014 612 402 2249 1751 1278 498 348 243 1985 553 1087 1432 191 1273 406 111 295 532 476 419 542 867 463 159 76 353 404 473 150 82 68 459 83 70 234 105 213 79 134
is_linear=0
shrinkage=0.181418


Tree=4
num_leaves=37
num_cat=0
split_feature=43 47 15 39 0 39 46 39 43 38 13 46 43 19 1 13 29 27 30 49 15 42 46 14 6 48 12 5 0 16 2 42 47 19 43 14
split_gain=19.9577 9.88577 9.41078 7.05563 7.05238 8.20294 8.94611 7.56884 8.97858 6.13163 6.12044 8.53872 6.82786 5.53497 5.44967 5.24881 5.19045 5.0265 4.4121 4.32299 3.89951 3.87795 6.3613 8.10671 4.36601 3.8051 3.78873 5.90711 3.67511 3.55671 2.66738 2.45128 2.38002 2.18684 1.29775 0.897952
threshold=5.5000000000000009 8.5000000000000018 24.500000000000004 12.500000000000002 21.500000000000004 14.500000000000002 14.500000000000002 10.500000000000002 9.5000000000000018 85.000000000000014 3.5000000000000004 2.5000000000000004 9.5000000000000018 57.500000000000007 21.500000000000004 1.5000000000000002 1.5000000000000002 37.500000000000007 1.0000000180025095e-35 11.500000000000002 33.500000000000007 85.000000000000014 35.000000000000007 1.0000000180025095e-35 1.5000000000000002 6.5000000000000009 1.0000000180025095e-35 1.0000000180025095e-35 1.0000000180025095e-35 7.5000000000000009 1.0000000180025095e-35 13.500000000000002 11.500000000000002 7.5000000000000009 3.5000000000000004 1.0000000180025095e-35
decision_type=2 2 2 2 2 2 2 2 2 2 2 2 2 2 2 2 2 2 2 2 2 2 2 2 2 2 2 2 2 2 2 2 2 2 2 2
left_child=9 2 3 16 5 7 25 8 -3 17 15 -12 -13 26 -6 20 19 21 -18 -2 -4 22 24 -24 -1 -7 27 -11 30 -9 -5 -17 -8 -23 -28 -30
right_child=1 4 10 28 14 6 32 29 -10 13 11 12 -14 -15 -16 31 18 -19 -20 -21 -22 33 23 -25 -26 -27 34 -29 35 -31 -32 -33 -34 -35 -36 -37
leaf_value=0.022223786152853156 -0.053915006295681286 0.010040012190142977 -0.19239103848847741 -0.13845749969072113 0.14914578246160307 0.012446985949443622 0.074692342753346908 -0.18796471496567757 -0.10970947701415013 0.082176281369378087 0.167353117423931 -0.16268737593644705 0.016447547504400285 0.11525134868142296 -0.092427594270350522 0.067057421275376089 0.22276213722434446 0.1891845811581323 0.010414532363164456 0.01846222306287033 0.086521776945788401 0.18228521960204799 0.051641302617793657 -0.093697861173887481 0.075032721509173991 0.17691798521231142 -0.27112294426181105 -0.22073229523344196 -0.16880085866897782 0.063095496188291272 0.058245210434663811 0.18943477955550528 -0.17013918179982654 0.04704676953057696 -0.11844992634798766 -0.29028946019607943
leaf_weight=111.68522887304425 72.784991873428226 32.00710641220212 2.8344235206022885 5.615619760006668 8.7189824841916543 10.071333870291713 1.5612962218001465 28.525868635624651 57.82310731895268 5.7429032400250488 8.5519339181482774 9.8339678272604925 24.243086191359907 4.6629744889214626 4.732400099746882 7.9986469801515367 5.1911181807517996 7.4149999730288974 8.4604795537888986 43.31283060926944 3.9129326827824116 9.179703354835512 23.908085912466049 26.751613428816199 95.69362120795995 8.564116801135242 4.1659704037010661 3.3419437985867262 4.4199369866400939 1.9797167908400286 3.7913041561841965 16.641030993312597 7.7928437273949385 6.9086506851017466 3.330721652135253 3.7992241764441133
leaf_count=521 673 286 45 72 57 96 25 429 1016 44 36 85 154 31 56 53 17 20 66 309 27 34 111 151 447 53 50 40 60 22 36 58 171 42 32 57
internal_value=0 -0.0275078 -0.00259645 -0.029104 -0.061595 -0.0730028 0.0154478 -0.0935772 -0.067044 0.0348101 0.050177 0.00540138 -0.0352799 -0.0591458 0.0641353 0.110959 -0.014466 0.0419027 0.0912986 -0.0269123 -0.0307457 0.03791 0.0325175 -0.0251072 0.046596 0.0881062 -0.108248 -0.0293714 -0.136764 -0.171647 -0.059185 0.149767 -0.129211 0.124301 -0.203611 -0.225318
internal_weight=0 383.168 221.392 147.376 161.777 148.325 27.9896 120.336 89.8302 302.786 74.016 42.629 34.0771 21.2445 13.4514 31.387 129.749 281.542 13.6516 116.098 6.74736 274.127 258.039 50.6597 207.379 18.6355 16.5815 9.08485 17.6261 30.5056 9.40692 24.6397 9.35414 16.0884 7.49669 8.21916
internal_count=5482 3959 1748 1290 2211 2098 345 1753 1302 1523 458 275 239 197 113 183 1065 1326 83 982 72 1306 1230 262 968 149 166 84 225 451 108 111 196 76 82 117
is_linear=0
shrinkage=0.181418


Tree=5
num_leaves=32
num_cat=0
split_feature=43 38 46 42 23 3 42 39 39 27 11 49 24 13 38 49 3 7 0 24 31 48 1 17 43 39 47 39 38 7 47
split_gain=12.9983 9.03503 9.35272 7.91922 6.88418 8.02987 5.94148 5.46032 5.38042 5.36941 5.35802 5.20751 5.07124 5.00895 4.94787 5.76329 6.60954 6.32321 5.56956 4.93912 4.79631 4.67871 4.00137 2.96168 2.61276 2.23228 1.75929 1.02309 1.03392 0.530622 0.0840134
threshold=3.5000000000000004 13.500000000000002 135.00000000000003 2.5000000000000004 2.5000000000000004 101.00000000000001 105.00000000000001 16.500000000000004 2.5000000000000004 29.500000000000004 5.5000000000000009 9.5000000000000018 2.5000000000000004 4.5000000000000009 3.5000000000000004 11.500000000000002 3.5000000000000004 39.500000000000007 1.0000000180025095e-35 1.0000000180025095e-35 1.0000000180025095e-35 1.5000000000000002 7.5000000000000009 2.5000000000000004 15.500000000000002 5.5000000000000009 6.5000000000000009 7.5000000000000009 85.000000000000014 2.5000000000000004 6.5000000000000009
decision_type=2 2 2 2 2 2 2 2 2 2 2 2 2 2 2 2 2 2 2 2 2 2 2 2 2 2 2 2 2 2 2
left_child=4 3 6 11 5 13 7 9 -8 -3 -6 -2 -10 19 18 16 -16 -17 26 21 -21 -1 -15 -20 -9 -7 -5 28 -4 -29 -31
right_child=1 2 27 14 10 25 8 24 12 -11 -12 -13 -14 22 15 17 -18 -19 23 20 -22 -23 -24 -25 -26 -27 -28 29 -30 30 -32
leaf_value=0.12985181392925707 -0.046813127485806259 0.023576097667854349 -0.18521503219627866 -0.10116878913801546 0.21005608017975255 -0.23900472311902429 0.095362441204855014 -0.29297145726888912 -0.10779944560905039 0.15501465794973066 0.031942444193119139 0.17316339517905208 0.10083088531336261 0.029716130308093797 -0.00064385535981505311 -0.047312869302096203 -0.10583529217105664 0.077830874828975022 -0.11478727628323492 0.057584917903614231 -0.11489834571746901 0.02461239075030917 0.20823943080422919 0.028824279643418906 -0.034231710051002173 -0.055813874023725715 -0.24399858185214704 -0.12173286081630898 0.044795708328660741 -0.28911171247981543 -0.222819286262115
leaf_weight=15.417694246396421 6.0800814349204293 171.42390637844801 1.2845480069518074 3.920874308794736 12.415630819275977 4.2633477337658388 6.9000596068799487 2.4504874013364306 29.174261569045484 10.868061207234858 10.071403093636034 8.455196660012005 4.4041467439383259 7.5695301201194551 29.078094905242324 33.281789566390216 60.708163755945861 22.103851201944053 11.76421813759953 8.1543329302221554 15.141943234950302 140.85071321576834 9.1075930111110193 7.8852204382419577 2.6969313602894545 4.5137436296790838 10.564832232892511 1.8727352824062107 1.2671516202390192 0.97640804015099991 4.1866160500794649
leaf_count=62 50 1178 36 49 37 31 40 41 411 50 51 25 25 41 314 399 884 157 212 41 104 637 28 85 42 34 202 38 24 15 139
internal_value=0 -0.0185059 0.00521374 -0.047568 0.035086 0.0246293 0.012602 0.0262149 -0.0504182 0.031423 0.130351 0.0811706 -0.0804037 0.0322263 -0.0580097 -0.0433876 -0.0717749 0.00263309 -0.120153 0.0233873 -0.0545174 0.0350058 0.1273 -0.0571639 -0.157835 -0.145021 -0.205466 -0.170203 -0.0712359 -0.205887 -0.236026
internal_weight=0 431.348 237.505 193.842 227.506 205.019 227.918 187.439 40.4785 182.292 22.487 14.5353 33.5784 196.242 179.307 145.172 89.7863 55.3856 34.1351 179.565 23.2963 156.268 16.6771 19.6494 5.14742 8.77709 14.4857 9.58746 2.5517 7.03576 5.16302
internal_count=5482 4416 2039 2377 1066 978 1787 1311 476 1228 88 75 436 913 2302 1754 1198 556 548 844 145 699 69 297 83 65 251 252 60 192 154
is_linear=0
shrinkage=0.181418


Tree=6
num_leaves=43
num_cat=0
split_feature=43 38 42 29 14 27 46 38 12 47 11 12 0 42 47 42 8 1 43 39 44 43 49 3 13 49 47 38 30 16 46 18 18 39 12 14 25 7 49 49 46 43
split_gain=8.11602 7.04351 6.74961 5.39924 7.73258 6.50173 5.0588 5.04928 4.55876 5.85081 6.06094 5.15969 5.03302 4.71741 5.28961 4.59621 5.08811 4.22094 4.0766 3.07631 6.02946 4.49919 4.25245 4.04053 7.72832 3.74638 4.07821 3.14769 3.03745 2.78614 2.62802 2.61278 3.6944 2.55959 3.16998 1.85359 2.09296 1.45291 1.36427 1.32539 1.16016 0.994536
threshold=3.5000000000000004 15.500000000000002 11.500000000000002 1.0000000180025095e-35 7.5000000000000009 19.500000000000004 95.000000000000014 55.000000000000007 1.5000000000000002 10.500000000000002 5.5000000000000009 1.0000000180025095e-35 2.5000000000000004 15.500000000000002 14.500000000000002 25.000000000000004 1.5000000000000002 3.5000000000000004 5.5000000000000009 5.5000000000000009 -1.0000000180025095e-35 2.5000000000000004 4.5000000000000009 3.5000000000000004 1.5000000000000002 13.500000000000002 6.5000000000000009 10.500000000000002 1.0000000180025095e-35 1.0000000180025095e-35 19.000000000000004 4.5000000000000009 1.5000000000000002 11.500000000000002 1.0000000180025095e-35 1.0000000180025095e-35 1.0000000180025095e-35 6.5000000000000009 12.500000000000002 5.5000000000000009 14.500000000000002 2.5000000000000004
decision_type=2 2 2 2 2 2 2 2 2 2 2 2 2 2 2 2 2 2 2 2 2 2 2 2 2 2 2 2 2 2 2 2 2 2 2 2 2 2 2 2 2 2
left_child=19 8 35 4 5 -4 17 -6 11 15 12 13 -11 14 -2 16 -10 -5 -13 21 33 22 23 37 -25 26 29 -28 -8 -22 -15 32 -24 34 -21 -3 -37 -1 39 -23 -20 -27
right_child=1 2 3 6 7 -7 28 -9 9 10 -12 18 -14 30 -16 -17 -18 -19 40 20 25 38 31 24 -26 41 27 -29 -30 -31 -32 -33 -34 -35 -36 36 -38 -39 -40 -41 -42 -43
leaf_value=-0.03184103511293411 -0.04192741863304876 0.017214648562148972 -0.01732346791887918 0.1309966553433588 -0.01730453676430074 0.14782778315000045 0.025054473207952625 -0.24959943725765688 0.025447184556125994 0.0750928117587535 0.084372943089614141 0.022812874555924307 -0.21095665219289816 -0.20720612466856234 0.090929727389049642 0.18855821516927587 -0.19909886019278322 0.013489996348704111 -0.13360309501146395 0.0092055185286575702 0.081346376433245743 0.12955211785795515 0.034880178047623958 -0.20564210212547512 0.04256103160288803 0.058028319682268015 -0.2169031246028392 -0.026890869693441781 -0.21100334439474533 -0.050075605707676253 -0.023050096490028853 -0.04444649302101885 0.12088691676647326 -0.28156663631983464 -0.21695381428751676 0.20136764155563863 0.062331425977839097 0.074642503859670264 0.16143953612746126 0.03226435119769426 -0.22837259990167552 0.16170369789952876
leaf_weight=6.9749205783009556 77.391441512852907 5.3466313723474768 121.05980519624427 21.348981650546193 5.2124189306050521 8.3773312065750343 3.6853501247242084 7.528591631911695 46.722298400476575 2.4937789384275701 4.6519588474184266 5.1627270784229067 10.606355011463164 7.8869469789788109 11.291482123546301 5.1946584880352011 3.5635083047673097 19.032796119339764 20.188731690868739 5.2700336370617133 15.445470660924913 8.62893039733172 68.440542381256819 9.0230485089123267 7.5954211549833408 6.4556937515735608 4.3140274612233034 8.5433173412457091 3.4774581510573626 8.0751119814813119 3.7752548083662987 9.4959560409188253 21.634184317663312 2.6695596957579246 3.3135099140927196 8.3706206297501904 6.2328744577243915 10.627419650554655 9.7882395610213262 9.9148657172918302 5.4339355537667862 5.802955498918891
leaf_count=30 937 48 1194 116 37 32 58 72 377 30 36 43 228 193 119 24 49 123 381 40 75 27 258 52 40 36 43 58 67 64 56 53 75 50 37 37 39 36 27 40 120 25
internal_value=0 -0.0150063 0.00835352 -0.00220323 -0.0199024 -0.00662062 0.0507121 -0.154686 -0.0389732 -0.00271141 -0.0933312 -0.0592207 -0.15647 -0.0392766 -0.0249994 0.0262943 0.00948773 0.0756383 -0.124182 0.0279848 -0.00714745 0.0409638 0.0270491 -0.0281107 -0.09224 0.0205446 -0.00868668 -0.0908018 -0.0896797 0.0362155 -0.147692 0.0460097 0.0555527 -0.126748 -0.0782539 0.108699 0.142138 0.0324441 0.106627 0.0775994 -0.153805 0.10723
internal_weight=0 414.036 209.673 189.723 142.178 129.437 47.5446 12.741 204.363 73.2326 17.7521 131.131 13.1001 100.345 88.6829 55.4805 50.2858 40.3818 30.7854 222.013 59.8897 162.124 133.791 34.2208 16.6185 48.6366 36.3779 12.8573 7.16281 23.5206 11.6622 99.5707 90.0747 11.2531 8.58354 19.9501 14.6035 17.6023 28.332 18.5438 25.6227 12.2586
internal_count=5482 4416 1823 1699 1335 1226 364 109 2593 744 294 1849 258 1305 1056 450 426 239 544 1066 428 638 544 158 92 301 240 101 125 139 249 386 333 127 77 124 76 66 94 67 501 61
is_linear=0
shrinkage=0.181418


Tree=7
num_leaves=29
num_cat=0
split_feature=46 38 38 49 13 26 13 46 3 0 47 27 11 23 38 21 27 7 19 19 16 35 49 1 38 38 38 43
split_gain=8.98806 7.9916 5.56868 6.27193 6.13979 6.97112 5.65518 6.59011 6.52418 5.55658 6.02131 5.87708 5.36827 5.07376 6.12908 4.04258 3.76782 4.42725 3.54 2.42535 2.33129 1.67207 0.657023 0.913189 0.802363 0.469052 0.151427 0.0709506
threshold=135.00000000000003 19.000000000000004 55.000000000000007 14.500000000000002 6.5000000000000009 1.5000000000000002 9.5000000000000018 105.00000000000001 48.500000000000007 44.500000000000007 3.5000000000000004 8.5000000000000018 10.500000000000002 1.5000000000000002 85.000000000000014 1.5000000000000002 5.5000000000000009 11.500000000000002 3.5000000000000004 41.500000000000007 2.5000000000000004 1.5000000000000002 7.5000000000000009 3.5000000000000004 105.00000000000001 65.000000000000014 115.00000000000001 9.5000000000000018
decision_type=2 2 2 2 2 2 2 2 2 2 2 2 2 2 2 2 2 2 2 2 2 2 2 2 2 2 2 2
left_child=1 9 6 4 5 -4 7 8 -3 10 16 12 -12 14 -5 -13 17 -1 -9 -6 -18 22 23 24 27 -24 -27 -2
right_child=21 2 3 13 19 -7 -8 18 -10 -11 11 15 -14 -15 -16 -17 20 -19 -20 -21 -22 -23 25 -25 -26 26 -28 -29
leaf_value=0.034462497727139413 -0.2848442676364083 0.069432062234220715 -0.022455811472767609 0.1236636076115343 -0.21530634649964253 0.12304354019198317 0.15416366346559462 -0.010422723993763532 -0.034328735965575688 -0.25303861982793374 -0.027277198258755801 -0.14409081947282637 0.17150781844549232 0.21183422828124132 -0.076389289931217172 0.053008390782552123 0.031113690108081963 -0.043557106616735577 -0.29678447989766144 -0.010701857216687647 0.14034260472080395 0.040425611506386995 -0.28904568799576508 0.0075960347800022058 -0.067229034553445213 -0.20920272585999786 -0.12065877675077327 -0.20886632263799099
leaf_weight=54.887963441200554 1.0620886469259847 93.053811869584024 94.859938852488995 11.046981248073285 6.8192948754876834 12.223633007146416 15.522515967488287 2.8630058765411368 25.373651660978794 3.2299735751003018 160.35367234284058 22.355348424054686 4.5875903628766528 6.9690831787884227 9.2499370239675027 4.0362243074923745 15.058193551376464 42.433609885163605 2.8133901823312044 2.6498341336846352 11.232871767133473 1.2082793219014991 2.377433585934341 1.1297530550509689 1.3187141604721544 1.987339190207422 1.0488617853261528 1.1001879512332378
leaf_count=285 16 432 863 61 81 60 54 28 141 20 2115 389 24 29 114 28 98 251 35 32 49 20 53 27 40 56 39 42
internal_value=0 0.00300352 0.0251564 9.92218e-05 -0.0182251 -0.0058334 0.0509623 0.0380391 0.0471979 -0.0167308 -0.0142973 -0.0344593 -0.0217352 0.0784104 0.0324921 -0.113929 0.0169091 0.00044162 -0.152709 -0.158156 0.0778314 -0.160703 -0.184984 -0.133937 -0.179799 -0.228038 -0.179267 -0.247622
internal_weight=0 601.621 283.445 143.819 116.553 107.084 139.626 124.104 118.427 318.175 314.945 191.333 164.941 27.266 20.2969 26.3916 123.613 97.3216 5.6764 9.46913 26.2911 11.2327 10.0244 4.61074 3.48099 5.41363 3.0362 2.16228
internal_count=5482 5189 1930 1240 1036 923 690 636 573 3259 3239 2556 2139 204 175 417 683 536 63 113 147 293 273 125 98 148 95 58
is_linear=0
shrinkage=0.181418


Tree=8
num_leaves=41
num_cat=0
split_feature=43 0 29 10 18 13 39 23 2 31 38 46 23 0 16 42 38 7 31 17 26 38 38 39 38 7 24 39 31 49 47 38 46 46 39 46 47 38 48 7
split_gain=6.32171 5.10482 5.54132 5.02442 5.49188 4.56882 8.50234 5.55771 6.38766 4.63549 4.31914 7.57261 4.75692 7.75479 4.22416 4.10058 4.07552 7.33042 5.04499 3.98514 5.68416 3.78996 7.62938 4.61833 4.59589 3.58184 3.38802 3.37438 3.19575 3.1939 3.1338 3.11503 3.04423 2.95822 2.20621 2.05092 1.87571 1.83134 2.30405 0.803432
threshold=9.5000000000000018 10.500000000000002 1.0000000180025095e-35 1.0000000180025095e-35 2.5000000000000004 1.0000000180025095e-35 11.500000000000002 5.5000000000000009 17.500000000000004 13.500000000000002 17.500000000000004 45.000000000000007 2.5000000000000004 14.500000000000002 1.5000000000000002 7.5000000000000009 55.000000000000007 22.500000000000004 7.5000000000000009 3.5000000000000004 1.0000000180025095e-35 55.000000000000007 75.000000000000014 3.5000000000000004 45.000000000000007 64.500000000000014 1.0000000180025095e-35 4.5000000000000009 1.5000000000000002 5.5000000000000009 3.5000000000000004 13.500000000000002 4.5000000000000009 8.5000000000000018 7.5000000000000009 8.5000000000000018 6.5000000000000009 85.000000000000014 7.5000000000000009 113.50000000000001
decision_type=2 2 2 2 2 2 2 2 2 2 2 2 2 2 2 2 2 2 2 2 2 2 2 2 2 2 2 2 2 2 2 2 2 2 2 2 2 2 2 2
left_child=5 3 19 4 16 6 21 10 -9 15 12 32 13 -7 33 30 18 -18 -2 20 -3 24 28 -24 29 -13 -4 -16 -23 -1 -8 -22 -12 -6 -28 -5 -17 38 -37 -14
right_child=1 2 26 35 14 7 9 8 -10 -11 11 25 39 -15 27 36 17 -19 -20 -21 31 22 23 -25 -26 -27 34 -29 -30 -31 -32 -33 -34 -35 -36 37 -38 -39 -40 -41
leaf_value=-0.03616428973000127 -0.085467285495338802 -0.17731657546281121 0.23886192657325075 -0.27595788035628366 0.26208901404550489 0.015201674172578864 0.10070359160802693 -0.20965285557526658 0.068788873373964735 0.095052463997716705 0.048609369193508646 0.032826885017322227 0.071591623630518519 -0.1625938786760377 -0.15498236701147455 -0.28980930806863414 0.037682196275075193 -0.19210061208942905 0.049435352932241071 -0.16871391849269693 -0.093218733079658958 -0.25342804322493656 0.1635464869085273 -0.034240073221256093 0.12693813983072386 -0.10679630064813522 0.13994758350633713 0.0265642266396202 -0.064297412944515436 0.027765776758237808 -0.14950900014968238 0.10373911296340518 0.13950423441444762 0.044856833364149924 -0.028196413844204137 -0.14011177147306547 -0.14422204005103917 -0.26805952145840706 0.098085073065759074 0.16261308229173443
leaf_weight=35.671985504217446 77.741469975095242 4.0317014479078415 5.0972882267087689 3.3651688927784544 3.8721844935789687 63.688420823775232 3.0620872667059365 6.3846540134400112 4.6977853588759899 2.9926826562732449 17.839491128455848 36.679191240109503 7.321400670334695 9.2340276278555375 4.0142797031439867 5.4800857370719296 30.300358014181256 5.3685742146335533 10.327131788246332 4.7982925632968536 3.3174027223140028 6.264879001304509 5.33841051347554 14.180331245996056 12.079585097730158 7.2284719524905077 5.2499568928033096 20.652035838924348 5.5584331844002008 92.092047804966569 3.5383460335433483 12.821196136064826 38.030634508468211 4.4194740559905767 5.0076503017917275 3.7979377051815391 6.3228119118139148 1.7458571931347249 2.0476349778473377 5.7124620415270329
leaf_count=250 1328 57 22 46 22 518 32 54 29 23 115 246 49 81 80 61 359 111 113 47 68 43 23 138 51 83 27 243 40 490 42 80 173 65 39 73 82 33 21 25
internal_value=0 -0.0255359 0.0324093 -0.0394753 -0.0311621 0.013639 -0.00622604 0.0330767 -0.0916574 -0.114016 0.0405258 0.0662017 0.0107141 -0.00733219 0.0346339 -0.148064 -0.0486904 0.00303958 -0.0696415 -0.0203269 0.015041 0.00725212 -0.0497537 0.0199109 0.0200329 0.00981379 0.118126 -0.00303325 -0.164683 0.00991312 -0.0334272 0.0632021 0.110501 0.146556 0.0579041 -0.158186 -0.212057 -0.105606 -0.0566107 0.111611
internal_weight=0 207.976 40.3235 167.652 156.696 389.398 192.582 196.817 11.0824 21.396 185.734 99.7778 85.9563 72.9224 32.958 18.4033 123.738 35.6689 88.0686 24.9686 20.1703 171.186 31.3421 19.5187 139.844 43.9077 15.3549 24.6663 11.8233 127.764 6.60043 16.1386 55.8701 8.29166 10.2576 10.9566 11.8029 7.59143 5.84557 13.0339
internal_count=5482 2834 340 2494 2321 2648 1275 1373 83 240 1290 617 673 599 410 217 1911 470 1441 252 205 1035 244 161 791 329 88 323 83 740 74 148 288 87 66 173 143 127 94 74
is_linear=0
shrinkage=0.181418


Tree=9
num_leaves=39
num_cat=0
split_feature=38 47 5 30 47 5 27 46 5 12 29 7 31 6 23 27 0 38 47 14 49 3 3 5 5 47 46 43 46 7 49 47 24 42 26 27 43 38
split_gain=4.62025 5.27898 5.77786 5.01156 4.66814 5.89376 5.82474 4.82959 4.72937 4.10595 3.71753 4.14398 3.26062 4.7422 3.98727 3.904 3.03604 2.92658 3.3636 3.9208 3.92944 2.65489 2.91664 3.93493 3.27874 2.80001 2.65462 2.30156 2.1197 2.09909 2.08974 1.62305 1.33666 0.616426 0.268109 0.429033 0.321265 0.117336
threshold=19.000000000000004 14.500000000000002 9.5000000000000018 1.5000000000000002 5.5000000000000009 4.5000000000000009 4.5000000000000009 7.5000000000000009 6.5000000000000009 1.5000000000000002 1.0000000180025095e-35 52.500000000000007 17.500000000000004 4.5000000000000009 2.5000000000000004 4.5000000000000009 2.5000000000000004 85.000000000000014 11.500000000000002 4.5000000000000009 2.5000000000000004 1.0000000180025095e-35 2.5000000000000004 1.0000000180025095e-35 1.0000000180025095e-35 6.5000000000000009 45.000000000000007 4.5000000000000009 4.5000000000000009 4.5000000000000009 8.5000000000000018 4.5000000000000009 1.0000000180025095e-35 11.500000000000002 1.0000000180025095e-35 2.5000000000000004 125.00000000000001 65.000000000000014
decision_type=2 2 2 2 2 2 2 2 2 2 2 2 2 2 2 2 2 2 2 2 2 2 2 2 2 2 2 2 2 2 2 2 2 2 2 2 2 2
left_child=3 17 34 4 12 6 9 16 -9 -6 31 -12 13 15 -15 -1 -7 18 19 20 -2 25 24 -24 -23 -19 -21 -8 -13 -20 -31 -5 -30 -33 35 36 -3 -37
right_child=1 2 -4 10 5 7 27 8 -10 -11 11 28 -14 14 -16 -17 -18 21 29 26 -22 22 23 -25 -26 -27 -28 -29 32 30 -32 33 -34 -35 -36 37 -38 -39
leaf_value=0.0023203821467112171 0.089679265492297905 -0.22778239248061719 0.084823777421465046 -0.33994594151621776 -0.058304423872237401 0.16660379257101826 0.00096527699143906978 -0.23663122209802806 0.007579338431667311 0.037906655154652337 0.11462403273732903 -0.015028711323664136 0.14588793666989544 -0.12998461675952419 0.045798054611357691 0.077456075770656233 -0.00021628575030386939 -0.25082574440050115 0.1872758116244472 0.11693688102440335 0.0010638219084096086 0.20643962144168526 -0.08545201450041337 0.018540787456792624 -0.0088567655498576706 -0.012726589967458091 0.0067749410245864982 -0.17946125986454797 -0.2369258658801906 0.13090300968367957 -0.046458861737063012 -0.054545945519140833 -0.078065799439523562 -0.21319575774831842 -0.2291056276316869 -0.055321377558249306 -0.11812664442055745 -0.13751645864907802
leaf_weight=87.679442062973976 19.182641174644232 2.7815602300688607 4.0138742849230757 2.3789957650005844 62.26466511702165 9.8477764856070262 2.7591645820066359 3.0294883446767953 18.389190467074513 19.057671887334436 3.6495691658928981 5.0214070957154018 5.8856586553156367 13.422867208719255 6.2008895222097626 30.731318459846079 5.6434462666511527 2.8938919994980088 7.1690855138003853 23.241642773151398 116.0319684939459 4.5768230706453306 16.995312741026282 40.461827618069947 4.7202827399596572 3.6970709906890988 10.435997889377175 14.762545373756437 4.0745270494371653 5.1176123060286027 3.8002931131049991 1.476608641445637 3.0772542683407664 1.8030784009024499 2.4363065254874527 1.2572864769026639 1.3641772931441662 1.099876469466835
leaf_count=552 109 83 36 12 1081 48 24 68 219 193 28 36 30 115 35 186 48 45 29 99 717 26 229 440 49 35 69 430 74 34 34 25 49 38 57 26 42 32
internal_value=0 0.0171723 -0.09579 -0.0154687 -0.00897988 -0.0331119 -0.05621 0.0287371 -0.0270642 -0.0357529 -0.0998884 -0.054657 0.0137823 0.00813601 -0.074435 0.0218279 0.105865 0.0228415 0.0350002 0.0274438 0.0136437 -0.00782121 0.00302977 -0.0122271 0.0972364 -0.117561 0.0828203 -0.151056 -0.105486 0.114242 0.0553379 -0.225952 -0.168841 -0.14228 -0.176916 -0.156953 -0.192186 -0.094253
internal_weight=0 271.278 12.9531 301.156 279.674 135.754 98.844 36.9099 21.4187 81.3223 21.4814 15.8228 143.92 138.035 19.6238 118.411 15.4912 258.324 184.979 168.892 135.215 73.3452 66.7542 57.4571 9.29711 6.59096 33.6776 17.5217 12.1732 16.087 8.91791 5.65868 7.15178 3.27969 8.93921 6.5029 4.14574 2.35716
internal_count=5482 2191 276 3291 3029 2111 1728 383 287 1274 262 187 918 888 150 738 96 1915 1091 994 826 824 744 669 75 80 168 454 159 97 68 75 123 63 240 183 125 58
is_linear=0
shrinkage=0.181418


Tree=10
num_leaves=41
num_cat=0
split_feature=39 15 0 47 42 38 47 49 4 42 48 1 46 43 31 15 38 48 47 14 35 49 49 49 28 7 29 43 7 18 4 39 18 25 38 19 38 49 46 43
split_gain=3.89759 5.17705 8.36258 4.97864 5.14916 4.20456 5.29057 5.06275 3.71634 3.48284 3.40842 4.5903 3.37504 3.54523 3.34082 3.18146 2.97791 4.67172 4.85917 4.12826 3.76609 2.79316 5.21277 3.13941 2.49558 4.72262 3.24507 2.41012 2.19023 4.79339 2.11592 1.73685 1.32313 1.18694 0.954642 0.927712 0.211121 0.136416 0.0743322 0.053478
threshold=7.5000000000000009 22.500000000000004 3.5000000000000004 14.500000000000002 8.5000000000000018 9.5000000000000018 9.5000000000000018 8.5000000000000018 26.000000000000004 125.00000000000001 6.5000000000000009 1.0000000180025095e-35 11.500000000000002 8.5000000000000018 20.500000000000004 1.0000000180025095e-35 11.500000000000002 7.5000000000000009 5.5000000000000009 9.5000000000000018 1.0000000180025095e-35 11.500000000000002 12.500000000000002 8.5000000000000018 1.5000000000000002 142.00000000000003 1.0000000180025095e-35 8.5000000000000018 33.500000000000007 2.5000000000000004 9.5000000000000018 11.500000000000002 1.0000000180025095e-35 1.5000000000000002 135.00000000000003 22.500000000000004 45.000000000000007 9.5000000000000018 10.500000000000002 12.500000000000002
decision_type=2 2 2 2 2 2 2 2 2 2 2 2 2 2 2 2 2 2 2 2 2 2 2 2 2 2 2 2 2 2 2 2 2 2 2 2 2 2 2 2
left_child=3 2 8 5 -5 6 21 24 10 16 14 -12 13 -9 -2 -14 17 18 -3 20 -18 23 -23 -1 26 -26 -7 35 29 -8 32 -21 -29 36 -11 37 38 -4 -6 -30
right_child=1 9 27 4 33 7 28 12 -10 34 11 -13 15 -15 -16 -17 19 -19 -20 31 -22 22 -24 -25 25 -27 -28 30 39 -31 -32 -33 -34 -35 -36 -37 -38 -39 -40 -41
leaf_value=0.0026637091040039237 -0.042863911431585237 0.085756522967107979 -0.23241364621286881 0.22318373793966015 -0.17555909078124465 -0.0037739065281868463 -0.11265477443211162 0.072288745986839889 0.20677497205982731 -0.23268282655407829 -0.047429729292279212 0.06145058359359825 -0.082859332072657277 0.20206552434583389 -0.27607421057545395 0.051015375222280106 0.028098880673915451 -0.2012183738318355 -0.11477629989580952 0.010197451381472848 0.13029589746461423 0.1613968758422874 0.0012552393634263893 -0.098250426023627283 -0.23205705537431118 0.0414897606463056 0.086390832097657286 -0.06958954470406252 -0.24231509953694155 0.23358646222652427 0.096566267008716844 -0.17505521264666407 -0.22385561933495529 -0.0036821986638584376 -0.029455292463051449 -0.13155186384414946 -0.15081136891797925 -0.29559515102832595 -0.23907473138783286 -0.19349537699533981
leaf_weight=55.363095943816006 82.181437797378749 10.705560574308043 2.317145996727052 1.2231113286688904 0.97082872129976738 71.757773820776492 10.117470576427875 25.765183299779892 2.2801790116354814 2.1724949753843243 23.842267671599984 27.34897605329752 6.5128080174326888 9.4825574252754432 2.0617926996201268 55.870416380465031 32.176502846181393 4.2412325097247949 6.3114634607918552 3.2032103640958658 18.806116251274943 9.5459811156615633 22.304696244187653 12.41004019230604 4.0235170153900963 4.2724600592628121 16.068731194362044 4.4641846185550076 2.323813932016491 1.500951638445257 1.5854060715064404 3.451312642544508 3.1151683167554438 1.1230446910485623 1.176796482875943 2.2789564384147525 1.8105045258998869 3.298074590973556 3.7369772922247648 1.7938596559688447
leaf_count=450 1156 66 42 8 18 488 247 130 18 52 292 271 41 45 29 319 303 57 155 29 119 48 175 122 29 31 95 96 58 9 16 46 69 16 32 32 45 37 130 61
internal_value=0 -0.0176088 -0.0371532 0.0131256 -0.120832 0.0169722 -0.0104466 0.0332979 -0.0223031 0.019169 -0.026179 0.0107366 0.0623937 0.107264 -0.0486118 0.0370226 0.0268725 -0.0311456 0.011341 0.0482767 0.065822 0.00499681 0.0492997 -0.0158258 0.00373943 -0.0912967 0.0127298 -0.156927 -0.10816 -0.0677159 -0.0934159 -0.0859924 -0.13327 -0.176183 -0.161691 -0.230385 -0.205812 -0.270101 -0.226491 -0.221709
internal_weight=0 237.018 154.774 317.978 8.86447 309.113 115.36 193.753 137.715 82.2447 135.434 51.1912 97.631 35.2477 84.2432 62.3832 78.8954 21.2583 17.017 57.6371 50.9826 99.6238 31.8507 67.7731 96.1225 8.29598 87.8265 17.0589 15.7361 11.6184 9.16476 6.65452 7.57935 7.64136 3.34929 7.89418 6.51831 5.61522 4.70781 4.11767
internal_count=5482 2917 2058 2565 217 2348 1170 1178 1766 859 1748 563 535 175 1185 360 775 278 221 497 422 795 223 572 643 60 583 292 375 256 181 75 165 209 84 111 193 79 148 119
is_linear=0
shrinkage=0.181418


Tree=11
num_leaves=31
num_cat=0
split_feature=43 47 17 15 14 46 3 3 46 42 1 31 19 0 2 15 35 16 31 27 43 2 27 31 17 19 39 43 38 39
split_gain=3.49351 3.95269 4.25657 3.05598 5.72654 3.63651 4.96505 4.81769 2.7847 2.76343 4.66529 4.60397 4.97084 4.12639 2.71665 2.73757 3.18747 2.64293 3.64533 3.07351 1.83652 1.78118 1.9114 5.13516 1.84525 1.43898 1.24256 0.987241 0.715674 0.371977
threshold=9.5000000000000018 1.0000000180025095e-35 2.5000000000000004 9.5000000000000018 1.5000000000000002 115.00000000000001 57.500000000000007 16.500000000000004 105.00000000000001 12.500000000000002 3.5000000000000004 13.500000000000002 18.500000000000004 2.5000000000000004 15.500000000000002 75.500000000000014 1.5000000000000002 4.5000000000000009 10.500000000000002 29.500000000000004 13.500000000000002 22.500000000000004 25.500000000000004 8.5000000000000018 7.5000000000000009 31.500000000000004 1.5000000000000002 6.5000000000000009 2.5000000000000004 7.5000000000000009
decision_type=2 2 2 2 2 2 2 2 2 2 2 2 2 2 2 2 2 2 2 2 2 2 2 2 2 2 2 2 2 2
left_child=3 20 17 8 5 6 7 -5 9 11 13 12 -1 -11 15 16 -4 18 19 -3 -2 22 24 -24 -6 -20 -10 -8 -13 -28
right_child=1 2 14 4 21 -7 27 -9 26 10 -12 28 -14 -15 -16 -17 -18 -19 25 -21 -22 -23 23 -25 -26 -27 29 -29 -30 -31
leaf_value=0.013387602966004015 -0.067601723580797621 -0.041475268977573455 0.034103826127562235 -0.26088925228274507 0.023017448122427415 0.12473808755324724 -0.27981350133015392 -0.029936980478904498 0.01238951887475216 0.055393996520541486 0.21516229728132485 0.18095461012572966 -0.10985562390586522 -0.093465852027100921 -0.14178278320009796 0.14213608374653269 -0.1739214853064823 -0.23751975958361091 0.20314585891806225 0.10949579471864661 -0.25116830827963937 0.10161313568663882 -0.17439073669443714 0.10689205159184383 -0.083817820611002097 0.022910173463201761 -0.21309926195631138 -0.13083955844453068 0.084610293946091264 -0.096328908537393843
leaf_weight=85.551036842167377 3.963942874222993 117.01309625664726 39.49802263174206 3.236272618174552 86.101798101328313 3.2394953463226548 3.8868094151839605 35.181245069485158 2.1407728642225257 71.706190007738769 5.5149627681821576 4.272633168846367 12.310568628832696 6.6899231746792784 2.8816599408164612 7.2282067649066439 2.5708068786188951 2.0217627622187129 2.8399528171867123 4.6013962849974623 3.2892194157466292 7.2412901800125828 5.7689358629286271 3.3772980775684118 5.6592150926589957 2.9955201195552945 2.0361025379970674 2.411807794123888 6.3627197220921516 1.674874006770551
leaf_count=591 53 1991 481 30 636 33 52 312 20 433 26 20 100 42 42 29 44 46 17 42 42 44 61 25 63 47 23 44 50 43
internal_value=0 -0.0199248 -0.0146746 0.0106218 -0.00836328 -0.0605368 -0.073993 -0.0494717 0.0255707 0.0293231 0.0540439 0.0101986 -0.00212522 0.0426764 0.0290644 0.0390869 0.0213415 -0.0323045 -0.0290259 -0.0357514 -0.151147 0.0147739 0.00852905 -0.0704998 0.0164164 0.110893 -0.0975885 -0.223153 0.123492 -0.160924
internal_weight=0 188.904 181.65 354.364 156.104 47.9556 44.7161 38.4175 198.26 192.408 83.9111 108.497 97.8616 78.3961 52.1787 49.297 42.0688 129.472 127.45 121.614 7.25316 108.149 100.907 9.14623 91.761 5.83547 5.85175 6.29862 10.6354 3.71098
internal_count=5482 2834 2739 2648 1300 471 438 342 1348 1262 501 761 691 475 596 554 525 2143 2097 2033 95 829 785 86 699 64 86 96 70 66
is_linear=0
shrinkage=0.181418


Tree=12
num_leaves=37
num_cat=0
split_feature=5 30 38 6 46 38 13 43 49 47 42 47 38 18 25 3 15 19 16 19 49 11 39 25 25 49 42 30 15 43 39 38 16 31 43 6
split_gain=3.07774 3.79666 3.4772 3.24012 3.25311 5.23756 3.92182 3.15628 3.17494 3.92844 2.85825 2.80392 6.24296 2.69961 2.62877 4.42896 3.85797 4.11888 3.37087 3.76696 2.55866 2.13237 2.11336 2.10823 2.47017 2.06945 2.47597 1.49123 1.22956 2.10025 1.10942 1.10014 1.08549 1.84808 0.876117 0.485042
threshold=3.5000000000000004 1.0000000180025095e-35 155.00000000000003 3.5000000000000004 8.5000000000000018 11.500000000000002 1.5000000000000002 6.5000000000000009 15.500000000000002 3.5000000000000004 15.500000000000002 5.5000000000000009 95.000000000000014 1.5000000000000002 1.5000000000000002 17.500000000000004 20.500000000000004 95.500000000000014 14.500000000000002 34.500000000000007 12.500000000000002 4.5000000000000009 12.500000000000002 1.0000000180025095e-35 1.5000000000000002 13.500000000000002 45.000000000000007 1.5000000000000002 2.5000000000000004 7.5000000000000009 2.5000000000000004 6.5000000000000009 11.000000000000002 17.500000000000004 11.500000000000002 1.5000000000000002
decision_type=2 2 2 2 2 2 2 2 2 2 2 2 2 2 2 2 2 2 2 2 2 2 2 2 2 2 2 2 2 2 2 2 2 2 2 2
left_child=1 2 7 4 28 31 -7 8 20 -10 23 12 -9 -13 15 18 21 -18 19 -5 -1 -17 32 27 -25 26 -12 35 -2 -30 -28 -6 33 -16 -4 -3
right_child=3 10 34 14 5 6 -8 11 9 -11 25 13 -14 -15 22 16 17 -19 -20 -21 -22 -23 -24 24 -26 -27 30 -29 29 -31 -32 -33 -34 -35 -36 -37
leaf_value=0.011106310470580165 0.17881836534924561 -0.29874403650811349 0.22559271771748737 0.076773427926684928 -0.072076204785809256 -0.084561641870543797 0.1317777402249172 0.022826064426206369 -0.031203540791013715 0.13753628805356088 0.058186896356028937 -0.054296762011934417 -0.22114271270259805 0.054440127022463661 0.0953726199018754 -0.14479552357334716 0.0035807670218986278 -0.20554150891543288 0.16037103461335384 -0.028410383753895332 -0.056453629179728293 0.05707169808144312 -0.059248439402626134 0.050864673689873532 -0.19462887487984468 0.098435910941965202 -0.0061791014609382192 -0.038504446345373422 0.1428274799985581 -0.0039455340151487795 -0.16452641615111405 -0.27286946781355809 0.16595403633013853 -0.036336605584517269 0.073130003284101575 -0.19283251993502221
leaf_weight=128.1725841537118 6.8582492186687913 2.2861105455085653 2.369687106460332 19.597007965669036 1.6370792668312817 4.0414990545250467 8.6220017997547966 51.899880537763238 6.981264807283881 12.95000651385635 3.9540403224527818 85.867966010700911 3.6861572703346601 8.2240092661231738 13.687986926175663 13.086470025125889 41.276932202279568 3.3395635196939102 6.0768135357648125 26.137389325071126 21.53999815043062 1.974990096874534 4.2308645006269208 3.3852137965150169 2.2260328903794289 3.7523482441902152 2.0267253909260035 1.6810946557670829 8.0109003912657482 5.342266531661152 5.1946538966149092 2.0174709875136614 4.0029615834355345 4.7026942651718846 2.6357763316482306 4.2039750916883349
leaf_count=806 26 36 22 180 33 53 52 438 48 65 37 1680 61 116 91 210 401 58 31 288 147 24 46 37 36 30 17 23 36 44 78 32 20 51 45 84
internal_value=0 -0.00974482 -0.00414541 0.0196983 0.0677384 0.00745976 0.0627038 -0.00650036 0.0104405 0.0784388 -0.0729644 -0.0257016 0.00660028 -0.044785 0.00698608 -0.00524497 -0.0389344 -0.0121179 0.0335559 0.0166643 0.00138106 -0.118288 0.0581902 -0.132503 -0.0466937 -0.0179195 -0.0570684 -0.191252 0.116363 0.0841408 -0.120195 -0.183499 0.0804065 0.0616806 0.14571 -0.230645
internal_weight=0 353.038 324.327 174.643 36.5295 16.3181 12.6635 319.322 169.644 19.9313 28.7102 149.678 55.586 94.092 138.114 111.489 59.678 44.6165 51.8112 45.7344 149.713 15.0615 26.6245 13.7824 5.61125 14.9278 11.1754 8.17118 20.2114 13.3532 7.22138 3.65455 22.3936 18.3907 5.00546 6.49009
internal_count=5482 3806 3428 1676 276 170 105 3361 1066 113 378 2295 499 1796 1400 1192 693 459 499 468 953 234 208 216 73 162 132 143 106 80 95 65 162 142 67 120
is_linear=0
shrinkage=0.181418


Tree=13
num_leaves=22
num_cat=0
split_feature=31 46 39 46 47 38 47 4 15 48 43 0 42 29 38 18 38 7 13 39 15
split_gain=3.05718 2.64154 1.84816 4.20557 3.79521 3.03158 2.80051 3.24557 2.96186 2.72611 1.86041 4.01115 2.11995 1.28974 1.03112 1.03088 0.680562 0.456295 0.342759 0.0943896 0.0174407
threshold=35.500000000000007 135.00000000000003 5.5000000000000009 1.0000000180025095e-35 13.500000000000002 25.000000000000004 2.5000000000000004 1.5000000000000002 3.5000000000000004 5.5000000000000009 10.500000000000002 5.5000000000000009 105.00000000000001 1.5000000000000002 55.000000000000007 3.5000000000000004 65.000000000000014 1.5000000000000002 2.5000000000000004 9.5000000000000018 4.5000000000000009
decision_type=2 2 2 2 2 2 2 2 2 2 2 2 2 2 2 2 2 2 2 2 2
left_child=1 2 4 5 10 20 8 -8 -5 -7 12 -12 -1 17 -2 16 -6 -3 19 -19 -4
right_child=14 13 3 6 15 9 7 -9 -10 -11 11 -13 -14 -15 -16 -17 -18 18 -20 -21 -22
leaf_value=0.018127234783051876 0.046896218022359638 -0.059814201214089285 -0.28327638294502017 0.1085671350349954 -0.22666925380409569 0.0051734939812428261 -0.033255519693344782 0.010883024827142549 0.0021726400399427531 -0.14761297708115365 -0.080294253925952491 0.055543763969931409 0.11688825979109299 0.043751036659805183 0.1766849406207838 0.019557956294327727 -0.040828529701889306 -0.22547784178293329 -0.083910872625801783 -0.16193416434710878 -0.23821342356564237
leaf_weight=186.43678727000952 4.126494085416196 1.7783727273344974 1.5268909223377733 13.823764856904743 3.0815865364857014 8.7765035750344378 112.95722853858024 106.52018533786759 22.819925886578858 6.8221329376101485 18.111558822914962 11.809274361934511 7.4286211151629677 1.5638800058513878 3.956699101254344 0.98685379419475783 0.83155708387494076 1.909939765930176 1.2294554929248986 1.6849775761365888 1.3933199308812616
leaf_count=1136 37 50 28 83 119 114 1596 1234 183 80 327 120 48 26 22 15 18 78 43 94 31
internal_value=0 -0.00175061 -8.83538e-05 -0.01012 0.0119581 -0.0935807 -0.00408055 -0.0118332 0.0423373 -0.0616967 0.0154205 -0.0266737 0.0219195 -0.104027 0.110617 -0.145787 -0.18747 -0.139074 -0.168032 -0.196377 -0.26289
internal_weight=0 511.493 503.326 274.64 228.686 18.5188 256.121 219.477 36.6437 15.5986 223.786 29.9208 193.865 8.16663 8.08319 4.9 3.91314 6.60275 4.82437 3.59492 2.92021
internal_count=5482 5423 5132 3349 1783 253 3096 2830 266 194 1631 447 1184 291 59 152 137 265 215 172 59
is_linear=0
shrinkage=0.181418


Tree=14
num_leaves=41
num_cat=0
split_feature=47 38 49 43 29 5 7 49 19 39 39 38 24 38 19 19 12 48 30 46 15 27 7 38 19 7 5 4 9 31 39 39 39 42 47 14 15 12 49 27
split_gain=2.14736 3.12906 2.93275 2.39021 4.13791 3.2977 2.47833 2.3861 4.87396 5.24581 4.2971 2.76052 3.25504 2.66846 2.49354 2.27514 3.12891 2.72242 3.83872 4.44758 3.12588 5.6293 2.93431 2.47231 2.08872 2.30788 2.44376 2.11146 1.9344 1.91787 1.54898 1.45369 1.25564 1.20566 0.885078 0.88315 0.427415 0.0953665 0.0195616 0.00153579
threshold=9.5000000000000018 2.5000000000000004 3.5000000000000004 14.500000000000002 1.0000000180025095e-35 9.5000000000000018 44.500000000000007 10.500000000000002 1.0000000180025095e-35 4.5000000000000009 15.500000000000002 115.00000000000001 3.5000000000000004 5.5000000000000009 7.5000000000000009 95.500000000000014 1.0000000180025095e-35 3.5000000000000004 1.0000000180025095e-35 1.5000000000000002 3.5000000000000004 2.5000000000000004 20.500000000000004 19.000000000000004 5.5000000000000009 6.5000000000000009 1.0000000180025095e-35 14.500000000000002 1.0000000180025095e-35 6.5000000000000009 7.5000000000000009 11.500000000000002 2.5000000000000004 3.5000000000000004 3.5000000000000004 1.0000000180025095e-35 1.0000000180025095e-35 2.5000000000000004 14.500000000000002 1.0000000180025095e-35
decision_type=2 2 2 2 2 2 2 2 2 2 2 2 2 2 2 2 2 2 2 2 2 2 2 2 2 2 2 2 2 2 2 2 2 2 2 2 2 2 2 2
left_child=7 36 24 5 28 6 -4 15 9 33 11 12 -10 -11 -12 17 -17 20 22 -20 23 -22 -19 -1 25 26 -3 32 -5 -6 -7 -13 -26 -9 -15 -18 -2 38 39 -38
right_child=1 2 3 4 29 30 -8 8 10 13 14 31 -14 34 -16 16 35 18 19 -21 21 -23 -24 -25 27 -27 -28 -29 -30 -31 -32 -33 -34 -35 -36 -37 37 -39 -40 -41
leaf_value=0.0042341557451746146 -0.058443774435021301 -0.017618139823577687 0.0041031763627973651 -0.15547466360134116 0.15204668014855258 -0.2008327388329787 0.084031102508466918 0.097281861488690988 0.029161824689237042 0.017886901933311744 0.0069466891389222745 0.054141837222016036 0.15953944646477039 -0.12189465030314647 -0.26424322822475899 0.18732035673972894 0.063671384432527886 -0.031192626755131354 -0.20741821530985527 -0.036905919972895745 -0.096240559236694584 0.021616609963154582 0.038136753073534813 0.093508497954367151 -0.02181987544036855 0.12740691702926046 -0.26721862700194327 0.037311090463754082 0.090339354205525871 -0.042512273231109413 -0.030922862630047652 0.2002214575159072 -0.21244064734027765 -0.02123177590471878 -0.24204157257418524 -0.080239125658789504 -0.18032751042814441 -0.13991342780469396 -0.26180281627284152 -0.22030153654497153
leaf_weight=19.091301635839045 0.80540185840800305 5.9920624312944728 57.948793047573417 10.077634371584283 3.1801356417126945 3.1982816816307595 16.36715784529224 5.1935370303690451 107.14746608352289 2.6006800280883899 2.108322797343134 3.8448086623102409 6.686536541208624 3.5134005285799486 2.3541415883228183 4.7158738747239095 2.6239073192700744 71.125778039451689 7.6016452834010151 14.89555754791945 18.611806742846966 46.985914717894047 27.988167327828705 21.948955819010735 1.3820959073491375 2.5529344147071242 1.6351511627435682 1.8133639516308901 1.1677385354414571 3.4810176608152688 3.9440603274852037 5.4209943553432822 6.5515101682394743 6.1667734328657389 4.9067154508084059 2.9895417140796781 0.56773599237203676 0.65095609426498402 0.64191105915233482 1.3543091681785879
leaf_count=191 25 131 862 342 37 65 167 19 801 26 26 39 38 31 43 19 16 562 59 172 256 443 209 147 21 31 27 23 21 60 61 37 160 49 78 42 26 27 22 71
internal_value=0 -0.0208569 -0.0155406 -0.00279654 -0.062788 0.0103958 0.0217195 0.00662015 0.0245531 -0.0535107 0.0382548 0.0446 0.0368376 -0.142619 -0.136393 -0.00465026 0.078578 -0.00842147 -0.0269742 -0.0946083 0.012735 -0.0118309 -0.0116109 0.0519975 -0.0790384 -0.0214983 -0.071485 -0.139017 -0.129863 0.050448 -0.107241 0.139774 -0.17934 0.0329758 -0.192173 -0.0129428 -0.178045 -0.207623 -0.224016 -0.209771
internal_weight=0 123.312 119.292 99.3648 17.9065 81.4583 74.316 388.522 149.943 22.3811 127.562 123.1 113.834 11.0208 4.46246 238.578 10.3293 228.249 121.611 22.4972 106.638 65.5977 99.1139 41.0403 19.9271 10.1801 7.62721 9.74697 11.2454 6.66115 7.14234 9.2658 7.93361 11.3603 8.42012 5.61345 4.02031 3.21491 2.56396 1.92205
internal_count=5482 2179 2008 1615 460 1155 1029 3303 1187 203 984 915 839 135 69 2116 77 2039 1002 231 1037 699 771 338 393 189 158 204 363 97 126 76 181 68 109 58 171 146 119 97
is_linear=0
shrinkage=0.181418


Tree=15
num_leaves=32
num_cat=0
split_feature=39 4 46 27 49 48 2 9 13 3 42 46 19 15 3 19 19 38 25 39 35 6 46 46 43 46 3 15 39 2 19
split_gain=2.09343 2.29942 2.38309 2.29153 2.144 2.77544 1.98379 1.99725 1.9699 6.56599 2.67084 3.84985 2.94943 2.65042 4.00367 2.44076 2.23943 2.97566 2.00636 3.64017 3.08779 2.99784 2.11551 1.98364 1.96934 1.83074 1.5361 1.50448 1.33582 1.19569 0.495076
threshold=7.5000000000000009 36.500000000000007 1.5000000000000002 8.5000000000000018 8.5000000000000018 4.5000000000000009 22.500000000000004 2.5000000000000004 1.5000000000000002 20.500000000000004 95.000000000000014 35.000000000000007 11.500000000000002 7.5000000000000009 31.500000000000004 1.0000000180025095e-35 53.500000000000007 10.500000000000002 1.0000000180025095e-35 5.5000000000000009 1.0000000180025095e-35 4.5000000000000009 10.500000000000002 55.000000000000007 5.5000000000000009 145.00000000000003 43.500000000000007 28.500000000000004 6.5000000000000009 5.5000000000000009 7.5000000000000009
decision_type=2 2 2 2 2 2 2 2 2 2 2 2 2 2 2 2 2 2 2 2 2 2 2 2 2 2 2 2 2 2 2
left_child=8 2 3 4 5 -2 7 25 9 18 11 16 29 -11 28 -16 17 -10 20 23 22 -22 -1 -20 -14 -4 -18 -12 -15 -13 -6
right_child=1 -3 6 -5 30 -7 -8 -9 10 13 27 12 24 14 15 -17 26 -19 19 -21 21 -23 -24 -25 -26 -27 -28 -29 -30 -31 -32
leaf_value=0.030553728912063361 -0.12295706155847669 0.12797519053270687 -0.008362908148230987 0.029173349483608408 -0.16407960216013878 0.13818753361339556 0.114382025784525 -0.13848986174515676 -0.019413522585422536 0.10217662836176153 0.17433228283214597 0.090344479978907377 -0.21971488807350253 -0.25958364839051962 0.11888180082041233 -0.079990354711434869 0.17134883273155502 0.065721230380890075 -0.094325624946655584 0.2226265694956919 -0.26576322983150885 0.030546194002461714 -0.01346884091536521 0.10574206072068519 -0.050601242178131535 -0.17573361636010368 0.052376787701688438 0.043139256576875187 -0.091730157515541311 -0.045573661766604552 -0.27886148995036569
leaf_weight=86.092197560705245 4.9607509258203226 3.6933575230650595 180.88589983060956 4.5171839748509219 3.7018423099070787 1.8218083921819923 4.0897510619834057 4.0818488504737607 27.561364301014692 2.2878661062568453 6.1307963905855996 4.1905191759578901 4.1207196488976461 5.3813855601474669 2.3517309399321702 14.444710324984042 6.1391178173944345 26.484135710634291 3.2856824528425914 4.1074420372024179 2.613064140547066 1.9592583980411289 61.635627419920638 3.215536730363965 5.0481521878391504 2.1652152012102297 8.5728436922654492 5.4397090384736657 2.2268729405477643 4.3076576925814152 1.9418677072972057
leaf_count=590 95 17 2438 47 57 17 33 46 318 26 53 27 37 103 18 206 36 133 39 24 47 21 643 21 49 125 58 54 25 37 42
internal_value=0 -0.0136841 -0.0162055 -0.0813932 -0.121592 -0.0526655 -0.0104238 -0.0131595 0.0100806 -0.000712992 0.0309637 0.0199943 -0.0555135 -0.0840974 -0.101609 -0.0520697 0.0394049 0.022307 0.0129534 0.0891941 0.00763494 -0.138998 0.0121855 0.00461061 -0.126812 -0.0103549 0.102134 0.112778 -0.210699 0.0214576 -0.204109
internal_weight=0 211.86 208.166 16.9435 12.4263 6.78256 191.223 187.133 287.596 189.601 97.995 86.4245 17.667 26.6926 24.4047 16.7964 68.7575 54.0455 162.909 10.6087 152.3 4.57232 147.728 6.50122 9.16887 183.051 14.712 11.5705 7.60826 8.49818 5.64371
internal_count=5482 2917 2900 258 211 112 2642 2609 2565 1763 802 695 150 378 352 224 545 451 1385 84 1301 68 1233 60 86 2563 94 107 128 64 99
is_linear=0
shrinkage=0.181418


Tree=16
num_leaves=45
num_cat=0
split_feature=38 42 38 48 47 47 47 31 17 15 38 49 6 4 29 39 14 13 27 47 2 27 7 19 39 4 7 49 7 38 46 18 46 47 27 43 15 39 25 7 46 7 43 2
split_gain=2.31928 5.44945 3.34623 3.06709 2.38549 2.17983 3.13482 3.30908 4.56949 2.44468 2.57436 2.27003 2.15497 3.36865 3.85303 3.12624 3.42772 4.81221 2.97794 2.75243 2.69907 3.64177 3.18208 2.53074 4.13909 2.81056 2.27002 2.08021 3.74887 2.02144 1.702 1.31486 1.23895 1.21411 1.1986 1.53102 1.17785 1.04608 0.998481 2.07798 1.12306 0.875727 0.292015 0.0562516
threshold=9.5000000000000018 6.5000000000000009 5.5000000000000009 4.5000000000000009 8.5000000000000018 10.500000000000002 4.5000000000000009 12.500000000000002 2.5000000000000004 1.0000000180025095e-35 7.5000000000000009 12.500000000000002 1.0000000180025095e-35 1.0000000180025095e-35 1.0000000180025095e-35 11.500000000000002 3.5000000000000004 1.0000000180025095e-35 19.500000000000004 6.5000000000000009 2.5000000000000004 21.500000000000004 4.5000000000000009 19.500000000000004 1.5000000000000002 2.5000000000000004 6.5000000000000009 11.500000000000002 1.5000000000000002 4.5000000000000009 13.500000000000002 4.5000000000000009 7.5000000000000009 13.500000000000002 24.500000000000004 10.500000000000002 2.5000000000000004 8.5000000000000018 1.0000000180025095e-35 1.5000000000000002 10.500000000000002 1.5000000000000002 12.500000000000002 1.5000000000000002
decision_type=2 2 2 2 2 2 2 2 2 2 2 2 2 2 2 2 2 2 2 2 2 2 2 2 2 2 2 2 2 2 2 2 2 2 2 2 2 2 2 2 2 2 2 2
left_child=1 2 4 32 29 6 11 8 -8 10 41 36 13 14 18 16 17 -15 19 -2 22 23 27 24 -22 -25 -24 28 -14 31 -28 -1 -4 42 -23 -36 -3 -5 40 -40 -11 -7 -17 -9
right_child=12 5 3 37 -6 9 7 43 -10 38 -12 -13 20 15 -16 33 -18 -19 -20 -21 21 34 26 25 -26 -27 30 -29 -30 -31 -32 -33 -34 -35 35 -37 -38 -39 39 -41 -42 -43 -44 -45
leaf_value=0.017982342173863283 0.013498623680332179 -0.092217408161246531 -0.054533764490583531 -0.20369424843241402 0.15396229735893507 -0.20774528075443455 -0.037971838161042056 -0.24426566287843479 0.10668973524560536 -0.10107652916110754 0.16746706272538012 0.0011125189531471589 0.16786101175203511 -0.012055422394656616 0.14082136970580267 -0.24940659469911455 0.081915432021133897 -0.20905698053805621 0.133535720478696 -0.056669543647071989 -0.23328423683183128 0.13169843743917298 -0.12772942579532351 0.1398153180699622 -0.035332781361945682 -0.0086342632247528011 0.056650191269952264 0.1865546784930199 -0.11084260766964067 0.12177063251271511 0.0092305786730439102 -0.066507804862214387 0.11209495378630192 -0.03219151475501749 -0.02337617875214364 0.09581399339153375 -0.23605794023861118 -0.072519573861900472 0.20481425136937406 -0.13140172506262257 -0.21593279303739027 -0.014317020632380436 -0.15008713932588935 -0.18012677789635373
leaf_weight=58.658931458368897 51.569198654033244 3.3045907001942378 2.8935387181118122 4.3052639048546535 4.5273377848789087 1.3554004142060905 24.864617916289717 1.2918464625254267 10.094228368718175 4.8251109309494478 1.9213394755497573 3.5162296053022146 3.5839757248759252 13.701048281975096 6.5849587311968198 3.3398675434291354 6.4230156168341628 5.802858553826808 4.932895101606845 28.588057899847627 3.9475674014538518 6.1915577668696669 3.0091149248182765 4.7006418891251078 28.609446573769674 38.395800543949008 47.710399414645508 7.2827093247324228 2.8338901768438518 5.7031647814437738 52.154451292008162 6.7484714090824118 2.9578929720446467 1.5053135177586225 7.1112531358376128 7.0535999936982989 4.4063347615301609 3.7779694143682718 0.76332181738689486 2.7479049586690962 6.8227306050248444 1.7745031928643582 1.4971446888521311 1.1127849644981322
leaf_count=359 392 38 38 45 40 29 478 29 90 111 29 32 24 136 42 66 30 77 38 484 23 32 34 35 338 439 431 36 42 38 544 52 29 39 71 54 61 25 15 112 301 51 35 38
internal_value=0 -0.0181029 0.0113887 -0.0702648 0.0264429 -0.0564966 -0.0356493 -0.0103705 0.00381485 -0.106559 0.00271262 -0.119659 0.00851972 -0.0104912 0.00725285 -0.0608915 -0.032916 -0.0707692 -0.00309952 -0.011529 0.0196047 -0.00291859 0.0381548 -0.0212499 -0.0594166 0.00758678 0.0272062 0.120256 0.0447874 0.0182972 0.0318913 0.00925151 0.0297191 -0.174948 0.0651716 0.0359927 -0.174675 -0.142605 -0.142956 -0.057812 -0.168521 -0.0986104 -0.219147 -0.215692
internal_weight=0 158.374 89.5726 13.9347 75.6379 68.8009 48.5906 37.3635 34.9588 20.2103 5.05124 11.2272 336.529 123.944 91.6751 32.2692 25.9269 19.5039 85.0902 80.1573 212.584 96.0099 116.575 75.6535 32.557 43.0964 102.874 13.7006 6.41787 71.1106 99.8649 65.4074 5.85143 6.34233 20.3564 14.1649 7.71093 8.08323 15.1591 3.51123 11.6478 3.1299 4.83701 2.40463
internal_count=5482 2040 626 137 489 1414 766 635 568 648 109 131 3442 1339 956 383 243 213 914 876 2103 992 1111 835 361 474 1009 102 66 449 975 411 67 140 157 125 99 70 539 127 412 80 101 67
is_linear=0
shrinkage=0.181418


end of trees

feature_importances:
ninki_1=59
result_1=45
ninki_3=43
result_3=41
result_2=39
umaban=34
ninki_2=28
mf_courseout=27
f_classout=26
mf_classout=25
f_lenout=23
mf_classout.1=18
f_courseout=15
f_course1=14
f_len2=14
f_len3=14
mf_len1=14
mf_course2=12
f_len1=12
waku=12
f_course3=11
mf_course3=11
mf_class2=11
f_course2=10
mf_course1=10
mf_len3=9
f_class1=8
f_class2=8
mf_len2=7
mf_class3=7
f_mf_courseout=6
f_mf_classout=6
f_mf_classout.1=6
f_mf_course2=3
f_class3=3
mf_class1=2
f_mf_course1=1
f_mf_course3=1
f_mf_len2=1
time_df_course2=1
time_df_course3=1

parameters:
[boosting: gbdt]
[objective: lambdarank]
[metric: ndcg]
[tree_learner: serial]
[device_type: cpu]
[data_sample_strategy: bagging]
[data: ]
[valid: ]
[num_iterations: 129]
[learning_rate: 0.181418]
[num_leaves: 62]
[num_threads: 16]
[seed: 0]
[deterministic: 0]
[force_col_wise: 1]
[force_row_wise: 0]
[histogram_pool_size: -1]
[max_depth: 6]
[min_data_in_leaf: 29]
[min_sum_hessian_in_leaf: 0.001]
[bagging_fraction: 1]
[pos_bagging_fraction: 1]
[neg_bagging_fraction: 1]
[bagging_freq: 0]
[bagging_seed: 7719]
[feature_fraction: 1]
[feature_fraction_bynode: 1]
[feature_fraction_seed: 2437]
[extra_trees: 0]
[extra_seed: 11797]
[early_stopping_round: 0]
[first_metric_only: 0]
[max_delta_step: 0]
[lambda_l1: 0.00109804]
[lambda_l2: 0.0118124]
[linear_lambda: 0]
[min_gain_to_split: 0]
[drop_rate: 0.1]
[max_drop: 50]
[skip_drop: 0.5]
[xgboost_dart_mode: 0]
[uniform_drop: 0]
[drop_seed: 21238]
[top_rate: 0.2]
[other_rate: 0.1]
[min_data_per_group: 100]
[max_cat_threshold: 32]
[cat_l2: 10]
[cat_smooth: 10]
[max_cat_to_onehot: 4]
[top_k: 20]
[monotone_constraints: ]
[monotone_constraints_method: basic]
[monotone_penalty: 0]
[feature_contri: ]
[forcedsplits_filename: ]
[refit_decay_rate: 0.9]
[cegb_tradeoff: 1]
[cegb_penalty_split: 0]
[cegb_penalty_feature_lazy: ]
[cegb_penalty_feature_coupled: ]
[path_smooth: 0]
[interaction_constraints: ]
[verbosity: -1]
[saved_feature_importance_type: 0]
[use_quantized_grad: 0]
[num_grad_quant_bins: 4]
[quant_train_renew_leaf: 0]
[stochastic_rounding: 1]
[linear_tree: 0]
[max_bin: 255]
[max_bin_by_feature: ]
[min_data_in_bin: 3]
[bin_construct_sample_cnt: 200000]
[data_random_seed: 38]
[is_enable_sparse: 1]
[enable_bundle: 1]
[use_missing: 1]
[zero_as_missing: 0]
[feature_pre_filter: 1]
[pre_partition: 0]
[two_round: 0]
[header: 0]
[label_column: ]
[weight_column: ]
[group_column: ]
[ignore_column: ]
[categorical_feature: ]
[forcedbins_filename: ]
[precise_float_parser: 0]
[parser_config_file: ]
[objective_seed: 8855]
[num_class: 1]
[is_unbalance: 0]
[scale_pos_weight: 1]
[sigmoid: 1]
[boost_from_average: 1]
[reg_sqrt: 0]
[alpha: 0.9]
[fair_c: 1]
[poisson_max_delta_step: 0.7]
[tweedie_variance_power: 1.5]
[lambdarank_truncation_level: 30]
[lambdarank_norm: 1]
[label_gain: ]
[lambdarank_position_bias_regularization: 0]
[eval_at: 1,3,5]
[multi_error_top_k: 1]
[auc_mu_weights: ]
[num_machines: 1]
[local_listen_port: 12400]
[time_out: 120]
[machine_list_filename: ]
[machines: ]
[gpu_platform_id: -1]
[gpu_device_id: -1]
[gpu_use_dp: 0]
[num_gpu: 1]

end of parameters

pandas_categorical:[]
