tree
version=v4
num_class=1
num_tree_per_iteration=1
label_index=0
max_feature_idx=49
objective=lambdarank
feature_names=f_course1 f_course2 f_course3 f_courseout mf_course1 mf_course2 mf_course3 mf_courseout f_mf_course1 f_mf_course2 f_mf_course3 f_mf_courseout f_len1 f_len2 f_len3 f_lenout mf_len1 mf_len2 mf_len3 mf_classout f_mf_len1 f_mf_len2 f_mf_len3 f_mf_classout f_class1 f_class2 f_class3 f_classout mf_class1 mf_class2 mf_class3 mf_classout.1 f_mf_class1 f_mf_class2 f_mf_class3 f_mf_classout.1 time_df_course1 time_df_class1 ninki_1 result_1 time_df_course2 time_df_class2 ninki_2 result_2 time_df_course3 time_df_class3 ninki_3 result_3 waku umaban
feature_infos=[0:51] [0:38] [0:38] [0:328] [0:43] [0:37] [0:30] [0:300] [0:11] [0:8] [0:7] [0:46] [0:15] [0:13] [0:13] [0:90] [0:8] [0:8] [0:12] [0:72] [0:3] [0:4] [0:3] [0:16] [0:4] [0:7] [0:5] [0:36] [0:4] [0:4] [0:5] [0:43] [0:2] [0:2] [0:2] [0:8] [-1:0] [-1:0] [-1:180] [-1:120] [-1:0] [-1:0] [-1:180] [-1:170] [-1:0] [-1:0] [-1:180] [-1:180] [1:8] [1:18]
tree_sizes=4619 4625 4648 4666 4643 4656 4623 4633 4661 4658 4651 4645 4652 4647 4641 4661 4651 4654 4644

Tree=0
num_leaves=43
num_cat=0
split_feature=43 47 47 42 42 39 38 8 39 31 49 39 38 43 13 14 19 7 6 15 39 43 25 43 27 38 3 43 49 47 15 3 3 46 19 39 42 31 0 49 48 46
split_gain=109.289 24.0043 18.126 16.7726 14.8433 13.573 12.053 10.1277 9.59895 9.05105 8.89787 7.66006 7.06151 6.93468 6.41181 7.02713 6.37679 8.12297 8.63642 7.98133 6.03821 5.29781 12.1074 7.5897 5.1168 5.00884 5.00719 4.95377 4.94819 4.47151 4.46926 10.2902 4.17661 3.89065 3.67251 3.42686 3.33039 8.78728 3.2521 4.67808 3.31124 3.12679
threshold=6.5000000000000009 6.5000000000000009 6.5000000000000009 10.500000000000002 6.5000000000000009 2.5000000000000004 5.5000000000000009 1.0000000180025095e-35 6.5000000000000009 1.5000000000000002 12.500000000000002 1.5000000000000002 6.5000000000000009 11.500000000000002 1.0000000180025095e-35 1.5000000000000002 7.5000000000000009 9.5000000000000018 1.0000000180025095e-35 10.500000000000002 4.5000000000000009 9.5000000000000018 1.0000000180025095e-35 14.500000000000002 4.5000000000000009 55.000000000000007 14.500000000000002 9.5000000000000018 6.5000000000000009 3.5000000000000004 4.5000000000000009 18.500000000000004 8.5000000000000018 6.5000000000000009 2.5000000000000004 2.5000000000000004 4.5000000000000009 5.5000000000000009 6.5000000000000009 8.5000000000000018 2.5000000000000004 6.5000000000000009
decision_type=2 2 2 2 2 2 2 2 2 2 2 2 2 2 2 2 2 2 2 2 2 2 2 2 2 2 2 2 2 2 2 2 2 2 2 2 2 2 2 2 2 2
left_child=2 10 8 6 41 -6 -3 13 11 -9 20 24 35 27 28 -16 17 18 33 -18 26 22 36 -23 38 29 -2 -5 -10 -17 31 -29 -30 -8 -26 -13 -22 -38 39 40 -1 -4
right_child=1 3 4 7 5 -7 16 9 14 -11 -12 12 -14 -15 15 25 19 -19 -20 -21 21 23 -24 -25 34 -27 -28 30 32 -31 -32 -33 -34 -35 -36 -37 37 -39 -40 -41 -42 -43
leaf_value=0.044301685531497013 -0.030057152257335667 -0.1064842988111829 0.003225941976484974 -0.098040515742563616 0.048227189095470545 -0.072722974934965795 0.022745913548848366 0.035797308248192203 -0.067806348465520777 -0.08967892727099977 -0.08649836586915699 0.067411475607127416 0.085129661690120761 -0.11592866259832693 0.0789519033626703 0.064431984346019239 0.079899421720203062 -0.10243415465489727 0.080627175849470378 -0.042583976921229068 0.091000373441425628 -0.064525113639044035 -0.099676908174240589 0.042936923210530116 0.023713532622985308 -0.065786669828268529 0.06783496326537676 -0.068428908735562927 -0.036046215464082314 -0.035024446967633439 -0.092182717347589566 0.082561138516201782 0.056586250209350229 -0.086075320232547367 -0.10097980139669072 -0.029468633021280662 -0.027121188827468567 0.096901572706120168 0.091133946083793049 0.070040228471331151 -0.041088170086910361 0.072665248903014346
leaf_weight=3.091611418873077 2.6682088263332835 5.2367079593241241 3.7668790370225924 10.414009135216476 4.9711885005235699 13.181840769946573 2.022229667752983 4.9751176349818689 4.2169932574033719 4.0474767461419106 4.6653668805956832 2.4421924091875544 45.723114009946585 24.713416736572981 10.852183256298305 5.4363446682691556 6.1134845986962301 4.060851424932479 3.4741919338703156 3.1114384457468987 3.6338728144764927 10.531924549490212 2.9331551305949679 3.3625776991248122 1.9273718036711209 2.6927598230540744 8.3335641883313638 4.4446367993950826 3.332878764718771 2.5748581849038601 3.8281103856861591 2.8837057650089264 4.3415629491209984 3.3841647580265999 1.7084665708243845 3.3369386047124863 5.8004990480840188 3.5884713530540466 4.6377635747194281 6.133579071611166 4.0849405974149704 7.9973536394536495
leaf_count=22 32 78 37 152 34 180 14 36 55 59 77 17 214 366 55 34 27 58 16 36 14 136 42 21 19 37 50 55 39 31 55 12 27 47 26 44 61 14 20 34 44 40
internal_value=0 -0.0414691 0.0389704 -0.0615464 -0.0040252 -0.0395122 -0.0214285 -0.081379 0.0510526 -0.0204896 -0.00494415 0.0637649 0.0768941 -0.0932017 0.0232062 0.0435421 -0.00115562 -0.0295082 0.00397041 0.0384627 0.00440465 -0.0101744 0.0143621 -0.0383984 0.0323154 0.00740564 0.0439739 -0.0669741 -0.0135827 0.0323151 -0.0376716 -0.00875908 0.0162311 -0.045276 -0.0349583 0.011431 0.04032 0.0203361 0.0460446 0.0300633 -0.00411395 0.0505967
internal_weight=0 128.227 136.451 82.7095 29.9173 18.153 27.4031 55.3065 106.534 9.02259 45.5176 73.086 51.5022 46.2839 33.4476 21.5561 22.1664 12.9414 8.88059 9.22492 40.8523 29.8505 15.956 13.8945 21.5837 10.704 11.0018 21.5705 11.8914 8.0112 11.1565 7.32834 7.67444 5.40639 3.63584 5.77913 13.0228 9.38897 17.9479 13.3101 7.17655 11.7642
internal_count=2467 1458 1009 1011 291 214 276 735 718 95 447 440 275 640 278 157 198 135 77 63 370 288 131 157 165 102 82 274 121 65 122 67 66 61 45 61 89 75 120 100 66 77
is_linear=0
shrinkage=0.0625684


Tree=1
num_leaves=43
num_cat=0
split_feature=43 38 47 38 3 49 39 39 25 1 2 19 23 6 11 46 4 12 3 6 5 48 16 3 39 3 15 49 2 47 6 3 39 4 19 49 38 17 7 19 1 3
split_gain=71.6353 31.5212 24.0759 19.5146 15.6117 15.1637 15.8686 13.4142 14.4104 12.695 12.2921 15.6628 18.1952 13.2878 16.4191 10.2907 11.548 9.72111 12.1658 9.42377 9.42799 9.03011 13.3178 14.6188 12.4173 12.0603 16.2522 10.637 10.5845 10.2875 8.21467 8.18434 7.62907 7.86523 7.22245 11.096 6.20058 15.667 9.20105 8.70625 6.19308 8.13389
threshold=10.500000000000002 75.000000000000014 5.5000000000000009 12.500000000000002 17.500000000000004 3.5000000000000004 5.5000000000000009 12.500000000000002 1.0000000180025095e-35 2.5000000000000004 22.500000000000004 21.500000000000004 2.5000000000000004 15.500000000000002 1.0000000180025095e-35 11.500000000000002 1.5000000000000002 1.0000000180025095e-35 14.500000000000002 1.5000000000000002 4.5000000000000009 6.5000000000000009 1.0000000180025095e-35 9.5000000000000018 6.5000000000000009 48.500000000000007 11.500000000000002 5.5000000000000009 7.5000000000000009 2.5000000000000004 8.5000000000000018 6.5000000000000009 3.5000000000000004 1.5000000000000002 1.0000000180025095e-35 10.500000000000002 7.5000000000000009 1.5000000000000002 1.5000000000000002 3.5000000000000004 2.5000000000000004 11.500000000000002
decision_type=2 2 2 2 2 2 2 2 2 2 2 2 2 2 2 2 2 2 2 2 2 2 2 2 2 2 2 2 2 2 2 2 2 2 2 2 2 2 2 2 2 2
left_child=1 2 10 -2 -5 -3 -7 8 17 -6 11 12 21 14 -13 -10 -17 18 32 -11 -21 22 24 -24 27 26 29 -1 -25 -23 40 -19 33 -4 -34 -36 39 38 -38 -33 41 -8
right_child=3 5 7 4 9 6 30 -9 15 19 -12 13 -14 -15 -16 16 -18 31 -20 20 -22 25 23 28 -26 -27 -28 -29 -30 -31 -32 36 34 -35 35 -37 37 -39 -40 -41 -42 -43
leaf_value=0.034097455505660991 -0.07962094455928645 -0.099211993042986626 -0.01166934724579512 -0.078232817516590739 0.062747533154426327 0.028093641848684507 -0.097311705752348598 0.043780749013759813 -0.099303082779408525 -0.0796645377995088 0.079976464939343864 0.019282416714146107 0.11256408827500573 0.03046877664497169 -0.09610354662919264 0.03601490819666827 -0.094891979921419206 0.096064145999544895 -0.075349041480255813 0.066867859694322754 -0.053224464137450495 -0.040831933098804604 0.054694198182843538 -0.072071453383229164 0.0060130693830841714 -0.044555351329022011 0.089928093441442397 0.076572333220734951 0.015034011164700538 0.031646640064503087 0.012135098954259049 0.08107204541525885 -0.079317311723925005 0.086780528367424545 0.023285913465823222 -0.092305214659623741 0.031125541693193721 0.078901390792485093 -0.079498292839973256 -0.023384172262426145 -0.09127354320973835 0.0079364226910648497
leaf_weight=49.108543919399381 46.732055934146047 10.661744775250552 6.4781637713313085 12.386242395266889 9.9230231028050202 19.046280812472105 4.4040508139878538 18.164409728720784 11.713699217885734 7.3298111855983761 16.0810477565974 8.1422737352550048 9.8811553306877595 14.089276205748318 11.744268145412205 6.7330091334879381 4.2868877220898867 4.946233592927455 12.082059029489754 5.6726155411452037 4.6022036783397198 13.947534872218968 11.851038876920937 11.681823236867787 27.116864200681448 14.625240018591283 10.188680350780485 43.922663927078247 10.180130306631325 16.940056391060352 7.8925068676471701 8.4495585188269597 6.5885000117123154 6.1557332649827003 14.212474316358568 4.1785089634358874 4.1287733204662826 5.2807685658335677 9.9907407686114293 4.9034920632839194 12.861834065988658 8.1033105589449388
leaf_count=116 445 78 34 143 42 48 47 69 87 71 35 23 12 38 44 30 29 13 63 28 43 46 26 38 97 56 14 73 28 44 41 26 49 15 71 28 16 17 70 33 94 47
internal_value=0 0.00981609 0.0163294 -0.0521835 -0.0199921 -0.0312991 -0.0173815 -0.00597236 -0.0141993 0.00623583 0.0269495 0.0235702 0.0296921 -0.0159278 -0.0488509 -0.0585392 -0.0149406 -0.00263494 -0.0208156 -0.0256124 0.0129711 0.0257621 0.0335765 -0.00114226 0.0433253 0.00414987 0.0215404 0.0541831 -0.0314981 -0.00105431 -0.0434568 0.0212985 -0.00321811 0.0363128 -0.0232778 -0.00303507 0.00988827 -0.0126505 -0.0470743 0.0426676 -0.0607889 -0.0291934
internal_weight=0 460.763 397.794 86.646 39.9139 62.9697 52.308 128.293 110.129 27.5277 269.501 253.42 219.444 33.9758 19.8865 22.7336 11.0199 87.395 49.6954 17.6046 10.2748 209.563 153.861 33.713 120.148 55.7015 41.0763 93.0312 21.862 30.8876 33.2617 37.6996 37.6134 12.6339 24.9795 18.391 32.7533 19.4003 14.1195 13.3531 25.3692 12.5074
internal_count=2467 1695 1340 772 327 355 277 650 581 184 690 655 550 105 67 146 59 435 260 142 71 538 378 92 286 160 104 189 66 90 229 175 197 49 148 99 162 103 86 59 188 94
is_linear=0
shrinkage=0.0625684


Tree=2
num_leaves=43
num_cat=0
split_feature=47 42 8 25 43 3 43 19 15 46 31 3 3 2 39 46 15 43 15 46 6 5 19 38 42 19 3 39 4 29 38 0 31 3 43 42 42 43 39 43 26 38
split_gain=68.5425 22.5277 15.6713 17.5903 14.6996 15.0369 13.1844 11.3651 11.2374 12.226 10.7386 10.2609 9.83941 9.91373 9.67314 8.92964 13.7484 14.376 9.14851 8.41623 8.86338 7.78505 9.27833 7.68892 7.43297 14.5665 10.1248 6.19254 6.37405 13.3009 6.05284 5.93611 9.41263 6.17182 8.39112 7.61952 5.71111 5.52078 5.43113 5.15619 4.81762 4.398
threshold=6.5000000000000009 9.5000000000000018 1.0000000180025095e-35 1.0000000180025095e-35 6.5000000000000009 1.0000000180025095e-35 11.500000000000002 23.500000000000004 1.0000000180025095e-35 19.000000000000004 8.5000000000000018 157.00000000000003 34.500000000000007 6.5000000000000009 4.5000000000000009 25.000000000000004 11.500000000000002 2.5000000000000004 25.500000000000004 1.0000000180025095e-35 1.0000000180025095e-35 2.5000000000000004 1.5000000000000002 85.000000000000014 3.5000000000000004 7.5000000000000009 162.50000000000003 1.5000000000000002 4.5000000000000009 1.5000000000000002 13.500000000000002 1.5000000000000002 1.0000000180025095e-35 35.500000000000007 11.500000000000002 7.5000000000000009 115.00000000000001 9.5000000000000018 6.5000000000000009 3.5000000000000004 1.0000000180025095e-35 45.000000000000007
decision_type=2 2 2 2 2 2 2 2 2 2 2 2 2 2 2 2 2 2 2 2 2 2 2 2 2 2 2 2 2 2 2 2 2 2 2 2 2 2 2 2 2 2
left_child=4 7 6 -4 5 -1 21 24 14 10 12 23 19 -14 -7 -11 -17 -18 -19 -10 -21 22 -3 27 -2 26 30 -6 31 -30 -26 32 -29 35 -35 -33 37 -24 -13 40 -15 -12
right_child=1 2 3 -5 11 8 -8 -9 9 15 41 38 13 39 -16 16 17 18 -20 20 -22 -23 36 -25 25 -27 -28 28 29 -31 -32 33 -34 34 -36 -37 -38 -39 -40 -41 -42 -43
leaf_value=-0.040506649440408798 0.05080778428285946 -0.054501572072438643 0.032952459957747433 -0.095541768121183687 -0.068514767159797943 0.086297294156839011 -0.09468425688908691 -0.10227348091595707 -0.049612247815899652 0.07708679705397925 -0.014481166041392834 0.094653915133986785 0.067111163434120436 -0.016823514276446544 0.012940661068844925 0.057010716975644277 0.045517136646706202 -0.10904696572289725 -0.0054736862594804009 -0.033640041104896344 0.044906869556340608 -0.077095759072979775 -0.059785552869393715 -0.062234115606313103 -0.05577212621277633 0.041547418291259852 0.054733816617926943 -0.072626722801029373 -0.091352393975731291 0.057351856619843745 0.017265532993486248 0.087983966507617889 0.021763369726380846 -0.067774056976572683 0.051952337617094752 0.0041733431979083585 0.067494597596175501 0.024829573507534276 0.004495454751296625 -0.035234128417457357 0.038287862710125797 -0.10157977972540501
leaf_weight=12.627265125513075 10.825005315244196 20.948333375155926 15.631235068663957 5.6508629880845538 5.431379545480012 22.527872383594513 30.026422679424286 4.1931187584996215 13.201363570988176 21.067396126687527 4.9581003077328187 5.5441761650145036 20.178549215197563 8.3815087936818617 10.301842136308549 31.675523448735476 12.015978302806618 5.6342487335205069 8.193188561126588 9.4514921754598635 13.761589497327803 17.871843216940761 5.6036874242126959 10.861919168382881 24.724662326276306 16.866079106926918 4.8089107125997534 6.9596021622419384 7.0755012072622758 3.4844988659024239 5.3704440705478182 9.9627919755876118 10.071557842195032 4.8118984103202802 4.3101871944963932 7.4394072182476512 4.5545547083020201 6.4496895484626293 4.9833527728915215 7.04436788894236 23.499660179018974 4.2281353175640106
leaf_count=53 30 175 79 58 30 34 378 40 68 40 29 12 48 30 40 83 25 30 28 46 38 170 52 94 160 67 16 57 57 10 28 21 45 35 20 33 17 32 33 37 73 16
internal_value=0 -0.0314774 -0.0493067 -0.0012087 0.0176391 0.0257475 -0.0612671 -0.00295676 0.0296293 0.0235734 0.00955485 -0.00526481 0.0157832 0.0315436 0.0633483 0.042225 0.0293999 -0.00442852 -0.0479164 -0.00977231 0.0128753 -0.0430987 -0.0268374 -0.0138976 0.00372901 -0.00611973 -0.0292025 -0.00503225 0.00135669 -0.0421533 -0.042697 0.0119552 -0.016809 0.0304644 -0.0110985 0.0522948 0.00802883 -0.0144724 0.0522293 0.0130359 0.0237619 -0.0549113
internal_weight=0 173.525 106.737 21.2821 309.684 228.748 85.4545 66.7882 216.121 183.291 104.705 80.9363 95.5185 59.1041 32.8297 78.5863 57.5189 25.8434 13.8274 36.4144 23.2131 55.4281 37.5563 70.4087 62.5951 51.7701 34.904 59.5468 54.1154 10.56 30.0951 43.5554 17.0312 26.5243 9.12209 17.4022 16.6079 12.0534 10.5275 38.9255 31.8812 9.18624
internal_count=2467 1302 961 137 1165 718 824 341 665 591 385 447 340 188 74 206 166 83 58 152 84 446 276 402 301 271 204 308 278 67 188 211 102 109 55 54 101 84 45 140 103 45
is_linear=0
shrinkage=0.0625684


Tree=3
num_leaves=43
num_cat=0
split_feature=43 47 1 42 39 31 27 39 3 42 11 14 19 46 3 11 19 49 38 8 27 24 39 48 28 7 11 1 39 6 2 2 1 2 47 3 18 49 5 1 13 47
split_gain=53.4032 19.2419 16.2667 12.2015 11.5539 10.9974 9.44814 9.27092 8.56189 8.44988 8.2733 8.39079 8.09268 9.13118 7.94137 7.2513 8.33581 9.68847 8.02897 6.78195 6.59708 7.14277 7.34673 6.41782 7.57854 6.60191 6.67644 6.28651 6.14503 5.73853 5.67409 5.3087 5.10449 6.9189 5.0222 4.60686 4.58609 5.88105 5.84401 4.55211 4.07015 3.79244
threshold=9.5000000000000018 6.5000000000000009 1.5000000000000002 9.5000000000000018 2.5000000000000004 2.5000000000000004 5.5000000000000009 4.5000000000000009 35.500000000000007 9.5000000000000018 5.5000000000000009 1.0000000180025095e-35 1.5000000000000002 4.5000000000000009 17.500000000000004 2.5000000000000004 1.0000000180025095e-35 9.5000000000000018 9.5000000000000018 1.0000000180025095e-35 1.0000000180025095e-35 1.5000000000000002 9.5000000000000018 4.5000000000000009 1.0000000180025095e-35 3.5000000000000004 1.0000000180025095e-35 4.5000000000000009 1.5000000000000002 1.0000000180025095e-35 1.0000000180025095e-35 1.0000000180025095e-35 1.5000000000000002 4.5000000000000009 12.500000000000002 48.500000000000007 1.5000000000000002 3.5000000000000004 1.5000000000000002 1.0000000180025095e-35 1.0000000180025095e-35 1.5000000000000002
decision_type=2 2 2 2 2 2 2 2 2 2 2 2 2 2 2 2 2 2 2 2 2 2 2 2 2 2 2 2 2 2 2 2 2 2 2 2 2 2 2 2 2 2
left_child=1 6 -2 15 28 8 7 23 14 27 11 12 29 -14 -4 16 17 -3 -18 -11 -10 35 -23 36 25 -25 31 -8 -5 41 -15 -27 -13 -34 -6 -22 37 38 -1 -39 -7 -9
right_child=2 3 5 4 34 40 9 10 20 19 -12 32 13 30 -16 -17 18 -19 -20 -21 21 22 -24 24 -26 26 -28 -29 -30 -31 -32 -33 33 -35 -36 -37 -38 39 -40 -41 -42 -43
leaf_value=-0.031831731531741507 -0.072723923819718261 -0.078680164071758749 -0.054248089815672043 -0.035693010035887415 -0.075137475739732534 -0.016199857390377388 0.050027774358661514 0.049062369908817807 0.035707633036362853 0.063817514796074976 0.069791547779604557 -0.091844049403207784 -0.087140938850240907 -0.045585823910317444 0.040858081156691116 -0.057043844692718094 0.046993756909492479 0.031474573825875235 -0.032296973831374136 0.0031592125535515282 0.0040993124015186759 -0.070819277570776384 0.043661516093116796 0.027591315399869077 0.055633390561056963 -0.047264026990510806 -0.078875414474250921 -0.0090673511645619886 0.057702775486733374 0.076409943271112571 0.025027729752075942 0.028942230699750954 0.0069151802532055329 -0.063809170880816238 -0.017900004932176378 -0.087686056945873156 0.088596803751759101 0.088186433232483291 0.050986281490067141 0.028691580872341891 -0.087705695394075966 -0.016775952285627106
leaf_weight=8.0094346478581411 37.049431944265962 6.6866582259535772 4.2188365720212486 4.9344061091542226 21.038054134696726 4.4386256448924533 10.921332210302355 5.8108707033097771 4.9821749590337303 42.861992593854666 5.6548630408942691 5.1969916000962284 5.5751968696713474 6.4536308757960823 17.801579035818577 5.983648005872964 27.110208556056023 5.8008699417114258 6.0862122848629943 8.7262651324272138 2.5884771347045925 3.5300365388393384 5.6799776554107666 15.637535490095614 11.150968689471481 6.0729380622506168 6.4485998488962641 19.675185494124889 6.1513503640890121 8.204316779971121 14.176153004169462 8.6071248576045019 12.786829210817816 9.3220021240413171 8.5047241896390897 11.669756557792423 7.4659879840910426 9.1954434141516703 5.6640046872198573 11.357437588274477 10.911021176725624 8.2153632156550866
leaf_count=36 412 44 49 30 235 37 31 21 26 102 17 26 40 39 81 42 103 20 36 39 19 33 25 48 28 23 33 97 21 21 52 29 49 66 70 129 16 18 20 29 128 47
internal_value=0 0.0117834 -0.0395655 -0.0126624 -0.0383068 -0.0208571 0.0206996 0.0123069 -0.00671207 0.0381373 -0.00296677 -0.00844171 0.00717704 -0.0163422 0.0225324 0.0074931 0.0160056 -0.0274728 0.0324055 0.0535872 -0.029386 -0.0432832 -0.000192998 0.026189 0.0105277 -0.00316006 -0.0259796 0.0120214 0.0160486 0.0349342 0.00284617 -0.002543 -0.0361624 -0.0229057 -0.0587361 -0.0709743 0.0441393 0.0343328 0.00243339 0.0554628 -0.0671802 0.0104721
internal_weight=0 345.487 102.87 92.2961 40.6285 65.8205 253.19 171.006 50.4708 82.1848 81.3962 75.7414 48.4355 26.205 22.0204 51.6676 45.6839 12.4875 33.1964 51.5883 28.4504 23.4682 9.21001 89.6095 47.9172 36.7662 21.1287 30.5965 11.0858 22.2306 20.6298 14.6801 27.3058 22.1088 29.5428 14.2582 41.6923 34.2263 13.6734 20.5529 15.3496 14.0262
internal_count=2467 1528 939 601 356 527 927 658 362 269 378 361 220 131 130 245 203 64 139 141 232 206 58 280 161 133 85 128 51 89 91 52 141 115 305 148 119 103 56 47 165 68
is_linear=0
shrinkage=0.0625684


Tree=4
num_leaves=43
num_cat=0
split_feature=47 42 39 8 25 43 39 24 43 11 7 39 38 3 39 8 7 49 38 39 43 38 39 42 49 7 3 6 5 24 19 42 49 0 27 15 3 19 43 15 1 6
split_gain=43.8787 17.7598 11.1641 10.7975 10.696 10.6648 8.66364 8.63848 8.48331 9.63305 8.44799 7.56724 7.51524 6.47878 6.8562 6.39217 8.09922 5.8854 9.79662 5.45396 5.31405 5.23097 9.768 4.85933 4.77825 4.6671 9.29263 7.69677 7.62875 5.64131 4.44753 4.22648 4.07367 4.06193 7.66827 7.23222 3.8419 4.14964 3.81406 5.41354 5.99691 3.78853
threshold=6.5000000000000009 9.5000000000000018 6.5000000000000009 1.0000000180025095e-35 1.0000000180025095e-35 11.500000000000002 1.5000000000000002 1.0000000180025095e-35 4.5000000000000009 1.5000000000000002 92.500000000000014 7.5000000000000009 6.5000000000000009 2.5000000000000004 4.5000000000000009 1.0000000180025095e-35 37.500000000000007 8.5000000000000018 9.5000000000000018 3.5000000000000004 3.5000000000000004 4.5000000000000009 2.5000000000000004 4.5000000000000009 8.5000000000000018 5.5000000000000009 1.0000000180025095e-35 8.5000000000000018 12.500000000000002 1.0000000180025095e-35 4.5000000000000009 4.5000000000000009 5.5000000000000009 1.0000000180025095e-35 6.5000000000000009 12.500000000000002 14.500000000000002 2.5000000000000004 9.5000000000000018 4.5000000000000009 1.5000000000000002 2.5000000000000004
decision_type=2 2 2 2 2 2 2 2 2 2 2 2 2 2 2 2 2 2 2 2 2 2 2 2 2 2 2 2 2 2 2 2 2 2 2 2 2 2 2 2 2 2
left_child=2 10 6 5 24 21 7 15 9 11 13 -4 36 -2 30 16 20 18 23 -14 -1 -3 -23 -16 -5 31 -27 29 -29 -28 -15 -10 -25 -21 35 -35 -8 -38 -24 40 -40 -31
right_child=1 3 8 4 -6 -7 12 -9 25 -11 -12 -13 19 14 17 -17 -18 -19 -20 33 -22 22 38 32 -26 26 27 28 -30 41 -32 -33 -34 34 -36 -37 37 -39 39 -41 -42 -43
leaf_value=0.034031293171684393 -0.052593536506202548 -0.10240383367944977 -0.079536883695048924 0.042855671739400462 -0.08650963526147365 -0.087094431457283461 -0.046574994667200227 -0.053318483361985303 0.06684847630959867 0.063100355464393881 -0.082485718061065916 0.013411338408685105 0.055047513796952004 -0.077427728942135524 0.076884225341390125 0.075285834361290785 -0.06096127396244453 0.049565503627459553 -0.049634504700233686 0.055956592191144378 -0.034160078898298925 0.030320456484986158 -0.062325577417217892 -0.036908810161826594 -0.034297940964197186 0.066686360679890172 -0.083032102537584168 0.044192492421085264 -0.064403571512226712 0.022334164911685682 0.016432252031593177 -0.006235318358635192 0.043114560641655079 0.013632895357447812 0.046990491550980867 -0.065067853080019986 0.04603749113272932 -0.020754006300121662 -0.032000461794777675 -0.073967512644876207 0.067306125674664208 -0.061224308186926819
leaf_weight=20.422080695629123 6.5298630408942691 4.3537331502884618 4.1096524260938194 11.387027624994518 4.6027063466608515 25.731866525486112 5.4354191105812815 8.9518638104200345 3.7599847689271 13.705436594784258 4.528244223445653 19.847519420087337 49.906741708517075 4.8172288499772531 5.9750971123576191 5.7810461446642867 6.0624006129801264 18.82908534258604 8.8173040673136693 13.877907983958719 5.6823741868138304 8.322554834187029 20.560999687761068 4.659731984138487 4.2918577864766112 3.5009779259562483 14.955398738384249 6.7888972610235196 3.9926533624529839 4.2739222608506662 3.2906546257436275 16.786191090941429 5.2652413547039032 17.794410351663831 18.614514525979757 6.1104630976915351 7.7798556089401227 6.7669226974248886 6.2104840390384179 4.9450326189398757 3.8113870173692703 4.1415940150618553
leaf_count=63 49 45 28 46 58 378 34 50 12 40 47 97 117 38 12 13 37 69 58 40 33 35 243 31 33 12 146 28 32 23 17 109 20 72 51 32 24 37 52 59 12 35
internal_value=0 -0.0262904 0.015336 -0.0434581 -0.00295159 -0.0545482 0.0248173 0.00182642 -0.00178421 0.0213295 -0.000471011 -0.00257446 0.0333441 0.005936 0.0133854 0.0148994 0.00394601 0.0232401 0.00310159 0.0399602 0.0191205 -0.0371039 -0.0305229 0.0324583 0.0216375 -0.0167645 -0.0298496 -0.0398331 0.00380001 -0.0599865 -0.0392852 0.00717103 0.00543439 0.0265651 0.0169098 -0.0064999 -0.00180536 0.0149143 -0.0448219 -0.0206173 0.00575304 -0.0187351
internal_weight=0 156.93 269.048 94.2176 20.2816 73.9361 173.186 46.8998 95.8622 37.6626 62.7125 23.9572 126.286 58.1842 51.6543 37.9479 32.1669 43.5465 24.7174 106.304 26.1045 48.2042 43.8505 15.9001 15.6789 58.1996 37.6534 34.1525 10.7816 23.3709 8.10788 20.5462 9.92497 56.3973 42.5194 23.9049 19.9822 14.5468 35.5279 14.9669 10.0219 8.41552
internal_count=2467 1302 1165 961 137 824 603 196 562 165 341 125 407 294 245 146 133 190 121 312 96 446 401 63 79 397 276 264 60 204 55 121 51 195 155 104 95 61 366 123 64 58
is_linear=0
shrinkage=0.0625684


Tree=5
num_leaves=43
num_cat=0
split_feature=47 43 38 8 43 46 39 15 47 1 42 42 43 43 3 5 3 15 46 16 43 0 46 31 11 15 3 3 10 42 39 5 4 0 43 43 19 13 27 6 15 27
split_gain=37.6948 13.8277 10.7163 9.72138 10.6651 8.64086 7.21886 6.75131 6.63514 6.56839 6.03636 6.87905 5.47569 7.78912 6.95087 5.33592 5.29341 5.2737 7.62853 6.17262 7.38647 5.99329 5.75528 5.5626 6.59797 5.47039 5.17133 6.91526 5.06653 4.96275 7.23403 5.48856 4.9268 4.85727 4.62476 4.56624 5.9583 8.31845 4.03327 3.69275 3.80355 3.42031
threshold=6.5000000000000009 5.5000000000000009 4.5000000000000009 1.0000000180025095e-35 11.500000000000002 3.5000000000000004 6.5000000000000009 10.500000000000002 14.500000000000002 1.5000000000000002 7.5000000000000009 6.5000000000000009 4.5000000000000009 14.500000000000002 47.500000000000007 1.0000000180025095e-35 1.0000000180025095e-35 1.0000000180025095e-35 8.5000000000000018 1.0000000180025095e-35 2.5000000000000004 9.5000000000000018 1.5000000000000002 1.5000000000000002 1.5000000000000002 4.5000000000000009 27.500000000000004 14.500000000000002 1.0000000180025095e-35 5.5000000000000009 2.5000000000000004 1.0000000180025095e-35 3.5000000000000004 26.000000000000004 5.5000000000000009 7.5000000000000009 7.5000000000000009 1.0000000180025095e-35 4.5000000000000009 1.0000000180025095e-35 5.5000000000000009 2.5000000000000004
decision_type=2 2 2 2 2 2 2 2 2 2 2 2 2 2 2 2 2 2 2 2 2 2 2 2 2 2 2 2 2 2 2 2 2 2 2 2 2 2 2 2 2 2
left_child=6 29 -3 4 5 -4 16 -5 -9 10 11 34 15 14 26 -11 -1 22 23 38 -21 -22 -18 25 -25 -19 27 -14 -6 -2 -31 41 35 -16 -8 -7 37 -37 39 40 -20 -32
right_child=1 2 3 7 28 32 9 8 -10 12 -12 -13 13 -15 33 -17 17 18 19 20 21 -23 -24 24 -26 -27 -28 -29 -30 30 31 -33 -34 -35 -36 36 -38 -39 -40 -41 -42 -43
leaf_value=-0.02581213390720391 0.037442114969972039 -0.085442645262464104 0.070339862526954663 0.046969376266085175 -0.084729680794378759 -0.060114462161508828 -0.089886312791412695 -0.062314565022328551 0.039533622563743077 -0.020717434198094083 -0.055130633346855716 0.065940985125417823 0.037030218134220499 0.083234622455013715 -0.065035751222814991 0.044283020053710619 0.083216923055373801 -0.030710343267485892 0.031245893852233714 0.046511682835114483 -0.061481692831676614 0.017536253420574043 0.021687087353864164 -0.069981536465961613 0.0079965793310345056 0.027252909807283746 0.034464799211112118 -0.094332362552200261 0.012495590454178918 0.043668649286855571 -0.039108494635951223 -0.060767836723366865 -0.074428596441982117 0.022951825399202253 0.0084971906760530225 -0.05615516232775751 0.056898373335603797 0.014494400032151146 0.06350717696561349 0.051427534546358129 -0.037353307047330107 0.042431149416420809
leaf_weight=8.4671987704932672 13.526350878179072 15.091287219896911 3.5509181693196288 9.7881430834531802 20.455933725461367 9.0329047963023168 3.062762103974821 6.7638443950563651 3.9233210943639278 6.203016564249995 13.529848929494618 4.5733175128698349 2.8149206750094917 3.4807233996689311 11.699368318542836 23.626844137907028 11.713177027180793 7.9668474439531556 8.1864919476211089 11.067372471094133 7.2618763186037523 7.6947733871638775 12.253305107355116 7.7350304760038879 9.3119570687413198 31.142541039735079 12.246673386543987 3.4490978419780731 2.3070329427719107 7.187280677258971 3.4515291713178176 10.195795733481644 8.2044208291918022 3.0668670404702416 4.6682640612125397 13.062335375696426 4.4758057799190274 12.943462725728748 24.719457298517227 13.385020576417444 5.1059517823159686 4.7254259996116161
leaf_count=45 40 188 11 32 320 88 30 74 17 38 125 17 16 12 109 82 21 49 31 23 48 29 40 46 47 103 58 32 19 28 31 102 106 18 25 124 19 80 60 35 26 23
internal_value=0 -0.0250968 -0.0364903 -0.0286346 -0.039187 -0.0233053 0.0144405 0.00946736 -0.0248151 0.000412437 -0.0263343 0.00530295 0.0108141 -0.00532393 -0.0146939 0.0307212 0.0222418 0.0248364 0.0199646 0.0326959 0.00780256 -0.020806 0.0518783 0.00238367 -0.0273877 0.015401 0.010796 -0.0352396 -0.0748232 0.00682631 -0.00935953 -0.0302054 -0.030341 -0.0466756 -0.0305525 -0.0211043 -0.00945493 -0.0209754 0.0452655 0.0282633 0.00478444 0.00785846
internal_weight=0 148.686 109.599 94.5081 74.0328 51.2698 258.433 20.4753 10.6872 92.4217 25.8342 12.3043 66.5875 36.7577 33.2769 29.8299 166.011 157.544 133.577 77.4209 26.024 14.9566 23.9665 56.1564 17.047 39.1094 18.5107 6.26402 22.763 39.0864 25.56 18.3728 47.7189 14.7662 7.73103 39.5145 30.4816 26.0058 51.3969 26.6775 13.2924 8.17696
internal_count=2467 1302 1078 890 767 428 1165 123 91 562 197 72 365 245 233 120 603 558 497 252 100 77 61 245 93 152 106 48 339 224 184 156 417 127 55 311 223 204 152 92 57 54
is_linear=0
shrinkage=0.0625684


Tree=6
num_leaves=43
num_cat=0
split_feature=47 42 8 25 43 43 15 38 17 7 38 39 47 48 39 3 3 24 39 2 43 1 3 39 1 3 5 27 5 38 39 7 13 14 3 17 43 27 7 7 27 49
split_gain=30.7896 11.6564 9.13134 7.70858 7.54875 6.75556 6.73388 6.64441 8.36126 5.95117 5.62152 6.26927 7.08836 5.83912 5.85369 5.9644 4.98582 5.01508 4.9032 4.70433 4.72197 6.0219 4.06522 4.4635 4.00807 4.18859 3.71727 3.66235 3.61932 3.80013 5.08433 3.51934 8.16437 5.50418 4.81185 4.13703 3.24354 3.31922 3.00617 7.07458 2.95579 2.77285
threshold=6.5000000000000009 9.5000000000000018 1.0000000180025095e-35 1.0000000180025095e-35 11.500000000000002 9.5000000000000018 9.5000000000000018 75.000000000000014 1.5000000000000002 92.500000000000014 6.5000000000000009 2.5000000000000004 1.5000000000000002 7.5000000000000009 1.5000000000000002 32.500000000000007 54.500000000000007 1.5000000000000002 2.5000000000000004 22.500000000000004 8.5000000000000018 17.500000000000004 2.5000000000000004 4.5000000000000009 2.5000000000000004 9.5000000000000018 4.5000000000000009 3.5000000000000004 2.5000000000000004 4.5000000000000009 2.5000000000000004 3.5000000000000004 1.5000000000000002 1.5000000000000002 10.500000000000002 1.0000000180025095e-35 9.5000000000000018 12.500000000000002 11.500000000000002 3.5000000000000004 2.5000000000000004 3.5000000000000004
decision_type=2 2 2 2 2 2 2 2 2 2 2 2 2 2 2 2 2 2 2 2 2 2 2 2 2 2 2 2 2 2 2 2 2 2 2 2 2 2 2 2 2 2
left_child=5 9 4 41 28 7 -7 10 24 22 11 26 -13 14 15 -12 -8 -18 -16 20 21 -20 -2 -24 25 -9 38 -15 29 -3 -31 -25 33 34 -33 -34 37 -32 39 -1 -14 -4
right_child=1 2 3 -5 -6 6 16 8 -10 -11 13 12 40 27 18 -17 17 -19 19 -21 -22 -23 23 31 -26 -27 -28 -29 -30 30 36 32 35 -35 -36 -37 -38 -39 -40 -41 -42 -43
leaf_value=0.037946496082194643 -0.046779781387715533 -0.092011698463988198 0.055069473910054685 -0.079558091266585168 -0.079923678785140409 -0.048415579057879479 0.04784322288418736 -0.056916540719300267 0.036468647361425972 -0.077011005436232349 0.029256093840306675 0.041992030475758571 -0.081044686948009037 -0.047189536727812009 0.065522511448819779 -0.067593984264668103 -0.073664869693290336 0.030504669656385926 0.026542037938263277 0.074534388534899479 0.07490603336706593 -0.038306731186684942 -0.035824225522098442 0.047123569285518627 -0.069816528379339035 0.018625250268439256 -0.024103822306638996 0.01588930425231333 -0.061049462022457507 0.039241823413416144 -0.064668744209202961 0.038582749017490585 -0.08939385964527749 0.074790440928092089 -0.038424864437230352 -0.0055528477043031597 -0.0020346541989092687 0.028974653428885104 0.058491022940078387 -0.044111492038129203 -0.023297345395963516 -0.00025933749791064566
leaf_weight=14.969443760812288 5.5206375923007718 2.7284713797271278 5.5026929117739227 3.7972866725176564 21.371373625472188 13.12075940333307 7.7117002792656404 4.7609364017844253 9.6649240739643556 3.7854467034339896 5.6001456789672357 4.7444218546152142 5.667402494698762 5.9225166067481032 18.850409593433142 4.4189853966236115 3.7895654886960983 3.3905992470681667 72.169026156887412 8.6152774989604932 7.0694463178515425 6.0355237759649745 7.1020770762115708 11.467318657785652 7.6487445533275595 7.1160333640873432 6.226803094148635 9.0619154311716539 13.655979456380008 5.403153300285342 9.9210487995296734 7.2685206979513222 4.0139834918081743 6.7559216134250155 5.5840707309544086 5.4318227805197239 9.9430328216403705 1.7035291343927372 9.2450972311198694 5.6261243969202033 9.1746244393289071 9.753901915624736
leaf_count=44 49 33 20 58 378 142 33 38 39 47 21 19 46 33 40 27 43 20 270 19 20 24 55 46 68 31 42 35 170 20 133 23 37 18 38 28 76 14 28 33 50 59
internal_value=0 -0.0234188 -0.0382595 -0.000126934 -0.0494618 0.0131508 -0.0157728 0.0167977 -0.0109924 -0.00154954 0.0209991 0.00419025 -0.024256 0.0277799 0.0322818 -0.0134313 0.0129567 -0.0244056 0.0363569 0.0304683 0.0259761 0.021509 0.00384918 0.00976995 -0.0345637 -0.0116366 0.0196769 -0.00901721 -0.0343708 -0.022012 -0.0147853 0.0178112 0.00616335 0.0292049 0.00502611 -0.041486 -0.0284112 -0.050807 0.0288664 0.0154418 -0.0455541 0.0196997
internal_weight=0 140.71 83.7805 19.0539 64.7266 250.6 28.0126 222.588 29.1906 56.9298 193.397 55.6539 19.5864 137.743 122.759 10.0191 14.8919 7.18016 112.74 93.8893 85.274 78.2045 53.1444 47.6237 19.5257 11.877 36.0675 14.9844 43.3552 29.6992 26.9708 40.5216 29.0543 19.6085 12.8526 9.44581 21.5676 11.6246 29.8407 20.5956 14.842 15.2566
internal_count=2467 1302 961 137 824 1165 238 927 176 341 751 262 115 489 421 48 96 63 373 333 314 294 294 245 137 69 147 68 446 276 243 190 144 79 61 65 223 147 105 77 96 79
is_linear=0
shrinkage=0.0625684


Tree=7
num_leaves=43
num_cat=0
split_feature=43 38 42 1 3 42 47 43 42 47 39 47 8 23 43 47 7 11 27 47 46 42 48 46 15 7 17 3 19 48 42 43 0 3 38 46 15 6 31 49 13 48
split_gain=26.6875 7.46871 7.32349 6.49466 8.08331 6.8333 7.73314 5.82194 5.701 7.06137 5.3997 7.19272 5.24572 4.49356 4.08996 6.48777 6.02664 5.22116 5.2666 4.57032 5.92497 5.55756 5.39651 4.07591 4.84435 5.59287 6.18757 6.03013 5.47128 4.61673 4.1652 3.7865 3.54467 5.14996 3.44204 3.39859 7.76153 4.2011 6.64327 3.1065 3.05882 4.46307
threshold=6.5000000000000009 2.5000000000000004 3.5000000000000004 1.5000000000000002 38.500000000000007 8.5000000000000018 5.5000000000000009 9.5000000000000018 8.5000000000000018 2.5000000000000004 6.5000000000000009 10.500000000000002 1.0000000180025095e-35 1.0000000180025095e-35 1.0000000180025095e-35 1.5000000000000002 13.500000000000002 1.5000000000000002 1.5000000000000002 6.5000000000000009 19.000000000000004 5.5000000000000009 5.5000000000000009 14.500000000000002 1.0000000180025095e-35 16.500000000000004 1.5000000000000002 33.500000000000007 1.0000000180025095e-35 6.5000000000000009 19.000000000000004 4.5000000000000009 20.500000000000004 54.500000000000007 9.5000000000000018 25.000000000000004 5.5000000000000009 2.5000000000000004 1.0000000180025095e-35 7.5000000000000009 1.0000000180025095e-35 5.5000000000000009
decision_type=2 2 2 2 2 2 2 2 2 2 2 2 2 2 2 2 2 2 2 2 2 2 2 2 2 2 2 2 2 2 2 2 2 2 2 2 2 2 2 2 2 2
left_child=10 -2 -3 7 40 -6 32 8 -4 -10 23 14 -8 -14 16 39 -12 19 -19 20 -17 -21 -22 24 34 27 -27 28 -26 -28 -25 -23 33 -7 -1 -32 -37 38 -38 -16 41 -5
right_child=1 2 3 4 5 6 12 -9 9 -11 11 -13 13 -15 15 17 -18 18 -20 21 22 31 -24 30 25 26 29 -29 -30 -31 35 -33 -34 -35 -36 36 37 -39 -40 -41 -42 -43
leaf_value=0.011056207145437263 -0.076390767145067012 0.040957272313422825 0.025051935799592286 0.013420831520596248 -0.079584939531409105 0.046579353715704458 -0.060782027076473712 -0.059068775960347542 0.04269225782968402 -0.072180790554700475 -0.090286596321198662 -0.070787095530498487 0.032238045506924065 -0.04494846288346855 0.01721945380163967 -0.063977664612014526 0.018107051343055326 0.072132275545766136 -0.0066924293248613242 0.055655101414297727 -0.05254666322011 -0.081303281362993543 0.043219056063143191 0.067741701520948744 -0.053420472791997187 -0.063909486215982858 -0.030640057244893156 0.033433744769435683 0.025112446089499942 0.050885781416663445 0.055860413585911581 0.011605793518307522 0.054782896931991773 -0.047715485949476388 0.062542117477401168 0.043473103014811137 -0.033376790627814228 -0.04845369736719863 0.057034794130468656 0.074331680461467708 0.019730048392447012 -0.058673062065151001
leaf_weight=9.8005720973014849 8.5636114142835122 8.2038981318473798 8.4428807646036166 8.315048120915888 8.2558552380651218 3.9896265435963851 15.776205800473692 25.424965227022767 2.767991676926612 8.2354386989027244 3.9973918199539176 5.1268691811710587 5.9981283266097289 5.7443714961409569 7.3029105439782125 10.72237626463175 3.9562498889863491 6.6591254957020265 6.5251637529581785 6.6312511526048166 3.8726677671074849 2.7200050316751003 5.5772827379405499 11.162805221974848 7.5129173770546895 8.681711923331024 5.8782373182475549 26.762871071696281 6.3851437717676163 4.9957292191684246 11.367317788302897 4.5033004488795996 6.150141790509223 5.1557725705206394 10.706079535186289 21.226440209895372 6.4416074119508284 7.3169164881110182 6.2126772552728653 7.7755802311003208 31.086282005533576 5.5803626365959635
leaf_count=36 116 33 41 54 87 18 232 362 11 102 35 62 28 63 35 78 21 18 42 19 30 34 24 28 34 65 42 86 28 19 27 28 22 50 25 72 38 39 20 24 180 59
internal_value=0 -0.0196392 -0.0163566 -0.0197099 -0.0105068 -0.0275389 -0.0174232 -0.0393629 -0.013485 -0.0431415 0.0140892 0.000497517 -0.0372453 -0.0054469 0.0057471 0.0111604 -0.0363791 -0.000237168 0.0331171 -0.0132131 -0.0322126 0.0143809 0.00380973 0.0211715 0.0118041 0.00283249 -0.0246155 0.0160701 -0.0172865 0.00675335 0.0330073 -0.0234378 0.01817 -0.00643906 0.0380475 0.025572 0.0171496 -0.0107984 0.0109564 0.0468426 0.00881194 -0.0155226
internal_weight=0 157.691 149.127 140.923 96.0518 51.0701 42.8142 44.8713 19.4463 11.0034 219.821 75.3702 27.5187 11.7425 70.2433 62.2897 7.95364 47.2112 13.1843 34.0269 20.1723 13.8546 9.44995 144.451 80.7233 60.2166 19.5557 40.6609 13.8981 10.874 63.7278 7.22331 15.2955 9.1454 20.5067 52.565 41.1976 19.9712 12.6543 15.0785 44.9817 13.8954
internal_count=2467 1458 1342 1309 793 500 413 516 154 113 1009 450 323 91 388 332 56 273 60 213 132 81 54 559 335 274 126 148 62 61 224 62 90 68 61 196 169 97 58 59 293 113
is_linear=0
shrinkage=0.0625684


Tree=8
num_leaves=43
num_cat=0
split_feature=43 1 47 35 38 43 3 5 1 20 42 27 14 19 39 27 19 48 8 7 15 47 17 46 31 49 42 43 24 0 38 46 49 2 1 46 3 13 38 31 38 6
split_gain=24.2015 9.05253 8.81593 5.89601 5.31762 5.31297 6.25901 6.58984 4.29683 4.17138 3.83733 3.81985 5.91624 6.26771 3.68144 3.63147 5.85878 4.65281 5.33926 6.50647 4.32852 6.03712 5.06551 4.05928 5.78777 4.00418 3.89768 3.58234 7.52177 3.52127 3.5182 3.4817 3.45901 3.41873 3.40847 3.32156 2.88569 4.06503 4.39513 2.70186 2.82757 3.76565
threshold=9.5000000000000018 1.5000000000000002 6.5000000000000009 1.0000000180025095e-35 85.000000000000014 1.5000000000000002 2.5000000000000004 4.5000000000000009 2.5000000000000004 1.0000000180025095e-35 3.5000000000000004 11.500000000000002 2.5000000000000004 1.0000000180025095e-35 3.5000000000000004 5.5000000000000009 33.500000000000007 6.5000000000000009 1.0000000180025095e-35 41.500000000000007 1.0000000180025095e-35 5.5000000000000009 1.5000000000000002 1.0000000180025095e-35 1.0000000180025095e-35 6.5000000000000009 9.5000000000000018 2.5000000000000004 1.0000000180025095e-35 6.5000000000000009 12.500000000000002 55.000000000000007 3.5000000000000004 1.0000000180025095e-35 4.5000000000000009 5.5000000000000009 37.500000000000007 1.0000000180025095e-35 10.500000000000002 2.5000000000000004 25.000000000000004 1.0000000180025095e-35
decision_type=2 2 2 2 2 2 2 2 2 2 2 2 2 2 2 2 2 2 2 2 2 2 2 2 2 2 2 2 2 2 2 2 2 2 2 2 2 2 2 2 2 2
left_child=2 -2 15 8 5 -4 -7 11 30 10 -10 12 13 -8 31 17 26 20 19 36 22 23 25 24 29 33 34 -25 35 -22 32 -12 -3 -1 -17 -29 37 38 -19 40 -28 -42
right_child=1 3 4 -5 -6 6 7 -9 9 -11 14 -13 -14 -15 -16 16 -18 18 -20 -21 21 -23 -24 27 -26 -27 39 28 -30 -31 -32 -33 -34 -35 -36 -37 -38 -39 -40 -41 41 -43
leaf_value=-0.027663191133371897 -0.058926011507257035 0.031947623865523606 0.044402081473780941 -0.081386189678630677 -0.057785489321533517 -0.080085020458723247 -0.046346296945805068 -0.047840024887861932 0.051917494164479348 0.030846202897049209 -0.038282992258564352 0.049291974466280246 -0.074279478930666512 0.021866008557679086 -0.044023419727434558 0.044445785997666708 -0.035605677949534849 -0.064807533549818122 0.04381356238914471 -0.079708784912673858 -0.025008927877479964 -0.045674689378825267 0.079669777869672595 0.0479115726058967 -0.076873894943794277 0.049805677397201917 0.003494261347021247 0.065674509659496158 -0.054579852663089103 0.045523614392672163 0.047996706441614516 0.056557342210951017 -0.077546951555332186 0.035806852540508444 -0.0049898797247393137 0.013127032180710041 -0.045454847555960624 0.048760947672709512 0.013274972865334711 0.069828733800969503 0.07077003399523818 0.013356382482628878
leaf_weight=7.946692608296873 27.588935915380716 2.2854128032922727 7.8168403506278983 4.7635832298547021 8.0173570550978166 4.6150498390197745 6.6464491132646826 10.822159934788941 2.1769077479839316 5.5463335290551177 2.903947331011298 6.8931578136980525 3.8609469644725314 24.946275319904089 24.672750214114785 8.4251426458358782 5.3025649040937415 4.3468816280365079 5.9698070138692847 5.8620757795870295 5.6221602633595449 7.3910768926143637 7.6814867667853823 15.199978798627852 4.1589636728167525 10.7488158904016 8.4140422865748423 6.0136215612292316 5.6136208474636069 5.3859761320054531 7.9724154286086559 3.0881412215530872 2.1590653322637081 5.6571308970451355 15.295759249478577 21.820191908627748 5.5581778995692721 5.8428972624242297 7.8685602471232414 11.853195272386072 10.992519695311787 7.6460987180471411
leaf_count=43 412 14 34 72 119 56 65 106 8 32 32 33 48 140 282 28 35 34 21 45 33 56 18 48 38 34 33 20 36 14 42 12 33 20 86 107 29 22 40 31 29 27
internal_value=0 -0.0296346 0.00879626 -0.0150454 -0.009783 -0.00387329 -0.0104447 -0.00433303 -0.00875432 -0.0191165 -0.0276107 0.00678803 -0.00148279 0.00744691 -0.0333425 0.015422 0.0272806 0.00960047 -0.00993102 -0.0208896 0.0163186 0.00769838 0.0354173 0.013918 -0.0142758 0.0213241 0.0326389 0.0227348 0.011224 0.00943291 0.0231578 0.0104523 -0.0211747 -0.00116483 0.0125592 0.0245846 -0.00615145 0.00594523 -0.0145199 0.0448319 0.0337665 0.0473423
internal_weight=0 83.1575 280.236 55.5686 73.6182 65.6009 57.784 53.169 50.805 38.3881 32.8417 42.3468 35.4537 31.5927 30.6648 206.617 67.9293 138.688 35.4484 29.4786 103.24 71.2056 32.0341 63.8145 15.1671 24.3526 62.6268 48.6474 33.4474 11.0081 12.4169 5.99209 4.44448 13.6038 23.7209 27.8338 23.6165 18.0583 12.2154 38.9059 27.0527 18.6386
internal_count=2467 939 1528 527 601 482 448 392 455 366 334 286 253 205 326 927 269 658 191 170 467 352 115 296 85 97 234 211 163 47 89 44 47 63 114 127 125 96 74 120 89 56
is_linear=0
shrinkage=0.0625684


Tree=9
num_leaves=43
num_cat=0
split_feature=47 42 8 25 43 39 39 8 24 0 7 27 38 17 10 30 49 14 23 46 19 38 15 38 49 4 43 19 11 5 19 1 42 46 0 3 3 39 25 19 38 38
split_gain=19.6236 8.47081 7.59101 6.41829 5.80972 5.79321 5.10811 4.42855 5.01407 4.63719 4.06203 3.57347 3.84847 3.65405 6.37665 4.44545 4.11867 4.02783 3.64422 3.57819 3.51964 3.42133 3.20794 3.54815 3.13118 3.06638 4.57526 5.03904 4.44821 2.9921 3.00128 3.84441 2.93414 2.87434 3.37493 2.85458 2.78192 2.93021 6.36579 6.85955 5.66535 4.51352
threshold=6.5000000000000009 9.5000000000000018 1.0000000180025095e-35 1.0000000180025095e-35 11.500000000000002 4.5000000000000009 1.5000000000000002 1.0000000180025095e-35 1.0000000180025095e-35 6.5000000000000009 92.500000000000014 5.5000000000000009 95.000000000000014 2.5000000000000004 1.0000000180025095e-35 1.0000000180025095e-35 4.5000000000000009 1.5000000000000002 3.5000000000000004 5.5000000000000009 20.500000000000004 5.5000000000000009 10.500000000000002 6.5000000000000009 8.5000000000000018 13.000000000000002 6.5000000000000009 1.5000000000000002 1.0000000180025095e-35 2.5000000000000004 4.5000000000000009 1.5000000000000002 9.5000000000000018 12.500000000000002 5.5000000000000009 22.500000000000004 2.5000000000000004 12.500000000000002 1.0000000180025095e-35 7.5000000000000009 7.5000000000000009 5.5000000000000009
decision_type=2 2 2 2 2 2 2 2 2 2 2 2 2 2 2 2 2 2 2 2 2 2 2 2 2 2 2 2 2 2 2 2 2 2 2 2 2 2 2 2 2 2
left_child=5 10 4 33 29 6 7 8 9 21 36 12 13 14 15 17 -15 22 25 -19 32 24 23 -7 -1 26 28 -28 -13 30 31 -3 -8 -4 -35 -33 -2 38 39 40 41 -38
right_child=1 2 3 -5 -6 11 20 -9 -10 -11 -12 18 -14 16 -16 -17 -18 19 -20 -21 -22 -23 -24 -25 -26 -27 27 -29 -30 -31 -32 35 -34 34 -36 -37 37 -39 -40 -41 -42 -43
leaf_value=-0.024867507370372653 -0.04034121014008088 -0.067905745240164989 -0.021416472498854873 -0.072844147612861121 -0.071932897527205608 -0.049142500973306948 0.013748163463075233 0.048451259279643874 -0.068259125948641031 0.046583979193037549 -0.065860806258541016 0.046299232054198149 -0.046263835421771593 0.062798492532507202 -0.086151817964232227 -0.056178949914700481 -0.012284055212045173 0.0115365869269385 -0.040550226336338514 -0.082219582396258095 -0.012092270952362023 -0.062999233370410204 0.055014599877355019 0.010928560864253136 0.033334261279668667 0.064627916258694143 0.016972261358545959 -0.086832653709623384 -0.013806437721569472 -0.055690947106346159 0.021085345385534787 0.030329494877324316 0.044907965601115048 -0.0060778771963477755 0.066350328381193965 -0.029828469058574499 -0.029866901541067366 0.037709119656973045 -0.057497610211797015 0.058658812358698492 -0.055252909110547692 0.055228675914289628
leaf_weight=7.9699369072914212 4.7078590076416722 6.761800002306706 4.5089222379028824 3.5737734343856564 19.29733994603157 4.315126644447445 16.23677659034729 6.8530790135264388 4.4445154070854178 7.0525351651012889 3.3553420342504969 16.404570519924171 8.3009575046598894 6.6531333960592729 3.7557381875812998 5.356857005506753 4.9450633153319359 2.7339639216661444 3.8671625293791285 3.7025845125317574 6.3401601910591117 4.1118906736373892 5.5092899389564982 33.340016335248947 6.5691706240177155 5.8091866075992575 4.2108131721615782 3.1760908905416727 6.7667727544903746 12.058457991108297 5.9180229082703582 4.5096049681305876 45.120918370783329 4.0895756334066373 6.3939632922410965 9.5565008297562581 4.1371172219514936 11.11464139819145 5.9837131164968005 8.7832556553184968 6.4572095759212962 5.823710959404707
leaf_count=51 49 95 29 58 378 40 69 25 38 21 47 64 91 22 37 41 34 15 32 35 32 32 20 191 29 19 23 37 34 170 44 26 133 26 24 111 32 47 56 29 62 19
internal_value=0 -0.0196343 -0.0327251 0.00204465 -0.0438497 0.0111585 0.0218883 0.00315669 -0.00714436 0.0034542 0.000280216 0.00169326 -0.00605796 -0.00127594 -0.00763428 -0.00219967 0.0307464 0.00364118 0.0168582 -0.0423687 0.0321033 -0.0128486 0.010555 0.00397804 0.00136927 0.0230247 0.0150181 -0.0276981 0.0287038 -0.0298059 -0.0180396 -0.0292257 0.0366923 0.0200911 0.0380604 -0.0104369 0.00506794 0.0101757 0.000297374 0.0141215 -0.00970727 0.019792
internal_weight=0 127.031 76.668 18.5662 58.1017 223.546 104.699 37.0011 30.148 25.7035 50.3628 118.847 78.6127 70.3118 58.7136 54.9578 11.5982 49.601 40.2346 6.43655 67.6979 18.651 43.1644 37.6551 14.5391 36.3674 30.5582 7.3869 23.1713 38.8044 26.7459 20.8279 61.3577 14.9925 10.4835 14.0661 47.0075 42.2996 31.185 25.2013 16.418 9.96083
internal_count=2467 1302 961 137 824 1165 430 196 171 133 341 735 526 435 379 342 56 301 209 50 234 112 251 231 80 177 158 60 98 446 276 232 202 79 50 137 294 245 198 142 113 51
is_linear=0
shrinkage=0.0625684


Tree=10
num_leaves=43
num_cat=0
split_feature=43 1 47 5 38 39 3 26 49 38 0 43 3 42 14 3 31 0 46 47 39 3 11 46 31 27 46 1 48 47 38 43 46 49 13 17 19 49 38 6 4 18
split_gain=17.7636 7.02185 6.29773 4.83873 3.98135 4.83527 4.22336 4.43072 4.09636 3.93026 3.94531 4.265 3.92737 4.33031 3.61461 3.43277 3.10894 3.7295 2.91701 2.90533 2.68977 4.06949 3.48022 4.8054 3.67186 4.28997 3.62345 3.45078 3.79508 3.01539 5.84331 5.05316 5.46622 5.1925 2.7979 4.22893 6.0006 2.66072 2.62906 2.71624 2.62759 3.26473
threshold=9.5000000000000018 1.5000000000000002 6.5000000000000009 4.5000000000000009 35.000000000000007 7.5000000000000009 33.500000000000007 1.0000000180025095e-35 8.5000000000000018 85.000000000000014 6.5000000000000009 7.5000000000000009 13.500000000000002 8.5000000000000018 4.5000000000000009 38.500000000000007 2.5000000000000004 1.0000000180025095e-35 9.5000000000000018 4.5000000000000009 6.5000000000000009 1.0000000180025095e-35 1.5000000000000002 75.000000000000014 1.0000000180025095e-35 8.5000000000000018 35.000000000000007 1.5000000000000002 6.5000000000000009 1.5000000000000002 75.000000000000014 8.5000000000000018 19.000000000000004 2.5000000000000004 1.0000000180025095e-35 1.0000000180025095e-35 1.0000000180025095e-35 2.5000000000000004 3.5000000000000004 1.0000000180025095e-35 1.5000000000000002 1.0000000180025095e-35
decision_type=2 2 2 2 2 2 2 2 2 2 2 2 2 2 2 2 2 2 2 2 2 2 2 2 2 2 2 2 2 2 2 2 2 2 2 2 2 2 2 2 2 2
left_child=2 -2 20 4 5 -3 7 -7 -6 10 12 15 13 16 -8 -12 17 -4 -17 -10 21 -1 26 24 -24 -26 29 28 -23 30 -22 32 33 -31 35 36 -29 -36 39 -39 41 -14
right_child=1 3 9 -5 8 6 14 -9 19 -11 11 -13 40 -15 -16 18 -18 -19 -20 -21 22 27 23 -25 25 -27 -28 34 -30 31 -32 -33 -34 -35 37 -37 -38 38 -40 -41 -42 -43
leaf_value=-0.025792343821927261 -0.053477611534712512 -0.064674119942218639 -0.039775046433255849 -0.043851751438899585 0.047758866357168493 -0.010779264556702365 -0.071850412288730861 0.07682435552005426 0.041003879517097816 -0.051600997980086952 0.081892153428218345 -0.037523746130689262 -0.042912804505493896 -0.035071077650305822 0.014134102219836102 -0.031544064709584811 0.062179453676454 0.037982823743290386 0.032223962247841249 -0.057892550641287212 0.048604140842857899 0.046638210046229533 0.047900078165017519 0.082913499710391594 -0.067389939506439081 0.015794854314439735 -0.050967542560916665 0.015095353783488799 -0.0034952645402791501 0.026816996180297308 -0.034682793926827091 0.046398099794036411 0.027027943870553069 -0.069191614126838136 -0.0089992552204371332 0.026561791058743883 -0.088130703441045677 0.025675188045091016 0.033150124842193346 -0.028472059842340022 -0.069599368701089057 0.038771749682589673
leaf_weight=7.5105920918285838 25.194248070940375 6.1932274587452438 4.5854854118078965 14.50537679158151 9.6888822009786946 4.948100436478855 4.3147673197090617 4.088447330519557 1.7866414487361897 7.360220765694975 3.9370974451303544 4.4829930085688821 6.0706697776913625 8.2932766526937467 3.3698324598371983 3.7085226587951174 4.8533719591796389 5.0262296199798584 11.117789370939134 3.1630517765879631 10.31705207750201 30.963246129453182 5.9584144689142766 4.2935606725513926 3.7010757960379106 6.8723629247397184 6.2183627281337968 4.2206248268485052 7.2485674843192092 2.7453327290713849 4.7964313682168713 4.3433583453297606 5.0176395997405043 10.583458917215465 10.462034180760382 7.0679907146841279 4.5284975431859493 8.4161170870065671 42.311203964054585 6.3159496095031491 6.6515342704951754 2.7493310421705246
leaf_count=43 412 90 36 183 58 38 61 15 9 119 10 43 64 95 25 32 17 20 80 48 36 101 22 10 36 32 57 19 34 13 51 17 25 97 39 34 28 28 159 46 72 13
internal_value=0 -0.0263683 0.00775567 -0.0132014 -0.00130453 -0.0176071 -1.45925e-05 0.0288686 0.0241209 -0.00848934 -0.00328475 0.0170044 -0.0156551 0.000841243 -0.0341015 0.0301347 0.0215407 0.000762113 0.016164 -0.0219363 0.0135293 0.018754 0.00311068 0.0241757 0.00871835 -0.0133372 -0.00684001 0.0215223 0.0371043 0.000427459 0.0220806 -0.0139577 -0.0283648 -0.049316 0.0143512 -0.00927189 -0.0383379 0.0199046 0.0252273 0.00237397 -0.0399426 -0.017275
internal_weight=0 77.2526 262.728 52.0583 37.553 22.9144 16.7211 9.03655 14.6386 68.8365 61.4763 23.2464 38.2299 22.7584 7.6846 18.7634 14.4651 9.61172 14.8263 4.94969 193.892 129.045 64.847 20.8254 16.5319 10.5734 44.0216 121.534 38.2118 37.8033 15.1135 22.6898 18.3464 13.3288 83.3224 15.8171 8.74912 67.5053 57.0433 14.7321 15.4715 8.82
internal_count=2467 939 1528 527 344 229 139 53 115 601 482 165 317 168 86 122 73 56 112 57 927 531 396 100 90 68 296 488 135 239 87 152 135 110 353 81 47 272 233 74 149 77
is_linear=0
shrinkage=0.0625684


Tree=11
num_leaves=43
num_cat=0
split_feature=43 38 42 1 13 27 0 39 47 43 47 43 3 38 18 39 0 3 15 27 39 46 8 5 16 31 46 39 19 0 46 39 2 3 47 49 38 3 31 17 7 27
split_gain=15.9932 5.07643 5.55627 4.43315 5.37642 6.55713 5.3806 4.29442 4.457 3.88494 3.83502 3.49386 3.03674 3.05945 5.62997 5.38748 2.92691 2.86598 3.29725 4.05991 5.61325 3.07114 2.70968 3.82249 7.74739 2.73726 2.62542 4.26009 2.60243 2.52315 2.44323 3.85305 2.41506 2.34257 2.80291 2.33441 2.09486 2.05463 1.94086 1.87646 4.12475 2.32121
threshold=6.5000000000000009 2.5000000000000004 3.5000000000000004 1.5000000000000002 2.5000000000000004 12.500000000000002 18.500000000000004 6.5000000000000009 10.500000000000002 1.0000000180025095e-35 2.5000000000000004 11.500000000000002 4.5000000000000009 9.5000000000000018 3.5000000000000004 10.500000000000002 5.5000000000000009 1.0000000180025095e-35 6.5000000000000009 5.5000000000000009 2.5000000000000004 9.5000000000000018 1.0000000180025095e-35 3.5000000000000004 3.5000000000000004 4.5000000000000009 10.500000000000002 10.500000000000002 1.5000000000000002 7.5000000000000009 8.5000000000000018 2.5000000000000004 1.0000000180025095e-35 14.500000000000002 12.500000000000002 6.5000000000000009 65.000000000000014 35.500000000000007 1.5000000000000002 1.5000000000000002 30.500000000000004 1.5000000000000002
decision_type=2 2 2 2 2 2 2 2 2 2 2 2 2 2 2 2 2 2 2 2 2 2 2 2 2 2 2 2 2 2 2 2 2 2 2 2 2 2 2 2 2 2
left_child=7 -2 -3 11 22 -6 29 17 9 -9 -11 26 -12 -14 15 -15 -17 -1 39 20 35 38 23 25 -25 30 27 32 -8 -7 -5 -32 -4 34 -28 -20 37 -24 -21 40 41 -19
right_child=1 2 3 4 5 6 28 8 -10 10 12 -13 13 14 -16 16 -18 18 19 21 -22 -23 36 24 -26 -27 33 -29 -30 -31 31 -33 -34 -35 -36 -37 -38 -39 -40 -41 -42 -43
leaf_value=-0.018910735278307559 -0.066274559331416863 0.037915403651811168 0.044880595653141397 0.024253108826115689 -0.055235765464625948 0.014432735703987176 0.062174987317051005 -0.042067616326695693 -0.060877237273841929 0.031601915224250578 -0.0597774304088316 -0.061198180644803847 0.02367677021507994 -0.065827754031769936 0.065669982930295565 -0.030037547393999536 0.053742221756367149 0.02500131294729473 0.033707465679795892 0.018472740404879767 -0.039925561231138551 0.03887928530073187 0.034490015140124342 -0.077429882555968707 0.042311491607506975 0.061502193417529404 -0.07271033805276364 -0.071701129510283845 -0.0046409889758277645 -0.08373784326411797 0.037323239581978862 -0.028708146539777765 -0.016938882722627235 0.0095170200718626592 -5.9005573065818481e-05 -0.010900133205028469 0.062475619983036378 -0.027800677581639538 -0.032200128377640316 0.054243230949714817 -0.021839309273820686 0.064612533561409558
leaf_weight=7.4148138985037795 7.4304906632751218 7.7960823588073245 5.7032670248299855 10.370910659432413 17.093658594414595 1.4800065159797657 4.813924588263033 6.5411750786006442 4.5197825022041789 18.848423928022385 3.3433794826269141 12.512940824963151 14.581447109580042 7.8674619011580962 2.7739692851901046 3.2801822945475578 3.1734543833881617 22.594599317759279 11.370582655072218 8.7626194544136506 11.250079490244387 24.52402451634407 5.1696986332535726 6.5628737583756429 3.0753867104649544 3.076859187334775 7.8303834870457631 2.5610022358596316 4.2497401125729084 3.1175835393369198 4.4650867506861713 14.847112096846102 4.2929227277636528 2.9067004509270182 2.8678116649389267 7.6187313571572295 4.5001720301806918 3.3998275138437748 4.4234517291188231 12.68312857672572 5.842031091451644 7.8891359120607367
leaf_count=41 116 33 34 66 213 14 21 56 62 85 36 247 73 82 11 28 17 95 45 36 82 86 23 100 19 13 112 32 45 47 23 159 35 29 27 41 20 30 34 42 34 23
internal_value=0 -0.0160217 -0.0131834 -0.0163911 -0.00847305 -0.0294438 0.00280271 0.0118602 -0.00116653 0.00331343 0.00886709 -0.0339927 -0.00335579 0.00262043 -0.0152859 -0.0311596 0.011052 0.0186683 0.0210649 0.0121079 -0.0049386 0.0257992 0.00314501 -0.00451461 -0.0390936 0.00565406 -0.0208774 -0.000145014 0.0308213 -0.0520182 -0.000159569 -0.0133461 0.0182526 -0.0398848 -0.053399 0.0157641 0.0280265 0.00963591 0.0013516 0.0334442 0.0261089 0.035348
internal_weight=0 140.124 132.694 124.898 86.2228 30.7549 13.6613 189.302 64.9293 60.4095 53.8683 38.675 35.0199 31.6765 17.0951 14.3211 6.45364 124.373 116.958 67.9495 30.2394 37.7101 55.4679 42.3982 9.63826 32.76 26.1621 12.5572 9.06366 4.59759 29.6831 19.3122 9.99619 13.6049 10.6982 18.9893 13.0697 8.56953 13.1861 49.0089 36.3258 30.4837
internal_count=2467 1458 1342 1309 793 340 127 1009 450 388 332 516 247 211 138 127 45 559 518 324 168 156 453 380 119 261 269 101 66 61 248 182 69 168 139 86 73 53 70 194 152 118
is_linear=0
shrinkage=0.0625684


Tree=12
num_leaves=43
num_cat=0
split_feature=43 38 42 39 5 49 6 8 43 47 3 5 7 14 39 38 43 46 13 9 39 38 2 38 42 39 6 38 49 39 47 3 15 46 7 43 8 46 3 39 27 18
split_gain=14.6465 4.28481 4.25286 4.13827 3.68559 5.7182 5.57923 4.13513 3.91993 3.5851 3.55453 4.51811 4.67768 4.51694 3.4875 4.05753 3.41819 4.07362 3.59149 3.24106 3.20168 3.14216 3.71774 4.72032 2.96043 2.9284 2.91066 2.81589 2.72383 3.00584 2.66113 2.55453 2.39857 4.3427 3.51632 4.15016 3.81874 3.50909 2.9702 2.58091 2.32599 2.29258
threshold=6.5000000000000009 2.5000000000000004 2.5000000000000004 6.5000000000000009 4.5000000000000009 4.5000000000000009 1.0000000180025095e-35 1.0000000180025095e-35 16.500000000000004 7.5000000000000009 24.500000000000004 1.5000000000000002 12.500000000000002 1.5000000000000002 5.5000000000000009 13.500000000000002 11.500000000000002 8.5000000000000018 1.0000000180025095e-35 1.5000000000000002 13.500000000000002 75.000000000000014 22.500000000000004 35.000000000000007 8.5000000000000018 12.500000000000002 4.5000000000000009 10.500000000000002 3.5000000000000004 3.5000000000000004 4.5000000000000009 1.0000000180025095e-35 1.0000000180025095e-35 11.500000000000002 16.500000000000004 2.5000000000000004 1.0000000180025095e-35 85.000000000000014 34.500000000000007 1.5000000000000002 11.500000000000002 1.0000000180025095e-35
decision_type=2 2 2 2 2 2 2 2 2 2 2 2 2 2 2 2 2 2 2 2 2 2 2 2 2 2 2 2 2 2 2 2 2 2 2 2 2 2 2 2 2 2
left_child=3 -2 -3 31 6 19 16 9 -7 14 11 12 25 26 -8 -16 17 -4 -19 20 -6 22 23 41 -11 -5 27 -12 -20 -30 -18 -1 -33 34 38 36 40 39 -34 -35 -36 -15
right_child=1 2 4 10 5 8 7 -9 -10 24 13 -13 -14 21 15 -17 30 18 28 -21 -22 -23 -24 -25 -26 -27 -28 -29 29 -31 -32 32 33 37 35 -37 -38 -39 -40 -41 -42 -43
leaf_value=-0.017475524166903029 -0.062833699113624797 0.042777630705917356 0.015219527723683481 -0.037888238514377517 -0.047404623553843422 -0.065634174338816548 0.039904106731611821 0.039798028220030167 0.027274115940200055 0.014309342616624646 0.058730238777742319 -0.056908870122907823 0.060388069223872048 -0.071378471894883236 -0.052374824392649906 0.017840003765124162 0.00076086816155936121 -0.06322697672242765 0.038107207383008788 0.054987442400394097 0.039413497445582854 -0.066050037323586872 0.051484551767322348 0.02943399437749479 -0.042895887162999656 0.031547439543978581 0.066439255371865957 -0.016723172025607851 0.027243900261967775 -0.059325205079164146 -0.066605100834886091 0.041152588359372307 -0.0089104824927177181 -0.0020621709702370893 -0.056671944324122099 -0.067086081323501551 0.049187555268017033 -0.017511308573723162 0.030017377118090112 0.042461866096706033 0.020260959792353109 -0.010726482640821912
leaf_weight=7.2936562374234191 7.1045181900262824 5.1029330529272547 11.506350239738824 8.8813584297895449 5.2951050270348805 16.562908262014393 9.8355665169656294 10.464241439476607 1.9548902176320542 4.958831179887059 3.0484356954693776 8.5030612330883724 3.7417954653501502 4.5990493930876344 5.1741538867354384 8.3934914395213109 2.8929605688899747 8.1075665410608071 3.3902565315365774 3.1186989545822144 2.3754151873290539 3.0145911760628215 4.591608975082635 6.4459396079182616 12.02855901699513 3.1978329420089713 6.9984676726162425 5.1502447761595249 2.3326332531869411 4.5928229968994856 10.497509410604833 18.612664479762316 12.393978342413901 5.8830994851887217 4.0995825380086881 5.1155982762575141 4.0185089632868767 5.3358546979725352 19.90829449146986 35.807927867397666 2.4022207856178284 5.2913331091403961
leaf_count=41 116 20 79 80 69 239 40 57 14 35 12 83 17 41 57 67 30 109 20 19 15 42 17 34 203 19 23 44 13 58 198 55 64 34 41 47 16 39 76 131 15 38
internal_value=0 -0.0155992 -0.0129653 0.0114834 -0.0152888 -0.034668 -0.0092361 0.00480121 -0.0557349 -0.00426326 -0.00143805 -0.0202215 -0.00035588 0.0102141 0.0115804 -0.00891755 -0.0257317 -0.0138968 -0.0321365 0.00144655 -0.0203204 -0.00668355 0.00190564 -0.0120373 -0.0261362 -0.0193781 0.0368653 0.01132 -0.00746966 -0.0300162 -0.052002 0.0182755 0.0205856 0.0165299 0.00324699 -0.0210523 0.0013667 0.0300347 0.015053 0.0361557 -0.0281186 -0.0391859
internal_weight=0 135.689 128.585 184.335 123.482 29.307 94.1749 50.8548 18.5178 40.3906 63.4637 24.324 15.821 39.1397 23.4032 13.5676 43.3201 29.9296 18.4233 10.7892 7.67052 23.9425 20.9279 16.3363 16.9874 12.0792 15.1971 8.19868 10.3157 6.92546 13.3905 120.871 113.578 94.9651 47.9382 15.6359 10.5203 47.0269 32.3023 41.691 6.5018 9.89038
internal_count=2467 1458 1342 1009 1322 356 966 459 253 402 450 199 116 251 164 124 507 279 200 103 84 172 130 113 238 99 79 56 91 71 228 559 518 463 259 119 72 204 140 165 56 79
is_linear=0
shrinkage=0.0625684


Tree=13
num_leaves=43
num_cat=0
split_feature=43 12 0 43 42 5 47 0 39 46 38 3 49 14 9 24 5 49 49 9 0 43 12 43 27 48 49 49 49 7 4 19 30 46 14 11 27 43 46 49 19 19
split_gain=13.3022 3.98708 4.4695 4.24287 3.8701 3.33077 3.59661 4.04635 4.86072 3.30333 3.67289 3.53794 4.72112 3.53159 2.67357 3.29039 2.55351 2.79883 3.6578 2.45811 2.95969 2.39219 3.70085 3.60439 3.56773 3.40652 2.53736 3.16707 3.60553 2.75243 2.74229 2.54376 2.30303 4.59392 2.52646 3.15953 2.15411 4.28121 4.54105 2.66522 1.92942 1.92868
threshold=6.5000000000000009 1.0000000180025095e-35 5.5000000000000009 10.500000000000002 2.5000000000000004 12.500000000000002 4.5000000000000009 1.5000000000000002 17.500000000000004 10.500000000000002 6.5000000000000009 1.0000000180025095e-35 5.5000000000000009 1.0000000180025095e-35 1.0000000180025095e-35 1.5000000000000002 10.500000000000002 3.5000000000000004 1.5000000000000002 1.5000000000000002 27.500000000000004 2.5000000000000004 4.5000000000000009 1.0000000180025095e-35 5.5000000000000009 7.5000000000000009 10.500000000000002 7.5000000000000009 4.5000000000000009 3.5000000000000004 1.0000000180025095e-35 4.5000000000000009 1.0000000180025095e-35 45.000000000000007 1.5000000000000002 1.5000000000000002 8.5000000000000018 1.5000000000000002 19.000000000000004 6.5000000000000009 5.5000000000000009 1.0000000180025095e-35
decision_type=2 2 2 2 2 2 2 2 2 2 2 2 2 2 2 2 2 2 2 2 2 2 2 2 2 2 2 2 2 2 2 2 2 2 2 2 2 2 2 2 2 2
left_child=19 2 3 9 -3 6 14 -8 16 10 -2 -12 -13 -11 15 -6 17 18 -9 20 21 23 24 26 25 32 27 28 29 -1 -30 -28 34 -34 35 -23 37 -25 -39 -40 -31 -24
right_child=1 4 -4 -5 5 -7 7 8 -10 13 11 12 -14 -15 -16 -17 -18 -19 -20 -21 -22 22 41 36 -26 -27 31 -29 30 40 -32 -33 33 -35 -36 -37 -38 38 39 -41 -42 -43
leaf_value=0.045848845064437461 -0.054300052197587413 0.054952942112928518 0.034446062802964951 -0.052614005571123737 -0.011866172718996764 -0.06296286673573534 0.028095163707632882 -0.068230916585982807 0.048051455175405079 -0.062579000632839638 0.0675156521031261 -0.060641045917151422 0.025899099871529444 0.00645074685302152 0.06696365258168166 0.065973097379701626 0.032216590429489794 -0.044093180185028107 0.015475945572894773 -0.030221738123899909 0.053678112365261446 0.009053941478545751 0.0097270757000349293 0.044858098779710059 0.031794714015826155 -0.044699911328143799 -0.07190681082100478 0.042178301556770756 -0.078872009979891675 -0.047646623038996472 0.00041780530691738098 0.0049849901998791548 -0.061046597383358062 0.031914342949111017 -0.029786711127506006 0.058020169743809913 0.057224630136310739 -0.040939904039789199 0.05863063130418119 -0.0081493880354477407 0.022442491377565685 -0.052047859271912272
leaf_weight=6.4633770622313076 3.8205973617732587 3.9116951897740355 4.2248060442507258 22.841061473824084 9.0784879326820356 4.1384280212223521 7.641416883096098 2.7006221897900096 3.5664074309170237 9.144008335657416 3.6397481486201277 3.7001839280128461 7.2392852418124676 4.193690948188304 3.7220465093851081 2.736376477405428 2.5280060395598403 24.381021160632372 8.0372563246637565 5.4177274573594323 6.5270225405693045 35.278154285624623 2.7809057570993883 17.227035062387586 18.976867510005832 5.8054855838417998 3.0923174358904353 9.2359043434262258 3.3588837422430506 3.0425358004868031 3.3822729252278805 3.5904529541730881 5.1947039477527124 3.4133930411189795 5.2090632803738108 6.0338865220546714 9.5840177014470083 6.3610395304858676 4.9719869904220086 4.3317287303507328 3.0230136066675186 6.521198682487011
leaf_count=23 44 11 30 406 77 64 57 36 23 128 14 34 48 39 16 12 20 339 60 48 25 211 14 72 82 50 27 38 23 26 23 22 34 20 44 23 32 42 19 25 19 67
internal_value=0 -0.0151251 -0.0272292 -0.0320417 -0.00527646 -0.00875544 -0.00522373 -0.0135759 -0.0213455 -0.0171617 0 0.0143668 -0.00336555 -0.0408289 0.0209408 0.00620172 -0.0279857 -0.0323772 -0.00561829 0.0111016 0.0124046 0.0107733 0.00376582 0.0188036 0.00812878 0.000726996 0.00395161 0.0121187 -0.00227838 0.0175051 -0.0391175 -0.0306084 0.00555488 -0.0240747 0.0110745 0.0162734 0.0310687 0.0233637 -0.000248116 0.0275006 -0.0126001 -0.0334917
internal_weight=0 131.245 58.8034 54.5786 72.4418 68.5301 64.3916 48.8547 41.2133 31.7375 18.3998 14.5792 10.9395 13.3377 15.5369 11.8149 37.6469 35.1189 10.7379 178.823 173.405 166.878 89.2137 77.6646 79.9116 60.9347 35.1888 28.506 19.2701 12.5289 6.74116 6.68277 55.1292 8.6081 46.5211 41.312 42.4758 32.8918 15.6648 9.30372 6.06555 9.3021
internal_count=2467 1458 743 713 715 704 640 535 478 307 140 96 82 167 105 89 455 435 96 1009 961 936 545 391 464 382 201 152 114 68 46 49 332 54 278 234 190 158 86 44 45 81
is_linear=0
shrinkage=0.0625684


Tree=14
num_leaves=43
num_cat=0
split_feature=43 38 47 42 49 39 48 5 12 38 3 42 6 1 1 17 39 14 27 27 47 43 3 49 3 3 46 2 0 7 1 46 27 2 27 43 12 15 23 27 0 23
split_gain=10.5041 3.296 4.20329 3.22045 4.94753 4.20212 3.37232 4.23038 3.12254 3.11298 4.51222 3.40716 2.87968 2.81238 2.73624 2.72286 3.08761 2.67888 3.66541 3.0896 2.49238 2.37426 2.1822 2.99273 2.3842 2.1647 2.15673 2.0228 1.92349 3.15847 2.87764 4.91781 1.82387 1.6755 2.11275 1.66606 3.70503 3.14428 3.00001 5.10314 3.60656 2.57639
threshold=6.5000000000000009 6.5000000000000009 4.5000000000000009 9.5000000000000018 8.5000000000000018 4.5000000000000009 4.5000000000000009 4.5000000000000009 1.5000000000000002 65.000000000000014 92.000000000000014 19.000000000000004 1.0000000180025095e-35 1.5000000000000002 2.5000000000000004 1.5000000000000002 6.5000000000000009 1.0000000180025095e-35 1.0000000180025095e-35 10.500000000000002 7.5000000000000009 14.500000000000002 1.0000000180025095e-35 6.5000000000000009 1.5000000000000002 28.500000000000004 4.5000000000000009 5.5000000000000009 27.500000000000004 1.0000000180025095e-35 4.5000000000000009 2.5000000000000004 3.5000000000000004 1.5000000000000002 1.5000000000000002 2.5000000000000004 3.5000000000000004 38.500000000000007 1.0000000180025095e-35 1.5000000000000002 6.5000000000000009 1.5000000000000002
decision_type=2 2 2 2 2 2 2 2 2 2 2 2 2 2 2 2 2 2 2 2 2 2 2 2 2 2 2 2 2 2 2 2 2 2 2 2 2 2 2 2 2 2
left_child=9 2 27 6 5 32 8 12 26 22 11 -11 -8 -7 -15 16 -13 -16 -19 -20 21 33 23 -1 -24 -10 -3 -2 29 30 31 -26 -5 -6 -35 41 38 -38 40 -40 -37 -31
right_child=1 3 -4 4 20 13 7 -9 25 10 -12 15 -14 14 17 -17 -18 18 19 -21 -22 -23 24 -25 28 -27 -28 -29 -30 35 -32 -33 -34 34 -36 36 37 -39 39 -41 -42 -43
leaf_value=-0.055158120770022537 -0.025073681485155801 -0.0010668843532817504 -0.049744240132264181 0.0069256888972347632 -0.071184837856951746 -0.041898391083028536 -0.0036667894117133502 -0.038191348133163897 0.052599943514076597 -0.03562406009339264 -0.070661174720732245 0.023308080933632892 0.054944132403215364 0.03369547247766564 -0.069950316215964189 0.050310793615919239 -0.042941310410347946 0.055941033211879203 -0.050613641708241681 0.013280341527795088 -0.059736200356447638 0.039876084931824297 0.054628527176439942 0.014080602647400981 0.054485193493562581 -0.019059159785681845 -0.076606654920431089 0.039872635366362152 0.042437125482933429 0.017915416623970181 -0.065943738313938946 -0.043938190472140239 0.058853581486994794 0.022389201719673887 -0.043396813944391488 0.011453702058283001 -0.062344517852733261 0.0065597359888509366 0.039620030711961123 -0.063946368791495095 0.054805987531574507 0.059518837968739309
leaf_weight=4.1235906742513162 3.8897881172597435 2.4126824587583524 18.320111311972141 6.0232529826462251 3.0012477599084395 10.266004748642443 4.5684759262949255 3.4350629393011323 2.9620542787015438 7.0224173460155788 3.9534527640789738 7.2481142804026621 11.278873868286608 5.9936224017292288 2.8814552836120155 5.9086640812456599 4.3941465504467487 3.0920333825051776 6.1891180668026191 5.5946132987737656 11.640368672087787 2.1442573405802241 5.8913165032863608 5.8667836226522923 3.6733569800853711 3.6196903996169567 3.925033200532198 3.5569787174463272 8.6626886576414091 43.916059836745262 3.5352319963276386 4.2502475678920746 4.7863090038299561 3.2275200448930264 4.5481646303087473 31.718846492469311 4.8705895878374559 5.4344901628792286 3.1491070091724387 4.4409835189580917 9.8662499040365201 6.7391326911747447
leaf_count=33 37 17 309 45 48 175 39 41 9 57 48 39 48 38 42 27 53 17 98 52 225 15 23 31 12 37 46 17 33 219 24 38 21 23 59 169 48 38 15 42 35 25
internal_value=0 -0.013663 -0.0336505 -0.00857314 -0.0161649 -0.00376203 0.00775079 0.0243314 -0.016909 0.009963 -0.00891128 0.0010597 0.0380053 -0.0145836 -0.00268849 0.0158402 -0.00165199 -0.0150716 -0.00423525 -0.020232 -0.0387203 -0.0195975 0.0136561 -0.0144748 0.0157315 0.0131239 -0.0481792 0.00583857 0.0139503 0.0119007 -0.01928 0.00158754 0.0301306 -0.0316195 -0.0159688 0.0151597 0.00802273 -0.0259948 0.0151867 -0.0208455 0.0218014 0.0235075
internal_weight=0 127.357 25.7669 101.59 69.388 44.8264 32.2019 19.2824 12.9195 174.665 28.5268 24.5733 15.8473 34.0168 23.7508 17.5509 11.6423 17.7572 14.8758 11.7837 24.5616 12.9212 146.139 9.99037 136.148 6.58174 6.33772 7.44677 130.257 121.594 11.4588 7.9236 10.8096 10.7769 7.77568 110.135 59.4803 10.3051 49.1752 7.59009 41.5851 50.6552
internal_count=2467 1458 363 1095 858 488 237 128 109 1009 224 176 87 422 247 119 92 209 167 150 370 145 785 64 721 46 63 54 698 665 74 50 66 130 82 591 347 86 261 57 204 244
is_linear=0
shrinkage=0.0625684


Tree=15
num_leaves=43
num_cat=0
split_feature=47 43 8 22 13 39 39 24 0 17 5 43 38 38 43 4 38 43 10 0 38 42 38 4 38 49 26 1 31 1 38 39 16 1 49 42 26 5 6 30 48 42
split_gain=9.84247 4.80535 5.83435 4.79235 3.92801 3.6941 4.39126 2.83853 2.70163 3.10576 2.63013 3.09103 2.59868 3.32035 2.57553 2.50626 2.5328 2.24975 3.00204 2.81998 2.27098 3.90713 2.22379 2.19166 2.13676 2.25988 2.0451 3.58648 1.94162 1.88584 2.66737 1.78446 1.76364 1.88182 4.72145 1.75224 1.72951 1.96355 1.63412 2.93854 3.25378 3.1925
threshold=6.5000000000000009 11.500000000000002 1.0000000180025095e-35 1.0000000180025095e-35 1.5000000000000002 4.5000000000000009 1.5000000000000002 1.0000000180025095e-35 6.5000000000000009 2.5000000000000004 4.5000000000000009 1.5000000000000002 35.000000000000007 2.5000000000000004 10.500000000000002 2.5000000000000004 11.500000000000002 3.5000000000000004 1.0000000180025095e-35 21.500000000000004 65.000000000000014 25.000000000000004 3.5000000000000004 1.0000000180025095e-35 5.5000000000000009 8.5000000000000018 2.5000000000000004 4.5000000000000009 3.5000000000000004 1.5000000000000002 7.5000000000000009 6.5000000000000009 1.5000000000000002 4.5000000000000009 9.5000000000000018 19.000000000000004 1.5000000000000002 1.5000000000000002 1.0000000180025095e-35 1.0000000180025095e-35 6.5000000000000009 45.000000000000007
decision_type=2 2 2 2 2 2 2 2 2 2 2 2 2 2 2 2 2 2 2 2 2 2 2 2 2 2 2 2 2 2 2 2 2 2 2 2 2 2 2 2 2 2
left_child=5 10 3 -3 -4 6 7 8 9 24 12 -12 13 -2 -14 26 -17 20 38 -20 35 23 -8 -22 25 -1 27 29 -13 30 -15 -31 33 34 -24 36 37 -7 -19 40 -40 -41
right_child=1 2 4 -5 -6 17 22 -9 -10 -11 11 28 14 15 -16 16 -18 18 19 -21 21 -23 32 -25 -26 -27 -28 -29 -30 31 -32 -33 -34 -35 -36 -37 -38 -39 39 41 -42 -43
leaf_value=-0.026559810641858961 -0.050198508995765584 -0.066463565595670057 0.049884251742492787 0.062288720783261815 -0.044784056816825263 0.038487732339234471 -0.007569285109163112 -0.040235600076817944 0.042045780807230884 0.046428041446645113 0.042262214947812793 -0.070098994994608838 -0.035448477229116593 0.023609327629572435 0.045355310475397356 0.0099653293077081508 0.073298991086181098 -0.015020801491718088 -0.073006527915204636 0.0076513112257210253 -0.0087528494195243736 0.040944967935423418 0.042030467176986497 -0.08592147204629795 -0.052881228333588208 0.028893509828479411 0.052705284092870577 -0.048478316473707109 -0.021959994917043348 -0.018176030449139669 -0.031931750719296353 0.034874297643767475 0.0017150250743593913 0.052440836192584189 -0.020803812428970472 -0.003794239104447416 0.065408813485236292 -0.0086031457806599616 0.027859140945111209 -0.071431311113208482 -0.02288637621314274 0.013817257750412417
leaf_weight=6.3549842499196583 3.9651163332164279 16.896220985800035 3.9850701428949824 1.1784940920770157 2.9553287848830223 9.441290941089397 5.858946729451417 5.7082162871956816 6.8480484969913951 3.8845705837011328 1.9590742103755463 5.4454597961157551 12.659389499574896 5.5750475507229593 1.7180482652038342 5.9974535610526782 4.2460890784859657 22.119319457560778 4.7160387746989718 2.5947645623236895 3.1738164387643319 3.2103313505649567 18.174500709399585 2.6750910095870495 4.3598547093570224 5.1977472081780434 2.7795354053378096 5.5826132185757151 8.5432380456477386 3.174776852130889 8.4678822718560678 10.711759600788353 6.2400898393243542 18.793783187866211 6.252599135041236 7.3606490418314925 4.6030163317918769 5.3970583006739608 21.010626723989848 3.487899098545312 6.4155581369996062 3.3092491775751114
leaf_count=47 50 411 21 8 40 43 35 50 25 17 11 87 172 46 14 53 15 199 62 21 26 14 64 31 32 25 14 61 122 30 90 57 35 64 36 39 14 33 122 43 63 25
internal_value=0 -0.0152471 -0.0392041 -0.0579088 0.00939224 0.00862223 0.0179843 -0.000293736 0.0082606 -0.00342058 -0.0078057 -0.030548 -0.00218549 0.00448057 -0.0256336 0.00919585 0.0364777 0.000359749 -0.00668917 -0.0443223 0.0128972 -0.0140732 0.0286879 -0.0445211 -0.0157305 -0.00150322 0.00143852 -0.00282823 -0.0408999 0.00630319 -0.00979921 0.0226515 0.0330075 0.0374949 0.0258949 0.0220609 0.0318968 0.0213038 -0.00176317 0.00677929 0.0159349 -0.0298985
internal_weight=0 105.841 25.0151 18.0747 6.9404 187.188 87.6733 32.3534 26.6452 19.7972 80.8255 15.9478 64.8777 50.5003 14.3774 46.5352 10.2435 99.5147 63.6535 7.3108 35.8613 9.05924 55.3199 5.84891 15.9126 11.5527 36.2916 33.5121 13.9887 27.9295 14.0429 13.8865 49.461 43.2209 24.4271 26.802 19.4414 14.8383 56.3427 34.2233 27.4262 6.79715
internal_count=2467 1302 480 419 61 1165 430 196 146 121 822 220 602 416 186 366 68 735 535 83 200 71 234 57 104 72 298 284 209 223 136 87 199 164 100 129 90 76 452 253 185 68
is_linear=0
shrinkage=0.0625684


Tree=16
num_leaves=43
num_cat=0
split_feature=43 1 3 39 43 27 38 27 47 6 19 25 42 2 38 49 31 7 47 17 7 47 46 15 29 49 48 19 25 19 39 3 15 46 42 46 39 3 23 23 3 43
split_gain=7.23782 3.54346 3.86773 3.35728 3.26284 3.07476 4.80908 3.13987 3.01334 2.92303 2.64628 3.374 2.20658 2.20698 2.2006 3.36838 2.76357 2.68454 2.52144 2.40572 2.27351 2.26446 1.89388 2.83105 2.56651 2.63514 2.99692 1.58877 3.32427 1.53061 1.44635 1.39964 2.27878 2.38288 2.8772 2.42121 1.81523 3.88471 2.39332 1.82614 1.70356 2.12433
threshold=6.5000000000000009 1.5000000000000002 38.500000000000007 6.5000000000000009 11.500000000000002 10.500000000000002 10.500000000000002 1.0000000180025095e-35 10.500000000000002 11.500000000000002 1.5000000000000002 1.0000000180025095e-35 14.500000000000002 1.5000000000000002 65.000000000000014 7.5000000000000009 5.5000000000000009 14.500000000000002 4.5000000000000009 1.5000000000000002 6.5000000000000009 1.5000000000000002 45.000000000000007 5.5000000000000009 1.0000000180025095e-35 2.5000000000000004 2.5000000000000004 1.0000000180025095e-35 1.0000000180025095e-35 26.500000000000004 5.5000000000000009 1.0000000180025095e-35 1.0000000180025095e-35 9.5000000000000018 6.5000000000000009 85.000000000000014 1.5000000000000002 31.500000000000004 1.0000000180025095e-35 1.5000000000000002 34.500000000000007 2.5000000000000004
decision_type=2 2 2 2 2 2 2 2 2 2 2 2 2 2 2 2 2 2 2 2 2 2 2 2 2 2 2 2 2 2 2 2 2 2 2 2 2 2 2 2 2 2
left_child=3 4 22 31 12 7 -7 -4 14 -9 -8 -12 -2 -14 16 -16 17 20 -19 -17 21 -5 24 -24 25 -3 -27 28 -23 -18 -13 -1 -33 34 40 36 37 -35 -38 -40 41 -34
right_child=1 2 5 8 -6 6 10 9 -10 -11 11 30 13 -15 15 19 29 18 -20 -21 -22 27 23 -25 -26 26 -28 -29 -30 -31 -32 32 33 35 -36 -37 38 -39 39 -41 -42 -43
leaf_value=-0.013166018580072186 -0.0039272664028476081 -0.023650651116521648 0.013941783161916197 0.055640817331434229 -0.056032527329880531 -0.050458956365860598 0.056784290524005632 -0.051353132130678054 -0.055065123567216746 0.010938344449492841 0.052672417213594086 0.0055864429082200292 -0.0634815904678456 0.011429614026976311 -0.058680512814442025 -0.027627702923009964 -0.077411333629389692 0.050284475668336853 -0.005011533068615048 0.047915729635853478 -0.034993017098915391 -0.047801442469944236 -0.069436369227942718 0.012134250895608132 -0.036143312524064934 0.079028580062260392 0.020000377229486516 0.02862998081889221 0.032680561759163375 -0.0059448146678160721 -0.070530712307163776 0.038385919430740469 -0.031269168825036532 0.047332462224535576 -0.051011112477172223 -0.020801997843368968 0.039632209473401875 -0.046248648900936322 -0.025929101353506012 0.030464949738623105 0.01787346852822165 0.02622944957663054
leaf_weight=6.4005282483994952 18.858752563595775 4.2195671722292927 4.9491393826901939 3.45129236951471 11.110083146020768 4.5942759029567268 5.4238381870090944 17.860615296289328 4.1034868583083144 3.4848040379583827 2.5961458683013916 1.635485924780369 5.7213154286146155 2.0576203316450119 5.5806959643959981 3.5299051944166422 2.0724160596728316 10.438722677528856 4.6084317713975897 3.0323792025446892 5.6673201099038115 5.2472862266004068 2.7125549260526887 4.1713224668055773 3.2831066083163014 4.0052457340061691 21.247746707871556 4.5201031379401675 3.1985678263008595 2.7472982965409756 2.2893368862569332 16.187804006040096 7.7299929112195986 3.1534823887050143 3.8117419183254233 4.7689739130437365 29.738395035266876 3.7791189216077328 4.3985862433910352 4.5215324275195599 19.074681524187326 3.673045177012682
leaf_count=41 186 30 42 13 279 87 30 278 62 40 13 12 102 22 73 43 24 34 34 14 38 50 42 42 41 13 157 26 17 22 42 55 59 14 33 39 113 31 29 22 104 19
internal_value=0 -0.0116814 -0.00439401 0.00848942 -0.027556 -0.0174316 0.00364364 -0.0307179 -0.0035931 -0.0411303 0.0246277 -0.00210056 -0.0155824 -0.0435598 0.000322173 -0.0230758 0.00713415 0.0129496 0.0333016 0.00717684 -0.000895877 0.0108537 0.00966887 -0.0200257 0.0159573 0.0218328 0.0294977 -0.00109346 -0.0171819 -0.0372221 -0.0387497 0.015056 0.0168622 0.0127196 0 0.0213773 0.0258257 -0.00349835 0.0311116 0.00253922 0.00642352 -0.0126286
internal_weight=0 120.221 82.4732 165.436 37.7478 42.8336 16.5391 26.2946 58.1979 21.3454 11.9448 6.52097 26.6377 7.77894 54.0944 12.143 41.9514 37.1317 15.0472 6.56228 22.0846 16.4172 39.6395 6.88388 32.7557 29.4726 25.253 12.966 8.44585 4.81971 3.92482 107.238 100.837 84.6496 34.2895 50.3601 45.5911 6.9326 38.6585 8.92012 30.4777 11.403
internal_count=2467 1458 869 1009 589 544 184 360 450 318 97 67 310 124 388 130 258 212 68 57 144 106 325 84 241 200 170 93 67 46 54 559 518 463 215 248 209 45 164 51 182 78
is_linear=0
shrinkage=0.0625684


Tree=17
num_leaves=43
num_cat=0
split_feature=47 38 42 1 13 8 42 39 26 31 43 3 49 0 46 27 39 38 46 39 38 8 48 49 3 35 18 11 27 10 2 19 49 16 7 42 38 38 27 39 15 14
split_gain=7.3023 3.98238 5.30003 3.00675 4.0566 3.11701 2.92043 2.76918 2.57299 2.432 2.37675 2.18073 4.22462 2.96506 2.2044 1.97868 1.82027 2.37285 1.72368 1.70152 1.68273 2.41344 2.40449 1.99327 2.93996 1.66532 2.26415 2.23215 2.05159 3.80602 2.68709 1.8614 5.8404 2.64923 2.32122 4.22958 3.77632 1.7068 1.64714 1.67851 5.00477 4.01256
threshold=6.5000000000000009 4.5000000000000009 6.5000000000000009 1.5000000000000002 2.5000000000000004 1.0000000180025095e-35 75.000000000000014 4.5000000000000009 2.5000000000000004 1.5000000000000002 11.500000000000002 20.500000000000004 7.5000000000000009 5.5000000000000009 5.5000000000000009 12.500000000000002 1.5000000000000002 3.5000000000000004 8.5000000000000018 5.5000000000000009 12.500000000000002 1.0000000180025095e-35 6.5000000000000009 8.5000000000000018 25.500000000000004 1.0000000180025095e-35 1.0000000180025095e-35 9.5000000000000018 5.5000000000000009 1.0000000180025095e-35 6.5000000000000009 8.5000000000000018 4.5000000000000009 1.0000000180025095e-35 13.500000000000002 7.5000000000000009 19.000000000000004 25.000000000000004 8.5000000000000018 2.5000000000000004 5.5000000000000009 1.0000000180025095e-35
decision_type=2 2 2 2 2 2 2 2 2 2 2 2 2 2 2 2 2 2 2 2 2 2 2 2 2 2 2 2 2 2 2 2 2 2 2 2 2 2 2 2 2 2
left_child=7 2 -2 10 5 11 9 8 16 15 18 12 -5 14 -13 -6 20 -18 -3 -7 21 22 23 24 -1 27 -27 28 29 31 -30 33 -33 34 35 -9 -36 -32 39 41 -41 -19
right_child=1 3 -4 4 6 19 -8 25 -10 -11 -12 13 -14 -15 -16 -17 17 38 -20 -21 -22 -23 -24 -25 -26 26 -28 -29 30 -31 37 32 -34 -35 36 -37 -38 -39 -40 40 -42 -43
leaf_value=-0.034144850339883639 0.0043331713794564648 0.01417370784282623 -0.076906810016354479 0.042272209482308282 -0.016503503334345842 0.071882355081571411 -0.067371977828560248 0.010013535879351146 -0.027449561062432851 -0.044726106979515248 -0.060664469023384002 0.022047284066243518 -0.040329992990284315 0.013166693489914527 -0.053530132244474109 0.037920203746260858 -0.010942389171040822 0.0076570259217024874 -0.02706711599104503 0.020041591451123195 -0.029253155594934761 0.053726371390175554 -0.04076307123908908 0.05441277127711823 0.026750835340564813 -0.079949478010593822 -0.006723424009622548 0.052525100832714916 0.04391608398576647 -0.070991185453443642 -0.026781967566304649 0.018157776107042469 -0.068193093986236297 0.03959946787929846 -0.030632317953950029 -0.04147258612519545 0.047429065610132784 0.016604268040541905 0.055849905434016259 0.037431901577346494 -0.025260936234973014 0.075642379126312151
leaf_weight=5.1733175627887373 5.0838030856102696 5.3870640657842221 8.0862631350755674 8.9998223949223775 6.1207818146795088 3.9304822459816915 4.6059376765042535 14.073227453976871 4.9868946708738795 5.4500052109360686 6.0733124874532214 1.8494029492139832 3.271209128201007 8.1484719645231944 7.457463139668107 4.5015110671520233 5.9157126136124125 6.7774096056818944 14.551394719630478 6.9576860889792442 4.3845039606094351 4.5340898297727099 3.872909076511859 3.6467795558273783 7.6442808136343956 2.2148368656635267 6.4295768700540066 3.3770244829356661 8.7196658477187174 3.2405468393117181 5.6470658890902987 6.3728188127279264 5.8320560175925493 7.0321411006152621 3.5709223113954049 11.149393450468777 7.3397240117192268 9.4283623490482551 8.5271785333752614 13.20556102320552 7.9465224966406813 6.8830628395080566
leaf_count=44 40 43 174 52 78 14 91 91 33 95 182 11 49 87 123 28 34 28 185 50 34 16 33 16 38 30 52 17 40 41 48 38 73 43 38 122 39 63 28 60 48 18
internal_value=0 -0.0134821 -0.0455306 -0.00861938 -0.00103229 0.0104331 -0.023586 0.00761445 0.0159131 -0.0108563 -0.0264305 -3.15149e-05 0.0201125 -0.0142675 -0.0383678 0.00650185 0.018692 0.0260382 -0.0158637 0.0390184 0.00627035 0.0126079 0.00331377 0.0138103 0.00206147 0.000261515 -0.0258466 0.00291437 0.000847543 -0.005429 0.0163404 -0.00153179 -0.0230866 0.00455 -0.00227043 -0.0127258 0.0217635 0.000255619 0.0311161 0.0249784 0.0138239 0.0420939
internal_weight=0 100.475 13.1701 87.3045 61.2928 40.6145 20.6782 177.926 83.4982 16.0723 26.0118 29.7264 12.271 17.4553 9.30687 10.6223 78.5113 49.2554 19.9385 10.8882 29.2559 24.8714 20.3373 16.4644 12.8176 94.4274 8.64441 85.7829 82.4059 58.6108 23.7951 55.3703 12.2049 43.1654 36.1333 25.2226 10.9106 15.0754 43.3397 34.8126 21.1521 13.6605
internal_count=2467 1302 214 1088 678 386 292 1165 430 201 410 322 101 221 134 106 397 216 228 64 181 147 131 98 82 735 82 653 636 485 151 444 111 333 290 213 77 111 182 154 108 46
is_linear=0
shrinkage=0.0625684


Tree=18
num_leaves=43
num_cat=0
split_feature=47 38 42 43 8 22 19 39 3 20 3 2 15 9 16 3 48 19 43 38 39 2 1 31 43 43 7 3 7 3 3 0 7 42 38 27 15 0 3 15 1 14
split_gain=6.02888 3.42356 3.84649 2.51991 4.26383 3.93653 2.19559 2.18231 2.36624 2.16744 2.13743 3.49055 2.07876 1.9462 2.00985 3.1603 3.15634 4.24292 2.22525 1.82758 2.78114 1.75391 1.74901 3.01051 2.69303 2.84812 2.61718 2.42079 2.25425 1.90891 3.49703 1.90763 1.65474 2.49169 1.31622 1.21619 3.92527 1.52555 1.22093 2.38936 1.32221 1.20779
threshold=6.5000000000000009 4.5000000000000009 6.5000000000000009 11.500000000000002 1.0000000180025095e-35 1.0000000180025095e-35 23.500000000000004 6.5000000000000009 1.0000000180025095e-35 1.0000000180025095e-35 123.50000000000001 9.5000000000000018 10.500000000000002 1.0000000180025095e-35 1.0000000180025095e-35 6.5000000000000009 6.5000000000000009 1.5000000000000002 2.5000000000000004 35.000000000000007 2.5000000000000004 5.5000000000000009 1.5000000000000002 3.5000000000000004 14.500000000000002 4.5000000000000009 13.500000000000002 47.500000000000007 21.500000000000004 27.500000000000004 15.500000000000002 28.500000000000004 4.5000000000000009 8.5000000000000018 9.5000000000000018 11.500000000000002 14.500000000000002 5.5000000000000009 20.500000000000004 11.500000000000002 1.0000000180025095e-35 1.5000000000000002
decision_type=2 2 2 2 2 2 2 2 2 2 2 2 2 2 2 2 2 2 2 2 2 2 2 2 2 2 2 2 2 2 2 2 2 2 2 2 2 2 2 2 2 2
left_child=7 2 -2 6 5 -5 19 8 -1 10 11 13 -6 14 16 -16 21 -18 -17 35 -21 -10 23 28 25 26 34 29 32 30 -27 -29 33 -9 -24 36 37 38 40 -40 -3 -28
right_child=1 3 -4 4 12 -7 -8 22 9 -11 -12 -13 -14 -15 15 18 17 -19 -20 20 -22 -23 24 -25 -26 27 41 31 -30 -31 -32 -33 -34 -35 -36 -37 -38 -39 39 -41 -42 -43
leaf_value=-0.025071146371803341 -0.0013815443627888519 -0.0053543138969596362 -0.071637174781941371 -0.058071781835510046 0.058076158155239505 0.061481281516866722 -0.042411588658050559 0.024446856603846642 0.033690768331307401 -0.021979482089933784 0.038372138661944673 -0.037121697720632216 -0.016652487251868565 0.049653009013772814 0.03498781053823953 0.0048631936446639637 -0.052055384212580755 0.024676353047735008 -0.045126206783933379 0.036970744955070689 -0.030800830194077464 -0.0050103548634419766 0.021029355379799757 -0.080756305899030517 0.062900648090259845 0.022887880761756362 0.051166628938020244 -0.0487898861795662 0.029386594353230669 0.020988130831311021 -0.084278001827764723 0.023101786818254127 -0.051712191409735313 -0.055120639282562521 -0.035111959141757618 0.032014618627787567 -0.04568469941259054 0.041296892265494205 -0.060210052173499194 0.021689892459499677 0.024926049584090428 0.01347707364151131
leaf_weight=6.1577470209449521 5.2214190829545242 9.9582551252096945 7.4226368656381965 12.099426090717317 2.5867990627884856 1.1476684063673008 4.8595576426014295 4.4194397889077681 33.376387344673276 5.8836542889475814 15.383639942854641 5.0768968723714343 3.2255781255662441 6.2609550617635241 5.7699932381510761 6.9443173334002477 4.99841834977269 6.3734214976429939 6.8838938884437084 2.8963254243135443 12.219339608214794 5.2475138045847407 2.58442544192076 2.5721588730812064 2.8546590842306605 2.4457119274884489 7.1629977598786336 8.6583541706204397 4.4658685717731705 8.5652925558388215 2.2515217661857605 1.6896515004336823 4.5953787099570036 2.3205975983291864 4.2669732831418514 6.6704300269484511 5.501050015911459 5.4776986278593531 2.8798916507512322 2.6245066523551941 12.822210989892481 6.4370289854705334
leaf_count=45 40 105 174 332 11 7 89 29 156 42 64 41 40 29 23 41 39 32 57 16 202 34 14 40 12 19 28 115 31 58 29 12 63 34 41 47 79 26 36 17 81 37
internal_value=0 -0.0124387 -0.0427919 -0.00789392 -0.0279146 -0.0475031 -0.00207641 0.00699326 0.0124381 0.0147164 0.0169764 0.0128817 0.0165556 0.0162578 0.0132152 -0.0037156 0.0198724 -0.00900618 -0.0199903 0.00113728 -0.0176892 0.0284042 -0.00202783 -0.0183856 0.00436292 0.000500834 0.0176021 -0.0142691 -0.008015 0.00335872 -0.0284748 -0.0369078 -0.0228908 -0.0029194 -0.0137739 0.00736506 0.00312565 0.0111483 0.005229 -0.0210628 0.0116519 0.0334854
internal_weight=0 97.6128 12.6441 84.9687 19.0595 13.2471 65.9093 173.647 108.357 102.199 96.3154 80.9318 5.81238 75.8549 69.5939 19.5982 49.9957 11.3718 13.8282 61.0497 15.1157 38.6239 65.2901 18.3734 46.9166 44.062 20.4514 23.6105 15.8013 13.2625 4.69723 10.348 11.3354 6.74004 6.8514 45.934 39.2636 33.7626 28.2849 5.5044 22.7805 13.6
internal_count=2467 1302 214 1088 390 339 698 1165 603 558 516 452 51 411 382 121 261 71 98 609 218 190 562 197 365 353 120 233 157 106 48 127 126 63 55 391 344 265 239 53 186 65
is_linear=0
shrinkage=0.0625684


end of trees

feature_importances:
result_2=67
f_courseout=65
result_1=62
ninki_1=60
ninki_2=42
result_3=39
umaban=39
ninki_3=38
mf_classout=31
f_classout=31
f_course2=28
f_lenout=26
mf_courseout=25
f_course1=24
mf_course2=19
f_mf_course1=18
mf_course3=17
mf_classout.1=17
f_course3=16
waku=15
f_len3=12
f_mf_courseout=11
f_len2=11
mf_len2=11
mf_course1=9
f_class2=9
f_class1=8
f_mf_classout=7
mf_len1=6
f_len1=5
mf_len3=5
f_class3=5
f_mf_course2=4
f_mf_course3=4
mf_class3=3
f_mf_len1=2
f_mf_len3=2
mf_class2=2
f_mf_classout.1=2
mf_class1=1

parameters:
[boosting: gbdt]
[objective: lambdarank]
[metric: ndcg]
[tree_learner: serial]
[device_type: cpu]
[data_sample_strategy: bagging]
[data: ]
[valid: ]
[num_iterations: 205]
[learning_rate: 0.0625684]
[num_leaves: 43]
[num_threads: 16]
[seed: 0]
[deterministic: 0]
[force_col_wise: 1]
[force_row_wise: 0]
[histogram_pool_size: -1]
[max_depth: 10]
[min_data_in_leaf: 21]
[min_sum_hessian_in_leaf: 0.001]
[bagging_fraction: 1]
[pos_bagging_fraction: 1]
[neg_bagging_fraction: 1]
[bagging_freq: 0]
[bagging_seed: 7719]
[feature_fraction: 1]
[feature_fraction_bynode: 1]
[feature_fraction_seed: 2437]
[extra_trees: 0]
[extra_seed: 11797]
[early_stopping_round: 0]
[first_metric_only: 0]
[max_delta_step: 0]
[lambda_l1: 0.0177849]
[lambda_l2: 0.0330836]
[linear_lambda: 0]
[min_gain_to_split: 0]
[drop_rate: 0.1]
[max_drop: 50]
[skip_drop: 0.5]
[xgboost_dart_mode: 0]
[uniform_drop: 0]
[drop_seed: 21238]
[top_rate: 0.2]
[other_rate: 0.1]
[min_data_per_group: 100]
[max_cat_threshold: 32]
[cat_l2: 10]
[cat_smooth: 10]
[max_cat_to_onehot: 4]
[top_k: 20]
[monotone_constraints: ]
[monotone_constraints_method: basic]
[monotone_penalty: 0]
[feature_contri: ]
[forcedsplits_filename: ]
[refit_decay_rate: 0.9]
[cegb_tradeoff: 1]
[cegb_penalty_split: 0]
[cegb_penalty_feature_lazy: ]
[cegb_penalty_feature_coupled: ]
[path_smooth: 0]
[interaction_constraints: ]
[verbosity: -1]
[saved_feature_importance_type: 0]
[use_quantized_grad: 0]
[num_grad_quant_bins: 4]
[quant_train_renew_leaf: 0]
[stochastic_rounding: 1]
[linear_tree: 0]
[max_bin: 255]
[max_bin_by_feature: ]
[min_data_in_bin: 3]
[bin_construct_sample_cnt: 200000]
[data_random_seed: 38]
[is_enable_sparse: 1]
[enable_bundle: 1]
[use_missing: 1]
[zero_as_missing: 0]
[feature_pre_filter: 1]
[pre_partition: 0]
[two_round: 0]
[header: 0]
[label_column: ]
[weight_column: ]
[group_column: ]
[ignore_column: ]
[categorical_feature: ]
[forcedbins_filename: ]
[precise_float_parser: 0]
[parser_config_file: ]
[objective_seed: 8855]
[num_class: 1]
[is_unbalance: 0]
[scale_pos_weight: 1]
[sigmoid: 1]
[boost_from_average: 1]
[reg_sqrt: 0]
[alpha: 0.9]
[fair_c: 1]
[poisson_max_delta_step: 0.7]
[tweedie_variance_power: 1.5]
[lambdarank_truncation_level: 30]
[lambdarank_norm: 1]
[label_gain: ]
[lambdarank_position_bias_regularization: 0]
[eval_at: 1,3,5]
[multi_error_top_k: 1]
[auc_mu_weights: ]
[num_machines: 1]
[local_listen_port: 12400]
[time_out: 120]
[machine_list_filename: ]
[machines: ]
[gpu_platform_id: -1]
[gpu_device_id: -1]
[gpu_use_dp: 0]
[num_gpu: 1]

end of parameters

pandas_categorical:[]
