tree
version=v4
num_class=1
num_tree_per_iteration=1
label_index=0
max_feature_idx=103
feature_names=f_course1 f_course2 f_course3 f_courseout mf_course1 mf_course2 mf_course3 mf_courseout f_mf_course1 f_mf_course2 f_mf_course3 f_mf_courseout f_len1 f_len2 f_len3 f_lenout mf_len1 mf_len2 mf_len3 mf_classout f_mf_len1 f_mf_len2 f_mf_len3 f_mf_classout f_class1 f_class2 f_class3 f_classout mf_class1 mf_class2 mf_class3 mf_classout.1 f_mf_class1 f_mf_class2 f_mf_class3 f_mf_classout.1 time_df_course1 time_df_class1 ninki_1 result_1 agari_1 margin_1 corner_ratio_1 time_df_course2 time_df_class2 ninki_2 result_2 agari_2 margin_2 corner_ratio_2 time_df_course3 time_df_class3 ninki_3 result_3 agari_3 margin_3 corner_ratio_3 rank_trend weight_change dist_change jockey_win_rate jockey_place_rate waku umaban current_odds current_popularity father_cat mother_father_cat paternal_gf_cat time_df_course4 time_df_class4 ninki_4 result_4 agari_4 margin_4 corner_ratio_4 time_df_course5 time_df_class5 ninki_5 result_5 agari_5 margin_5 corner_ratio_5 rank_trend_5 win_rate_recent5 kinryo days_since_last_race n_horses_today n_horses_1 horse_weight_abs_1 corner_chase_1 corner_chase_2 corner_chase_3 corner_chase_4 corner_chase_5 agari_trend_5 time_diff_trend_5 agari_df_course_1 agari_df_course_2 agari_df_course_3 agari_df_course_4 agari_df_course_5 corner_ratio_std5 agari_std5
feature_infos=[0:47] [0:38] [0:36] [0:298] [0:30] [0:28] [0:22] [0:237] [0:9] [0:6] [0:4] [0:42] [0:14] [0:13] [0:11] [0:84] [0:7] [0:6] [0:11] [0:58] [0:3] [0:4] [0:3] [0:15] [0:4] [0:7] [0:5] [0:29] [0:4] [0:4] [0:5] [0:34] none [0:2] [0:1] [0:7] [-1:0] [-1:0] [-1:180] [-1:120] [-1:58.600000000000001] [-1:22.5] [-1:1] [-1:0] [-1:0] [-1:180] [-1:170] [-1:63.700000000000003] [-1:30.100000000000001] [-1:1] [-1:0] [-1:0] [-1:180] [-1:180] [-1:46.600000000000001] [-1:11.5] [-1:1] [-30:90] [-39:69] [-2250:1200] [-1:1] [-1:1] [1:8] [1:18] [-1:651.10000000000002] [-1:18] [16:1736] [1:1736] [1:1721] [-1:0] [-1:0] [-1:180] [-1:170] [-1:47.700000000000003] [-1:16] [-1:1] [-1:0] [-1:0] [-1:170] [-1:170] [-1:45.799999999999997] [-1:12] [-1:1] [-23:27] [-1:1] [49:59] [-1757:363] [5:18] [-1:18] [-1:567] [-1:0.9285714285714286] [-1:0.94444444444444442] [-1:0.9375] [-1:0.93333333333333324] [-1:0.7857142857142857] [-8.4000000000000004:7.1800000000000015] [-1:0] [-5.4642999999999944:22.683399999999999] [-4.3321000000000041:27.534200000000009] [-4.3926000000000016:9.6587000000000032] [-3.3677999999999955:10.473600000000005] [-4.1706000000000003:9.9531999999999954] [-1:0.4375] [-1:13.401701384525772]
tree_sizes=993 995 990 994 995 992 991 992 993 991 998 993 995 992 992 993 993 996 995 993 994 995 995 997 995 993 995 994 995 996 996 996 996 989 992 996 993 992 993 994 890 887 891 891 887

Tree=0
num_leaves=8
num_cat=0
split_feature=59 73 66 56 98 83 91
split_gain=25.8546 10.522 9.33965 7.57535 5.67634 3.27213 2.33486
threshold=225.00000000000003 37.350000000000001 1656.0000000000002 0.3550420168067227 0.92975000000000219 -12.499999999999998 -0.21825396825396817
decision_type=2 2 2 2 2 2 2
left_child=1 4 5 -4 -1 -2 -3
right_child=2 6 3 -5 -6 -7 -8
leaf_value=0.0021571915317912362 0.0013843646403066292 0.0010163371332059486 0.002797431974100898 -0.0037580850541071679 -0.0012477265965924081 -0.0046712662077100188 -0.0035872037596002024
leaf_weight=138.38522000610828 2.0566546497866502 3.1951369484886554 14.092613476328554 9.1464409558102471 17.466548868454993 47.65503943990916 16.448471458628774
leaf_count=935 11 29 69 147 199 830 248
internal_value=0 0.00122467 -0.00292151 4.28655e-05 0.00175069 -0.00433817 -0.00268027
internal_weight=0 175.495 72.9507 23.2391 155.852 49.7117 19.6436
internal_count=2468 1411 1057 216 1134 841 277
is_linear=0
shrinkage=0.00588852


Tree=1
num_leaves=8
num_cat=0
split_feature=59 73 66 56 98 83 91
split_gain=25.8286 10.5244 9.38169 7.60186 5.68951 3.28441 2.33996
threshold=225.00000000000003 37.350000000000001 1656.0000000000002 0.3550420168067227 0.92975000000000219 -12.499999999999998 -0.21825396825396817
decision_type=2 2 2 2 2 2 2
left_child=1 4 5 -4 -1 -2 -3
right_child=2 6 3 -5 -6 -7 -8
leaf_value=0.0021520352534761767 0.0013870002765900922 0.0010138006058734593 0.002794885924479643 -0.0037632602223509793 -0.0012543193999453167 -0.0046735436505469085 -0.0035913682702667653
leaf_weight=138.88678301684558 2.0644480017945162 3.2038310598582056 14.168552049435677 9.1571354186162335 17.491646613925695 47.675618230365217 16.455254745669663
leaf_count=935 11 29 69 147 199 830 248
internal_value=0 0.00122153 -0.00291843 4.60184e-05 0.00174615 -0.00433945 -0.00268306
internal_weight=0 176.038 73.0658 23.3257 156.378 49.7401 19.6591
internal_count=2468 1411 1057 216 1134 841 277
is_linear=0
shrinkage=0.00588852


Tree=2
num_leaves=8
num_cat=0
split_feature=59 73 66 56 98 83 91
split_gain=25.802 10.5266 9.42378 7.6283 5.70262 3.29672 2.34503
threshold=225.00000000000003 37.350000000000001 1656.0000000000002 0.3550420168067227 0.92975000000000219 -12.499999999999998 -0.21825396825396817
decision_type=2 2 2 2 2 2 2
left_child=1 4 5 -4 -1 -2 -3
right_child=2 6 3 -5 -6 -7 -8
leaf_value=0.0021468800209125958 0.0013896183655583182 0.0010112386754649785 0.0027923295672805663 -0.0037684142101992515 -0.0012608976857817612 -0.0046758097107307047 -0.0035955230633316015
leaf_weight=139.38900676555932 2.0722735449671736 3.2125295391306308 14.244771327823402 9.1677691563963872 17.516642840579152 47.695750697515905 16.461918617598712
leaf_count=935 11 29 69 147 199 830 248
internal_value=0 0.00121839 -0.00291532 4.9172e-05 0.0017416 -0.00434071 -0.00268584
internal_weight=0 176.58 73.1806 23.4125 156.906 49.768 19.6744
internal_count=2468 1411 1057 216 1134 841 277
is_linear=0
shrinkage=0.00588852


Tree=3
num_leaves=8
num_cat=0
split_feature=59 73 66 56 98 83 91
split_gain=25.7749 10.5288 9.4659 7.65468 5.71567 3.30905 2.35007
threshold=225.00000000000003 37.350000000000001 1656.0000000000002 0.3550420168067227 0.92975000000000219 -12.499999999999998 -0.21825396825396817
decision_type=2 2 2 2 2 2 2
left_child=1 4 5 -4 -1 -2 -3
right_child=2 6 3 -5 -6 -7 -8
leaf_value=0.0021417258157634712 0.0013922186889602788 0.0010086516776595478 0.0027897630317714099 -0.0037735470611977391 -0.0012674614433629283 -0.0046780644014427332 -0.003599667996891414
leaf_weight=139.89188305661082 2.0801312988623968 3.2212323807179954 14.321271035820248 9.1783419484272581 17.541536684148014 47.715435167774558 16.468462479300797
leaf_count=935 11 29 69 147 199 830 248
internal_value=0 0.00121524 -0.00291219 5.23261e-05 0.00173706 -0.00434196 -0.00268861
internal_weight=0 177.123 73.2952 23.4996 157.433 49.7956 19.6897
internal_count=2468 1411 1057 216 1134 841 277
is_linear=0
shrinkage=0.00588852


Tree=4
num_leaves=8
num_cat=0
split_feature=59 73 66 56 98 83 91
split_gain=25.7472 10.5308 9.50807 7.68098 5.72867 3.32141 2.35509
threshold=225.00000000000003 37.350000000000001 1656.0000000000002 0.3550420168067227 0.92975000000000219 -12.499999999999998 -0.21825396825396817
decision_type=2 2 2 2 2 2 2
left_child=1 4 5 -4 -1 -2 -3
right_child=2 6 3 -5 -6 -7 -8
leaf_value=0.0021365727768228563 0.0013948009859933129 0.0010060395325011365 0.0027871864724648946 -0.0037786587139793321 -0.0012740106404432142 -0.0046803078156932906 -0.0036038031582271649
leaf_weight=140.39540410041809 2.0880211582407346 3.2299392251297858 14.398050243034961 9.1888532331213337 17.566327266395092 47.734670735895634 16.474886109121144
leaf_count=935 11 29 69 147 199 830 248
internal_value=0 0.0012121 -0.00290903 5.54807e-05 0.00173253 -0.00434319 -0.00269137
internal_weight=0 177.667 73.4096 23.5869 157.962 49.8227 19.7048
internal_count=2468 1411 1057 216 1134 841 277
is_linear=0
shrinkage=0.00588852


Tree=5
num_leaves=8
num_cat=0
split_feature=59 73 66 56 98 83 91
split_gain=25.7189 10.5328 9.55027 7.70722 5.7416 3.3338 2.36007
threshold=225.00000000000003 37.350000000000001 1656.0000000000002 0.3550420168067227 0.92975000000000219 -12.499999999999998 -0.21825396825396817
decision_type=2 2 2 2 2 2 2
left_child=1 4 5 -4 -1 -2 -3
right_child=2 6 3 -5 -6 -7 -8
leaf_value=0.0021314208519338045 0.0013973655249242733 0.0010034024603158083 0.0027846000771401306 -0.0037837491836551465 -0.0012805451924816338 -0.0046825398987568757 -0.0036079284463415235
leaf_weight=140.89956407528371 2.0959434648975721 3.2386499838903573 14.475108845159413 9.1993026519194228 17.591014103032649 47.753455488942564 16.481189224869013
leaf_count=935 11 29 69 147 199 830 248
internal_value=0 0.00120895 -0.00290585 5.86357e-05 0.00172799 -0.0043444 -0.00269413
internal_weight=0 178.21 73.5238 23.6744 158.491 49.8494 19.7198
internal_count=2468 1411 1057 216 1134 841 277
is_linear=0
shrinkage=0.00588852


Tree=6
num_leaves=8
num_cat=0
split_feature=59 73 66 56 98 83 91
split_gain=25.69 10.5346 9.59251 7.73338 5.75448 3.34621 2.36502
threshold=225.00000000000003 37.350000000000001 1656.0000000000002 0.3550420168067227 0.92975000000000219 -12.499999999999998 -0.21825396825396817
decision_type=2 2 2 2 2 2 2
left_child=1 4 5 -4 -1 -2 -3
right_child=2 6 3 -5 -6 -7 -8
leaf_value=0.0021262701881421399 0.0013999119541961175 0.0010007404199486594 0.0027820039958112975 -0.0037888184698027802 -0.0012870650654194268 -0.0046847607591658262 -0.0036120438969430247
leaf_weight=141.40435574017465 2.1038981061428776 3.2473643487319377 14.552445950917901 9.2096901051700097 17.615596301853657 47.771788604557514 16.487371364608407
leaf_count=935 11 29 69 147 199 830 248
internal_value=0 0.0012058 -0.00290264 6.17909e-05 0.00172346 -0.0043456 -0.00269688
internal_weight=0 178.755 73.6378 23.7621 159.02 49.8757 19.7347
internal_count=2468 1411 1057 216 1134 841 277
is_linear=0
shrinkage=0.00588852


Tree=7
num_leaves=8
num_cat=0
split_feature=59 73 66 56 98 83 91
split_gain=25.6605 10.5363 9.63477 7.75947 5.7673 3.35865 2.36994
threshold=225.00000000000003 37.350000000000001 1656.0000000000002 0.3550420168067227 0.92975000000000219 -12.499999999999998 -0.21825396825396817
decision_type=2 2 2 2 2 2 2
left_child=1 4 5 -4 -1 -2 -3
right_child=2 6 3 -5 -6 -7 -8
leaf_value=0.0021211208075935582 0.0014024402109620226 0.00099805385207386095 0.0027793984314831116 -0.0037938666295992299 -0.0012935702215492654 -0.0046869704255305253 -0.003616149527204487
leaf_weight=141.90977155137807 2.1118852309882632 3.2560823718085912 14.630061277188362 9.220014773309229 17.64007302839309 47.789668519981205 16.493432386778295
leaf_count=935 11 29 69 147 199 830 248
internal_value=0 0.00120265 -0.00289941 6.49463e-05 0.00171892 -0.00434678 -0.00269961
internal_weight=0 179.299 73.7516 23.8501 159.55 49.9016 19.7495
internal_count=2468 1411 1057 216 1134 841 277
is_linear=0
shrinkage=0.00588852


Tree=8
num_leaves=8
num_cat=0
split_feature=59 73 66 56 98 83 91
split_gain=25.6305 10.5379 9.67707 7.78549 5.78006 3.37111 2.37483
threshold=225.00000000000003 37.350000000000001 1656.0000000000002 0.3550420168067227 0.92975000000000219 -12.499999999999998 -0.21825396825396817
decision_type=2 2 2 2 2 2 2
left_child=1 4 5 -4 -1 -2 -3
right_child=2 6 3 -5 -6 -7 -8
leaf_value=0.0021159727944880455 0.0014049503183652414 0.00099534261948335911 0.0027767833465585944 -0.0037988935275099756 -0.0013000606559463691 -0.0046891688665625427 -0.0036202452687872154
leaf_weight=142.41580379195511 2.1199048552662125 3.264803675934675 14.707953291945161 9.2302763964980823 17.664443654939532 47.807093588635325 16.499371799640357
leaf_count=935 11 29 69 147 199 830 248
internal_value=0 0.0011995 -0.00289615 6.81016e-05 0.00171439 -0.00434794 -0.00270234
internal_weight=0 179.844 73.8652 23.9382 160.08 49.927 19.7642
internal_count=2468 1411 1057 216 1134 841 277
is_linear=0
shrinkage=0.00588852


Tree=9
num_leaves=8
num_cat=0
split_feature=59 73 66 56 98 83 91
split_gain=25.5999 10.5394 9.7194 7.81144 5.79275 3.3836 2.37968
threshold=225.00000000000003 37.350000000000001 1656.0000000000002 0.3550420168067227 0.92975000000000219 -12.499999999999998 -0.21825396825396817
decision_type=2 2 2 2 2 2 2
left_child=1 4 5 -4 -1 -2 -3
right_child=2 6 3 -5 -6 -7 -8
leaf_value=0.0021108261103623305 0.0014074419842288802 0.00099260692550276301 0.0027741591315022501 -0.0038038992880589729 -0.0013065362641043121 -0.0046913561386778537 -0.0036243311082251387
leaf_weight=142.92244680132717 2.1279570367187253 3.2735282052308348 14.786122598685326 9.2404746515676361 17.68870722129941 47.824063264764845 16.505189226008952
leaf_count=935 11 29 69 147 199 830 248
internal_value=0 0.00119634 -0.00289287 7.1257e-05 0.00170987 -0.00434908 -0.00270506
internal_weight=0 180.39 73.9786 24.0266 160.611 49.952 19.7787
internal_count=2468 1411 1057 216 1134 841 277
is_linear=0
shrinkage=0.00588852


Tree=10
num_leaves=8
num_cat=0
split_feature=59 73 66 56 98 83 91
split_gain=25.5687 10.5408 9.76175 7.83731 5.80539 3.39611 2.38451
threshold=225.00000000000003 37.350000000000001 1656.0000000000002 0.3550420168067227 0.92975000000000219 -12.499999999999998 -0.21825396825396817
decision_type=2 2 2 2 2 2 2
left_child=1 4 5 -4 -1 -2 -3
right_child=2 6 3 -5 -6 -7 -8
leaf_value=0.0021056809032758074 0.0014099151782122788 0.00098984676685987243 0.0027715258195394163 -0.0038088838381978179 -0.0013129971014258777 -0.0046935323056877106 -0.0036284070151193777
leaf_weight=143.42969206906855 2.1360418163239947 3.2822555229067829 14.864567832089962 9.2506092516705376 17.712863110937178 47.840575714595616 16.510884778574109
leaf_count=935 11 29 69 147 199 830 248
internal_value=0 0.00119319 -0.00288956 7.44122e-05 0.00170534 -0.00435021 -0.00270778
internal_weight=0 180.936 74.0918 24.1152 161.143 49.9766 19.7931
internal_count=2468 1411 1057 216 1134 841 277
is_linear=0
shrinkage=0.00588852


Tree=11
num_leaves=8
num_cat=0
split_feature=59 73 66 56 98 83 91
split_gain=25.537 10.5421 9.80413 7.8631 5.81796 3.40865 2.38931
threshold=225.00000000000003 37.350000000000001 1656.0000000000002 0.3550420168067227 0.92975000000000219 -12.499999999999998 -0.21825396825396817
decision_type=2 2 2 2 2 2 2
left_child=1 4 5 -4 -1 -2 -3
right_child=2 6 3 -5 -6 -7 -8
leaf_value=0.0021005371882026305 0.0014123699163559977 0.00098706251962476003 0.0027688834489873922 -0.0038138472109516832 -0.0013194430390144152 -0.0046956973323189488 -0.003632473079160183
leaf_weight=143.9375333301723 2.1441593114286652 3.2909857938066152 14.943288021720948 9.2606795914471132 17.736910640262067 47.856629764661193 16.516457642428577
leaf_count=935 11 29 69 147 199 830 248
internal_value=0 0.00119003 -0.00288623 7.75671e-05 0.00170081 -0.00435133 -0.00271048
internal_weight=0 181.482 74.2048 24.204 161.674 50.0008 19.8074
internal_count=2468 1411 1057 216 1134 841 277
is_linear=0
shrinkage=0.00588852


Tree=12
num_leaves=8
num_cat=0
split_feature=59 73 66 56 98 83 91
split_gain=25.5047 10.5433 9.84654 7.88882 5.83047 3.42121 2.39407
threshold=225.00000000000003 37.350000000000001 1656.0000000000002 0.3550420168067227 0.92975000000000219 -12.499999999999998 -0.21825396825396817
decision_type=2 2 2 2 2 2 2
left_child=1 4 5 -4 -1 -2 -3
right_child=2 6 3 -5 -6 -7 -8
leaf_value=0.0020953950559219805 0.0014148058218113697 0.0009842542201289313 0.0027662324514666314 -0.0038187893977474131 -0.0013258739833750892 -0.0046978513333996797 -0.003636529206333331
leaf_weight=144.44596228003502 2.1523094279691568 3.2997186817228821 15.022283635102214 9.2706853654235584 17.760849267244339 47.872224234975874 16.521907748654485
leaf_count=935 11 29 69 147 199 830 248
internal_value=0 0.00118687 -0.00288287 8.07217e-05 0.00169629 -0.00435242 -0.00271318
internal_weight=0 182.028 74.3175 24.293 162.207 50.0245 19.8216
internal_count=2468 1411 1057 216 1134 841 277
is_linear=0
shrinkage=0.00588852


Tree=13
num_leaves=8
num_cat=0
split_feature=59 73 66 56 98 83 91
split_gain=25.4718 10.5444 9.88896 7.91445 5.84292 3.43379 2.3988
threshold=225.00000000000003 37.350000000000001 1656.0000000000002 0.3550420168067227 0.92975000000000219 -12.499999999999998 -0.21825396825396817
decision_type=2 2 2 2 2 2 2
left_child=1 4 5 -4 -1 -2 -3
right_child=2 6 3 -5 -6 -7 -8
leaf_value=0.0020902544783749661 0.0014172231826162336 0.00098142181868292495 0.0027635727529519536 -0.0038237104092742683 -0.0013322900151938387 -0.0046999942870976979 -0.0036405753668976881
leaf_weight=144.95497329346836 2.160492453724145 3.3084539044648436 15.101552642881872 9.2806261954829079 17.784677934832871 47.887358394451439 16.527234596200287
leaf_count=935 11 29 69 147 199 830 248
internal_value=0 0.00118372 -0.00287949 8.38758e-05 0.00169177 -0.0043535 -0.00271586
internal_weight=0 182.575 74.43 24.3822 162.74 50.0479 19.8357
internal_count=2468 1411 1057 216 1134 841 277
is_linear=0
shrinkage=0.00588852


Tree=14
num_leaves=8
num_cat=0
split_feature=59 73 66 56 98 83 91
split_gain=25.4384 10.5454 9.9314 7.94001 5.85531 3.4464 2.4035
threshold=225.00000000000003 37.350000000000001 1656.0000000000002 0.3550420168067227 0.92975000000000219 -12.499999999999998 -0.21825396825396817
decision_type=2 2 2 2 2 2 2
left_child=1 4 5 -4 -1 -2 -3
right_child=2 6 3 -5 -6 -7 -8
leaf_value=0.0020851155978425474 0.001419621459348544 0.0009785657038861922 0.0027609045310263156 -0.0038286101736385064 -0.0013386910814129772 -0.0047021262151503204 -0.003644611561138599
leaf_weight=145.46455721091479 2.1687081763520828 3.3171914881095317 15.181094979867341 9.2905016299337131 17.808396032080054 47.902030223049223 16.532438231632113
leaf_count=935 11 29 69 147 199 830 248
internal_value=0 0.00118056 -0.00287609 8.70293e-05 0.00168725 -0.00435456 -0.00271854
internal_weight=0 183.123 74.5423 24.4716 163.273 50.0707 19.8496
internal_count=2468 1411 1057 216 1134 841 277
is_linear=0
shrinkage=0.00588852


Tree=15
num_leaves=8
num_cat=0
split_feature=59 73 66 56 98 83 91
split_gain=25.4044 10.5463 9.97386 7.96549 5.86763 3.45904 2.40817
threshold=225.00000000000003 37.350000000000001 1656.0000000000002 0.3550420168067227 0.92975000000000219 -12.499999999999998 -0.21825396825396817
decision_type=2 2 2 2 2 2 2
left_child=1 4 5 -4 -1 -2 -3
right_child=2 6 3 -5 -6 -7 -8
leaf_value=0.0020799784308376795 0.0014220010328561648 0.00097568582088245718 0.0027582279762264563 -0.0038334888466766506 -0.00134507703421124 -0.0047042471646167776 -0.0036486377701206545
leaf_weight=145.97470891661942 2.1769569395110002 3.3259310498833683 15.260910003446044 9.3003115095198137 17.832003092393279 47.91623920481652 16.537518084049225
leaf_count=935 11 29 69 147 199 830 248
internal_value=0 0.0011774 -0.00287266 9.01822e-05 0.00168274 -0.00435561 -0.00272121
internal_weight=0 183.67 74.6544 24.5612 163.807 50.0932 19.8634
internal_count=2468 1411 1057 216 1134 841 277
is_linear=0
shrinkage=0.00588852


Tree=16
num_leaves=8
num_cat=0
split_feature=59 73 66 56 98 83 91
split_gain=25.3698 10.547 10.0163 7.99088 5.87989 3.47169 2.4128
threshold=225.00000000000003 37.350000000000001 1656.0000000000002 0.3550420168067227 0.92975000000000219 -12.499999999999998 -0.21825396825396817
decision_type=2 2 2 2 2 2 2
left_child=1 4 5 -4 -1 -2 -3
right_child=2 6 3 -5 -6 -7 -8
leaf_value=0.0020748430249321456 0.0014243614329402529 0.00097278242656743746 0.0027555432376193375 -0.0038383463120737157 -0.001351447945841903 -0.0047063571640879555 -0.0036526540392160527
leaf_weight=146.48541888874024 2.185238502919673 3.3346725441515472 15.340996717102827 9.3100551599636656 17.855497861281037 47.929983934387565 16.542473930865526
leaf_count=935 11 29 69 147 199 830 248
internal_value=0 0.00117424 -0.0028692 9.33343e-05 0.00167823 -0.00435664 -0.00272387
internal_weight=0 184.218 74.7663 24.6511 164.341 50.1152 19.8771
internal_count=2468 1411 1057 216 1134 841 277
is_linear=0
shrinkage=0.00588852


Tree=17
num_leaves=8
num_cat=0
split_feature=59 73 66 56 98 83 91
split_gain=25.3347 10.5477 10.0588 8.01619 5.89208 3.48437 2.4174
threshold=225.00000000000003 37.350000000000001 1656.0000000000002 0.3550420168067227 0.92975000000000219 -12.499999999999998 -0.21825396825396817
decision_type=2 2 2 2 2 2 2
left_child=1 4 5 -4 -1 -2 -3
right_child=2 6 3 -5 -6 -7 -8
leaf_value=0.0020697094179073883 0.0014267026782398061 0.00096985547320407276 0.0027528504667654048 -0.0038431825700738784 -0.0013578038208370284 -0.0047084562318131752 -0.0036566602589947332
leaf_weight=146.99668119009584 2.1935530835762611 3.343415658921006 15.421354459598662 9.3197323223575932 17.878879882395267 47.943263188935816 16.547305431216955
leaf_count=935 11 29 69 147 199 830 248
internal_value=0 0.00117107 -0.00286573 9.64856e-05 0.00167372 -0.00435765 -0.00272653
internal_weight=0 184.766 74.8779 24.7411 164.876 50.1368 19.8907
internal_count=2468 1411 1057 216 1134 841 277
is_linear=0
shrinkage=0.00588852


Tree=18
num_leaves=8
num_cat=0
split_feature=59 73 66 56 98 83 91
split_gain=25.299 10.5482 10.1013 8.04142 5.90421 3.49708 2.42197
threshold=225.00000000000003 37.350000000000001 1656.0000000000002 0.3550420168067227 0.92975000000000219 -12.499999999999998 -0.21825396825396817
decision_type=2 2 2 2 2 2 2
left_child=1 4 5 -4 -1 -2 -3
right_child=2 6 3 -5 -6 -7 -8
leaf_value=0.0020645777245361964 0.0014290247814599873 0.00096690530668986773 0.0027501497251123269 -0.0038479976879749415 -0.0013641444907474506 -0.0047105444450225853 -0.003660656508800935
leaf_weight=147.50848813261837 2.2019007094204417 3.3521602638065842 15.501982107758524 9.3293427368625981 17.902148672379553 47.956076281145215 16.552012476138771
leaf_count=935 11 29 69 147 199 830 248
internal_value=0 0.00116791 -0.00286222 9.96358e-05 0.00166921 -0.00435864 -0.00272917
internal_weight=0 185.315 74.9893 24.8313 165.411 50.158 19.9042
internal_count=2468 1411 1057 216 1134 841 277
is_linear=0
shrinkage=0.00588852


Tree=19
num_leaves=8
num_cat=0
split_feature=59 73 66 56 98 83 91
split_gain=25.2628 10.5487 10.1438 8.06656 5.91627 3.5098 2.42651
threshold=225.00000000000003 37.350000000000001 1656.0000000000002 0.3550420168067227 0.92975000000000219 -12.499999999999998 -0.21825396825396817
decision_type=2 2 2 2 2 2 2
left_child=1 4 5 -4 -1 -2 -3
right_child=2 6 3 -5 -6 -7 -8
leaf_value=0.0020594479318199804 0.0014313275207321356 0.00096393201724767998 0.0027474412515992347 -0.003852791663026778 -0.0013704699926311223 -0.0047126217623811644 -0.0036646426771939846
leaf_weight=148.02083130553365 2.2102814177051178 3.3609062889590886 15.582879474386575 9.338885788805781 17.925303286872804 47.968422380276024 16.556594553403556
leaf_count=935 11 29 69 147 199 830 248
internal_value=0 0.00116475 -0.0028587 0.000102785 0.0016647 -0.00435962 -0.00273181
internal_weight=0 185.864 75.1005 24.9218 165.946 50.1787 19.9175
internal_count=2468 1411 1057 216 1134 841 277
is_linear=0
shrinkage=0.00588852


Tree=20
num_leaves=8
num_cat=0
split_feature=59 73 66 56 98 83 91
split_gain=25.226 10.549 10.1863 8.09161 5.92827 3.52255 2.43101
threshold=225.00000000000003 37.350000000000001 1656.0000000000002 0.3550420168067227 0.92975000000000219 -12.499999999999998 -0.21825396825396817
decision_type=2 2 2 2 2 2 2
left_child=1 4 5 -4 -1 -2 -3
right_child=2 6 3 -5 -6 -7 -8
leaf_value=0.0020543200931353333 0.0014336109062061812 0.00096093569265259815 0.0027447250461267452 -0.0038575644371487746 -0.0013767802646511096 -0.0047146882974228397 -0.0036686188332662488
leaf_weight=148.53370471857488 2.2186952391639343 3.3696534093469408 15.664045059122147 9.3483612695708853 17.948343062773347 47.980299818329513 16.561051475815475
leaf_count=935 11 29 69 147 199 830 248
internal_value=0 0.00116158 -0.00285515 0.000105933 0.0016602 -0.00436059 -0.00273444
internal_weight=0 186.413 75.2114 25.0124 166.482 50.199 19.9307
internal_count=2468 1411 1057 216 1134 841 277
is_linear=0
shrinkage=0.00588852


Tree=21
num_leaves=8
num_cat=0
split_feature=59 73 66 56 98 83 91
split_gain=25.1887 10.5492 10.2289 8.11658 5.9402 3.53532 2.43548
threshold=225.00000000000003 37.350000000000001 1656.0000000000002 0.3550420168067227 0.92975000000000219 -12.499999999999998 -0.21825396825396817
decision_type=2 2 2 2 2 2 2
left_child=1 4 5 -4 -1 -2 -3
right_child=2 6 3 -5 -6 -7 -8
leaf_value=0.0020491943319246686 0.0014358747933554252 0.00095791640709846741 0.0027420014465220086 -0.0038623160811827469 -0.0013830752696973529 -0.0047167440214498845 -0.0036725849266492708
leaf_weight=149.04710060637444 2.2271422743797293 3.3784014359116581 15.745478899218144 9.3577687684446555 17.971267282962799 47.991707432083786 16.565383058972657
leaf_count=935 11 29 69 147 199 830 248
internal_value=0 0.00115842 -0.00285158 0.00010908 0.0016557 -0.00436153 -0.00273706
internal_weight=0 186.962 75.3221 25.1032 167.018 50.2188 19.9438
internal_count=2468 1411 1057 216 1134 841 277
is_linear=0
shrinkage=0.00588852


Tree=22
num_leaves=8
num_cat=0
split_feature=59 73 66 56 98 83 91
split_gain=25.1508 10.5493 10.2714 8.14146 5.95206 3.54812 2.43992
threshold=225.00000000000003 37.350000000000001 1656.0000000000002 0.3550420168067227 0.92975000000000219 -12.499999999999998 -0.21825396825396817
decision_type=2 2 2 2 2 2 2
left_child=1 4 5 -4 -1 -2 -3
right_child=2 6 3 -5 -6 -7 -8
leaf_value=0.0020440706241970654 0.0014381191355450483 0.00095487444853795264 0.0027392704943014854 -0.0038670465360455012 -0.0013893549734833124 -0.0047187889872416225 -0.0036765409050964629
leaf_weight=149.56101080868393 2.2356224851682773 3.3871503220871118 15.827179383486511 9.3671079007908684 17.9940753178671 48.002645242027938 16.569588787853718
leaf_count=935 11 29 69 147 199 830 248
internal_value=0 0.00115525 -0.00284798 0.000112225 0.0016512 -0.00436246 -0.00273967
internal_weight=0 187.512 75.4326 25.1943 167.555 50.2383 19.9567
internal_count=2468 1411 1057 216 1134 841 277
is_linear=0
shrinkage=0.00588852


Tree=23
num_leaves=8
num_cat=0
split_feature=59 73 66 56 98 83 91
split_gain=25.1124 10.5494 10.3139 8.16625 5.96385 3.56093 2.44432
threshold=225.00000000000003 37.350000000000001 1656.0000000000002 0.3550420168067227 0.92975000000000219 -12.499999999999998 -0.21825396825396817
decision_type=2 2 2 2 2 2 2
left_child=1 4 5 -4 -1 -2 -3
right_child=2 6 3 -5 -6 -7 -8
leaf_value=0.0020389490539471913 0.0014403436506306609 0.00095180974647812548 0.0027365321976235797 -0.0038717558599824248 -0.0013956193959855957 -0.0047208232024972254 -0.0036804868309666334
leaf_weight=150.07542889844626 2.2441358445212236 3.3958996888250139 15.909145371057095 9.3763781925663334 18.016766375862062 48.013111402280629 16.573668585158885
leaf_count=935 11 29 69 147 199 830 248
internal_value=0 0.00115209 -0.00284436 0.000115369 0.0016467 -0.00436337 -0.00274227
internal_weight=0 188.062 75.5428 25.2855 168.092 50.2572 19.9696
internal_count=2468 1411 1057 216 1134 841 277
is_linear=0
shrinkage=0.00588852


Tree=24
num_leaves=8
num_cat=0
split_feature=59 73 66 56 98 83 91
split_gain=25.0734 10.5493 10.3564 8.19095 5.97558 3.57377 2.44869
threshold=225.00000000000003 37.350000000000001 1656.0000000000002 0.3550420168067227 0.92975000000000219 -12.499999999999998 -0.21825396825396817
decision_type=2 2 2 2 2 2 2
left_child=1 4 5 -4 -1 -2 -3
right_child=2 6 3 -5 -6 -7 -8
leaf_value=0.0020338296653240598 0.0014425485451679497 0.00094872267845671923 0.0027337868958820953 -0.0038764440290284348 -0.0014018684462086903 -0.004722846723615573 -0.0036844226449337073
leaf_weight=150.59034627024084 2.2526825852692118 3.4046494802460101 15.991376632824542 9.3855794416740519 18.039339817129076 48.023105378262699 16.577622199431062
leaf_count=935 11 29 69 147 199 830 248
internal_value=0 0.00114892 -0.00284071 0.000118512 0.00164221 -0.00436427 -0.00274486
internal_weight=0 188.612 75.6527 25.377 168.63 50.2758 19.9823
internal_count=2468 1411 1057 216 1134 841 277
is_linear=0
shrinkage=0.00588852


Tree=25
num_leaves=8
num_cat=0
split_feature=59 73 66 56 98 83 91
split_gain=25.0339 10.5491 10.399 8.21556 5.98724 3.58663 2.45302
threshold=225.00000000000003 37.350000000000001 1656.0000000000002 0.3550420168067227 0.92975000000000219 -12.499999999999998 -0.21825396825396817
decision_type=2 2 2 2 2 2 2
left_child=1 4 5 -4 -1 -2 -3
right_child=2 6 3 -5 -6 -7 -8
leaf_value=0.0020287125363053966 0.0014447334205896715 0.00094561317208890475 0.0027310346775326071 -0.003881111086821517 -0.0014081021277929815 -0.0047248595794494048 -0.003688348290951971
leaf_weight=151.10575593914837 2.2612625434994689 3.4133993936702636 16.07387236785144 9.394711275584994 18.061795089393854 48.032626100815833 16.581449087709188
leaf_count=935 11 29 69 147 199 830 248
internal_value=0 0.00114575 -0.00283705 0.000121653 0.00163772 -0.00436515 -0.00274745
internal_weight=0 189.162 75.7625 25.4686 169.168 50.2939 19.9948
internal_count=2468 1411 1057 216 1134 841 277
is_linear=0
shrinkage=0.00588852


Tree=26
num_leaves=8
num_cat=0
split_feature=59 73 66 56 98 83 91
split_gain=24.9939 10.5488 10.4415 8.24007 5.99883 3.59951 2.45732
threshold=225.00000000000003 37.350000000000001 1656.0000000000002 0.3550420168067227 0.92975000000000219 -12.499999999999998 -0.21825396825396817
decision_type=2 2 2 2 2 2 2
left_child=1 4 5 -4 -1 -2 -3
right_child=2 6 3 -5 -6 -7 -8
leaf_value=0.0020235976667383904 0.0014468986222618231 0.00094248151744668479 0.0027282755429544592 -0.0038857570490419984 -0.0014143203412892178 -0.0047268617811294733 -0.0036922638418825683
leaf_weight=151.62165103573352 2.2698760814964762 3.422149350866678 16.15663111303002 9.4037731774151307 18.084131277166307 48.041672677733004 16.585149422287941
leaf_count=935 11 29 69 147 199 830 248
internal_value=0 0.00114259 -0.00283336 0.000124792 0.00163323 -0.00436601 -0.00275003
internal_weight=0 189.713 75.872 25.5604 169.706 50.3115 20.0073
internal_count=2468 1411 1057 216 1134 841 277
is_linear=0
shrinkage=0.00588852


Tree=27
num_leaves=8
num_cat=0
split_feature=59 73 66 56 98 83 91
split_gain=24.9533 10.5483 10.484 8.26449 6.01035 3.61241 2.46159
threshold=225.00000000000003 37.350000000000001 1656.0000000000002 0.3550420168067227 0.92975000000000219 -12.499999999999998 -0.21825396825396817
decision_type=2 2 2 2 2 2 2
left_child=1 4 5 -4 -1 -2 -3
right_child=2 6 3 -5 -6 -7 -8
leaf_value=0.0020184851468229514 0.0014490437123842255 0.00093932784100070321 0.002725509747685611 -0.0038903818100151344 -0.0014205231128723919 -0.0047288533696097975 -0.0036961692573794038
leaf_weight=152.1380234984681 2.2785228639841071 3.4308991739526418 16.239651727490131 9.4127648724243027 18.106348077766597 48.050244289450347 16.588722629472613
leaf_count=935 11 29 69 147 199 830 248
internal_value=0 0.00113942 -0.00282964 0.000127929 0.00162875 -0.00436686 -0.0027526
internal_weight=0 190.264 75.9812 25.6524 170.244 50.3288 20.0196
internal_count=2468 1411 1057 216 1134 841 277
is_linear=0
shrinkage=0.00588852


Tree=28
num_leaves=8
num_cat=0
split_feature=59 73 66 56 98 53 91
split_gain=24.9122 10.5478 10.5265 8.28882 6.0218 3.62758 2.46582
threshold=225.00000000000003 37.350000000000001 1656.0000000000002 0.3550420168067227 0.92975000000000219 145.00000000000003 -0.21825396825396817
decision_type=2 2 2 2 2 2 2
left_child=1 4 5 -4 -1 -2 -3
right_child=2 6 3 -5 -6 -7 -8
leaf_value=0.0020133749816442794 -0.0047308694560893108 0.00093615221625607456 0.0027227374620628409 -0.0038949855245177943 -0.0014267104260047884 0.0014544347698412601 -0.0037000644748201293
leaf_weight=152.65486430004239 48.059828892350197 3.4396486161276725 16.322934414260093 9.4216860467568022 18.128444298170507 2.2857144055888048 16.592168596573174
leaf_count=935 829 29 69 147 199 12 248
internal_value=0 0.00113625 -0.0028259 0.000131064 0.00162427 -0.00436769 -0.00275516
internal_weight=0 190.815 76.0902 25.7446 170.783 50.3455 20.0318
internal_count=2468 1411 1057 216 1134 841 277
is_linear=0
shrinkage=0.00588852


Tree=29
num_leaves=8
num_cat=0
split_feature=59 66 73 56 98 83 91
split_gain=24.8709 10.5693 10.5469 8.31309 6.03329 3.64056 2.47012
threshold=225.00000000000003 1656.0000000000002 37.350000000000001 0.3550420168067227 0.92975000000000219 -12.499999999999998 -0.21825396825396817
decision_type=2 2 2 2 2 2 2
left_child=2 5 4 -3 -1 -2 -4
right_child=1 3 6 -5 -6 -7 -8
leaf_value=0.0020082609316359242 0.0014577854965144288 0.0027199498485818477 0.00093311300036992963 -0.0038995810738518921 -0.0014328974431939883 -0.0047328500739790176 -0.0037039331288818578
leaf_weight=153.17298591509461 2.2930053118616334 16.406495364382867 3.4482930358499315 9.4306045724078995 18.150734839960933 48.067881415598094 16.59545764233917
leaf_count=935 11 69 29 147 199 830 248
internal_value=0 -0.00282219 0.00113308 0.000134179 0.00161978 -0.00436859 -0.00275768
internal_weight=0 76.198 191.367 25.8371 171.324 50.3609 20.0438
internal_count=2468 1057 1411 216 1134 841 277
is_linear=0
shrinkage=0.00588852


Tree=30
num_leaves=8
num_cat=0
split_feature=59 66 73 56 98 53 91
split_gain=24.8287 10.6117 10.5462 8.33723 6.04461 3.65455 2.47428
threshold=225.00000000000003 1656.0000000000002 37.350000000000001 0.3550420168067227 0.92975000000000219 145.00000000000003 -0.21825396825396817
decision_type=2 2 2 2 2 2 2
left_child=2 5 4 -3 -1 -2 -4
right_child=1 3 6 -5 -6 -7 -8
leaf_value=0.0020031557771832765 -0.0047348258029939489 0.0027171647397668647 0.00092989394995241794 -0.0039041433651255128 -0.0014390543302211195 0.0014613353669224814 -0.0037078077549230256
leaf_weight=153.69075893983245 48.075698002241552 16.490298030897979 3.4570413520559695 9.4393877340480667 18.172591675072908 2.3010873273015013 16.598650112748146
leaf_count=935 829 69 29 147 199 12 248
internal_value=0 -0.00281841 0.00112991 0.000137309 0.0016153 -0.00436939 -0.00276022
internal_weight=0 76.3065 191.919 25.9297 171.863 50.3768 20.0557
internal_count=2468 1057 1411 216 1134 841 277
is_linear=0
shrinkage=0.00588852


Tree=31
num_leaves=8
num_cat=0
split_feature=59 66 73 56 98 83 91
split_gain=24.7864 10.6545 10.5451 8.36132 6.05597 3.66887 2.4785
threshold=225.00000000000003 1656.0000000000002 37.350000000000001 0.3550420168067227 0.92975000000000219 -12.499999999999998 -0.21825396825396817
decision_type=2 2 2 2 2 2 2
left_child=2 5 4 -3 -1 -2 -4
right_child=1 3 6 -5 -6 -7 -8
leaf_value=0.0019980473279353956 0.0014665059360436505 0.0027143645547799151 0.00092681297052054951 -0.0039086975275404827 -0.0014452111005922798 -0.0047368055887981831 -0.0037116555007107349
leaf_weight=154.20979248825461 2.3075849823653689 16.574377041310075 3.4656830271706012 9.4481682321056706 18.19464404694736 48.083658587187529 16.601682458072901
leaf_count=935 11 69 29 147 199 830 248
internal_value=0 -0.00281465 0.00112674 0.000140418 0.00161082 -0.00437026 -0.00276272
internal_weight=0 76.4138 192.472 26.0225 172.404 50.3912 20.0674
internal_count=2468 1057 1411 216 1134 841 277
is_linear=0
shrinkage=0.00588852


Tree=32
num_leaves=8
num_cat=0
split_feature=59 66 73 56 98 83 91
split_gain=24.7432 10.6969 10.5442 8.38526 6.06714 3.68193 2.4826
threshold=225.00000000000003 1656.0000000000002 37.350000000000001 0.3550420168067227 0.92975000000000219 -12.499999999999998 -0.21825396825396817
decision_type=2 2 2 2 2 2 2
left_child=2 5 4 -3 -1 -2 -4
right_child=1 3 6 -5 -6 -7 -8
leaf_value=0.0019929473578815422 0.0014685908272175161 0.0027115670889813937 0.00092355121938289737 -0.0039132184564030833 -0.0014513373131518129 -0.0047387451317922775 -0.003715509533818074
leaf_weight=154.72846679762006 2.3163901269435874 16.658695567399267 3.4744297014549401 9.4568121042102558 18.216259183362126 48.089871926233172 16.604620462283492
leaf_count=935 11 69 29 147 199 830 248
internal_value=0 -0.00281082 0.00112357 0.000143543 0.00160635 -0.00437102 -0.00276525
internal_weight=0 76.5218 193.024 26.1155 172.945 50.4063 20.0791
internal_count=2468 1057 1411 216 1134 841 277
is_linear=0
shrinkage=0.00588852


Tree=33
num_leaves=8
num_cat=0
split_feature=59 66 73 56 98 53 91
split_gain=24.6994 10.7393 10.5431 8.40911 6.07824 3.69786 2.48666
threshold=225.00000000000003 1656.0000000000002 37.350000000000001 0.3550420168067227 0.92975000000000219 145.00000000000003 -0.21825396825396817
decision_type=2 2 2 2 2 2 2
left_child=2 5 4 -3 -1 -2 -4
right_child=1 3 6 -5 -6 -7 -8
leaf_value=0.0019878500286868001 -0.0047407177292153923 0.00270876375835851 0.00092026841867871303 -0.0039177183026272815 -0.001457447984877414 0.001474705005200338 -0.0037193533443450936
leaf_weight=155.24757409561425 48.097466962412 16.743270619772378 3.4831751650199321 9.4653835762292129 18.237750523723662 2.3233674336224786 16.607429985888302
leaf_count=935 829 69 29 147 199 12 248
internal_value=0 -0.00280696 0.0011204 0.000146665 0.00160188 -0.00437176 -0.00276777
internal_weight=0 76.6295 193.576 26.2087 173.485 50.4208 20.0906
internal_count=2468 1057 1411 216 1134 841 277
is_linear=0
shrinkage=0.00588852


Tree=34
num_leaves=8
num_cat=0
split_feature=59 66 73 56 98 83 91
split_gain=24.6555 10.782 10.5417 8.4329 6.0894 3.71048 2.49078
threshold=225.00000000000003 1656.0000000000002 37.350000000000001 0.3550420168067227 0.92975000000000219 -12.499999999999998 -0.21825396825396817
decision_type=2 2 2 2 2 2 2
left_child=2 5 4 -3 -1 -2 -4
right_child=1 3 6 -5 -6 -7 -8
leaf_value=0.0019827501535791816 0.0014772745543314752 0.0027059456388461777 0.00091712522640508183 -0.0039222108568213862 -0.0014635593118416702 -0.0047426392193664823 -0.0037231696163173844
leaf_weight=155.76792966015637 2.3311252705752841 16.828119236044589 3.4918115101754692 9.4739562869071943 18.259441938251257 48.102841144427657 16.610077603720129
leaf_count=935 11 69 29 147 199 830 248
internal_value=0 -0.00280314 0.00111723 0.000149765 0.0015974 -0.00437259 -0.00277024
internal_weight=0 76.736 194.129 26.3021 174.027 50.434 20.1019
internal_count=2468 1057 1411 216 1134 841 277
is_linear=0
shrinkage=0.00588852


Tree=35
num_leaves=8
num_cat=0
split_feature=59 66 73 56 98 53 91
split_gain=24.6107 10.8243 10.5405 8.45655 6.10035 3.72525 2.49477
threshold=225.00000000000003 1656.0000000000002 37.350000000000001 0.3550420168067227 0.92975000000000219 145.00000000000003 -0.21825396825396817
decision_type=2 2 2 2 2 2 2
left_child=2 5 4 -3 -1 -2 -4
right_child=1 3 6 -5 -6 -7 -8
leaf_value=0.0019776582953747427 -0.0047445724771908327 0.0027031307136163862 0.00091380032986036123 -0.0039266694104516013 -0.0014696392638964412 0.0014816159988995919 -0.0037269927083562102
leaf_weight=156.28789305593818 48.108687773346901 16.913204055279497 3.5005539357662228 9.4823864502832276 18.280687720514834 2.3389671910554162 16.612631362862885
leaf_count=935 829 69 29 147 199 12 248
internal_value=0 -0.00279924 0.00111406 0.000152882 0.00159294 -0.0043733 -0.00277274
internal_weight=0 76.8432 194.682 26.3956 174.569 50.4477 20.1132
internal_count=2468 1057 1411 216 1134 841 277
is_linear=0
shrinkage=0.00588852


Tree=36
num_leaves=8
num_cat=0
split_feature=59 66 73 56 98 83 91
split_gain=24.5658 10.867 10.5388 8.48014 6.11137 3.73918 2.49882
threshold=225.00000000000003 1656.0000000000002 37.350000000000001 0.3550420168067227 0.92975000000000219 -12.499999999999998 -0.21825396825396817
decision_type=2 2 2 2 2 2 2
left_child=2 5 4 -3 -1 -2 -4
right_child=1 3 6 -5 -6 -7 -8
leaf_value=0.0019725645709946517 0.0014859354695935167 0.0027003013390977841 0.0009106168767077659 -0.0039311207447575323 -0.0014757202025353431 -0.0047464927362199667 -0.0037307879671848762
leaf_weight=156.80908550601453 2.3459579925984135 16.99856022652239 3.5091857314109829 9.4908178988844139 18.302134612575173 48.113937629386783 16.615020020864904
leaf_count=935 11 69 29 147 199 830 248
internal_value=0 -0.00279537 0.0011109 0.000155976 0.00158848 -0.00437409 -0.0027752
internal_weight=0 76.9493 195.235 26.4894 175.111 50.4599 20.1242
internal_count=2468 1057 1411 216 1134 841 277
is_linear=0
shrinkage=0.00588852


Tree=37
num_leaves=8
num_cat=0
split_feature=59 66 73 56 98 53 91
split_gain=24.52 10.9092 10.5374 8.50359 6.12218 3.75281 2.50273
threshold=225.00000000000003 1656.0000000000002 37.350000000000001 0.3550420168067227 0.92975000000000219 145.00000000000003 -0.21825396825396817
decision_type=2 2 2 2 2 2 2
left_child=2 5 4 -3 -1 -2 -4
right_child=1 3 6 -5 -6 -7 -8
leaf_value=0.0019674783415410775 -0.004748387094132109 0.0026974753004619435 0.00090725068230457034 -0.0039355380455452322 -0.0014817692776120767 0.0014885268292934744 -0.0037345902757967291
leaf_weight=157.32987443637103 48.118038072250783 17.084150088950995 3.5179246608167913 9.4991052169352752 18.323132335208356 2.3546595945954314 16.61731721740216
leaf_count=935 829 69 29 147 199 12 248
internal_value=0 -0.00279142 0.00110773 0.000159086 0.00158402 -0.00437477 -0.00277768
internal_weight=0 77.056 195.788 26.5833 175.653 50.4727 20.1352
internal_count=2468 1057 1411 216 1134 841 277
is_linear=0
shrinkage=0.00588852


Tree=38
num_leaves=8
num_cat=0
split_feature=59 66 73 56 98 83 91
split_gain=24.4741 10.9518 10.5355 8.52698 6.13306 3.76804 2.50671
threshold=225.00000000000003 1656.0000000000002 37.350000000000001 0.3550420168067227 0.92975000000000219 -12.499999999999998 -0.21825396825396817
decision_type=2 2 2 2 2 2 2
left_child=2 5 4 -3 -1 -2 -4
right_child=1 3 6 -5 -6 -7 -8
leaf_value=0.001962390908468949 0.001494572850770491 0.0026946350929164154 0.0009040273549060934 -0.0039399481578066857 -0.0014878196969914524 -0.0047503059217146922 -0.0037383644391667382
leaf_weight=157.85187315009534 2.3608882315456858 17.170009315945212 3.5265510128811028 9.5073938276618701 18.344332566484809 48.123157375492156 16.619445967487991
leaf_count=935 11 69 29 147 199 830 248
internal_value=0 -0.00278751 0.00110456 0.000162173 0.00157956 -0.00437552 -0.00278012
internal_weight=0 77.1614 196.342 26.6774 176.196 50.484 20.146
internal_count=2468 1057 1411 216 1134 841 277
is_linear=0
shrinkage=0.00588852


Tree=39
num_leaves=8
num_cat=0
split_feature=59 66 73 56 98 83 91
split_gain=24.4273 10.994 10.5338 8.55022 6.14373 3.78134 2.51056
threshold=225.00000000000003 1656.0000000000002 37.350000000000001 0.3550420168067227 0.92975000000000219 -12.499999999999998 -0.21825396825396817
decision_type=2 2 2 2 2 2 2
left_child=2 5 4 -3 -1 -2 -4
right_child=1 3 6 -5 -6 -7 -8
leaf_value=0.0019573105641131055 0.0014965747127046428 0.0026917984708832864 0.00090062030451099214 -0.0039443242269473549 -0.001493837871109339 -0.0047521739735602161 -0.0037421458938603435
leaf_weight=158.37345743924379 2.3699159156531087 17.256100292317573 3.5352854952216175 9.5155373942106944 18.36507950630039 48.126043115742505 16.621485775336623
leaf_count=935 11 69 29 147 199 830 248
internal_value=0 -0.00278352 0.00110139 0.000165277 0.00157511 -0.00437617 -0.00278259
internal_weight=0 77.2676 196.895 26.7716 176.739 50.496 20.1568
internal_count=2468 1057 1411 216 1134 841 277
is_linear=0
shrinkage=0.00588852


Tree=40
num_leaves=7
num_cat=0
split_feature=59 58 46 73 98 91
split_gain=24.3799 11.0433 10.9229 10.532 6.15433 2.51437
threshold=225.00000000000003 -14.499999999999998 1.5000000000000002 37.350000000000001 0.92975000000000219 -0.21825396825396817
decision_type=2 2 2 2 2 2
left_child=3 -2 -3 4 -1 -5
right_child=1 2 -4 5 -6 -7
leaf_value=0.0019522331581284895 0.0027313677758986662 0.0028730342541613114 -0.0044398550388153792 0.00089719317117769974 -0.0014998402920722435 -0.0037459170180783354
leaf_weight=158.89542107377201 9.613396446220575 6.7506420882418743 61.009429959580302 3.5440174425020841 18.385698383674026 16.623395350761712
leaf_count=935 37 34 986 29 199 248
internal_value=0 -0.00277951 -0.00363483 0.00109822 0.00157067 -0.00278504
internal_weight=0 77.3735 67.7601 197.449 177.281 20.1674
internal_count=2468 1057 1020 1411 1134 277
is_linear=0
shrinkage=0.00588852


Tree=41
num_leaves=7
num_cat=0
split_feature=59 58 46 73 98 91
split_gain=24.3425 11.0836 10.9626 10.5254 6.16573 2.51995
threshold=225.00000000000003 -14.499999999999998 1.5000000000000002 37.350000000000001 0.92975000000000219 -0.21825396825396817
decision_type=2 2 2 2 2 2
left_child=3 -2 -3 4 -1 -5
right_child=1 2 -4 5 -6 -7
leaf_value=0.0019472544448916223 0.002731181007055807 0.0028712825774759492 -0.0044422696140157909 0.00089570997062276842 -0.0015059720401215749 -0.0037492042445120138
leaf_weight=159.41640750691295 9.6605992633849365 6.7814592244103542 61.023244213312864 3.5537075977772501 18.406378916464746 16.623917606659234
leaf_count=935 37 34 986 29 199 248
internal_value=0 -0.00277638 -0.00363446 0.00109522 0.00156629 -0.00278645
internal_weight=0 77.4653 67.8047 198 177.823 20.1776
internal_count=2468 1057 1020 1411 1134 277
is_linear=0
shrinkage=0.00588852


Tree=42
num_leaves=7
num_cat=0
split_feature=59 58 46 73 98 91
split_gain=24.3045 11.1239 11.0023 10.5185 6.17708 2.5255
threshold=225.00000000000003 -14.499999999999998 1.5000000000000002 37.350000000000001 0.92975000000000219 -0.21825396825396817
decision_type=2 2 2 2 2 2
left_child=3 -2 -3 4 -1 -5
right_child=1 2 -4 5 -6 -7
leaf_value=0.0019422787398004229 0.0027309765838760837 0.0028695060857818382 -0.0044446736606409609 0.00089421299500524673 -0.0015120926095167737 -0.0037524812660437363
leaf_weight=159.93783793970942 9.7079595774412137 6.8123729489743701 61.036528370343149 3.5634040059521821 18.426949492655694 16.624311880208552
leaf_count=935 37 34 986 29 199 248
internal_value=0 -0.00277323 -0.00363406 0.00109222 0.00156192 -0.00278784
internal_weight=0 77.5569 67.8489 198.553 178.365 20.1877
internal_count=2468 1057 1020 1411 1134 277
is_linear=0
shrinkage=0.00588852


Tree=43
num_leaves=7
num_cat=0
split_feature=59 58 46 73 98 91
split_gain=24.2661 11.1642 11.042 10.5116 6.18838 2.53104
threshold=225.00000000000003 -14.499999999999998 1.5000000000000002 37.350000000000001 0.92975000000000219 -0.21825396825396817
decision_type=2 2 2 2 2 2
left_child=3 -2 -3 4 -1 -5
right_child=1 2 -4 5 -6 -7
leaf_value=0.0019373060986331654 0.0027307543797005724 0.0028677049378796906 -0.0044470672510133116 0.00089270223898550933 -0.0015182019867384592 -0.0037557480532403303
leaf_weight=160.45970556885004 9.7554765464737994 6.8433829993009558 61.049280655570328 3.5731063457205918 18.447410235181451 16.624578401446342
leaf_count=935 37 34 986 29 199 248
internal_value=0 -0.00277005 -0.00363365 0.00108923 0.00155754 -0.00278922
internal_weight=0 77.6481 67.8927 199.105 178.907 20.1977
internal_count=2468 1057 1020 1411 1134 277
is_linear=0
shrinkage=0.00588852


Tree=44
num_leaves=7
num_cat=0
split_feature=59 58 46 73 98 91
split_gain=24.2271 11.2044 11.0817 10.5046 6.19963 2.53655
threshold=225.00000000000003 -14.499999999999998 1.5000000000000002 37.350000000000001 0.92975000000000219 -0.21825396825396817
decision_type=2 2 2 2 2 2
left_child=3 -2 -3 4 -1 -5
right_child=1 2 -4 5 -6 -7
leaf_value=0.001932336581121154 0.0027305146965233397 0.0028658792440302968 -0.0044494503295185363 0.00089117778771702198 -0.0015243001789511587 -0.0037590045702736012
leaf_weight=160.98200098518282 9.8031502589583379 6.8744888752698889 61.0615000044927 3.5828145183622864 18.467760074883699 16.624716940335929
leaf_count=935 37 34 986 29 199 248
internal_value=0 -0.00276685 -0.00363322 0.00108623 0.00155318 -0.00279058
internal_weight=0 77.7391 67.936 199.657 179.45 20.2075
internal_count=2468 1057 1020 1411 1134 277
is_linear=0
shrinkage=0.00588852


end of trees

feature_importances:
dist_change=45
agari_4=45
corner_chase_2=45
agari_df_course_2=45
corner_ratio_3=40
father_cat=40
rank_trend_5=35
result_2=5
result_3=5
weight_change=5

parameters:
[boosting: gbdt]
[objective: custom]
[metric: custom]
[tree_learner: serial]
[device_type: cpu]
[data_sample_strategy: bagging]
[data: ]
[valid: ]
[num_iterations: 492]
[learning_rate: 0.00588852]
[num_leaves: 8]
[num_threads: 0]
[seed: 0]
[deterministic: 0]
[force_col_wise: 1]
[force_row_wise: 0]
[histogram_pool_size: -1]
[max_depth: 3]
[min_data_in_leaf: 26]
[min_sum_hessian_in_leaf: 0.001]
[bagging_fraction: 1]
[pos_bagging_fraction: 1]
[neg_bagging_fraction: 1]
[bagging_freq: 0]
[bagging_seed: 3]
[feature_fraction: 1]
[feature_fraction_bynode: 1]
[feature_fraction_seed: 2]
[extra_trees: 0]
[extra_seed: 6]
[early_stopping_round: 0]
[first_metric_only: 0]
[max_delta_step: 0]
[lambda_l1: 0.507862]
[lambda_l2: 1.05959]
[linear_lambda: 0]
[min_gain_to_split: 0]
[drop_rate: 0.1]
[max_drop: 50]
[skip_drop: 0.5]
[xgboost_dart_mode: 0]
[uniform_drop: 0]
[drop_seed: 4]
[top_rate: 0.2]
[other_rate: 0.1]
[min_data_per_group: 100]
[max_cat_threshold: 32]
[cat_l2: 10]
[cat_smooth: 10]
[max_cat_to_onehot: 4]
[top_k: 20]
[monotone_constraints: ]
[monotone_constraints_method: basic]
[monotone_penalty: 0]
[feature_contri: ]
[forcedsplits_filename: ]
[refit_decay_rate: 0.9]
[cegb_tradeoff: 1]
[cegb_penalty_split: 0]
[cegb_penalty_feature_lazy: ]
[cegb_penalty_feature_coupled: ]
[path_smooth: 0]
[interaction_constraints: ]
[verbosity: -1]
[saved_feature_importance_type: 0]
[use_quantized_grad: 0]
[num_grad_quant_bins: 4]
[quant_train_renew_leaf: 0]
[stochastic_rounding: 1]
[linear_tree: 0]
[max_bin: 255]
[max_bin_by_feature: ]
[min_data_in_bin: 3]
[bin_construct_sample_cnt: 200000]
[data_random_seed: 1]
[is_enable_sparse: 1]
[enable_bundle: 1]
[use_missing: 1]
[zero_as_missing: 0]
[feature_pre_filter: 1]
[pre_partition: 0]
[two_round: 0]
[header: 0]
[label_column: ]
[weight_column: ]
[group_column: ]
[ignore_column: ]
[categorical_feature: ]
[forcedbins_filename: ]
[precise_float_parser: 0]
[parser_config_file: ]
[objective_seed: 5]
[num_class: 1]
[is_unbalance: 0]
[scale_pos_weight: 1]
[sigmoid: 1]
[boost_from_average: 1]
[reg_sqrt: 0]
[alpha: 0.9]
[fair_c: 1]
[poisson_max_delta_step: 0.7]
[tweedie_variance_power: 1.5]
[lambdarank_truncation_level: 30]
[lambdarank_norm: 1]
[label_gain: ]
[lambdarank_position_bias_regularization: 0]
[eval_at: ]
[multi_error_top_k: 1]
[auc_mu_weights: ]
[num_machines: 1]
[local_listen_port: 12400]
[time_out: 120]
[machine_list_filename: ]
[machines: ]
[gpu_platform_id: -1]
[gpu_device_id: -1]
[gpu_use_dp: 0]
[num_gpu: 1]

end of parameters

pandas_categorical:null
