tree
version=v4
num_class=1
num_tree_per_iteration=1
label_index=0
max_feature_idx=50
objective=lambdarank
feature_names=f_course1 f_course2 f_course3 f_courseout mf_course1 mf_course2 mf_course3 mf_courseout f_mf_course1 f_mf_course2 f_mf_course3 f_mf_courseout f_len1 f_len2 f_len3 f_lenout mf_len1 mf_len2 mf_len3 mf_classout f_mf_len1 f_mf_len2 f_mf_len3 f_mf_classout f_class1 f_class2 f_class3 f_classout mf_class1 mf_class2 mf_class3 mf_classout.1 f_mf_class1 f_mf_class2 f_mf_class3 f_mf_classout.1 time_df_course1 time_df_class1 ninki_1 result_1 time_df_course2 time_df_class2 ninki_2 result_2 time_df_course3 time_df_class3 ninki_3 result_3 waku umaban self_popularity
feature_infos=[0:38] [0:37] [0:32] [0:283] [0:40] [0:32] [0:37] [0:338] [0:6] [0:6] [0:5] [0:25] [0:13] [0:8] [0:8] [0:73] [0:9] [0:8] [0:7] [0:71] [0:2] [0:2] [0:3] [0:8] [0:7] [0:4] [0:4] [0:34] [0:5] [0:5] [0:4] [0:40] [0:2] [0:2] [0:2] [0:6] [-1:0] [-1:0] [-1:170] [-1:140] [-1:0] [-1:0] [-1:180] [-1:160] [-1:0] [-1:0] [-1:180] [-1:160] [1:8] [1:16] [-1:16]
tree_sizes=3592 3587 3613 3599 3590 3602 3596 3621 3591 3640 3609 3617 3614 3607 3614 3604 3601

Tree=0
num_leaves=33
num_cat=0
split_feature=50 50 43 11 7 12 1 6 39 35 38 4 7 46 39 48 39 38 31 15 4 46 26 7 38 43 39 15 7 39 7 38
split_gain=74.2852 17.6979 10.7959 10.7538 9.83916 8.1441 7.95916 7.94174 7.40446 7.68031 10.0969 6.99005 10.7835 8.79159 8.10343 7.71747 11.8102 11.4054 6.84701 6.74923 6.59218 10.6298 9.89685 6.2762 6.03338 5.79664 6.14802 5.75055 5.70254 5.22107 5.03591 4.9993
threshold=12.500000000000002 5.5000000000000009 7.5000000000000009 1.0000000180025095e-35 154.50000000000003 1.0000000180025095e-35 4.5000000000000009 1.0000000180025095e-35 4.5000000000000009 1.5000000000000002 145.00000000000003 13.500000000000002 23.500000000000004 9.5000000000000018 35.000000000000007 6.5000000000000009 11.500000000000002 10.500000000000002 2.5000000000000004 26.500000000000004 1.5000000000000002 105.00000000000001 1.0000000180025095e-35 3.5000000000000004 10.500000000000002 1.5000000000000002 12.500000000000002 16.500000000000004 11.500000000000002 8.5000000000000018 23.500000000000004 4.5000000000000009
decision_type=2 2 2 2 2 2 2 2 2 2 2 2 2 2 2 2 2 2 2 2 2 2 2 2 2 2 2 2 2 2 2 2
left_child=1 7 18 -2 6 8 11 -1 -5 10 -10 12 15 -14 -15 16 17 -4 19 20 21 22 -3 -17 -9 -20 31 -18 -25 -24 -22 -27
right_child=3 2 4 5 -6 -7 -8 24 9 -11 -12 -13 13 14 -16 23 27 -19 25 -21 30 -23 29 28 -26 26 -28 -29 -30 -31 -32 -33
leaf_value=0.0047548479985972088 -0.090089102913834776 -0.068151526456061151 -0.0024626749651882112 0.061467302873570183 -0.097796895612721924 -0.073934683430808723 -0.044128332042531027 0.018012716502813983 -0.11020330583189558 0.074349299967856636 0.065904358378450933 0.074994323120760847 0.012099590673223439 -0.10502772182391341 0.05677385772206188 -0.096704720526755064 -0.076215156047124213 0.063551090064296226 0.071728500196947806 -0.10272539278022405 0.065948554100169782 0.06837134899952152 0.059634903215085334 0.022714124608565114 0.048730559750958212 -0.10947606211702647 -0.10973062463436201 0.092306559558133314 -0.10981349493630253 -0.10932050259033868 -0.019803835178232677 0.034778765766865866
leaf_weight=33.312434429302812 24.813288097269833 9.4981012064963668 15.680242991074921 3.632134214043619 4.0780239012092343 8.9181984383612853 16.45790019351989 32.018773916177452 4.0325320921838284 1.4951481372117994 1.3095382526516912 3.475065713748335 4.4460435137152663 7.2340484466403705 1.0790847204625604 3.4686912726610881 4.9714489746838799 16.192209601402283 9.7725371345877665 1.8474693531170476 7.2746642213314754 3.7075801789760581 3.5716040935367337 4.9203880988061428 49.878500405699015 0.76945336535572906 1.0745791234076012 0.69936044886708248 1.233537647873163 0.65547224320471276 2.9151784647256136 13.446011602878569
leaf_count=393 415 158 164 20 71 140 229 328 72 6 6 14 45 132 7 60 82 92 49 38 39 20 22 42 382 15 19 2 21 12 40 107
internal_value=0 0.0115042 -0.00179016 -0.0660208 -0.0142127 -0.0351905 -0.00993646 0.0274846 -0.00214445 -0.0359946 -0.0669624 -0.001054 -0.00547325 -0.0504795 -0.0839741 0.00669843 0.0180057 0.0310686 0.0173248 -0.000699881 0.00612584 -0.0144736 -0.0368861 -0.0373774 0.036726 0.038528 0.0172768 -0.0553343 -0.00385214 0.0332949 0.0413888 0.0269239
internal_weight=0 253.678 138.469 44.2008 83.936 19.3876 79.858 115.21 10.4694 6.83722 5.34207 63.4001 59.9251 12.7592 8.31313 47.1659 37.5433 31.8725 54.5327 29.4701 27.6226 17.4328 13.7252 9.62262 81.8973 25.0626 15.29 5.67081 6.15393 4.22708 10.1898 14.2155
internal_count=3242 2583 1480 659 961 244 890 1103 104 84 78 661 647 184 139 463 340 256 519 329 291 212 192 123 710 190 141 84 63 34 79 122
is_linear=0
shrinkage=0.0551878


Tree=1
num_leaves=33
num_cat=0
split_feature=50 42 38 49 1 50 46 3 46 31 31 50 42 19 35 7 19 1 3 24 6 7 42 50 46 47 9 39 42 2 43 49
split_gain=29.6834 23.6481 21.346 21.277 19.0564 16.0817 20.7978 15.7731 16.1378 17.8042 14.4672 13.2111 18.5758 12.8388 12.7276 12.6737 12.3179 44.6037 38.9219 19.9288 16.9084 15.727 22.1897 14.8203 15.6527 14.7028 18.517 14.0719 18.218 26.0795 18.492 13.1357
threshold=14.500000000000002 1.5000000000000002 10.500000000000002 11.500000000000002 13.500000000000002 10.500000000000002 13.500000000000002 8.5000000000000018 10.500000000000002 4.5000000000000009 5.5000000000000009 6.5000000000000009 45.000000000000007 1.0000000180025095e-35 1.0000000180025095e-35 28.500000000000004 12.500000000000002 1.5000000000000002 33.500000000000007 4.5000000000000009 4.5000000000000009 13.500000000000002 115.00000000000001 5.5000000000000009 9.5000000000000018 1.5000000000000002 1.5000000000000002 3.5000000000000004 115.00000000000001 2.5000000000000004 5.5000000000000009 15.500000000000002
decision_type=2 2 2 2 2 2 2 2 2 2 2 2 2 2 2 2 2 2 2 2 2 2 2 2 2 2 2 2 2 2 2 2
left_child=1 14 3 7 -2 15 -7 8 9 -3 11 12 -9 -13 -1 -5 17 20 -19 25 23 22 -20 24 -4 26 -18 -25 30 -30 -29 -27
right_child=4 2 16 5 -6 6 -8 10 -10 -11 -12 13 -14 -15 -16 -17 19 18 21 -21 -22 -23 -24 27 -26 31 -28 28 29 -31 -32 -33
leaf_value=0.036023719365077249 -0.085485039414108371 -0.046796215408361014 -0.053400999186252386 -0.035718784775203218 0.052218746356884463 0.0745418771508842 -0.10548441522145059 -0.043134549276205782 -0.093811102431726121 0.069440656764224742 -0.062450081963016005 -0.068141004360691246 0.057114888485070112 0.025911193360847611 -0.11107877984375793 0.023853988742974782 -0.068111765875793484 -0.082473390169007441 0.030614464763774576 -0.1094912952808601 -0.092932635452807943 -0.038687215035889233 -0.10829364570700063 0.086092400926743765 0.014427090268069083 0.035637143777452834 0.095773417206573674 -0.039176398898938092 -0.10935943963676337 0.082306100603305732 0.044773159891558223 -0.10836064222369457
leaf_weight=69.128822855651379 18.535240046679977 24.167376371100548 13.620467629283665 22.50171284750104 3.6607290618121615 16.930946835316721 2.2050215583294621 36.225495687685907 18.212746720761061 4.807521514594554 16.225593058392406 4.9731182623654595 6.659648858010768 39.47359967045486 1.8346787951886643 21.042077453806996 9.4316466730087978 29.757807048037648 34.340263653546572 3.4209568761289111 4.0983387138694516 26.800243215635419 3.8961102096363893 13.426672779023646 43.273886870592833 96.320736614987254 2.6963186040520659 9.0961735062301141 6.506950273178516 3.2325386330485344 65.464858801104128 1.9644507132470597
leaf_count=196 276 143 59 149 23 55 34 195 163 14 118 45 17 184 7 87 55 181 152 28 29 157 38 20 143 338 4 38 54 5 220 15
internal_value=0 0.00213759 -0.00153668 -0.0154178 -0.0627558 0.0116015 0.0537661 -0.0266543 -0.0531014 -0.0274937 -0.014599 -0.00570306 -0.0275564 0.0153764 0.0322109 -0.00692453 0.00652732 -0.000243462 -0.0301977 0.0216083 0.017645 -0.00627097 0.0164437 0.0205799 -0.00180812 0.0256763 -0.0316344 0.0336163 0.0252515 -0.0457085 0.0345263 0.0327521
internal_weight=0 651.737 580.773 213.425 22.196 62.6798 19.136 150.745 47.1876 28.9749 103.557 87.3319 42.8851 44.4467 70.9635 43.5438 367.348 253.514 94.7944 113.834 158.72 65.0366 38.2364 154.622 56.8944 110.413 12.128 97.7272 84.3005 9.73949 74.561 98.2852
internal_count=3242 2943 2740 1204 299 325 89 879 320 157 559 441 212 229 203 236 1536 1096 528 440 568 347 190 539 202 412 59 337 317 59 258 353
is_linear=0
shrinkage=0.0551878


Tree=2
num_leaves=33
num_cat=0
split_feature=50 46 38 13 38 31 16 50 48 39 15 23 50 1 49 13 48 15 31 43 47 13 42 50 49 28 39 46 42 49 46 26
split_gain=20.0823 15.549 15.2308 14.2325 12.6509 19.534 16.6266 16.583 12.0679 11.869 20.0022 12.9323 11.3731 10.7435 10.3242 10.2113 10.2613 17.2382 10.1344 15.5047 15.8044 13.7186 12.7366 14.7769 13.6679 12.0186 11.8367 10.2228 19.5346 12.0728 13.1882 11.3319
threshold=14.500000000000002 155.00000000000003 10.500000000000002 2.5000000000000004 95.000000000000014 4.5000000000000009 1.0000000180025095e-35 4.5000000000000009 7.5000000000000009 10.500000000000002 1.0000000180025095e-35 1.0000000180025095e-35 12.500000000000002 6.5000000000000009 11.500000000000002 1.5000000000000002 5.5000000000000009 9.5000000000000018 1.5000000000000002 15.500000000000002 5.5000000000000009 4.5000000000000009 8.5000000000000018 2.5000000000000004 5.5000000000000009 1.0000000180025095e-35 7.5000000000000009 1.0000000180025095e-35 9.5000000000000018 2.5000000000000004 75.000000000000014 1.0000000180025095e-35
decision_type=2 2 2 2 2 2 2 2 2 2 2 2 2 2 2 2 2 2 2 2 2 2 2 2 2 2 2 2 2 2 2 2
left_child=1 2 9 -2 18 6 13 -7 -5 10 -1 15 -8 14 -6 16 17 -11 25 20 22 -22 23 -20 -24 27 -26 -4 31 30 -30 -29
right_child=3 -3 4 8 5 7 12 -9 -10 11 -12 -13 -14 -15 -16 -17 -18 -19 19 -21 21 -23 24 -25 26 -27 -28 28 29 -31 -32 -33
leaf_value=-0.057620708690282463 -0.081298053304045104 -0.10668973866436206 0.042433652389088951 -0.10273509226439012 0.0065252569932628679 0.032400760293130208 0.060095931523502358 -0.092327990192962978 0.098718284019368982 -0.045807677626153738 -0.0071064931336036093 -0.097257913590340667 -0.10267531199859746 -0.096854533411622923 -0.10584327720127991 -0.067670687149296221 0.063454023380504473 0.081799874801693817 -0.092420217762147552 -0.094541039256610768 0.04550685166736794 -0.073624008911914743 -0.06972988909600375 0.051851628493410309 0.025663456947325445 -0.065487669151224809 -0.05797635416097971 -0.087037042450253357 0.059778536264257817 0.00061012792987719697 -0.091625328161203876 0.034926735619063363
leaf_weight=28.194887841120362 14.792274184525015 3.9976979177445164 21.778749803081155 1.3273762613534916 23.012015093117959 4.2696650400757816 16.635726401582364 13.482692761346696 2.8265896905213594 8.8120787572115642 155.85411830246449 2.710467090830206 1.4143825415521849 4.6362399645149699 2.7884840555489054 3.1166442427784196 18.735105872154236 5.0797171443700782 2.4057445526123074 3.2886095643043509 85.655119253322482 3.0438424199819556 10.104326438158749 21.001164980232716 21.044446883723143 7.2110789977014056 6.81976912356913 10.754460841417311 19.593674048781399 98.562758288346231 1.919661484658717 2.9521492570638648
leaf_count=247 271 37 79 23 104 10 45 96 5 72 862 19 20 47 30 26 52 11 10 23 249 27 51 37 79 45 45 78 48 464 16 14
internal_value=0 0.00174127 0.00245903 -0.0559489 0.00913965 -0.0127875 0.00534202 -0.0623121 0.0342408 -0.00902036 -0.0148475 0.0188605 0.047307 -0.0195378 -0.00562121 0.0276831 0.0368072 0.000841748 0.013735 0.023915 0.0265149 0.0414125 0.00497911 0.0369989 -0.0147544 0.00414144 0.00517717 0.00737246 0.00166158 0.00878927 0.0462417 -0.0607446
internal_weight=0 608.875 604.878 18.9462 382.375 66.2392 48.4868 17.7524 4.15397 222.503 184.049 38.454 18.0501 30.4367 25.8005 35.7435 32.6269 13.8918 316.136 153.363 150.074 88.699 61.3755 23.4069 37.9685 162.773 27.8642 155.561 133.783 120.076 21.5133 13.7066
internal_count=3242 2943 2906 299 1617 352 246 106 28 1289 1109 180 65 181 134 161 135 83 1265 521 498 276 222 47 175 744 124 699 620 528 64 92
is_linear=0
shrinkage=0.0551878


Tree=3
num_leaves=33
num_cat=0
split_feature=50 11 25 39 3 31 22 2 50 48 30 43 49 17 7 7 3 31 3 42 46 1 2 27 4 12 48 3 29 49 38 38
split_gain=16.5273 22.2392 16.3478 16.222 19.4367 14.7575 14.1273 13.5032 18.1992 13.0796 12.2031 11.2846 10.7738 12.563 10.6299 13.9237 12.3533 12.8344 11.2084 10.9371 19.8701 9.87968 9.63384 10.3327 9.90081 9.47454 21.6968 21.5816 19.4021 16.2936 15.6985 12.4994
threshold=12.500000000000002 1.0000000180025095e-35 1.0000000180025095e-35 13.500000000000002 2.5000000000000004 2.5000000000000004 1.0000000180025095e-35 4.5000000000000009 11.500000000000002 2.5000000000000004 2.5000000000000004 7.5000000000000009 13.500000000000002 7.5000000000000009 23.500000000000004 31.500000000000004 71.000000000000014 1.5000000000000002 126.50000000000001 25.000000000000004 16.500000000000004 8.5000000000000018 1.0000000180025095e-35 1.0000000180025095e-35 1.0000000180025095e-35 1.0000000180025095e-35 3.5000000000000004 48.500000000000007 1.0000000180025095e-35 6.5000000000000009 12.500000000000002 10.500000000000002
decision_type=2 2 2 2 2 2 2 2 2 2 2 2 2 2 2 2 2 2 2 2 2 2 2 2 2 2 2 2 2 2 2 2
left_child=5 3 9 -2 -5 14 7 8 -7 -3 -9 -11 13 -8 19 -16 22 18 -18 20 21 25 23 24 -17 29 -27 28 -28 -1 31 -31
right_child=1 2 -4 4 -6 6 12 10 -10 11 -12 -13 -14 -15 15 16 17 -19 -20 -21 -22 -23 -24 -25 -26 26 27 -29 -30 30 -32 -33
leaf_value=-0.039565278217021396 -0.08869534130324265 -0.1004090987997265 -0.099170117792951845 0.07460072893579206 -0.097545888566528904 0.010210213857637655 -0.10361422231017202 0.03862215288623326 -0.10522066292454002 -0.099425260424460066 -0.098405297470524553 0.044271526740938524 0.046545194848898401 0.077385462033322722 -0.080459813602914973 0.088560096530507962 0.070306595602457653 -0.10429772155567706 -0.090624851703089218 0.012861645563499596 -0.076909927698184957 -0.059442200125248111 -0.051930888726500042 0.084157048280027472 -0.093822987333110716 0.062419981134631146 -0.082199238585637407 0.054336286953749209 0.098994911756312379 -0.001520324124398382 0.048291614379787934 -0.10253560157136639
leaf_weight=35.198892602697015 20.541345060803 2.4469308620318833 3.9637391585856667 4.8024112712591869 3.414674824103713 109.69173371419311 7.3816464245319349 79.759655172005296 4.3200825415551654 1.7954936288297201 2.025258917361497 22.100804585032165 2.9684786535799494 1.3826997578144071 11.447268987074493 1.2824370339512841 10.818717074580485 1.8700151592493064 1.4962385892868049 119.48712190799415 12.190961375832556 9.0625242013484222 21.35847876034677 3.8553875032812357 3.0621501617133617 20.631474252790213 12.509286705404522 8.5245260037481767 2.0977621898055068 36.526668760925531 19.577829573303461 4.1524103954434386
leaf_count=242 335 38 64 17 63 456 49 282 38 30 16 112 12 3 100 2 29 19 10 494 92 75 134 9 29 55 95 25 3 223 57 34
internal_value=0 -0.0277222 0.00525664 -0.0624834 0.00301659 0.00301746 0.0145829 0.018109 0.00583057 0.0209919 0.0352211 0.0334488 -0.0442222 -0.0750052 -0.00414324 -0.0262786 -0.0120876 0.0302321 0.050709 0.00021971 -0.00919168 -0.00362048 -0.0324078 0.0184087 -0.0398904 1.26073e-05 0.0212765 -0.0154115 -0.0561391 -0.00973347 0.00768915 -0.0118472
internal_weight=0 59.0654 30.307 28.7584 8.21709 542.68 207.53 195.797 114.012 26.3432 81.7849 23.8963 11.7328 8.76435 335.15 55.1907 43.7434 14.185 12.315 279.959 160.472 148.281 29.5585 8.19997 4.34459 139.219 43.763 23.1316 14.607 95.4558 60.2569 40.6791
internal_count=3242 659 244 415 80 2583 856 792 494 180 298 142 64 52 1727 332 232 58 39 1395 901 809 174 40 31 734 178 123 98 556 314 257
is_linear=0
shrinkage=0.0551878


Tree=4
num_leaves=33
num_cat=0
split_feature=50 1 31 43 16 38 50 38 42 6 17 46 50 50 46 46 50 39 9 47 2 43 19 39 5 15 7 43 47 6 43 15
split_gain=13.8854 14.1599 10.0298 10.9608 20.0548 13.0399 13.4961 12.7339 13.2879 9.91654 13.1944 21.3532 11.7056 11.7405 9.75819 11.8925 19.9049 14.7669 9.78292 11.5148 9.48276 15.4689 15.436 16.629 10.6941 9.19218 13.276 16.3934 9.74106 9.61658 9.01439 11.9269
threshold=14.500000000000002 13.500000000000002 2.5000000000000004 2.5000000000000004 1.5000000000000002 5.5000000000000009 3.5000000000000004 65.000000000000014 9.5000000000000018 7.5000000000000009 2.5000000000000004 35.000000000000007 7.5000000000000009 11.500000000000002 8.5000000000000018 12.500000000000002 9.5000000000000018 10.500000000000002 1.0000000180025095e-35 8.5000000000000018 3.5000000000000004 6.5000000000000009 2.5000000000000004 8.5000000000000018 2.5000000000000004 6.5000000000000009 19.500000000000004 7.5000000000000009 15.500000000000002 2.5000000000000004 11.500000000000002 1.5000000000000002
decision_type=2 2 2 2 2 2 2 2 2 2 2 2 2 2 2 2 2 2 2 2 2 2 2 2 2 2 2 2 2 2 2 2
left_child=2 -2 20 4 -4 6 -5 8 -6 14 30 -12 -13 -14 -7 17 18 -16 19 -17 25 -22 -23 -24 -25 26 28 29 -1 -28 31 -11
right_child=1 -3 3 5 7 9 -8 -9 -10 10 11 12 13 -15 15 16 -18 -19 -20 -21 21 22 23 24 -26 -27 27 -29 -30 -31 -32 -33
leaf_value=0.0032985023782452975 -0.077313230145347397 0.040774454556477359 0.062116154640844086 0.022073034263219646 0.039849654323541338 -0.065015252764930462 -0.071155468025117255 -0.10780746902749469 -0.065081822936526923 -0.077308242714925285 -0.080364879417796103 0.053461038469492801 -0.096726126803619972 0.045125922708104595 0.053678753221731657 -0.025173756431551831 -0.1030193265354654 -0.096991061140855359 -0.090722140759703987 0.046258715109580677 0.0047638919223251964 -0.079072424312325668 -0.074177916162171537 0.052293965112192697 -0.046264818582493213 0.022270093058468304 -0.07628057000845806 -0.090176362000702656 -0.065725253684166901 0.024923034137505479 0.067101583587644939 0.031749192769885491
leaf_weight=181.57761948741972 12.950741471722724 4.0564530789852133 30.008753938600421 7.4057316817343262 13.054683238267904 7.6788284964859477 13.056143487803636 3.278286673128604 5.1108761467039576 3.3955967165529719 8.657358184456827 13.375714901834728 4.0033188704401246 3.1870893016457558 17.174861118197445 13.062594277784234 6.7092342106625429 2.234872529283165 3.1162661463022223 14.49127149581909 38.767992293462157 19.867405658587813 8.7567299734801072 10.55164081789553 4.9080572500824919 49.158003063872457 3.9004574939608601 11.543262662366031 6.4446182120591393 10.684089932590721 20.576847933232784 30.002429701387882
leaf_count=935 276 23 70 32 31 59 116 19 33 22 65 41 41 17 49 61 74 21 14 43 210 180 88 39 40 219 31 126 61 47 53 106
internal_value=0 -0.0491277 0.00147717 0.0107037 0.0329922 0.00388036 -0.0374012 -0.00775421 0.0103039 0.00960344 0.022193 -0.00766633 0.0229308 -0.0338195 -0.00663968 0.00125215 -0.016941 0.0363003 0.00188949 0.0123849 -0.0043747 -0.0206581 -0.0430198 -0.0134222 0.0209816 0.000748086 -0.0041912 -0.0410499 0.000929867 -0.00213475 0.0383646 0.0206452
internal_weight=0 17.0072 565.741 219.581 51.4526 168.128 20.4619 21.4438 18.1656 147.666 83.1984 29.2235 20.5661 7.19041 64.4679 56.7891 37.3794 19.4097 30.6701 27.5539 346.16 82.8518 44.0838 24.2164 15.4597 263.308 214.15 26.1278 188.022 14.5845 53.9749 33.398
internal_count=3242 299 2943 967 153 814 148 83 64 666 345 164 99 58 321 262 192 70 118 104 1976 557 347 167 79 1419 1200 204 996 78 181 128
is_linear=0
shrinkage=0.0551878


Tree=5
num_leaves=33
num_cat=0
split_feature=50 0 7 7 38 1 50 24 47 3 43 43 3 15 21 24 7 6 48 50 9 46 39 43 15 1 28 15 50 43 42 5
split_gain=12.8301 11.6551 11.585 10.3439 9.72138 15.3012 14.6158 12.8806 11.887 19.3354 11.7677 9.40507 9.31256 12.5488 17.2428 12.1547 10.2807 9.0626 16.0035 13.1095 11.7133 16.3192 9.03428 16.0389 14.7942 12.2796 10.6669 8.86612 12.0065 9.3884 9.33939 10.158
threshold=14.500000000000002 36.500000000000007 36.500000000000007 32.500000000000007 12.500000000000002 1.5000000000000002 9.5000000000000018 1.5000000000000002 14.500000000000002 23.500000000000004 135.00000000000003 12.500000000000002 71.000000000000014 9.5000000000000018 1.0000000180025095e-35 4.5000000000000009 42.500000000000007 1.0000000180025095e-35 4.5000000000000009 5.5000000000000009 1.0000000180025095e-35 19.000000000000004 8.5000000000000018 9.5000000000000018 1.0000000180025095e-35 6.5000000000000009 1.5000000000000002 6.5000000000000009 11.500000000000002 1.5000000000000002 7.5000000000000009 6.5000000000000009
decision_type=2 2 2 2 2 2 2 2 2 2 2 2 2 2 2 2 2 2 2 2 2 2 2 2 2 2 2 2 2 2 2 2
left_child=2 -2 3 4 7 8 11 22 17 -10 -8 -7 13 27 16 -14 -15 18 20 -20 21 -6 23 26 -25 -26 -1 28 30 -29 -4 -32
right_child=1 -3 12 -5 5 6 10 -9 9 -11 -12 -13 15 14 -16 -17 -18 -19 19 -21 -22 -23 -24 24 25 -27 -28 29 -30 -31 31 -33
leaf_value=-0.058946332326118539 -0.062371893198678446 0.10032929437002766 0.034879881417134433 -0.059840489370450924 0.0054465996341264266 0.0057705689880718954 -0.093309781943216319 0.050436705149794044 -0.092747537417589315 0.084777788170165846 0.088408203130525068 -0.058073200886874315 0.033423548717007631 0.05050218846381254 0.064922221263970167 -0.082542408816776158 -0.060678176489767685 0.040191325283503783 -0.017610932822850891 0.049756067552375362 0.10014637601866225 -0.085801964895153751 -0.00066991975048805467 -0.075005813833874835 0.016324206502796583 -0.093753949701706488 0.10080175369021011 -0.10357849928882816 -0.094494506439968831 0.046549968168254248 0.017330462429021146 -0.038210087018752711
leaf_weight=39.029874136671424 15.068531511351466 1.4673949480056769 24.265444207936525 9.9731339663267118 13.131083048880106 45.043924685567617 9.9754170626401883 9.2251015119254571 6.693319056183098 2.5870012082159519 1.2133014649152745 8.3222143333405239 66.046844651922584 2.8673000931739869 5.0048384368419638 2.8677163124084464 21.408584121614695 47.514245893806219 12.485649611800907 29.726836221292615 2.0874046087265006 10.932290428318082 62.622582642361522 8.0157237909734231 36.810025051236153 3.3649345822632304 1.3114706277847279 1.3283376246690775 3.6885013952851287 26.354000730440021 21.595676092430949 18.714399199932814
leaf_count=290 298 1 73 88 51 227 132 33 59 4 2 74 250 9 9 38 163 148 56 83 2 66 370 94 183 41 1 11 60 87 106 133
internal_value=0 -0.0478972 0.00142942 -0.00442899 -0.00284903 0.00560541 -0.0162151 -0.0128515 0.0168626 -0.0432147 -0.0735557 -0.00418336 0.0122961 0.00332668 -0.0282921 0.0285895 -0.0475286 0.0216778 0.00880469 0.0298234 -0.0251119 -0.0360033 -0.0167171 -0.0280642 -0.0065643 0.00708942 -0.0537371 0.0129798 0.00229142 0.0393228 0.00782932 -0.00844869
internal_weight=0 16.5359 554.207 360.066 350.092 189.713 64.5549 160.38 125.158 9.28032 11.1887 53.3661 194.142 125.227 29.2807 68.9146 24.2759 115.878 68.3633 42.2125 26.1508 24.0634 151.155 88.532 48.1907 40.175 40.3413 95.9464 68.264 27.6823 64.5755 40.3101
internal_count=3242 299 2943 2004 1916 904 435 1012 469 63 134 301 939 651 181 288 172 406 258 139 119 117 979 609 318 224 291 470 372 98 312 239
is_linear=0
shrinkage=0.0551878


Tree=6
num_leaves=33
num_cat=0
split_feature=50 1 31 28 50 43 47 50 19 27 48 47 8 38 46 50 31 50 43 15 15 39 48 38 1 35 13 2 33 2 5 42
split_gain=11.2898 11.4066 9.79801 8.20921 16.3711 8.86768 16.8614 8.55764 7.84811 7.57785 7.46376 7.12782 8.39631 6.59531 10.025 22.9276 12.6828 11.3226 11.2859 9.17603 11.69 15.5415 10.2494 10.0415 9.5669 9.00766 11.7986 8.91562 8.83501 8.63701 7.62084 11.959
threshold=14.500000000000002 13.500000000000002 2.5000000000000004 1.0000000180025095e-35 11.500000000000002 2.5000000000000004 4.5000000000000009 1.5000000000000002 3.5000000000000004 14.500000000000002 7.5000000000000009 14.500000000000002 1.0000000180025095e-35 11.500000000000002 7.5000000000000009 8.5000000000000018 1.5000000000000002 12.500000000000002 3.5000000000000004 1.0000000180025095e-35 2.5000000000000004 4.5000000000000009 3.5000000000000004 105.00000000000001 1.5000000000000002 1.0000000180025095e-35 1.5000000000000002 7.5000000000000009 1.0000000180025095e-35 3.5000000000000004 1.0000000180025095e-35 15.500000000000002
decision_type=2 2 2 2 2 2 2 2 2 2 2 2 2 2 2 2 2 2 2 2 2 2 2 2 2 2 2 2 2 2 2 2
left_child=2 -2 13 5 -5 -4 7 -7 -8 11 -3 -10 -13 14 15 28 17 25 -17 30 21 22 -21 -24 29 26 27 -16 -1 -22 31 -15
right_child=1 10 3 4 -6 6 8 -9 9 -11 -12 12 -14 19 16 18 -18 -19 -20 20 24 -23 23 -25 -26 -27 -28 -29 -30 -31 -32 -33
leaf_value=-0.028116122223876737 -0.073197517423959177 -0.091726075633212542 0.048146198404770038 0.0037950829242278934 -0.096388740515529162 0.023843306632548727 -0.094140628642613161 -0.067378833429357646 0.031770967826319912 -0.097735587931762472 0.079243666402783824 -0.074452493703836442 0.06492487549962693 -0.046559020047982569 -0.017408011816325814 -0.076077379212855151 -0.094034157104831109 -0.094324082257258482 0.059494707191028944 0.078309377564452248 0.030529637617176256 -0.069394795539165458 -0.080980637297404998 0.0887531139974789 -0.010202238453025194 0.049504607872330381 -0.084785323077178315 0.060230749495698808 0.10145876156813881 -0.092748616341477463 0.043081766082308619 0.025829204259284182
leaf_weight=36.703543715178967 11.82598926220089 1.0493267737328995 26.462818194180727 74.796512290835381 5.3174252882599822 4.3903913572430602 1.7283166125416745 10.876458259299396 72.274204353801906 1.5090151708573092 2.9631435796618462 4.1620971802622071 1.9193600155413149 10.211984325200321 51.54343281686306 2.0496154278516796 7.5416827183216801 5.6239602388814083 20.83670842461288 4.5349095985293406 36.327724380418658 17.34524929523468 3.8736285846680403 1.457106828689575 64.58620076905936 6.3869103621691456 7.3868642635643473 4.9314461909234515 1.671491503715514 1.8129805922508229 25.652176501229405 21.744367510080338
leaf_count=260 276 18 64 359 75 18 13 93 284 20 5 37 4 60 359 23 83 83 60 9 126 141 29 2 435 25 73 18 2 15 81 92
internal_value=0 -0.0459147 0.00135792 0.0108965 -0.00285485 0.0198319 0.0120917 -0.0411268 0.0220544 0.0245768 0.0344165 0.0269405 -0.030403 -0.00448219 -0.0133356 0.0036119 -0.0257854 -0.0189934 0.0473304 0.002346 -0.00578042 -0.0379413 0.0173339 -0.0345015 0.00273673 -0.0129539 -0.0192075 -0.0106199 -0.0224555 0.0246537 0.0206797 0.00268493
internal_weight=0 15.8385 535.659 203.437 80.1139 123.323 96.8598 15.2668 81.593 79.8647 4.01247 78.3557 6.08146 332.222 144.676 61.2614 83.4143 75.8726 22.8863 187.546 129.938 27.2109 9.86565 5.33074 102.727 70.2487 63.8617 56.4749 38.375 38.1407 57.6085 31.9564
internal_count=3242 299 2943 967 434 533 469 111 358 345 23 325 41 1976 986 345 641 558 83 990 757 181 40 31 576 475 450 377 262 141 233 152
is_linear=0
shrinkage=0.0551878


Tree=7
num_leaves=33
num_cat=0
split_feature=50 1 50 38 31 49 49 47 27 13 11 25 11 39 15 50 47 43 2 12 2 49 26 38 6 6 19 12 50 5 49 3
split_gain=10.2456 9.83665 9.24262 8.05902 11.5461 10.1527 9.0814 10.3947 9.3834 11.269 8.84669 10.0617 8.33014 8.24744 11.1403 8.06229 8.69596 7.86654 10.9831 9.96359 8.53141 15.6168 9.18261 7.8722 7.7173 7.36272 8.91261 7.34323 8.55043 7.26288 9.69056 7.27773
threshold=14.500000000000002 13.500000000000002 1.0000000180025095e-35 10.500000000000002 10.500000000000002 3.5000000000000004 6.5000000000000009 14.500000000000002 1.0000000180025095e-35 1.0000000180025095e-35 9.5000000000000018 1.0000000180025095e-35 5.5000000000000009 13.500000000000002 1.0000000180025095e-35 9.5000000000000018 12.500000000000002 3.5000000000000004 11.500000000000002 1.5000000000000002 3.5000000000000004 14.500000000000002 1.0000000180025095e-35 4.5000000000000009 1.5000000000000002 25.000000000000004 5.5000000000000009 1.0000000180025095e-35 13.500000000000002 1.0000000180025095e-35 2.5000000000000004 16.500000000000004
decision_type=2 2 2 2 2 2 2 2 2 2 2 2 2 2 2 2 2 2 2 2 2 2 2 2 2 2 2 2 2 2 2 2
left_child=2 -2 -1 4 13 12 8 10 9 27 11 25 29 14 -4 16 -10 18 19 24 23 22 -22 -19 -16 26 -8 28 -7 30 31 -5
right_child=1 -3 3 5 -6 6 7 -9 15 -11 -12 -13 -14 -15 17 -17 -18 20 -20 -21 21 -23 -24 -25 -26 -27 -28 -29 -30 -31 -32 -33
leaf_value=-0.10509872626350147 -0.070520783514924718 0.032054259829838949 -0.038884414196967386 -0.025345242330529962 -0.061430544822598271 -0.049279725948762211 0.003982134176307695 -0.043919302957604107 -0.044974535953120953 0.052823730270335573 0.068267100267785208 -0.021443205170425736 -0.10025134460495765 0.038772007265666729 -0.032567617202406786 -0.095356691542125935 0.0343838722680474 0.018931100598863999 0.06784225616393412 -0.097180294101321105 -0.079278254004115534 0.052624267173437753 -0.013239189125472938 -0.015753528492232306 0.037053045243913271 -0.098211377626898744 0.032270604650386003 0.07330753721487715 0.083264130126768629 0.036995593779230257 -0.094981652343806788 0.050205484695872091
leaf_weight=2.4715162925422183 11.334303319454191 3.7954637035727492 27.800866186618805 7.3522625379264381 11.17801542021334 13.624373152852058 83.372409688308835 11.298595451284198 16.251308497041471 9.708154749125244 7.7614476345479479 29.243430631235242 1.5887201353907574 12.957443282008169 7.2611401453614297 6.2884662188589564 5.6661480180919161 39.877067612484097 10.930332064628599 2.7691178172826758 14.52967574447394 5.4433658495545378 11.501885836943982 39.832786146551371 14.566780697554348 1.7517557926475991 57.21987440250814 2.1798392087221137 1.6584950909018523 57.129367999732494 2.920390509068965 8.216288408264516
leaf_count=18 276 23 270 49 96 90 394 103 106 35 22 186 15 48 53 79 21 206 26 25 129 22 94 262 56 18 234 4 3 220 27 32
internal_value=0 -0.0447678 0.00129204 0.00179718 -0.00695008 0.00717391 0.00169331 0.00740893 -0.0179779 0.00515865 0.010645 0.00803543 0.0246334 -0.00369896 -0.00685482 -0.0402737 -0.0244429 -0.000782627 0.0218208 0.00135106 -0.00800833 -0.0323349 -0.0501165 0.00159481 0.0138784 0.014094 0.0154979 -0.0213288 -0.0348605 0.0272658 -0.00278386 0.0145101
internal_weight=0 15.1298 524.351 521.88 198.648 323.231 246.024 190.648 55.3768 27.1709 179.349 171.587 77.207 187.47 174.513 28.2059 21.9175 146.712 35.5274 24.597 111.185 31.4749 26.0316 79.7099 21.8279 142.344 140.592 17.4627 15.2829 75.6183 18.4889 15.5686
internal_count=3242 299 2943 2925 1287 1638 1295 957 338 132 854 832 343 1191 1143 206 127 873 160 134 713 245 223 468 109 646 628 97 93 328 108 81
is_linear=0
shrinkage=0.0551878


Tree=8
num_leaves=33
num_cat=0
split_feature=50 13 39 46 38 11 3 39 49 39 46 43 47 38 42 39 2 50 38 46 4 43 38 50 4 31 47 47 3 0 5 38
split_gain=9.32051 9.20806 7.66409 6.36282 5.88234 6.66159 7.92406 11.8212 6.88472 7.16585 6.39518 6.93993 6.20405 5.29676 5.18159 15.4114 11.0994 7.4553 5.72796 5.603 5.51535 8.99318 5.02769 5.42863 5.01922 4.85419 12.703 6.69223 6.67293 6.97143 6.61633 14.1618
threshold=14.500000000000002 2.5000000000000004 13.500000000000002 155.00000000000003 11.500000000000002 6.5000000000000009 8.5000000000000018 10.500000000000002 9.5000000000000018 11.500000000000002 13.500000000000002 9.5000000000000018 75.000000000000014 1.5000000000000002 115.00000000000001 7.5000000000000009 4.5000000000000009 7.5000000000000009 145.00000000000003 19.000000000000004 1.0000000180025095e-35 7.5000000000000009 9.5000000000000018 4.5000000000000009 9.5000000000000018 1.0000000180025095e-35 9.5000000000000018 14.500000000000002 20.500000000000004 3.5000000000000004 1.0000000180025095e-35 8.5000000000000018
decision_type=2 2 2 2 2 2 2 2 2 2 2 2 2 2 2 2 2 2 2 2 2 2 2 2 2 2 2 2 2 2 2 2
left_child=3 -2 -3 4 5 6 7 10 9 -9 11 24 25 -13 18 16 20 -17 -6 -20 21 -16 -10 -24 -1 26 28 -28 -8 -30 31 -27
right_child=1 2 -4 -5 14 -7 12 8 22 -11 -12 13 -14 -15 15 17 -18 -19 19 -21 -22 -23 23 -25 -26 30 27 -29 29 -31 -32 -33
leaf_value=-0.071488461057315766 -0.069876056004394491 -0.087897565416386395 0.081542638316187216 -0.090693764692322446 0.0077816244085245085 -0.068891007369469945 0.03214274635686025 0.023146622468916887 0.063943747103295617 -0.091993666020197901 -0.074572068612729012 -0.086875341612606211 0.083842716517300783 0.0017237694470421054 0.067314080638836107 -0.0087285738256970436 -0.072428723174100471 -0.094524305270590664 -0.078209022271832629 0.073268055723396716 0.058048187794126412 -0.10029047924457621 0.064934553136568221 -0.098325585453307066 0.019529124486200592 0.049523924750771123 -0.081580600810756826 0.0019897205355765527 -0.077515068922362443 0.002961256621792157 0.0007114944094160485 -0.097963862661974266
leaf_weight=10.99977640993893 10.696006729733197 1.1655137203633779 2.6603374276310205 2.2788350526243439 257.86475282302126 4.910679940134286 15.667548082768915 3.8423592783510712 8.8388305865228158 2.8717114962637424 9.5897021917626244 2.2622783146798637 2.8628400638699523 22.033601868897676 1.9052524194121425 5.1024107933044416 3.376525040715932 7.8314968999475241 0.83134058862924476 6.7235415317118168 11.116254298016427 1.9880849160253999 1.1250964328646653 1.3712697736918924 2.2097531482577315 20.355779886245731 9.8102545626461488 4.1437619049102059 4.4020375609397915 12.788520047441123 68.85599812772125 2.1922639161348334
leaf_count=117 271 22 6 37 1268 47 68 18 21 31 122 27 6 155 5 28 33 105 9 17 36 18 3 13 9 73 102 27 47 85 395 21
internal_value=0 -0.0435914 0.0298129 0.00124116 0.0016549 -0.00538551 -0.00387068 -0.0197907 0.0181707 -0.0260801 -0.034346 -0.0240465 0.00347876 -0.0065257 0.00666524 -0.0145596 0.0178969 -0.0607127 0.00917109 0.056531 0.0382485 -0.0182095 0.0444072 -0.0246403 -0.0562392 0.00180991 -0.0126388 -0.0567486 0.00608883 -0.0176415 0.00921315 0.0351577
internal_weight=0 14.5219 3.82585 510.153 507.874 211.134 206.223 65.1444 18.0493 6.71407 47.0951 37.5054 141.079 24.2959 296.74 31.32 18.3861 12.9339 265.42 7.55488 15.0096 3.89334 11.3352 2.49637 13.2095 138.216 46.8121 13.954 32.8581 17.1906 91.404 22.548
internal_count=3242 299 28 2943 2906 1387 1340 516 86 49 430 308 824 182 1519 225 92 133 1294 26 59 23 37 16 126 818 329 129 200 132 489 94
is_linear=0
shrinkage=0.0551878


Tree=9
num_leaves=33
num_cat=0
split_feature=50 49 11 43 18 28 48 24 42 43 49 30 38 26 39 39 43 14 38 27 6 17 14 4 39 42 47 15 50 38 16 6
split_gain=8.38159 11.325 11.7007 9.90659 8.00035 7.68651 6.62874 5.65864 4.88223 5.34865 5.04321 4.55094 4.34327 8.80746 8.56177 7.83361 7.19943 7.18353 11.1123 12.4958 8.5967 7.63789 9.0945 10.0986 7.50492 7.46562 7.31206 7.28655 7.71172 9.61851 7.62596 8.4505
threshold=12.500000000000002 15.500000000000002 1.0000000180025095e-35 8.5000000000000018 5.5000000000000009 1.0000000180025095e-35 2.5000000000000004 1.0000000180025095e-35 1.5000000000000002 1.0000000180025095e-35 11.500000000000002 1.0000000180025095e-35 6.5000000000000009 1.0000000180025095e-35 12.500000000000002 6.5000000000000009 9.5000000000000018 1.0000000180025095e-35 45.000000000000007 1.0000000180025095e-35 1.5000000000000002 1.0000000180025095e-35 1.5000000000000002 1.0000000180025095e-35 9.5000000000000018 45.000000000000007 17.500000000000004 13.500000000000002 5.5000000000000009 7.5000000000000009 3.5000000000000004 11.500000000000002
decision_type=2 2 2 2 2 2 2 2 2 2 2 2 2 2 2 2 2 2 2 2 2 2 2 2 2 2 2 2 2 2 2 2
left_child=8 2 4 -4 -2 6 -5 -8 10 -10 -1 -12 13 14 15 16 -11 27 20 -20 21 22 23 -19 25 -21 -26 28 -14 -30 31 -31
right_child=1 -3 3 5 -6 -7 7 -9 9 12 11 -13 17 -15 -16 -17 -18 18 19 24 -22 -23 -24 -25 26 -27 -28 -29 29 30 -32 -33
leaf_value=0.025944228842677299 -0.070729600508620497 0.048353448267215049 -0.088683789305733784 -0.087996211131835464 0.070533968811396244 -0.085836649311459443 0.043729163674941889 -0.08580564203007171 -0.10137225458752154 -0.054303652798110585 -0.051089147589874047 0.04911052040907516 -0.015485116550041835 -0.054830174839180103 -0.099896500403485647 0.020629351270875437 -0.0020144924028319168 0.043952503930214673 0.04317413172473817 -0.065254795238033361 0.03614084536944949 0.047361305584119023 -0.064029008732733997 -0.065742374500963291 -0.080128715623619118 0.0058577958903590155 0.025169207563649754 -0.059140812386074958 -0.080601866801734617 0.0088873995493488293 -0.094385306294337765 0.071716886954440506
leaf_weight=42.19183973222971 19.238855654373769 6.1633616536855689 3.5707262726500657 1.4678026367910266 1.2988678347319353 2.1897518523037425 14.44603021070361 1.1009886823594559 1.5647889263927925 10.830950943753122 5.1850233264267436 1.8751624673604963 71.143544267863035 11.65353982336819 2.6946737840771666 32.219098772853613 30.919718015938997 8.6499190069735103 12.052878126502035 5.4161959625780609 62.373232837766409 7.3467765599489203 8.0112794004380685 3.6228869874030343 9.3802420850843173 26.360441328957677 2.5487550646066657 6.9215250536799422 3.599692963063716 93.234971897676587 2.0401420779526225 7.0089431330561629
leaf_count=145 387 35 63 28 6 46 73 21 12 108 35 6 414 106 15 175 212 35 40 39 236 28 68 27 110 142 13 52 41 483 24 17
internal_value=0 -0.0216026 -0.0315672 -0.00431283 -0.0617704 0.0113729 0.0239164 0.0345191 0.00227982 0.000349591 0.0187169 -0.0244233 0.000731943 -0.0101359 -0.00333599 0.000182414 -0.0155899 0.00364404 0.0127954 -0.0065599 0.0247892 -0.000826467 -0.0182996 0.0115372 -0.0202844 -0.00625989 -0.0576053 -0.00360607 -0.0014319 0.00800792 0.011132 0.0132857
internal_weight=0 49.4764 43.313 22.7753 20.5377 19.2046 17.0148 15.547 468.846 419.594 49.252 7.06019 418.029 88.318 76.6644 73.9698 41.7507 329.711 145.763 55.7585 90.0041 27.6309 20.2841 12.2728 43.7056 31.7766 11.929 183.949 177.027 105.884 102.284 100.244
internal_count=3242 659 624 231 393 168 122 94 2583 2397 186 41 2385 616 510 495 320 1769 738 344 394 158 130 62 304 181 123 1031 979 565 524 500
is_linear=0
shrinkage=0.0551878


Tree=10
num_leaves=33
num_cat=0
split_feature=50 13 39 31 24 0 0 28 15 2 6 5 25 7 47 50 38 39 38 4 2 3 3 14 42 38 47 50 27 48 46 31
split_gain=7.53424 7.73274 5.46942 5.14797 5.72981 7.92135 9.22032 5.96299 6.68171 6.94867 8.8754 10.0696 6.18787 6.85209 6.82189 5.8114 5.80184 9.25387 6.23092 5.77678 5.66974 5.45206 13.9538 9.64661 10.868 9.00554 7.91825 8.68957 6.83672 6.9521 6.63973 10.1009
threshold=14.500000000000002 2.5000000000000004 13.500000000000002 2.5000000000000004 4.5000000000000009 8.5000000000000018 7.5000000000000009 1.0000000180025095e-35 18.500000000000004 2.5000000000000004 3.5000000000000004 12.500000000000002 1.0000000180025095e-35 16.500000000000004 10.500000000000002 11.500000000000002 45.000000000000007 6.5000000000000009 85.000000000000014 1.0000000180025095e-35 9.5000000000000018 3.5000000000000004 6.5000000000000009 1.0000000180025095e-35 45.000000000000007 1.5000000000000002 17.500000000000004 13.500000000000002 1.0000000180025095e-35 7.5000000000000009 7.5000000000000009 1.5000000000000002
decision_type=2 2 2 2 2 2 2 2 2 2 2 2 2 2 2 2 2 2 2 2 2 2 2 2 2 2 2 2 2 2 2 2
left_child=3 -2 -3 21 5 6 7 8 9 10 19 -12 13 -11 -14 -9 -7 18 20 -5 -18 25 23 -23 -25 -1 27 30 -27 -30 -24 -32
right_child=1 2 -4 4 -6 16 -8 15 -10 12 11 -13 14 -15 -16 -17 17 -19 -20 -21 -22 22 26 24 -26 28 -28 -29 29 -31 31 -33
leaf_value=-0.077604304767639104 -0.066112585099137172 -0.082453123618480617 0.073570466734914422 0.0088209835939644654 -0.068929926580765105 0.040849280350437722 -0.07765210873669999 -0.005282549511903053 -0.074060214783176218 -0.081874950640819733 0.035848171770243013 -0.062872490724031838 -0.052290721626860548 0.053789181165950384 0.053325267880831966 -0.08565305463714562 0.075436645843658293 -0.056685587245044411 0.071254315810503011 -0.052293301545887093 -0.099363384033138477 -0.074548545310684916 0.011533606363560992 -0.097768271349320271 0.089951848278236601 0.014499915141191731 0.053094787303588083 -0.087642434539817474 -0.090065128451601084 0.10855683193015089 -0.0056479989301826579 -0.054556165862332986
leaf_weight=3.6114868372678748 9.7802789595443738 0.9416934791952366 2.4667835459113121 8.2954283915460127 2.8748998250812283 34.39659795165062 4.2034583725035182 45.233338799327612 2.5304098874330512 1.1806812211871172 24.153225051239136 3.6130315214395514 4.4647253248840562 26.055979505181313 3.1892824657261372 2.9143018815666428 0.88409949094056939 5.516422325745225 5.1943902038037777 10.872923757880924 1.547596789896488 14.637662474066021 56.519732266664505 1.4721949733793724 2.5778983235359192 86.444409163668752 7.1764152925461522 3.8807726521044961 3.4121781773865214 0.63235187530517567 114.34539707936347 14.491271909326313
leaf_count=53 271 22 6 34 39 116 35 242 29 9 104 23 35 72 9 56 3 50 12 87 12 146 316 17 3 450 29 67 35 1 725 134
internal_value=0 -0.0411628 0.0303362 0.00109411 0.00831948 0.00952779 0.00277715 0.00533292 0.014179 0.0169146 0.00304083 0.0229852 0.0355667 0.0478873 -0.00823971 -0.0101595 0.0289325 -0.0022364 0.0371198 -0.0258331 -0.0356724 -0.00327759 -0.00812526 -0.0536912 0.0216172 0.00780032 -0.00378749 -0.00594716 0.0112151 -0.0588689 -0.00423345 -0.0111528
internal_weight=0 13.1888 3.40848 496.323 187.121 184.246 136.707 132.503 84.3557 81.8253 46.9346 27.7663 34.8907 27.2367 7.65401 48.1476 47.5391 13.1425 7.62609 19.1684 2.4317 309.202 215.101 18.6878 4.05009 94.1004 196.414 189.237 90.4889 4.04453 185.356 128.837
internal_count=3242 299 28 2943 967 928 735 700 402 373 248 127 125 81 44 298 193 77 27 121 15 1976 1437 166 20 539 1271 1242 486 36 1175 859
is_linear=0
shrinkage=0.0551878


Tree=11
num_leaves=33
num_cat=0
split_feature=50 13 46 48 38 47 11 2 46 39 29 5 11 21 48 3 43 5 12 15 35 39 43 1 27 46 10 26 27 27 0 11
split_gain=6.86118 6.54305 5.02151 4.83091 4.60799 7.63743 6.43419 4.83119 9.47728 7.84445 5.99755 6.64951 7.98407 5.63322 4.98037 4.58283 4.03542 4.16335 4.02612 3.62645 4.22329 4.72002 7.25088 9.39842 7.3075 5.39171 3.79741 4.72766 4.62709 6.98068 5.66594 4.92143
threshold=14.500000000000002 2.5000000000000004 155.00000000000003 7.5000000000000009 11.500000000000002 75.000000000000014 6.5000000000000009 7.5000000000000009 14.500000000000002 2.5000000000000004 1.5000000000000002 11.500000000000002 2.5000000000000004 1.0000000180025095e-35 5.5000000000000009 186.50000000000003 14.500000000000002 12.500000000000002 1.0000000180025095e-35 64.500000000000014 3.5000000000000004 14.500000000000002 7.5000000000000009 1.5000000000000002 2.5000000000000004 85.000000000000014 1.5000000000000002 3.5000000000000004 19.500000000000004 13.500000000000002 34.500000000000007 9.5000000000000018
decision_type=2 2 2 2 2 2 2 2 2 2 2 2 2 2 2 2 2 2 2 2 2 2 2 2 2 2 2 2 2 2 2 2
left_child=2 -2 4 -3 5 6 7 8 10 14 11 12 -1 15 18 16 17 -9 -10 20 21 26 23 -23 -24 -26 28 -28 29 31 -31 -6
right_child=1 3 -4 -5 19 -7 -8 13 9 -11 -12 -13 -14 -15 -16 -17 -18 -19 -20 -21 -22 22 24 -25 25 -27 27 -29 -30 30 -32 -33
leaf_value=-0.0040902660110444357 -0.064274908776322817 -0.079781927724375451 -0.085268869313090107 0.068371815701778166 0.0075568515721235264 0.065106982075811531 -0.074280399044785755 0.035261538335676607 0.035426777210735769 -0.078893779832827957 -0.083858658868991728 0.033285091514530435 -0.085235350691078404 -0.085237039482150764 -0.071087450372658928 -0.087543171059746142 -0.085771223667048813 -0.032422087456705176 -0.093898948199791318 -0.087559229990587767 0.066846292109004682 0.065887799623357765 -0.071682176228474004 -0.090135195391040063 -0.056477962982905944 0.044081164863368029 -0.093034972249724665 0.086851454156201935 0.056607816790395588 -0.085114806158649831 0.065694141163413419 0.067635633017823799
leaf_weight=121.73571778088808 9.19972763978876 0.93100211583077852 2.041058048605918 2.3594035357236862 238.45183672755957 4.6260418668389311 4.1841089949011794 25.265128862112771 5.5486497543752211 10.099893452599643 2.812268551439046 14.198434690013526 3.8056051544845095 1.6353224609047163 2.6932246647775173 1.1612071841955174 0.98049068637192149 3.1011093370616427 0.84031299501657475 1.2537559419870365 3.4696298316121092 5.0810376638546613 8.9837916288524848 1.5249920189380644 2.6867616064846507 4.0916229840368032 2.1982934251427646 0.55298393964767445 5.9270250350236884 4.0866997484117737 0.92648863419890393 4.2242384366691104
leaf_count=812 271 23 37 5 1212 10 47 118 33 132 27 60 35 17 34 13 16 23 10 13 8 14 94 21 32 18 25 1 25 43 4 9
internal_value=0 -0.0403839 0.0010335 0.0263215 0.00139708 -0.00495607 -0.00659516 -0.00513154 -0.00901643 -0.0454327 -0.00411308 -0.00250396 -0.0065548 0.0144055 -0.00817312 0.0197659 0.0240323 0.0278485 0.0183274 0.00594094 0.0063585 0.00560365 -0.0187033 0.0297959 -0.0390505 0.0041701 0.00772583 -0.0567057 0.00842675 0.00727182 -0.0571578 0.00860485
internal_weight=0 12.4901 488.188 3.29041 486.147 202.688 198.061 193.877 161.734 19.1821 142.552 139.74 125.541 32.1433 9.08219 30.5079 29.3467 28.3662 6.38896 283.459 282.205 278.736 22.3682 6.60603 15.7622 6.77838 256.368 2.75128 253.616 247.689 5.01319 242.676
internal_count=3242 299 2943 28 2906 1387 1377 1330 1143 209 934 907 847 187 77 170 157 141 43 1519 1506 1498 179 35 144 50 1319 26 1293 1268 47 1221
is_linear=0
shrinkage=0.0551878


Tree=12
num_leaves=33
num_cat=0
split_feature=50 13 39 50 31 19 43 47 4 2 38 19 39 24 5 27 12 18 2 46 14 3 42 24 7 4 26 38 43 43 46 24
split_gain=5.95433 5.99218 4.31364 4.14002 3.97628 5.55584 5.11203 6.56582 4.8957 4.7038 8.21587 6.66366 6.35842 5.70485 5.45054 5.03129 6.81834 5.0611 4.29791 11.4657 8.06648 6.63657 5.53961 5.45196 5.38026 5.44344 5.36467 5.25761 6.80459 6.09941 5.09547 6.98775
threshold=14.500000000000002 2.5000000000000004 13.500000000000002 1.0000000180025095e-35 2.5000000000000004 6.5000000000000009 2.5000000000000004 8.5000000000000018 2.5000000000000004 3.5000000000000004 105.00000000000001 9.5000000000000018 2.5000000000000004 4.5000000000000009 1.0000000180025095e-35 4.5000000000000009 6.5000000000000009 2.5000000000000004 4.5000000000000009 65.000000000000014 1.0000000180025095e-35 55.500000000000007 55.000000000000007 1.0000000180025095e-35 23.500000000000004 1.5000000000000002 1.0000000180025095e-35 6.5000000000000009 3.5000000000000004 1.5000000000000002 5.5000000000000009 1.0000000180025095e-35
decision_type=2 2 2 2 2 2 2 2 2 2 2 2 2 2 2 2 2 2 2 2 2 2 2 2 2 2 2 2 2 2 2 2
left_child=3 -2 -3 -1 18 6 -6 -8 -9 10 11 14 -13 -11 -7 17 -17 -14 22 20 -20 23 30 -22 25 26 -24 28 -23 -29 -5 -32
right_child=1 2 -4 4 5 9 7 8 -10 13 -12 12 15 -15 -16 16 -18 -19 19 -21 21 27 24 -25 -26 -27 -28 29 -30 -31 31 -33
leaf_value=-0.092956533273895345 -0.062596137823879267 -0.078998675239884672 0.066082329273637885 0.0095175818301370674 0.066470921449350365 0.049289527058269597 -0.038121842336474081 0.046224987748361382 -0.095748613986671033 0.015609636384088547 -0.091505253383888027 -0.04261768913401303 0.027951291478975588 -0.071828394318028677 -0.068021852038409283 -0.053936442336982783 0.081135684146672271 -0.014623552151819862 -0.080174989595662882 -0.075515902106438021 -0.080858352715024326 0.02660448359026734 0.013756414113433955 0.027105908852097047 -0.044828845940351331 0.051447709175547723 -0.08107181686683583 -0.079976761671798749 -0.08079398598214603 0.025630157361181651 -0.0078955694249940207 -0.070025663444130831
leaf_weight=1.4219894371926773 8.6127134277485293 0.85397130344062988 2.2812470234930515 53.963078580796719 8.5251597017049807 1.4484161511063556 5.1182245872914818 11.011451674625274 0.78842052072286684 77.658192332834005 3.2872856967151156 7.7829943075776091 35.10290652140975 2.3365291673690072 7.072908092290163 6.4621115736663333 1.3766245394945142 11.210018027573822 4.0882657803595057 8.4636390786617977 4.8531641997396937 3.2537377104163161 48.966628385707736 2.0087240263819695 4.4149739407002917 12.086112570017574 1.8826990947127331 1.761590883135798 3.9968349393457174 29.246544511988759 115.9268279755488 5.7870029378682366
leaf_count=18 271 22 6 284 19 5 42 43 9 368 45 53 149 38 61 52 2 78 46 110 56 18 258 15 45 37 16 20 55 148 796 57
internal_value=0 -0.0388127 0.0264258 0.000947649 0.00122722 0.00773537 0.0316228 0.0140347 0.0366874 0.0037795 -0.00627184 -0.00228639 0.00400564 0.0130489 -0.0480348 0.0107145 -0.0301512 0.0176394 -0.00264993 -0.0161936 -0.00597975 0.000742309 0.000563095 -0.0492129 0.0140206 0.0181559 0.0102341 0.00971352 -0.0325686 0.0196124 -0.00459469 -0.010854
internal_weight=0 11.7479 3.13522 481.303 479.881 179.181 25.4433 16.9181 11.7999 153.738 73.7433 70.456 61.9347 79.9947 8.52132 54.1517 7.83874 46.3129 300.7 57.6725 49.2089 45.1206 243.027 6.86189 67.3504 62.9354 50.8493 38.2587 7.25057 31.0081 175.677 121.714
internal_count=3242 299 28 2943 2925 964 113 94 52 851 445 400 334 406 66 281 54 227 1961 468 358 312 1493 71 356 311 274 241 73 168 1137 853
is_linear=0
shrinkage=0.0551878


Tree=13
num_leaves=33
num_cat=0
split_feature=50 1 46 38 30 16 39 18 12 23 0 4 49 7 5 23 27 5 50 3 38 39 1 47 50 39 35 8 15 48 44 38
split_gain=5.27803 5.48419 4.01523 3.49218 3.34014 6.91857 4.47759 4.37095 5.0712 4.24693 3.50971 3.12215 5.30714 4.04965 4.22058 4.82044 8.07492 4.70885 3.9279 12.5824 4.08141 3.71992 3.38667 2.4468 2.14966 2.02232 3.85232 1.66363 4.94617 1.48458 0.822861 0.74444
threshold=14.500000000000002 13.500000000000002 155.00000000000003 135.00000000000003 2.5000000000000004 5.5000000000000009 8.5000000000000018 5.5000000000000009 1.0000000180025095e-35 1.0000000180025095e-35 4.5000000000000009 26.000000000000004 8.5000000000000018 223.00000000000003 17.000000000000004 1.5000000000000002 1.0000000180025095e-35 12.500000000000002 11.500000000000002 1.5000000000000002 12.500000000000002 7.5000000000000009 1.0000000180025095e-35 8.5000000000000018 4.5000000000000009 1.5000000000000002 1.0000000180025095e-35 1.0000000180025095e-35 35.500000000000007 6.5000000000000009 -1.0000000180025095e-35 1.5000000000000002
decision_type=2 2 2 2 2 2 2 2 2 2 2 2 2 2 2 2 2 2 2 2 2 2 2 2 2 2 2 2 2 2 2 2
left_child=2 25 4 -3 7 -6 -7 11 -9 -10 -11 13 23 14 15 18 -17 -18 20 -20 -1 27 -23 -13 29 26 -2 28 30 -16 -15 -26
right_child=1 3 -4 -5 5 6 -8 8 9 10 -12 12 -14 21 24 16 17 -19 19 -21 -22 22 -24 -25 31 -27 -28 -29 -30 -31 -32 -33
leaf_value=-0.0045607925265233953 -0.072728424130486399 -0.081252237868990565 -0.081415887504254394 0.059598462531229482 -0.092806164820827666 -0.086504540320336637 0.058664142568258963 -0.071637063414257449 0.084366634990064318 0.083049829354436069 -0.083896594695778412 0.045448128215901953 -0.1018559535003227 0.004593923129021983 0.020510575607583056 -0.090141530980066706 0.034783079796470516 -0.081073659651943839 0.034134497951295577 -0.030466326943872385 0.0071798402429209636 0.10643548021599593 -0.08174322092827653 -0.084316798604678639 -0.0038054196672399963 -0.072812943882941294 0.124718810460167 0.076888421357380221 0.088243322163743879 -0.078665495737613292 -0.090419526359600128 -0.089879317065265002
leaf_weight=166.10864887200296 0.7798000480979661 0.69610571116208975 1.7953772787004698 2.277210671454668 3.3921365868300191 0.8812882695347074 2.3978106807917356 1.0206140801310528 5.1680999174714088 0.62652206420898415 0.97409360483288765 1.8380090165883296 2.3720639608800411 0.40447668731212616 1.6007517874240869 1.8049149625003362 26.796950245276097 1.1080233380198468 12.136343955993651 37.661724005360156 197.24450143519789 0.37720364332199086 1.2265114914625881 0.57812492735683907 0.35542494058609042 6.8765070755034685 0.48493408784270287 4.3795672431588173 1.5402984023094177 0.63980209827423085 0.84107079356908621 2.5934328585863113
leaf_count=1112 29 14 37 9 33 12 7 11 8 1 14 9 15 3 7 19 113 10 74 400 969 1 16 7 4 244 3 10 2 5 11 33
internal_value=0 -0.0375896 0.00087457 0.0264651 0.00118615 -0.0375767 0.0195066 0.00173797 0.0427257 0.0600424 -0.0183262 0.00104536 -0.0432678 0.00151082 0.000783061 0.00136371 0.0228336 0.0301623 -0.000179673 -0.0147151 0.00181175 0.0386456 -0.0371589 0.0141969 -0.0486791 -0.0610209 0.00288722 0.0556629 0.0221327 -0.00776036 -0.0594063 -0.0796219
internal_weight=0 11.1146 477.864 2.97332 476.068 6.67124 3.2791 469.397 7.78933 6.76872 1.60062 461.608 4.7882 456.82 448.051 442.861 29.7099 27.905 413.151 49.7981 363.353 8.76913 1.60372 2.41613 5.18941 8.14124 1.26473 7.16541 2.78585 2.24055 1.24555 2.94886
internal_count=3242 299 2943 23 2906 52 19 2854 34 23 15 2820 31 2789 2746 2697 142 123 2555 474 2081 43 17 16 49 276 32 26 16 12 14 37
is_linear=0
shrinkage=0.0551878


Tree=14
num_leaves=33
num_cat=0
split_feature=50 46 42 31 27 0 15 50 49 9 39 46 0 3 6 2 46 14 46 3 3 23 20 15 7 46 46 1 3 30 39 7
split_gain=4.21427 5.39989 6.16039 3.57181 4.48657 6.28197 6.05028 8.76241 6.39778 5.9898 5.43014 4.60219 5.07246 6.26315 4.71881 4.10297 8.83618 6.17463 4.9677 5.44747 5.32403 4.90982 4.75373 4.66429 6.36063 7.22975 6.40105 5.73245 6.50868 7.03511 6.69447 8.11345
threshold=14.500000000000002 75.000000000000014 115.00000000000001 2.5000000000000004 21.500000000000004 8.5000000000000018 9.5000000000000018 9.5000000000000018 14.500000000000002 1.5000000000000002 1.5000000000000002 85.000000000000014 6.5000000000000009 41.000000000000007 1.0000000180025095e-35 4.5000000000000009 65.000000000000014 1.0000000180025095e-35 35.000000000000007 55.500000000000007 123.00000000000001 1.0000000180025095e-35 1.0000000180025095e-35 5.5000000000000009 19.500000000000004 145.00000000000003 10.500000000000002 1.5000000000000002 33.500000000000007 1.0000000180025095e-35 5.5000000000000009 9.5000000000000018
decision_type=2 2 2 2 2 2 2 2 2 2 2 2 2 2 2 2 2 2 2 2 2 2 2 2 2 2 2 2 2 2 2 2
left_child=3 -2 -3 15 5 6 8 9 10 11 -5 12 13 -8 -14 23 17 -17 19 22 -21 -20 -19 24 -1 26 -26 -25 29 -29 -30 -32
right_child=1 2 -4 4 -6 -7 7 -9 -10 -11 -12 -13 14 -15 -16 16 -18 18 21 20 -22 -23 -24 27 25 -27 -28 28 30 -31 31 -33
leaf_value=-0.00074011280786997363 -0.072603001091221128 0.05338316244274352 -0.072396490579273443 -0.047789310942074115 -0.068324756837743028 0.026177962851938078 -0.088065927172681524 -0.086291388659710741 -0.067047322355022948 0.066430894015763034 0.014285626052980904 -0.09822604455400602 0.08182350806004221 0.021949131586204516 -0.070622105164318563 -0.076698379915121156 -0.07125455074590753 -0.084642363608018231 0.051813013756285567 0.0082923762760428992 -0.053649896197610597 -0.065965364026708773 0.060971453813656269 0.037082780121452608 -0.01296467165083401 0.08320325129001345 -0.07956038499133497 -0.049879115202061536 0.042464963598813313 0.054692180956322396 -0.069449517149525658 0.017763044005344716
leaf_weight=161.45686011016369 5.4584040846675617 3.1779961287975311 1.8865341744385657 4.5029208473861209 2.3671707119792691 43.662637127563357 1.7897028140723836 4.9996391981840125 3.2804150357842436 3.0260194689035407 89.464117588475347 1.9045637324452389 0.69851279258727927 12.978044819086788 5.1206256169825792 3.6357128322124472 7.7014787569642058 4.5128910951316348 7.5895963795483095 25.236397696658972 5.0720996595919123 1.2511503696441648 0.79934403300285328 20.515255015343428 9.4033190459013039 1.4654498100280751 8.2747029066085798 10.720466481521724 14.634661212563516 2.3918517231941214 4.7649143747985354 10.183822011575101
leaf_count=968 196 30 73 39 31 201 21 78 30 7 440 16 1 60 43 46 112 62 27 156 53 11 4 77 74 4 111 98 59 8 52 54
internal_value=0 -0.0345371 0.00645401 0.000767957 0.00706243 0.00810657 0.00192793 -0.0195061 0.00865762 -0.00639893 0.0113061 -0.0162197 -0.00860277 0.00857811 -0.0522328 -0.00288233 -0.0163817 -0.00758449 -0.00192047 -0.0111174 -0.00206911 0.0350914 -0.0626495 0.000206135 -0.00430858 -0.0343839 -0.0441633 0.0131093 0.00158099 -0.0307717 0.0159327 -0.0100265
internal_weight=0 10.5229 5.06453 473.404 173.794 171.427 127.765 30.5171 97.2475 25.5175 93.967 22.4914 20.5869 14.7677 5.81914 299.61 55.7987 48.0972 44.4615 35.6207 30.3085 8.84075 5.31224 243.811 180.6 19.1435 17.678 63.211 42.6957 13.1123 29.5834 14.9487
internal_count=3242 299 103 2943 967 936 735 226 509 148 479 141 125 81 44 1976 471 359 313 275 209 38 66 1505 1157 189 185 348 271 106 165 106
is_linear=0
shrinkage=0.0551878


Tree=15
num_leaves=33
num_cat=0
split_feature=46 42 42 42 34 50 32 31 6 47 50 50 42 49 43 15 29 1 14 7 16 7 50 50 6 31 43 4 47 16 48 5
split_gain=4.26088 3.6444 4.25574 8.72515 6.82298 6.39106 5.2945 4.72177 5.05604 7.63114 6.01662 6.98194 6.88861 6.45985 5.56563 4.77659 4.14748 4.07962 4.42484 3.75499 4.71584 5.33393 4.89857 4.6499 5.64964 3.89355 3.74645 3.5947 3.30807 3.28319 4.03271 3.21164
threshold=155.00000000000003 1.5000000000000002 25.000000000000004 19.000000000000004 1.0000000180025095e-35 14.500000000000002 1.0000000180025095e-35 14.500000000000002 1.5000000000000002 14.500000000000002 6.5000000000000009 12.500000000000002 15.500000000000002 1.5000000000000002 12.500000000000002 6.5000000000000009 2.5000000000000004 19.500000000000004 1.5000000000000002 223.00000000000003 1.5000000000000002 146.50000000000003 9.5000000000000018 2.5000000000000004 2.5000000000000004 3.5000000000000004 3.5000000000000004 1.0000000180025095e-35 7.5000000000000009 3.5000000000000004 2.5000000000000004 1.0000000180025095e-35
decision_type=2 2 2 2 2 2 2 2 2 2 2 2 2 2 2 2 2 2 2 2 2 2 2 2 2 2 2 2 2 2 2 2
left_child=1 19 3 5 -4 7 16 8 10 17 14 13 -13 -12 28 -16 -5 18 -10 20 22 -22 23 24 27 -24 -11 -1 -3 -23 -31 -25
right_child=-2 2 4 6 -6 -7 -8 -9 9 26 11 12 -14 -15 15 -17 -18 -19 -20 -21 21 29 25 31 -26 -27 -28 -29 -30 30 -32 -33
leaf_value=0.009508857377351224 -0.077587962652476375 -0.026558888339114187 0.006358903698051417 -0.073057005774887135 -0.077162605066368142 -0.071259055560860179 0.045594767796904342 -0.080457520690155715 0.0044268828682841425 0.020665325806977941 -0.084132518007424426 -0.084415876446781932 0.042406887876028282 0.0092987156571777488 -0.021714581669245194 0.041496624785348414 0.079604954635323757 -0.066303402462773053 0.029682672348738996 0.066840020072923154 -0.089923407459228402 0.050999593535187147 -0.061514186306533603 0.0092672741908942022 0.057243430897824493 0.05918968665535515 -0.080782881632355988 -0.090798638354826669 -0.066638075013906034 0.059482971083364838 -0.10057818586259065 0.053147272636854606
leaf_weight=1.8476416766643549 2.1424006391316643 17.461203530430797 184.48322705645114 10.19826060533523 3.0237854216247788 4.1766342110931864 1.4978376440703876 2.3314258474856606 69.577059283852577 1.4868444576859463 2.334747537970542 5.1710211001336566 1.7381412163376806 62.047647466883063 10.68350286781788 5.5186588168144217 0.56769335269928056 2.0582441538572303 30.362429520115256 3.9145556241273871 2.7889096513390532 2.4110713396221399 3.5691829398274413 7.5737462677061584 2.2861213609576225 1.0486102029681204 4.2935779467225075 2.6242681182920933 9.8293850645422918 0.73969339951872859 1.3408774361014364 15.547487579286097
leaf_count=10 58 150 1155 92 35 160 5 28 435 4 24 93 8 362 78 33 1 22 133 14 22 8 43 36 7 4 54 18 99 3 9 39
internal_value=0 0.000350882 -0.00122722 -0.0060737 0.00500898 -0.00364393 -0.0514201 -0.00238577 -0.00156531 0.00701716 -0.00962646 0.000238574 -0.052463 0.00590142 -0.0258022 -0.000161439 -0.0649556 0.0105162 0.0121035 0.0151674 0.0103132 -0.030022 0.0188367 0.027018 -0.0132135 -0.0340161 -0.0546409 -0.0493153 -0.0410121 0.00714879 -0.0435271 0.0387901
internal_weight=0 474.533 428.841 241.334 187.507 229.071 12.2638 224.894 222.562 107.778 114.784 71.2916 6.90916 64.3824 43.4928 16.2022 10.766 101.998 99.9395 45.6922 41.7776 7.28055 34.4971 29.8793 6.75803 4.61779 5.78042 4.47191 27.2906 4.49164 2.08057 23.1212
internal_count=3242 3184 2971 1781 1190 1683 98 1523 1495 648 847 487 101 386 360 111 93 590 568 213 199 42 157 110 35 47 58 28 249 20 12 75
is_linear=0
shrinkage=0.0551878


Tree=16
num_leaves=33
num_cat=0
split_feature=42 46 17 28 50 46 42 42 50 34 49 49 39 47 18 47 42 27 42 4 4 31 3 5 13 0 50 3 47 7 50 10
split_gain=4.06619 3.56057 3.27961 5.55067 3.12899 3.24186 3.08514 6.59107 5.67096 4.78938 4.54373 5.93814 7.94674 7.86887 7.47521 6.57816 6.43811 5.84565 5.10641 4.94877 4.27528 5.48924 5.34276 7.04541 4.98234 4.1399 11.8719 6.91105 4.08695 3.73446 3.68808 3.63062
threshold=1.5000000000000002 155.00000000000003 2.5000000000000004 1.5000000000000002 9.5000000000000018 65.000000000000014 25.000000000000004 19.000000000000004 14.500000000000002 1.0000000180025095e-35 11.500000000000002 3.5000000000000004 9.5000000000000018 7.5000000000000009 2.5000000000000004 8.5000000000000018 6.5000000000000009 7.5000000000000009 15.500000000000002 2.5000000000000004 7.5000000000000009 12.500000000000002 66.500000000000014 3.5000000000000004 1.5000000000000002 1.0000000180025095e-35 7.5000000000000009 17.500000000000004 10.500000000000002 2.5000000000000004 8.5000000000000018 1.0000000180025095e-35
decision_type=2 2 2 2 2 2 2 2 2 2 2 2 2 2 2 2 2 2 2 2 2 2 2 2 2 2 2 2 2 2 2 2
left_child=2 6 3 4 -1 -6 7 8 10 -8 11 12 15 14 -14 16 -2 -17 25 29 22 28 23 24 -12 26 -13 -27 -22 -20 -30 -9
right_child=1 -3 -4 -5 5 -7 9 31 -10 -11 20 18 13 -15 -16 17 -18 -19 19 -21 21 -23 -24 -25 -26 27 -28 -29 30 -31 -32 -33
leaf_value=0.019959033837159204 -0.08052006648045984 -0.075650169323952215 0.04632317878805222 -0.093554570934022599 -0.054187402498551307 0.058023170415941135 0.0050927561275335076 -0.065306505684249033 -0.069938755344246845 -0.068450543319543075 0.0065595345060891798 -0.0064408218123012144 -0.066388250531735651 0.043399351165790523 0.07506512162769341 -0.075578043857309637 0.027411594859394674 0.030404848601658561 -0.047030970169080429 -0.063878731070885111 0.061954197134459231 -0.079470106153823314 0.043516474367771486 -0.081008869096563116 -0.08423734833936726 0.014093832498916773 -0.072272433379212256 -0.022724656655811672 0.044805194693110194 0.054679977129978997 -0.094208684553078612 0.0077012627379759455
leaf_weight=28.752686679363251 2.0051429122686413 1.9672308464068908 8.7226008679717761 1.5475284364074458 3.5353995561599723 1.0019052457064388 183.88678495865315 8.2960736304521543 3.8358984151855102 2.7330589089542618 32.623126382939517 20.438885100185871 4.2705695666372803 22.053663162514567 1.545717231929302 7.0816948600113374 10.365278942510484 2.0351545047014952 1.2849151492118815 1.6740770433098067 10.630195727571843 1.1235884763300408 7.9988124929368487 3.4705480784177771 1.9469770584255446 23.824083354324102 14.108438232913612 44.537618644535542 1.2679995559155934 7.4102827049791813 1.0653107054531572 2.7557672131806603
leaf_count=118 21 58 31 13 47 4 1155 85 160 35 217 143 40 91 3 88 52 14 11 18 32 15 28 38 28 135 152 357 3 26 11 13
internal_value=0 -0.0016414 0.0160599 0.00847014 0.0132314 -0.0293183 -0.0012969 -0.00546771 -0.00343619 0.00401282 -0.00228859 -0.00708207 0.00888949 0.0283357 -0.0287222 -0.01632 0.00987449 -0.0518846 -0.0140438 0.0228512 0.010672 0.0372733 0.00252386 -0.00609127 0.00142906 -0.0177649 -0.0333384 -0.00988903 0.0474339 0.0396027 -0.018586 -0.047079
internal_weight=0 426.237 43.5601 34.8375 33.29 4.5373 424.27 237.65 226.598 186.62 222.762 162.636 49.3572 27.8699 5.81629 21.4873 12.3704 9.11685 113.278 10.3693 60.1266 14.0871 46.0395 38.0407 34.5701 102.909 34.5473 68.3617 12.9635 8.6952 2.33331 11.0518
internal_count=3242 3029 213 182 169 51 2971 1781 1683 1190 1523 1151 309 134 43 175 73 102 842 55 372 61 311 283 245 787 295 492 46 37 14 98
is_linear=0
shrinkage=0.0551878


end of trees

feature_importances:
self_popularity=55
ninki_1=33
result_1=33
ninki_3=33
result_2=28
ninki_2=25
result_3=23
f_courseout=22
mf_courseout=21
f_lenout=19
mf_classout.1=19
umaban=19
f_course2=16
f_course3=15
waku=14
mf_course1=13
mf_course2=13
mf_course3=13
f_classout=12
f_len2=10
f_course1=9
f_mf_courseout=9
f_class1=8
f_len1=7
mf_classout=7
f_len3=6
mf_len1=6
f_class3=6
mf_class1=6
f_mf_classout.1=5
f_mf_course2=4
mf_len2=4
mf_len3=4
f_mf_classout=4
mf_class3=4
f_class2=3
mf_class2=3
f_mf_course1=2
f_mf_course3=2
f_mf_len2=2
f_mf_class3=2
f_mf_len1=1
f_mf_len3=1
f_mf_class1=1
f_mf_class2=1
time_df_course3=1

parameters:
[boosting: gbdt]
[objective: lambdarank]
[metric: ndcg]
[tree_learner: serial]
[device_type: cpu]
[data_sample_strategy: bagging]
[data: ]
[valid: ]
[num_iterations: 141]
[learning_rate: 0.0551878]
[num_leaves: 33]
[num_threads: 16]
[seed: 0]
[deterministic: 0]
[force_col_wise: 1]
[force_row_wise: 0]
[histogram_pool_size: -1]
[max_depth: 10]
[min_data_in_leaf: 4]
[min_sum_hessian_in_leaf: 0.001]
[bagging_fraction: 1]
[pos_bagging_fraction: 1]
[neg_bagging_fraction: 1]
[bagging_freq: 0]
[bagging_seed: 7719]
[feature_fraction: 1]
[feature_fraction_bynode: 1]
[feature_fraction_seed: 2437]
[extra_trees: 0]
[extra_seed: 11797]
[early_stopping_round: 0]
[first_metric_only: 0]
[max_delta_step: 0]
[lambda_l1: 0.00532463]
[lambda_l2: 0.00363825]
[linear_lambda: 0]
[min_gain_to_split: 0]
[drop_rate: 0.1]
[max_drop: 50]
[skip_drop: 0.5]
[xgboost_dart_mode: 0]
[uniform_drop: 0]
[drop_seed: 21238]
[top_rate: 0.2]
[other_rate: 0.1]
[min_data_per_group: 100]
[max_cat_threshold: 32]
[cat_l2: 10]
[cat_smooth: 10]
[max_cat_to_onehot: 4]
[top_k: 20]
[monotone_constraints: ]
[monotone_constraints_method: basic]
[monotone_penalty: 0]
[feature_contri: ]
[forcedsplits_filename: ]
[refit_decay_rate: 0.9]
[cegb_tradeoff: 1]
[cegb_penalty_split: 0]
[cegb_penalty_feature_lazy: ]
[cegb_penalty_feature_coupled: ]
[path_smooth: 0]
[interaction_constraints: ]
[verbosity: -1]
[saved_feature_importance_type: 0]
[use_quantized_grad: 0]
[num_grad_quant_bins: 4]
[quant_train_renew_leaf: 0]
[stochastic_rounding: 1]
[linear_tree: 0]
[max_bin: 255]
[max_bin_by_feature: ]
[min_data_in_bin: 3]
[bin_construct_sample_cnt: 200000]
[data_random_seed: 38]
[is_enable_sparse: 1]
[enable_bundle: 1]
[use_missing: 1]
[zero_as_missing: 0]
[feature_pre_filter: 1]
[pre_partition: 0]
[two_round: 0]
[header: 0]
[label_column: ]
[weight_column: ]
[group_column: ]
[ignore_column: ]
[categorical_feature: ]
[forcedbins_filename: ]
[precise_float_parser: 0]
[parser_config_file: ]
[objective_seed: 8855]
[num_class: 1]
[is_unbalance: 0]
[scale_pos_weight: 1]
[sigmoid: 1]
[boost_from_average: 1]
[reg_sqrt: 0]
[alpha: 0.9]
[fair_c: 1]
[poisson_max_delta_step: 0.7]
[tweedie_variance_power: 1.5]
[lambdarank_truncation_level: 30]
[lambdarank_norm: 1]
[label_gain: ]
[lambdarank_position_bias_regularization: 0]
[eval_at: 1,3,5]
[multi_error_top_k: 1]
[auc_mu_weights: ]
[num_machines: 1]
[local_listen_port: 12400]
[time_out: 120]
[machine_list_filename: ]
[machines: ]
[gpu_platform_id: -1]
[gpu_device_id: -1]
[gpu_use_dp: 0]
[num_gpu: 1]

end of parameters

pandas_categorical:[]
