tree
version=v4
num_class=1
num_tree_per_iteration=1
label_index=0
max_feature_idx=50
objective=lambdarank
feature_names=f_course1 f_course2 f_course3 f_courseout mf_course1 mf_course2 mf_course3 mf_courseout f_mf_course1 f_mf_course2 f_mf_course3 f_mf_courseout f_len1 f_len2 f_len3 f_lenout mf_len1 mf_len2 mf_len3 mf_classout f_mf_len1 f_mf_len2 f_mf_len3 f_mf_classout f_class1 f_class2 f_class3 f_classout mf_class1 mf_class2 mf_class3 mf_classout.1 f_mf_class1 f_mf_class2 f_mf_class3 f_mf_classout.1 time_df_course1 time_df_class1 ninki_1 result_1 time_df_course2 time_df_class2 ninki_2 result_2 time_df_course3 time_df_class3 ninki_3 result_3 waku umaban self_popularity
feature_infos=[-1:38] [-1:37] [-1:32] [-1:283] [-1:40] [-1:32] [-1:37] [-1:338] [-1:6] [-1:6] [-1:4] [-1:25] [-1:20] [-1:15] [-1:13] [-1:103] [-1:13] [-1:14] [-1:23] [-1:125] [-1:4] [-1:5] [-1:3] [-1:14] [-1:10] [-1:8] [-1:7] [-1:44] [-1:7] [-1:5] [-1:10] [-1:48] [-1:3] [-1:2] [-1:2] [-1:7] [-1:0] [-1:0] [-1:180] [-1:140] [-1:0] [-1:0] [-1:180] [-1:180] [-1:0] [-1:0] [-1:180] [-1:180] [1:8] [1:16] [-1:16]
tree_sizes=3185 3182 3180 3165 3163 3173 3052 3158 3138 3182 3151 3151 3154 3150 3192

Tree=0
num_leaves=29
num_cat=0
split_feature=27 47 31 39 43 23 31 46 46 50 50 48 50 38 12 39 19 46 17 7 19 0 0 6 15 46 7 31
split_gain=6.29344 5.88038 8.34016 8.68361 5.64023 5.80591 4.27434 4.24859 3.59005 3.51358 3.5088 5.23023 5.13382 4.43665 4.48766 4.40564 4.98345 3.87224 3.43738 3.33669 3.2596 3.14294 4.01132 4.19929 3.96849 3.62423 4.53287 3.14309
threshold=2.5000000000000004 7.5000000000000009 2.5000000000000004 11.500000000000002 1.5000000000000002 1.5000000000000002 17.500000000000004 15.500000000000002 75.000000000000014 7.5000000000000009 2.5000000000000004 5.5000000000000009 7.5000000000000009 8.5000000000000018 1.0000000180025095e-35 8.5000000000000018 1.0000000180025095e-35 14.500000000000002 5.5000000000000009 45.500000000000007 8.5000000000000018 1.0000000180025095e-35 6.5000000000000009 3.5000000000000004 8.5000000000000018 25.000000000000004 26.500000000000004 4.5000000000000009
decision_type=2 2 2 2 2 2 2 2 2 2 2 2 2 2 2 2 2 2 2 2 2 2 2 2 2 2 2 2
left_child=4 8 7 6 -1 10 9 -3 21 19 11 -6 -12 14 -14 -15 -17 -18 -5 -4 -9 -2 24 25 -23 26 -24 -25
right_child=1 2 3 18 5 -7 -8 20 -10 -11 12 -13 13 15 -16 16 17 -19 -20 -21 -22 22 23 27 -26 -27 -28 -29
leaf_value=0.070627642710553315 0.069204159164623538 -0.0032394512835858071 -0.097315215510984557 -0.17103664200848279 -0.12209274774562305 0.10863134938092329 -0.04180807570300904 -0.16838711152615427 -0.15951622433688264 0.1582513455633543 0.035805104915224879 0.019778509686748835 -0.010746014474636243 -0.10578849051978763 0.10950052772616541 -0.10906236095852546 -0.045314847148426547 0.066673341129722105 0.040063271230756113 0.085836275841523313 0.04075355343025179 0.0039031360732280818 -0.085948287736444098 -0.17524685386854683 -0.1370048974445616 0.10532911317239954 0.11726149353532933 -0.028269012596568277
leaf_weight=48.078898750245571 5.789291024208068 19.697367794578895 3.0759725025854996 5.0382207864895454 16.317451143753718 14.571523919003083 5.4424708765000096 10.808716008323243 8.6117866844870132 21.106630046153441 99.620316690066829 14.559643007465636 33.285284708603285 24.38548984983936 12.346618960960766 11.399615687085314 15.742072485387324 21.48337387572974 2.934741627657786 8.345972004812209 2.1232787184417239 8.2123328156303632 10.196003428427504 5.2128124346490976 23.470838688896038 10.310809150803832 3.3896998343989244 18.756342023494653
leaf_count=629 77 288 54 109 306 159 97 198 180 191 1431 235 499 480 154 186 262 277 38 99 25 131 193 119 456 121 42 280
internal_value=0 -0.0273364 0.0086617 0.0572628 0.0151905 0.00464246 0.0930302 -0.0587386 -0.0572491 0.117017 -0.00204815 -0.0570697 0.00602916 -0.0189804 0.0241222 -0.0460843 -0.0133113 0.0189664 -0.0980392 0.0291483 -0.13216 -0.0438983 -0.0535798 -0.0191269 -0.101591 0.0326075 -0.0269128 -0.0701414
internal_weight=0 172.523 78.5734 45.944 311.79 263.711 37.971 32.6294 93.9499 32.5286 249.14 30.8771 218.263 118.642 45.6319 73.0106 48.6251 37.2254 7.97296 11.4219 12.932 85.3381 79.5488 47.8657 31.6832 23.8965 13.5857 23.9692
internal_count=7316 2698 1099 588 4618 3989 441 511 1599 344 3830 541 3289 1858 653 1205 725 539 147 153 223 1419 1342 755 587 356 235 399
is_linear=0
shrinkage=0.179372


Tree=1
num_leaves=29
num_cat=0
split_feature=34 7 3 1 38 7 42 6 33 7 49 50 46 1 18 27 11 39 30 19 10 42 3 14 18 50 39 27
split_gain=19.9372 17.4531 11.469 14.4832 10.1771 15.437 19.4355 13.3452 15.8838 15.2938 12.5953 14.2398 12.1032 14.3824 14.0043 12.7772 12.0081 13.0056 14.9611 11.569 16.2565 15.0362 11.5577 11.5506 11.1733 10.8614 10.7702 10.3715
threshold=1.0000000180025095e-35 3.5000000000000004 222.00000000000003 20.500000000000004 95.000000000000014 1.0000000180025095e-35 9.5000000000000018 1.5000000000000002 1.0000000180025095e-35 3.5000000000000004 4.5000000000000009 8.5000000000000018 15.500000000000002 10.500000000000002 1.0000000180025095e-35 1.0000000180025095e-35 1.5000000000000002 9.5000000000000018 1.0000000180025095e-35 24.500000000000004 1.0000000180025095e-35 135.00000000000003 2.5000000000000004 3.5000000000000004 7.5000000000000009 10.500000000000002 8.5000000000000018 1.5000000000000002
decision_type=2 2 2 2 2 2 2 2 2 2 2 2 2 2 2 2 2 2 2 2 2 2 2 2 2 2 2 2
left_child=2 -2 3 4 5 6 25 12 9 -9 -8 -12 13 22 15 -14 17 18 -6 21 -21 -18 -7 -16 -11 -1 -10 -19
right_child=1 -3 -4 -5 16 7 10 8 26 24 11 -13 14 -15 23 -17 19 27 -20 20 -22 -23 -24 -25 -26 -27 -28 -29
leaf_value=-0.21992717770718651 0.13112472484989499 -0.24613779460275989 -0.16751663467816716 0.11127318970206632 0.16096071653766689 -0.012145692444465428 0.087357065668029199 0.18964776538177766 0.20611510254534701 -0.018914947101892992 -0.13823129194263645 0.066938457389008915 0.0046007479489613137 -0.148735302769571 -0.0096698976218049845 -0.11198077661217733 -0.19937080964610235 -0.040858947959465673 -0.060851646413436176 0.14160243024141417 -0.15993055781194379 0.13266960268390904 0.066263996793565386 0.24542036274336088 -0.11061714833017978 0.07218428854430925 -0.058085337357964617 0.09394976853441199
leaf_weight=28.385937193408608 3.8434494752436903 16.481571216136217 10.97540532145649 37.829488812945783 54.500922189326957 77.81606650352478 23.220231027342379 9.0686062742024642 14.966741601005198 517.20454936521128 30.635871842503548 15.068025927990673 71.670241349725984 10.771928553935139 11.797428701072933 50.195936610922217 17.581816921010617 44.059521205723286 10.810485603287814 16.411717272363607 6.833809293806552 4.359118713065981 257.84780670749024 8.9951447136700136 45.226533540524542 3.8390369089320293 6.0854696296155444 29.010829132050276
leaf_count=186 19 126 73 178 196 356 118 25 45 2673 174 102 309 96 72 356 102 217 69 78 40 19 1171 16 291 24 29 156
internal_value=0 -0.169529 0.00262983 0.00416724 0.00105858 -0.0050443 -0.0714703 0.00125143 -0.0168129 -0.0226231 -0.0161143 -0.0702562 0.0231543 0.0412204 -0.0205702 -0.0441376 0.0401671 0.0662432 0.123397 -0.0388478 0.0475423 -0.12801 0.0480658 0.109881 -0.0266216 -0.182803 0.130329 0.0133315
internal_weight=0 20.325 1415.17 1404.19 1366.36 1182.8 101.149 1081.65 592.552 571.5 68.9241 45.7039 489.095 346.436 142.659 121.866 183.568 138.382 65.3114 45.1865 23.2455 21.9409 335.664 20.7926 562.431 32.225 21.0522 73.0704
internal_count=7316 145 7171 7098 6920 6043 604 5439 3063 2989 394 276 2376 1623 753 665 877 638 265 239 118 121 1527 88 2964 210 74 373
is_linear=0
shrinkage=0.179372


Tree=2
num_leaves=29
num_cat=0
split_feature=39 3 49 49 46 12 46 47 47 0 13 49 19 7 15 3 50 4 50 11 42 47 43 46 50 15 43 3
split_gain=9.23989 9.78525 8.85618 15.6592 14.0807 12.5042 12.2721 13.3537 10.2764 9.00925 10.7493 8.6198 8.26606 10.3142 9.30198 11.5693 8.38054 8.29728 8.16263 8.00456 7.77977 7.76071 7.9945 20.1017 9.17021 15.9219 9.57392 9.41912
threshold=1.0000000180025095e-35 13.500000000000002 10.500000000000002 12.500000000000002 9.5000000000000018 1.0000000180025095e-35 3.5000000000000004 14.500000000000002 11.500000000000002 26.500000000000004 1.0000000180025095e-35 2.5000000000000004 43.000000000000007 104.50000000000001 3.5000000000000004 25.500000000000004 6.5000000000000009 1.5000000000000002 5.5000000000000009 2.5000000000000004 1.5000000000000002 95.000000000000014 14.500000000000002 10.500000000000002 10.500000000000002 9.5000000000000018 2.5000000000000004 18.500000000000004
decision_type=2 2 2 2 2 2 2 2 2 2 2 2 2 2 2 2 2 2 2 2 2 2 2 2 2 2 2 2
left_child=1 18 9 5 20 6 -4 8 -8 21 -11 -3 13 14 16 -16 -6 -18 -1 -17 -5 22 24 -24 27 -26 -27 -2
right_child=2 11 3 4 12 -7 7 -9 -10 10 -12 -13 -14 -15 15 19 17 -19 -20 -21 -22 -23 23 -25 25 26 -28 -29
leaf_value=-0.0075691643818413803 -0.028248582153705827 0.12580199251529961 0.12822903127343394 0.049788429390577787 -0.065242170690309118 0.10662236152135159 -0.026063614953616036 0.16206696749120844 -0.22285781895418333 0.14476273311166943 -0.18685330210563011 -0.068006099360374758 -0.14550450115109526 0.1721199119408002 -0.22062066851649959 0.029961428833742049 0.15907715098818434 -0.048396780883535197 0.14234170613758781 -0.19059472462891736 -0.15212810547780636 -0.21220454688969251 -0.078117851773743946 0.11163595664982438 -0.014246322642829845 0.076117128789139329 -0.17182707232949582 0.014936653202706911
leaf_weight=15.758703868836163 304.56106922216713 8.2881227578036469 18.240897702984512 6.6273286323994389 10.543135199695824 85.403808851726353 39.778161227703094 7.7866407316178075 9.5226874379441124 2.4936024267226484 15.806520273908971 27.013713974040002 8.0990546047687513 12.044665854424236 8.4494280647486431 32.809034569188952 23.832869966514412 7.189228815957903 39.795594659633934 4.5987238362431517 29.847338812425733 4.4523477787151924 26.074253776110709 49.771687318570912 97.519764291122556 4.6591196507215491 39.165345965418965 344.25312153855339
leaf_count=90 1655 35 65 36 72 378 248 26 62 8 133 221 79 36 72 198 84 44 140 44 224 48 154 222 605 20 308 2009
internal_value=0 0.0546141 -0.00422725 0.0220614 -0.0206977 0.060305 0.00641028 -0.0347394 -0.0704063 -0.0132854 -0.132566 -0.0184527 0.0121814 0.0273578 0.00439811 -0.0502628 0.0647109 0.110462 0.100532 -0.00363938 -0.114428 -0.0105117 -0.00905278 0.0459091 -0.0144347 -0.0555683 -0.143286 -0.00532924
internal_weight=0 90.8561 1193.53 304.773 144.041 160.732 75.3284 57.0875 49.3008 888.757 18.3001 35.3018 107.566 99.4671 87.4224 45.8572 41.5652 31.0221 55.5543 37.4078 36.4747 870.457 866.004 75.8459 790.158 141.344 43.8245 648.814
internal_count=7316 486 6830 1668 889 779 401 336 310 5162 141 256 629 550 514 314 200 128 230 242 260 5021 4973 376 4597 933 328 3664
is_linear=0
shrinkage=0.179372


Tree=3
num_leaves=29
num_cat=0
split_feature=39 7 50 31 7 27 2 3 49 11 42 0 49 43 49 29 15 1 6 30 31 27 43 49 46 43 50 0
split_gain=9.38051 6.23798 10.7563 6.54379 21.4405 13.993 10.0432 15.4428 13.3236 11.4742 11.3864 13.1997 10.8476 11.8093 10.0096 11.0941 9.50988 10.7815 8.9986 8.61096 9.48167 8.47172 10.9547 10.3682 10.2446 8.85558 15.1488 8.8405
threshold=75.000000000000014 292.50000000000006 14.500000000000002 4.5000000000000009 108.50000000000001 23.500000000000004 2.5000000000000004 48.500000000000007 4.5000000000000009 3.5000000000000004 15.500000000000002 3.5000000000000004 10.500000000000002 1.5000000000000002 8.5000000000000018 2.5000000000000004 9.5000000000000018 6.5000000000000009 8.5000000000000018 1.5000000000000002 3.5000000000000004 5.5000000000000009 11.500000000000002 2.5000000000000004 35.000000000000007 13.500000000000002 10.500000000000002 3.5000000000000004
decision_type=2 2 2 2 2 2 2 2 2 2 2 2 2 2 2 2 2 2 2 2 2 2 2 2 2 2 2 2
left_child=1 3 -3 4 19 6 8 -8 10 12 -5 -12 13 -9 -10 -16 -6 -18 -14 20 21 25 24 -24 -23 27 -27 -1
right_child=-2 2 -4 5 16 -7 7 9 14 -11 11 -13 18 -15 15 -17 17 -19 -20 -21 -22 22 23 -25 -26 26 -28 -29
leaf_value=-0.012994291159476352 -0.175712492209047 -0.20724314467774971 0.14811412348374506 0.1290314396931489 -0.25103747707026536 -0.18816681497449145 0.13387732461225632 0.10507462694982135 -0.12715854110808247 0.075835020066570433 -0.13832502695279203 0.17976371522421988 -0.12226103863743355 -0.15004364878113874 0.030308702040732473 -0.17870483767678708 0.085419836254469722 -0.16712449246319994 0.12490945724290237 0.13085721098738046 -0.099384900555428063 -0.066243762748753071 0.082589335516333601 -0.21148453657832353 0.05733262609703213 -0.0021422634181885248 0.12868168454678094 0.036340690687964812
leaf_weight=443.42973723914474 8.0449583595618588 8.893598333001135 2.3201229423284522 32.512027911841869 13.620379544794558 7.9744857586920253 58.465677873231471 5.9867016188800326 29.881108072586358 56.316213868558407 12.539849389344456 4.3434378691017619 4.976878838613632 27.014326491393149 51.271474374458194 8.0068948566913587 8.6095329560339469 10.101302757859228 15.717240097932516 14.327281208708881 29.371524209156632 50.433679205365479 3.7938309442251947 17.334822391159832 35.177921125665307 65.629066017456353 48.249446279834956 156.81698288954794
leaf_count=2616 62 102 7 139 102 78 250 31 215 290 105 12 34 238 264 67 43 111 66 64 227 362 25 120 222 358 206 900
internal_value=0 0.0013914 -0.122818 0.00272045 -0.00508175 0.0248991 0.0314662 0.0606721 -0.00422276 0.020209 0.0690156 -0.0468431 -0.0383489 -0.100469 -0.045502 -0.00172875 -0.144835 -0.0525875 0.0600597 0.000391394 -0.00203692 0.0016185 -0.0450922 -0.155776 -0.0151477 0.00871206 0.0541886 -1.27491e-05
internal_weight=0 1223.12 11.2137 1211.9 896.896 315.006 307.032 168.477 138.555 110.011 49.3953 16.8833 53.6951 33.001 89.1595 59.2784 32.3312 18.7108 20.6941 864.564 850.237 820.865 106.74 21.1287 85.6116 714.125 113.879 600.247
internal_count=7316 7254 109 7145 5356 1789 1711 909 802 659 256 117 369 269 546 331 256 154 100 5100 5036 4809 729 145 584 4080 564 3516
is_linear=0
shrinkage=0.179372


Tree=4
num_leaves=29
num_cat=0
split_feature=46 23 48 38 8 8 50 47 28 39 7 7 1 17 46 42 50 49 4 47 47 24 4 27 49 19 13 47
split_gain=6.36646 9.51159 7.43328 6.35118 9.91184 7.04383 5.81769 9.51659 20.0864 8.0034 7.69661 10.4698 11.8812 7.35451 6.90299 11.0465 9.22925 7.83571 6.80336 8.08857 9.19076 6.74866 6.61171 5.7951 16.2259 14.78 11.41 9.73482
threshold=145.00000000000003 1.0000000180025095e-35 3.5000000000000004 5.5000000000000009 1.5000000000000002 2.5000000000000004 6.5000000000000009 13.500000000000002 1.0000000180025095e-35 9.5000000000000018 5.5000000000000009 20.500000000000004 1.0000000180025095e-35 2.5000000000000004 8.5000000000000018 14.500000000000002 3.5000000000000004 9.5000000000000018 6.5000000000000009 4.5000000000000009 1.5000000000000002 1.5000000000000002 2.5000000000000004 2.5000000000000004 4.5000000000000009 1.0000000180025095e-35 5.5000000000000009 10.500000000000002
decision_type=2 2 2 2 2 2 2 2 2 2 2 2 2 2 2 2 2 2 2 2 2 2 2 2 2 2 2 2
left_child=3 2 -2 4 6 23 14 9 -9 10 -8 12 -12 -13 16 -16 18 -17 19 20 -1 -18 -21 -5 25 -25 -27 -26
right_child=1 -3 -4 5 -6 -7 7 8 -10 -11 11 13 -14 -15 15 17 21 -19 -20 22 -22 -23 -24 24 27 26 -28 -29
leaf_value=-0.039227319810209181 -0.049718472007173407 -0.1157711860878177 0.16923652045968224 0.0023094959624949929 0.18532390028291995 -0.18838615863518299 0.11219935923684143 -0.23644310109381173 0.12837138659242536 -0.10473848255903978 -0.18629254975730333 0.10983863629906269 0.029095012453523594 -0.026860652468841315 0.090765611154251538 -0.19841535599558008 -0.16006605815820063 0.067956639068433758 -0.17912373301940088 -0.1607476081893591 0.17609228515900152 0.098853799467227152 0.076452933831879566 0.060837775509745902 -0.025201474552358469 -0.16779484639110137 0.0080728429041038181 0.059817605922600249
leaf_weight=9.7804994238540548 5.4761089691892328 5.2553578633815041 20.488845065236092 564.64896943699569 9.6740901377052051 5.41412679105997 53.861701617017388 9.9042793838307279 6.9206750504672518 8.6743648871779424 11.655077777802942 41.975208931602538 20.409740393981338 16.802352350205183 32.183268109336495 7.5173496939241868 24.484167077578608 4.6007652394473553 4.1819608369842163 8.5803803512826544 13.87672298401594 2.4914437234401694 4.6377131380140773 14.864441834390162 160.92506682733074 53.244812930934131 14.724456632509826 57.404283732175827
leaf_count=82 42 40 80 3348 32 53 205 89 20 58 84 183 103 114 153 53 218 27 55 75 53 16 20 82 1165 440 109 317
internal_value=0 0.0778459 0.122233 -0.00219647 0.0205969 -0.00988538 0.0138516 0.0346628 -0.0874066 0.048952 0.05936 0.026402 -0.0539891 0.0708153 -0.0175774 0.0364835 -0.0530541 -0.100038 0.0010064 0.028685 0.0896572 -0.131232 -0.077137 -0.00839267 -0.0284171 -0.0951699 -0.130166 -0.00248921
internal_weight=0 31.2203 25.965 1163.44 292.212 871.226 282.538 170.203 16.825 153.378 144.704 90.8424 32.0648 58.7776 112.334 44.3014 68.0329 12.1181 41.0573 36.8753 23.6572 26.9756 13.2181 865.812 301.163 82.8337 67.9693 218.329
internal_count=7316 162 122 7154 1640 5514 1608 856 109 747 689 484 187 297 752 233 519 80 285 230 135 234 95 5461 2113 631 549 1482
is_linear=0
shrinkage=0.179372


Tree=5
num_leaves=29
num_cat=0
split_feature=26 14 23 15 43 2 38 6 4 42 46 46 38 0 18 28 48 14 7 46 43 47 38 39 3 24 3 16
split_gain=5.72755 9.33955 9.90015 8.5017 8.39921 9.55763 9.03875 8.3613 8.96483 8.17245 7.83975 7.83112 7.39254 7.06932 9.41567 6.79996 7.05031 16.137 15.1841 13.2012 9.23256 8.1893 7.91202 7.06276 13.344 16.6881 10.8829 9.23744
threshold=1.5000000000000002 1.0000000180025095e-35 1.0000000180025095e-35 12.500000000000002 10.500000000000002 20.500000000000004 10.500000000000002 20.500000000000004 17.000000000000004 75.000000000000014 145.00000000000003 125.00000000000001 5.5000000000000009 1.5000000000000002 4.5000000000000009 2.5000000000000004 6.5000000000000009 3.5000000000000004 5.5000000000000009 55.000000000000007 3.5000000000000004 14.500000000000002 105.00000000000001 8.5000000000000018 30.500000000000004 1.0000000180025095e-35 65.500000000000014 2.5000000000000004
decision_type=2 2 2 2 2 2 2 2 2 2 2 2 2 2 2 2 2 2 2 2 2 2 2 2 2 2 2 2
left_child=1 2 7 9 5 -2 -6 8 10 -4 11 -1 -5 14 -3 16 23 18 20 -20 -18 -19 -21 -15 25 -25 -26 -28
right_child=4 13 3 12 6 -7 -8 -9 -10 -11 -12 -13 -14 15 -16 -17 17 21 19 22 -22 -23 -24 24 26 -27 27 -29
leaf_value=-0.00081118267560017707 0.097717781286991351 -0.093171291558332869 0.12050056866570656 0.10830785544103298 0.039797041573753765 -0.055330652728894272 -0.1777786648230634 -0.14171410435587939 0.12729039950152962 -0.039588238943618424 0.10731555612847216 -0.14222586765480413 -0.12445908287174497 0.03357552240011883 0.074886581484269729 -0.13096416987514914 0.037099352235396524 -0.20412799531330872 0.083439693971114268 -0.24249513881051432 -0.2502141371171378 0.079969460416152174 0.051918179055903131 -0.060547607275077672 -0.16824453788865479 0.21543981473239007 0.04263593785594591 -0.16375166845815481
leaf_weight=502.72393696149811 63.855148576200008 74.606023287400603 57.246293473057449 5.1315581314265755 13.214837278239431 15.111648003105072 8.985234900377689 11.270444314926861 16.758476885035634 11.404592966660855 19.384450456127524 11.277920046821235 11.055657539516686 145.37884734291583 11.100392233580349 13.306776129640637 4.6644615270197383 21.728197772055868 44.381708675064147 5.8281765654683095 9.2248945515602809 2.8016403075307599 3.8914158632978797 13.467850839719178 23.609901357442141 11.830333495512603 25.331802479922771 7.7496951362118116
leaf_count=3040 389 504 263 27 93 131 100 113 69 74 73 88 89 875 67 110 27 185 216 52 90 12 15 88 208 38 182 98
internal_value=0 -0.00389682 0.00960211 0.0660952 0.0404313 0.0676851 -0.0537734 0.000866068 0.00423362 0.0933593 0 -0.00439299 -0.0465202 -0.0247182 -0.0702057 -0.0126782 -0.00705684 -0.048373 -0.00199427 0.041517 -0.158954 -0.168032 -0.132721 0.00990937 -0.0316856 0.0731849 -0.0795216 -0.0107185
internal_weight=0 1065.16 646.253 84.8381 101.167 78.9668 22.2001 561.415 550.145 68.6509 533.386 514.002 16.1872 418.902 85.7064 333.196 319.889 92.5205 67.9907 54.1013 13.8894 24.5298 9.71959 227.368 81.9896 25.2982 56.6914 33.0815
internal_count=7316 6603 3836 453 713 520 193 3383 3270 337 3201 3128 116 2767 571 2196 2086 597 400 283 117 197 67 1489 614 126 488 280
is_linear=0
shrinkage=0.179372


Tree=6
num_leaves=28
num_cat=0
split_feature=16 25 34 34 15 15 38 38 15 27 8 31 29 18 5 7 10 16 46 31 29 27 39 4 13 39 38
split_gain=7.42907 5.83746 7.52909 6.58874 5.45247 8.61104 9.07752 13.6907 5.77832 7.90987 6.65694 13.2238 6.39419 10.8386 6.84872 5.97951 5.07272 6.11353 3.79206 3.11299 3.05406 2.58297 2.25479 2.93488 2.20986 1.84119 0.472403
threshold=11.500000000000002 6.5000000000000009 1.0000000180025095e-35 1.5000000000000002 47.500000000000007 52.500000000000007 2.5000000000000004 25.000000000000004 39.500000000000007 14.500000000000002 1.5000000000000002 9.5000000000000018 1.5000000000000002 2.5000000000000004 23.500000000000004 3.5000000000000004 1.0000000180025095e-35 1.5000000000000002 75.000000000000014 4.5000000000000009 1.5000000000000002 7.5000000000000009 9.5000000000000018 2.5000000000000004 9.5000000000000018 1.5000000000000002 25.000000000000004
decision_type=2 2 2 2 2 2 2 2 2 2 2 2 2 2 2 2 2 2 2 2 2 2 2 2 2 2 2
left_child=1 2 4 -4 8 18 21 -8 9 10 12 19 14 -14 -1 -10 17 -9 -6 -12 22 -7 26 -24 -18 -11 -17
right_child=-2 -3 3 -5 5 6 7 16 15 25 11 -13 13 -15 -16 20 24 -19 -20 -21 -22 -23 23 -25 -26 -27 -28
leaf_value=-0.0047066651036504828 -0.19255485791582158 0.14940952140543562 -0.19628790881416183 0.1030473894049824 -0.24159934901953561 -0.0057732496445997697 -0.20727388274912922 -0.038084449218081746 -0.12993426612698242 -0.01101398302350479 0.073882600841294235 -0.17046158120841348 0.11482803239805582 -0.010926217475275533 0.15223197558433813 0.17999740024889152 -0.18575406206473175 0.10942560120728538 -0.011793188360111579 0.21849888794703737 -0.034564834869518661 0.18692957529126189 0.1081273109246913 -0.1134105601496866 0.021745255233450365 -0.22765677000251136 0.079794330075797948
leaf_weight=900.73070012265816 4.7573044700548044 6.8194245081394902 9.1097134584560955 1.8270329441875226 7.5202355924993736 2.7591285035014135 11.293753172270952 17.19079436827451 2.4501491216942695 2.0476321615278712 14.942842138931161 3.8685937989503136 39.408791100606322 46.597045005299151 7.3789207544177762 12.189578498713681 3.9596843896433702 15.843261608853934 3.5375181306153536 8.8593579269945604 3.4727543704211703 6.2170463930815458 2.5203061252832404 1.9060897212475536 1.6987946014851329 4.2205789955332875 7.4959404459223142
leaf_count=5635 61 29 131 9 67 28 131 126 21 11 80 32 177 326 33 47 45 87 23 24 27 22 12 28 13 51 40
internal_value=0 0.00107574 -1.27665e-05 -0.137971 0.00150969 -0.0463517 -0.0166742 -0.0475697 0.00476033 0.002414 0.00380838 0.0880473 0.00130429 0.0475816 -0.00313846 0.0802209 0.00520995 0.0340174 -0.180512 0.139072 0.105759 0.134418 0.127549 0.00504401 -0.130312 -0.176096 0.151775
internal_weight=0 1145.87 1139.05 10.9367 1128.11 70.0202 58.9625 49.9863 1058.09 1028.05 1021.79 27.6708 994.115 86.0058 908.11 30.0348 38.6925 33.0341 11.0578 23.8022 27.5847 8.97617 24.1119 4.4264 5.65848 6.26821 19.6855
internal_count=7316 7255 7226 140 7086 542 452 402 6544 6369 6307 136 6171 503 5668 175 271 213 90 104 154 50 127 40 58 62 87
is_linear=0
shrinkage=0.179372


Tree=7
num_leaves=29
num_cat=0
split_feature=31 50 21 7 31 6 39 19 49 19 18 13 49 3 50 42 38 6 13 28 11 49 6 7 11 16 38 50
split_gain=4.48274 11.3956 10.9228 8.25663 11.6508 7.47432 6.80814 8.18829 8.67989 6.83527 6.34856 6.24012 7.08891 9.07574 4.88046 5.14291 4.80144 4.42431 7.60551 4.56117 8.22268 7.21558 6.99978 6.09348 5.73526 4.61796 12.3692 4.39489
threshold=14.500000000000002 8.5000000000000018 1.0000000180025095e-35 146.50000000000003 4.5000000000000009 11.500000000000002 3.5000000000000004 32.500000000000007 5.5000000000000009 17.500000000000004 6.5000000000000009 1.5000000000000002 8.5000000000000018 29.500000000000004 4.5000000000000009 35.000000000000007 75.000000000000014 10.500000000000002 1.0000000180025095e-35 1.5000000000000002 1.0000000180025095e-35 12.500000000000002 9.5000000000000018 35.500000000000007 5.5000000000000009 3.5000000000000004 16.500000000000004 6.5000000000000009
decision_type=2 2 2 2 2 2 2 2 2 2 2 2 2 2 2 2 2 2 2 2 2 2 2 2 2 2 2 2
left_child=3 2 14 5 -5 17 27 9 -9 -8 -4 12 -3 -14 -2 -16 -17 19 -19 22 21 23 24 -21 25 -1 -27 -7
right_child=1 11 10 4 -6 6 7 8 -10 -11 -12 -13 13 -15 15 16 -18 18 -20 20 -22 -23 -24 -25 -26 26 -28 -29
leaf_value=-0.00083925254008082736 -0.22877220030289741 0.15251704192991491 -0.10018574799001434 -0.096395850012194431 0.10460634602440458 -0.065615754331503795 -0.016454323770432239 0.12120334382222614 -0.17156267160761646 -0.28291706546289752 0.14660843032564624 -0.070202424121782583 -0.19683008900893403 0.10610171524529988 -0.16404187957785438 0.074215219368466465 -0.16323494101078512 -0.07910370337009387 0.18855579865327829 0.066252377765260953 0.1240673484109171 0.12664945316105569 -0.13434625151133386 -0.20139722888305039 -0.14978372404647342 -0.10353790566499707 0.14547700539828942 0.13813484912779234
leaf_weight=870.20497442223132 13.537493444979189 15.2882297327742 4.0716465450823289 9.9562025554478151 47.922044431325048 5.4115021992474777 4.7227241881191757 6.1116831824183446 3.9590101074427366 9.8495545564219338 6.6577454674988985 11.222417997196315 4.1859301216900331 5.3741082400083542 9.6693799030035752 8.2242559250444156 2.1324118468910447 3.9359601717442265 8.3740589441731554 2.9295295588672143 22.979609023779631 3.9526982400566331 10.97532072663307 6.9304966526106 6.4838645216077557 7.7602600585669306 19.467249164357781 4.9969785287976265
leaf_count=5498 154 72 31 109 245 45 26 26 35 106 25 119 43 20 93 52 32 24 34 13 105 16 90 69 56 71 85 22
internal_value=0 -0.0403989 -0.0998912 0.00313005 0.0680284 -0.000719006 -0.0801776 -0.129219 -0.000408768 -0.208081 0.0507136 0.0333819 0.082265 -0.0344936 -0.148637 -0.0803681 0.00817174 0.00228496 0.102529 0.000794954 0.0613323 -0.0440478 -0.00172733 -0.12231 0.00010659 0.00148185 0.0720529 0.0363247
internal_weight=0 80.3636 44.2929 1056.92 57.8782 999.045 35.0515 24.643 10.0707 14.5723 10.7294 36.0707 24.8483 9.56004 33.5635 20.026 10.3567 963.994 12.31 951.684 36.7923 13.8127 914.892 9.86003 903.916 897.432 27.2275 10.4085
internal_count=7316 641 387 6675 354 6321 260 193 61 132 56 254 135 63 331 177 84 6061 58 6003 203 98 5800 82 5710 5654 156 67
is_linear=0
shrinkage=0.179372


Tree=8
num_leaves=29
num_cat=0
split_feature=43 30 27 3 50 6 6 39 2 35 5 42 49 11 43 3 17 4 20 23 46 50 1 18 46 39 4 12
split_gain=3.8262 7.12044 6.21929 16.8196 6.09441 7.85135 6.0593 4.96534 6.90502 4.75242 10.7454 14.7509 9.57311 8.4625 7.85548 12.6757 13.1741 9.46563 7.67672 8.26234 7.48266 6.90129 6.83637 7.30207 6.78453 6.88076 6.83071 6.52114
threshold=1.5000000000000002 2.5000000000000004 3.5000000000000004 35.500000000000007 7.5000000000000009 2.5000000000000004 1.5000000000000002 11.500000000000002 1.0000000180025095e-35 1.0000000180025095e-35 4.5000000000000009 65.000000000000014 7.5000000000000009 7.5000000000000009 7.5000000000000009 121.00000000000001 1.0000000180025095e-35 17.000000000000004 1.0000000180025095e-35 5.5000000000000009 35.000000000000007 15.500000000000002 2.5000000000000004 2.5000000000000004 9.5000000000000018 8.5000000000000018 3.5000000000000004 5.5000000000000009
decision_type=2 2 2 2 2 2 2 2 2 2 2 2 2 2 2 2 2 2 2 2 2 2 2 2 2 2 2 2
left_child=1 2 7 -4 5 6 -5 -1 -9 13 11 24 -12 14 15 16 21 22 -14 -20 -19 -2 -18 -24 25 -11 -26 -17
right_child=9 -3 3 4 -6 -7 -8 8 -10 10 12 -13 18 -15 -16 27 17 20 19 -21 -22 -23 23 -25 26 -27 -28 -29
leaf_value=0.060639804713225165 -0.017447664454926119 -0.1489031379720254 -0.25364963502875931 -0.065355018168481938 0.11278615862469321 -0.18496670509950097 0.15987866515088789 0.064971921939508875 -0.19139945180467974 0.013703905537348878 0 -0.21426166181907252 0.16399253511990006 -0.19461025209613303 0.0050406972987286627 0.13819266850091214 -0.16978461136716497 0.086766908814140661 -0.2031230420045351 0.1432995004779451 -0.12459563210059563 0.19509281906030995 -0.01585293169072342 -0.18461573750956994 0.10178090713723598 -0.22333346109512475 -0.11948896831382427 -0.025481811041422157
leaf_weight=120.21717012114823 145.83463139459491 5.68740324769169 6.9322873726487151 6.6260033510625416 13.518642178736625 5.8181621562689534 5.6191393323242664 5.7133190138265473 4.7772049009799957 9.4208256639540178 32.314142677932978 9.7327322545461339 32.743109078612179 6.2149203070439389 544.19619733607396 18.301025283988569 42.527807790786028 13.949097848497333 3.1076109018176785 2.5396151598542929 6.5709749870002261 3.4271801374852648 30.8705182261765 9.9310457594692689 24.136917425319556 4.7724388409405938 3.9190967828035346 11.904431191273032
leaf_count=585 995 64 51 57 72 76 16 26 41 56 227 96 148 72 3459 95 385 75 31 13 72 8 208 94 112 46 35 101
internal_value=0 0.0242638 0.0315675 -0.0305458 0.0280993 -0.0385649 0.0435074 0.0501508 -0.0605449 -0.00447159 0.028223 -0.0328868 0.0731099 -0.00934935 -0.00755223 -0.0316891 -0.0449142 -0.0934612 0.13172 -0.0478419 0.0140759 -0.0103712 -0.1199 -0.0629191 0.0150058 -0.0799172 0.0653718 0.0751798
internal_weight=0 174.909 169.222 38.5142 31.5819 18.0633 12.2451 130.708 10.4905 956.414 122.686 51.982 70.7045 833.728 827.513 283.317 253.111 103.849 38.3903 5.64723 20.5201 149.262 83.3294 40.8016 42.2493 14.1933 28.056 30.2055
internal_count=7316 988 924 272 221 149 73 652 67 6328 764 345 419 5564 5492 2033 1837 834 192 44 147 1003 687 302 249 102 147 196
is_linear=0
shrinkage=0.179372


Tree=9
num_leaves=29
num_cat=0
split_feature=42 46 7 43 46 19 46 3 3 38 48 19 47 39 8 47 46 31 47 15 29 29 49 7 19 0 11 7
split_gain=3.79165 11.3147 6.26983 9.26669 13.1819 11.447 10.0403 8.78717 8.28731 8.47307 7.67456 5.94714 11.0963 9.52741 10.3832 7.03146 7.49665 7.83072 6.16219 6.0072 5.65147 8.58864 7.79652 5.80993 9.14886 5.53325 9.60355 10.804
threshold=11.500000000000002 25.000000000000004 1.5000000000000002 14.500000000000002 9.5000000000000018 1.0000000180025095e-35 15.500000000000002 25.500000000000004 2.5000000000000004 45.000000000000007 1.5000000000000002 4.5000000000000009 14.500000000000002 2.5000000000000004 1.0000000180025095e-35 2.5000000000000004 145.00000000000003 1.0000000180025095e-35 15.500000000000002 16.500000000000004 1.0000000180025095e-35 1.5000000000000002 3.5000000000000004 55.500000000000007 11.500000000000002 8.5000000000000018 1.0000000180025095e-35 30.500000000000004
decision_type=2 2 2 2 2 2 2 2 2 2 2 2 2 2 2 2 2 2 2 2 2 2 2 2 2 2 2 2
left_child=20 2 7 8 5 -5 -6 -2 9 -4 -10 13 -13 -3 15 -15 17 19 -14 -17 25 23 -23 24 -22 26 27 -1
right_child=1 11 3 4 6 -7 -8 -9 10 -11 -12 12 18 14 -16 16 -18 -19 -20 -21 21 22 -24 -25 -26 -27 -28 -29
leaf_value=0.04394278660594577 -0.15016175499904644 0.068893097181555132 -0.19407605502660202 0.15602503898995479 0.1190315830458821 -0.21665680421876596 -0.12909514247748852 0.023282293286682805 -0.1690476770587751 0.029952655105102394 -0.016544454837953571 0.016565686266534024 0.22003564719932836 0.058628917619216431 0.1117677714099274 -0.15671854092242612 0.043762995161949467 -0.0073506826552418927 0.037531529364036524 -0.021553744509468495 -0.11128170702355794 0.13568087131803647 -0.026286531648539044 -0.14378138557925851 0.10082659548854869 0.0733266863143332 -0.042593618196805051 -0.071790654842776108
leaf_weight=213.16462964750826 29.006346562877297 34.511894263792783 18.225822105072442 2.2383044734597197 37.346292067319155 8.1718053277581912 4.6124346992000929 12.749507172964512 9.78210516925901 6.7553130667656651 165.97861073073 169.69400317734107 13.058459483087065 14.600301964208482 12.272040482610462 44.623987501487136 14.919836045242844 26.858800943940878 11.800070842262356 14.867663469165562 12.723494876176121 13.199891690164803 25.363672005012631 21.988046486862004 10.343092010356484 55.796249733306468 75.386474709026515 27.910599349997938
leaf_count=1193 226 188 163 8 129 85 31 94 102 42 1125 1233 31 72 58 384 64 196 78 104 116 63 199 197 51 357 496 231
internal_value=0 -0.00876541 -0.0346908 -0.0236215 0.0424799 -0.124719 0.0875067 -0.0979435 -0.0411557 -0.13476 -0.0266241 0.0126495 0.0337118 -0.012526 -0.0351829 -0.0522444 -0.0690789 -0.0892244 0.141786 -0.124713 0.0125242 -0.0291351 0.0320311 -0.0811323 -0.0151044 0.0220146 0.0125803 0.0300761
internal_weight=0 652.074 294.867 253.111 52.3688 10.4101 41.9587 41.7559 200.742 24.9811 175.761 357.207 194.553 162.655 128.143 115.871 101.27 86.3505 24.8585 59.4917 455.876 83.6182 38.5636 45.0546 23.0666 372.258 316.462 241.075
internal_count=7316 4413 2005 1685 253 93 160 320 1432 205 1227 2408 1342 1066 878 820 748 684 109 488 2903 626 262 364 167 2277 1920 1424
is_linear=0
shrinkage=0.179372


Tree=10
num_leaves=29
num_cat=0
split_feature=39 47 50 50 12 48 24 1 38 6 42 28 19 7 15 12 48 43 4 48 24 46 15 39 5 47 0 11
split_gain=3.11541 3.56033 9.97102 10.883 5.88254 4.83163 4.60511 5.59316 4.57286 3.40484 3.18724 4.85602 3.18708 3.29053 5.88795 7.14908 7.16147 6.13166 4.89397 5.18233 5.69508 7.40028 5.74107 5.00839 4.56072 10.597 12.6404 7.87927
threshold=75.000000000000014 14.500000000000002 6.5000000000000009 11.500000000000002 1.5000000000000002 3.5000000000000004 1.5000000000000002 1.0000000180025095e-35 45.000000000000007 4.5000000000000009 125.00000000000001 1.0000000180025095e-35 112.50000000000001 132.00000000000003 25.500000000000004 8.5000000000000018 7.5000000000000009 5.5000000000000009 6.5000000000000009 7.5000000000000009 1.5000000000000002 95.000000000000014 8.5000000000000018 11.500000000000002 4.5000000000000009 8.5000000000000018 1.0000000180025095e-35 1.0000000180025095e-35
decision_type=2 2 2 2 2 2 2 2 2 2 2 2 2 2 2 2 2 2 2 2 2 2 2 2 2 2 2 2
left_child=1 12 4 6 -3 9 7 10 -7 -5 11 -4 13 18 -15 16 -16 -17 24 20 21 22 -20 -21 -1 26 -26 -28
right_child=-2 2 3 5 -6 8 -8 -9 -10 -11 -12 -13 -14 14 15 17 -18 -19 19 23 -22 -23 -24 -25 25 -27 27 -29
leaf_value=-0.0058917862676790061 -0.13022955656109086 0.14919470802209978 -0.20855682852987295 -0.18171626636506494 -0.040355103397490197 0 0.072855710668027762 -0.23435718954119722 0.16900725795981641 0.065304156760154636 0.091338795640835385 0.051034077667096313 -0.1240443812177644 0.052005916497810792 -0.1572812873737188 0.13123369328865211 0.06646507157490289 -0.12835840846481172 -0.024855532568695736 -0.21903418786258572 0.06976058253727177 0.085569182670402172 -0.1450748657008209 0.03544043472292091 0.097403806642178195 0.091483389500399206 -0.17901749798830013 -0.012396550163923818
leaf_weight=694.56836197664961 4.2248652493581167 25.143485839478675 3.4131682738661819 2.4727365765720632 5.63715886324644 8.4380687586963194 2.7324483413249245 8.3918622992932779 11.105362730100749 1.8891463447362182 2.8750044964253902 3.1587789375334978 5.1998479706235221 83.185088822618127 15.094828636385502 9.4340540086850506 5.1538892537355414 2.4520374322310081 31.595844425261021 7.6237250994890911 14.187103044241665 9.3313949275761825 21.3772655967623 2.6913596792146564 18.007137274369597 50.973560094833374 13.732830494642256 23.727032652124763
leaf_count=4521 62 110 44 29 32 51 13 91 35 10 12 15 86 545 190 50 32 34 255 95 76 53 238 16 84 235 114 188
internal_value=0 0.000705408 0.0379184 -0.0163352 0.113671 0.0636873 -0.107909 -0.140298 0.101252 -0.0833722 -0.0327546 -0.0965491 -0.00211275 -0.00126075 0.0270014 -0.0366022 -0.0988395 0.0672944 -0.00499418 -0.0450339 -0.0269455 -0.0504651 -0.0766029 -0.155499 -0.000550071 0.033707 -0.0202035 -0.0788988
internal_weight=0 1083.59 75.2572 44.4766 30.7806 23.9053 20.5713 17.8388 19.5434 4.36188 9.44695 6.57195 1008.34 1003.14 115.32 32.1348 20.2487 11.8861 887.816 86.8067 76.4916 62.3045 52.9731 10.3151 801.009 106.441 55.467 37.4599
internal_count=7316 7254 442 300 142 125 175 162 86 39 71 59 6812 6726 851 306 222 84 5875 733 622 546 493 111 5142 621 386 302
is_linear=0
shrinkage=0.179372


Tree=11
num_leaves=29
num_cat=0
split_feature=49 31 38 4 12 2 4 26 47 26 42 42 38 49 15 18 38 47 0 29 35 8 15 27 13 24 43 6
split_gain=3.27428 9.62239 6.36989 3.57805 2.89574 5.10176 5.24865 3.99972 5.83499 4.93384 6.39321 8.57327 6.56617 5.77605 5.62172 4.74934 4.52315 3.86809 3.82696 3.79444 4.27174 3.78631 4.71688 4.62069 3.76528 4.0608 3.65671 3.54361
threshold=15.500000000000002 1.0000000180025095e-35 9.5000000000000018 4.5000000000000009 14.000000000000002 20.500000000000004 12.500000000000002 1.5000000000000002 4.5000000000000009 1.0000000180025095e-35 5.5000000000000009 95.000000000000014 95.000000000000014 5.5000000000000009 31.500000000000004 2.5000000000000004 11.500000000000002 8.5000000000000018 6.5000000000000009 1.5000000000000002 4.5000000000000009 1.5000000000000002 21.500000000000004 1.5000000000000002 4.5000000000000009 2.5000000000000004 5.5000000000000009 2.5000000000000004
decision_type=2 2 2 2 2 2 2 2 2 2 2 2 2 2 2 2 2 2 2 2 2 2 2 2 2 2 2 2
left_child=4 -2 -3 -4 5 7 26 9 19 21 14 12 13 -12 15 -11 -13 24 -19 -9 -21 -1 23 -23 -10 -26 -7 -20
right_child=1 2 3 -5 -6 6 -8 8 17 10 11 16 -14 -15 -16 -17 -18 18 27 20 -22 22 -24 -25 25 -27 -28 -29
leaf_value=0.0020766061728720083 -0.22357918795802786 -0.16747539323341173 0.1528941955398736 -0.039289053148837662 0.080525858296032718 -0.034672973282230797 0.026465730968484726 0.11104161155500122 -0.1583419700424506 -0.2120558884569147 -0.069401617175444907 0.040350947593306978 0.14035404214824218 0.025825612512683692 0.029125466165412325 0.028693406512876513 -0.18962600859269477 0.10213856522012602 0.060570940118280577 -0.14937258585559915 0.1180250756024111 0.0015970938433235997 -0.070721221915765145 0.19473438463529047 0.083572734290980943 -0.1474627166889167 -0.21501071769834065 -0.096164614708515922
leaf_weight=789.08030230598524 6.4746339600533274 2.6683985283598295 6.7671375423669797 3.8733268920332193 13.026079380419104 7.6251685144379753 8.9687040122225863 33.087459116242826 6.8359567467123252 12.856311758980157 31.72327427752316 2.7563295476138583 8.6881142659112793 51.311803831718862 5.3374440828338257 2.6323006879538289 10.439934322610496 12.305865125730636 7.000748870894312 3.0292697083204976 1.6671722419559953 6.6975915413349894 4.0723850512877098 8.9990127794444543 6.0051694698631763 1.936949463561177 7.5787969855591655 8.383138361386953
leaf_count=5194 61 38 25 32 69 88 80 161 79 102 277 17 44 364 43 22 116 56 43 46 4 41 51 21 46 26 88 82
internal_value=0 -0.0693995 0.0208944 0.085683 0.0014119 0.000277408 -0.0784337 0.00229343 0.0403065 -0.001018 -0.0338451 -0.0148111 0.00538624 -0.0110003 -0.12084 -0.171331 -0.141305 -0.00525567 0.033562 0.0900195 -0.0457665 0.00412311 0.0785533 0.121307 -0.0750776 0.00976033 -0.137844 -0.0248884
internal_weight=0 19.7835 13.3089 10.6405 1052.05 1039.02 24.1727 1014.85 80.2517 934.595 125.746 104.919 91.7232 83.0351 20.8261 15.4886 13.1963 42.4678 27.6898 37.7839 4.69644 808.849 19.769 15.6966 14.7781 7.94212 15.204 15.3839
internal_count=7316 156 95 57 7160 7091 256 6835 543 6292 985 818 685 641 167 124 133 332 181 211 50 5307 113 62 151 72 176 125
is_linear=0
shrinkage=0.179372


Tree=12
num_leaves=29
num_cat=0
split_feature=50 4 6 43 7 23 47 27 1 4 3 39 3 14 7 7 42 42 39 38 38 31 29 49 39 15 47 4
split_gain=2.84461 10.608 12.6239 9.80911 7.42917 5.47255 5.2393 6.11321 7.93749 5.71223 5.47988 5.16529 4.87017 6.56887 6.50463 4.39826 6.29568 4.20386 4.18826 3.91688 3.90325 3.6377 3.5802 3.4893 5.41203 3.75419 3.74634 3.39452
threshold=3.5000000000000004 1.0000000180025095e-35 1.5000000000000002 8.5000000000000018 15.500000000000002 1.5000000000000002 2.5000000000000004 1.5000000000000002 3.5000000000000004 2.5000000000000004 5.5000000000000009 6.5000000000000009 16.500000000000004 1.0000000180025095e-35 1.5000000000000002 57.500000000000007 85.000000000000014 45.000000000000007 12.500000000000002 4.5000000000000009 55.000000000000007 5.5000000000000009 1.0000000180025095e-35 9.5000000000000018 6.5000000000000009 4.5000000000000009 2.5000000000000004 1.0000000180025095e-35
decision_type=2 2 2 2 2 2 2 2 2 2 2 2 2 2 2 2 2 2 2 2 2 2 2 2 2 2 2 2
left_child=1 5 6 4 -4 12 9 10 -9 -3 11 -8 18 -14 -15 17 20 22 23 21 -17 -5 -6 25 26 -1 -25 -2
right_child=27 2 3 19 15 -7 7 8 -10 -11 -12 -13 13 14 -16 16 -18 -19 -20 -21 -22 -23 -24 24 -26 -27 -28 -29
leaf_value=-0.2150146333739836 0.020331374657727632 0.16323006074009858 -0.1816585290462237 -0.11987766579449845 0.039445421073669225 0.13218623838118587 -0.12970153803206233 0.20090966263509066 -0.034730031645361883 -0.023443533512553887 -0.17411776042769733 0.10220424705076472 0.06329399748841899 0.0040440507025207044 -0.17222140822830359 -0.023056433543251365 0.15273229590558779 -0.075776512326186943 0.022137065377381301 -0.18746198888540777 -0.19887778566697151 0.092367111223706028 0.1857975062672777 -0.094016372336189591 -0.21216440769783351 0.0030555951667218233 0.10777624943007086 -0.0035446050164423494
leaf_weight=18.634200950153176 293.90118715632707 23.188886834308509 4.8522413428872815 3.7073440477252033 15.38152485713363 2.600770875811576 3.0659552738070541 8.2455479251220805 7.6194223035126916 6.0195517800748339 5.7177351024001828 7.3124233465641737 13.432890139520167 12.908055417239668 11.871616614051161 28.71900039725006 4.0897123911418012 3.9213000368326894 4.8250247081741682 13.553241936489938 3.2809296799823633 3.3811217322945595 8.2156024454161525 3.5594931971281749 3.0079466328024855 2.6767402701079837 5.1999557577073574 541.19638008438051
leaf_count=209 1846 82 39 31 109 13 26 25 66 29 64 33 74 77 110 299 16 33 35 143 46 18 31 27 29 15 25 3766
internal_value=0 -0.0176373 0.0102913 -0.0324868 0.00089864 -0.0702791 0.0720882 0.0194456 0.0941765 0.125015 -0.0551692 0.0238777 -0.0800783 -0.0321494 -0.0852523 0.0193341 -0.021314 0.0714101 -0.124606 -0.135827 -0.0504726 -0.0183794 0.0999006 -0.146534 -0.0551725 -0.188639 0.0222408 0.00486155
internal_weight=0 228.988 150.272 89.102 68.4603 78.7167 61.1695 31.9611 15.865 29.2084 16.0961 10.3784 76.1159 38.2126 24.7797 63.6081 36.0896 27.5184 37.9034 20.6417 31.9999 7.08847 23.5971 33.0783 11.7674 21.3109 8.75945 835.098
internal_count=7316 1704 1090 765 573 614 325 214 91 111 123 59 601 261 187 534 361 173 340 192 345 49 140 305 81 224 52 5612
is_linear=0
shrinkage=0.179372


Tree=13
num_leaves=29
num_cat=0
split_feature=28 49 13 26 38 4 26 11 48 47 47 42 3 49 46 18 23 16 38 27 47 11 3 6 19 11 15 48
split_gain=3.82174 5.08505 4.52496 9.08018 8.31663 5.22195 4.76429 6.23311 9.90155 5.85953 5.48936 4.84564 4.18429 4.15099 3.9441 3.92707 3.88665 6.10211 6.00444 6.21879 7.08359 4.9182 4.02169 3.7652 3.62251 4.26416 3.97679 3.59659
threshold=1.0000000180025095e-35 12.500000000000002 1.5000000000000002 1.0000000180025095e-35 65.000000000000014 1.5000000000000002 1.0000000180025095e-35 1.0000000180025095e-35 2.5000000000000004 4.5000000000000009 9.5000000000000018 45.000000000000007 152.00000000000003 10.500000000000002 8.5000000000000018 1.0000000180025095e-35 1.5000000000000002 6.5000000000000009 3.5000000000000004 2.5000000000000004 8.5000000000000018 3.5000000000000004 65.500000000000014 16.500000000000004 12.500000000000002 4.5000000000000009 10.500000000000002 1.5000000000000002
decision_type=2 2 2 2 2 2 2 2 2 2 2 2 2 2 2 2 2 2 2 2 2 2 2 2 2 2 2 2
left_child=16 2 5 4 -4 14 7 8 -7 11 -8 -10 -3 -6 -2 -5 21 18 -18 -20 -21 -1 -22 -11 26 -26 -9 -23
right_child=1 12 3 15 13 6 10 24 9 23 -12 -13 -14 -15 -16 -17 17 -19 19 20 22 27 -24 -25 25 -27 -28 -29
leaf_value=-0.0072728713301210592 0 -0.097533741209028302 -0.18326072243370625 -0.13935691071418996 -0.071898815244135411 0.10103419294401088 -0.14704358998494846 -0.13567662950033291 -0.046168473702863734 -0.14949473358220955 0.034185607818665732 0.12358824032194995 0.089986323920629788 0.14431579582797263 0.1885067941888923 0.048222563619549241 0.17212465361728113 -0.15515037888051705 0.093714504816859237 -0.14776579361459605 -0.12208581949870687 0.042997569820743139 0.096697294511880319 0.032729919526653599 0.12339006418975594 -0.051746246618755883 0.097605144396023885 -0.17410427679397242
leaf_weight=753.26730052288622 4.7369737885892418 17.18848924711347 13.147729441523554 2.2648144252598277 4.3792493473738414 21.04212701972574 7.9625473525375154 3.3874003794044247 12.051281592808666 15.493598276749255 10.853386025875805 7.2878370825201264 3.3288216535001984 3.8242238610982895 11.423688293434678 44.619726864621043 9.8730335831642133 3.1186384139582506 19.010108740068972 9.2581451684236544 1.9663909301161755 2.395014859735964 9.6717845741659385 3.7893097884953013 43.048375383019447 3.9215851067565373 2.7760510761290789 7.9225652534514666
leaf_count=5059 23 196 157 32 61 110 109 32 111 147 72 30 26 12 40 350 36 26 106 127 24 18 53 28 186 28 11 106
internal_value=0 0.0199962 0.0282642 -0.00959154 -0.102401 0.0457705 0.0327865 0.0467954 0.00619875 -0.0470758 -0.0473625 0.0216922 -0.0619033 0.0344767 0.137704 0.0343736 -0.00582141 0.0404013 0.0575759 0.0231077 -0.0425362 -0.00912605 0.0478679 -0.11312 0.0905098 0.107157 -0.0300175 -0.123315
internal_weight=0 236.527 216.01 68.2357 21.3512 147.774 131.613 112.798 59.6642 38.622 18.8159 19.3391 20.5173 8.20347 16.1607 46.8845 816.483 52.8981 49.7795 39.9064 20.8963 763.585 11.6382 19.2829 53.1334 46.97 6.16345 10.3176
internal_count=7316 1761 1539 612 230 927 864 683 426 316 181 141 222 73 63 382 5555 372 346 310 204 5183 77 175 257 214 43 124
is_linear=0
shrinkage=0.179372


Tree=14
num_leaves=29
num_cat=0
split_feature=0 34 10 11 48 6 15 11 38 4 23 23 46 15 39 27 42 3 48 5 19 6 6 48 3 31 6 48
split_gain=3.08609 3.50807 2.72884 5.5575 6.88533 5.64225 4.10008 5.15169 4.65916 4.8086 6.68303 4.19663 4.30847 3.13598 3.0046 2.76595 6.78127 5.42287 5.85957 2.69181 8.8379 12.6581 8.47791 8.70577 8.66046 8.61802 7.30785 10.2361
threshold=27.500000000000004 1.0000000180025095e-35 1.0000000180025095e-35 1.0000000180025095e-35 6.5000000000000009 1.5000000000000002 21.500000000000004 6.5000000000000009 8.5000000000000018 18.500000000000004 1.0000000180025095e-35 1.0000000180025095e-35 12.500000000000002 1.5000000000000002 5.5000000000000009 21.500000000000004 55.000000000000007 157.50000000000003 4.5000000000000009 1.0000000180025095e-35 2.5000000000000004 1.0000000180025095e-35 1.0000000180025095e-35 6.5000000000000009 36.500000000000007 1.0000000180025095e-35 1.0000000180025095e-35 7.5000000000000009
decision_type=2 2 2 2 2 2 2 2 2 2 2 2 2 2 2 2 2 2 2 2 2 2 2 2 2 2 2 2
left_child=1 2 15 4 -4 -5 8 -8 9 10 -7 -10 -13 -6 -9 17 -17 19 -19 20 21 -1 23 24 -21 -24 -22 -28
right_child=-2 -3 3 5 13 6 7 14 11 -11 -12 12 -14 -15 -16 16 -18 18 -20 22 26 -23 25 -25 -26 -27 27 -29
leaf_value=-0.020239933095584719 -0.073781566187161765 -0.10106333617860859 -0.16771850186049295 0.15248395431363984 0.14506252700516745 -0.20916982190358424 -0.0966256580955593 0.12017012900758482 0.15845817683569144 0.11809856552046333 0.057460388273417609 -0.14335097367943844 0.075862312205621799 -0.052275899481118576 -0.0684177610422015 -0.18673845039695142 0.044722547377734866 -0.06678228167632036 0.16493474791742821 0.10568400574279167 -0.0079272501608485257 0.071612213535441213 -0.05734718585069408 -0.029622578034914179 -0.033756472199170794 0.0070194962252715593 -0.17761069925328171 0.066340503065297901
leaf_weight=216.36869991803542 16.271620365791023 9.0001295711845142 7.5909571042284352 13.026761399582027 3.7421017065644264 4.8182631935924274 13.767073856666686 6.8021454773843271 15.505655905231835 3.6649994291365138 4.4839805299416184 2.4465999193489543 8.0366064002737385 3.5837478283792734 2.6007747501134872 6.6648362744599563 6.7969158589839935 3.7192428801208726 10.78480697236955 69.397600397933275 29.448762882500887 60.345869481563568 80.672669713385403 32.007446219213307 16.890648862347007 355.22631576610729 26.17071670666337 5.8659101016819468
leaf_count=1478 180 139 93 45 10 35 175 33 59 11 28 29 46 37 50 83 40 34 47 334 175 314 631 208 133 2583 250 36
internal_value=0 0.00129524 0.00238733 0.031894 -0.0628564 0.0518696 0.0271006 -0.0308166 0.0618174 -0.0231896 -0.0898248 0.103695 0.0107458 0.05479 0.0640449 -0.000533945 -0.0766438 0.000714597 0.103714 -0.00112922 -0.013719 3.67097e-05 0.00654121 0.0487871 0.0780749 -0.00502595 -0.0742743 -0.131377
internal_weight=0 1019.43 1010.43 90.0697 14.9168 75.1529 62.1261 23.17 38.9561 12.9672 9.30224 25.9889 10.4832 7.32585 9.40292 920.36 13.4618 906.899 14.504 892.395 338.2 276.715 554.195 118.296 86.2882 435.899 61.4854 32.0366
internal_count=7316 7136 6997 651 140 511 466 258 208 74 63 134 75 47 83 6346 123 6223 81 6142 2253 1792 3889 675 467 3214 461 286
is_linear=0
shrinkage=0.179372


end of trees

feature_importances:
ninki_3=24
mf_courseout=21
ninki_1=21
result_3=21
result_1=20
umaban=20
self_popularity=20
f_courseout=19
mf_course3=17
f_lenout=17
ninki_2=16
mf_course1=15
result_2=14
f_mf_courseout=13
mf_classout=13
f_classout=13
mf_classout.1=13
waku=13
f_course1=10
mf_len3=8
f_mf_classout=8
f_course2=7
f_len2=7
mf_class2=7
f_len1=6
f_mf_course1=5
mf_len1=5
f_class1=5
f_class3=5
mf_class1=5
f_course3=4
mf_course2=4
f_len3=4
f_mf_class3=4
f_mf_course3=3
mf_len2=3
mf_class3=3
f_mf_classout.1=2
f_mf_len1=1
f_mf_len2=1
f_class2=1
f_mf_class2=1

parameters:
[boosting: gbdt]
[objective: lambdarank]
[metric: ndcg]
[tree_learner: serial]
[device_type: cpu]
[data_sample_strategy: bagging]
[data: ]
[valid: ]
[num_iterations: 273]
[learning_rate: 0.179372]
[num_leaves: 29]
[num_threads: 16]
[seed: 0]
[deterministic: 0]
[force_col_wise: 1]
[force_row_wise: 0]
[histogram_pool_size: -1]
[max_depth: 9]
[min_data_in_leaf: 17]
[min_sum_hessian_in_leaf: 0.001]
[bagging_fraction: 1]
[pos_bagging_fraction: 1]
[neg_bagging_fraction: 1]
[bagging_freq: 0]
[bagging_seed: 7719]
[feature_fraction: 1]
[feature_fraction_bynode: 1]
[feature_fraction_seed: 2437]
[extra_trees: 0]
[extra_seed: 11797]
[early_stopping_round: 0]
[first_metric_only: 0]
[max_delta_step: 0]
[lambda_l1: 0.0944408]
[lambda_l2: 1.65353]
[linear_lambda: 0]
[min_gain_to_split: 0]
[drop_rate: 0.1]
[max_drop: 50]
[skip_drop: 0.5]
[xgboost_dart_mode: 0]
[uniform_drop: 0]
[drop_seed: 21238]
[top_rate: 0.2]
[other_rate: 0.1]
[min_data_per_group: 100]
[max_cat_threshold: 32]
[cat_l2: 10]
[cat_smooth: 10]
[max_cat_to_onehot: 4]
[top_k: 20]
[monotone_constraints: ]
[monotone_constraints_method: basic]
[monotone_penalty: 0]
[feature_contri: ]
[forcedsplits_filename: ]
[refit_decay_rate: 0.9]
[cegb_tradeoff: 1]
[cegb_penalty_split: 0]
[cegb_penalty_feature_lazy: ]
[cegb_penalty_feature_coupled: ]
[path_smooth: 0]
[interaction_constraints: ]
[verbosity: -1]
[saved_feature_importance_type: 0]
[use_quantized_grad: 0]
[num_grad_quant_bins: 4]
[quant_train_renew_leaf: 0]
[stochastic_rounding: 1]
[linear_tree: 0]
[max_bin: 255]
[max_bin_by_feature: ]
[min_data_in_bin: 3]
[bin_construct_sample_cnt: 200000]
[data_random_seed: 38]
[is_enable_sparse: 1]
[enable_bundle: 1]
[use_missing: 1]
[zero_as_missing: 0]
[feature_pre_filter: 1]
[pre_partition: 0]
[two_round: 0]
[header: 0]
[label_column: ]
[weight_column: ]
[group_column: ]
[ignore_column: ]
[categorical_feature: ]
[forcedbins_filename: ]
[precise_float_parser: 0]
[parser_config_file: ]
[objective_seed: 8855]
[num_class: 1]
[is_unbalance: 0]
[scale_pos_weight: 1]
[sigmoid: 1]
[boost_from_average: 1]
[reg_sqrt: 0]
[alpha: 0.9]
[fair_c: 1]
[poisson_max_delta_step: 0.7]
[tweedie_variance_power: 1.5]
[lambdarank_truncation_level: 30]
[lambdarank_norm: 1]
[label_gain: ]
[lambdarank_position_bias_regularization: 0]
[eval_at: 1,3,5]
[multi_error_top_k: 1]
[auc_mu_weights: ]
[num_machines: 1]
[local_listen_port: 12400]
[time_out: 120]
[machine_list_filename: ]
[machines: ]
[gpu_platform_id: -1]
[gpu_device_id: -1]
[gpu_use_dp: 0]
[num_gpu: 1]

end of parameters

pandas_categorical:[]
