tree
version=v4
num_class=1
num_tree_per_iteration=1
label_index=0
max_feature_idx=49
objective=lambdarank
feature_names=f_course1 f_course2 f_course3 f_courseout mf_course1 mf_course2 mf_course3 mf_courseout f_mf_course1 f_mf_course2 f_mf_course3 f_mf_courseout f_len1 f_len2 f_len3 f_lenout mf_len1 mf_len2 mf_len3 mf_classout f_mf_len1 f_mf_len2 f_mf_len3 f_mf_classout f_class1 f_class2 f_class3 f_classout mf_class1 mf_class2 mf_class3 mf_classout.1 f_mf_class1 f_mf_class2 f_mf_class3 f_mf_classout.1 time_df_course1 time_df_class1 ninki_1 result_1 time_df_course2 time_df_class2 ninki_2 result_2 time_df_course3 time_df_class3 ninki_3 result_3 waku umaban
feature_infos=[-1:43] [-1:38] [-1:34] [-1:288] [-1:50] [-1:36] [-1:37] [-1:420] [-1:6] [-1:6] [-1:5] [-1:25] [-1:13] [-1:10] [-1:9] [-1:73] [-1:10] [-1:9] [-1:8] [-1:78] [-1:2] [-1:2] [-1:3] [-1:8] [-1:7] [-1:4] [-1:4] [-1:34] [-1:6] [-1:5] [-1:4] [-1:40] [-1:2] [-1:2] [-1:2] [-1:6] [-1:0] [-1:0] [-1:170] [-1:140] [-1:0] [-1:0] [-1:180] [-1:160] [-1:0] [-1:0] [-1:180] [-1:160] [1:8] [1:16]
tree_sizes=4185 4186 4189 4205 4207 4190 4227 4215 4195 4206 4023 4214 4228

Tree=0
num_leaves=39
num_cat=0
split_feature=43 39 42 39 46 38 42 38 42 39 39 16 17 6 38 38 47 39 39 1 39 49 46 27 12 38 42 48 13 14 42 29 49 31 43 49 29 19
split_gain=98.6827 24.526 24.1282 15.7901 15.3504 14.1208 14.0076 10.7056 19.6998 14.5698 6.99929 6.82036 8.13416 6.69037 8.88186 9.09821 6.86572 5.2104 4.82983 9.88384 4.6863 4.46702 4.45955 4.17065 9.46467 3.60533 3.49079 5.99239 2.64613 3.39264 2.40987 2.26448 2.97239 2.21454 3.86917 2.00176 1.27087 1.05506
threshold=6.5000000000000009 4.5000000000000009 105.00000000000001 5.5000000000000009 25.000000000000004 11.500000000000002 75.000000000000014 75.000000000000014 19.000000000000004 8.5000000000000018 4.5000000000000009 3.5000000000000004 1.5000000000000002 1.0000000180025095e-35 55.000000000000007 15.500000000000002 7.5000000000000009 11.500000000000002 1.0000000180025095e-35 1.5000000000000002 5.5000000000000009 10.500000000000002 95.000000000000014 1.0000000180025095e-35 1.5000000000000002 85.000000000000014 65.000000000000014 5.5000000000000009 1.0000000180025095e-35 2.5000000000000004 45.000000000000007 1.5000000000000002 11.500000000000002 3.5000000000000004 4.5000000000000009 15.500000000000002 1.0000000180025095e-35 11.500000000000002
decision_type=2 2 2 2 2 2 2 2 2 2 2 2 2 2 2 2 2 2 2 2 2 2 2 2 2 2 2 2 2 2 2 2 2 2 2 2 2 2
left_child=1 18 3 5 10 11 13 8 9 -5 -4 12 -2 16 15 -15 17 -3 19 37 -8 -16 -10 24 -9 -12 30 -28 -21 -30 -7 33 -33 34 -20 -6 -35 -1
right_child=2 6 4 7 35 26 20 23 22 -11 25 -13 -14 14 21 -17 -18 -19 31 28 -22 -23 -24 -25 -26 -27 27 -29 29 -31 -32 32 -34 36 -36 -37 -38 -39
leaf_value=-0.18138254487617692 -0.021282594122021378 0.041579462659878129 0.14937235922908787 -0.12605652883156671 -0.17024167116636971 0.069251040027415611 0.036287457553569991 -0.13443724671636489 0.075833180657979102 -0.03357888131477596 0.03603615107572021 0.11429971133776612 -0.19013366477481661 0.031336412716361471 0.014656254353472507 0.13127876112214232 -0.15338767116482732 -0.10315114190334178 0.12089174463043401 0.15284842187811493 -0.17697690961300436 -0.12906615344397041 -0.081113026789117443 -0.17267919221450279 0.15999730357028275 -0.16796256950069574 -0.042918164092510439 0.12255282959653538 -0.060726859568227126 0.13673788040433216 0.16151599395640973 -0.078924923357824667 0.14667707852340767 0.1612714573294039 0.030889154678430019 -0.060377842557807114 0.098421398460494705 -0.041479553499833691
leaf_weight=1.5097061283886417 30.910863287746906 11.915495362132789 2.3513342440128353 23.144217487424612 21.931306879967455 5.7952423729002494 1.2862205281853665 4.4721677638590327 15.038965314626696 60.083109933882952 1.5521015152335169 3.1883390992879859 3.0709873810410491 18.279790919274092 9.4482051990926248 17.58341109752655 2.9303592927753916 3.0444759950041762 29.221809323877096 4.0823559947311878 4.2641549482941628 2.7094748578965655 1.9824779145419587 8.9042131304740888 1.3877571038901804 1.8011380918323991 4.7365243621170503 3.8716121800243855 1.7583456560969355 1.6169775649905203 5.6558216325938702 1.2762553617358201 1.0145417302846906 16.11469661816955 5.686779558658599 1.8623336739838112 4.3404077440500251 0.91947305947542179
leaf_count=24 325 100 9 326 340 44 10 67 105 637 13 17 49 166 86 82 47 46 159 13 68 41 23 141 4 27 56 19 21 7 18 19 5 56 56 21 32 11
internal_value=0 0.0641206 -0.044181 -0.0299989 -0.126857 0.0124082 0.0236703 -0.0511273 -0.0394959 -0.0593421 0.0183407 -0.0236172 -0.0366716 0.0364188 0.0556642 0.0804419 -0.0150638 0.0118789 0.106865 0.0424535 -0.127002 -0.0171696 0.0573414 -0.129834 -0.0640595 -0.0727177 0.0793068 0.0311758 0.0991223 0.0330209 0.11517 0.117849 0.019753 0.121847 0.10633 -0.161796 0.148129 -0.130003
internal_weight=0 139.003 201.741 172.242 29.4982 57.2294 71.4616 115.013 100.249 83.2273 5.70457 37.1702 33.9819 65.9112 48.0209 35.8632 17.8903 14.96 67.5413 9.88686 5.55038 12.1577 17.0214 14.7641 5.85992 3.35324 20.0592 8.60814 7.45768 3.37532 11.4511 57.6545 2.2908 55.3637 34.9086 23.7936 20.4551 2.42918
internal_count=3290 1049 2241 1831 410 528 646 1303 1091 963 49 391 374 568 375 248 193 146 403 76 78 127 128 212 71 40 137 75 41 28 62 327 24 303 215 361 88 35
is_linear=0
shrinkage=0.0989051


Tree=1
num_leaves=39
num_cat=0
split_feature=43 39 47 30 38 18 49 38 35 38 7 11 47 11 49 5 4 39 3 1 25 26 49 28 49 38 46 17 49 7 31 10 38 46 39 42 42 27
split_gain=61.8709 33.0732 28.333 14.0505 13.2682 13.7973 14.8588 13.0015 12.7411 12.3648 10.869 14.7388 13.952 10.6604 10.2649 10.183 14.4693 13.3449 9.9591 11.9456 15.1811 9.18794 9.05895 8.65942 8.65735 13.596 10.9983 7.26433 7.12785 8.02021 6.82884 6.81377 6.69703 4.92983 4.88137 4.97453 2.81676 2.50785
threshold=5.5000000000000009 4.5000000000000009 9.5000000000000018 2.5000000000000004 7.5000000000000009 1.0000000180025095e-35 12.500000000000002 2.5000000000000004 1.0000000180025095e-35 45.000000000000007 130.50000000000003 1.0000000180025095e-35 8.5000000000000018 3.5000000000000004 3.5000000000000004 4.5000000000000009 3.5000000000000004 5.5000000000000009 107.50000000000001 10.500000000000002 1.0000000180025095e-35 1.0000000180025095e-35 3.5000000000000004 1.5000000000000002 2.5000000000000004 10.500000000000002 65.000000000000014 4.5000000000000009 15.500000000000002 11.500000000000002 4.5000000000000009 1.0000000180025095e-35 15.500000000000002 4.5000000000000009 5.5000000000000009 5.5000000000000009 55.000000000000007 1.0000000180025095e-35
decision_type=2 2 2 2 2 2 2 2 2 2 2 2 2 2 2 2 2 2 2 2 2 2 2 2 2 2 2 2 2 2 2 2 2 2 2 2 2 2
left_child=3 4 7 9 5 8 30 34 22 10 11 21 -13 14 -9 16 17 -11 19 20 -6 -1 -2 32 25 -4 -27 36 33 -30 -7 -25 -12 -26 -3 -36 -17 -18
right_child=1 2 24 -5 18 6 -8 13 -10 15 23 12 -14 -15 -16 27 37 -19 -20 -21 -22 -23 -24 31 28 26 -28 -29 29 -31 -32 -33 -34 -35 35 -37 -38 -39
leaf_value=0.048887699888071699 0.017862616431450325 0.18426298943234432 -0.15045476916365746 -0.13638442129628298 0.060018403104872033 0.11017597338173038 -0.17567875547930464 0.030745550482571805 0.089898740560984763 0.041033783055452903 0.055173659802312751 -0.026478074738067146 0.08824820246314298 -0.13985266024963236 -0.034301278155247229 -0.14598284848617318 0.17392597384847366 -0.090746057832087265 -0.11793798178941373 0.1834416687444457 -0.12038997840523886 0.12276748323789125 -0.10412560860906878 0.09770462850918131 0.002647008726141016 0.086821912329034662 -0.1565989672395732 0.051955578335084275 0.046233431299409183 -0.16737361079227658 -0.020594944395204491 -0.073757217640427655 0.17650744618223677 -0.11051787685585797 0.11552814054466863 -0.090633701971452055 -0.034285434543805914 0.075374627296465602
leaf_weight=95.175582494586706 7.737983599305152 3.8077472634613496 5.3162577636539963 4.4985629785805932 46.247380238026381 14.403846051543956 2.6119834855198851 31.545063549652696 5.2725677341222754 19.28337444737554 6.4765888676047387 44.091135758906603 13.54968626052141 7.4531619623303405 95.320108331739902 7.6356161609292013 5.110468100756405 12.29986527841538 3.2929758839309207 6.6304193548858157 5.0453965812921515 20.016431223601103 25.215720178559422 5.3496095053851587 3.8952495716512194 9.4770024381577951 2.2322699464857569 3.3961493205279103 6.3844966441392881 2.3423692099750042 5.3039938770234576 3.9080796465277672 14.912805818021296 79.483542719855905 2.8604701459407806 1.885584160685539 3.2284235488623381 5.3521816357970238
leaf_count=287 34 5 52 24 177 41 24 161 13 49 27 145 37 79 658 41 8 109 29 9 30 47 170 16 20 36 35 19 29 25 31 12 15 722 9 19 27 19
internal_value=0 -0.0258981 -0.0463518 0.0366262 0.0164077 -0.0163814 0.0453221 -0.017338 -0.0524939 0.039638 0.0509887 0.0413295 0.000443258 -0.024888 -0.0181016 -0.00132641 0.0231125 -0.0101954 0.0488878 0.05844 0.0421966 0.0617598 -0.0753872 0.105335 -0.0843032 -0.0192674 0.0400787 -0.0735821 -0.0962881 -0.0108267 0.0748258 0.0249797 0.139947 -0.105193 0.100769 0.0329409 -0.113126 0.1239
internal_weight=0 373.766 252.003 264.285 121.762 60.5461 22.3198 142.872 38.2263 259.786 203.48 172.833 57.6408 134.318 126.865 56.3061 42.0459 31.5832 61.2162 57.9232 51.2928 115.192 32.9537 30.6471 109.131 17.0255 11.7093 14.2602 92.1057 8.72687 19.7078 9.25769 21.3894 83.3788 8.5538 4.74605 10.864 10.4626
internal_count=3290 2408 1850 882 558 313 96 931 217 858 586 516 182 898 819 272 185 158 245 216 207 334 204 70 919 123 71 87 796 54 72 28 42 742 33 28 68 27
is_linear=0
shrinkage=0.0989051


Tree=2
num_leaves=39
num_cat=0
split_feature=39 43 43 47 7 47 46 48 29 9 38 49 1 2 42 42 49 38 8 31 46 38 38 47 19 11 38 38 48 43 6 9 49 6 8 15 1 19
split_gain=47.4461 21.1103 12.9657 11.209 10.3655 10.4423 9.03184 15.0308 8.6618 8.61575 8.5835 7.4814 6.99471 11.2347 8.91244 10.1643 7.52765 6.63351 6.59684 7.27717 6.2803 6.72826 5.87979 5.85513 5.774 5.50823 5.38603 5.35846 5.18742 10.1356 5.66768 4.76372 4.67622 5.12778 4.30746 3.9075 3.69537 3.37188
threshold=4.5000000000000009 5.5000000000000009 8.5000000000000018 8.5000000000000018 1.0000000180025095e-35 1.5000000000000002 6.5000000000000009 1.5000000000000002 1.0000000180025095e-35 1.0000000180025095e-35 2.5000000000000004 1.5000000000000002 4.5000000000000009 1.0000000180025095e-35 55.000000000000007 9.5000000000000018 3.5000000000000004 10.500000000000002 1.0000000180025095e-35 4.5000000000000009 35.000000000000007 11.500000000000002 75.000000000000014 6.5000000000000009 20.500000000000004 2.5000000000000004 135.00000000000003 1.0000000180025095e-35 4.5000000000000009 3.5000000000000004 2.5000000000000004 1.0000000180025095e-35 15.500000000000002 5.5000000000000009 1.5000000000000002 9.5000000000000018 7.5000000000000009 5.5000000000000009
decision_type=2 2 2 2 2 2 2 2 2 2 2 2 2 2 2 2 2 2 2 2 2 2 2 2 2 2 2 2 2 2 2 2 2 2 2 2 2 2
left_child=2 12 4 10 5 -1 7 -5 27 34 -3 -6 13 16 15 -15 17 -2 19 -10 37 -22 28 -18 -11 -24 31 -4 30 -30 -14 -12 33 -29 -8 -16 -21 -13
right_child=1 3 8 6 11 -7 9 -9 18 24 26 20 22 14 35 -17 23 -19 -20 36 21 -23 25 -25 -26 -27 -28 32 29 -31 -32 -33 -34 -35 -36 -37 -38 -39
leaf_value=0.051252857335562237 0.084024013805145834 0.085626509803430603 -0.13949290543609302 0.15896075689419228 -0.053395568098361219 -0.12388007154071878 -0.09152718430706959 -0.070645989642704632 0.10821703363735233 0.055220590890371804 -0.019337612574976862 0.055746691370614831 0.12308095438837256 -0.023298507288873904 -0.028479749175994541 -0.14236405686484585 0.069347046403992432 -0.15257526349942244 0.15724475494690809 -0.16991036880403049 -0.030691928692322179 0.05310771030041047 -0.16414849628804329 -0.045422737252632649 -0.17131972740655077 0.047983445870772919 -0.16367393999690719 -0.03149026846055325 -0.075549438599600727 0.08593498325959413 0.029427535564095036 -0.11529040691822955 0.089213656892132384 0.042636880644276072 0.076734335826948372 0.14455246193986149 0.041593847124825688 0.094575246582845288
leaf_weight=6.7742564305663091 1.662949677556752 6.847626131027936 3.2132077086716881 4.3748773373663408 5.7726786471903315 6.5110458806157112 78.514762792736292 7.653669785708189 3.6986731849610788 6.8053897656500322 90.829064451158047 40.438832191750407 13.4036264680326 17.255788836628202 2.2230221871286622 11.905141204595564 24.113523669540886 3.6968908607959747 5.4023642428219318 2.1666268892586236 12.048911567777393 41.507129970937967 2.5351414158940306 5.2645162772387257 1.3023916967213152 2.2264259923249483 2.812372149899601 44.414231229573488 7.5513681378215534 7.638105345889926 12.173148911446331 5.3725903555750838 4.4283804520964614 11.453767849132417 1.4914422705769528 2.9061262644827366 1.2497706487774847 49.3526073358953
leaf_count=17 6 32 39 9 22 27 917 74 12 48 629 125 34 85 20 64 77 31 12 23 38 115 29 42 22 19 47 277 44 27 42 65 13 55 7 7 5 133
internal_value=0 -0.0248508 0.0334103 -0.0437799 0.0491903 -0.0343604 -0.0675141 0.0126447 -0.000257795 -0.0784928 -0.021295 0.0566564 0.00916218 -0.0106498 -0.0508393 -0.0720392 0.0289325 -0.0785629 0.0748727 0.0117897 0.0611128 0.0341939 0.0392672 0.0486665 0.018322 -0.0643703 -0.0287271 -0.0151223 0.0514591 0.00544737 0.0786514 -0.0247373 -0.00842637 -0.0162329 -0.0883444 0.0690053 -0.0916865 0.0771293
internal_weight=0 320.56 238.432 206.004 162.405 13.2853 100.143 12.0285 76.027 88.114 105.862 149.12 114.556 69.028 34.2901 29.1609 34.7379 5.35984 12.5174 7.11507 143.347 53.556 45.5278 29.378 8.10778 4.76157 99.014 63.5096 40.7662 15.1895 25.5768 96.2017 60.2964 55.868 80.0062 5.12915 3.4164 89.7914
internal_count=3290 2377 913 1850 477 44 1077 83 436 994 773 433 527 332 176 149 156 37 52 40 411 153 195 119 70 48 741 384 147 71 76 694 345 332 924 27 28 258
is_linear=0
shrinkage=0.0989051


Tree=3
num_leaves=39
num_cat=0
split_feature=43 39 46 38 42 48 38 0 2 48 49 7 17 3 0 4 35 31 3 49 47 2 18 38 6 38 7 12 16 39 35 38 14 44 12 46 7 19
split_gain=36.3702 10.4847 13.924 9.9042 10.9426 9.06699 8.17045 8.03165 6.89583 6.5751 13.8652 16.1726 10.6564 13.4158 10.397 10.1604 7.34786 7.8378 7.08315 6.02142 6.67436 8.51186 9.85945 8.1681 5.80548 5.20346 4.99413 4.64605 4.07256 3.66716 3.41729 3.03185 2.8474 2.43665 2.36389 2.29554 2.58664 2.07243
threshold=4.5000000000000009 3.5000000000000004 95.000000000000014 10.500000000000002 7.5000000000000009 1.5000000000000002 5.5000000000000009 1.0000000180025095e-35 9.5000000000000018 7.5000000000000009 9.5000000000000018 141.00000000000003 1.5000000000000002 71.000000000000014 1.0000000180025095e-35 1.5000000000000002 1.0000000180025095e-35 4.5000000000000009 2.5000000000000004 13.500000000000002 2.5000000000000004 1.0000000180025095e-35 1.5000000000000002 35.000000000000007 1.5000000000000002 3.5000000000000004 7.5000000000000009 5.5000000000000009 1.0000000180025095e-35 3.5000000000000004 1.5000000000000002 35.000000000000007 1.0000000180025095e-35 -1.0000000180025095e-35 1.0000000180025095e-35 5.5000000000000009 3.5000000000000004 3.5000000000000004
decision_type=2 2 2 2 2 2 2 2 2 2 2 2 2 2 2 2 2 2 2 2 2 2 2 2 2 2 2 2 2 2 2 2 2 2 2 2 2 2
left_child=9 19 3 4 6 28 -3 -7 -6 10 12 14 16 15 18 -14 17 -1 -12 20 33 23 -23 -22 -16 34 35 -15 -5 -18 -4 37 -33 -2 -21 -11 -37 -28
right_child=1 2 30 5 8 7 -8 -9 -10 26 11 -13 13 27 24 -17 29 -19 -20 25 21 22 -24 -25 -26 -27 31 -29 -30 -31 -32 32 -34 -35 -36 36 -38 -39
leaf_value=0.050195052298785105 0.0052923752002127867 0.046917657287530112 -0.10914952655298452 0.077592402746784236 -0.081846233308253205 -0.058025681553067601 -0.058815978493893077 0.0018355460909201401 0.014094022905373581 0.058708833715599047 -0.061299458441070931 0.11694686190917138 0.089738735444728726 0.12238741622783998 -0.13896192753353137 -0.12333440601237021 0.027443808019120868 0.12473826237365633 0.081844066285963177 -0.15091648874866442 -0.0047151773027332934 -0.080650147001375239 0.031212432656256041 0.13076468672292088 -0.03635606039398602 0.10833848620287462 0.17141949368316592 0.0042393074919520393 -0.024534011579167955 -0.15593466543189669 0.039053413473953261 0.09195199686891628 -0.068529709341995357 0.10198795046390464 0.027341223073897612 -0.14231473040953904 0.022926569713821784 0.095387245507205259
leaf_weight=73.749682921916246 4.0160261616110802 17.324657160788778 23.841692605055872 16.636723918840293 56.311007134616375 31.427147557027638 12.156266294419764 72.166829294525087 8.3596171438693982 3.8766003102064159 6.0741058625280839 6.777030872181057 2.7116449475288418 6.0720013082027418 11.815609369426967 10.967894583940504 1.988573983311652 17.085210703313351 7.582660399377346 1.1488676536828273 14.832134996540846 23.984542611986399 11.302029710263012 6.1301820650696746 10.121544275432823 9.7307023555040342 4.9092039763927522 7.1367380283772945 4.8982302527874699 2.229985848069191 1.5894583631306876 2.5225857254117718 1.8651420921087263 7.3338396307080966 1.9035799987614153 1.6470529716461899 2.0438142269849777 14.154054597020147
leaf_count=258 16 81 336 69 568 271 108 554 58 10 28 23 7 16 60 67 5 38 24 18 95 195 51 16 58 22 7 31 43 19 16 9 17 24 11 14 11 36
internal_value=0 -0.0202671 -0.0304502 -0.0223952 -0.0466295 -0.00413356 0.0032079 -0.0162966 -0.0693953 0.0337305 0.0258147 -0.0228741 0.0427589 -0.0121142 -0.0496028 -0.0808415 0.0583143 0.0642595 0.0179474 0.0106943 -0.00103374 -0.0150421 -0.0447325 0.0347838 -0.0917923 0.072928 0.0755443 0.0588279 0.0542156 -0.0688408 -0.0997538 0.0980905 0.0230121 0.0680771 -0.038908 0.00523059 -0.0500862 0.11519
internal_weight=0 325.094 244.712 219.28 94.1515 125.129 29.4809 103.594 64.6706 195.331 164.313 42.371 121.942 26.8883 35.5939 13.6795 95.0535 90.8349 13.6568 80.3819 67.5988 56.2489 35.2866 20.9623 21.9372 12.7832 31.0185 13.2087 21.535 4.21856 25.4312 23.451 4.38773 11.3499 3.05245 7.56747 3.69087 19.0633
internal_count=3290 2552 2104 1752 815 937 189 825 626 738 634 193 441 121 170 74 320 296 52 448 397 357 246 111 118 51 104 47 112 24 352 69 26 40 29 35 25 43
is_linear=0
shrinkage=0.0989051


Tree=4
num_leaves=39
num_cat=0
split_feature=43 39 47 38 17 46 27 29 49 7 38 49 46 2 35 25 47 3 19 42 47 42 43 13 46 31 3 9 48 28 46 11 42 1 3 38 47 38
split_gain=31.6146 9.92824 8.71439 8.02719 9.69716 7.75656 7.57889 9.47789 9.17588 7.43809 7.42782 7.19835 7.7795 6.68295 6.66336 6.60368 12.2429 6.7616 6.56274 6.5272 6.28664 5.95997 6.23964 5.95401 6.38425 5.80946 5.73062 5.34079 5.77738 5.26533 9.0814 4.68968 4.37301 4.31712 9.58222 5.79434 4.08763 4.64786
threshold=5.5000000000000009 4.5000000000000009 8.5000000000000018 11.500000000000002 3.5000000000000004 45.000000000000007 2.5000000000000004 1.0000000180025095e-35 4.5000000000000009 4.5000000000000009 2.5000000000000004 2.5000000000000004 6.5000000000000009 7.5000000000000009 1.5000000000000002 1.0000000180025095e-35 6.5000000000000009 9.5000000000000018 24.500000000000004 11.500000000000002 9.5000000000000018 14.500000000000002 15.500000000000002 1.5000000000000002 7.5000000000000009 1.5000000000000002 89.500000000000014 1.0000000180025095e-35 5.5000000000000009 1.0000000180025095e-35 9.5000000000000018 1.0000000180025095e-35 1.5000000000000002 1.0000000180025095e-35 9.5000000000000018 1.5000000000000002 11.500000000000002 9.5000000000000018
decision_type=2 2 2 2 2 2 2 2 2 2 2 2 2 2 2 2 2 2 2 2 2 2 2 2 2 2 2 2 2 2 2 2 2 2 2 2 2 2
left_child=15 3 6 13 5 -5 9 14 -9 19 -11 12 -4 21 -8 16 29 32 -7 -3 -15 22 -2 24 -19 -14 -22 -13 -29 33 -31 -25 -18 35 -35 -1 37 -17
right_child=1 2 11 4 -6 18 7 8 -10 10 -12 27 25 20 -16 36 17 23 -20 -21 26 -23 -24 31 -26 -27 -28 28 -30 30 -32 -33 -34 34 -36 -37 -38 -39
leaf_value=-0.060750570738938199 -0.035098319031895336 -0.10287048463709278 0.11850377319964918 0.094576708909926754 -0.12063303973088409 -0.023094514106064581 -0.11883626786860609 0.1159053257969537 -0.072462510423524626 0.13102404190106048 0.010128682028152466 -0.080838405037865407 4.6808989447525936e-05 -0.082397271896693644 0.108609043466024 -0.025776184220498079 -0.0027458794696101295 0.096596674358083445 0.12256271598507278 0.0018314459848750926 0.14103333327416637 -0.10351534133502248 0.096239945080426284 0.03882967662978886 -0.016507600521066954 -0.15360457956624141 -0.026894908158390497 -0.10111802630837717 0.074244233517905281 -0.097746181531246215 0.045915403378539846 -0.13778824599626358 -0.15400952944421345 -0.087758389378424909 0.039450657785949646 0.075338520658540964 0.13323886976353785 0.060917197298152467
leaf_weight=3.2670776937156907 26.662707332521681 10.237286727875473 4.1172848939895657 19.635687403380871 3.4968895129859439 15.198477201163771 16.607410389930017 4.8631439730524999 5.2432121876627207 5.6256348118185988 43.130463423207402 63.278886622749269 9.742805337533353 2.8612483721226445 1.3434145785868157 7.0094679296016684 2.7895620316266996 6.8933956846594873 3.7679412215948096 13.364700697362421 5.9883961100131256 10.689779961481689 4.0642170757055274 2.0333177484571925 16.587462093681097 3.1721292529255143 2.9280234947800636 2.9911310402676454 4.7329749017953873 7.5266849175095585 10.008752398192881 5.0607016775757074 5.9425779059529305 6.5528885126113883 48.83584036398679 42.444447629153728 6.3348332531750193 41.92769586481154
leaf_count=23 185 77 10 58 22 94 181 19 64 14 319 868 77 31 9 34 18 19 10 90 16 103 16 10 78 53 23 38 31 52 45 27 59 32 174 137 16 158
internal_value=0 -0.0216244 -0.0347819 0.00436304 0.0366549 0.0510049 -0.0148233 -0.0584559 0.0178836 0.00205575 0.02416 -0.0575081 5.09618e-05 -0.0211352 -0.101602 0.0287772 0.0184494 -0.0293426 0.00571008 -0.0434656 0.044459 -0.0398692 -0.017605 -0.00730021 0.0165811 -0.0375106 0.0855552 -0.0713587 0.00589532 0.0343117 -0.0155818 -0.0867305 -0.106091 0.0429974 0.0243344 0.0655348 0.058226 0.048433
internal_weight=0 283.744 188.45 95.2934 42.099 38.6021 100.415 28.0572 10.1064 72.3581 48.7561 88.0352 17.0322 53.1944 17.9508 213.215 157.943 39.307 18.9664 23.602 11.7777 41.4167 30.7269 30.5749 23.4809 12.9149 8.91642 71.003 7.72411 118.636 17.5354 7.09402 8.73214 101.1 55.3887 45.7115 55.272 48.9372
internal_count=3290 2408 1850 558 184 162 773 273 83 500 333 1077 140 374 190 882 674 211 104 167 70 304 201 134 97 130 39 937 69 463 97 37 77 366 206 160 208 192
is_linear=0
shrinkage=0.0989051


Tree=5
num_leaves=39
num_cat=0
split_feature=43 39 38 42 42 42 38 6 46 19 5 1 35 39 8 47 49 31 43 1 3 23 0 7 39 7 43 10 38 1 3 46 0 39 15 3 38 16
split_gain=23.6964 9.82265 8.78183 7.05686 6.77633 9.89759 10.6001 10.4823 8.94877 8.74824 6.65908 6.46439 6.42832 6.50772 8.41609 6.43285 6.19345 5.48501 5.085 4.32469 3.97369 3.76115 3.73814 6.9838 4.2306 3.67049 2.7769 3.02563 3.47109 8.2599 2.86746 2.78414 4.36345 2.75979 1.64515 3.00905 1.58593 0.765471
threshold=5.5000000000000009 5.5000000000000009 2.5000000000000004 75.000000000000014 105.00000000000001 25.000000000000004 75.000000000000014 7.5000000000000009 25.000000000000004 33.500000000000007 1.0000000180025095e-35 4.5000000000000009 1.0000000180025095e-35 2.5000000000000004 1.0000000180025095e-35 9.5000000000000018 13.500000000000002 3.5000000000000004 6.5000000000000009 11.500000000000002 1.5000000000000002 2.5000000000000004 2.5000000000000004 21.500000000000004 11.500000000000002 1.5000000000000002 4.5000000000000009 1.5000000000000002 6.5000000000000009 1.5000000000000002 13.500000000000002 10.500000000000002 1.0000000180025095e-35 4.5000000000000009 24.500000000000004 93.500000000000014 45.000000000000007 1.0000000180025095e-35
decision_type=2 2 2 2 2 2 2 2 2 2 2 2 2 2 2 2 2 2 2 2 2 2 2 2 2 2 2 2 2 2 2 2 2 2 2 2 2 2
left_child=1 26 -3 11 5 12 10 21 25 -9 20 16 13 14 -2 -15 -4 -12 -10 -13 -7 -8 23 -14 -24 -6 27 28 29 -1 -30 -28 -33 -27 -20 -36 -35 -34
right_child=4 2 3 -5 8 6 7 9 18 -11 17 19 22 15 -16 -17 -18 -19 34 -21 -22 -23 24 -25 -26 33 31 -29 30 -31 -32 32 37 36 35 -37 -38 -39
leaf_value=-0.089406795324718791 -0.014054381792760393 -0.14192627582464815 -0.027682674180582612 -0.13700977619451013 0.15403445172694541 -0.0091397778935277604 -0.10873084712562099 0.11684445754371049 0.059924051830999206 -0.10355996234144228 -0.024386002613421727 0.072261085236654574 -0.150101503478972 -0.025133965804024726 0.13994521382006414 -0.071870395766220729 0.06342138479911516 0.058649397433748793 -0.1232492663921667 -0.0031849020198085397 0.1101736889204174 0.11004421292212221 0.016605164817476252 0.035964443160081419 0.13439202674216055 0.064334596580855399 0.052623230858367766 -0.036599306494280393 0.083369624159846917 0.050350757622082312 0.044977927100485635 0.046686405822238423 -0.16638663435653131 0.025683405220188769 0.068854567202656966 -0.12328336263327448 -0.11093677917250448 -0.072030177166914094
leaf_weight=5.3012401387095478 21.11543497629464 4.0457060039043418 38.530955070629716 3.1842070613056412 1.6929740160703675 3.2617946043610599 12.459619354456663 5.5748087614774686 1.836828220635655 2.5544418469071388 16.681018657982353 21.769195266067982 3.0149165503680724 71.744011264294386 4.1428621038794509 48.504988300614059 8.9861775282770378 14.529413990676401 16.902314811013643 11.163000801578162 15.337551984935997 0.79934071376919824 9.5291026979684812 5.6373180765658617 4.3892122842371455 2.8048165068030357 5.2687079533934575 3.8339317291975012 35.479890458285809 18.611801620572805 42.393934562802315 2.919003788381815 1.6239924095571043 1.1953248977661135 1.3182782009243958 1.948429961223155 2.4786315634846687 2.1658421158790588
leaf_count=44 157 17 239 46 4 22 178 24 13 43 105 83 31 559 10 605 36 65 309 57 55 3 70 39 16 7 19 11 89 63 142 13 9 7 9 43 34 14
internal_value=0 0.0253162 0.000223348 0.00714905 -0.0192868 -0.0136987 0.0171799 -0.0409745 -0.0634757 0.0471676 0.0422172 0.0129059 -0.026798 -0.0344244 0.0111112 -0.0440156 -0.01038 0.0141725 -0.0963175 0.0465958 0.0890836 -0.0952509 0.0222228 -0.0285747 0.054027 0.0245835 0.0439969 0.0491153 0.0523773 0.0192183 0.0625162 -0.00087572 -0.0433738 -0.00888559 -0.11072 -0.0447964 -0.0656619 -0.113533
internal_weight=0 205.278 87.6792 83.6335 269.453 239.276 71.198 21.3882 30.1776 8.12925 49.8098 80.4493 168.078 145.507 25.2583 120.249 47.5171 31.2104 22.0059 32.9322 18.5993 13.259 22.5705 8.65223 13.9183 8.17175 117.598 105.621 101.787 23.913 77.8738 11.9775 6.70884 6.47877 20.169 3.26671 3.67396 3.78983
internal_count=3290 882 478 461 2408 1982 495 248 426 67 247 415 1487 1331 167 1164 275 170 374 140 77 181 156 70 86 52 404 349 338 107 231 55 36 48 361 52 41 23
is_linear=0
shrinkage=0.0989051


Tree=6
num_leaves=39
num_cat=0
split_feature=43 39 46 42 6 38 6 31 38 38 19 42 43 2 39 46 43 47 46 6 23 19 19 5 38 27 38 31 39 6 42 5 0 49 15 27 18 15
split_gain=19.8185 7.68981 7.5584 8.11216 7.35775 7.01816 7.1233 5.97502 5.76811 5.27323 5.08225 4.48667 6.78655 5.81408 4.41835 4.16163 3.94552 4.45979 3.86592 4.49277 5.73052 4.30274 8.82653 7.80663 3.82991 5.69326 5.22619 3.67325 3.0791 4.68357 5.12713 2.84166 2.79649 2.70005 2.08358 1.85002 1.72997 1.04923
threshold=6.5000000000000009 4.5000000000000009 95.000000000000014 19.000000000000004 1.0000000180025095e-35 95.000000000000014 7.5000000000000009 10.500000000000002 5.5000000000000009 3.5000000000000004 42.500000000000007 14.500000000000002 13.500000000000002 7.5000000000000009 9.5000000000000018 105.00000000000001 9.5000000000000018 3.5000000000000004 35.000000000000007 1.0000000180025095e-35 1.0000000180025095e-35 5.5000000000000009 3.5000000000000004 6.5000000000000009 55.000000000000007 1.0000000180025095e-35 11.500000000000002 2.5000000000000004 5.5000000000000009 1.0000000180025095e-35 105.00000000000001 1.0000000180025095e-35 10.500000000000002 11.500000000000002 46.500000000000007 1.0000000180025095e-35 2.5000000000000004 24.500000000000004
decision_type=2 2 2 2 2 2 2 2 2 2 2 2 2 2 2 2 2 2 2 2 2 2 2 2 2 2 2 2 2 2 2 2 2 2 2 2 2 2
left_child=1 15 3 10 8 16 -7 -8 14 35 11 12 -2 -13 -3 18 31 -18 21 33 -21 22 -1 -23 26 -26 -11 34 29 30 -4 -5 -31 -20 -10 -6 -30 -38
right_child=2 4 28 5 9 6 7 -9 27 24 -12 13 -14 -15 -16 -17 17 -19 19 20 -22 23 -24 -25 25 -27 -28 -29 36 32 -32 -33 -34 -35 -36 -37 37 -39
leaf_value=0.039108414762289503 -0.032346828611402714 -0.065245833552595306 0.085187794689363688 0.097713556247359612 -0.0089899995223309687 -0.12758028124923315 0.092264214672866107 -0.13003117054779023 -0.084343657932356486 0.0034932241723356571 -0.16039099742389401 -0.098049189964275085 0.018602089795623496 0.018618992050924189 0.090803734605994516 0.10771124033783176 0.051807216034034397 -0.030763863076349159 -0.14717351073725712 0.043668104392162781 -0.077039886086372827 0.10709189475657387 -0.10661526107846742 0.020003166628014327 0.053799875718529039 -0.057577082076371099 0.066034918450266905 0.071172340111196455 -0.1217645771301637 -0.13090460080785507 -0.12797871144135459 0.029485711837429908 0.043534866833441328 0.00088630853243453053 0.032773663020880243 -0.14824149615819845 -0.08837219932934498 0.070505721202924393
leaf_weight=32.046628568321466 85.082577846944332 2.7355214431881931 4.1425277832895535 10.975522890686991 1.6314918622374528 6.0701158344745618 3.9946851190179586 1.6654027365148065 19.538022760301835 23.679901193827391 2.7417349070310584 15.417963484302165 36.474855363368988 5.6698727719485751 4.9533947445452213 8.0288903377950174 11.248362734913828 14.798150764778255 2.7860115617513683 19.907863117754463 4.7482050918042651 22.171747133135796 4.6417383626103392 18.6374889947474 7.3810270261019495 11.391955390572546 29.47733499109745 1.7859383672475804 10.744197074323891 4.7313842382282019 1.4895486440509556 13.508098024874924 1.0747848022729156 2.0444702804088593 1.5637388341128815 2.3481747433543205 0.82604393735527881 0.77743243239820004
leaf_count=117 805 20 19 41 10 111 24 30 168 119 40 212 275 44 15 20 55 131 19 62 29 53 18 74 48 121 108 7 236 76 27 76 9 11 9 21 19 11
internal_value=0 0.0211474 -0.0202397 -0.0141699 0.0019635 0.0156698 -0.0531285 0.0262167 -0.0389614 0.018492 -0.0269704 -0.0243759 -0.0170327 -0.0665346 0.0348643 0.0388803 0.0317087 0.00477769 0.0336783 0.00308137 0.0202785 0.0452776 0.0205683 0.0674067 0.0246614 -0.0136141 0.0382383 -0.0639041 -0.0730746 -0.0356527 0.0281583 0.0602198 -0.0980548 -0.083943 -0.0755064 -0.092067 -0.107443 -0.00940127
internal_weight=0 221.5 231.433 207.647 106.487 62.2603 11.7302 5.66009 30.5766 75.9099 145.387 142.645 121.557 21.0878 7.68892 115.013 50.5301 26.0465 106.984 29.4866 24.6561 77.4976 36.6884 40.8092 71.9302 18.773 53.1572 22.8877 23.7859 11.4382 5.63208 24.4836 5.80617 4.83048 21.1018 3.97967 12.3477 1.60348
internal_count=3290 1049 2241 1844 646 468 165 54 219 427 1376 1336 1080 256 35 403 303 186 383 121 91 262 135 127 396 169 227 184 397 131 46 117 85 30 177 31 266 30
is_linear=0
shrinkage=0.0989051


Tree=7
num_leaves=39
num_cat=0
split_feature=43 39 47 42 27 5 38 39 25 49 43 42 42 6 3 24 38 7 3 49 3 38 38 15 31 49 11 31 39 49 12 26 49 29 19 19 24 31
split_gain=16.5975 6.82007 5.19564 9.01 7.54416 5.76382 5.51686 5.28966 5.15066 4.80803 4.24233 6.52305 4.06203 3.99887 4.80863 7.51249 4.80326 4.75571 4.33907 3.91044 5.1883 3.88863 3.86108 3.50046 3.24941 3.1341 2.58725 4.235 4.42666 4.08699 3.99372 5.88095 3.53949 2.70425 2.64413 2.49831 2.23861 1.99508
threshold=6.5000000000000009 4.5000000000000009 3.5000000000000004 115.00000000000001 3.5000000000000004 4.5000000000000009 10.500000000000002 11.500000000000002 1.0000000180025095e-35 5.5000000000000009 13.500000000000002 14.500000000000002 95.000000000000014 1.0000000180025095e-35 3.5000000000000004 1.0000000180025095e-35 45.000000000000007 5.5000000000000009 14.500000000000002 5.5000000000000009 15.500000000000002 17.500000000000004 5.5000000000000009 1.0000000180025095e-35 2.5000000000000004 11.500000000000002 2.5000000000000004 5.5000000000000009 1.5000000000000002 8.5000000000000018 2.5000000000000004 1.0000000180025095e-35 4.5000000000000009 1.0000000180025095e-35 35.500000000000007 1.0000000180025095e-35 2.5000000000000004 1.0000000180025095e-35
decision_type=2 2 2 2 2 2 2 2 2 2 2 2 2 2 2 2 2 2 2 2 2 2 2 2 2 2 2 2 2 2 2 2 2 2 2 2 2 2
left_child=1 26 4 6 5 19 10 8 -8 -9 23 -12 -7 22 17 18 -17 -15 -16 20 -2 -21 35 -4 37 -19 27 30 -29 -30 32 -32 -1 -28 -35 -3 -6 -24
right_child=2 13 3 -5 36 12 7 9 -10 -11 11 -13 -14 14 15 16 -18 25 -20 21 -22 -23 24 -25 -26 -27 33 28 29 -31 31 -33 -34 34 -36 -37 -38 -39
leaf_value=0.082782637123254801 -0.11154448889036149 0.075454276950831747 -0.10023231355200853 -0.1042257400019025 -0.096555611335397584 -0.15815203500199199 0.031150455303440926 0.0077607927679071327 -0.056197643242624426 -0.069763403491915538 0.013957525632251696 -0.10811541615700737 0.035546314105393856 -0.12155300594869661 -0.097784128183698332 0.076248509332636077 -0.02919891452685535 0.098850188173862902 -0.010292813521444181 0.017139648520458954 0.070359678602535961 0.103986734269864 -0.046080099682313705 -0.039829321353051512 0.067381661854929942 -0.017310753470080646 0.11057585406936876 -0.12346026783700413 0.063180731568551474 -0.067333690589966702 -0.089740519001632227 0.055696735070493539 0.033321308844422796 0.077956299603939821 -0.039353639797155053 -0.046764762461474992 0.052298024772421181 -0.12159250449121256
leaf_weight=20.376282893121243 2.985019467771056 4.5950493607670095 11.849969163537024 13.237602923065422 6.5321832187473765 2.3683702759444705 44.353808781132102 14.659664735198023 7.7313430029898873 16.616198292002082 25.420544417575005 5.1380844358354798 1.8677647598087785 1.2614501118659998 6.7930133678019038 15.427250914275648 5.7632576134055844 12.096476733684538 30.704717706888914 8.2288150228559989 3.125669352710247 13.441939888522027 13.743680836632853 47.300628961995244 1.9659876450896252 2.7400038205087176 8.8953350260853785 3.153877191245555 5.885980445891617 3.8821957781910896 5.3850122652947885 5.4612222798168659 47.733440313488245 4.5800951123237601 3.1389610916376114 2.4999517500400543 1.1302308961749075 4.6891850922256699
leaf_count=60 29 16 146 304 72 26 323 123 84 218 195 85 13 10 53 52 61 42 190 54 17 51 124 494 7 19 23 20 17 17 25 18 188 15 20 19 7 53
internal_value=0 0.019964 -0.0186199 -0.0255467 0.0138221 0.034988 -0.0195064 -0.00114814 0.0181181 -0.0333313 -0.0365288 -0.00648417 -0.0720838 0.00160757 0.0134947 0.000303133 0.0474198 0.0613691 -0.0262426 0.0514427 -0.0180069 0.0711718 -0.0306065 -0.0519943 -0.0525199 0.0771859 0.0372388 0.03068 -0.0216413 0.0109744 0.0392844 -0.0162302 0.0481722 0.0732897 0.0298493 0.0319397 -0.0741578 -0.0655011
internal_weight=0 210.772 225.988 186.308 39.68 32.0176 173.07 83.361 52.0852 31.2759 89.7092 30.5586 4.23614 102.28 74.7862 58.6882 21.1905 16.0979 37.4977 27.7814 6.11069 21.6708 27.4939 59.1506 20.3989 14.8365 108.492 91.878 12.9221 9.76818 78.956 10.8462 68.1097 16.6144 7.71906 7.095 7.66241 18.4329
internal_count=3290 1049 2241 1972 269 190 1668 748 407 341 920 280 39 646 427 356 113 71 243 151 46 105 219 640 184 61 403 345 54 34 291 43 248 58 35 35 79 177
is_linear=0
shrinkage=0.0989051


Tree=8
num_leaves=39
num_cat=0
split_feature=39 43 29 47 42 0 31 6 19 7 4 4 14 27 15 43 8 46 5 42 49 6 48 28 26 48 19 3 31 17 16 16 49 0 42 3 19 12
split_gain=13.6865 6.27076 6.23159 6.20892 6.52824 6.30413 5.43581 5.18195 4.46835 4.38572 3.7429 7.21726 6.07091 4.38001 3.96379 3.66912 3.20793 2.94953 3.7347 4.79315 3.675 4.23277 3.08403 2.85933 5.1445 2.74392 2.5364 2.45237 2.38976 4.38578 3.3553 3.72646 3.9491 2.38789 1.26446 1.13369 0.958227 0.756443
threshold=4.5000000000000009 8.5000000000000018 1.0000000180025095e-35 10.500000000000002 6.5000000000000009 4.5000000000000009 1.0000000180025095e-35 2.5000000000000004 1.5000000000000002 235.50000000000003 11.500000000000002 8.5000000000000018 3.5000000000000004 2.5000000000000004 7.5000000000000009 135.00000000000003 1.0000000180025095e-35 10.500000000000002 1.0000000180025095e-35 13.500000000000002 3.5000000000000004 3.5000000000000004 5.5000000000000009 1.5000000000000002 1.5000000000000002 2.5000000000000004 7.5000000000000009 77.500000000000014 12.500000000000002 4.5000000000000009 3.5000000000000004 2.5000000000000004 7.5000000000000009 1.5000000000000002 13.500000000000002 34.500000000000007 41.500000000000007 1.5000000000000002
decision_type=2 2 2 2 2 2 2 2 2 2 2 2 2 2 2 2 2 2 2 2 2 2 2 2 2 2 2 2 2 2 2 2 2 2 2 2 2 2
left_child=1 28 17 9 26 8 34 -8 25 10 11 13 14 -2 -12 -10 23 20 22 -20 -3 -22 -19 24 -4 -6 33 -13 30 36 31 32 -1 -5 -7 -28 -30 -32
right_child=3 2 16 4 5 6 7 -9 15 -11 12 27 -14 -15 -16 -17 -18 18 19 -21 21 -23 -24 -25 -26 -27 35 -29 29 -31 37 -33 -34 -35 -36 -37 -38 -39
leaf_value=0.055938548645080181 0.0052492473000820758 0.086328727051746421 -0.13428418547105042 0.052309838289764869 0.013591801354257031 -0.17223787208281233 0.078033236181506885 -0.044079744417037554 -0.11627715926105417 -0.13427180104971528 -0.0082758014212320988 -0.16267223246706738 -0.12902191087923717 -0.032617467533322501 0.080879628339180568 0.075871485304847566 0.12759787920339147 -0.04362569261187467 -0.16157659941191185 -0.03845798625663599 -0.049788161069006437 0.089913512826255482 0.047836634684820925 0.11403039559582444 0.12043874386852037 -0.067037009447150742 0.12853917652990476 -0.035190494544043015 -0.014350000843708957 -0.12283464461982536 0.12772763207128787 -0.078829055614283647 0.015934673267065411 -0.12013658193878014 -0.056362825891756535 0.035805624920955827 0.064195163603261635 0.067221067732571152
leaf_weight=49.573943227529526 112.06830308865756 4.7368776910007027 2.1221545897424208 1.5860806033015236 6.2052248641848591 1.6708699073642517 7.8348535485565645 5.9613304464146495 19.780576296150688 2.5470785330981007 7.4858842771500411 3.8166290987282983 2.0362819433212271 40.697638815268874 13.67069819755852 0.99740790948271651 4.497984740883112 8.1419353503733891 4.3167174793779841 11.278432996012269 8.9934287741780263 2.7596634775400153 6.4549479130655518 1.770041089504957 1.2034081146121023 11.982631470076738 2.5656612142920494 2.5306580532342196 2.5863607153296453 2.602669533342123 4.2722118459641916 2.8032272681593886 47.609937576577067 1.5173145681619642 2.3304311651736498 2.8509717509150505 3.489889170974493 4.5498166009783745
leaf_count=177 846 18 29 12 61 21 53 88 354 42 64 39 30 393 72 10 12 77 50 115 72 11 41 7 4 193 9 20 12 20 11 22 205 15 42 13 15 15
internal_value=0 0.0213222 -0.00577706 -0.0148122 -0.0410391 -0.0531798 -0.00421686 0.0250429 -0.0754572 -0.00553145 -0.00371023 -0.00913685 0.0333735 -0.00481893 0.0491915 -0.106878 0.0667161 -0.0207509 -0.0391468 -0.0727981 0.0127409 -0.0166818 -0.00295905 0.0122509 -0.0410971 -0.0393597 0.0394513 -0.11244 0.0343291 -0.0153459 0.0383211 0.0331091 0.036376 -0.0310648 -0.10576 0.0804251 0.0302633 0.0969604
internal_weight=0 173.764 56.2756 250.137 65.2834 56.7633 17.7975 13.7962 38.9658 184.853 182.306 159.113 23.1929 152.766 21.1566 20.778 9.59359 46.682 30.192 15.5952 16.49 11.7531 14.5969 5.0956 3.32556 18.1879 8.52003 6.34729 117.488 8.67892 108.809 99.9871 97.1839 3.1034 4.0013 5.41663 6.07625 8.82203
internal_count=3290 913 436 2377 871 822 204 141 618 1506 1464 1298 166 1239 136 364 52 384 283 165 101 83 118 40 33 254 49 59 477 47 430 404 382 27 63 22 27 26
is_linear=0
shrinkage=0.0989051


Tree=9
num_leaves=39
num_cat=0
split_feature=43 39 25 14 38 42 39 3 43 4 38 39 47 46 49 1 48 2 0 13 6 0 38 27 42 48 38 3 3 15 3 15 16 7 23 38 26 3
split_gain=12.7595 4.22567 3.69713 5.65792 4.10387 7.51899 6.26624 5.36592 5.20611 4.27598 4.21572 5.25178 4.00934 3.80315 6.78367 3.56537 5.24498 5.07662 4.0862 3.9548 3.87829 3.56146 3.50725 3.86591 5.00378 3.03276 2.64879 5.18202 2.68266 2.67448 2.57461 2.55292 2.53618 2.53395 2.14261 2.13955 2.07159 2.00616
threshold=5.5000000000000009 14.500000000000002 1.0000000180025095e-35 1.0000000180025095e-35 10.500000000000002 7.5000000000000009 11.500000000000002 65.500000000000014 9.5000000000000018 1.0000000180025095e-35 5.5000000000000009 12.500000000000002 14.500000000000002 55.000000000000007 5.5000000000000009 3.5000000000000004 7.5000000000000009 1.5000000000000002 4.5000000000000009 1.0000000180025095e-35 1.0000000180025095e-35 6.5000000000000009 55.000000000000007 5.5000000000000009 25.000000000000004 1.5000000000000002 45.000000000000007 93.500000000000014 153.50000000000003 22.500000000000004 10.500000000000002 24.500000000000004 8.5000000000000018 17.500000000000004 1.0000000180025095e-35 75.000000000000014 1.0000000180025095e-35 204.00000000000003
decision_type=2 2 2 2 2 2 2 2 2 2 2 2 2 2 2 2 2 2 2 2 2 2 2 2 2 2 2 2 2 2 2 2 2 2 2 2 2 2
left_child=1 15 4 21 5 10 13 9 31 -8 34 -12 -10 25 -15 16 17 20 -19 30 -1 -4 23 -5 -25 -6 28 36 29 -17 -18 -7 -24 -23 -2 -9 -28 -30
right_child=2 -3 3 22 6 8 7 35 12 -11 11 -13 -14 14 -16 26 19 18 -20 -21 -22 33 32 24 -26 -27 27 -29 37 -31 -32 -33 -34 -35 -36 -37 -38 -39
leaf_value=-0.02113639980696129 0.034252503737919708 -0.1055054599538045 -0.14438793410002923 0.053012009723670386 0.086759115521618524 -0.12199909833725719 -0.097922094082995362 0.065863034836424514 -0.042905682298554002 -0.019342965141059813 -0.10363098475693597 0.084327354074767255 0.025298674157354706 -0.095839400179519155 0.018046380670494411 0.051072318817952066 0.037678793792062577 -0.065885543974027364 0.049541322308054789 -0.046897930054295947 0.032227405345828387 0.10650248686929839 -0.094410758800592715 -0.09237840456198379 0.044631304560486189 0.023243057036154757 -0.00092108619171076976 -0.069798064728113424 0.10976617840519409 -0.0038076677637405403 0.12629217931443384 0.054353937913011192 0.11395398336495571 -0.10468031155024635 0.13345553453838221 -0.069612049377877391 0.084029070690185836 0.019428665413130243
leaf_weight=20.338639593683183 14.002695832401519 2.5477524287998667 7.1175296027213317 8.2442723084241205 8.975759878754614 9.4366815965622628 11.420190253295006 6.381745943799614 45.972343878820539 16.967554445378482 4.5297519303858271 2.1170639656484127 10.257147576659916 6.9190078238025334 19.491590218618512 33.414508257061243 6.3132587336003763 16.058323597535495 3.6516740284860125 2.6898436881601802 38.335804121568799 1.0882645919919016 7.0024305041879407 6.436481071636079 4.3392226416617632 42.309824991039932 5.1812550798058528 5.9947458095848551 10.020516760647295 11.594501588493584 6.8175913598388433 0.84759039431810457 0.6028379127383231 1.121193081140518 2.5516157746314994 1.3607066012918947 5.9407191425561905 3.286799155175685
leaf_count=128 86 31 98 62 35 139 168 42 512 201 62 17 103 96 198 135 32 115 17 18 171 7 133 81 28 280 34 57 28 61 16 4 2 15 7 32 24 15
internal_value=0 0.020535 -0.014764 -0.0440248 -0.00957858 -0.0254003 0.00286459 -0.0311291 -0.0423268 -0.051083 0.0229867 -0.0432622 -0.0304061 0.0187145 -0.0116869 0.0224509 0.00957416 -0.000872427 -0.0443295 0.0615099 0.0136753 -0.110365 -0.0206431 0.00190024 -0.0369194 0.0344316 0.0384878 0.00407335 0.0485328 0.0368662 0.0839718 -0.107129 -0.0773875 0 0.0497852 0.0416028 0.044194 0.0877139
internal_weight=0 172.186 239.494 35.9522 203.541 89.7149 113.826 36.1302 66.5138 28.3877 23.2011 6.64682 56.2295 77.6962 26.4106 169.638 94.2051 78.3844 19.71 15.8207 58.6744 9.32699 26.6252 19.02 10.7757 51.2856 75.433 17.1167 58.3163 45.009 13.1309 10.2843 7.60527 2.20946 16.5543 7.74245 11.122 13.3073
internal_count=3290 882 2408 426 1982 930 1052 443 758 369 172 79 615 609 294 851 497 431 132 66 299 120 306 171 109 315 354 115 239 196 48 143 135 22 93 74 58 43
is_linear=0
shrinkage=0.0989051


Tree=10
num_leaves=37
num_cat=0
split_feature=43 39 7 7 2 3 14 49 0 18 2 10 17 47 48 1 10 39 26 11 25 42 19 15 1 3 46 6 5 49 28 43 7 42 38 15
split_gain=10.4861 4.40632 3.6673 3.77569 4.74194 8.54994 4.12787 3.83344 5.80222 3.63802 5.19593 3.22745 3.05096 3.05042 4.95721 3.78993 2.85466 2.6933 2.45629 4.0474 4.34072 2.81943 2.45238 2.43702 4.34863 2.33512 2.30142 2.22679 6.24862 3.29687 2.89965 3.71058 2.00902 1.62798 1.3385 0.435759
threshold=4.5000000000000009 6.5000000000000009 243.50000000000003 129.50000000000003 4.5000000000000009 1.5000000000000002 3.5000000000000004 15.500000000000002 1.0000000180025095e-35 1.0000000180025095e-35 1.0000000180025095e-35 1.0000000180025095e-35 2.5000000000000004 8.5000000000000018 6.5000000000000009 1.5000000000000002 1.0000000180025095e-35 2.5000000000000004 1.0000000180025095e-35 1.0000000180025095e-35 1.0000000180025095e-35 25.000000000000004 35.500000000000007 27.500000000000004 3.5000000000000004 87.500000000000014 45.000000000000007 1.0000000180025095e-35 1.0000000180025095e-35 9.5000000000000018 1.0000000180025095e-35 2.5000000000000004 8.5000000000000018 9.5000000000000018 10.500000000000002 14.500000000000002
decision_type=2 2 2 2 2 2 2 2 2 2 2 2 2 2 2 2 2 2 2 2 2 2 2 2 2 2 2 2 2 2 2 2 2 2 2 2
left_child=1 18 3 7 5 -5 11 13 17 16 -11 -6 34 15 -15 -2 23 -9 27 35 -21 -22 -8 24 -3 -7 -14 28 29 -1 32 -32 -29 -10 -12 -20
right_child=2 9 -4 4 6 25 22 8 33 10 12 -13 26 14 -16 -17 -18 -19 19 20 21 -23 -24 -25 -26 -27 -28 30 -30 -31 31 -33 -34 -35 -36 -37
leaf_value=0.047250148872734488 0.0072809395874395468 -0.015236734992393154 -0.13661479934832807 0.11845307714281376 0.11066053452584275 -0.097047061262574591 0.030606771448869093 0.076701113045382838 -0.0086292115094579666 0.072098565753241667 -0.066567556289599039 -0.0064343216747705847 -0.092687780407297929 -0.021210175207399956 -0.081659063033779761 -0.028339238701424734 0.10274672794483125 -0.13278578361954851 0.080038925968743485 -0.071660685086447712 0.084196626344630182 -0.03523382412836177 -0.12557089754695286 -0.10013508932802268 0.064676591824178051 0.065983262612957241 0.063384739317400671 0.085797891362660805 -0.15505091361712767 -0.048502611074405323 0.020335230280408859 -0.13421034768575377 0.033575921056244365 0.091778838907356428 -0.1457556774188187 0.12137043779230723
leaf_weight=11.113120932132011 69.418433660641313 18.176893865689642 2.2832453176379195 2.9201071672141579 9.9669291749596614 7.3287982083857042 2.4912378862500182 0.77633838355541174 1.8801255114376534 3.1566461473703411 5.1661012917757017 2.9274736996740094 1.4827153459191316 78.992838340811431 16.024784930981696 50.334932731464505 3.3493009805679312 2.3787295669317245 5.3277097083628195 3.4611867852509013 8.0579847991466504 2.4962326996028414 1.5946160200983284 1.9489509463310231 10.470985351130365 0.94461480155587185 2.4209977500140667 9.5105990618467313 2.361438423395156 5.1132913492619982 5.7922707274556151 2.0428791865706444 31.657150272279978 8.2874939087778312 3.8239222466945648 6.4479589536786079
leaf_count=45 475 135 43 11 41 114 15 4 19 13 35 30 18 951 271 460 11 32 18 20 26 16 31 21 48 7 13 27 21 35 32 13 131 48 46 14
internal_value=0 0.0214521 -0.0118965 -0.0107692 0.0233418 -0.026432 0.056337 -0.014997 0.0363921 -0.00218439 -0.04103 0.0838412 -0.0689963 -0.0182006 -0.0314436 -0.0076653 0.0160939 -0.0801802 0.0341403 0.0601885 0.0239594 0.0556446 -0.0296827 0.00648323 0.0138702 -0.0780097 0.00323374 0.0241487 -0.00484863 0.0168731 0.0352118 -0.0196402 0.04573 0.0729073 -0.100691 0.102999
internal_weight=0 143.378 258.551 256.267 28.1738 11.1935 16.9803 228.094 13.3227 49.9965 16.0504 12.8944 12.8937 214.771 95.0176 119.753 33.9461 3.15507 93.3818 25.7911 14.0154 10.5542 4.08585 30.5968 28.6479 8.27341 3.90371 67.5907 18.5879 16.2264 49.0029 7.83515 41.1677 10.1676 8.99002 11.7757
internal_count=3290 738 2552 2509 249 132 117 2260 103 340 125 71 112 2157 1222 935 215 36 398 94 62 42 46 204 183 121 31 304 101 80 203 45 158 67 81 32
is_linear=0
shrinkage=0.0989051


Tree=11
num_leaves=39
num_cat=0
split_feature=43 38 6 17 38 7 38 48 46 46 42 27 17 25 23 38 42 47 29 11 3 2 42 15 6 38 48 27 42 39 6 39 31 6 31 0 2 42
split_gain=9.84185 3.8997 6.30771 5.19986 4.65215 4.52344 5.24739 3.09821 5.07293 3.0772 4.42851 3.48429 3.06193 3.05639 3.64958 3.59348 3.48592 3.62246 3.88357 2.85824 5.92466 4.56535 3.96831 4.9549 2.75532 3.93157 2.70602 2.62 2.55408 2.36549 2.23775 2.1595 1.42236 1.05951 1.49404 1.13088 1.05359 0.95096
threshold=6.5000000000000009 85.000000000000014 7.5000000000000009 2.5000000000000004 17.500000000000004 14.500000000000002 35.000000000000007 7.5000000000000009 35.000000000000007 55.000000000000007 115.00000000000001 2.5000000000000004 2.5000000000000004 1.0000000180025095e-35 1.0000000180025095e-35 3.5000000000000004 115.00000000000001 12.500000000000002 1.0000000180025095e-35 1.0000000180025095e-35 8.5000000000000018 1.0000000180025095e-35 6.5000000000000009 1.5000000000000002 6.5000000000000009 45.000000000000007 5.5000000000000009 1.0000000180025095e-35 85.000000000000014 3.5000000000000004 2.5000000000000004 6.5000000000000009 8.5000000000000018 1.0000000180025095e-35 5.5000000000000009 2.5000000000000004 1.0000000180025095e-35 35.000000000000007
decision_type=2 2 2 2 2 2 2 2 2 2 2 2 2 2 2 2 2 2 2 2 2 2 2 2 2 2 2 2 2 2 2 2 2 2 2 2 2 2
left_child=7 4 37 32 19 9 31 13 33 11 -11 -6 -8 16 15 -15 17 28 -19 22 -21 -22 27 -24 30 -26 -17 -2 -1 -10 -16 -7 -4 36 35 -35 -9 -3
right_child=1 2 3 -5 5 6 12 8 29 10 -12 -13 -14 14 24 26 -18 18 -20 20 21 -23 23 -25 25 -27 -28 -29 -30 -31 -32 -33 -34 34 -36 -37 -38 -39
leaf_value=0.0067613369471742285 -0.030317427856060918 -0.031429481771812366 0.10114763191627267 -0.093763423018599634 0.093129791334225609 0.0019155379213587061 -0.097654000085780374 -0.020571153531590426 0.017273972478022731 0.03268079354410669 -0.11414585100075142 -0.020720412678768733 0.011675658088718574 -0.046293372343561248 -0.013904252487186483 0.085151206044829272 0.092308807178148905 -0.12213551121513362 0.052312269455670794 -0.12960665949095795 0.084691922730374292 -0.0041533633906063894 -0.014878317092456165 -0.068034852008562186 0.065993373674040345 -0.095296580144683105 0.0074603668099140841 0.051939358044892706 -0.087798758375695826 -0.10599029519382076 -0.15595230405868488 0.11523312970446907 -0.011404076935162391 0.12270835235833961 0.024043427714563637 0.060448214365172441 0.07448129203107455 -0.10200707157104327
leaf_weight=100.61274871602654 6.8013371229171744 2.3619248494505909 4.1152300275862199 2.7829967867583036 12.83510366082192 4.4229684155434397 7.8504521409049612 2.1640178393572631 4.0055259540677062 10.9092537201941 2.4533404977992168 3.2497804053127757 3.6054136827588081 3.0305471159517792 2.8494184538722021 19.067702028900388 4.1199117712676516 4.4864573469385496 1.6944838501513002 3.2862951159477225 6.4905682392418376 43.412497011944652 35.84045547246933 33.238171208649874 5.9742753766477108 1.9458045437932012 5.8162431754171839 8.4601775296032411 2.8638550676405421 2.4172751419246197 1.8040638230741022 2.669170000590384 1.4294259119778869 7.872810438275339 3.4159536659717551 4.9251742959022522 2.3130121976137161 12.635203348472713
leaf_count=585 55 31 26 65 48 32 97 16 17 64 63 25 32 20 19 73 22 52 10 56 41 418 406 412 23 24 37 59 31 34 17 13 18 19 19 21 10 280
internal_value=0 -0.0146375 -0.0527788 0.015913 -0.00982335 0.0166517 -0.0214901 0.0168543 0.0477203 0.0407829 0.00544047 0.0699315 -0.0629829 0.0114068 0.0347493 0.0546911 0.00307081 -0.000258749 -0.0737937 -0.0190861 -0.00106928 0.007349 -0.0304099 -0.0405056 -0.00927715 0.025918 0.0671268 0.0150766 0.00410779 -0.02869 -0.069807 0.0450823 0.0715828 0.0715941 0.0834545 0.0990424 0.0278696 -0.0911231
internal_weight=0 208.85 23.3248 8.32765 185.525 47.9955 18.548 181.379 27.1138 29.4475 13.3626 16.0849 11.4559 154.266 40.4881 27.9145 113.777 109.658 6.18094 137.53 53.1894 49.9031 84.3401 69.0786 12.5736 7.92008 24.8839 15.2615 103.477 6.4228 4.65348 7.09214 5.54466 20.691 16.2139 12.798 4.47703 14.9971
internal_count=3290 2241 420 109 1821 374 174 1049 136 200 127 73 129 913 213 130 700 678 62 1447 515 459 932 818 83 47 110 114 616 51 36 45 44 85 59 40 26 311
is_linear=0
shrinkage=0.0989051


Tree=12
num_leaves=39
num_cat=0
split_feature=39 42 38 38 39 7 38 38 39 49 47 38 15 15 49 27 11 17 42 49 43 46 47 38 19 4 31 13 43 47 19 43 6 7 2 0 6 39
split_gain=6.38896 4.0182 4.97958 7.52571 4.2518 5.16298 4.20837 3.92981 4.93282 4.52211 3.88029 3.58931 4.35894 3.50034 3.15398 3.23001 2.98114 2.77838 3.94457 2.7699 3.47471 2.76555 3.06181 2.70592 2.64155 2.5702 3.56753 2.43689 2.07877 1.89427 2.42777 1.88879 1.79061 1.43146 1.7383 1.27914 1.05102 0.726204
threshold=4.5000000000000009 105.00000000000001 17.500000000000004 75.000000000000014 8.5000000000000018 8.5000000000000018 12.500000000000002 4.5000000000000009 1.0000000180025095e-35 4.5000000000000009 1.0000000180025095e-35 1.5000000000000002 3.5000000000000004 1.0000000180025095e-35 10.500000000000002 1.0000000180025095e-35 5.5000000000000009 1.5000000000000002 6.5000000000000009 15.500000000000002 12.500000000000002 35.000000000000007 2.5000000000000004 1.5000000000000002 7.5000000000000009 18.500000000000004 2.5000000000000004 1.0000000180025095e-35 12.500000000000002 7.5000000000000009 3.5000000000000004 13.500000000000002 1.0000000180025095e-35 11.500000000000002 1.0000000180025095e-35 4.5000000000000009 12.500000000000002 105.00000000000001
decision_type=2 2 2 2 2 2 2 2 2 2 2 2 2 2 2 2 2 2 2 2 2 2 2 2 2 2 2 2 2 2 2 2 2 2 2 2 2 2
left_child=7 2 4 19 5 32 -7 9 31 11 -6 27 -13 -11 15 -5 -12 23 -19 20 -4 25 24 -15 -23 26 -10 35 -24 30 33 -9 -2 34 -3 -1 -27 -31
right_child=1 29 3 14 10 6 -8 8 21 13 16 12 -14 17 -16 -17 -18 18 -20 -21 -22 22 28 -25 -26 36 -28 -29 -30 37 -32 -33 -34 -35 -36 -37 -38 -39
leaf_value=0.056099875317874054 -0.11534822147170214 -0.12587168366621396 0.03610156407637883 0.032342855138483957 -0.15108420035821807 -0.030951104063581737 0.10573873835014831 -0.15948737255148035 0.028902666507488836 -0.10937520782340147 0.00050421514832051735 0.045305396081331058 -0.12090473750392587 -0.077040512196957345 -0.086309330341240553 -0.045462106799882669 -0.092284936046057794 0.085052702143010653 -0.086413324965895849 0.1097925223981716 -0.063906953013406015 -0.1150808197386476 0.026133034046255912 -0.00055323696227301173 0.031498890564550963 0.025917646807852877 0.080925065275267952 -0.0091960776950711365 -0.075242473783025898 -0.095835349331900327 -0.09665790883114897 0.012592632059794068 -0.038953020478539553 0.11331446123515618 0.050625346352181105 0.13437497189735662 -0.078315803405320752 0.014323019284773766
leaf_weight=5.0663723498582858 10.048728972673414 0.85329414531588543 42.700813882052898 9.7239000163972431 1.7649004161357869 27.559648960828785 2.3798187375068656 1.8824181072413915 32.776031585410237 4.7627157270908382 84.4026851169765 3.3611960522830477 2.8191615454852581 8.5695171821862512 6.9387029223144046 11.206493313424287 3.5190530009567729 4.8106519654393187 1.7818309441208837 4.4870160184800616 3.6647989582270375 3.2268945649266234 36.73067662678659 9.7555184662342054 1.8654505126178262 1.5846282392740243 21.584354363381863 3.3033500909805289 2.0703436844050875 8.4857482654042506 2.267121696844697 0.88130579516291607 4.4981813952326766 1.3648278154432771 1.4657253734767435 3.7060770094394684 2.2127491310238838 0.57377313822507936
leaf_count=29 157 12 268 86 27 304 10 25 145 60 755 19 21 89 126 161 34 21 24 15 37 16 204 75 11 10 80 21 30 253 47 8 51 5 15 8 17 14
internal_value=0 -0.0104901 -0.00698501 0.0127382 -0.0185806 -0.0435888 -0.0199577 0.0156509 0.0263857 -0.0077552 -0.00613827 0.0308832 -0.0300502 -0.03163 -0.0285028 -0.00916509 -0.00318072 -0.0166158 0.0381851 0.0354029 0.0281198 0.0299433 0.0111025 -0.0365106 -0.060794 0.0441054 0.0496249 0.0623305 0.0206294 -0.0599644 -0.0159325 -0.103577 -0.0919737 0.0329786 -0.0131396 0.0896114 -0.0340188 -0.0885031
internal_weight=0 227.905 212.895 78.7217 134.173 44.4864 29.9395 152.751 104.815 47.9364 89.6866 18.2562 6.18036 29.6802 27.8691 20.9304 87.9217 24.9175 6.59248 50.8526 46.3656 102.051 43.8934 18.325 5.09235 58.1578 54.3604 12.0758 38.801 15.0105 5.95097 2.76372 14.5469 3.68385 2.31902 8.77245 3.79738 9.05952
internal_count=3290 2377 2031 693 1338 522 314 913 546 367 816 98 40 269 373 247 789 209 45 320 305 513 261 164 27 252 225 58 234 346 79 33 208 32 27 37 27 267
is_linear=0
shrinkage=0.0989051


end of trees

feature_importances:
ninki_1=55
result_1=36
ninki_2=36
umaban=30
result_2=27
ninki_3=23
f_courseout=22
result_3=21
mf_course3=20
mf_courseout=18
mf_classout=17
mf_classout.1=16
f_lenout=13
waku=13
f_course1=12
f_course2=11
f_course3=11
f_classout=11
mf_len2=9
f_mf_courseout=8
mf_course2=7
mf_class2=7
mf_course1=6
mf_len1=6
f_class2=6
f_len1=5
f_len3=5
f_class3=5
f_mf_classout.1=5
f_mf_course1=4
f_mf_course3=4
f_len2=4
mf_len3=4
f_mf_classout=4
mf_class1=4
f_mf_course2=3
f_class1=2
mf_class3=1
time_df_course3=1

parameters:
[boosting: gbdt]
[objective: lambdarank]
[metric: ndcg]
[tree_learner: serial]
[device_type: cpu]
[data_sample_strategy: bagging]
[data: ]
[valid: ]
[num_iterations: 153]
[learning_rate: 0.0989051]
[num_leaves: 39]
[num_threads: 16]
[seed: 0]
[deterministic: 0]
[force_col_wise: 1]
[force_row_wise: 0]
[histogram_pool_size: -1]
[max_depth: 6]
[min_data_in_leaf: 11]
[min_sum_hessian_in_leaf: 0.001]
[bagging_fraction: 1]
[pos_bagging_fraction: 1]
[neg_bagging_fraction: 1]
[bagging_freq: 0]
[bagging_seed: 7719]
[feature_fraction: 1]
[feature_fraction_bynode: 1]
[feature_fraction_seed: 2437]
[extra_trees: 0]
[extra_seed: 11797]
[early_stopping_round: 0]
[first_metric_only: 0]
[max_delta_step: 0]
[lambda_l1: 0.0320614]
[lambda_l2: 0.00707232]
[linear_lambda: 0]
[min_gain_to_split: 0]
[drop_rate: 0.1]
[max_drop: 50]
[skip_drop: 0.5]
[xgboost_dart_mode: 0]
[uniform_drop: 0]
[drop_seed: 21238]
[top_rate: 0.2]
[other_rate: 0.1]
[min_data_per_group: 100]
[max_cat_threshold: 32]
[cat_l2: 10]
[cat_smooth: 10]
[max_cat_to_onehot: 4]
[top_k: 20]
[monotone_constraints: ]
[monotone_constraints_method: basic]
[monotone_penalty: 0]
[feature_contri: ]
[forcedsplits_filename: ]
[refit_decay_rate: 0.9]
[cegb_tradeoff: 1]
[cegb_penalty_split: 0]
[cegb_penalty_feature_lazy: ]
[cegb_penalty_feature_coupled: ]
[path_smooth: 0]
[interaction_constraints: ]
[verbosity: -1]
[saved_feature_importance_type: 0]
[use_quantized_grad: 0]
[num_grad_quant_bins: 4]
[quant_train_renew_leaf: 0]
[stochastic_rounding: 1]
[linear_tree: 0]
[max_bin: 255]
[max_bin_by_feature: ]
[min_data_in_bin: 3]
[bin_construct_sample_cnt: 200000]
[data_random_seed: 38]
[is_enable_sparse: 1]
[enable_bundle: 1]
[use_missing: 1]
[zero_as_missing: 0]
[feature_pre_filter: 1]
[pre_partition: 0]
[two_round: 0]
[header: 0]
[label_column: ]
[weight_column: ]
[group_column: ]
[ignore_column: ]
[categorical_feature: ]
[forcedbins_filename: ]
[precise_float_parser: 0]
[parser_config_file: ]
[objective_seed: 8855]
[num_class: 1]
[is_unbalance: 0]
[scale_pos_weight: 1]
[sigmoid: 1]
[boost_from_average: 1]
[reg_sqrt: 0]
[alpha: 0.9]
[fair_c: 1]
[poisson_max_delta_step: 0.7]
[tweedie_variance_power: 1.5]
[lambdarank_truncation_level: 30]
[lambdarank_norm: 1]
[label_gain: ]
[lambdarank_position_bias_regularization: 0]
[eval_at: 1,3,5]
[multi_error_top_k: 1]
[auc_mu_weights: ]
[num_machines: 1]
[local_listen_port: 12400]
[time_out: 120]
[machine_list_filename: ]
[machines: ]
[gpu_platform_id: -1]
[gpu_device_id: -1]
[gpu_use_dp: 0]
[num_gpu: 1]

end of parameters

pandas_categorical:[]
