tree
version=v4
num_class=1
num_tree_per_iteration=1
label_index=0
max_feature_idx=49
objective=lambdarank
feature_names=f_course1 f_course2 f_course3 f_courseout mf_course1 mf_course2 mf_course3 mf_courseout f_mf_course1 f_mf_course2 f_mf_course3 f_mf_courseout f_len1 f_len2 f_len3 f_lenout mf_len1 mf_len2 mf_len3 mf_classout f_mf_len1 f_mf_len2 f_mf_len3 f_mf_classout f_class1 f_class2 f_class3 f_classout mf_class1 mf_class2 mf_class3 mf_classout.1 f_mf_class1 f_mf_class2 f_mf_class3 f_mf_classout.1 time_df_course1 time_df_class1 ninki_1 result_1 time_df_course2 time_df_class2 ninki_2 result_2 time_df_course3 time_df_class3 ninki_3 result_3 waku umaban
feature_infos=[-1:80] [-1:59] [-1:67] [-1:436] [-1:92] [-1:69] [-1:66] [-1:556] [-1:10] [-1:8] [-1:8] [-1:52] [-1:17] [-1:10] [-1:9] [-1:69] [-1:15] [-1:10] [-1:9] [-1:56] [-1:4] [-1:3] [-1:3] [-1:8] [-1:4] [-1:5] [-1:4] [-1:23] [-1:5] [-1:4] [-1:6] [-1:21] none [-1:2] none [-1:5] none none [-1:180] [-1:110] [-1:0] [-1:0] [-1:180] [-1:150] [-1:0] [-1:0] [-1:170] [-1:170] [1:8] [1:18]
tree_sizes=3483 3701 3500 3481 3794 3160 4013 3796 3582 3697 3391 3169

Tree=0
num_leaves=32
num_cat=0
split_feature=43 39 47 39 46 10 39 38 0 38 38 3 2 47 13 27 1 7 42 39 27 6 31 47 17 48 25 38 27 38 46
split_gain=63.5146 15.8176 14.5372 13.3206 7.92027 6.77508 8.11472 7.03707 6.64255 6.78254 5.63315 5.48644 9.95534 4.08601 5.85833 5.57391 5.4226 3.56054 3.3399 2.90631 2.87299 2.58969 3.87371 1.80552 1.74158 1.04612 0.76719 0.692529 0.438745 0.12353 0.112457
threshold=6.5000000000000009 3.5000000000000004 5.5000000000000009 4.5000000000000009 4.5000000000000009 1.0000000180025095e-35 9.5000000000000018 8.5000000000000018 6.5000000000000009 65.000000000000014 6.5000000000000009 10.500000000000002 7.5000000000000009 3.5000000000000004 1.0000000180025095e-35 1.5000000000000002 19.500000000000004 7.5000000000000009 3.5000000000000004 9.5000000000000018 4.5000000000000009 1.5000000000000002 1.5000000000000002 9.5000000000000018 1.0000000180025095e-35 5.5000000000000009 1.0000000180025095e-35 10.500000000000002 1.0000000180025095e-35 11.500000000000002 10.500000000000002
decision_type=2 2 2 2 2 2 2 2 2 2 2 2 2 2 2 2 2 2 2 2 2 2 2 2 2 2 2 2 2 2 2
left_child=3 2 -2 13 10 6 7 -5 19 20 -3 -9 -13 15 -15 17 -16 -1 -8 21 24 27 -23 -11 -10 -4 -17 -6 -20 -22 -21
right_child=1 4 25 5 8 -7 18 11 9 23 -12 12 -14 14 16 26 -18 -19 28 30 29 22 -24 -25 -26 -27 -28 -29 -30 -31 -32
leaf_value=-0.0093990389634362476 0.065632127575649554 0.036032197170158577 -0.045417678481282329 -0.066438997303031766 -0.12654494536782621 0.056948247078925589 -0.0078621804866491132 0.06785596836923638 -0.077776840210011841 -0.025835943357396911 -0.07558111481943694 -0.085814969897625257 0.051343549785912657 0.067257857761451142 -0.061287793384448917 0.081802422112687387 0.052972153880570257 0.064390062202393905 -0.074337235388797274 -0.11022960173719261 -0.12590587059537112 -0.013747108171131233 -0.10668425973556886 0.039932375002731571 -0.0084157720352291791 -0.10732781139541767 0.10969344227569551 -0.083264764132981783 -0.11544102685471849 -0.10057977378011704 -0.12751566471869474
leaf_weight=4.013458754867318 8.518659543246029 5.0951323769986612 2.3871572986245146 3.8192142024636331 3.6892781332135218 9.2244801260530931 2.8178552649915209 8.6122921295464057 3.5636266134679335 3.8222143352031699 3.0363996438682079 3.741023510694502 5.5069164000451565 9.4690846763551253 3.9555776789784423 7.8374118693172958 3.1290658414363861 8.7119342871010286 2.194133073091507 3.5834593884646875 2.6970901153981686 4.6277988888323307 3.213785570114851 3.2467939369380474 2.7045586183667183 2.3375351056456566 9.9753845967352373 3.0384402237832546 2.6388238929212093 2.0574372038245201 7.4609127715229988
leaf_count=41 48 37 29 52 50 54 28 45 47 40 44 54 39 54 54 40 23 55 30 47 39 40 47 22 24 32 35 40 38 29 106
internal_value=0 -0.048359 0.0149431 0.0367476 -0.0645421 0.00842221 -0.00683143 0.0134434 -0.0754911 -0.0452784 -0.00560921 0.0305778 -0.00410572 0.059921 0.0338527 0.0740214 -0.0107416 0.0410825 -0.0643107 -0.0967895 -0.0771071 -0.0775569 -0.0519746 0.00430347 -0.047985 -0.0762901 0.0974936 -0.107199 -0.0970432 -0.115244 -0.122038
internal_weight=0 65.0803 13.2434 85.6467 51.8369 38.5547 29.3303 21.6794 43.7054 18.0917 8.13153 17.8602 9.24794 47.0919 16.5537 30.5382 7.08464 12.7254 7.65081 25.6137 11.0227 14.5693 7.84158 7.06901 6.26819 4.72469 17.8128 6.72772 4.83296 4.75453 11.0444
internal_count=1363 721 109 642 612 340 286 190 531 201 81 138 93 302 131 171 77 96 96 330 139 177 87 62 71 61 75 90 68 68 153
is_linear=0
shrinkage=0.0649432


Tree=1
num_leaves=34
num_cat=0
split_feature=39 47 43 49 25 43 49 9 48 4 7 19 6 49 48 39 6 39 19 35 5 42 31 15 49 18 6 48 47 39 4 0 39
split_gain=44.7813 20.4987 17.5854 18.07 16.0618 12.9651 12.8104 13.1525 11.6908 14.3188 11.743 9.81851 8.54209 8.13133 10.0801 7.3944 7.24082 5.75447 5.73666 8.05836 4.78617 4.21623 4.11249 3.98651 3.60258 3.30345 3.28826 2.74271 0.977681 0.923668 0.176656 0.096883 0.0490904
threshold=5.5000000000000009 3.5000000000000004 6.5000000000000009 3.5000000000000004 1.0000000180025095e-35 8.5000000000000018 2.5000000000000004 1.0000000180025095e-35 5.5000000000000009 5.5000000000000009 6.5000000000000009 6.5000000000000009 1.0000000180025095e-35 9.5000000000000018 3.5000000000000004 2.5000000000000004 1.5000000000000002 1.5000000000000002 2.5000000000000004 1.0000000180025095e-35 1.0000000180025095e-35 8.5000000000000018 1.0000000180025095e-35 22.500000000000004 8.5000000000000018 2.5000000000000004 3.5000000000000004 4.5000000000000009 5.5000000000000009 3.5000000000000004 6.5000000000000009 1.0000000180025095e-35 9.5000000000000018
decision_type=2 2 2 2 2 2 2 2 2 2 2 2 2 2 2 2 2 2 2 2 2 2 2 2 2 2 2 2 2 2 2 2 2
left_child=1 4 3 -2 6 13 -1 11 9 20 -10 12 -8 14 22 -16 21 -7 27 25 -5 -4 -3 -6 -12 26 -20 -18 -23 -19 -28 -30 -33
right_child=2 5 16 8 23 17 7 -9 10 -11 24 -13 -14 -15 15 -17 18 29 19 -21 -22 28 -24 -25 -26 -27 30 -29 31 -31 -32 32 -34
leaf_value=0.06848636409975617 -0.075031504896557383 -0.042414269332379198 -0.036648507044715409 0.030628440261835949 0.095665500382124832 0.00094786286687853635 -0.033749171476844773 0.053265495531654154 0.03285049095632394 0.087511771838162805 -0.023472766783730257 -0.067392946755525832 0.032285517313556625 -0.038964688747891336 0.074330091553949068 0.0076138392108655957 0.03127587815999059 -0.10938682812198074 -0.04023694065179792 0.0075499717391736276 -0.039680886421924445 -0.071387216138712531 0.016211399209312131 0.052162868122852785 -0.086841287571423953 -0.027948309691258045 -0.095144576608947318 -0.031062428870862996 -0.097854783083776653 -0.069326016030092502 -0.11537278772688479 -0.10613635256668537 -0.11994751580371388
leaf_weight=18.347055584192276 13.33274703286588 11.240970926359298 5.5143027100712088 8.3842158243060165 17.157120021060109 4.2873408310115328 14.199632817879317 18.190094754099846 9.6294830767437833 13.125233378261326 6.8820638693869105 10.426193051040171 19.729408748447895 13.084851589053867 15.312712505459787 12.952321197837589 5.6949816029518825 4.8572009392082673 3.9972927346825662 6.3984480854123822 7.9430556306615463 3.45045007392764 9.129994582384823 18.689045608043671 8.498821744695304 4.6104471124708644 3.3624634444713575 6.2179876891896129 2.7449075542390338 5.2488777786493301 7.6778410449624062 3.6396678127348405 6.135281584225595
leaf_count=34 56 39 41 28 31 18 58 30 49 34 24 31 43 54 38 44 28 35 33 39 33 38 30 31 52 35 35 42 32 50 80 41 77
internal_value=0 0.0197304 -0.0299041 -0.00728553 0.0368269 -0.00648462 0.0207779 0.00676745 0.00929705 0.0370271 -0.0233373 -0.0122948 0.00463159 0.00645288 0.0186875 0.0437878 -0.0556869 -0.0619746 -0.0385952 -0.0556656 -0.0035449 -0.0858343 -0.0161156 0.0730162 -0.0585496 -0.0762751 -0.0910329 -0.00121408 -0.102757 -0.0887038 -0.109333 -0.111309 -0.11495
internal_weight=0 192.853 127.24 67.7956 116.739 76.1143 80.8924 62.5453 54.4629 29.4525 25.0104 44.3552 33.929 61.7209 48.636 28.265 59.4441 14.3934 37.9595 26.0465 16.3273 21.4846 20.371 35.8462 15.3809 19.648 15.0376 11.913 15.9703 10.1061 11.0403 12.5199 9.77495
internal_count=1363 566 797 276 258 308 196 162 220 95 125 132 101 205 151 82 521 103 292 222 61 229 69 62 76 183 148 70 188 85 115 150 118
is_linear=0
shrinkage=0.0649432


Tree=2
num_leaves=32
num_cat=0
split_feature=39 43 39 42 42 6 25 46 31 46 46 10 2 3 3 11 42 42 9 48 42 11 17 2 43 3 13 31 7 39 1
split_gain=37.9778 19.8163 8.58412 8.37351 8.37146 8.03879 6.51324 6.08263 5.92047 5.87992 11.1501 9.5933 7.9917 9.01777 6.52228 5.7338 6.28293 5.67056 7.61996 5.60321 4.612 4.21336 3.61811 3.34367 2.66204 2.07245 0.783238 0.505948 0.242545 0.31713 0.0700282
threshold=3.5000000000000004 6.5000000000000009 1.0000000180025095e-35 2.5000000000000004 65.000000000000014 1.5000000000000002 1.5000000000000002 19.000000000000004 3.5000000000000004 65.000000000000014 35.000000000000007 1.0000000180025095e-35 1.0000000180025095e-35 56.500000000000007 3.5000000000000004 10.500000000000002 45.000000000000007 19.000000000000004 1.0000000180025095e-35 4.5000000000000009 10.500000000000002 2.5000000000000004 1.0000000180025095e-35 3.5000000000000004 8.5000000000000018 15.500000000000002 2.5000000000000004 6.5000000000000009 3.5000000000000004 9.5000000000000018 1.0000000180025095e-35
decision_type=2 2 2 2 2 2 2 2 2 2 2 2 2 2 2 2 2 2 2 2 2 2 2 2 2 2 2 2 2 2 2
left_child=2 4 -1 -4 9 24 7 20 15 10 11 12 14 -14 -2 16 21 -9 19 -19 -5 23 -18 -7 25 -3 28 -10 29 -26 -30
right_child=1 5 3 6 -6 8 -8 17 27 -11 -12 -13 13 -15 -16 -17 22 18 -20 -21 -22 -23 -24 -25 26 -27 -28 -29 30 -31 -32
leaf_value=-0.025928522267683076 -0.014719611222809592 -0.0093165905511615812 0.080405262546426243 0.016742730289705725 -0.05520005928792715 0.027211670030402278 0.062859447413584485 -0.010459972948107805 -0.10081407554470835 0.048303981065396642 -0.06863078621144568 0.051308502518741278 -0.072174030461534394 0.0047762212066573577 0.06385175183593543 0.048443637715536711 -0.10849774052327794 -0.0056226599448526869 0.086815635208575881 0.051676154185604672 -0.039557387088863083 -0.061001536958020991 -0.025714999760732108 -0.029891867695661475 -0.071394885009134865 -0.076414545306770248 -0.059119860305191507 -0.066112911768551025 -0.095695588333452361 -0.10223368981609843 -0.11248959373953658
leaf_weight=11.286371961235998 8.4499113634228724 3.6424850821495083 14.005800399929283 13.985520157963039 10.530638702213762 10.619284002110367 17.015320923179388 10.846886146813629 3.5932363569736472 11.985890775918959 8.9327411055564863 16.482238076627254 11.662754919379951 14.255857620388268 9.3925259523093683 4.5544340871274462 5.4453611150383932 13.689715892076494 11.603888135403393 15.13156298175454 10.914160490036009 5.4953184612095347 3.8085281252861023 7.2811851277947417 3.0172413326799887 4.2074555531144142 2.7557587698101988 3.9796937517821789 2.8381031416356564 3.2598935179412365 4.708453930914402
leaf_count=49 34 23 30 52 54 58 30 30 40 42 49 44 77 58 31 17 56 52 21 51 47 41 35 53 39 43 35 38 35 46 53
internal_value=0 -0.0205465 0.0279025 0.033577 -0.00073924 -0.0467785 0.0265268 0.0183979 -0.0304005 0.00632469 -0.000945449 0.00908906 -0.00680609 -0.0298393 0.0266201 -0.0197175 -0.0292518 0.0311877 0.0423762 0.0244465 -0.00791732 -0.0112972 -0.0745375 0.00395035 -0.0767561 -0.0453906 -0.0915453 -0.0827372 -0.0979326 -0.0876046 -0.106351
internal_weight=0 160.899 118.479 107.193 91.6926 69.2064 93.1871 76.1717 44.777 81.1619 69.176 60.2433 43.761 25.9186 17.8424 37.2041 32.6497 51.2721 40.4252 28.8213 24.8997 23.3958 9.25389 17.9005 24.4294 7.84994 16.5795 7.57293 13.8237 6.27713 7.54656
internal_count=1363 1001 362 313 389 612 283 253 338 335 293 244 200 135 65 260 243 154 124 103 99 152 91 111 274 66 208 78 173 85 88
is_linear=0
shrinkage=0.0649432


Tree=3
num_leaves=32
num_cat=0
split_feature=43 47 38 39 47 7 42 27 6 46 39 6 38 46 7 4 49 30 27 15 7 38 46 38 0 46 39 3 47 0 5
split_gain=33.1502 16.1425 12.2375 6.79984 6.56601 6.05626 9.42343 8.45076 7.13677 5.90254 5.66233 11.2582 5.59773 5.57086 5.4661 5.4332 5.63335 3.92198 6.07696 10.2762 10.4316 4.5612 4.52201 4.98397 3.09175 2.71609 1.81456 1.64834 0.469677 0.907431 0.0549056
threshold=4.5000000000000009 3.5000000000000004 35.000000000000007 9.5000000000000018 12.500000000000002 12.500000000000002 65.000000000000014 1.0000000180025095e-35 15.500000000000002 11.500000000000002 5.5000000000000009 1.5000000000000002 65.000000000000014 10.500000000000002 40.500000000000007 3.5000000000000004 4.5000000000000009 1.0000000180025095e-35 1.5000000000000002 3.5000000000000004 12.500000000000002 25.000000000000004 14.500000000000002 25.000000000000004 19.500000000000004 65.000000000000014 8.5000000000000018 81.000000000000014 8.5000000000000018 3.5000000000000004 1.5000000000000002
decision_type=2 2 2 2 2 2 2 2 2 2 2 2 2 2 2 2 2 2 2 2 2 2 2 2 2 2 2 2 2 2 2
left_child=10 2 14 4 5 6 7 -3 24 -9 17 26 -4 -13 -2 28 -17 18 19 20 21 -1 -20 -24 25 -7 -12 -18 29 -5 -30
right_child=1 3 12 15 -6 8 -8 9 -10 -11 11 13 -14 -15 -16 16 27 -19 22 -21 -22 -23 23 -25 -26 -27 -28 -29 30 -31 -32
leaf_value=-0.028147939637845936 0.059465231796762427 0.051964538942458408 0.0013944256803792093 -0.10098460160113325 -0.099586293345379245 -0.085594634074340648 -0.069272358730774627 -0.070238097395589699 0.018158254756701655 0.029924455755926171 -0.025649825859666405 0.05382997567626787 -0.08207693611943577 -0.017157708458429035 -0.0014810578639230618 0.013539804202338815 -0.043496623571400612 -0.0031202598752495684 0.071383943405617989 -0.041960272496747886 0.076629789053599587 0.041110153954374784 -0.001644568071682864 0.06194296349531743 -0.010878144745079017 -0.027554111689159805 -0.075731620259719759 -0.10591775362351687 -0.10805401659396192 -0.05001855442329347 -0.092233445649771081
leaf_weight=9.6347346156835609 16.771654319018129 13.696562334895139 7.0014941059052926 3.4525843728333738 4.7922387532889834 13.522510811686525 6.5305440723896018 5.6589133590459806 6.5120599139481774 4.3992134369909763 6.6135775260627252 13.502480380237104 6.5349367130547762 7.0999239701777688 9.8215896785259229 5.7033934872597438 3.9154957924038172 12.322731446474789 24.352083027362823 9.3505307696759683 14.166332766413687 6.8584407344460478 10.404732476919891 10.348841726779936 4.5514107160270205 4.5968998577445737 5.7523183785378933 3.3709135949611664 5.6785595659166557 2.7202313356101513 2.4451063424348831
leaf_count=47 51 52 33 45 55 114 51 43 37 24 38 45 57 41 43 33 38 39 51 33 32 21 32 31 27 34 46 35 78 28 29
internal_value=0 -0.0229848 0.0113472 -0.0380401 -0.0264866 -0.0205743 -0.000210158 0.0187691 -0.0416831 -0.0263845 0.0232086 -3.95647e-05 -0.0388855 0.0293422 0.0369413 -0.0652136 -0.0347124 0.0310797 0.0360374 0.0175866 0.0357713 0.000624067 0.0523856 0.030048 -0.058897 -0.0709184 -0.0490243 -0.0725322 -0.0928545 -0.0787053 -0.103453
internal_weight=0 131.676 40.1297 91.5466 64.2604 59.4681 30.2852 23.7547 29.1829 10.0581 130.407 32.9683 13.5364 20.6024 26.5932 27.2863 12.9898 97.4384 85.1157 40.01 30.6595 16.4932 45.1057 20.7536 22.6708 18.1194 12.3659 7.28641 14.2965 6.17282 8.12367
internal_count=1363 907 184 723 437 382 170 119 212 67 456 170 90 86 94 286 106 286 247 133 100 68 114 63 175 148 84 73 180 73 107
is_linear=0
shrinkage=0.0649432


Tree=4
num_leaves=35
num_cat=0
split_feature=43 39 47 27 0 42 39 48 38 48 49 48 47 15 43 48 19 19 24 19 31 18 43 7 42 0 3 0 4 42 7 47 43 15
split_gain=21.9937 10.6001 9.68635 7.80612 7.05572 7.14867 6.56024 5.28207 7.03733 9.30718 7.01276 5.4466 5.19502 5.16826 4.79928 4.17796 4.75035 5.33983 5.3879 3.84637 3.06143 2.90904 2.38705 2.22528 2.4651 2.11595 2.07917 1.72808 1.65333 0.743893 0.62037 0.407956 0.470896 0.0268496
threshold=6.5000000000000009 5.5000000000000009 1.5000000000000002 3.5000000000000004 43.000000000000007 65.000000000000014 9.5000000000000018 2.5000000000000004 8.5000000000000018 4.5000000000000009 5.5000000000000009 5.5000000000000009 3.5000000000000004 9.5000000000000018 8.5000000000000018 4.5000000000000009 1.0000000180025095e-35 3.5000000000000004 1.0000000180025095e-35 1.0000000180025095e-35 1.0000000180025095e-35 3.5000000000000004 9.5000000000000018 4.5000000000000009 10.500000000000002 7.5000000000000009 6.5000000000000009 16.500000000000004 1.5000000000000002 11.500000000000002 51.500000000000007 8.5000000000000018 12.500000000000002 1.5000000000000002
decision_type=2 2 2 2 2 2 2 2 2 2 2 2 2 2 2 2 2 2 2 2 2 2 2 2 2 2 2 2 2 2 2 2 2 2
left_child=4 2 -2 14 5 6 7 25 10 19 -9 -11 -8 -7 -4 16 29 22 30 -10 -12 23 -18 24 -17 26 -1 31 -16 -3 -19 33 -33 -25
right_child=1 15 3 -5 -6 13 12 8 9 11 20 -13 -14 -15 28 21 17 18 -20 -21 -22 -23 -24 27 -26 -27 -28 -29 -30 -31 -32 32 -34 -35
leaf_value=0.052903722480647231 0.054862551484264499 -0.053141215766754957 -0.0079924825766260286 0.028847934540528964 0.065150099257896568 -0.070918665528368383 0.0090566785246450933 0.026372849375417617 0.024592909830768166 0.07277961817681039 -0.069217261303012478 0.024557747561897558 -0.071791158238980662 0.014166051580114736 -0.10043171786513271 0.00086774443004655939 0.059786416870426982 -0.057357522627240996 0.018324750448459621 -0.03161127491102575 -0.0095090279845875085 0.00017913968461433111 -0.0071354039877751232 -0.11188031918671132 -0.078089493547142966 0.062901677620943341 0.0058570441689979212 -0.042903088830486644 -0.045505343064752478 -0.09799144771818806 -0.1033524689610763 -0.063949222954249513 -0.10048267760428412 -0.098292215696749896
leaf_weight=7.424355365335944 10.093389458954332 3.7887233570218113 8.0006223805248791 9.1246749050915223 10.773622088134287 7.3974548727273923 7.3009765930473787 9.3690441548824328 7.9596968255937126 14.273046500980852 8.986210420727728 32.29460246860981 6.171328516677022 5.0546292886137962 5.3223466500639898 3.4271540306508603 4.6281258948147315 2.2219815384596568 3.5566291697323322 14.410928625613449 6.107738569378852 2.791032124310731 4.3358877506107092 2.545544436201455 3.2152515519410372 13.362758196890352 8.5539314821362478 3.8813929371535769 4.2091968171298504 2.8175077103078365 3.1516068559139967 3.704832199960947 2.7767840269953012 4.8816011436283588
leaf_count=20 30 33 41 41 24 57 42 34 29 33 51 118 55 22 53 31 24 25 23 52 28 19 37 31 43 34 43 31 35 38 43 45 39 59
internal_value=0 -0.0259657 0.000688438 -0.0198132 0.0144091 0.010725 0.0150342 0.0197588 0.0121977 0.0228197 -0.0177108 0.0393594 -0.0279564 -0.0363485 -0.0451723 -0.0449117 -0.0254053 -0.00798408 -0.0435333 -0.0115868 -0.0451104 -0.0624343 0.0273761 -0.0696075 -0.0373141 0.0437997 0.0277672 -0.0816124 -0.0762905 -0.0724455 -0.0845463 -0.092345 -0.079787 -0.103135
internal_weight=0 88.4743 36.7502 26.6568 159.44 148.667 136.215 122.742 93.4013 68.9383 24.463 46.5676 13.4723 12.4521 17.5322 51.7241 24.5005 17.8942 8.93022 22.3706 15.0939 27.2236 8.96401 24.4326 6.64241 29.341 15.9783 17.7902 9.53154 6.60623 5.37359 13.9088 6.48162 7.42715
internal_count=1363 721 200 170 642 618 539 442 345 232 113 151 97 79 129 521 223 152 91 81 79 298 61 279 74 97 63 205 88 71 68 174 84 90
is_linear=0
shrinkage=0.0649432


Tree=5
num_leaves=29
num_cat=0
split_feature=43 47 38 4 19 7 49 38 11 38 46 3 42 6 6 4 39 14 2 2 49 0 6 47 30 12 27 43
split_gain=18.8784 7.74965 7.74416 6.45533 9.42011 9.41197 7.87562 6.04042 4.587 5.72219 16.0663 8.01804 4.37419 3.81925 5.61196 5.75582 7.19366 3.27523 3.24102 4.9129 2.80026 2.59371 1.48636 1.02519 0.982368 0.232366 0.126839 0.029517
threshold=6.5000000000000009 1.5000000000000002 65.000000000000014 9.5000000000000018 6.5000000000000009 152.50000000000003 5.5000000000000009 25.000000000000004 3.5000000000000004 25.000000000000004 2.5000000000000004 3.5000000000000004 55.000000000000007 12.500000000000002 4.5000000000000009 5.5000000000000009 9.5000000000000018 2.5000000000000004 14.500000000000002 3.5000000000000004 5.5000000000000009 9.5000000000000018 2.5000000000000004 7.5000000000000009 1.0000000180025095e-35 1.5000000000000002 1.0000000180025095e-35 15.500000000000002
decision_type=2 2 2 2 2 2 2 2 2 2 2 2 2 2 2 2 2 2 2 2 2 2 2 2 2 2 2 2
left_child=2 7 3 4 8 -5 -7 -2 9 10 20 -12 22 14 15 16 18 -15 19 -3 -1 26 -4 -18 25 -16 -11 -25
right_child=1 13 12 5 -6 6 -8 -9 -10 21 11 -13 -14 17 24 -17 23 -19 -20 -21 -22 -23 -24 27 -26 -27 -28 -29
leaf_value=0.073182837822491853 0.058947978100763625 -0.014112152987899737 -0.028521321966868077 0.077351623791488119 -0.057791416188484136 0.057024253739004299 -0.03260073819227792 -0.029299329307110687 0.055715296415141821 0.025654300935794509 0.043578246376229257 -0.038502874187843039 -0.069801637319176518 -0.027077491054919061 -0.086840216949730833 0.034708378625523471 -0.05181485327412768 0.049923871602003934 0.014243860176551184 -0.074822149098350207 0.023440422991901293 0.061324094574053495 0.012240966341256073 -0.099640824314338156 -0.051248512400055679 -0.11285883558336869 0.014196025126296759 -0.085214024107115788
leaf_weight=9.3382229730486888 7.4420566931366903 16.955967307090763 6.4503819011151817 17.08454142510891 7.8041577022522679 7.6597790457308319 8.9630841463804227 5.8170789889991283 11.052315987646578 8.5372365750372463 5.9607286117970935 31.421914875507355 6.0557774417102328 5.7922576237469894 4.6866585500538331 5.0336522236466399 3.1459527071565372 3.8842351101338863 7.4908859170973292 8.4295996204018575 9.867854740470646 10.303392626345156 9.0487972591072303 6.0211662873625755 2.9171795919537544 2.686877803876996 8.5151506774127466 1.9108963701874015
leaf_count=25 20 132 35 42 38 22 43 49 29 29 21 166 54 55 59 36 42 21 44 86 41 28 37 94 29 25 32 29
internal_value=0 -0.0252393 0.0131285 0.0188429 0.0107473 0.0435084 0.00867213 0.0201955 0.016388 0.0111988 -0.000581654 -0.0253937 -0.0230294 -0.0339851 -0.0401604 -0.0309748 -0.0385143 0.00378931 -0.0232295 -0.0343102 0.0476744 0.0355816 -0.0046932 -0.0837774 -0.0837775 -0.0965046 0.0199742 -0.0963215
internal_weight=0 82.2145 158.063 136.508 102.801 33.7074 16.6229 13.2591 94.9968 83.9445 56.5887 37.3826 21.555 68.9553 59.2788 48.9881 43.9545 9.67649 32.8765 25.3856 19.2061 27.3558 15.4992 11.078 10.2907 7.37354 17.0524 7.93206
internal_count=1363 721 642 516 409 107 65 69 371 342 253 187 126 652 576 463 427 76 262 218 66 89 72 165 113 84 61 123
is_linear=0
shrinkage=0.0649432


Tree=6
num_leaves=37
num_cat=0
split_feature=39 43 6 47 25 46 6 19 16 15 13 43 42 15 49 39 6 49 49 39 7 19 42 42 46 46 31 31 49 47 7 13 31 43 2 38
split_gain=17.3199 8.72962 6.64721 4.90559 7.39502 4.58334 5.25042 9.0259 5.72924 4.9687 4.42188 3.91619 5.81673 7.53717 5.16482 3.79508 5.4732 3.5034 6.45311 3.45575 4.70269 5.56014 3.38985 3.69548 3.28913 2.82977 2.09337 1.30218 1.22809 1.00245 0.462254 0.47079 0.353786 0.341027 0.159 0.134236
threshold=3.5000000000000004 7.5000000000000009 1.5000000000000002 3.5000000000000004 1.0000000180025095e-35 35.000000000000007 4.5000000000000009 7.5000000000000009 4.5000000000000009 21.500000000000004 2.5000000000000004 11.500000000000002 12.500000000000002 13.500000000000002 3.5000000000000004 2.5000000000000004 1.0000000180025095e-35 4.5000000000000009 6.5000000000000009 6.5000000000000009 13.500000000000002 1.0000000180025095e-35 19.000000000000004 7.5000000000000009 35.000000000000007 9.5000000000000018 1.0000000180025095e-35 1.0000000180025095e-35 9.5000000000000018 2.5000000000000004 3.5000000000000004 1.0000000180025095e-35 1.5000000000000002 10.500000000000002 3.5000000000000004 10.500000000000002
decision_type=2 2 2 2 2 2 2 2 2 2 2 2 2 2 2 2 2 2 2 2 2 2 2 2 2 2 2 2 2 2 2 2 2 2 2 2
left_child=3 5 27 4 15 6 19 -8 -9 17 22 14 -13 34 -4 16 -1 -7 -19 25 21 29 23 -5 -24 -2 -26 30 32 -21 31 33 -16 -3 -14 -32
right_child=1 2 11 10 -6 9 7 8 -10 -11 -12 12 13 -15 28 -17 -18 18 -20 20 -22 -23 24 -25 26 -27 -28 -29 -30 -31 35 -33 -34 -35 -36 -37
leaf_value=-0.015326979710008584 -0.010501693440958379 -0.060890225940833417 0.0050547541698515294 0.018875173047348467 0.066628523506124096 -0.049559970649492031 0.078194650397912485 -0.04664541500661807 0.043112270311527361 -0.080282746615174899 -0.046764869210619196 0.047648876315827773 -0.099146048182806062 0.042932883540843077 -0.10076879533704786 -0.019955659107556971 0.046851232700763766 0.051210753906115118 -0.037119321139976985 -0.019919631173545869 -0.083832747979411509 0.029133711960918938 0.061440414892177816 -0.059575563751923417 -0.018590913355281253 0.041992869308553366 0.032235781415147095 -0.033171210886767714 -0.039048331440666328 -0.063809736383065377 -0.10150224881612557 -0.04524712705474325 -0.068592151826030262 -0.097046755389043032 -0.072404206967872503 -0.080097569950292657
leaf_weight=8.4721358381211775 9.0299903675913828 2.4144862070679682 6.3753695599734845 5.4026997275650519 18.919158414006233 6.6042081192135873 9.9928422234952468 6.496174428611992 5.5561005584895611 5.4693605341017237 6.2104899473488322 7.1390519812703115 2.400498291477561 3.202117919921875 3.579586021602152 8.9846313521265966 20.097178712487221 7.0962430611252767 6.8421271033585072 4.0103253498673492 4.4409825354814521 8.3633469529449922 7.7870624139905003 4.7432917542755604 6.3803651630878431 8.2891519218683225 7.3262490592896938 3.56944516301155 3.6491727419197559 4.9946877285838127 3.1220773477107286 2.9352372381836176 2.8482896126806736 2.3870982155203819 2.2037869989871979 3.2418671809136868
leaf_count=44 41 29 49 27 43 43 25 44 23 42 34 39 36 18 37 32 56 25 56 24 37 40 23 38 37 25 28 46 49 46 40 40 33 37 27 50
internal_value=0 -0.014809 -0.0367194 0.0213916 0.0335164 -0.00246924 0.00723362 0.03258 -0.0052199 -0.0253047 0.00328332 -0.0187552 0.00527649 -0.0334112 -0.0406117 0.0168099 0.0283939 -0.0106154 0.00781449 -0.00703604 -0.0242408 -0.00894101 0.0131337 -0.0177635 0.0277456 0.0145983 0.0085385 -0.0685861 -0.06954 -0.044359 -0.0774885 -0.0663912 -0.0866965 -0.0791078 -0.0866094 -0.0907958
internal_weight=0 136.254 49.0681 94.3233 56.4731 87.1855 61.1736 22.0451 12.0523 26.0119 37.8502 31.3979 14.9455 7.8064 16.4524 37.5539 28.5693 20.5426 13.9384 39.1285 21.8093 17.3684 31.6397 10.146 21.4937 17.3191 13.7066 17.6702 10.077 9.00501 14.1008 7.73682 6.42788 4.80158 4.60429 6.36394
internal_count=1363 1001 530 362 175 471 305 92 67 166 187 288 120 81 168 132 100 124 81 213 147 110 153 65 88 66 65 242 119 70 196 106 70 66 63 90
is_linear=0
shrinkage=0.0649432


Tree=7
num_leaves=35
num_cat=0
split_feature=43 39 47 6 19 48 25 0 46 42 15 43 4 7 19 49 15 49 19 5 12 0 3 2 4 49 47 38 2 49 27 5 6 42
split_gain=11.9383 5.47001 7.49085 3.61005 4.12181 3.53232 4.28011 5.10087 5.47837 3.48983 7.28148 2.72831 2.67925 6.34278 5.75121 10.9013 5.19031 4.93512 5.69596 7.5759 4.51397 2.61398 3.42325 1.97448 1.93121 1.82441 1.73823 2.2141 2.68708 1.00376 0.589026 0.504366 0.355445 0.177715
threshold=6.5000000000000009 5.5000000000000009 8.5000000000000018 4.5000000000000009 1.5000000000000002 4.5000000000000009 1.0000000180025095e-35 6.5000000000000009 4.5000000000000009 65.000000000000014 9.5000000000000018 8.5000000000000018 9.5000000000000018 154.00000000000003 2.5000000000000004 5.5000000000000009 4.5000000000000009 5.5000000000000009 1.0000000180025095e-35 1.0000000180025095e-35 2.5000000000000004 7.5000000000000009 9.5000000000000018 4.5000000000000009 1.0000000180025095e-35 8.5000000000000018 6.5000000000000009 13.500000000000002 1.5000000000000002 9.5000000000000018 2.5000000000000004 4.5000000000000009 1.5000000000000002 12.500000000000002
decision_type=2 2 2 2 2 2 2 2 2 2 2 2 2 2 2 2 2 2 2 2 2 2 2 2 2 2 2 2 2 2 2 2 2 2
left_child=9 2 3 4 -2 6 7 8 -3 12 -11 -10 14 -14 17 -16 -15 20 19 25 21 22 -1 -4 -20 -19 30 28 -28 -30 33 -29 -13 -7
right_child=1 5 23 -5 -6 26 -8 -9 11 10 -12 32 13 16 15 -17 -18 18 24 -21 -22 -23 -24 -25 -26 -27 27 31 29 -31 -32 -33 -34 -35
leaf_value=0.056320373025710711 0.0046232903186289387 0.029100138003526132 -0.099192086368457458 -0.021061419897986787 0.067202377642441483 -0.10556185043674662 -0.087849156283173399 0.0402369349614961 0.00080507613226348679 -0.072160760293547468 0.03400425972664143 -0.065680046480813728 0.057232672374972711 0.042709775029666226 -0.067067210787248671 0.020312786586678334 -0.034993447325851891 -0.026777379747082542 0.050769311707850984 -0.087704849452395275 -0.010392858000481781 0.074332124569478644 0.0072611732876060034 -0.021655298746720546 0.005649325132245718 0.018329914591372145 0.014432890652738176 -0.088381359233577081 -0.0771991098786972 -0.022020407076727814 -0.053966874733777488 -0.045837353694956298 -0.09953830148667446 -0.077457018280068013
leaf_weight=12.42694875597954 10.836940415203577 4.2759891748428398 3.3853527177125207 8.3740397132933122 7.5377186927944413 2.5751609969884184 3.0505144260823718 6.7500102799385777 2.1248090174049139 6.0234185401350242 4.9558307081460953 2.5550865912809968 17.088549273088578 6.447113011032342 10.89937971532345 13.424526151269673 8.2633092738687974 6.1447657048702267 8.485210809856655 5.4493319205939761 8.1066913902759534 8.6541702225804311 11.651690509170292 2.3855690769851208 7.626185964792966 9.8034180328249914 4.5447813235223276 3.6049026716500512 3.1221434604376554 2.579816147685051 2.6707219462841749 1.8892954457551239 3.2702524643391371 2.1123906131833792
leaf_count=38 59 25 44 45 25 28 41 44 22 57 23 43 48 24 53 57 44 33 30 37 33 23 61 27 35 46 36 63 43 33 33 25 48 37
internal_value=0 -0.0205605 -0.000237188 0.0142275 0.0303424 -0.0351915 -0.0165392 -0.00501545 -0.0300542 0.0109763 -0.024199 -0.0619376 0.0138536 0.0303306 0.00874315 -0.0188276 -0.000896275 0.0173108 0.000287525 -0.0216545 0.0329292 0.0436753 0.0326136 -0.067308 0.0294596 0.000910887 -0.0529422 -0.0406542 -0.0227116 -0.0523947 -0.0790835 -0.0739375 -0.0848893 -0.0931632
internal_weight=0 77.6455 32.5196 26.7487 18.3747 45.1259 22.0267 18.9761 12.2261 145.451 10.9792 7.95015 134.471 31.799 102.672 24.3239 14.7104 78.3484 37.5089 21.3975 40.8395 32.7328 24.0786 5.77092 16.1114 15.9482 23.0992 15.7409 10.2467 5.70196 7.35827 5.4942 5.82534 4.68755
internal_count=1363 721 200 129 84 521 223 182 138 642 80 113 562 116 446 110 68 336 181 116 155 122 99 71 65 79 298 200 112 76 98 88 91 65
is_linear=0
shrinkage=0.0649432


Tree=8
num_leaves=33
num_cat=0
split_feature=39 47 25 0 2 43 6 19 2 48 48 15 39 3 7 43 39 39 49 6 46 1 43 1 2 42 25 39 42 0 47 49
split_gain=11.1039 5.45335 5.5907 5.8623 5.53108 5.30874 4.55111 6.47867 12.4809 4.41438 7.10422 4.47418 4.17435 3.89315 3.51404 4.96153 4.73436 4.71344 3.39715 3.34311 3.20636 3.24974 3.03508 2.90295 2.88644 2.20192 3.54788 2.47649 1.40402 0.461228 0.168883 0.161627
threshold=4.5000000000000009 3.5000000000000004 1.5000000000000002 2.5000000000000004 12.500000000000002 6.5000000000000009 4.5000000000000009 7.5000000000000009 1.5000000000000002 3.5000000000000004 5.5000000000000009 13.500000000000002 17.500000000000004 10.500000000000002 6.5000000000000009 5.5000000000000009 7.5000000000000009 9.5000000000000018 2.5000000000000004 2.5000000000000004 4.5000000000000009 1.0000000180025095e-35 3.5000000000000004 6.5000000000000009 1.5000000000000002 9.5000000000000018 1.0000000180025095e-35 9.5000000000000018 5.5000000000000009 6.5000000000000009 7.5000000000000009 8.5000000000000018
decision_type=2 2 2 2 2 2 2 2 2 2 2 2 2 2 2 2 2 2 2 2 2 2 2 2 2 2 2 2 2 2 2 2
left_child=1 2 3 13 19 6 14 -8 -9 18 24 22 20 -1 15 16 -2 23 -3 -5 28 30 -12 -16 -11 29 27 -27 -7 -23 -22 -28
right_child=5 9 -4 4 -6 12 7 8 -10 10 11 -13 -14 -15 17 -17 -18 -19 -20 -21 21 25 -24 -25 -26 26 31 -29 -30 -31 -32 -33
leaf_value=0.019617165281426478 0.011612129934533611 -0.0090937391150180628 0.070203566416379412 0.0081013528209316291 0.030000137379141867 -0.030738523935046336 0.06055831513599913 0.057767975841702984 -0.068105240834106573 0.072283918288090374 0.034149816293807013 -0.076752385631233933 0.034781016087948806 0.076850075946724564 -0.087250127284338619 0.055738873896564428 -0.062475932981692475 0.013769658169476345 -0.080798307411650033 -0.048154419676329066 -0.068827754649221889 -0.094511450877436273 -0.034923134258830639 -0.023369624091635049 0.014806586021797281 0.003731007448214369 -0.087259830323676249 -0.044387927161712692 0.021924006904320798 -0.053765492266763602 -0.09240572628183405 -0.061395073016411499
leaf_weight=10.938680499792101 9.6415397524833697 7.2025355286896211 10.50481281429529 8.0768330991268176 15.614206701517103 3.7313587889075261 9.9355874173343199 6.2801881507039052 7.0342191569507122 6.9719804376363772 5.6114146113395673 4.3658456206321707 3.793222799897193 9.3101329430937749 6.8339373115450162 5.4511781819164744 5.8238246105611315 5.3704723082482806 4.5612214840948582 9.8839068636298162 2.3287124149501315 2.4940394163131741 5.1260376796126366 5.4085037223994732 7.8807602263987064 12.034928767010575 2.7556950841099015 7.1893545389175406 4.9686312489211559 2.4790435116738081 4.5932910349220037 2.1510860361158848
leaf_count=46 46 46 24 32 48 29 30 22 55 20 22 34 30 24 54 21 51 36 32 38 34 37 47 25 41 119 43 105 38 31 72 31
internal_value=0 0.0150042 0.026864 0.0183862 0.00172203 -0.0144261 -0.0017893 0.0208875 -0.0086921 -0.00327086 0.00995354 -0.0213801 -0.0305021 0.0459788 -0.0154891 0.00248468 -0.0162687 -0.0368576 -0.0369781 -0.022833 -0.0360562 -0.0445997 0.0011214 -0.0591067 0.0418478 -0.0350379 -0.0268763 -0.0142458 -0.000605923 -0.0744262 -0.0846392 -0.0761482
internal_weight=0 106.048 64.3286 53.8238 33.5749 110.299 61.7795 23.25 13.3144 41.7198 29.956 15.1033 48.5194 20.2488 38.5295 20.9165 15.4654 17.6129 11.7638 17.9607 44.7261 36.0262 10.7375 12.2424 14.8527 29.1041 24.1311 19.2243 8.69999 4.97308 6.922 4.90678
internal_count=1363 454 212 188 118 909 340 107 77 242 164 103 569 70 233 118 97 115 78 70 539 472 69 79 61 366 298 224 67 68 106 74
is_linear=0
shrinkage=0.0649432


Tree=9
num_leaves=34
num_cat=0
split_feature=43 39 1 3 31 27 6 38 48 42 7 19 43 5 39 38 47 2 25 3 43 15 16 42 47 38 4 38 6 4 19 3 3
split_gain=13.9976 5.62484 5.27086 4.58796 3.78961 3.77082 6.69426 4.87907 2.94898 9.20347 4.6246 5.96948 4.91891 4.26707 3.88419 2.85715 3.22359 2.76405 5.08368 2.65561 2.25679 2.41377 1.97671 1.78851 1.756 1.49629 0.68582 0.795005 0.655077 0.562785 0.467735 0.243597 0.15736
threshold=8.5000000000000018 4.5000000000000009 12.500000000000002 138.50000000000003 1.0000000180025095e-35 1.0000000180025095e-35 1.5000000000000002 10.500000000000002 5.5000000000000009 2.5000000000000004 40.500000000000007 7.5000000000000009 3.5000000000000004 1.5000000000000002 7.5000000000000009 1.5000000000000002 2.5000000000000004 5.5000000000000009 1.0000000180025095e-35 17.500000000000004 3.5000000000000004 2.5000000000000004 1.5000000000000002 25.000000000000004 1.5000000000000002 10.500000000000002 7.5000000000000009 65.000000000000014 2.5000000000000004 1.0000000180025095e-35 3.5000000000000004 8.5000000000000018 40.500000000000007
decision_type=2 2 2 2 2 2 2 2 2 2 2 2 2 2 2 2 2 2 2 2 2 2 2 2 2 2 2 2 2 2 2 2 2
left_child=1 15 5 -4 -5 6 29 -8 10 -10 20 -12 -13 14 -11 -1 23 19 28 -18 25 -22 30 24 -17 -3 27 32 -19 31 -15 -2 -7
right_child=2 8 3 4 -6 26 7 -9 9 13 11 12 -14 22 -16 16 17 18 -20 -21 21 -23 -24 -25 -26 -27 -28 -29 -30 -31 -32 -33 -34
leaf_value=-0.014246272904627145 -0.097937847880927131 -0.0075087844693634545 0.044887282758618682 -0.080790161154146792 0.0047593314843781083 -0.077853334633519511 0.04102281790639084 -0.047403155850032526 0.044829823812802205 0.017323573338493124 0.075438859691671301 0.046540820908394391 -0.045732350017383835 -0.073684694274408311 -0.054464851035304011 0.062790400313343903 0.0054049963854043799 -0.060173413910024204 0.022888181302815717 0.049962535794562876 0.024445749203681217 -0.028529248517857878 -0.031828391179731221 0.014864111232627453 0.027653757770344373 -0.057438861942711111 -0.044884486007354799 -0.044237055318510229 -0.02410399143893914 -0.046722529681400199 -0.10914802914171694 -0.068246635859425961 -0.09818943218020651
leaf_weight=8.9686664193868619 2.9256633315235403 4.7785801663994807 5.96879082545638 3.5418577734380943 5.6451600342988968 3.4615629687905294 6.5951748024672252 4.3659841101616621 7.1987284906208542 7.2949003018438834 7.7083783410489586 4.7180905267596227 5.0218715183436871 3.6083116158843023 5.6128726080060005 14.699820276349783 11.038589309901001 4.3805440440773982 11.926876854151486 11.601417668163775 9.8960844725370389 5.7118685543537131 3.8251649774610996 9.2840560600161535 10.290380161255598 5.4510774835944176 3.1027900055050841 2.1226526591926804 4.287100076675415 2.552034261636436 3.1959568839520216 2.4408777803182602 4.6901457123458385
leaf_count=40 41 23 34 42 48 54 42 57 29 40 23 20 46 40 56 41 50 30 51 40 54 51 33 38 34 40 37 34 30 36 31 39 59
internal_value=0 0.00915884 -0.0310005 0.00055413 -0.0282021 -0.0458402 -0.0270849 0.00574226 -0.00397562 -0.0193609 0.00693759 0.0327692 -0.000976234 -0.0390251 -0.0138641 0.0204073 0.0244253 0.0126106 -0.00458287 0.0282714 -0.0104898 0.00501896 -0.0694948 0.0393063 0.0483572 -0.0341926 -0.0722381 -0.0804047 -0.0424345 -0.0725568 -0.0905281 -0.0846541 -0.0897037
internal_weight=0 160.499 47.4127 15.1558 9.18702 32.2569 18.8797 10.9612 74.0219 30.7359 43.286 17.4483 9.73996 23.5372 12.9078 86.4775 77.5088 43.2345 20.5945 22.64 25.8376 15.608 10.6294 34.2743 24.9902 10.2297 13.3772 10.2744 8.66764 7.91858 6.80427 5.36654 8.15171
internal_count=1363 840 523 124 90 399 215 99 486 229 257 89 66 200 96 354 314 201 111 90 168 105 104 113 75 63 184 147 60 116 71 80 113
is_linear=0
shrinkage=0.0649432


Tree=10
num_leaves=31
num_cat=0
split_feature=43 39 42 25 4 39 0 47 46 46 43 15 7 18 4 18 38 47 49 48 25 49 29 42 31 3 43 3 1 7
split_gain=11.5854 4.55648 3.99724 4.52031 3.83842 4.99163 3.44238 3.45489 3.09706 4.82591 2.38824 4.22005 2.32953 1.97136 3.7052 3.26485 4.159 2.37223 1.97737 5.40138 3.98315 3.34261 1.81854 1.69306 1.36072 1.05701 0.945532 0.837319 0.412729 0.28446
threshold=7.5000000000000009 7.5000000000000009 4.5000000000000009 1.0000000180025095e-35 1.0000000180025095e-35 2.5000000000000004 6.5000000000000009 2.5000000000000004 10.500000000000002 55.000000000000007 14.500000000000002 6.5000000000000009 3.5000000000000004 2.5000000000000004 9.5000000000000018 1.0000000180025095e-35 35.000000000000007 1.5000000000000002 2.5000000000000004 4.5000000000000009 1.0000000180025095e-35 6.5000000000000009 1.0000000180025095e-35 10.500000000000002 1.0000000180025095e-35 11.500000000000002 11.500000000000002 27.500000000000004 3.5000000000000004 10.500000000000002
decision_type=2 2 2 2 2 2 2 2 2 2 2 2 2 2 2 2 2 2 2 2 2 2 2 2 2 2 2 2 2 2
left_child=1 13 -3 8 12 -6 7 -7 -4 27 11 -8 23 14 15 18 -17 -16 -1 20 -20 -21 28 -2 -13 -25 -14 -10 29 -9
right_child=4 2 3 -5 5 6 10 22 9 -11 -12 24 26 -15 17 16 -18 -19 19 21 -22 -23 -24 25 -26 -27 -28 -29 -30 -31
leaf_value=0.039966112797742391 0.00020358260112282188 0.020713388982085978 0.02148934065335175 -0.091057084034068647 0.03354156363845965 0.0060794119875173655 0.044322532848403311 -0.059274548579308133 -0.09992013748244255 0.012399150210319197 0.042216357073802772 -0.076305779670410565 -0.099116126959908846 -0.012198282212807887 0.068248999514132047 -0.058881721398973005 0.015080391659763064 0.022964718869603148 -0.044943110116026155 0.057569393527024518 0.020450234325029473 0.014548912287421457 -0.013196148330310464 -0.091728263481962904 -0.021885842026942402 -0.031565464372363287 -0.050108517357600663 -0.048797196262866216 -0.054303896236708234 -0.091218580384403211
leaf_weight=13.793313417583702 4.2864416055381316 10.291861798614265 6.4007021337747636 3.9672781350091091 7.5599903687834731 4.161487756296995 3.3482769168913356 1.7553698290139417 3.0297607332468015 4.717670600861311 3.7445366270840159 3.0611054655164462 4.2013954147696486 9.7111924625933153 9.0199242569506186 5.7247592024505121 7.2533286884427071 10.756252024322746 9.8819303810596484 10.094770677387713 6.4979602023959151 31.252076597884297 2.6091988775879136 2.0097178518772125 5.4015337117016315 3.3108127489686012 2.8929060790687799 2.5926496051251888 3.2301572170108557 5.2263284176588058
leaf_count=53 44 53 41 49 33 37 23 29 29 33 22 46 55 51 24 39 39 44 60 33 28 138 28 33 49 47 42 31 44 86
internal_value=0 0.00973994 -0.0123243 -0.0287724 -0.0248601 -0.0139404 -0.0249949 -0.0452068 -0.0139437 -0.0359308 -0.00288157 -0.0172447 -0.0510252 0.0157459 0.0183544 0.0124205 -0.0175178 0.0436656 0.0178622 0.0125664 -0.01897 0.0250745 -0.0618904 -0.0300511 -0.0416878 -0.0544949 -0.0792862 -0.0765438 -0.0742584 -0.0833409
internal_weight=0 144.985 30.9999 20.7081 56.7993 40.098 32.538 16.9825 16.7408 10.3401 15.5555 11.8109 16.7013 113.986 104.274 84.4981 12.9781 19.7762 71.5201 57.7267 16.3799 41.3468 12.8211 9.60697 8.46264 5.32053 7.0943 5.62241 10.2119 6.9817
internal_count=1363 745 236 183 618 397 364 224 134 93 140 118 221 509 458 390 78 68 312 259 88 171 187 124 95 80 97 60 159 115
is_linear=0
shrinkage=0.0649432


Tree=11
num_leaves=29
num_cat=0
split_feature=43 1 48 43 49 0 39 12 0 31 12 38 27 3 47 4 15 49 1 47 5 38 7 2 38 46 39 43
split_gain=8.57083 3.92732 3.87057 5.32876 6.01427 3.72522 3.70458 3.81203 4.8154 3.47532 5.65793 3.95632 3.41067 6.19662 3.38836 3.34711 3.07217 3.01737 2.59094 2.44131 1.74238 1.56747 1.03548 0.71487 0.650936 0.483564 0.34978 0.0847212
threshold=8.5000000000000018 12.500000000000002 6.5000000000000009 2.5000000000000004 8.5000000000000018 43.000000000000007 9.5000000000000018 1.0000000180025095e-35 2.5000000000000004 6.5000000000000009 3.5000000000000004 2.5000000000000004 1.0000000180025095e-35 22.500000000000004 4.5000000000000009 9.5000000000000018 4.5000000000000009 4.5000000000000009 1.0000000180025095e-35 5.5000000000000009 1.0000000180025095e-35 8.5000000000000018 30.500000000000004 6.5000000000000009 45.000000000000007 5.5000000000000009 9.5000000000000018 11.500000000000002
decision_type=2 2 2 2 2 2 2 2 2 2 2 2 2 2 2 2 2 2 2 2 2 2 2 2 2 2 2 2
left_child=2 12 5 16 -5 6 9 8 -8 10 11 -1 13 18 -3 -13 -4 -16 27 23 -21 -20 -19 -6 25 -14 -26 -2
right_child=1 14 3 4 19 -7 7 -9 -10 -11 -12 15 24 -15 17 -17 -18 22 21 20 -22 -23 -24 -25 26 -27 -28 -29
leaf_value=0.0578486140139041 -0.072318227253524159 0.048178052229237892 0.042999752207675761 0.016751523241680999 -0.095017336256716933 0.05720507398977559 -0.042503152065415502 -0.078794061031720028 0.054268555708017155 0.056896320871174841 -0.038661333708748774 0.0045397467994091403 -0.050220906871903774 0.027559679981894018 0.020712068129468512 0.042916773813484063 -0.014031725705649379 -0.023660055458846828 0.017713575688061624 0.010635588817442013 -0.052154026012340801 -0.051002096546463281 -0.081300121319329302 -0.056168053519963256 -0.023985358164961831 -0.086478772057299785 -0.063531772184988441 -0.09123654270039791
leaf_weight=8.7593382447957975 2.8131044153124147 4.6784461773931971 9.359656538814308 7.9252623207867172 4.3771774694323522 7.7029172033071509 4.8968247994780523 3.6281187552958718 3.880083104595542 7.6250324994325629 8.6292023956775648 53.97248356603086 2.3133949562907201 6.9314398234710088 4.3983219657093269 11.660503603518007 6.9068322256207457 2.7491974607110023 2.5877953413873911 3.2039349414408198 4.4005813766270876 3.0137563068419695 2.5920818075537682 3.9643424302339554 2.0341435521841045 5.6947535891085863 1.8884002491831777 2.7584700817242265
leaf_count=30 44 24 37 45 37 23 47 48 21 28 55 286 22 56 28 42 38 38 18 24 53 49 34 26 29 98 35 48
internal_value=0 -0.02506 0.00738366 -0.00988491 -0.0294236 0.0136471 0.0103818 -0.0228761 0.000224348 0.0149409 0.0110759 0.0168561 -0.0384326 -0.020608 0.0027645 0.0113706 0.0187546 -0.0190139 -0.0505378 -0.0524047 -0.0256425 -0.0191771 -0.0518132 -0.0766896 -0.0654037 -0.0761323 -0.0432526 -0.0818974
internal_weight=0 44.4533 150.892 40.1378 23.8713 110.755 103.052 12.405 8.77691 90.6466 83.0215 74.3923 30.0353 18.1046 14.418 65.633 16.2665 9.7396 11.1731 15.946 7.60452 5.60155 5.34128 8.34152 11.9307 8.00815 3.92254 5.57157
internal_count=1363 523 840 260 185 580 557 116 68 441 413 358 399 215 124 328 75 100 159 140 77 67 72 63 184 120 64 92
is_linear=0
shrinkage=0.0649432


end of trees

feature_importances:
result_1=33
result_2=29
result_3=25
ninki_1=23
ninki_2=23
umaban=22
mf_course3=19
ninki_3=18
mf_courseout=17
f_courseout=16
f_course1=15
waku=15
mf_classout=14
f_course3=13
mf_course1=13
f_lenout=12
mf_classout.1=11
f_class2=10
f_classout=10
f_course2=8
mf_course2=6
f_len1=4
f_len2=4
mf_len3=4
f_mf_courseout=3
f_mf_course2=2
f_mf_course3=2
mf_len1=2
mf_len2=2
mf_class3=2
f_len3=1
f_class1=1
mf_class2=1
f_mf_classout.1=1

parameters:
[boosting: gbdt]
[objective: lambdarank]
[metric: ndcg]
[tree_learner: serial]
[device_type: cpu]
[data_sample_strategy: bagging]
[data: ]
[valid: ]
[num_iterations: 196]
[learning_rate: 0.0649432]
[num_leaves: 62]
[num_threads: 16]
[seed: 0]
[deterministic: 0]
[force_col_wise: 1]
[force_row_wise: 0]
[histogram_pool_size: -1]
[max_depth: 8]
[min_data_in_leaf: 30]
[min_sum_hessian_in_leaf: 0.001]
[bagging_fraction: 1]
[pos_bagging_fraction: 1]
[neg_bagging_fraction: 1]
[bagging_freq: 0]
[bagging_seed: 7719]
[feature_fraction: 1]
[feature_fraction_bynode: 1]
[feature_fraction_seed: 2437]
[extra_trees: 0]
[extra_seed: 11797]
[early_stopping_round: 0]
[first_metric_only: 0]
[max_delta_step: 0]
[lambda_l1: 0.00856032]
[lambda_l2: 0.00771163]
[linear_lambda: 0]
[min_gain_to_split: 0]
[drop_rate: 0.1]
[max_drop: 50]
[skip_drop: 0.5]
[xgboost_dart_mode: 0]
[uniform_drop: 0]
[drop_seed: 21238]
[top_rate: 0.2]
[other_rate: 0.1]
[min_data_per_group: 100]
[max_cat_threshold: 32]
[cat_l2: 10]
[cat_smooth: 10]
[max_cat_to_onehot: 4]
[top_k: 20]
[monotone_constraints: ]
[monotone_constraints_method: basic]
[monotone_penalty: 0]
[feature_contri: ]
[forcedsplits_filename: ]
[refit_decay_rate: 0.9]
[cegb_tradeoff: 1]
[cegb_penalty_split: 0]
[cegb_penalty_feature_lazy: ]
[cegb_penalty_feature_coupled: ]
[path_smooth: 0]
[interaction_constraints: ]
[verbosity: -1]
[saved_feature_importance_type: 0]
[use_quantized_grad: 0]
[num_grad_quant_bins: 4]
[quant_train_renew_leaf: 0]
[stochastic_rounding: 1]
[linear_tree: 0]
[max_bin: 255]
[max_bin_by_feature: ]
[min_data_in_bin: 3]
[bin_construct_sample_cnt: 200000]
[data_random_seed: 38]
[is_enable_sparse: 1]
[enable_bundle: 1]
[use_missing: 1]
[zero_as_missing: 0]
[feature_pre_filter: 1]
[pre_partition: 0]
[two_round: 0]
[header: 0]
[label_column: ]
[weight_column: ]
[group_column: ]
[ignore_column: ]
[categorical_feature: ]
[forcedbins_filename: ]
[precise_float_parser: 0]
[parser_config_file: ]
[objective_seed: 8855]
[num_class: 1]
[is_unbalance: 0]
[scale_pos_weight: 1]
[sigmoid: 1]
[boost_from_average: 1]
[reg_sqrt: 0]
[alpha: 0.9]
[fair_c: 1]
[poisson_max_delta_step: 0.7]
[tweedie_variance_power: 1.5]
[lambdarank_truncation_level: 30]
[lambdarank_norm: 1]
[label_gain: ]
[lambdarank_position_bias_regularization: 0]
[eval_at: 1,3,5]
[multi_error_top_k: 1]
[auc_mu_weights: ]
[num_machines: 1]
[local_listen_port: 12400]
[time_out: 120]
[machine_list_filename: ]
[machines: ]
[gpu_platform_id: -1]
[gpu_device_id: -1]
[gpu_use_dp: 0]
[num_gpu: 1]

end of parameters

pandas_categorical:[]
