tree
version=v4
num_class=1
num_tree_per_iteration=1
label_index=0
max_feature_idx=49
objective=lambdarank
feature_names=f_course1 f_course2 f_course3 f_courseout mf_course1 mf_course2 mf_course3 mf_courseout f_mf_course1 f_mf_course2 f_mf_course3 f_mf_courseout f_len1 f_len2 f_len3 f_lenout mf_len1 mf_len2 mf_len3 mf_classout f_mf_len1 f_mf_len2 f_mf_len3 f_mf_classout f_class1 f_class2 f_class3 f_classout mf_class1 mf_class2 mf_class3 mf_classout.1 f_mf_class1 f_mf_class2 f_mf_class3 f_mf_classout.1 time_df_course1 time_df_class1 ninki_1 result_1 time_df_course2 time_df_class2 ninki_2 result_2 time_df_course3 time_df_class3 ninki_3 result_3 waku umaban
feature_infos=[0:79] [0:58] [0:65] [0:431] [0:71] [0:55] [0:52] [0:430] [0:12] [0:8] [0:8] [0:54] [0:33] [0:32] [0:26] [0:149] [0:18] [0:19] [0:18] [0:137] [0:3] [0:4] [0:5] [0:21] [0:7] [0:12] [0:7] [0:47] [0:5] [0:6] [0:5] [0:43] [0:2] [0:2] [0:2] [0:7] [-1:0] [-1:0] [-1:180] [-1:120] [-1:0] [-1:0] [-1:180] [-1:160] [-1:0] [-1:0] [-1:180] [-1:160] [1:8] [1:18]
tree_sizes=4498 4466 4487 4501 4537 4525 4518 4521 4524 4527 4509 4468 4542 4482 4551 4541

Tree=0
num_leaves=42
num_cat=0
split_feature=47 39 43 38 39 47 39 8 46 14 43 7 2 5 47 30 7 27 35 24 43 43 49 4 17 7 47 12 15 26 16 19 46 7 42 42 38 31 31 29 46
split_gain=133.235 35.9287 34.5981 20.193 18.8511 11.9153 11.2699 10.2718 8.43047 7.42624 7.1057 6.86955 9.25044 6.56483 6.38548 6.15235 7.4987 6.11983 6.04795 6.57658 6.03332 5.69841 6.45947 5.44376 11.3213 5.2309 4.93131 4.72366 7.48946 5.28145 4.65166 4.61421 5.55623 7.48983 4.20388 4.01804 4.84201 4.18129 3.95282 3.92906 3.91996
threshold=5.5000000000000009 6.5000000000000009 6.5000000000000009 55.000000000000007 4.5000000000000009 1.0000000180025095e-35 1.0000000180025095e-35 1.0000000180025095e-35 1.5000000000000002 6.5000000000000009 11.500000000000002 31.500000000000004 1.0000000180025095e-35 1.0000000180025095e-35 1.5000000000000002 1.5000000000000002 6.5000000000000009 7.5000000000000009 1.0000000180025095e-35 1.0000000180025095e-35 3.5000000000000004 4.5000000000000009 6.5000000000000009 5.5000000000000009 1.5000000000000002 77.500000000000014 10.500000000000002 2.5000000000000004 21.500000000000004 1.5000000000000002 1.0000000180025095e-35 10.500000000000002 45.000000000000007 76.500000000000014 65.000000000000014 12.500000000000002 55.000000000000007 1.0000000180025095e-35 1.5000000000000002 1.5000000000000002 3.5000000000000004
decision_type=2 2 2 2 2 2 2 2 2 2 2 2 2 2 2 2 2 2 2 2 2 2 2 2 2 2 2 2 2 2 2 2 2 2 2 2 2 2 2 2 2
left_child=1 6 4 5 13 7 9 -3 -6 15 11 12 -4 34 -7 16 -1 -11 19 -16 -8 22 30 -5 -25 -18 40 28 -14 -29 -10 35 33 -33 -2 37 -37 -22 -19 -23 -12
right_child=2 3 10 23 8 14 20 -9 21 17 26 -13 27 -15 18 -17 25 38 -20 -21 31 39 -24 24 -26 -27 -28 29 -30 -31 -32 32 -34 -35 -36 36 -38 -39 -40 -41 -42
leaf_value=0.026318557231075342 -0.10723932788075312 -0.15213387391991415 -0.12629547011865336 -0.12396776978075452 0.10660976016110807 0.097398882530568207 0.092286658474904304 0.09796953018499735 0.072843150301399845 0.13879937925515826 0.022152339712336971 -0.11328436835423571 -0.025694303670552542 0.07693321764259789 -0.0042660792070087312 0.08370608933644956 -0.13384202764430045 -0.082423123661537714 -0.11648805628627135 0.081004594996412854 -0.041568345712097235 -0.14019037444172294 -0.093889812419981664 0.081225785008337534 -0.12990391980194171 0 -0.15008279638679586 -0.12142179696778953 0.11468965169839068 -0.0072736821715659638 -0.063097924401557051 -0.12103650436504002 -0.099321368803398549 0.06497811443101971 0.065498565487698723 0.10401976957420353 0.002506559930685969 0.079513536729233045 0.062907250578032689 0 -0.099989919206741482
leaf_weight=8.0609125271439606 2.6128706634044674 4.7251021638512603 8.8872272334992868 11.234888952225448 2.1128005012869862 9.567828491330145 72.860049366950989 1.4887862019240854 4.8069833926856536 5.583864960819481 1.9171354882419134 20.043401513248682 12.765443306416278 17.801839012652636 16.790637519210584 4.0380807742476454 5.8234189227223379 1.986786790192127 2.220707230269908 10.438276484608648 4.170297831296919 8.4286442920565587 6.4411619678139687 3.4954817444086066 3.7523596026003361 3.4272681698203087 20.990302413702011 6.1449949368834478 3.4743078239262095 6.2003528252243996 2.815802987664938 1.7728754505515087 2.5985141396522513 10.453724291175602 1.5311528444290159 20.876913309097294 4.4437792822718611 3.9228719286620617 3.9547250792384148 1.6129567921161641 16.944454450160265
leaf_count=62 36 69 116 155 10 46 417 6 32 21 15 262 125 109 165 23 80 27 32 64 49 125 93 17 56 35 299 83 13 55 35 26 38 71 10 105 41 23 27 15 215
internal_value=0 0.0421934 -0.0631086 -0.0114165 -0.00370634 0.0189827 0.0644722 -0.0896067 -0.0527379 0.0195862 -0.0923274 -0.0724269 -0.0500917 0.0541791 0.0367224 -0.00956216 -0.0323018 0.0747516 0.0164127 0.027931 0.0765249 -0.0674536 -0.0308623 -0.0865213 -0.0261132 -0.0849106 -0.120588 -0.0257561 0.00358981 -0.0654777 0.0206112 0.0523603 0.0115364 0.0365266 -0.0398091 0.069995 0.0868228 0.01536 0.01161 -0.116942 -0.0867637
internal_weight=0 217.688 145.532 63.7141 48.1642 45.2313 153.974 6.21389 26.2183 32.8751 97.3676 57.5157 37.4723 21.9459 39.0174 21.3497 17.3116 11.5254 29.4496 27.2289 121.099 24.1055 14.0639 18.4827 7.24784 9.25069 39.8519 28.5851 16.2398 12.3453 7.62279 48.239 14.8251 12.2266 4.14402 33.4139 25.3207 8.09317 5.94151 10.0416 18.8616
internal_count=3303 1655 1648 610 465 382 1045 75 310 275 1183 654 392 155 307 200 177 75 261 229 770 300 160 228 73 115 529 276 138 138 67 353 135 97 46 218 146 72 54 140 230
is_linear=0
shrinkage=0.0852085


Tree=1
num_leaves=42
num_cat=0
split_feature=47 43 48 17 3 47 38 4 7 3 47 23 25 11 4 3 46 1 42 6 39 21 12 3 38 18 11 7 26 7 0 7 31 0 39 46 46 48 0 47 42
split_gain=78.3732 24.3124 20.439 20.3865 22.1083 19.9578 17.6025 14.8621 18.0183 19.7356 19.3678 17.8487 14.8865 19.8779 14.4603 13.2833 13.0584 11.9723 13.3553 12.5381 11.0549 9.64132 9.43349 9.29342 8.67137 8.46185 12.985 11.3116 9.31768 8.27986 7.90217 12.8151 7.76974 7.69556 7.59391 8.07107 6.75755 6.66264 6.97692 5.2244 5.21048
threshold=5.5000000000000009 6.5000000000000009 6.5000000000000009 3.5000000000000004 48.500000000000007 1.5000000000000002 105.00000000000001 19.500000000000004 2.5000000000000004 21.500000000000004 2.5000000000000004 12.500000000000002 3.5000000000000004 4.5000000000000009 1.0000000180025095e-35 76.500000000000014 55.000000000000007 1.5000000000000002 3.5000000000000004 4.5000000000000009 2.5000000000000004 1.0000000180025095e-35 1.0000000180025095e-35 3.5000000000000004 25.000000000000004 1.5000000000000002 1.5000000000000002 1.0000000180025095e-35 1.0000000180025095e-35 68.000000000000014 7.5000000000000009 20.500000000000004 1.5000000000000002 7.5000000000000009 11.500000000000002 16.500000000000004 19.000000000000004 4.5000000000000009 4.5000000000000009 10.500000000000002 25.000000000000004
decision_type=2 2 2 2 2 2 2 2 2 2 2 2 2 2 2 2 2 2 2 2 2 2 2 2 2 2 2 2 2 2 2 2 2 2 2 2 2 2 2 2 2
left_child=2 16 6 4 17 30 7 8 9 20 -11 37 13 -10 -14 -7 21 18 32 -19 -1 25 39 -20 -17 26 27 -2 -27 -30 -6 -32 -4 34 -24 -36 -23 38 -9 -3 -18
right_child=1 22 3 -5 5 15 -8 11 12 10 -12 -13 14 -15 -16 24 40 19 23 -21 -22 36 33 -25 -26 28 -28 -29 29 -31 31 -33 -34 -35 35 -37 -38 -39 -40 -41 -42
leaf_value=0.044784179150601122 -0.11363557066287475 -0.07353808705020716 -0.1380559386808165 -0.10634140969575608 0.12880191119514081 0.099568142252408884 -0.12987112638281884 0.10073618020349416 0.0052814291237408715 0.10449855436853858 -0.018453155227519887 -0.05609998789259775 0.037214338297437415 0.071527968227895838 -0.13969400375866284 -0.017603189708677514 0.043588191254547909 -0.12385056803113487 -0.069834846140450171 0.025554983669561732 -0.047361240835550419 -0.0010686535629164144 -0.052079003371138743 0.052278169896335408 -0.12841711372834391 -0.1460938563750441 -0.12639374506052325 0.051871211181592804 -0.11755270003974616 0.041522117119618389 0.070414196602519838 -0.04890786106100755 0 -0.080275321181674894 0.055735524707562392 -0.10252273995228627 0.13131454270769091 0.14233671823572974 0 -0.13619556767021543 -0.081249477909217702
leaf_weight=21.845443893224001 3.2586298175156108 23.532235316932201 7.3813471971079689 14.373230570927261 10.691079741343854 5.4136814326047888 5.1100283768028012 14.430600441992285 211.08832820784301 51.821709968149662 11.081435682252048 6.2197970859706393 5.1556799821555606 39.073505442589521 8.9501981660723668 21.451409718021754 2.5805713944137123 17.16750595532358 5.7219378538429764 5.1282947901636353 16.558569125831127 4.2431336976587755 28.402558501809835 20.111083921045065 6.9010740239173165 5.5771423485130098 4.0215073358267537 29.454745873808861 3.4701270088553411 7.2405363693833351 30.195027306675911 8.1586869657039625 4.8606418948620558 36.710361802950501 11.573333645239471 2.8539355117827645 7.096423052251339 15.252936670556663 7.2788985315710297 18.994046533480287 19.764630068093538
leaf_count=44 27 235 36 63 21 13 60 30 651 80 31 18 10 87 31 63 12 70 25 21 68 24 232 53 28 33 30 136 20 22 58 28 17 380 52 39 16 26 23 245 145
internal_value=0 -0.044675 0.016324 -0.00972354 0 0.0285815 0.0262763 0.0282755 0.0226283 0.0532134 0.0826018 0.0756822 0.0108415 0.0156968 -0.0740373 -0.0214898 -0.0099656 -0.0392047 -0.00970139 -0.0888265 0.00465699 0.00932045 -0.0691978 0.0245953 -0.0452231 -0.00568166 0.0166719 0.0348279 -0.0569479 -0.00882348 0.0633514 0.0446204 -0.0831675 -0.0514572 -0.0263633 0.0232281 0.0806002 0.0982938 0.066489 -0.101961 -0.0661184
internal_weight=0 208.774 571.422 157.555 143.182 82.811 413.867 408.757 365.575 101.307 62.9031 43.1822 264.268 250.162 14.1059 33.7662 86.7074 60.3708 38.075 22.2958 38.404 64.3622 122.066 25.833 28.3525 53.0227 36.7349 32.7134 16.2878 10.7107 49.0448 38.3537 12.242 79.5402 42.8298 14.4273 11.3396 36.9624 21.7095 42.5263 22.3452
internal_count=3303 1648 1655 496 433 211 1159 1099 1002 223 111 97 779 738 41 104 465 222 131 91 112 308 1183 78 91 268 193 163 75 42 107 86 53 703 323 91 40 79 53 480 157
is_linear=0
shrinkage=0.0852085


Tree=2
num_leaves=42
num_cat=0
split_feature=43 47 42 49 43 42 4 0 42 0 24 3 3 8 11 38 1 3 39 46 43 7 25 0 4 21 42 43 11 5 8 24 43 11 46 31 47 47 10 3 19
split_gain=71.4808 37.51 18.3543 17.21 13.9469 12.5659 18.3414 11.796 10.044 9.54661 9.53 9.46112 9.01049 9.19859 9.13491 8.78812 7.96733 10.0775 9.53998 6.68608 6.27712 13.8063 8.54682 5.88738 12.9674 6.40858 5.84245 5.78885 5.61076 4.72758 4.17566 4.09195 4.19486 4.03904 3.4769 3.3816 2.25492 2.21917 2.70454 4.42101 3.60418
threshold=4.5000000000000009 4.5000000000000009 4.5000000000000009 2.5000000000000004 11.500000000000002 45.000000000000007 12.500000000000002 1.0000000180025095e-35 5.5000000000000009 21.000000000000004 2.5000000000000004 276.50000000000006 260.50000000000006 1.0000000180025095e-35 12.500000000000002 45.000000000000007 1.0000000180025095e-35 28.500000000000004 5.5000000000000009 7.5000000000000009 3.5000000000000004 1.0000000180025095e-35 1.0000000180025095e-35 16.500000000000004 8.5000000000000018 1.0000000180025095e-35 25.000000000000004 6.5000000000000009 4.5000000000000009 1.5000000000000002 1.5000000000000002 1.0000000180025095e-35 6.5000000000000009 1.0000000180025095e-35 35.000000000000007 8.5000000000000018 5.5000000000000009 10.500000000000002 1.0000000180025095e-35 9.5000000000000018 7.5000000000000009
decision_type=2 2 2 2 2 2 2 2 2 2 2 2 2 2 2 2 2 2 2 2 2 2 2 2 2 2 2 2 2 2 2 2 2 2 2 2 2 2 2 2 2
left_child=5 3 31 19 7 11 20 -4 9 -5 15 12 14 -14 23 26 18 -18 -9 33 21 -7 34 25 -25 -1 -10 -17 -13 -21 -16 32 -3 -2 -22 -30 -23 38 39 -6 -40
right_child=1 2 4 8 37 6 -8 16 10 -11 -12 28 13 -15 30 27 17 -19 -20 29 22 36 -24 24 -26 -27 -28 -29 35 -31 -32 -33 -34 -35 -36 -37 -38 -39 40 -41 -42
leaf_value=0.026857551787252187 -0.059910643978960253 0.060276560578304272 -0.11381345783144133 -0.11800851271386971 -0.040074576118092849 0.099904164312057245 0.093414413812559743 0.088610334508496091 -0.0076221289191757257 0.033369905591465403 -0.11005419743402828 0.12111530352354787 0.037700435535814467 -0.11478284894250627 0.14693125551074657 0.021314878542387516 -0.10250218610823679 -0.03073811672358159 -0.051476087178458967 0.13599374889175517 0 -0.13032011681067321 0.060356293633346839 0.016541534334469744 -0.11616038368474083 0.073995000640416003 0.051633797129834333 -0.075612415374450181 -0.01196870210332656 0.045201069578869546 0.050189197240304899 0.090324760522408176 -0.067474053132126066 0.064699020129540527 -0.13424138263907051 0.081475255632964302 -0.060911052154860194 -0.12480967159281671 0.054361265636168221 -0.12549555677250146 -0.090837579838730226
leaf_weight=201.41430218890309 3.8705644309520748 3.6843924447894079 16.844964902848005 10.584291256964205 7.3181397058069768 2.6625846400856998 8.360368035733698 7.5143118165433389 18.996542681008577 4.0207979269325724 5.0971892215311518 13.058985449373724 4.9738198183476907 6.393514096736908 6.68026329949498 6.8459969889372614 18.237561175599694 69.915922399610281 6.4757181219756603 10.018119104206564 2.3295212686061841 10.842531055212023 7.2323095351457596 37.987016333267093 6.1836045160889617 23.894068621098995 31.304846342653036 11.817387901246546 5.1462810449302179 8.2733775302767736 7.6364411450922489 6.164879634976387 3.694278696551919 3.6250759344547987 3.3423542864620686 5.5766427032649517 6.6121056824922553 21.124534569680691 2.1831639409065238 14.131050335243343 2.6257720701396465
leaf_count=695 19 13 183 65 67 8 25 24 85 11 37 29 22 30 10 35 158 511 51 17 10 56 25 127 33 62 83 103 15 29 22 26 29 11 25 14 51 298 11 150 28
internal_value=0 -0.0311483 -0.0554141 0.00687002 -0.0632139 0.0254471 -0.0184897 -0.0473876 -0.0108079 -0.0753274 0.00174089 0.0311961 0.0269486 -0.0468313 0.0299618 0.0102702 -0.0362526 -0.0457882 0.0227284 0.0681713 -0.0473411 -0.0770594 0 0.0263538 -0.00176972 0.0319333 0.0289671 -0.0392807 0.0831715 0.095903 0.0966113 0.0392153 -0.00167517 0 -0.0789789 0.0353347 -0.105051 -0.10258 -0.0839902 -0.0971569 -0.0218999
internal_weight=0 294.369 179.915 114.454 166.371 360.327 41.3818 118.988 88.6671 14.6051 74.062 318.945 295.163 11.3673 283.796 68.9648 102.144 88.1535 13.99 25.7871 33.0214 20.1172 12.9042 269.479 44.1706 225.308 50.3014 18.6634 23.7819 18.2915 14.3167 13.5436 7.37867 7.49564 5.67188 10.7229 17.4546 47.3827 26.2581 21.4492 4.80894
internal_count=3303 2044 1549 495 1481 1259 200 927 419 76 343 1059 1001 52 949 306 744 669 75 76 175 115 60 917 160 757 168 138 58 46 32 68 42 30 35 29 107 554 256 217 39
is_linear=0
shrinkage=0.0852085


Tree=3
num_leaves=42
num_cat=0
split_feature=47 43 39 15 12 12 19 38 46 39 25 11 7 48 4 19 19 48 19 43 2 2 38 27 42 15 4 4 12 49 15 39 46 42 6 7 39 31 11 7 7
split_gain=49.2792 22.5176 19.8212 14.9493 7.45465 10.819 7.62534 6.69155 6.67945 9.99419 6.69659 6.54882 7.8522 6.55407 6.4879 6.84614 10.4011 6.82477 7.92241 7.03966 6.11781 23.7376 8.67969 7.24248 6.35947 6.09148 5.75867 9.9709 5.74278 5.42967 5.2388 5.15974 4.66016 6.0733 4.67355 6.67872 4.07474 4.03887 5.59973 3.70584 4.80385
threshold=5.5000000000000009 6.5000000000000009 6.5000000000000009 1.5000000000000002 1.0000000180025095e-35 2.5000000000000004 1.5000000000000002 55.000000000000007 3.5000000000000004 4.5000000000000009 2.5000000000000004 11.500000000000002 76.500000000000014 4.5000000000000009 21.500000000000004 12.500000000000002 16.500000000000004 4.5000000000000009 23.500000000000004 3.5000000000000004 12.500000000000002 9.5000000000000018 1.5000000000000002 6.5000000000000009 19.000000000000004 28.500000000000004 5.5000000000000009 9.5000000000000018 1.5000000000000002 7.5000000000000009 101.00000000000001 8.5000000000000018 10.500000000000002 5.5000000000000009 5.5000000000000009 5.5000000000000009 13.500000000000002 1.5000000000000002 1.5000000000000002 2.5000000000000004 1.5000000000000002
decision_type=2 2 2 2 2 2 2 2 2 2 2 2 2 2 2 2 2 2 2 2 2 2 2 2 2 2 2 2 2 2 2 2 2 2 2 2 2 2 2 2 2
left_child=2 8 14 -4 -3 6 29 11 -2 32 39 12 13 -5 15 20 -17 18 -18 -19 21 22 -1 -22 -25 36 -9 -28 -16 -6 -12 -14 33 -10 35 -34 -8 38 -7 40 -11
right_child=1 4 3 7 5 37 25 26 9 10 30 -13 31 -15 28 16 17 19 -20 -21 23 -23 -24 24 -26 -27 27 -29 -30 -31 -32 -33 34 -35 -36 -37 -38 -39 -40 -41 -42
leaf_value=-0.01331288685425124 0.058692102569265867 -0.09406992549580119 -0.090904167079146017 0.04630046589126309 0.073101862064613526 -0.083718575582456212 -0.092536857827716035 -0.090068169920579588 0.038300846348310061 -0.074971334529057063 -0.042289563163432214 0.10252744009396142 0.00075835074776567249 -0.014267651511578808 0.098590636365763429 -0.075369443371409425 0.11970943349032978 0.011150298237160924 0.018208283868424859 -0.07478866614651733 0.096642261257695747 -0.09941740081121106 0.041263940416881292 0.0051698307326544703 0.062281209741425675 0.046711032964251588 0.086449995124328508 -0.10179215657821934 0.01896380576257883 -0.061825603817592507 0.11810480630911853 -0.11444218893362652 0.044984814845580715 -0.12244588968603723 0.068763213372611071 -0.076194746416463968 0.0064591095405046655 -0.10730407044454551 -0.00035148536586038757 -0.080837260788415397 0.052673239827699891
leaf_weight=26.137703508138657 11.26898869127035 35.118491393513978 16.408072663471103 26.352861920371652 9.9075506180524844 15.264221981167795 11.377106387168171 10.259427905082704 3.1356146037578574 4.3410722538828868 2.7368630245327941 5.1344097796827546 4.7357411645352823 24.967562962323427 16.420941378921274 11.071667429059742 7.3326682820916167 24.107991725206375 25.346163969486952 9.5657371804118139 18.608992306515574 11.09156386554241 102.84099405072629 28.275798896327615 29.633446574211121 4.2165827229619017 4.7133979313075525 3.5413651578128338 11.875080445781348 2.6231434978544703 2.9413453340530396 6.1325827818363905 8.8484447412192839 3.440297607332468 14.551470156759022 5.2232883274555197 3.7253164164721957 16.718134187161922 10.062940701842306 20.563508475199342 4.0741872936487198
leaf_count=115 36 480 130 96 39 157 130 120 12 45 24 17 25 120 35 58 15 83 76 52 41 47 294 97 81 26 15 43 51 28 7 44 33 20 42 36 28 212 83 194 16
internal_value=0 -0.0360473 0.0161455 -0.0164486 -0.0613415 -0.045549 -0.00754674 -0.0020118 -0.0018616 -0.011868 -0.0444625 0.0102856 0.00237801 0.0165514 0.0265325 0.0226987 0.000751389 0.0137105 0.041541 -0.0128669 0.0304736 0.0197038 0.030087 0.0499752 0.034673 -0.0414975 -0.0474762 0.00379727 0.0657646 0.0435731 0.0383716 -0.0630189 0.0198103 -0.0437184 0.0349629 0 -0.0671653 -0.0739507 -0.051231 -0.0612361 -0.0114326
internal_weight=0 190.139 424.554 102.245 109.013 73.895 31.8497 85.8373 81.1251 69.8561 34.657 67.3232 62.1887 51.3204 322.309 294.013 77.4242 66.3526 32.6788 33.6737 216.588 140.07 128.979 76.5182 57.9092 19.319 18.5142 8.25476 28.296 12.5307 5.67821 10.8683 35.1991 6.57591 28.6232 14.0717 15.1024 42.0453 25.3272 28.9788 8.41526
internal_count=3303 1648 1655 610 1183 703 251 480 465 429 286 302 285 216 1045 959 284 226 91 135 675 456 409 219 178 184 178 58 86 67 31 69 143 32 111 69 158 452 240 255 61
is_linear=0
shrinkage=0.0852085


Tree=4
num_leaves=42
num_cat=0
split_feature=47 43 39 44 1 38 39 46 28 5 20 3 14 46 7 15 25 1 49 13 5 15 12 49 31 21 48 35 14 2 31 1 39 6 2 39 2 5 49 1 6
split_gain=47.7045 19.9135 12.9631 9.12123 6.67457 6.35226 6.17609 8.59094 5.95924 6.26816 9.53793 9.39566 7.21908 5.7246 5.45103 8.10027 5.31007 5.02629 6.95677 5.9213 4.99413 4.69927 4.585 7.1744 6.54392 4.5621 4.61161 4.5579 4.35521 4.20909 9.99719 3.98468 3.97437 3.92626 4.14618 3.98443 3.5636 6.46495 3.42538 3.26749 3.2461
threshold=5.5000000000000009 6.5000000000000009 6.5000000000000009 -1.0000000180025095e-35 26.500000000000004 2.5000000000000004 4.5000000000000009 1.5000000000000002 1.0000000180025095e-35 6.5000000000000009 1.0000000180025095e-35 11.500000000000002 6.5000000000000009 6.5000000000000009 2.5000000000000004 2.5000000000000004 7.5000000000000009 16.500000000000004 7.5000000000000009 1.0000000180025095e-35 11.500000000000002 2.5000000000000004 1.5000000000000002 5.5000000000000009 1.5000000000000002 1.0000000180025095e-35 4.5000000000000009 1.0000000180025095e-35 6.5000000000000009 19.500000000000004 1.0000000180025095e-35 15.500000000000002 12.500000000000002 2.5000000000000004 1.5000000000000002 9.5000000000000018 20.500000000000004 1.0000000180025095e-35 1.5000000000000002 6.5000000000000009 1.5000000000000002
decision_type=2 2 2 2 2 2 2 2 2 2 2 2 2 2 2 2 2 2 2 2 2 2 2 2 2 2 2 2 2 2 2 2 2 2 2 2 2 2 2 2 2
left_child=2 6 8 4 38 -5 22 -8 9 12 11 -11 14 33 39 -16 -9 19 20 -10 -19 32 23 -2 -24 26 -26 40 -20 -15 -31 -29 -7 34 -3 -36 -14 -38 -4 -1 -23
right_child=1 13 3 5 -6 21 7 16 17 10 -12 -13 36 29 15 -17 -18 18 28 -21 -22 27 24 -25 25 -27 -28 31 -30 30 -32 -33 -34 -35 35 -37 37 -39 -40 -41 -42
leaf_value=0.040477445525306882 -0.034709053339387376 -0.088577177093485449 0.00028999832766859551 -0.12761162150565827 0.032612673688994294 -0.069625382600378566 0.084618794888520435 -0.051007351229954673 0.021947333703190346 0.055777802153325111 0.071559753590866901 -0.080355781174890256 0.069543112013541214 -0.07969036377983571 0.028567190373270646 -0.026071836829147741 0.087860654758967344 -0.035776476247710305 0.009013224782424013 0.078240317493607284 0.076845086524880854 -0.00081080997251524066 -0.072296180690572504 0.088055998696077553 0.049190830466339909 0.10317009321989268 -0.07160957282184334 0.0067918038483314701 -0.13395924760412312 0.034050501341829895 -0.1097726495369724 -0.11862066499219248 0.030829641066927784 -0.068258126197747751 -0.035801806757706348 0.074411296415610062 -0.012007052259611376 0.058939792558935312 -0.12134712495470805 -0.030808717243668578 0.039964620724192927
leaf_weight=45.909255307167768 4.5646017547696855 2.4099163468927172 1.7260463014245022 2.680496107786893 3.236672466620802 9.7078290842473489 4.2871528118848792 31.776010483503342 22.635006554424763 4.6273701637983384 6.1121079623699179 15.894987806677817 28.169494349509478 68.924895297735929 34.638081518933177 45.461252178996801 2.0286800414323798 3.9439261853694942 2.521333083510398 37.571863561868668 9.028973810374735 23.303164720535278 7.0236670002341297 12.368768662214277 5.1071966737508756 4.1238090246915808 4.086117334663868 3.7432093210518351 3.3241294762119651 8.0427169464528543 6.0530012864619485 3.2235422916710377 3.7859914638102046 7.3510433174669734 3.4981570150703174 6.5456389002501965 15.934318378567694 21.455974906682968 9.9759579971432668 4.9289395920932284 33.548635827377439
leaf_count=132 26 32 12 17 19 79 10 295 81 16 15 92 71 883 114 202 5 19 8 101 28 123 41 37 19 10 22 22 26 45 77 34 23 84 32 30 56 66 127 18 154
internal_value=0 -0.0366249 0.0164369 -0.0109169 -0.0719627 0.000321066 -0.00313909 -0.0274292 0.0250808 0.0178435 -0.0206314 -0.0488898 0.0231376 -0.0610135 0.011423 -0.00225444 -0.042152 0.0453098 0.00596046 0.0573497 0.0414488 0.00500358 0.0212839 0.0540754 -0.00532143 0.02897 -0.00293874 0.0148388 -0.0700353 -0.0708987 -0.0267609 -0.0493806 -0.0403245 -0.018769 0.00934482 0.0345443 0.0462877 0.0283201 -0.102177 0.0332554 0.0229965
internal_weight=0 178.191 397.089 94.9315 14.9387 79.9929 75.366 38.0918 302.157 223.132 26.6345 20.5224 196.497 102.825 130.938 80.0993 33.8047 79.0252 18.8184 60.2069 12.9729 77.3124 37.2742 16.9334 20.3408 13.3171 9.19331 63.8186 5.84546 83.0206 14.0957 6.96675 13.4938 19.8048 12.4537 10.0438 65.5598 37.3903 11.702 50.8382 56.8518
internal_count=3303 1648 1655 610 158 452 465 310 1045 782 123 108 659 1183 466 316 300 263 81 182 47 435 155 63 92 51 41 333 34 1005 122 56 102 178 94 62 193 122 139 150 277
is_linear=0
shrinkage=0.0852085


Tree=5
num_leaves=42
num_cat=0
split_feature=43 47 0 46 47 43 38 38 0 15 49 42 39 12 3 49 38 14 7 22 46 11 30 14 5 6 48 43 43 38 42 18 39 19 3 15 38 25 46 49 0
split_gain=32.9066 19.5785 8.28967 7.80071 7.3151 9.86971 7.8504 13.9993 13.0244 8.42478 7.33359 7.05381 9.95353 6.64748 8.56997 10.8901 7.81161 6.37236 6.3622 5.87977 5.6956 5.46332 8.52596 5.36608 14.0651 5.99829 5.03239 4.87943 4.73556 5.18332 8.5366 4.67244 4.38537 4.45773 7.28561 4.35877 4.34736 4.31169 4.30981 4.22576 4.60706
threshold=6.5000000000000009 4.5000000000000009 17.500000000000004 5.5000000000000009 1.5000000000000002 3.5000000000000004 55.000000000000007 19.000000000000004 2.5000000000000004 20.500000000000004 13.500000000000002 65.000000000000014 9.5000000000000018 1.0000000180025095e-35 138.50000000000003 7.5000000000000009 4.5000000000000009 1.5000000000000002 19.500000000000004 1.0000000180025095e-35 3.5000000000000004 1.0000000180025095e-35 2.5000000000000004 8.5000000000000018 1.5000000000000002 15.500000000000002 6.5000000000000009 4.5000000000000009 5.5000000000000009 65.000000000000014 1.5000000000000002 1.5000000000000002 9.5000000000000018 1.0000000180025095e-35 15.500000000000002 41.500000000000007 10.500000000000002 1.5000000000000002 55.000000000000007 13.500000000000002 5.5000000000000009
decision_type=2 2 2 2 2 2 2 2 2 2 2 2 2 2 2 2 2 2 2 2 2 2 2 2 2 2 2 2 2 2 2 2 2 2 2 2 2 2 2 2 2
left_child=4 2 3 18 6 10 7 17 -8 -10 32 12 31 -3 15 16 -15 21 -2 -18 -7 22 -1 25 -25 27 -11 -9 39 30 -30 -5 33 34 -6 -17 -20 -19 -31 40 -22
right_child=1 13 -4 11 5 20 8 23 9 26 -12 -13 -14 14 -16 35 19 37 36 -21 28 -23 -24 24 -26 -27 -28 -29 29 38 -32 -33 -34 -35 -36 -37 -38 -39 -40 -41 -42
leaf_value=-0.012399201899823704 -0.11405894667200993 -0.081346037601868107 0.06760892064723778 0.075934345912244544 0.046767047398101266 0.03887520794120175 -0.10872970880422302 0.042802734271088556 0.094545592819760049 -0.12646765768644841 -0.091699774545363266 -0.066534607307228891 -0.099455641950402365 -0.11774748555912747 -0.088428831847260761 -0.088430930561990181 0.029210129407540843 0.045423440100922231 -0.079459792624832187 -0.079645574616635947 -0.092190781462155369 -0.083017248803730723 0.12946804163622982 0.078568514903606487 -0.11093373796618872 0.13058374352549929 0.029014539353390115 0.118068738583833 0.13115651877211823 0.10257161033361313 -0.044420817740872857 -0.0062270404321791801 -0.033489213033727365 0.036702720894196336 -0.056421824570879311 0.013516098897166139 0.046317829811016349 -0.011774827914571099 -0.025142647802948531 0.019568022437126447 -0.029826571060184583
leaf_weight=32.037428548559546 7.5377846192568532 36.706112627871335 13.299179995432494 17.712510421872146 9.2197172380983847 10.235811706632374 7.850800376385453 30.107889983803034 6.8670683670788986 2.7857950441539288 4.1151570733636609 6.1858195662498465 3.4690725095570079 3.3843334801495066 18.041774780489504 17.308589160442356 32.296770192682743 40.820422235876322 3.3386016488075239 3.9677281212061635 15.881070602685211 6.614143891260027 3.366935819387435 8.3153560385107976 4.2535135000944129 11.990244157612322 2.9886016845703125 8.400124639272688 2.2002247422933641 5.2125261276960364 17.985428346320987 6.5500999055802813 8.898510290309785 83.727483678609133 10.590009547770022 3.3846771121025077 4.8036224078387022 11.979098016396163 2.7522913347929716 5.7382466327399007 21.040580660104752
leaf_count=150 70 519 56 53 27 48 47 88 28 30 37 43 31 44 230 220 224 130 25 37 140 41 6 19 28 20 18 16 4 14 123 26 67 296 44 28 30 57 29 34 126
internal_value=0 -0.0301802 0.00783952 -0.0079193 0.0142888 0.00290973 0.0268068 0.0332849 -0.0223461 0.0302614 0.0188538 0.0147091 0.0334298 -0.0510847 -0.0366938 -0.0209367 0.00487067 0.0123875 -0.0577497 0.0168246 -0.0198324 -0.0121109 0.000777534 0.0644421 0.0131235 0.0769011 -0.0437063 0.0596983 -0.0285448 -0.000866903 -0.0243566 0.0531576 0.0230594 0.0280736 -0.00764206 -0.071037 -0.00353303 0.032163 0.0566416 -0.0464425 -0.0571161
internal_weight=0 177.987 62.8967 49.5975 375.974 197.597 178.377 157.885 20.4923 12.6415 116.551 33.9175 27.7317 115.09 78.3839 60.3421 39.6488 94.818 15.68 36.2645 81.0462 42.0185 35.4044 63.0671 12.5689 50.4983 5.7744 38.508 70.8104 28.1505 20.1857 24.2626 112.436 103.537 19.8097 20.6933 8.14222 52.7995 7.96482 42.6599 36.9217
internal_count=3303 1636 334 278 1667 989 678 555 123 76 471 153 110 1302 783 553 305 384 125 261 518 197 156 171 47 124 48 104 470 170 127 79 434 367 71 248 55 187 43 300 266
is_linear=0
shrinkage=0.0852085


Tree=6
num_leaves=42
num_cat=0
split_feature=39 43 47 38 46 42 47 15 46 48 11 7 42 3 35 22 25 19 28 43 47 16 49 13 12 7 23 0 1 43 14 48 48 5 31 16 2 0 48 47 15
split_gain=30.5067 9.57372 8.74949 8.03625 7.69516 8.48921 9.791 7.11842 6.38055 6.29918 5.92314 5.58766 5.50642 5.43055 5.30963 4.57503 4.62734 8.70408 5.88464 4.43508 6.69398 4.42716 4.41326 4.7542 5.3336 4.26453 3.89165 3.87434 3.75772 3.67043 3.50494 3.4456 3.33657 3.26058 10.8536 3.411 5.37175 3.82915 3.25663 3.14781 3.09552
threshold=6.5000000000000009 11.500000000000002 3.5000000000000004 55.000000000000007 16.500000000000004 4.5000000000000009 4.5000000000000009 2.5000000000000004 55.000000000000007 4.5000000000000009 12.500000000000002 1.5000000000000002 5.5000000000000009 9.5000000000000018 1.0000000180025095e-35 1.5000000000000002 1.0000000180025095e-35 42.500000000000007 1.0000000180025095e-35 1.5000000000000002 6.5000000000000009 1.5000000000000002 7.5000000000000009 1.0000000180025095e-35 1.5000000000000002 181.00000000000003 1.5000000000000002 43.000000000000007 1.0000000180025095e-35 10.500000000000002 14.000000000000002 2.5000000000000004 5.5000000000000009 10.500000000000002 21.500000000000004 1.0000000180025095e-35 7.5000000000000009 7.5000000000000009 7.5000000000000009 1.5000000000000002 5.5000000000000009
decision_type=2 2 2 2 2 2 2 2 2 2 2 2 2 2 2 2 2 2 2 2 2 2 2 2 2 2 2 2 2 2 2 2 2 2 2 2 2 2 2 2 2
left_child=2 3 15 7 5 6 -4 31 11 14 13 -6 -3 -11 39 16 17 18 26 -7 32 -8 30 -24 -25 -19 -1 -14 -20 -5 40 -2 -21 35 -35 36 -18 -37 -33 -9 -10
right_child=1 12 4 29 8 19 21 9 22 10 -12 -13 27 -15 -16 -17 33 25 28 20 -22 -23 23 24 -26 -27 -28 -29 -30 -31 -32 38 -34 34 -36 37 -38 -39 -40 -41 -42
leaf_value=0.010119487232860156 0 0.03667588358122946 -0.10889091554392955 -0.064844426770644906 -0.038035617450883123 0.056458976545024867 0.077678491150006038 0.093871322045486941 -0.0014818838895724403 0.098115298969090867 0.076999311944099896 0.053308407982618412 -0.086894881254199849 -0.035980769187119892 -0.062549114240349354 -0.051560706015876506 -0.044601589496969928 0.10974620398319503 0.009192479344656999 0.016098268491176956 -0.092684461540247592 -0.017007994963512154 -0.084830697084055273 0.11862824703836011 -0.0021712856798739642 0.027234109590848161 0.086589216203418917 0.047923485949050847 -0.07269226440932465 0.010962515010042183 0.047316483315530677 -0.098409030944978548 -0.075607937943924716 -0.098770460519965783 0.094776495946586048 0.10086137805761156 0.040598871478279404 0.044228892429082581 0.00094440559297424463 0.026342907178044168 -0.087551638010692573
leaf_weight=87.944292772561312 6.3297511115670231 3.0297664795070878 3.5526803135871914 30.94035217165947 5.5330866873264304 2.3419321402907363 10.709954235702751 6.3604499753564587 4.9908664934337201 2.2388789746910325 4.1951310560107222 31.309136334806681 29.947473617270592 38.877349222078919 4.0686787981539956 5.4598846193402997 6.0675070770084849 9.4366092309355754 6.2662063650786903 8.7830194570124132 19.669752647168934 5.0187528431415549 2.2685415670275679 4.4959593061357719 5.8387480638921261 9.9885076284408552 5.164061961695551 1.4648904614150513 10.162626281380652 5.0576871354132882 2.4854492805898181 10.745293963700531 4.1462630759924641 4.5486192852258664 3.8307335078716278 13.884867612272499 38.029142882674932 28.008267648518085 2.6978651341050854 30.12342045083642 9.4618219919502717
leaf_count=343 51 16 19 373 21 9 39 19 40 11 19 132 445 309 44 30 29 24 27 48 250 20 33 15 46 35 18 9 39 38 12 142 38 35 11 36 102 100 27 162 87
internal_value=0 -0.0289178 0.0145743 -0.0189647 -0.00388963 -0.0277948 0.0169871 -0.00694652 0.0154143 0.00351015 -0.018117 0.0391611 -0.0693544 -0.0282408 0.02804 0.0243723 0.0263032 0.0156153 0.00613371 -0.0529284 -0.0612963 0.0465414 -0.0137045 0.0236824 0.0491449 0.0682083 0.0145512 -0.0800865 -0.040593 -0.0537768 -0.0423995 -0.0530421 -0.0122714 0.0407394 -0.00847897 0.0457115 0.0285108 0.0634219 -0.0774033 0.0386012 -0.0589373
internal_weight=0 176.077 349.397 141.635 120.606 54.2224 19.2814 105.637 66.3836 85.8639 45.3114 36.8422 34.4421 41.1162 40.5525 228.791 223.331 128.962 109.537 34.941 32.599 15.7287 29.5414 12.6032 10.3347 19.4251 93.1084 31.4124 16.4288 35.998 16.9381 19.7729 12.9293 94.3691 8.37935 85.9898 44.0966 41.8931 13.4432 36.4839 14.4527
internal_count=3303 1665 1638 1195 809 423 78 784 386 564 339 153 470 320 225 829 799 486 427 345 336 59 233 94 61 59 361 454 66 411 139 220 86 313 46 267 131 136 169 181 127
is_linear=0
shrinkage=0.0852085


Tree=7
num_leaves=42
num_cat=0
split_feature=47 43 39 47 39 24 49 46 25 39 8 38 30 42 43 39 46 43 49 20 24 43 3 31 46 42 13 11 15 48 13 20 43 15 19 42 1 43 1 38 38
split_gain=26.9891 13.0656 6.48009 6.43807 4.8291 6.37901 6.06234 6.04067 6.39718 4.63363 4.37835 5.73847 6.86515 5.50179 6.76329 5.52538 6.54805 4.85057 4.75496 8.33157 4.51706 6.04959 4.93507 4.20426 5.37605 4.13943 4.07844 6.3305 3.99365 6.50256 3.71154 3.33902 3.24498 3.37723 4.35037 3.12112 3.0641 2.98648 2.66743 2.52554 2.2705
threshold=5.5000000000000009 6.5000000000000009 6.5000000000000009 1.0000000180025095e-35 10.500000000000002 1.0000000180025095e-35 13.500000000000002 5.5000000000000009 1.5000000000000002 4.5000000000000009 1.5000000000000002 9.5000000000000018 1.5000000000000002 35.000000000000007 8.5000000000000018 5.5000000000000009 55.000000000000007 3.5000000000000004 2.5000000000000004 1.5000000000000002 1.0000000180025095e-35 1.5000000000000002 9.5000000000000018 9.5000000000000018 7.5000000000000009 4.5000000000000009 1.0000000180025095e-35 1.5000000000000002 5.5000000000000009 4.5000000000000009 1.5000000000000002 1.0000000180025095e-35 11.500000000000002 2.5000000000000004 4.5000000000000009 5.5000000000000009 1.0000000180025095e-35 3.5000000000000004 7.5000000000000009 10.500000000000002 55.000000000000007
decision_type=2 2 2 2 2 2 2 2 2 2 2 2 2 2 2 2 2 2 2 2 2 2 2 2 2 2 2 2 2 2 2 2 2 2 2 2 2 2 2 2 2
left_child=2 9 10 31 5 6 37 30 39 23 11 12 20 14 17 16 -15 -13 -12 -20 22 -22 -1 24 -2 -3 -11 35 -26 -30 -6 -4 33 -27 36 -28 -35 -5 -36 -9 -17
right_child=1 25 3 4 7 -7 -8 8 -10 26 18 13 -14 15 -16 40 -18 -19 19 -21 21 -23 -24 -25 28 32 27 -29 29 -31 -32 -33 -34 34 38 -37 -38 -39 -40 -41 -42
leaf_value=-0.0013419177886685814 -0.087248567888669762 0.03214024628529015 -0.07724073147853229 -0.012603346993681992 0.10101106551348241 0.025016853514587354 0.071465317130503248 0.023620345790073969 0.089477200327225226 -0.078020342711753746 0.11873545110345446 0.038371282281889026 0.065490540928793473 0.029542405332293856 0.11195797739699401 -0.13934269405575417 -0.054310265718850136 -0.012874646394390508 0.059008716054427521 -0.079992090389093037 0.037969351929811143 -0.041972782267765699 -0.057078759649244935 0.084245136737122986 0.058341752210829864 -0.08958662110712666 0.081032401688797717 -0.058747423056223658 0.052738559389079336 -0.068808806700030881 0 0.041063941772211052 -0.077766072428410854 0.071650595098721237 -0.031288921847230804 0 -0.018392377223342801 -0.082268421372338293 -0.095446482318248413 -0.063757647786826591 -0.013059280450045422
leaf_weight=26.856077425181866 3.77054385095835 3.9101824276149264 12.056921219453214 7.3468210063874784 9.3830397464334983 16.298296716064215 2.8000569716095915 3.0770823322236529 3.7364980764687052 7.7268428895622483 6.2179425060749081 83.281982734799385 9.9877927675843221 31.535461831837893 8.0995511412620527 2.5977218002080908 8.4926763251423818 15.477174695581196 15.902954189106824 3.789582770317792 23.690042547881603 9.5077986903488618 20.968447951599956 6.219226509332656 11.349745374172928 9.2269872687756997 5.1326003447175053 10.368705986067651 5.9682789929211122 6.702133271843195 3.4373291954398146 1.8242432437837113 30.600423876196146 3.0953175015747574 11.860860282555224 10.475787390023468 20.830431120470166 14.159772928804157 9.1059030126780254 8.1613921858370286 2.1901582255959511
leaf_count=107 21 27 159 43 29 87 12 17 14 101 13 247 30 114 17 15 60 73 62 19 89 46 138 17 42 156 19 102 28 47 19 9 524 17 137 88 186 134 136 87 15
internal_value=0 -0.0294416 0.0131201 -0.00766841 0.00286902 -0.0156158 -0.0434746 0.0303983 -0.00544246 -0.00103084 0.0195445 0.0158966 -0.000859557 0.0260478 0.036558 0.000644507 0.0113467 0.0301867 0.0530693 0.0314092 -0.00924733 0.0146034 -0.0261158 0.0209154 0.00611988 -0.0509697 -0.02362 -0.00678266 0.0215006 -0.0103854 0.073336 -0.0605537 -0.0549938 -0.0418008 -0.0315861 0.0268297 -0.00603371 -0.0592232 -0.0599743 -0.038503 -0.0851771
internal_weight=0 156.344 350.877 82.2815 68.4003 40.6049 24.3067 27.7953 14.975 67.7139 268.595 242.685 91.0102 151.675 106.859 44.816 40.0281 98.7592 25.9105 19.6925 81.0224 33.1978 47.8245 34.0099 27.7907 88.6301 33.7039 25.9771 24.0202 12.6704 12.8204 13.8812 84.7199 54.1195 44.8925 15.6084 23.9257 21.5066 20.9668 11.2385 4.78788
internal_count=3303 1648 1655 610 442 276 189 166 118 465 1045 951 410 541 337 204 174 320 94 81 380 135 245 155 138 1183 310 209 117 75 48 168 1156 632 476 107 203 177 273 104 30
is_linear=0
shrinkage=0.0852085


Tree=8
num_leaves=42
num_cat=0
split_feature=47 43 39 44 39 49 48 5 31 47 39 26 24 25 49 39 25 11 43 19 15 2 17 4 49 6 26 42 12 3 43 46 24 24 15 14 43 8 0 12 42
split_gain=21.5853 10.6776 4.18973 5.67986 4.10244 4.46966 4.38104 6.01933 4.62961 3.95611 3.9201 4.33682 6.2488 3.80532 3.79346 4.9269 3.99055 4.84233 4.23388 3.91727 4.90816 4.08331 3.78262 4.01081 3.64671 4.49237 5.08943 4.54187 3.79947 7.81051 7.73393 5.93911 5.86757 4.71652 3.57829 3.45921 3.42157 3.3932 3.42907 4.26695 3.03672
threshold=5.5000000000000009 6.5000000000000009 6.5000000000000009 -1.0000000180025095e-35 11.500000000000002 12.500000000000002 3.5000000000000004 24.000000000000004 1.0000000180025095e-35 2.5000000000000004 3.5000000000000004 1.0000000180025095e-35 1.5000000000000002 7.5000000000000009 8.5000000000000018 1.5000000000000002 1.0000000180025095e-35 2.5000000000000004 3.5000000000000004 1.0000000180025095e-35 10.500000000000002 1.5000000000000002 1.5000000000000002 1.5000000000000002 6.5000000000000009 1.0000000180025095e-35 1.5000000000000002 25.000000000000004 1.0000000180025095e-35 9.5000000000000018 5.5000000000000009 35.000000000000007 2.5000000000000004 2.5000000000000004 68.500000000000014 1.0000000180025095e-35 4.5000000000000009 1.5000000000000002 18.500000000000004 2.5000000000000004 4.5000000000000009
decision_type=2 2 2 2 2 2 2 2 2 2 2 2 2 2 2 2 2 2 2 2 2 2 2 2 2 2 2 2 2 2 2 2 2 2 2 2 2 2 2 2 2
left_child=2 10 14 -4 5 6 8 -8 -5 -7 -2 -12 36 -14 24 37 19 18 -18 20 -17 -21 23 35 28 27 -27 -26 29 30 -1 32 -30 -33 -19 -6 -13 38 39 -16 -3
right_child=1 40 3 4 22 9 7 -9 -10 -11 11 12 13 -15 15 16 17 34 -20 21 -22 -23 -24 -25 25 26 -28 -29 31 -31 -32 33 -34 -35 -36 -37 -38 -39 -40 -41 -42
leaf_value=-0.0029190649610364439 0.025603170581767167 0.023761890798956516 -0.058507352514940117 0.04232302656746921 0.054936791868405041 0.093549056000383407 -0.066293391525920425 0.061531962692335081 -0.045394771668424011 -0.033012451966955847 -0.04395641133316501 0.089699761946128151 -0.085565911341288534 0.063300244336339018 -0.073521106137286407 -0.12203666774144921 0.085896890214134144 0.028800691472366181 0 0.046907211858214698 0.016227402011033492 -0.02836676709299114 -0.032207262489775755 0.09125008808697227 -0.036569160302618677 0.078253865530733518 -0.023070486605731008 0.067570013325079156 0.042728892645108867 -0.072090734787937233 0.10593588377947799 -0.057286944995682862 -0.019778752966810507 0.055946470622841173 -0.11118959538832687 -0.060332533614752756 -0.0056603859343796123 0.046227530789852082 -0.1232718752751211 0.019202267553664817 -0.050655123889604275
leaf_weight=27.821573056280613 24.825634457170963 3.8880313821136943 12.229213571175931 11.493727561086418 4.5669444240629735 5.0820481069385997 18.310189381241802 2.984438180923461 6.9120841994881621 2.5215610973536968 21.08390739094466 6.8886740282177943 5.2660086359828702 1.486507676541805 7.3381651062518412 4.1367384977638748 13.398665815591817 2.7631780244410029 5.9953013733029357 11.064239531755449 3.0510243847966194 9.6539565902203304 4.4800452478229991 9.386907756328581 7.8536867685615999 25.374727793037895 3.9245886020362368 4.8941836133599281 76.654035367071629 9.5604723058640939 5.622037597000598 9.8693946115672571 12.337219808250664 3.5102056935429564 2.3135666400194168 3.1304316855967045 4.0417261514812708 3.0037882179021826 3.6851642280817023 6.6512785367667675 80.513599703088403
leaf_count=90 120 27 158 51 25 16 160 11 60 24 214 29 58 5 59 24 32 12 29 44 13 56 44 33 39 79 23 16 258 59 15 52 52 15 21 28 39 12 22 23 1156
internal_value=0 -0.0271781 0.0117769 -0.00499154 0.00431727 -0.0094765 -0.0212108 -0.047607 0.00854526 0.0496516 -0.000568425 -0.0177227 0.0127333 -0.0504331 0.0170553 0.000374674 0.0144812 0.0396688 0.0593211 -0.00708947 -0.061464 0.0111197 0.0352386 0.05383 0.0234759 0.0457809 0.0641592 0.00230959 0.0169123 -0.00403908 0.0150187 0.0258587 0.0338905 -0.0263956 -0.0323666 0.00605886 0.0531593 -0.0345973 -0.049242 -0.0284245 -0.0470413
internal_weight=0 147.994 341.575 81.0976 68.8684 47.304 39.7004 21.2946 18.4058 7.60361 63.5925 38.7668 17.6829 6.75252 260.477 73.0551 52.3767 24.4707 19.394 27.906 7.18776 20.7182 21.5643 17.0843 187.422 42.0472 29.2993 12.7479 145.375 43.0041 33.4436 102.371 88.9913 13.3796 5.07674 7.69738 10.9304 20.6784 17.6746 13.9894 84.4016
internal_count=3303 1648 1655 610 452 322 282 171 111 40 465 345 131 63 1045 347 231 94 61 137 37 100 130 86 698 157 102 55 541 164 105 377 310 67 33 53 68 116 104 82 1183
is_linear=0
shrinkage=0.0852085


Tree=9
num_leaves=42
num_cat=0
split_feature=47 43 39 3 49 39 42 49 43 26 38 38 6 6 3 42 49 42 42 49 27 8 22 10 38 3 12 7 7 27 18 39 5 43 12 3 0 47 46 2 38
split_gain=18.7383 7.88345 4.36835 4.39732 4.35801 3.80255 4.02867 4.59855 3.50562 3.81675 3.38822 5.29262 3.36858 5.82341 3.27244 3.19922 4.32011 6.53068 4.71812 3.56053 4.49848 2.61372 4.62049 3.46552 4.20974 5.26562 7.00917 4.46623 3.6732 7.9972 3.28778 2.67709 2.52339 2.37434 7.24602 6.57525 2.31635 2.74167 1.99079 1.97979 1.89614
threshold=5.5000000000000009 6.5000000000000009 6.5000000000000009 8.5000000000000018 13.500000000000002 4.5000000000000009 2.5000000000000004 6.5000000000000009 4.5000000000000009 1.0000000180025095e-35 4.5000000000000009 6.5000000000000009 1.5000000000000002 1.0000000180025095e-35 19.500000000000004 85.000000000000014 4.5000000000000009 75.000000000000014 4.5000000000000009 1.5000000000000002 7.5000000000000009 1.5000000000000002 1.5000000000000002 1.5000000000000002 9.5000000000000018 4.5000000000000009 2.5000000000000004 116.50000000000001 8.5000000000000018 15.500000000000002 1.0000000180025095e-35 2.5000000000000004 1.5000000000000002 4.5000000000000009 1.0000000180025095e-35 42.500000000000007 12.500000000000002 10.500000000000002 55.000000000000007 27.500000000000004 5.5000000000000009
decision_type=2 2 2 2 2 2 2 2 2 2 2 2 2 2 2 2 2 2 2 2 2 2 2 2 2 2 2 2 2 2 2 2 2 2 2 2 2 2 2 2 2
left_child=2 5 21 4 -4 12 -7 8 9 -8 32 -12 13 14 -2 16 18 36 -3 39 -21 23 -23 24 25 27 -27 -1 30 -30 -26 -25 -5 34 -13 -35 37 -18 -17 -20 -14
right_child=1 15 3 10 -6 6 7 -9 -10 -11 11 33 40 -15 -16 38 17 -19 19 20 -22 22 -24 31 28 26 -28 -29 29 -31 -32 -33 -34 35 -36 -37 -38 -39 -40 -41 -42
leaf_value=0.010906783172828781 0.053587742326259069 0.098292405680198827 -0.069671958353705779 0.0026633762835227906 0.054045460544869833 0.066027765681295855 -0.020911261570293122 -0.070192852903998584 -0.062196599049462196 0.080337685556374577 0.079622600825533268 0.095278825259884542 -0.013110961269597874 -0.12971971561968473 -0.05135342024063911 0 -0.029095853527076238 0.068484183109167082 -0.10462652880392503 0.016902267347069913 -0.089183326278695699 0.061846969726178452 -0.027921277572464345 0.10725715323500666 0.040203102987332186 -0.055005276366565596 0.0067022599093903255 0.10781745845724947 0.015699038686302104 -0.088783849180127758 -0.033959527295769579 0.0025087665401542767 -0.094342423827690758 -0.082947407405221954 -0.0075711120887173812 0.0096334991333708736 -0.10380777666632725 -0.082845562285404656 -0.093107231860883696 0.0094851141427540892 0.054247507609950361
leaf_weight=18.880361493676904 5.8794406242668646 2.6700861882418421 12.046211067587135 3.0905992705374947 2.3298372365534297 3.1741146333515671 5.4830769039690512 13.235514118336139 4.7163683176040641 4.9840553849935532 7.0173506792634717 6.7238954100757864 3.3359366096556213 2.5421158783137789 3.263672910630703 1.7795451935380686 19.957660689949993 2.9144875146448603 4.5238293623551753 15.921196589246394 3.5063351625576606 20.023649953305725 4.9762302897870532 5.0192942395806295 62.531691115349531 22.526161732152104 31.900680009275675 4.3368879631161681 63.140938825905323 5.7523352727293959 4.418025128543376 3.1952606402337551 4.1619005315005779 7.7382536344230202 18.030170317739248 18.91647313721478 7.956374433822929 11.793654210865496 12.013181131333111 1.1440440788865087 15.538479976356028
leaf_count=83 24 11 137 21 15 13 46 167 64 20 23 26 19 21 27 27 257 20 64 159 54 65 29 14 205 155 145 10 258 42 18 21 25 86 138 139 137 218 228 8 64
internal_value=0 -0.0253372 0.0113483 -0.00580566 -0.0485019 -0.00206269 -0.0229961 -0.0335321 -0.000505017 0.025972 0.00333129 0.0103724 0.0190895 -0.0159179 0.0144427 -0.0423356 -0.0345761 -0.0516693 -0.00776635 -0.0197631 -0.00159274 0.0169757 0.0433657 0.0139261 0.0117453 -0.00391838 -0.0185796 0.029783 0.0208075 0.00671876 0.0350706 0.0685066 -0.0511205 0.000582599 0.0198506 -0.0167515 -0.060916 -0.0495985 -0.0806706 -0.0790398 0.0415464
internal_weight=0 146.333 326.756 80.0547 14.376 62.1528 31.5931 28.419 15.1835 10.4671 65.6786 58.4261 30.5596 11.6852 9.14311 84.1804 70.3877 42.6222 27.7655 25.0954 19.4275 246.702 24.9999 221.702 213.487 77.6441 54.4268 23.2172 135.843 68.8933 66.9497 8.21455 7.2525 51.4088 24.7541 26.6547 39.7077 31.7513 13.7927 5.66787 18.8744
internal_count=3303 1648 1655 610 152 465 310 297 130 66 458 412 155 72 51 1183 928 632 296 285 213 1045 94 951 916 393 300 93 523 300 223 35 46 389 164 225 612 475 255 72 83
is_linear=0
shrinkage=0.0852085


Tree=10
num_leaves=42
num_cat=0
split_feature=43 47 42 49 46 38 38 15 31 27 9 14 2 2 14 1 27 43 39 5 43 38 39 42 49 1 12 0 7 15 46 25 7 31 42 11 6 2 11 39 18
split_gain=14.6537 7.77721 7.04517 4.98528 6.7506 6.49609 4.47227 4.05766 4.20041 4.96367 4.13928 4.10937 6.85318 6.76593 3.93966 5.03139 6.04668 4.49394 4.37458 4.34833 3.84411 3.98734 4.67004 4.77547 4.47122 3.69958 3.60161 3.56313 10.5445 6.93014 4.37314 4.52122 6.28807 5.11021 3.66355 3.52256 3.46829 3.16473 3.00131 2.70782 2.45004
threshold=4.5000000000000009 6.5000000000000009 3.5000000000000004 2.5000000000000004 7.5000000000000009 6.5000000000000009 35.000000000000007 101.00000000000001 27.500000000000004 19.500000000000004 1.0000000180025095e-35 7.5000000000000009 9.5000000000000018 28.500000000000004 8.5000000000000018 3.5000000000000004 1.0000000180025095e-35 10.500000000000002 6.5000000000000009 8.5000000000000018 11.500000000000002 10.500000000000002 4.5000000000000009 85.000000000000014 5.5000000000000009 19.500000000000004 1.0000000180025095e-35 1.5000000000000002 45.000000000000007 7.5000000000000009 35.000000000000007 1.0000000180025095e-35 15.500000000000002 6.5000000000000009 19.000000000000004 4.5000000000000009 2.5000000000000004 1.0000000180025095e-35 2.5000000000000004 6.5000000000000009 2.5000000000000004
decision_type=2 2 2 2 2 2 2 2 2 2 2 2 2 2 2 2 2 2 2 2 2 2 2 2 2 2 2 2 2 2 2 2 2 2 2 2 2 2 2 2 2
left_child=6 3 -3 4 5 -2 7 8 9 11 -9 12 -1 -13 15 16 18 -16 -5 36 21 26 24 -24 -23 -12 -4 28 -8 -29 31 33 -33 -31 -32 -21 -17 -18 -28 -6 -30
right_child=1 2 20 14 39 -7 27 10 -10 -11 25 13 -14 -15 17 19 37 -19 -20 35 -22 22 23 -25 -26 -27 38 29 40 30 34 32 -34 -35 -36 -37 -38 -39 -40 -41 -42
leaf_value=0.019512307336428052 0.041585097343085506 0.064631085856648729 -0.10824468787840298 0.028051650110253134 0.084786830111931888 -0.10599183797461832 -0.099440325179687206 0.09942641403392051 0.085656128786602531 -0.047924696632834704 0.071444789669337289 0.074103162895543861 -0.029498540081666243 -0.0051282345341280072 -0.096547547630921174 0.001976712411341122 -0.019563234900149974 0.015324695677699382 -0.053394972329498629 -0.11432943340932163 -0.070083089257790054 -0.052123637921773575 -0.010163166080270243 -0.10013260883931485 0.066284295075987543 -0.052972916402045669 -0.012544407568101748 0.070545145950965851 0.083349065624960347 -0.10839852056711319 0.049711827588805518 0.077764952125023393 -0.028271740705720853 0.050593484975749066 -0.084842626919553243 0.0022028346645625594 0.056690198634370539 -0.10590793677403455 -0.097222406558283334 0 -0.013000260913578868
leaf_weight=108.40320239588618 4.3459942601621169 4.6587280780076972 7.0616340618580606 13.974309027194979 12.011220706626771 4.1009857878088951 9.5085422545671481 8.9993647802621108 6.1204363070428363 8.9170566126704198 3.4928515367209902 20.407520059496164 25.381294477730989 12.124931905418633 7.550363762304185 18.690403264015913 5.6958065424114457 3.638191144913435 7.2410399336367837 2.9967592619359484 24.947513964958489 3.027433466166257 18.554955027066175 5.7408447889611116 8.3924352675676328 3.311083385720849 13.218397654592993 9.3941381052136403 3.7960739694535723 4.1581687498837736 1.6248997226357449 9.3425237145274895 6.8738260753452769 2.0859025306999683 8.0065079340711218 4.3387440666556358 16.208417493849993 8.2802213001996261 4.1574113620445123 3.9186122547835103 3.3678048849105835
leaf_count=503 21 22 125 72 40 33 78 24 20 53 13 64 139 55 72 130 43 26 96 32 492 33 219 109 41 20 137 34 15 31 6 35 53 11 85 35 75 98 66 27 20
internal_value=0 -0.0171006 -0.0358302 -0.00208297 0.0318524 -0.0284279 0.0135803 0.0197247 0.0159971 0.0134627 0.0614302 0.0168531 0.0100969 0.0441374 -0.011596 -0.00454484 -0.028475 -0.0588949 0 0.0150464 -0.0415292 -0.0294054 -0.0107175 -0.0321466 0.0335235 0.00873955 -0.0560531 -0.00699069 -0.0403386 0.00607128 -0.0123882 0.00763304 0.0319283 -0.0529079 -0.0604964 -0.043668 0.0278473 -0.0719201 -0.0338138 0.0647495 0.0361181
internal_weight=0 202.75 89.7594 112.991 24.3768 8.44698 255.316 197.158 181.354 175.234 15.8033 166.317 133.784 32.5325 88.6143 77.4257 35.1914 11.1886 21.2153 42.2343 85.1006 60.1531 35.7157 24.2958 11.4199 6.80393 24.4374 58.1584 16.6724 41.486 32.0918 22.4604 16.2163 6.24407 9.63141 7.3355 34.8988 13.976 17.3758 15.9298 7.16388
internal_count=3303 2044 1244 800 121 54 1259 891 834 814 57 761 642 119 679 581 309 98 168 272 1222 730 402 328 74 33 328 368 113 255 221 130 88 42 91 67 205 141 203 67 35
is_linear=0
shrinkage=0.0852085


Tree=11
num_leaves=42
num_cat=0
split_feature=43 47 49 43 46 42 14 42 0 27 48 38 38 39 13 3 27 27 46 12 0 2 47 38 1 7 2 29 19 42 13 46 31 38 43 46 11 49 49 14 43
split_gain=13.2958 6.54829 4.74352 4.56642 3.54521 5.29735 3.40838 3.67392 3.48826 5.82746 3.75832 3.34792 5.38761 3.66227 5.09831 3.42199 3.31974 3.79903 3.17754 3.16981 3.11363 3.87401 3.08952 2.99475 2.8715 2.72328 2.67517 2.75463 2.66551 2.49916 3.11281 5.31511 5.53204 3.45173 3.27623 2.53929 2.39263 1.9467 3.49595 1.91483 1.80026
threshold=4.5000000000000009 6.5000000000000009 2.5000000000000004 11.500000000000002 7.5000000000000009 5.5000000000000009 8.5000000000000018 95.000000000000014 10.500000000000002 5.5000000000000009 5.5000000000000009 35.000000000000007 25.000000000000004 6.5000000000000009 1.0000000180025095e-35 279.50000000000006 11.500000000000002 1.0000000180025095e-35 35.000000000000007 1.0000000180025095e-35 17.500000000000004 17.500000000000004 1.5000000000000002 55.000000000000007 16.500000000000004 2.5000000000000004 16.500000000000004 1.0000000180025095e-35 7.5000000000000009 3.5000000000000004 2.5000000000000004 11.500000000000002 1.5000000000000002 11.500000000000002 10.500000000000002 75.000000000000014 1.5000000000000002 8.5000000000000018 3.5000000000000004 1.5000000000000002 12.500000000000002
decision_type=2 2 2 2 2 2 2 2 2 2 2 2 2 2 2 2 2 2 2 2 2 2 2 2 2 2 2 2 2 2 2 2 2 2 2 2 2 2 2 2 2
left_child=11 2 4 29 5 -2 8 40 16 -10 -11 12 15 14 22 20 17 -4 -16 28 21 25 -13 -24 -20 -1 -22 -28 -15 -3 33 34 -33 -31 -32 -35 -6 38 -14 -39 -8
right_child=1 3 6 -5 36 -7 7 -9 9 10 -12 13 37 19 18 -17 -18 -19 24 -21 26 -23 23 -25 -26 -27 27 -29 -30 30 31 32 -34 35 -36 -37 -38 39 -40 -41 -42
leaf_value=0.03270851142042492 0.054714987778819786 0.041012633047792124 0.0016592244381939542 -0.066036976668776837 0.076176131811841782 -0.0887179802628211 -0.099812133423156285 0.041744460886669013 0.071416194728022631 -0.076354959533075598 0.027199054193640167 -0.11811964686511402 0.016599229380130944 -0.075744592253161908 0.042370184803508112 0.062098352025550453 0.049756655940281225 -0.04449202467663977 0.010379760519631459 -0.075209783387134577 -0.10712132756515211 0.07383668661634156 0.040940241902683659 -0.069790352188063287 -0.10191213601594726 0.0036423133021267198 -0.023228388014140903 0.036720221665608996 0.052837204751549807 -0.076465597954523373 -0.081766801217285384 0.059937201884178892 -0.04128331586207349 0 0.042439736457870185 -0.065678116317616095 0 0.052779763273028794 0.091675616291155157 -0.065051103328106319 0
leaf_weight=32.548088470473886 3.6638346202671555 4.1086135804653159 23.501317599788308 23.770713522098958 11.140013024210928 3.6562992967665195 7.0645779073238355 2.0076755397021762 9.9871826414018887 4.641787199303506 5.2875094395130873 2.9525203444063646 7.5625148899853292 1.7052568625658739 21.671145943924788 9.6973767578601819 4.8834214620292178 27.246104460209608 5.5730021335184565 8.616742452606557 2.0989139750599888 7.8259760588407508 3.5198771990835667 3.3901514075696468 2.2153861746191978 88.522642293944955 21.062940673902634 7.4143409822136155 3.4134282916784286 13.781455330550669 7.3810082860291022 11.113956172019245 5.8486303156241766 14.040668480098249 1.7508378215134142 6.0469226054847232 4.1227418780326834 2.2328723333775993 13.580458614975212 1.7603811956942079 1.6064567342400549
leaf_count=133 17 21 185 493 43 37 73 14 35 35 34 19 27 31 86 33 28 264 33 119 15 24 16 21 21 442 111 40 22 227 97 75 81 129 15 106 24 11 38 17 11
internal_value=0 -0.0165356 -0.00241377 -0.0338497 0.0321462 -0.0149638 -0.011648 -0.0567701 -0.00504924 0.0252324 -0.0197975 0.0131461 0.0183438 -0.00560575 0.0073055 0.012753 -0.0161686 -0.0228366 0.0253841 -0.0435868 0.00964596 0.015501 -0.0450828 -0.0112981 -0.0199398 0.0115871 -0.0145364 -0.00706915 0.00687557 -0.021646 -0.0262098 -0.00345252 0.0241412 -0.0432799 -0.0562477 -0.0196776 0.0557052 0.0553076 0.0655989 0 -0.0813766
internal_weight=0 196.652 108.809 87.8428 22.5829 7.32013 86.226 10.6787 75.5473 19.9165 9.9293 247.364 194.307 53.0575 39.3221 169.17 55.6308 50.7474 29.4595 13.7354 159.473 128.897 9.86255 6.91003 7.78839 121.071 30.5762 28.4773 5.11869 64.0721 59.9635 26.0944 16.9626 33.869 9.13185 20.0876 15.2628 25.1362 21.143 3.99325 8.67103
internal_count=3303 2044 800 1244 121 54 679 98 581 104 69 1259 891 368 196 798 477 449 140 172 765 599 56 37 54 575 166 151 53 751 730 268 156 462 112 235 67 93 65 28 84
is_linear=0
shrinkage=0.0852085


Tree=12
num_leaves=42
num_cat=0
split_feature=43 47 49 43 42 46 25 5 42 13 46 38 43 16 19 4 16 0 46 4 47 42 2 4 1 31 16 11 1 49 27 8 8 35 26 38 42 1 16 7 2
split_gain=12.2045 5.29737 4.15559 3.77336 3.63164 3.54498 2.86559 2.2304 2.21949 2.26031 3.72277 4.18289 2.50332 2.31861 2.09289 3.07777 7.12834 3.02539 4.47649 4.51301 5.5971 5.36859 2.89514 6.23168 4.42244 2.9943 2.9404 2.73861 5.88959 3.49944 2.61395 2.32475 2.4253 2.08276 2.07706 1.96888 4.01586 5.19007 3.63869 3.4077 1.9439
threshold=4.5000000000000009 6.5000000000000009 2.5000000000000004 11.500000000000002 65.000000000000014 7.5000000000000009 3.5000000000000004 1.5000000000000002 3.5000000000000004 2.5000000000000004 11.500000000000002 105.00000000000001 10.500000000000002 3.5000000000000004 48.500000000000007 2.5000000000000004 1.0000000180025095e-35 4.5000000000000009 25.000000000000004 1.0000000180025095e-35 2.5000000000000004 11.500000000000002 1.0000000180025095e-35 8.5000000000000018 2.5000000000000004 10.500000000000002 3.5000000000000004 1.5000000000000002 14.500000000000002 2.5000000000000004 33.500000000000007 3.5000000000000004 7.5000000000000009 1.0000000180025095e-35 1.0000000180025095e-35 45.000000000000007 12.500000000000002 3.5000000000000004 4.5000000000000009 1.0000000180025095e-35 1.5000000000000002
decision_type=2 2 2 2 2 2 2 2 2 2 2 2 2 2 2 2 2 2 2 2 2 2 2 2 2 2 2 2 2 2 2 2 2 2 2 2 2 2 2 2 2
left_child=14 2 4 8 5 7 35 -2 -3 13 12 -12 -11 33 15 17 -17 18 19 21 -21 -1 23 -18 -24 -26 -25 30 -29 -30 34 -16 -33 -10 -19 36 37 -4 -38 -37 -20
right_child=1 3 6 -5 -6 -7 -8 -9 9 10 11 -13 -14 -15 31 16 22 27 40 20 -22 -23 24 26 25 -27 -28 28 29 -31 -32 32 -34 -35 -36 39 38 -39 -40 -41 -42
leaf_value=-0.020578764549519676 -0.073474096054336774 0.039401037200675906 -0.071608863133484912 -0.062364982799304421 -0.057661569702412235 0.06831350419776934 -0.088552996435681999 0.029778794523090787 -0.05755672512865858 -0.075457926737181324 0.033849620910461307 -0.096603114600174747 0.032870246840197806 0.016913213457726978 0.048941656930278438 -0.10171878832431473 -0.038278242187651031 0.050670212130401529 -0.0154855095614505 0.0067462127448213666 0.098935542642917693 0.064698905203526016 -0.069549269300556188 0.091481867921885202 0.0087911237646110842 -0.083176674101612877 0.0013240632566342495 0.057776108730840867 0.036597759806038806 -0.091551096074847391 0.10701834721681924 -0.086803093335487289 0.038688084407955202 0.0081827466186202309 0.017110261270698642 0.054732145105977001 0.034363465202058227 0.0014725077278697543 -0.066902940517685153 -0.04535859721186139 -0.088928564843280308
leaf_weight=27.61342744063586 2.3975336216390195 3.9318897984921923 10.094730583950875 22.41422684956342 2.8594543412327758 13.076927356421946 3.4237117115408173 3.8457217495888472 25.063479147851471 6.7970516271889228 14.702639202587308 1.9572924356907595 1.7645672447979448 4.1284451428800812 20.120011564344171 5.0236685201525679 6.1434497907757786 24.942166456952691 8.6090001426637155 11.619460105895998 8.5833398550748807 6.591179132461547 7.1657876111567012 9.0718714445829374 39.349810641258955 2.705901823937892 4.1747891083359709 5.80448219925165 1.930185295641422 5.5023552030324936 3.7520806491374961 2.0350960083305827 2.234740424901247 3.6044878587126723 33.218221876770258 2.7103293668478754 24.33140331320465 21.999349147081375 2.7634491734206668 17.81756629422307 4.2216891869902602
leaf_count=166 23 21 113 493 27 49 33 22 377 97 123 33 15 42 89 40 39 100 55 57 24 24 51 31 224 27 19 26 8 48 10 21 11 43 154 18 134 148 23 210 35
internal_value=0 -0.0161578 -0.00325185 -0.0320841 0.0292942 0.0430163 -0.0121229 -0.00766022 -0.0208584 -0.0252209 -0.00533695 0.0174625 -0.0513443 -0.0400344 0.0127489 0.00997827 -0.00399883 0.0173111 0.00391746 0.0148008 0.0467535 -0.00366067 0.00298326 0.0309983 -0.00776164 0.00245625 0.0642725 0.0290881 -0.00509675 -0.0562466 0.036638 0.0366268 -0.0178443 -0.0487683 0.0317811 -0.00861666 -0.000466939 -0.0210973 0.0234126 -0.0313464 -0.0409845
internal_weight=0 189.684 105.32 84.3641 22.1796 19.3202 83.1405 6.24326 61.9499 58.018 25.2216 16.6599 8.56162 32.7964 240.413 216.023 73.6353 142.388 67.2381 54.4074 20.2028 34.2046 68.6116 19.3901 49.2215 42.0557 13.2467 75.1495 13.237 7.43254 61.9125 24.3898 4.26984 28.668 58.1604 79.7168 59.1889 32.0941 27.0949 20.5279 12.8307
internal_count=3303 2044 800 1244 121 94 679 45 751 730 268 156 112 462 1259 1138 431 707 361 271 81 190 391 89 302 251 50 346 82 56 264 121 32 420 254 646 418 261 157 228 90
is_linear=0
shrinkage=0.0852085


Tree=13
num_leaves=42
num_cat=0
split_feature=47 43 38 39 42 43 0 14 3 49 49 15 47 8 27 11 11 46 23 38 30 39 17 3 0 3 49 14 25 16 46 25 15 23 15 3 42 27 47 46 27
split_gain=9.92006 4.21365 2.86043 2.85931 4.05528 2.85561 3.29699 3.84061 2.74496 3.39992 2.84701 3.2065 2.60005 2.31231 3.41889 2.67434 2.68105 3.45571 3.5945 3.24621 3.98902 3.20434 2.37938 2.20277 2.65028 2.08976 4.34204 2.05835 1.98798 3.234 1.95293 1.73495 1.6974 1.66297 1.11132 1.01565 0.94065 0.63151 0.570487 0.457899 0.385978
threshold=5.5000000000000009 11.500000000000002 105.00000000000001 5.5000000000000009 2.5000000000000004 10.500000000000002 13.500000000000002 1.0000000180025095e-35 276.50000000000006 1.5000000000000002 2.5000000000000004 10.500000000000002 10.500000000000002 1.5000000000000002 3.5000000000000004 11.500000000000002 1.5000000000000002 12.500000000000002 3.5000000000000004 19.000000000000004 2.5000000000000004 5.5000000000000009 1.0000000180025095e-35 12.500000000000002 16.500000000000004 279.50000000000006 2.5000000000000004 12.500000000000002 2.5000000000000004 1.0000000180025095e-35 11.500000000000002 1.5000000000000002 30.500000000000004 1.0000000180025095e-35 62.000000000000007 7.5000000000000009 13.500000000000002 2.5000000000000004 6.5000000000000009 8.5000000000000018 2.5000000000000004
decision_type=2 2 2 2 2 2 2 2 2 2 2 2 2 2 2 2 2 2 2 2 2 2 2 2 2 2 2 2 2 2 2 2 2 2 2 2 2 2 2 2 2
left_child=2 3 13 8 -5 28 7 -7 9 -2 33 -12 23 15 37 16 19 18 -18 20 -1 -21 -19 30 38 26 -16 -28 32 -30 35 -4 -6 -11 -26 36 -3 -15 -25 40 -14
right_child=1 12 31 4 5 6 -8 -9 -10 10 11 -13 39 14 25 -17 17 22 -20 21 -22 -23 -24 24 34 -27 27 -29 29 -31 -32 -33 -34 -35 -36 -37 -38 -39 -40 -41 -42
leaf_value=-0.0022710889047791497 -0.090846725708703641 -0.040268697122119973 -0.08139019313799481 0.059951545185702469 -0.033468006853564866 -0.071144417957602776 -0.10820259582434011 0.060870312329834204 0.070457586496874683 0.0020298938885427906 0.0181060712492895 -0.038900017953517912 -0.070514532555625273 0.050104012062362105 0.060393904307233827 0.06328695050243234 -0.0092492334556098232 0 0.070479992842033809 0.032865364881541285 0.10106757791183321 -0.001687110949223628 -0.079144575514853266 0 0.079217663705304572 0.051350478538679231 -0.072494389292796405 0.023068360545256662 0.058773939426467074 -0.067006313180332344 -0.058236172029938138 0.013850328744068675 -0.074882706595087653 0.097641385201122796 -0.037793067591935257 0.10653312025538196 0.06459694517767664 0.10296936782584153 -0.098014929446397073 -0.089084937941995498 0
leaf_weight=104.34264544025064 2.8619178868830195 1.1020986773073698 3.995689144358038 3.8507142588496199 33.625959115102887 1.9427783582359532 1.3800504822283972 7.1063396241515875 4.1723415758460751 2.6892505064606658 16.737173495814208 12.311651373282073 0.70813789032399543 6.1727140694856661 4.0492451488971728 6.1159854047000399 29.70288578979671 4.4861121289432031 4.7202701158821574 63.18496473133564 2.7502095997333518 27.002100182697177 7.8209073599427938 0.74546346813440312 1.184344803914428 6.0011987648904315 5.9811373967677355 1.9421764090657232 3.6573973689228287 2.4101830348372459 1.5916039571166036 1.7350230682641266 10.431268088519571 3.4019755534827709 0.9290677960962056 1.4881287720054386 1.1987861506640909 4.0865201503038406 4.5546805933117867 9.9289368996396643 0.86644064448773861
leaf_count=600 25 23 73 17 441 40 23 46 24 23 129 131 20 25 15 27 188 32 19 264 7 215 72 13 12 26 54 10 23 32 30 18 155 10 24 7 14 10 107 264 15
internal_value=0 -0.0194073 0.00894194 -0.0119152 -0.0232472 -0.0288156 0.0106159 0.0307186 0.00503898 -0.0018042 0.00509998 -0.00555537 -0.0515924 0.0102159 0.0334733 0.00752665 0.00605912 -0.0121386 0.00130548 0.010447 0.000273139 0.0223572 -0.0508606 -0.023395 -0.0539043 0.0100515 -0.00948418 -0.0471851 -0.0373208 0.00625821 0.0159422 -0.0500378 -0.0436631 0.0581199 0.0209988 0.0512635 0.00807924 0.0728843 -0.0865304 -0.0814949 -0.0234471
internal_weight=0 130.877 284.09 106.579 64.4047 60.554 10.4292 9.04912 42.1743 38.002 35.1401 29.0488 24.2977 278.359 28.233 250.126 244.01 46.7302 34.4232 197.28 107.093 90.1871 12.307 12.7942 7.41356 17.9738 11.9726 7.92331 50.1248 6.06758 5.38062 5.73071 44.0572 6.09123 2.11341 3.78901 2.30088 10.2592 5.30014 11.5035 1.57458
internal_count=3303 1648 1655 1119 777 760 109 86 342 318 293 260 529 1564 140 1424 1397 311 207 1086 607 479 104 230 156 105 79 64 651 55 74 91 596 33 36 44 37 35 120 299 35
is_linear=0
shrinkage=0.0852085


Tree=14
num_leaves=42
num_cat=0
split_feature=39 42 43 42 49 46 46 13 26 46 48 38 14 43 24 15 22 42 15 14 42 48 34 42 31 25 48 48 47 19 1 16 39 42 39 47 31 49 49 9 11
split_gain=8.72597 4.63256 2.86484 6.88813 3.8012 3.68569 3.69513 3.54365 3.3342 3.12553 5.07866 5.10126 2.70243 2.53051 2.50834 2.40234 2.40226 3.07201 3.64702 3.21187 3.00908 2.68526 2.36441 4.70266 3.06865 3.23964 3.14361 4.26141 2.30319 2.23709 3.34725 2.86312 2.23193 4.34791 2.15608 1.95059 2.04493 1.90026 1.85687 1.74152 1.65334
threshold=6.5000000000000009 95.000000000000014 3.5000000000000004 25.000000000000004 5.5000000000000009 55.000000000000007 8.5000000000000018 10.500000000000002 1.0000000180025095e-35 55.000000000000007 7.5000000000000009 85.000000000000014 2.5000000000000004 11.500000000000002 1.0000000180025095e-35 8.5000000000000018 1.0000000180025095e-35 45.000000000000007 3.5000000000000004 4.5000000000000009 8.5000000000000018 7.5000000000000009 1.0000000180025095e-35 9.5000000000000018 6.5000000000000009 1.0000000180025095e-35 6.5000000000000009 2.5000000000000004 6.5000000000000009 12.500000000000002 7.5000000000000009 1.0000000180025095e-35 5.5000000000000009 35.000000000000007 3.5000000000000004 2.5000000000000004 1.5000000000000002 1.5000000000000002 8.5000000000000018 1.0000000180025095e-35 11.500000000000002
decision_type=2 2 2 2 2 2 2 2 2 2 2 2 2 2 2 2 2 2 2 2 2 2 2 2 2 2 2 2 2 2 2 2 2 2 2 2 2 2 2 2 2
left_child=2 13 22 4 7 6 8 12 -6 32 11 -11 28 16 -15 -16 17 18 21 -20 -18 -2 24 -24 25 26 27 -1 -4 31 -31 -27 -5 -34 -28 36 -19 -17 -26 -22 -39
right_child=1 -3 3 9 5 -7 -8 -9 -10 10 -12 -13 -14 14 15 37 20 35 19 -21 39 -23 23 -25 38 29 34 -29 -30 30 -32 -33 33 -35 -36 -37 -38 40 -40 -41 -42
leaf_value=-0.023898561016595866 -0.043177348737416729 -0.069649227493017565 0.026370556874165455 0.039386218942140949 -0.066434669670696778 0.076747031455730544 -0.094957100319006491 0.075856076951155246 0.020202669761377107 -0.061481496479288515 0.07543509978199564 0.049149792456125253 -0.073150017498407854 -0.067009045375526946 0.084833233663777791 0.059557697407567778 -0.1055177623640999 0.059252906024926222 0.026169686957323191 -0.013957660771202536 0.021792034062831093 0.039168342203714311 -0.12533881058042731 0.036476613550613358 0.056769122290232434 0.018126565718295275 -0.015810112139634343 0.025249167002861651 -0.052570429754884358 0.059641143322062391 -0.056617741140412174 0.062596467003972894 0.065127387386157129 -0.11331846766145061 -0.098046545039486968 -0.060036188396079243 -0.067927341457998794 -0.084987573809710934 0.00026957047603225415 -0.06215274071920783 0.017666523389414473
leaf_weight=18.100108914077282 16.496416443958882 11.331879227422176 9.2513956502080017 33.605575695633888 6.6299327965825849 1.4539085254073132 10.765061564743517 3.652700461447238 5.8594172690063715 11.476687056943776 3.9325079917907706 3.9313653130084267 4.4625478601083151 11.252869176678361 1.6855342565104354 1.2218699287623165 3.8822421059012395 2.3996917624026533 43.89486313983798 21.0430554067716 4.3213867899030447 3.2662525922060004 2.4507726319134227 2.5157310962677002 20.589899819344286 28.953181616961956 13.533175433054568 42.149413086473942 3.7115710992366067 2.7248908318579188 4.8887801133096218 17.871576383709908 1.762899994850158 2.0520526468753815 2.9686224125325671 10.02349712140858 1.3924541063606737 3.5705828862264752 5.9878753237426272 2.8882563672959805 1.3334933314472435
leaf_count=86 223 245 47 165 81 6 160 19 46 140 26 36 53 238 17 7 54 20 323 176 32 34 18 11 79 121 87 186 65 12 35 71 8 20 25 150 21 75 35 37 13
internal_value=0 -0.0172081 0.0090827 -0.00194164 -0.026651 -0.0493037 -0.0579274 0 -0.0246442 0.0177299 -0.0094775 -0.0322369 -0.0160889 -0.0124563 -0.0412528 -0.00210964 -0.00729978 -0.00289718 0.00302039 0.012935 -0.0449285 -0.0287667 0.0161209 -0.0406734 0.0180121 0.0124972 0.0010143 0.0102302 0.00253663 0.0284007 -0.0129683 0.035452 0.0321885 -0.0271077 -0.0316792 -0.0401804 0.00844527 -0.0287971 0.0446202 -0.0098958 -0.0541035
internal_weight=0 140.004 265.282 102.548 45.7865 24.7083 23.2544 21.0782 12.4894 56.7611 19.3406 15.4081 17.4255 128.672 19.0643 7.81148 109.608 98.5162 84.7006 64.9379 11.0919 19.7627 162.734 4.9665 157.768 131.19 76.7513 60.2495 12.963 54.4384 7.61367 46.8248 37.4205 3.81495 16.5018 13.8156 3.79215 6.12595 26.5778 7.20964 4.90408
internal_count=3303 1665 1638 872 477 293 287 184 127 395 202 176 165 1420 350 112 1070 947 756 499 123 257 766 29 737 623 384 272 112 239 47 192 193 28 112 191 41 95 114 69 88
is_linear=0
shrinkage=0.0852085


Tree=15
num_leaves=42
num_cat=0
split_feature=39 43 46 44 39 0 27 47 47 46 43 10 6 17 28 38 49 47 26 20 22 49 25 12 3 42 3 49 0 23 39 14 11 30 38 7 15 23 0 42 38
split_gain=8.09387 3.73009 2.55115 5.86315 6.55151 5.73631 2.69249 2.63582 2.53394 3.62006 5.0119 2.87725 2.82387 3.08368 2.70525 2.92019 2.62514 3.84688 4.87606 2.33471 2.1706 2.16211 2.39244 2.15787 3.51142 2.13849 2.06344 2.04414 2.06723 1.94767 1.86212 3.63724 4.24088 4.26662 1.87983 2.93899 2.73897 1.94731 2.88513 2.83026 1.82965
threshold=6.5000000000000009 11.500000000000002 5.5000000000000009 -1.0000000180025095e-35 8.5000000000000018 23.000000000000004 1.0000000180025095e-35 4.5000000000000009 2.5000000000000004 16.500000000000004 1.5000000000000002 1.0000000180025095e-35 13.500000000000002 12.000000000000002 1.0000000180025095e-35 95.000000000000014 3.5000000000000004 3.5000000000000004 1.5000000000000002 1.0000000180025095e-35 1.5000000000000002 3.5000000000000004 1.0000000180025095e-35 1.5000000000000002 25.500000000000004 1.5000000000000002 136.50000000000003 13.500000000000002 8.5000000000000018 1.0000000180025095e-35 1.0000000180025095e-35 7.5000000000000009 1.5000000000000002 1.5000000000000002 45.000000000000007 3.5000000000000004 3.5000000000000004 1.0000000180025095e-35 1.0000000180025095e-35 19.000000000000004 12.500000000000002
decision_type=2 2 2 2 2 2 2 2 2 2 2 2 2 2 2 2 2 2 2 2 2 2 2 2 2 2 2 2 2 2 2 2 2 2 2 2 2 2 2 2 2
left_child=8 2 3 19 -5 25 40 21 20 10 -10 12 14 -14 15 -11 17 -12 -19 -2 30 -8 -23 -3 -25 -6 29 28 -9 -18 31 32 33 -1 37 -36 -37 38 -32 -39 -4
right_child=1 23 6 4 5 -7 7 27 9 11 16 -13 13 -15 -16 -17 26 18 -20 -21 -22 22 -24 24 -26 -27 -28 -29 -30 -31 34 -33 -34 -35 35 36 -38 39 -40 -41 -42
leaf_value=-0.012843043102280193 -0.073591372933052221 -0.078272798370362079 -0.088580946653571774 -0.052472106658905789 0.12151141792056429 -0.078970829231211029 -0.038660320539485718 -0.00095665988328694196 0.040048144101326962 -0.0098552362709616679 0.094111895180331251 0.046472203329381685 -0.10836804926866184 0.025801584471114733 0.051992854282394106 0.061623671605983123 -0.049662148781647097 -0.061208579561140147 0.07973932155634339 0.038227293495652466 -0.046118324645186927 -0.0057871149791662649 0.061678567264108017 0.077435152988132458 -0.04419655798775738 0.044227396930551451 -0.10294530578812232 -0.10470646718653169 -0.043684319634874701 0.0035821306049755404 0.056432621552885913 0.042865616180737282 -0.087618224390337104 0.079627067996775117 0.052507681278550447 -0.096135291612116133 0 0.077445034518769496 0.01070223585383299 0.0098674408264285054 -0.026148937680750283
leaf_weight=23.796421691775326 7.5707742739468795 10.231104448437693 6.1540207546204355 6.4143256582319728 3.3471788018941941 2.4156379122287026 4.0309105850756195 21.182208655402064 8.4940610490739328 32.026617588475347 2.5566698163747779 14.118424836546181 3.1927289590239516 1.7575108297169206 8.7708431668579561 4.7303678672760716 17.362843021750457 6.7651824411004764 2.316911194473505 1.4373449459671972 3.765857581049203 6.5043558385223141 8.0702560730278474 1.9871550099924196 9.8630555989220721 20.19689067825675 4.1368044670671216 2.198741164058446 14.230121484026311 6.2758498061448327 13.590759307146071 12.415811147540806 4.5055484659969798 4.234551139175891 5.5031540207564857 2.7757553458213797 10.243549294769762 13.234806420281531 42.831707008183002 7.6580675952136508 9.9462403096258623
leaf_count=149 122 264 103 64 7 24 36 232 36 237 7 91 31 12 50 36 209 80 12 8 28 59 43 18 188 117 66 44 193 69 43 53 36 13 19 23 62 48 188 40 143
internal_value=0 -0.0168264 -0.010427 0.0061667 0.0234136 0.0427845 -0.0201284 -0.0109734 0.00888876 -0.000572647 -0.0184407 0.0124497 0.00261239 -0.057867 0.00955513 -0.0002011 -0.031449 0.00128667 -0.0234456 -0.0540146 0.0163546 0.0147456 0.0305979 -0.0490334 -0.0223777 0.0560069 -0.0456911 -0.0240966 -0.0185747 -0.0349071 0.0181427 0.00343962 -0.0111728 0.000669084 0.024879 0 -0.0215727 0.0307187 0.0220101 0.0534474 -0.051076
internal_weight=0 135.78 113.699 41.3822 32.374 25.9597 72.3169 56.2166 257.061 112.505 47.9083 64.5965 50.4781 4.95024 45.5278 36.757 39.4143 11.6388 9.08209 9.00812 144.556 18.6055 14.5746 22.0813 11.8502 23.5441 27.7755 37.6111 35.4123 23.6387 140.79 44.9523 32.5365 28.031 95.8378 18.5225 13.0193 77.3153 56.4225 20.8929 16.1003
internal_count=3303 1665 1195 342 212 148 853 607 1638 936 479 457 366 43 323 273 443 99 92 130 702 138 102 470 206 124 344 469 425 278 674 251 198 162 423 104 85 319 231 88 246
is_linear=0
shrinkage=0.0852085


end of trees

feature_importances:
result_2=49
ninki_2=43
result_1=40
ninki_3=39
result_3=38
ninki_1=36
umaban=35
f_courseout=25
mf_courseout=24
f_course1=22
f_lenout=22
f_mf_courseout=19
waku=17
f_course2=16
f_course3=16
f_len3=16
mf_classout.1=16
f_len1=15
f_class2=15
f_classout=14
mf_classout=13
mf_course1=12
mf_course2=11
mf_course3=10
f_mf_course1=9
mf_len1=9
f_class1=9
f_len2=8
f_class3=8
f_mf_classout=6
mf_len2=5
f_mf_len3=5
mf_class3=5
mf_len3=4
f_mf_len1=4
f_mf_classout.1=4
f_mf_course3=3
f_mf_len2=3
mf_class1=3
time_df_course3=3
f_mf_course2=2
mf_class2=2
f_mf_class3=1

parameters:
[boosting: gbdt]
[objective: lambdarank]
[metric: ndcg]
[tree_learner: serial]
[device_type: cpu]
[data_sample_strategy: bagging]
[data: ]
[valid: ]
[num_iterations: 187]
[learning_rate: 0.0852085]
[num_leaves: 42]
[num_threads: 16]
[seed: 0]
[deterministic: 0]
[force_col_wise: 1]
[force_row_wise: 0]
[histogram_pool_size: -1]
[max_depth: 7]
[min_data_in_leaf: 14]
[min_sum_hessian_in_leaf: 0.001]
[bagging_fraction: 1]
[pos_bagging_fraction: 1]
[neg_bagging_fraction: 1]
[bagging_freq: 0]
[bagging_seed: 7719]
[feature_fraction: 1]
[feature_fraction_bynode: 1]
[feature_fraction_seed: 2437]
[extra_trees: 0]
[extra_seed: 11797]
[early_stopping_round: 0]
[first_metric_only: 0]
[max_delta_step: 0]
[lambda_l1: 0.176138]
[lambda_l2: 0.033231]
[linear_lambda: 0]
[min_gain_to_split: 0]
[drop_rate: 0.1]
[max_drop: 50]
[skip_drop: 0.5]
[xgboost_dart_mode: 0]
[uniform_drop: 0]
[drop_seed: 21238]
[top_rate: 0.2]
[other_rate: 0.1]
[min_data_per_group: 100]
[max_cat_threshold: 32]
[cat_l2: 10]
[cat_smooth: 10]
[max_cat_to_onehot: 4]
[top_k: 20]
[monotone_constraints: ]
[monotone_constraints_method: basic]
[monotone_penalty: 0]
[feature_contri: ]
[forcedsplits_filename: ]
[refit_decay_rate: 0.9]
[cegb_tradeoff: 1]
[cegb_penalty_split: 0]
[cegb_penalty_feature_lazy: ]
[cegb_penalty_feature_coupled: ]
[path_smooth: 0]
[interaction_constraints: ]
[verbosity: -1]
[saved_feature_importance_type: 0]
[use_quantized_grad: 0]
[num_grad_quant_bins: 4]
[quant_train_renew_leaf: 0]
[stochastic_rounding: 1]
[linear_tree: 0]
[max_bin: 255]
[max_bin_by_feature: ]
[min_data_in_bin: 3]
[bin_construct_sample_cnt: 200000]
[data_random_seed: 38]
[is_enable_sparse: 1]
[enable_bundle: 1]
[use_missing: 1]
[zero_as_missing: 0]
[feature_pre_filter: 1]
[pre_partition: 0]
[two_round: 0]
[header: 0]
[label_column: ]
[weight_column: ]
[group_column: ]
[ignore_column: ]
[categorical_feature: ]
[forcedbins_filename: ]
[precise_float_parser: 0]
[parser_config_file: ]
[objective_seed: 8855]
[num_class: 1]
[is_unbalance: 0]
[scale_pos_weight: 1]
[sigmoid: 1]
[boost_from_average: 1]
[reg_sqrt: 0]
[alpha: 0.9]
[fair_c: 1]
[poisson_max_delta_step: 0.7]
[tweedie_variance_power: 1.5]
[lambdarank_truncation_level: 30]
[lambdarank_norm: 1]
[label_gain: ]
[lambdarank_position_bias_regularization: 0]
[eval_at: 1,3,5]
[multi_error_top_k: 1]
[auc_mu_weights: ]
[num_machines: 1]
[local_listen_port: 12400]
[time_out: 120]
[machine_list_filename: ]
[machines: ]
[gpu_platform_id: -1]
[gpu_device_id: -1]
[gpu_use_dp: 0]
[num_gpu: 1]

end of parameters

pandas_categorical:[]
