tree
version=v4
num_class=1
num_tree_per_iteration=1
label_index=0
max_feature_idx=50
objective=lambdarank
feature_names=f_course1 f_course2 f_course3 f_courseout mf_course1 mf_course2 mf_course3 mf_courseout f_mf_course1 f_mf_course2 f_mf_course3 f_mf_courseout f_len1 f_len2 f_len3 f_lenout mf_len1 mf_len2 mf_len3 mf_classout f_mf_len1 f_mf_len2 f_mf_len3 f_mf_classout f_class1 f_class2 f_class3 f_classout mf_class1 mf_class2 mf_class3 mf_classout.1 f_mf_class1 f_mf_class2 f_mf_class3 f_mf_classout.1 time_df_course1 time_df_class1 ninki_1 result_1 time_df_course2 time_df_class2 ninki_2 result_2 time_df_course3 time_df_class3 ninki_3 result_3 waku umaban self_popularity
feature_infos=[0:79] [0:58] [0:65] [0:431] [0:71] [0:55] [0:52] [0:430] [0:12] [0:8] [0:8] [0:54] [0:33] [0:32] [0:26] [0:149] [0:18] [0:19] [0:18] [0:137] [0:3] [0:4] [0:5] [0:21] [0:7] [0:12] [0:7] [0:47] [0:5] [0:6] [0:5] [0:43] [0:2] [0:2] [0:2] [0:7] [-1:0] [-1:0] [-1:180] [-1:120] [-1:0] [-1:0] [-1:180] [-1:160] [-1:0] [-1:0] [-1:180] [-1:160] [1:8] [1:18] [-1:18]
tree_sizes=6606 4439 5269 5991 5904 4137 5275 3933 4345

Tree=0
num_leaves=62
num_cat=0
split_feature=50 50 47 39 43 42 50 19 30 7 43 14 31 17 16 27 49 3 19 42 42 12 2 42 7 48 38 47 39 42 5 5 18 7 17 10 43 49 27 2 7 31 43 24 1 0 0 7 11 16 4 0 38 46 47 11 43 15 3 0 0
split_gain=115.353 25.5651 23.362 14.4981 14.2883 10.0195 7.42361 9.46972 6.45032 7.171 7.59833 5.72151 5.07871 5.02096 8.34928 5.1764 4.97031 9.84807 5.84462 8.91639 5.90349 4.58121 4.56729 4.56542 4.23177 6.25745 4.14055 4.08444 4.2221 3.9576 8.35383 3.76586 3.63509 6.02429 3.45524 3.21255 3.71652 3.71324 3.04146 2.95926 4.00928 2.28506 2.15129 2.04601 5.75975 1.89777 7.0388 1.47487 1.39734 1.35764 1.27102 2.9135 1.39139 1.08994 2.10786 1.01737 0.827668 0.788688 0.672222 0.608643 0.156406
threshold=6.5000000000000009 12.500000000000002 6.5000000000000009 6.5000000000000009 3.5000000000000004 13.500000000000002 3.5000000000000004 7.5000000000000009 1.0000000180025095e-35 100.50000000000001 10.500000000000002 1.0000000180025095e-35 2.5000000000000004 1.5000000000000002 2.5000000000000004 7.5000000000000009 15.500000000000002 2.5000000000000004 1.0000000180025095e-35 8.5000000000000018 35.000000000000007 1.5000000000000002 2.5000000000000004 6.5000000000000009 3.5000000000000004 4.5000000000000009 35.000000000000007 3.5000000000000004 1.0000000180025095e-35 9.5000000000000018 2.5000000000000004 1.0000000180025095e-35 1.0000000180025095e-35 2.5000000000000004 5.5000000000000009 1.0000000180025095e-35 2.5000000000000004 10.500000000000002 1.0000000180025095e-35 26.500000000000004 3.5000000000000004 12.500000000000002 7.5000000000000009 1.0000000180025095e-35 3.5000000000000004 1.5000000000000002 1.0000000180025095e-35 12.500000000000002 1.0000000180025095e-35 2.5000000000000004 2.5000000000000004 5.5000000000000009 25.000000000000004 7.5000000000000009 5.5000000000000009 4.5000000000000009 4.5000000000000009 40.500000000000007 2.5000000000000004 9.5000000000000018 2.5000000000000004
decision_type=2 2 2 2 2 2 2 2 2 2 2 2 2 2 2 2 2 2 2 2 2 2 2 2 2 2 2 2 2 2 2 2 2 2 2 2 2 2 2 2 2 2 2 2 2 2 2 2 2 2 2 2 2 2 2 2 2 2 2 2 2
left_child=3 2 13 27 -4 23 12 11 9 10 -7 21 24 16 -15 22 17 -2 19 -19 -20 42 -16 -6 56 -26 31 28 32 30 60 -13 33 -1 41 36 -31 38 -38 45 -41 43 -8 -3 -45 46 58 -27 -34 -25 52 -52 -47 -9 -55 -37 -5 -10 -30 -56 -29
right_child=1 34 4 6 5 8 7 53 57 -11 -12 26 -14 14 15 -17 -18 18 20 -21 -22 -23 -24 49 25 47 -28 29 39 35 -32 -33 48 -35 -36 55 37 -39 -40 40 -42 -43 -44 44 -46 50 -48 -49 -50 -51 51 -53 -54 54 59 -57 -58 -59 -60 -61 -62
leaf_value=0.047039177876330718 -0.094705628022741864 -0.12978305179706584 0.0305070229188746 0.064753139245312161 -0.038257886715971488 -0.0042195417418836858 0.04248353970876844 -0.093754256877273373 -0.1294483385460094 0.058324322888721788 -0.091045251712276828 0.032287379342218703 0.070360147228813813 -0.12427133324713352 -0.030485424547412508 -0.075222641573707449 0.081950944491612707 0.023101160122390437 -0.0010472132374179663 -0.12260135068099973 0.058217080588160025 0.097105465981561875 0.073315426181587526 -0.12978153124795855 0.026996873189392496 -0.11287540153763223 -0.088674607785865917 0.04507812034012415 0.087272766584467615 -0.034649055105373333 -0.087454706970603327 -0.055268290680915322 0.081833375870658615 -0.064719963315621326 -0.029641727265528252 0.08794087003710839 0.054300350828088748 0.082545665817002026 -0.0034226393678595465 0.074685301522456921 -0.017750032643439804 -0.042448702372448632 -0.025489269028164466 0.0030474378233967276 -0.12427409870984681 0.067049238090194724 -0.019033954360117643 -0.035829124205807486 0.030743516242576891 -0.078714499191192486 0.090924472818104063 0.035591915802531723 0.098525143536175475 -0.0092450483983084163 -0.10297216702803569 0.04690645632282317 0.023214699713811043 -0.075249060602024978 0.056228107215697092 -0.053778848010149677 0.024968837204470001
leaf_weight=4.215392807498576 4.0430985596030942 15.049564016982922 6.0728847198188296 4.597618676722055 3.2920223288238075 8.4766685776412576 4.4511360600590724 3.3611128460615856 3.5471185408532611 3.1717632785439482 8.5497591979801637 5.6161294821649772 9.4967865291982871 3.4656309802085152 3.4491822179406864 3.2942543029785156 3.4964482598006716 4.0645130611956111 15.942381637170913 3.1228120587766171 12.731520684435962 4.1023106295615435 3.6865668091922998 14.83143779449165 5.9281998686492425 2.2118733003735542 2.9501279890537253 3.5358762396499497 6.9179661870002764 3.5392515920102623 3.5061090644448996 3.2726921234279871 3.9767570775002223 3.9150302037596703 2.5121521949768058 5.8348220419138652 6.635451206937435 5.5916798347607246 9.11493933200836 3.5804480277001849 4.3925905264914036 1.9743528775870789 3.4929492175579071 2.1032506972551337 5.1296326164156199 11.81647119857371 4.7775962930172673 2.0566896256059408 5.3683916693553329 2.7024761438369742 7.1257238779217031 9.3301102109253389 12.46797578781843 3.2755528669804335 2.17629773914814 4.7307829763740301 3.7275127526372671 1.8195545580238102 5.5064288228750229 2.2742510363459587 3.4563208352774382
leaf_count=32 57 277 48 30 39 82 39 53 55 18 123 47 57 60 42 50 18 32 154 53 75 16 21 226 54 33 42 28 35 49 54 44 23 50 31 29 43 35 101 24 53 24 37 22 93 80 58 29 45 37 37 86 53 41 31 37 37 25 37 30 32
internal_value=0 -0.04565 -0.0317599 0.0324065 -0.0630684 -0.0753331 0.00684499 -0.0130983 -0.0480302 -0.0311531 -0.0478729 0.0099083 0.0317545 -0.00307785 -0.0370496 -0.00794426 0.00779072 0.00126423 0.0121177 -0.0401912 0.025256 0.0414219 0.023085 -0.108792 0.0119091 -0.016096 -0.0221167 0.0448503 0.0534259 0.0292672 -0.00570693 0 0.0249765 -0.00671805 -0.102557 0.0396402 0.0268493 0.0370827 0.0208748 0.0609562 0.0237222 -0.110073 0.0125308 -0.116024 -0.0872097 0.0660663 0.0478445 -0.0760143 0.0525934 -0.12198 0.073736 0.0596172 0.0832584 -0.0626842 -0.0490158 0.0696678 0.04626 -0.11131 0.0736021 -0.0780954 0.0352558
internal_weight=0 136.529 109.76 192.327 52.4637 46.3908 62.9912 34.9726 25.5649 20.1982 17.0264 23.8853 28.0187 57.2964 13.8956 10.43 43.4008 39.9043 35.8612 7.18733 28.6739 12.0464 7.13575 20.8259 18.5219 10.1968 11.8389 129.336 83.3909 45.9452 10.4983 8.88882 17.4756 8.13042 26.769 35.4469 24.8813 21.3421 15.7504 65.9153 7.97304 24.2568 7.94409 22.2824 7.23288 57.9423 17.202 4.26856 9.34515 17.5339 40.7403 16.4558 24.2844 11.0872 7.7261 10.5656 8.32513 5.36667 12.4244 4.45055 6.9922
internal_count=3303 1662 1215 1641 653 605 620 380 303 223 205 225 240 562 173 113 389 371 314 85 229 92 63 302 183 116 133 1021 613 408 114 91 150 82 447 294 228 179 144 463 77 416 76 392 115 386 130 62 68 263 256 123 133 155 102 66 67 80 72 61 60
is_linear=0
shrinkage=0.0649432


Tree=1
num_leaves=41
num_cat=0
split_feature=47 46 50 4 50 3 43 7 6 47 27 49 3 12 24 4 18 48 3 49 10 4 8 0 50 17 42 46 47 1 18 16 30 42 38 0 42 30 38 7
split_gain=43.2808 28.997 22.746 20.5936 20.3246 19.7667 13.9989 13.4211 11.0154 9.56953 12.8811 8.98984 11.3042 14.1889 8.90198 8.8542 13.5693 14.8201 16.126 11.0364 10.2726 10.1893 10.0328 8.92354 8.25032 8.18119 7.80984 7.79119 16.9527 7.71279 7.27976 10.3418 9.91822 7.187 7.04973 6.70867 1.45631 0.734909 0.0831772 0.000202421
threshold=6.5000000000000009 19.000000000000004 12.500000000000002 8.5000000000000018 8.5000000000000018 2.5000000000000004 5.5000000000000009 87.500000000000014 1.0000000180025095e-35 10.500000000000002 8.5000000000000018 10.500000000000002 252.50000000000003 1.0000000180025095e-35 1.5000000000000002 15.500000000000002 3.5000000000000004 5.5000000000000009 10.500000000000002 9.5000000000000018 1.5000000000000002 30.000000000000004 1.5000000000000002 3.5000000000000004 6.5000000000000009 1.5000000000000002 6.5000000000000009 95.000000000000014 9.5000000000000018 1.0000000180025095e-35 1.5000000000000002 1.0000000180025095e-35 1.0000000180025095e-35 19.000000000000004 10.500000000000002 3.5000000000000004 9.5000000000000018 1.0000000180025095e-35 7.5000000000000009 10.500000000000002
decision_type=2 2 2 2 2 2 2 2 2 2 2 2 2 2 2 2 2 2 2 2 2 2 2 2 2 2 2 2 2 2 2 2 2 2 2 2 2 2 2 2
left_child=2 3 15 6 11 -6 8 9 -2 10 24 12 13 29 -4 16 20 18 -18 21 22 -17 30 -23 -8 35 -11 28 -7 -3 32 -32 -1 -20 -28 -15 -19 -5 -39 -12
right_child=1 4 14 37 5 27 7 -9 -10 26 39 -13 -14 25 -16 19 17 36 33 -21 -22 23 -24 -25 -26 -27 34 -29 -30 -31 31 -33 -34 -35 -36 -37 -38 38 -40 -41
leaf_value=0.0090593672698118556 0.037325221928500511 -0.091800125526598178 -0.12106343398867538 -0.090995248698198375 0.054236364295949947 -0.12608724620235592 0.0044011970037922286 0.041702552712313823 -0.042349101159361913 0.0024806589910533693 -0.1102516132823234 0.062907518346769012 -0.061977753986997439 0.057844568629382566 0.020497016265057431 0.083743331956038142 0.07526918111241046 -0.11371080118938974 -0.003558713137903095 -0.017675916373816939 0.067882011198104497 0.067954631037455249 0.054598610055966876 -0.013760577375545752 -0.058285131509038197 0.071993365018700115 -0.12095246388131145 -0.12217415990444905 0.029970472039340341 0.0068080111683333578 0.031814865376395454 -0.035705907706066173 0.058526332186266086 -0.089899138407531137 -0.053983977626064002 -0.016784636507147614 -0.067517846405648951 -0.11312832102403257 -0.12775501638013231 -0.12172146922026354
leaf_weight=315.74481008574367 17.592076443135742 6.1427355557680112 7.5885957665741426 5.6719100810587433 6.3493451578542617 5.4256116114556807 22.506527658551931 6.5339705049991599 12.518718630075453 3.9913250654935863 3.885366551578044 15.901157986372707 8.3705127984285337 8.2846506871283072 2.4758652616292238 21.503083366900682 8.16314969584346 5.1501187197864038 11.128649376332762 12.378057379275559 13.758154049515722 9.900747939944269 20.918196959421039 13.048626217991112 14.574692883528767 17.548974934965372 16.850591497495774 8.9849352687597257 6.372950691729784 7.3123227376490831 13.549324128776787 32.462140096351504 18.072336299344897 6.4132080636918536 11.025016251020132 13.092771293595431 6.8926116414368153 5.4934226963669044 5.6576100513339043 3.2240063324570656
leaf_count=1049 58 34 130 57 38 49 88 31 53 22 30 37 35 22 25 45 19 33 41 49 30 20 55 53 185 45 176 131 43 33 39 139 53 40 99 55 39 46 42 35
internal_value=0 -0.0232332 0.0104415 -0.0437269 0.00233893 -0.0459523 -0.0337102 -0.0475296 0.00417939 -0.0552062 -0.035612 0.0194427 0.00805057 0.0192591 -0.0861952 0.0123543 0.00931622 -0.0279525 -7.20352e-05 0.036517 0.012712 0.0516203 0.0108153 0.0214795 -0.0202295 0.0391365 -0.0823452 -0.0765954 -0.0417816 -0.0381958 0.00840147 -0.0158085 0.0117404 -0.0351816 -0.0945081 0.0121218 -0.0873787 -0.110753 -0.120682 -0.115657
internal_weight=0 233.311 519.148 129.525 103.786 27.1328 112.702 82.5915 30.1108 76.0575 44.1906 76.6531 60.752 52.3815 10.0645 509.083 452.253 37.7477 25.705 56.8305 414.505 44.4525 400.747 22.9494 37.0812 38.9264 31.8669 20.7835 11.7986 13.4551 379.829 46.0115 333.817 17.5419 27.8756 21.3774 12.0427 16.8229 11.151 7.10937
internal_count=3303 1444 1859 922 522 261 777 666 111 635 338 261 224 189 155 1704 1537 172 100 167 1365 118 1335 73 273 122 297 223 92 67 1280 178 1102 81 275 77 72 145 88 65
is_linear=0
shrinkage=0.0649432


Tree=2
num_leaves=49
num_cat=0
split_feature=50 39 1 47 14 50 19 42 38 50 38 3 46 42 27 27 3 39 19 12 24 3 43 1 9 48 38 38 39 7 31 7 49 27 49 0 15 1 31 47 6 38 49 47 3 5 0 15
split_gain=27.1549 16.4251 15.8745 17.6916 14.0665 11.3656 10.9905 12.8526 13.752 11.5993 15.2173 13.3324 25.886 13.994 13.3411 11.5371 10.4507 12.8308 12.5979 10.1778 9.99222 9.76599 9.34307 9.21713 9.2027 11.1393 8.81468 11.2686 6.96649 6.60014 8.74848 6.03959 5.78839 24.2142 11.137 5.4503 5.75717 7.66995 5.07007 3.60607 3.52429 2.77795 2.67841 4.67653 3.92638 2.05849 2.07102 1.39532
threshold=12.500000000000002 8.5000000000000018 11.500000000000002 1.5000000000000002 1.5000000000000002 6.5000000000000009 43.500000000000007 105.00000000000001 105.00000000000001 3.5000000000000004 25.000000000000004 1.0000000180025095e-35 19.000000000000004 6.5000000000000009 1.0000000180025095e-35 8.5000000000000018 19.500000000000004 14.500000000000002 4.5000000000000009 1.5000000000000002 1.5000000000000002 4.5000000000000009 3.5000000000000004 4.5000000000000009 1.5000000000000002 5.5000000000000009 105.00000000000001 135.00000000000003 9.5000000000000018 6.5000000000000009 1.5000000000000002 1.5000000000000002 8.5000000000000018 1.5000000000000002 4.5000000000000009 2.5000000000000004 15.500000000000002 17.500000000000004 1.0000000180025095e-35 4.5000000000000009 4.5000000000000009 5.5000000000000009 7.5000000000000009 8.5000000000000018 22.500000000000004 1.0000000180025095e-35 3.5000000000000004 6.5000000000000009
decision_type=2 2 2 2 2 2 2 2 2 2 2 2 2 2 2 2 2 2 2 2 2 2 2 2 2 2 2 2 2 2 2 2 2 2 2 2 2 2 2 2 2 2 2 2 2 2 2 2
left_child=1 6 4 -4 16 38 7 9 47 10 15 12 41 19 -15 21 17 18 22 -13 -17 -1 -3 45 35 -26 42 -28 -20 31 -31 -12 34 -34 -6 -8 -37 -38 -5 -19 -40 -11 43 44 -2 -18 -47 -9
right_child=26 2 3 5 32 -7 24 8 -10 11 29 13 -14 14 -16 20 23 39 28 -21 -22 -23 -24 -25 25 -27 27 -29 -30 30 -32 -33 33 -35 -36 36 37 -39 40 -41 -42 -43 -44 -45 -46 46 -48 -49
leaf_value=0.0066733577278627167 0.03376129311941807 -0.059001480508268186 0.019674879498927312 -0.079710143755340454 -0.011267206622647309 -0.12167531021775521 0.016409807372565522 -0.12150220542924696 0.030900041284916174 -0.11568173908012507 0.0060103424326460944 0.014529196619370794 0.071791131394230004 0.036257762658564667 -0.0067236817539327058 0.050179004828373806 -0.11080225483764257 0.07879942162904377 -0.0022065694999019053 0.056165633308652971 -0.023344704177906513 -0.048495921139940605 0.020246064340548337 0.016463650186587034 -0.071392723245420661 0.034574177045322126 0.051561231926199477 -0.11674332386275797 -0.10896554510099341 -0.045846575903645749 0.023964393828260721 0.062513706179387188 0.073143312132028487 -0.10275465832605364 0.072836366230297614 0.095627231866356271 -0.0061553489792949964 0.078746458570607053 0.02216253109773033 0.014759368437096871 -0.049231597107613885 -0.056436590795267978 -0.11494578547369155 -0.11574665287477223 -0.089286534065371473 -0.036439336243620217 -0.093448690918719796 -0.073747822426776147
leaf_weight=17.708513088524342 2.5666665937751585 8.5117042735218984 11.896003179252146 8.9579952023923415 10.202789550647141 12.437458910048006 15.303222546353934 4.6893941704183835 5.5718113165348759 6.8929341770708579 13.779146235436199 44.014740716665983 6.3896803203970185 43.844632912427187 99.668628863990307 14.827607847750189 6.0548885073512855 7.6136708930134755 3.6662158835679284 56.746619842946529 16.412884563207626 57.128252614289522 23.803783364593983 5.4837995786219826 6.8585339682176736 10.69813000410795 4.8422132888808838 2.5569954477250576 8.7660342436283809 12.217449288815258 19.875154096633196 19.027744848281145 7.1141699962317926 6.1433844957500696 18.946557380259037 13.590753424912693 8.3190289810299891 9.7052826620638353 5.6350230742245895 7.2808718048036098 6.0151635594666004 6.6248703449964523 9.3894267166033369 3.9245214648544788 1.8903959747403858 5.7987874355167133 5.1045409385114908 6.1091574002057314
leaf_count=54 26 31 37 51 49 130 48 31 22 48 33 151 14 160 486 41 40 18 25 159 61 226 138 27 39 42 41 57 78 43 51 40 18 58 55 25 38 34 31 45 36 37 204 82 37 35 33 38
internal_value=0 0.00243311 -0.0151094 -0.0481916 -0.00315994 -0.0726384 0.00819452 0.00461129 -0.0518624 0.00673795 -0.00643941 0.0152683 -0.035818 0.0194349 0.00640492 -0.0215958 -0.0188543 -0.00462734 -0.0220145 0.037986 0.0115377 -0.0354345 -0.000619158 -0.0566249 0.0332763 -0.00680345 -0.0662392 -0.00658687 -0.0775484 0.0183246 -0.00259951 0.0388058 0.0272035 -0.00833604 0.0433844 0.0482845 0.0636881 0.0395438 -0.0429822 0.047556 -0.0146598 -0.0867364 -0.0910314 -0.064094 -0.0183671 -0.0802891 -0.0632272 -0.0946091
internal_weight=0 685.437 169.433 44.9416 124.491 33.0456 516.004 451.529 16.3704 435.159 170.977 264.182 19.9075 244.275 143.513 106.077 82.0843 59.6423 44.7477 100.761 31.2405 74.8368 32.3155 22.442 64.475 17.5567 25.1702 7.39921 12.4323 64.8995 32.0926 32.8069 42.4069 13.2576 29.1493 46.9183 31.6151 18.0243 20.6082 14.8945 11.6502 13.5178 17.771 8.38158 4.45706 16.9582 10.9033 10.7986
internal_count=3303 2856 935 285 650 248 1921 1695 91 1604 549 1055 99 956 646 382 470 335 272 310 102 280 169 135 226 81 447 98 103 167 94 73 180 76 104 145 97 72 118 63 67 85 349 145 63 108 68 69
is_linear=0
shrinkage=0.0649432


Tree=3
num_leaves=56
num_cat=0
split_feature=50 47 19 31 48 50 38 11 50 49 43 42 3 42 50 46 27 13 38 24 50 8 1 14 23 46 46 3 15 2 48 50 1 27 43 7 42 0 15 1 49 3 38 49 43 1 27 13 3 39 38 39 50 3 38
split_gain=17.7974 10.2412 10.762 14.8757 17.6965 14.3282 10.058 9.56366 14.4418 15.1819 9.38312 18.8084 15.169 11.1159 13.8083 10.4881 16.4908 14.2114 17.1605 11.6228 8.80171 12.0564 8.69223 11.3953 8.66822 8.60789 8.4771 8.39688 10.5675 10.64 8.1219 8.05783 13.6997 10.1134 6.94589 7.0937 10.424 6.91235 6.52313 6.44633 6.31056 5.75993 5.66755 5.02166 4.9385 3.61288 3.17782 2.73563 11.3982 2.4135 2.27152 1.44261 0.38219 0.345645 0.276667
threshold=12.500000000000002 1.5000000000000002 28.500000000000004 1.0000000180025095e-35 6.5000000000000009 6.5000000000000009 105.00000000000001 1.0000000180025095e-35 3.5000000000000004 6.5000000000000009 3.5000000000000004 25.000000000000004 161.00000000000003 5.5000000000000009 8.5000000000000018 55.000000000000007 5.5000000000000009 1.0000000180025095e-35 115.00000000000001 2.5000000000000004 6.5000000000000009 1.0000000180025095e-35 1.5000000000000002 2.5000000000000004 1.0000000180025095e-35 5.5000000000000009 12.500000000000002 8.5000000000000018 71.500000000000014 12.500000000000002 4.5000000000000009 5.5000000000000009 14.500000000000002 12.500000000000002 1.5000000000000002 1.5000000000000002 25.000000000000004 1.5000000000000002 4.5000000000000009 3.5000000000000004 4.5000000000000009 17.500000000000004 9.5000000000000018 2.5000000000000004 5.5000000000000009 2.5000000000000004 1.0000000180025095e-35 1.5000000000000002 23.500000000000004 4.5000000000000009 11.500000000000002 3.5000000000000004 3.5000000000000004 48.500000000000007 75.000000000000014
decision_type=2 2 2 2 2 2 2 2 2 2 2 2 2 2 2 2 2 2 2 2 2 2 2 2 2 2 2 2 2 2 2 2 2 2 2 2 2 2 2 2 2 2 2 2 2 2 2 2 2 2 2 2 2 2 2
left_child=1 2 3 27 5 24 47 -4 -9 -10 31 12 13 14 25 16 37 18 40 -18 26 -22 -19 -24 46 -12 -15 42 29 30 -29 33 38 34 45 -36 -37 51 -33 -6 -17 -8 -1 -14 -43 -3 -5 54 -49 -40 52 -13 -45 -7 -2
right_child=6 10 7 4 39 53 41 8 9 -11 11 15 43 20 -16 17 19 22 -20 -21 21 -23 23 -25 -26 -27 -28 28 -30 -31 -32 32 -34 -35 35 36 -38 -39 49 -41 -42 44 -44 50 -46 -47 -48 48 -50 -51 -52 -53 -54 -55 -56
leaf_value=0.015986750185595516 -0.10863477366054826 -0.010069609634872729 0.070730218669555797 -0.081010684564887608 -0.020960652663708376 -0.10195289655062148 0.056743653340492382 0.054285559252932394 -0.10920501435616795 0.023388779827960605 -0.041146068749575097 0.043215756184453703 -0.011090103643661859 -0.0033743094429396544 0.074248397956349521 -0.040042869697411727 -0.073072982877843626 0.080833066384609117 0.039750831627446512 0.035983082154710876 -0.067334284516296319 0.024364779249948648 -0.068561069066881641 0.017787761113554457 0.030388302447817088 0.020483126442210346 -0.06318549721079357 0.048895270709076635 -0.020811800807969117 0.075499637589016261 -0.013332607266425432 0.014033188157502832 -0.041960692059432196 0.03973061627499188 0.049765806702766494 -0.053715107966998354 0.024384893295494217 0.077634829726714635 0.089031492879829102 0.046788985783026933 -0.11368719102583136 0.02948677952849792 -0.044915621877267622 -0.087639045490947198 -0.11259295837463421 -0.066340665887521022 -0.027336952281852223 0.083699878541509828 -0.10781670572272059 0.048804259181262202 -0.055618672006903111 0.006380081525918126 -0.115927818011232 -0.12823211689259648 -0.0750846205214801
leaf_weight=14.532545682042839 8.858704820275312 7.6993213444948223 22.548996834084392 7.5035185813903871 9.2562371566891688 4.8658604919910413 4.2597640976309759 18.584705449640751 6.1934884414076796 8.8085137382149679 18.362914839759469 8.267299663275482 4.0626069456338909 57.664776742458344 10.732331531122325 10.013667155057197 9.1859490126371401 6.950367920100688 7.367214558646082 7.4573517758399239 34.744516321457922 7.307040397077798 7.7880111150443545 37.203784498386085 8.5857203342020494 19.908233227208257 12.088376091793178 19.284023880958557 13.189359605312346 25.272315509617329 16.313031854107976 15.467282783240078 8.7787183430045825 18.718670960515738 9.5566733628511411 14.451443221420051 14.354761041700838 21.586566440761089 11.863788112998011 16.383413560688496 9.7014316953718644 1.8207297250628469 11.557305907830594 3.1466079168021706 2.3509983355179429 12.954239349812267 12.385813362896441 1.881201454438268 4.2633241973817348 13.684241242706774 5.1141314860433331 9.8863100633025152 8.1810151096433383 4.8973410464823246 1.3985498966649164
leaf_count=52 206 29 52 27 36 34 31 52 40 37 89 18 31 249 25 50 54 16 30 27 367 40 55 156 27 65 66 43 49 52 69 52 47 57 24 69 53 51 19 43 80 16 52 24 51 56 52 9 110 46 36 45 86 27 24
internal_value=0 0.00201783 0.0134715 0.00506703 -0.0194156 -0.0474069 -0.0539707 0.0380151 0.0160234 -0.0313427 -0.00365729 -0.00964727 -0.0233244 -0.0166103 0.00917123 0.00866267 0.0300601 -0.00659865 -0.0447372 -0.0241809 -0.0279151 -0.0513855 0.0132795 0.00281937 -0.0240901 -0.00907504 -0.0137535 0.0206887 0.0318511 0.0432726 0.0203658 0.0112142 0.0316093 -0.00184471 -0.0150443 0.00129087 -0.0147808 0.0527906 0.0473743 0.0223099 -0.0763403 0.00361324 -0.0109758 -0.075927 -0.05051 -0.0454022 -0.0476376 -0.0835939 -0.0490604 0.0675276 -0.0919011 0.0231972 -0.108184 -0.115283 -0.104174
internal_weight=0 664.412 220.162 164.026 63.8779 38.2383 24.8333 56.1357 33.5867 15.002 444.25 316.721 181.313 160.808 49.0035 135.408 56.3835 79.0245 27.0823 16.6433 111.805 42.0516 51.9422 44.9918 28.4751 38.2711 69.7532 100.149 74.0587 60.8694 35.5971 127.529 49.794 77.7351 59.0164 38.3629 28.8062 39.7402 41.0153 25.6397 19.7151 8.43149 26.0899 20.5044 4.17173 20.6536 19.8893 16.4018 6.14453 25.548 16.4418 18.1536 11.3276 9.7632 10.2573
internal_count=3303 2856 744 563 246 167 447 181 129 77 2112 1660 1078 901 179 582 195 387 160 81 722 407 227 211 106 154 315 317 213 164 112 452 164 288 231 146 122 114 117 79 130 98 104 177 67 85 79 349 119 65 146 63 110 61 230
is_linear=0
shrinkage=0.0649432


Tree=4
num_leaves=55
num_cat=0
split_feature=50 39 21 5 28 43 43 31 6 43 31 1 43 42 43 28 19 38 38 39 16 49 42 7 50 39 19 6 46 8 14 1 39 15 27 3 47 14 3 43 50 39 47 7 6 0 27 2 48 50 24 18 43 15
split_gain=14.61 11.8303 11.2712 9.32585 9.8502 8.37048 10.1504 14.929 11.1366 13.7345 10.9559 8.85058 8.28607 17.0049 10.8033 9.26209 11.0072 10.0628 19.3209 8.27818 8.10151 7.40209 7.17948 7.1743 8.57424 11.8852 7.71846 11.5583 8.11672 7.32036 7.55669 9.33283 6.66671 6.58719 6.48192 15.1136 8.30957 7.97898 6.42129 6.06035 6.02675 5.2647 7.76431 5.06372 4.87481 4.6479 2.2271 2.13254 1.97994 1.92103 1.30054 1.29453 0.563851 0.383022
threshold=12.500000000000002 8.5000000000000018 1.0000000180025095e-35 1.5000000000000002 1.0000000180025095e-35 12.500000000000002 3.5000000000000004 3.5000000000000004 5.5000000000000009 4.5000000000000009 3.5000000000000004 1.5000000000000002 3.5000000000000004 25.000000000000004 4.5000000000000009 1.0000000180025095e-35 12.500000000000002 6.5000000000000009 10.500000000000002 7.5000000000000009 1.0000000180025095e-35 5.5000000000000009 6.5000000000000009 2.5000000000000004 2.5000000000000004 1.0000000180025095e-35 2.5000000000000004 1.0000000180025095e-35 10.500000000000002 2.5000000000000004 10.500000000000002 14.500000000000002 10.500000000000002 2.5000000000000004 1.0000000180025095e-35 26.500000000000004 4.5000000000000009 1.0000000180025095e-35 5.5000000000000009 6.5000000000000009 5.5000000000000009 7.5000000000000009 5.5000000000000009 4.5000000000000009 11.500000000000002 4.5000000000000009 1.5000000000000002 1.5000000000000002 6.5000000000000009 5.5000000000000009 1.0000000180025095e-35 1.5000000000000002 14.500000000000002 6.5000000000000009
decision_type=2 2 2 2 2 2 2 2 2 2 2 2 2 2 2 2 2 2 2 2 2 2 2 2 2 2 2 2 2 2 2 2 2 2 2 2 2 2 2 2 2 2 2 2 2 2 2 2 2 2 2 2 2 2
left_child=1 12 5 -2 19 6 10 8 9 -8 40 33 23 15 21 16 17 20 -19 -5 -14 -15 -9 24 46 -26 27 28 43 30 31 -28 -21 -7 36 39 -16 -37 -34 -36 -3 42 -17 -25 -4 -27 -1 -38 -32 -24 -29 -18 -13 -42
right_child=3 2 44 4 -6 11 7 22 -10 -11 -12 52 13 14 34 41 51 18 -20 32 -22 -23 49 26 25 45 29 50 -30 -31 48 -33 38 -35 35 37 47 -39 -40 -41 53 -43 -44 -45 -46 -47 -48 -49 -50 -51 -52 -53 -54 -55
leaf_value=0.024839121655585598 -0.10254784402942614 -0.029268319901854016 -0.11011443485172299 -0.097193964778985856 -0.10597848289023457 -0.056529484779217189 0.054006814654900835 0.021323058663719086 0.067577907886782432 -0.010830491644651767 0.039646454193262549 -0.11185656057482266 -0.0193028645004917 0.0060605795224125195 0.069999308370935792 0.021013881852850417 -0.06293921917336899 -0.099617012110276335 0.0043600754968906872 0.07970113196192688 0.046091721142116134 -0.096598779234321988 -0.046721506126667554 -0.058720543515081686 -0.00048204053030338268 0.046632370217521327 0.021976368885220636 -0.045590518167982173 0.054191079935530947 -0.04102612599635589 0.037474334882622605 -0.026828491490280926 0.056855745891524492 0.040949188413644796 -0.0059810810841051266 0.072493045321655958 -0.013627918585784446 0.011027469104859749 -0.10429585812982259 -0.10716126727041306 -0.091444259511899662 0.059964116445659223 -0.06797216616998579 0.014942084786741569 -0.013888915355651772 0.097118049342949972 -0.018598997922013222 0.032525338072491403 0.080321630609314187 -0.10810415678138101 -0.085980949218082081 -0.11066484920885129 -0.07780602891209723 -0.12127430432566073
leaf_weight=8.390463914722206 8.7459142412990349 8.217544257640844 6.9821567647159082 2.4714259244501617 4.1788843534886828 6.1489398106932658 18.380230646580458 3.4927589744329444 14.57056795991957 54.950665909796953 5.1472777985036364 4.7740607056766731 28.127375161275268 6.0156604796648008 20.995328322052956 14.110881276428705 3.8884997535496932 15.968669872730972 14.249621117487548 5.8926768554374558 11.151063363999127 5.80867282114923 3.3339293338358384 7.5383741036057499 13.743818072602151 15.382601689547302 93.39987313374877 7.2011021599173528 10.125923685729502 8.9558499418199045 9.51456385292113 20.06158116273582 1.9802439436316488 5.5563758220523596 4.3980723582208139 10.733725134283302 8.6809947490692156 52.411050142720342 2.1816161517053843 5.8077375683933496 3.7374008335173112 7.1254927013069382 5.8395344354212275 8.2035479005426151 3.2783938739448786 15.555819068104027 12.213297028094528 8.1903137490153295 8.8837299868464452 6.3599179722368717 6.5223126709461212 6.755304466933012 4.0840184222906828 4.5266514830291271
leaf_count=25 209 46 58 53 90 46 47 17 46 337 19 59 157 28 49 41 26 129 65 32 39 41 28 31 35 41 321 33 24 46 38 92 11 22 24 25 39 202 52 49 29 24 59 31 31 26 46 22 24 68 29 60 50 32
internal_value=0 0.00195062 -0.0137227 -0.0482319 -0.0197271 -0.00900743 -0.00257588 0.00605969 0.0157323 0.00541723 -0.0429499 -0.0473469 0.00700809 -0.00184124 0.0146304 -0.020749 -0.0318451 -0.0224095 -0.050579 0.00905109 -0.00071793 -0.0443537 -0.0583473 0.0153036 0.0337531 0.0497328 0.00862278 -0.0167018 0.00883984 0.0157474 0.0196099 0.0133408 0.0352761 -0.0102135 0.0209091 0.00963255 0.0427316 0.0214921 -0.0275221 -0.0636507 -0.0687853 0.0120727 -0.00502089 -0.0203091 -0.0794567 0.0720524 -0.000880057 0.00874924 0.0582186 -0.0871045 -0.0648648 -0.0933396 -0.0963016 -0.107949
internal_weight=0 629.492 153.541 25.4508 16.7048 143.28 122.717 101.088 87.9015 73.3309 21.6289 20.5634 475.951 230.258 123.042 107.216 80.1405 69.4967 30.2183 12.526 39.2784 11.8243 13.1866 245.693 65.286 44.6822 180.407 39.5913 25.8678 140.816 131.86 113.461 10.0545 11.7053 111.217 73.3506 37.8666 63.1448 4.16186 10.2058 16.4816 27.0759 19.9504 15.7419 10.2606 30.9384 20.6038 16.8713 18.3983 9.69385 13.7234 10.6438 8.85808 8.26405
internal_count=3303 2856 935 447 238 846 669 543 430 384 126 177 1921 1079 479 600 476 390 194 148 196 69 113 842 173 102 669 148 86 521 475 413 95 68 410 300 110 227 63 73 107 124 100 62 89 67 71 61 62 96 62 86 109 61
is_linear=0
shrinkage=0.0649432


Tree=5
num_leaves=38
num_cat=0
split_feature=43 7 47 19 38 49 29 50 3 24 19 39 21 2 25 1 4 27 24 38 38 43 42 38 50 6 31 5 18 46 27 2 50 24 25 50 50
split_gain=13.3721 14.8365 9.63031 7.42528 9.86528 10.1231 7.46912 7.27782 7.2061 11.5157 7.65518 7.17151 6.4076 9.45628 9.23157 12.0492 12.3472 8.75451 6.67093 6.02705 5.84011 8.26218 14.6646 12.3738 11.3976 6.87933 6.07375 8.20183 5.74839 4.32402 3.47733 2.90995 5.31446 1.17634 0.450633 0.340498 0.0168614
threshold=11.500000000000002 10.500000000000002 3.5000000000000004 2.5000000000000004 95.000000000000014 5.5000000000000009 1.0000000180025095e-35 4.5000000000000009 317.00000000000006 3.5000000000000004 7.5000000000000009 5.5000000000000009 1.0000000180025095e-35 15.500000000000002 1.5000000000000002 10.500000000000002 1.5000000000000002 5.5000000000000009 1.0000000180025095e-35 6.5000000000000009 75.000000000000014 5.5000000000000009 25.000000000000004 45.000000000000007 6.5000000000000009 1.0000000180025095e-35 6.5000000000000009 5.5000000000000009 4.5000000000000009 12.500000000000002 2.5000000000000004 1.0000000180025095e-35 8.5000000000000018 1.0000000180025095e-35 3.5000000000000004 4.5000000000000009 7.5000000000000009
decision_type=2 2 2 2 2 2 2 2 2 2 2 2 2 2 2 2 2 2 2 2 2 2 2 2 2 2 2 2 2 2 2 2 2 2 2 2 2
left_child=8 7 -3 -4 5 6 30 -2 9 11 29 20 14 -14 17 -16 -17 19 -19 -13 21 26 24 -24 -23 -22 27 -1 -28 -11 -5 32 -9 36 -10 -7 -33
right_child=1 2 3 4 -6 35 -8 31 34 10 -12 12 13 -15 15 16 -18 18 -20 -21 25 22 23 -25 -26 -27 28 -29 -30 -31 -32 33 -34 -35 -36 -37 -38
leaf_value=0.014758276042303781 -0.0064542078429413599 0.047539440906500127 0.049977153038907547 -0.016794344790699165 0.030840101891246894 -0.076798979323438904 0.041308583426235203 0.010856263366409826 0.057287581032642053 -0.054553930721955392 -0.10064662212360952 0.025070104552127135 -0.0047314830948262067 -0.10795537784232929 0.084806222512315829 0.038686424119958422 -0.075918274093732599 -0.08087734305691581 -0.016392436428085543 -0.0068919284181536856 0.082920291490033743 -0.019871523520611157 0.043443411287008488 -0.041530207248369345 -0.11208882287164651 0.009261203666535902 0.067945715427448025 -0.026656740326235481 0.018320901305259884 0.015645437272485359 -0.10204498621730962 -0.11952590786158562 -0.10470119704275714 -0.072828897745158716 0.035105712915154894 -0.10672077928902429 -0.10815160989004767
leaf_weight=140.79159829951823 7.0738963969051865 11.664440900087355 5.4687752872705451 4.4757087454199809 7.9832067657262078 2.3212326280772677 5.689543990418314 3.3127909712493446 8.1515950411558133 7.0452141147106904 6.886712707579135 31.045254185795784 9.8267388064414245 6.0511102154850951 11.367482088506224 11.423049345612528 6.0626393444836131 10.408982012420894 19.406812449917197 125.21303900703788 10.01381864026189 17.563341267406944 22.139158997684717 10.716808326542376 8.3449793439358455 11.511953150853513 15.468408353626726 23.524809196591377 27.205234628170729 7.7630613874644041 3.7010484728962183 4.1827346328645927 3.3759352974593639 4.7007461395114651 7.8447216097265473 8.2141563855111581 5.0440138857811689
leaf_count=517 38 44 25 38 52 22 30 22 27 38 57 132 56 50 21 52 53 89 133 715 21 85 72 46 104 56 39 125 89 28 40 30 60 56 33 130 78
internal_value=0 -0.025324 -0.00402077 -0.01993 -0.0317613 -0.0522679 -0.0157424 -0.0633887 0.0035183 0.00224387 -0.0441 0.00418623 -0.00433646 -0.0441388 -0.00139198 0.0327797 -0.0010335 -0.00669487 -0.0389385 -0.00053726 0.0110354 0.00839675 -0.0130882 0.0157069 -0.0496204 0.0435708 0.0144993 0.00882463 0.036331 -0.0177262 -0.0555091 -0.0828875 -0.0474383 -0.0998365 0.0464663 -0.100242 -0.113464
internal_weight=0 77.2082 49.5181 37.8537 32.3849 24.4017 13.8663 27.6901 555.777 539.78 21.695 518.085 230.805 15.8778 214.927 28.8532 17.4857 186.074 29.8158 156.258 287.28 265.754 58.7643 32.856 25.9083 21.5258 206.99 164.316 42.6736 14.8083 8.17676 20.6162 6.68873 13.9275 15.9963 10.5354 9.22675
internal_count=3303 665 381 337 312 260 108 284 2638 2578 123 2455 1301 106 1195 126 105 1069 222 847 1154 1077 307 118 189 77 770 642 128 66 78 246 82 164 60 152 108
is_linear=0
shrinkage=0.0649432


Tree=6
num_leaves=49
num_cat=0
split_feature=50 5 4 39 47 43 48 47 38 47 39 31 7 7 39 48 50 24 24 0 49 27 27 42 2 43 31 30 20 24 46 42 42 31 19 24 7 11 43 42 7 31 19 43 50 6 2 7
split_gain=11.1013 8.14157 8.28896 6.43746 6.00341 10.0933 7.90973 8.66357 6.63813 8.825 11.5777 6.19461 6.18547 12.3587 8.11208 6.32262 6.00491 5.92591 8.14271 7.63126 7.10677 7.31288 8.68712 7.24582 7.00863 5.80882 5.43901 9.57963 5.24432 5.219 5.07569 5.00674 4.78674 6.97817 4.59071 4.35544 9.09976 4.08477 4.00018 2.945 2.93202 2.81592 2.25855 1.39728 1.20513 0.348337 0.097597 0.078901
threshold=12.500000000000002 1.5000000000000002 9.5000000000000018 7.5000000000000009 6.5000000000000009 8.5000000000000018 7.5000000000000009 7.5000000000000009 11.500000000000002 9.5000000000000018 7.5000000000000009 1.5000000000000002 42.500000000000007 187.50000000000003 1.5000000000000002 6.5000000000000009 6.5000000000000009 3.5000000000000004 1.0000000180025095e-35 43.000000000000007 15.500000000000002 12.500000000000002 8.5000000000000018 65.000000000000014 22.500000000000004 12.500000000000002 3.5000000000000004 1.0000000180025095e-35 1.0000000180025095e-35 1.0000000180025095e-35 4.5000000000000009 45.000000000000007 85.000000000000014 2.5000000000000004 1.5000000000000002 1.0000000180025095e-35 87.500000000000014 7.5000000000000009 5.5000000000000009 7.5000000000000009 11.500000000000002 1.5000000000000002 2.5000000000000004 14.500000000000002 6.5000000000000009 2.5000000000000004 11.500000000000002 70.500000000000014
decision_type=2 2 2 2 2 2 2 2 2 2 2 2 2 2 2 2 2 2 2 2 2 2 2 2 2 2 2 2 2 2 2 2 2 2 2 2 2 2 2 2 2 2 2 2 2 2 2 2
left_child=4 46 3 -3 17 6 7 11 16 34 -11 -6 14 38 -9 -16 29 18 20 41 21 22 23 -1 26 -12 32 -28 42 40 -18 39 33 -20 -10 36 -5 -29 -14 -8 -7 -19 -26 47 -27 -36 -2 -32
right_child=1 2 -4 35 5 8 31 12 9 10 25 -13 13 -15 15 -17 30 19 24 -21 -22 -23 -24 -25 28 44 27 37 -30 -31 43 -33 -34 -35 45 -37 -38 -39 -40 -41 -42 -43 -44 -45 -46 -47 -48 -49
leaf_value=0.0026850278853180745 -0.097366772557756776 -0.087453326735108639 -0.10056178607514032 -0.10030779008049551 -0.10566096897666016 -0.10076776632408373 0.042135808962654384 -0.050075191326054425 5.9908156051596148e-05 0.060480762493871111 0.0078042565801936378 -0.015077140188184884 -0.033038883517202904 0.041557259882803253 0.035747817562606879 -0.024294001180019183 0.015381196639116322 -0.035155739880726677 0.021845977109463247 0.0099763952225852791 0.052209074230263691 0.04926186091900886 -0.065661090417845763 -0.035707052440097919 -0.051576594700755277 -0.043194760331676733 -0.050684484554448177 0.0031171202770775824 0.031601810134260548 0.013764857879712659 -0.10578955394826489 0.071369849680297137 0.081281595243036742 0.078657246393738722 -0.075335688817013691 0.07289825330098558 0.068501349337466669 0.051025914758195158 -0.10675985530354207 -0.022132611209057459 -0.022075251010025835 -0.10432273509012642 -0.0057059666173735488 -0.052952277275300941 -0.10457683500693335 -0.10855860995113506 -0.0739627445008227 -0.087790559140373522
leaf_weight=198.77130840346217 7.2264210311695951 2.3843463305383947 3.7699609100818625 2.5201622489839774 5.5541170388460142 3.7687951400876063 5.9559844397008437 7.0786122977733603 3.29170925170183 11.367514044046404 7.7753890855237824 7.4949382655322552 6.9890841059386748 6.9827895537018767 38.923107277601957 9.1149596683680993 2.1539343148469952 5.2126725874841231 53.059817373752594 10.903920108452438 10.901617947965859 11.452378194779156 9.210602328181265 23.138955263420939 9.2949097231030517 2.4047384411096573 9.010821331292389 16.046946493908766 8.9013381600379926 8.5596362762153131 8.8452042024582607 10.375776458531616 9.4117541760206205 11.022584665566681 2.549772510305047 5.1933061508461833 2.873197028413415 14.140143312513827 5.6362645979970694 6.0482081882655621 4.2978304624557495 4.8117121644318104 8.881968090310691 3.1710928715765467 3.2432785164564848 3.5580290332436562 1.2434258908033369 1.9892303440719832
leaf_count=803 181 52 82 58 44 33 25 30 23 38 55 43 39 26 165 48 13 27 209 43 33 39 48 116 51 21 51 67 36 51 137 31 24 31 31 31 15 42 55 36 35 44 40 44 52 45 28 32
internal_value=0 -0.042198 -0.0158912 0.00872015 0.00179968 -0.00820504 0.00387899 -0.00490363 -0.0280858 -0.00804207 0.0122581 -0.0537149 0.00361741 -0.0276924 0.0147685 0.0243416 -0.0489645 0.00607983 0.00787318 -0.0275813 0.000931247 -0.00137255 -0.00388553 -0.00131678 0.0204577 -0.0285488 0.0275872 0.00803078 -0.00919221 -0.0215022 -0.077162 0.0383389 0.0380081 0.0316348 -0.0616084 0.0304809 -0.010306 0.0255841 -0.0660388 0.00971502 -0.058971 -0.068466 -0.0292048 -0.0914346 -0.0786352 -0.0948927 -0.0940669 -0.102601
internal_weight=0 25.2108 16.741 12.971 591.303 177.13 110.154 87.7739 66.9762 34.1904 24.7909 13.0491 74.7248 19.6081 55.1167 48.0381 32.7857 414.173 393.245 20.9283 253.475 242.573 231.121 221.91 139.77 13.4234 112.692 39.1979 27.0782 16.6263 16.1595 22.38 73.4942 64.0824 9.39951 10.5867 5.39336 30.1871 12.6253 12.0042 8.06663 10.0244 18.1769 14.0055 5.64802 6.1078 8.46985 10.8344
internal_count=3303 447 238 156 2856 1152 542 450 610 265 166 87 363 120 243 213 345 1704 1590 114 1039 1006 967 919 551 128 424 160 127 119 226 92 264 240 99 104 73 109 94 61 68 71 91 213 73 76 209 169
is_linear=0
shrinkage=0.0649432


Tree=7
num_leaves=36
num_cat=0
split_feature=50 4 28 39 14 43 6 49 35 46 43 50 46 47 47 3 38 42 11 28 23 23 50 43 47 2 42 7 15 50 14 1 43 50 7
split_gain=9.87011 6.6522 7.07006 6.05212 8.23234 6.60345 9.08715 8.92311 7.72286 6.6035 6.7647 8.51016 8.46975 6.09708 5.2493 5.8205 5.09384 5.27675 4.73918 4.27193 5.62155 6.63724 4.40737 4.79278 6.57663 4.78236 4.36632 4.16035 4.18995 3.02418 2.6667 2.60273 2.44072 2.03188 0.237449
threshold=12.500000000000002 1.5000000000000002 1.0000000180025095e-35 8.5000000000000018 10.500000000000002 8.5000000000000018 1.5000000000000002 8.5000000000000018 1.0000000180025095e-35 75.000000000000014 3.5000000000000004 7.5000000000000009 4.5000000000000009 6.5000000000000009 5.5000000000000009 12.500000000000002 105.00000000000001 11.500000000000002 1.0000000180025095e-35 2.5000000000000004 4.5000000000000009 3.5000000000000004 2.5000000000000004 10.500000000000002 4.5000000000000009 36.500000000000007 5.5000000000000009 1.0000000180025095e-35 11.500000000000002 5.5000000000000009 1.0000000180025095e-35 1.5000000000000002 3.5000000000000004 3.5000000000000004 15.500000000000002
decision_type=2 2 2 2 2 2 2 2 2 2 2 2 2 2 2 2 2 2 2 2 2 2 2 2 2 2 2 2 2 2 2 2 2 2 2
left_child=3 34 16 19 5 8 14 13 9 10 11 -5 -12 -8 -7 -16 17 -3 -15 20 21 22 27 25 -25 -24 -22 -1 -29 -10 -21 -9 -32 -17 -2
right_child=1 2 -4 4 -6 6 7 31 29 -11 12 -13 -14 18 15 33 -18 -19 -20 30 26 -23 23 24 -26 -27 -28 28 -30 -31 32 -33 -34 -35 -36
leaf_value=-0.046776062542828262 -0.09409115365518185 0.022861717610920269 -0.095079274781108891 -0.005600298575980365 -0.095768806797557782 -0.11304006546720599 0.045595928861998605 -0.020682309025152407 -0.021240568021531493 0.057603859411115017 0.048065555104022419 -0.11385894738483412 -0.0065511464259899168 -0.088240578289538588 0.006859478911161716 -0.026838927532583014 0.055562181429477511 -0.095587784289583269 0.0075491476196152436 0.056143302757161125 0.00086098168556500746 0.056298326827014515 0.0094050574104988099 0.023903075414359751 -0.033427981009076194 0.060147303862166712 -0.073142706095063001 0.011985820088796555 -0.017101895867032813 -0.10439969402740451 -0.017436121064224423 -0.10074512777873089 0.040254926723220272 -0.095123598093419318 -0.060558214707786648
leaf_weight=10.512926328927277 6.8355168588459509 3.5022390270605666 3.6437883721664539 11.26276242546737 4.5642804261296979 5.5056059584021595 13.145651832222944 2.9938796795904628 4.1033274717628947 10.634052496403454 19.131963152438402 4.2053093500435343 31.951239705085754 3.0904234964400512 6.6101512946188441 2.702419348061083 5.2877835370600224 2.8801421169191599 7.3054381096735597 10.811414182186128 6.4838874414563161 10.481109580025075 249.83756848517805 12.799876566976307 24.697031641378999 8.085081070661543 6.9444152265787125 39.357303701341152 44.465340901166201 3.3816405143588781 6.0602783616632205 4.0732015110552311 6.2854655608534813 5.9681401578709483 1.2092019505798814
leaf_count=44 186 43 92 66 48 45 44 25 28 36 61 46 183 46 56 19 31 70 58 30 24 35 1035 48 219 26 49 155 194 41 34 53 28 80 25
internal_value=0 -0.0413795 -0.0161991 0.00167439 -0.0100416 -0.00715657 -0.0255195 -0.00299335 0.00398448 0.0101004 0.00249576 -0.0351106 0.0138975 0.0162029 -0.0586499 -0.0389698 0.00842869 -0.0305542 -0.0209175 0.0054476 0.00392621 0.00531444 0.00394089 0.00784435 -0.0138418 0.0109996 -0.0373885 -0.00827685 -0.00343784 -0.0589541 0.0325903 -0.0669656 0.0118973 -0.0739476 -0.0891827
internal_weight=0 23.3587 15.314 577.451 140.629 136.065 51.3949 30.6086 84.6703 77.1853 66.5513 15.4681 51.0832 23.5415 20.7863 15.2807 11.6702 6.38238 10.3959 436.822 413.665 400.236 389.755 295.42 37.4969 257.923 13.4283 94.3356 83.8226 7.48497 23.1572 7.06708 12.3457 8.67056 8.04472
internal_count=3303 447 236 2856 935 887 426 226 461 392 356 112 244 148 200 155 144 113 104 1921 1829 1756 1721 1328 267 1061 73 393 349 69 92 78 62 99 211
is_linear=0
shrinkage=0.0649432


Tree=8
num_leaves=40
num_cat=0
split_feature=50 5 25 24 39 13 25 48 27 5 27 49 18 17 46 46 20 24 5 7 50 6 24 42 49 23 27 43 50 12 43 14 1 27 46 5 15 38 42
split_gain=8.37741 5.61215 6.2642 10.062 5.45092 6.77413 6.35812 5.77723 21.9675 8.47617 6.90609 5.59154 4.56264 7.69641 7.00452 4.33575 4.25629 4.09437 7.02018 13.6517 8.78343 8.67762 5.27424 7.59697 6.81424 6.66845 8.65069 8.05926 3.04311 11.3256 9.70485 2.94717 2.76015 2.34821 1.63251 1.58947 0.987876 0.146211 0.0889242
threshold=12.500000000000002 1.5000000000000002 1.0000000180025095e-35 1.0000000180025095e-35 8.5000000000000018 8.5000000000000018 1.5000000000000002 7.5000000000000009 1.5000000000000002 12.500000000000002 12.500000000000002 6.5000000000000009 8.5000000000000018 3.5000000000000004 12.500000000000002 145.00000000000003 1.5000000000000002 1.0000000180025095e-35 10.500000000000002 43.500000000000007 3.5000000000000004 4.5000000000000009 1.5000000000000002 85.000000000000014 5.5000000000000009 1.0000000180025095e-35 10.500000000000002 3.5000000000000004 3.5000000000000004 1.5000000000000002 4.5000000000000009 2.5000000000000004 5.5000000000000009 7.5000000000000009 8.5000000000000018 3.5000000000000004 35.500000000000007 15.500000000000002 125.00000000000001
decision_type=2 2 2 2 2 2 2 2 2 2 2 2 2 2 2 2 2 2 2 2 2 2 2 2 2 2 2 2 2 2 2 2 2 2 2 2 2 2 2
left_child=4 38 3 15 12 6 7 9 -9 10 11 -6 13 17 31 32 35 18 19 20 -1 -21 23 24 -19 27 -27 -24 33 -30 -31 -15 -3 -14 -10 37 -8 -7 -2
right_child=1 2 -4 -5 5 16 36 8 34 -11 -12 -13 28 14 -16 -17 -18 22 -20 21 -22 -23 25 -25 -26 26 -28 -29 29 30 -32 -33 -34 -35 -36 -37 -38 -39 -40
leaf_value=-0.018010143172707348 -0.09105025477527888 -0.093419868798791841 -0.095303349103238386 0.085314798791119001 -0.017301668246760091 -0.086868408041328185 0.021675293069623902 0.064389791426797405 -0.042699327702415739 0.034049792497613821 0.053017368715134454 -0.05551838611496164 0.021557910952250403 0.022464721784209166 -0.095651077553391917 0.051845036418334864 0.0051608722098204479 0.037953028649098372 0.047991465026725716 -0.10593191346481595 0.013108718550988959 -0.024190610880749992 0.0033612583913662048 0.077199227685980754 -0.004222803208417481 -0.037443909038494858 0.039230855424101319 -0.06252982467882813 0.05629726904748053 -0.11930444016233172 0.015371569229086465 -0.0414183628437301 0.0094607074944573644 0.066231766716127335 -0.10585692482015625 -0.043152933540870048 0.059919723609470801 -0.11057145573735742 -0.067097151530052856
leaf_weight=53.716818939894438 5.8868516683578518 4.2554744733497483 3.3303142990916959 4.2378687392920256 50.185021774843335 2.7470776848494989 5.8134490791708213 14.97827102057636 3.4699453115463248 11.838581370189784 4.513643128797411 23.856600880622864 9.9599279314279574 5.9938901700079459 6.0045014526695004 1.6624260358512399 3.5684490427374831 32.864032322540879 12.028031850233672 6.7386129889637223 132.78943962138146 29.355359099805355 22.487296856939793 10.339017208665608 31.730078851804137 8.1367509718984348 26.007666498422623 11.990530569106339 9.73040819168091 4.0469623077660781 5.0719486325979233 6.1662743054330349 1.4677063804119823 10.002440571784971 3.5464186724275351 3.4674803800880909 5.7249069660902023 2.9631003066897392 1.0903368433937428
leaf_count=237 181 112 82 17 335 34 34 54 29 56 23 217 34 26 42 9 18 117 39 51 569 153 96 27 140 47 100 89 25 33 30 39 18 27 36 43 27 29 28
internal_value=0 -0.039383 -0.0168781 0.00559249 0.00151093 -0.00980137 -0.00515794 -0.00987605 0.0199574 -0.0171424 -0.0248669 -0.0296273 0.00506523 0.00298246 -0.0382981 -0.0401183 -0.0548742 0.00496743 -0.000315956 -0.00293028 0.00414263 -0.0394862 0.0136061 0.0255177 0.0172287 0.000589431 0.0209383 -0.0195468 0.0263156 0.00756064 -0.0443869 -0.00988966 -0.066962 0.0439872 -0.0747826 -0.0782623 0.0407263 -0.0993981 -0.0874649
internal_weight=0 21.931 14.9538 11.6235 571.833 136.673 123.927 112.388 21.9946 90.3938 78.5553 74.0416 435.16 396.348 18.1647 7.38561 12.7461 378.184 234.628 222.6 186.506 36.094 143.555 74.9331 64.5941 68.6222 34.1444 34.4778 38.8117 18.8493 9.11891 12.1602 5.72318 19.9624 7.01636 9.17766 11.5384 5.71018 6.97719
internal_count=3303 447 238 156 2856 935 811 750 119 631 575 552 1921 1772 107 139 124 1665 1049 1010 806 204 616 284 257 332 147 185 149 88 63 65 130 61 65 106 61 63 209
is_linear=0
shrinkage=0.0649432


end of trees

feature_importances:
self_popularity=36
result_2=29
ninki_2=24
ninki_1=23
mf_courseout=21
f_classout=19
result_3=19
f_courseout=18
result_1=18
umaban=16
f_class1=15
ninki_3=15
f_course2=14
f_course1=12
mf_classout.1=12
mf_classout=11
mf_course2=10
f_course3=9
mf_course3=9
f_lenout=9
waku=9
f_len3=8
mf_course1=7
mf_len3=6
f_mf_courseout=5
f_len1=4
mf_len1=4
mf_len2=4
f_mf_classout=4
f_class2=4
mf_class1=4
mf_class3=4
f_mf_course1=3
f_len2=3
f_mf_course3=2
f_mf_len1=2
f_mf_len2=2
f_mf_course2=1
mf_class2=1
f_mf_classout.1=1

parameters:
[boosting: gbdt]
[objective: lambdarank]
[metric: ndcg]
[tree_learner: serial]
[device_type: cpu]
[data_sample_strategy: bagging]
[data: ]
[valid: ]
[num_iterations: 196]
[learning_rate: 0.0649432]
[num_leaves: 62]
[num_threads: 16]
[seed: 0]
[deterministic: 0]
[force_col_wise: 1]
[force_row_wise: 0]
[histogram_pool_size: -1]
[max_depth: 8]
[min_data_in_leaf: 30]
[min_sum_hessian_in_leaf: 0.001]
[bagging_fraction: 1]
[pos_bagging_fraction: 1]
[neg_bagging_fraction: 1]
[bagging_freq: 0]
[bagging_seed: 7719]
[feature_fraction: 1]
[feature_fraction_bynode: 1]
[feature_fraction_seed: 2437]
[extra_trees: 0]
[extra_seed: 11797]
[early_stopping_round: 0]
[first_metric_only: 0]
[max_delta_step: 0]
[lambda_l1: 0.00856032]
[lambda_l2: 0.00771163]
[linear_lambda: 0]
[min_gain_to_split: 0]
[drop_rate: 0.1]
[max_drop: 50]
[skip_drop: 0.5]
[xgboost_dart_mode: 0]
[uniform_drop: 0]
[drop_seed: 21238]
[top_rate: 0.2]
[other_rate: 0.1]
[min_data_per_group: 100]
[max_cat_threshold: 32]
[cat_l2: 10]
[cat_smooth: 10]
[max_cat_to_onehot: 4]
[top_k: 20]
[monotone_constraints: ]
[monotone_constraints_method: basic]
[monotone_penalty: 0]
[feature_contri: ]
[forcedsplits_filename: ]
[refit_decay_rate: 0.9]
[cegb_tradeoff: 1]
[cegb_penalty_split: 0]
[cegb_penalty_feature_lazy: ]
[cegb_penalty_feature_coupled: ]
[path_smooth: 0]
[interaction_constraints: ]
[verbosity: -1]
[saved_feature_importance_type: 0]
[use_quantized_grad: 0]
[num_grad_quant_bins: 4]
[quant_train_renew_leaf: 0]
[stochastic_rounding: 1]
[linear_tree: 0]
[max_bin: 255]
[max_bin_by_feature: ]
[min_data_in_bin: 3]
[bin_construct_sample_cnt: 200000]
[data_random_seed: 38]
[is_enable_sparse: 1]
[enable_bundle: 1]
[use_missing: 1]
[zero_as_missing: 0]
[feature_pre_filter: 1]
[pre_partition: 0]
[two_round: 0]
[header: 0]
[label_column: ]
[weight_column: ]
[group_column: ]
[ignore_column: ]
[categorical_feature: ]
[forcedbins_filename: ]
[precise_float_parser: 0]
[parser_config_file: ]
[objective_seed: 8855]
[num_class: 1]
[is_unbalance: 0]
[scale_pos_weight: 1]
[sigmoid: 1]
[boost_from_average: 1]
[reg_sqrt: 0]
[alpha: 0.9]
[fair_c: 1]
[poisson_max_delta_step: 0.7]
[tweedie_variance_power: 1.5]
[lambdarank_truncation_level: 30]
[lambdarank_norm: 1]
[label_gain: ]
[lambdarank_position_bias_regularization: 0]
[eval_at: 1,3,5]
[multi_error_top_k: 1]
[auc_mu_weights: ]
[num_machines: 1]
[local_listen_port: 12400]
[time_out: 120]
[machine_list_filename: ]
[machines: ]
[gpu_platform_id: -1]
[gpu_device_id: -1]
[gpu_use_dp: 0]
[num_gpu: 1]

end of parameters

pandas_categorical:[]
