tree
version=v4
num_class=1
num_tree_per_iteration=1
label_index=0
max_feature_idx=49
objective=lambdarank
feature_names=f_course1 f_course2 f_course3 f_courseout mf_course1 mf_course2 mf_course3 mf_courseout f_mf_course1 f_mf_course2 f_mf_course3 f_mf_courseout f_len1 f_len2 f_len3 f_lenout mf_len1 mf_len2 mf_len3 mf_classout f_mf_len1 f_mf_len2 f_mf_len3 f_mf_classout f_class1 f_class2 f_class3 f_classout mf_class1 mf_class2 mf_class3 mf_classout.1 f_mf_class1 f_mf_class2 f_mf_class3 f_mf_classout.1 time_df_course1 time_df_class1 ninki_1 result_1 time_df_course2 time_df_class2 ninki_2 result_2 time_df_course3 time_df_class3 ninki_3 result_3 waku umaban
feature_infos=[0:79] [0:58] [0:65] [0:431] [0:92] [0:69] [0:66] [0:556] [0:12] [0:8] [0:8] [0:54] [0:17] [0:11] [0:13] [0:94] [0:4] [0:9] [0:5] [0:68] [0:2] [0:5] [0:3] [0:9] [0:4] [0:4] [0:5] [0:31] [0:2] [0:3] [0:4] [0:20] [0:2] [0:3] [0:2] [0:5] [-1:0] [-1:0] [-1:180] [-1:110] [-1:0] [-1:0] [-1:180] [-1:180] [-1:0] [-1:0] [-1:180] [-1:180] [1:8] [1:18]
tree_sizes=3871 3862 3852 3851 3862 3853 3869 3867 3877 3892 3870 3869 3884 3878 3874 3890 3915 3809 3896 3905

Tree=0
num_leaves=36
num_cat=0
split_feature=39 43 42 14 47 11 46 43 47 7 49 31 32 46 49 4 48 4 38 2 38 47 39 31 15 48 38 29 7 7 39 12 4 18 6
split_gain=35.2088 16.0828 11.4082 12.8356 10.5891 6.85155 6.75396 6.36164 8.11321 7.50805 6.73187 10.3808 6.25691 5.53647 5.20931 10.6675 6.50492 5.26512 4.99443 4.53559 4.51653 8.50929 5.91174 4.63015 4.54524 4.26796 4.2591 4.14833 4.45502 7.92028 4.04593 3.6111 3.38952 3.27097 2.96158
threshold=5.5000000000000009 9.5000000000000018 11.500000000000002 1.0000000180025095e-35 8.5000000000000018 1.0000000180025095e-35 115.00000000000001 1.0000000180025095e-35 1.5000000000000002 61.000000000000007 10.500000000000002 1.0000000180025095e-35 1.0000000180025095e-35 6.5000000000000009 10.500000000000002 14.500000000000002 1.5000000000000002 8.5000000000000018 9.5000000000000018 2.5000000000000004 5.5000000000000009 3.5000000000000004 -1.0000000180025095e-35 6.5000000000000009 5.5000000000000009 7.5000000000000009 10.500000000000002 1.5000000000000002 7.5000000000000009 5.5000000000000009 7.5000000000000009 1.0000000180025095e-35 1.0000000180025095e-35 1.5000000000000002 3.5000000000000004
decision_type=2 2 2 2 2 2 2 2 2 2 2 2 2 2 2 2 2 2 2 2 2 2 2 2 2 2 2 2 2 2 2 2 2 2 2
left_child=1 6 7 13 5 31 20 -2 26 10 18 -12 -11 34 16 -16 -5 19 -10 -18 21 24 -22 32 25 -1 -9 28 29 -15 -19 -3 -24 -7 -4
right_child=2 4 3 14 -6 33 -8 8 9 12 11 -13 -14 27 15 -17 17 30 -20 -21 22 -23 23 -25 -26 -27 -28 -29 -30 -31 -32 -33 -34 -35 -36
leaf_value=0.14949235692206181 -0.18734838526845649 -0.18392424959577208 -0.11897580497478405 -0.22773191294166883 -0.18659246504655946 0.16054505277786091 -0.14980260480909377 -0.12406872093610206 -0.021167326982828253 -0.19454203908609405 -0.2083732766170194 0.065641340731112177 0.17399753254475597 -0.15423958416726263 -0.19432531543810505 0.17643765357199132 -0.13932438572442415 0.070587227426179941 0.097314236165339366 0.087957010800822591 -0.22117823749449025 -0.16937752865787023 0.075810236223683672 -0.06180713213480081 -0.057868836295868094 -0.21624257466433333 0.21128813745800618 0.084673632145864111 -0.21166257129606106 0.11163358697286881 -0.22538979182172972 0.093101270207795017 0.14823672933435991 -0.20233153826871553 0.11315610991647519
leaf_weight=7.288720488548277 2.5189588852226725 2.2958493381738649 1.4162449873983889 1.4997657276690066 5.5707624778151512 4.1675876006484032 1.6867962852120388 0.6239323690533628 8.6725742071867042 4.6086642034351817 4.3058788105845434 3.8416770808398724 0.76960647106170643 9.7039542868733442 5.1849618144333354 1.4433181323111055 1.4137484133243585 1.0565136335790151 13.238397438079117 12.765561509877442 0.74582568928598547 2.5050708055496207 14.301787901669746 2.0066668838262549 2.6302819326519966 0.47495514154434193 3.9044388830661774 0.98669435828924079 14.245192818343638 1.966917876154185 1.8005575127899645 0.95972193405032147 30.937528762966394 0.37286463007330883 1.8327112346887586
leaf_count=37 38 37 19 24 87 18 28 9 92 74 73 30 3 140 81 5 20 8 84 83 12 40 109 26 29 7 12 7 220 12 29 7 169 7 12
internal_value=0 0.0621639 -0.0482758 -0.084692 -0.0587998 0.0324782 0.0880638 -0.000766649 0.0110417 -0.00852945 0.0151184 -0.0790277 -0.140638 -0.138234 -0.02034 -0.112749 0.0126649 0.0343367 0.0503164 0.0648605 0.0947668 0.0304318 0.11197 0.117418 0.079194 0.126049 0.163961 -0.156349 -0.165719 -0.109021 -0.115294 -0.101265 0.125466 0.129051 0.0109185
internal_weight=0 75.9444 97.8003 55.3161 13.3668 7.79602 62.5776 42.4841 39.9652 35.4368 30.0585 8.14756 5.37827 30.1517 25.1644 6.62828 18.5361 17.0364 21.911 14.1793 60.8908 12.899 47.9918 47.246 10.394 7.76368 4.52837 26.9028 25.9161 11.6709 2.85707 3.25557 45.2393 4.54045 3.24896
internal_count=1688 613 1075 660 156 69 457 415 377 356 279 103 77 410 250 86 164 140 176 103 429 113 316 304 73 44 21 379 372 152 37 44 278 25 31
is_linear=0
shrinkage=0.121712


Tree=1
num_leaves=36
num_cat=0
split_feature=39 47 35 49 2 48 38 1 43 15 49 38 42 42 49 38 46 43 31 46 0 7 30 38 8 42 48 43 15 31 43 38 7 38 39
split_gain=23.2157 15.1868 16.0929 14.4729 13.3783 13.2743 12.463 10.2613 10.1252 10.0291 12.08 12.0132 9.53066 9.1658 9.01654 9.65619 13.8759 8.88351 12.7701 8.68621 8.39288 9.80849 9.85336 8.10551 7.76211 7.21052 8.75156 6.86179 15.1059 13.5511 9.37492 7.19287 6.31885 4.72005 4.62058
threshold=3.5000000000000004 1.5000000000000002 1.0000000180025095e-35 15.500000000000002 2.5000000000000004 3.5000000000000004 75.000000000000014 1.5000000000000002 7.5000000000000009 2.5000000000000004 3.5000000000000004 65.000000000000014 125.00000000000001 12.500000000000002 1.5000000000000002 12.500000000000002 6.5000000000000009 5.5000000000000009 1.0000000180025095e-35 115.00000000000001 1.5000000000000002 9.5000000000000018 1.0000000180025095e-35 45.000000000000007 1.0000000180025095e-35 85.000000000000014 6.5000000000000009 13.500000000000002 2.5000000000000004 1.0000000180025095e-35 1.5000000000000002 8.5000000000000018 22.500000000000004 125.00000000000001 8.5000000000000018
decision_type=2 2 2 2 2 2 2 2 2 2 2 2 2 2 2 2 2 2 2 2 2 2 2 2 2 2 2 2 2 2 2 2 2 2 2
left_child=3 2 4 6 9 8 12 -8 20 10 -2 -12 23 27 -10 16 -16 18 32 -17 -3 -22 -23 25 -25 26 -1 28 30 -29 -7 -30 -15 -9 -11
right_child=1 5 -4 -5 -6 13 7 33 14 34 11 -13 -14 17 15 19 -18 -19 -20 -21 21 22 -24 24 -26 -27 -28 29 31 -31 -32 -33 -34 -35 -36
leaf_value=0.0099629924647916222 -0.19080837177253143 -0.17535180215016558 0.21412922074227064 -0.2140518467096276 -0.17481654314459352 0.18914351878524899 0.11575451248120229 -0.22707132372682809 -0.14963652407310829 0.22095954016335134 0.12786018045410549 -0.18823320657334819 -0.18666106246549316 -0.0080541876480661589 0.096094371132669526 0.11868709347062621 -0.1333646571291508 -0.14182303827109313 -0.17143946999481333 -0.10770601955658476 0.14941071594727845 -0.17045704610565193 0.142768944508359 0.14839492846227084 -0.10391266286816718 0.19729084547670678 0.0885109078359093 -0.19576654720665915 -0.053433152046706886 0.14417697192798953 -0.024488299447155148 -0.21709332322829372 0.20600297914227808 0.064339219512557333 -0.11239156868552939
leaf_weight=59.935328890569508 3.8330089673399987 7.3420278783887651 6.8781894501298657 3.2322462843731037 4.9308844208717337 3.6151525676250484 2.3736685588955861 5.1244523115456104 3.6738881077617398 5.1900177784264079 8.3469065483659488 2.2303512440994373 2.3299604691565028 7.0424421913921815 7.2452986929565659 23.075969786383215 8.3881392963230592 34.080257168971002 5.9703808519989243 2.7812783541157833 3.8314297432079893 5.6503316480666399 1.9825333543121813 20.463478377088908 1.9474334511905897 4.3728054892271748 32.420964140444994 2.2666688635945302 7.2991264555603292 7.0860769860446453 18.401758342981339 8.9341319408267719 2.835083793848753 0.94960210472345341 0.66887561976909626
leaf_count=183 18 50 12 34 50 11 14 18 53 7 28 20 16 44 30 74 67 338 51 28 19 43 9 41 6 11 84 24 62 23 118 87 5 5 5
internal_value=0 -0.0269059 0.0495144 0.0391146 0.00428078 -0.0421089 0.0454803 -0.0971237 0.000933136 0.0481746 -0.00629851 0.0606116 0.0554419 -0.0703628 0.0322241 0.0484877 -0.0268523 -0.106809 -0.0312117 0.0941324 -0.0739945 -0.00855951 -0.0884937 0.0602438 0.126237 0.0448915 0.0375868 -0.0320342 -0.0549216 0.0611408 0.0106504 -0.143903 0.0534935 -0.180945 0.182052
internal_weight=0 193.58 32.0782 133.15 25.2 161.502 129.918 8.44772 63.9709 20.2692 14.4103 10.5773 121.47 97.5311 45.1646 41.4907 15.6334 49.9282 15.8479 25.8572 18.8063 11.4643 7.63287 119.14 22.4109 96.7291 92.3563 47.6029 38.2502 9.35275 22.0169 16.2333 9.87753 6.07405 5.85889
internal_count=1688 1276 140 412 128 1136 378 37 373 78 66 48 341 763 252 199 97 438 100 102 121 71 52 325 47 278 267 325 278 47 129 149 49 23 12
is_linear=0
shrinkage=0.121712


Tree=2
num_leaves=36
num_cat=0
split_feature=47 38 39 42 22 46 39 16 3 27 35 15 49 46 46 2 38 48 46 5 2 0 38 48 39 46 0 43 47 47 43 48 15 47 14
split_gain=21.1672 13.6507 9.28643 10.8681 11.7306 8.84927 10.0218 9.38787 8.56095 9.22641 6.0857 10.372 10.369 4.91422 7.10307 8.78389 6.2744 6.33446 4.86562 4.80789 4.58732 4.47648 4.43253 4.37586 4.161 9.75722 5.56591 4.01309 4.30248 3.94289 3.83912 3.45846 3.35475 3.33303 3.15668
threshold=3.5000000000000004 5.5000000000000009 4.5000000000000009 13.500000000000002 1.0000000180025095e-35 10.500000000000002 1.5000000000000002 2.5000000000000004 2.5000000000000004 4.5000000000000009 1.0000000180025095e-35 18.500000000000004 12.500000000000002 15.500000000000002 7.5000000000000009 6.5000000000000009 155.00000000000003 7.5000000000000009 1.5000000000000002 11.500000000000002 15.500000000000002 1.0000000180025095e-35 105.00000000000001 1.5000000000000002 1.5000000000000002 25.000000000000004 6.5000000000000009 13.500000000000002 15.500000000000002 9.5000000000000018 10.500000000000002 2.5000000000000004 6.5000000000000009 12.500000000000002 5.5000000000000009
decision_type=2 2 2 2 2 2 2 2 2 2 2 2 2 2 2 2 2 2 2 2 2 2 2 2 2 2 2 2 2 2 2 2 2 2 2
left_child=10 18 5 13 27 30 7 -7 -8 -10 11 12 22 14 29 -16 17 -15 -2 -14 32 -21 24 33 25 -1 -26 28 -5 -4 -3 -13 -6 -20 -29
right_child=1 2 3 4 20 6 8 -9 9 -11 -12 31 19 16 15 -17 -18 -19 23 21 -22 -23 -24 -25 26 -27 -28 34 -30 -31 -32 -33 -34 -35 -36
leaf_value=0.04958296599747581 0.079676095071498476 0.15691560230647253 0.078113067508443421 -0.093009322511519846 -0.1719175653111582 -0.14881897501018854 -0.17849121520058411 0.21698092901326707 0.079724623185842225 -0.19752402278716755 0.1328517051824849 0.040974191098698674 -0.15317273573812173 0.13074262515267504 -0.022727607774017271 -0.19662304678321754 -0.23544305757581818 -0.20137244346799699 -0.15643563191319576 -0.20875099188915405 -0.20173775648405931 0.094635448107617773 -0.12523773825184273 -0.17364213069581572 0.097701498188760602 -0.20701734682003584 -0.069480511891841817 -0.17575415135580932 0.055768364985116947 -0.038800078848333433 -0.096025889040962459 -0.14584042995187174 0.16845622379267358 0.19650310288089878 0.11501657638286346
leaf_weight=24.644145300611857 1.4436564333736921 8.8774615749716723 12.760360741987826 26.489382373169068 0.44672252982854743 8.5129179246723616 2.4212690200656679 1.1525038890540606 24.166830962523822 1.8875645846128453 10.125463433563707 1.9034944400191296 5.1902478467673046 9.2236868962645477 21.39201527833939 5.3795268405228844 0.8667427599430092 0.90569565817713815 0.67681472375988849 0.90843683481216464 0.6604202203452586 3.0729621909558773 1.8233448583632696 13.639195468276737 44.601776152849197 2.3793204352259627 3.118647262454032 11.158876150846478 3.1860327217727891 6.3589893970638505 0.95403772406280118 5.9399740174412727 4.1832909397780895 0.87023709714412689 0.55111097544431764
leaf_count=77 9 18 58 286 7 55 16 2 101 13 30 16 52 27 142 65 2 12 11 5 8 9 21 155 161 10 26 141 27 40 10 58 12 3 3
internal_value=0 -0.0266684 -0.0151472 -0.0356638 -0.079173 0.0290775 0.00242702 -0.1044 0.0388569 0.0593369 0.0432392 0.0334753 0.0457617 5.03816e-06 -0.0174625 -0.057948 0.0730308 0.100288 -0.131275 -0.0762283 0.0908349 0.0237103 0.0604352 -0.151631 0.0650488 0.0266919 0.08668 -0.101023 -0.0768998 0.0390747 0.13187 -0.100145 0.134154 0.0401914 -0.161579
internal_weight=0 168.165 151.535 103.563 46.6758 47.9726 38.1411 9.66542 28.4757 26.0544 103.708 93.5823 85.7389 56.887 45.8909 26.7715 10.9961 10.1294 16.6299 9.17165 5.29043 3.9814 76.5672 15.1862 74.7439 27.0235 47.7204 41.3854 29.6754 19.1194 9.8315 7.84347 4.63001 1.54705 11.71
internal_count=1688 1223 1045 830 484 215 187 57 130 114 465 435 361 346 305 207 41 39 178 66 27 14 295 169 274 87 187 457 313 98 28 74 19 14 144
is_linear=0
shrinkage=0.121712


Tree=3
num_leaves=36
num_cat=0
split_feature=43 42 4 3 6 49 46 38 39 46 13 7 46 6 47 0 3 49 15 35 47 39 42 48 3 7 0 42 38 9 15 39 46 17 38
split_gain=13.8636 8.44421 5.595 6.01492 14.9922 5.93101 5.92803 5.39862 6.91945 7.21807 7.16299 6.8613 6.0711 6.44054 6.51273 5.62555 7.10797 5.27241 5.12888 4.89296 5.53183 4.75582 4.40586 4.33041 4.28912 7.29532 6.64619 11.6841 4.81875 4.24461 4.7357 4.17888 4.03702 3.94975 3.77096
threshold=3.5000000000000004 35.000000000000007 8.5000000000000018 1.0000000180025095e-35 1.0000000180025095e-35 7.5000000000000009 25.000000000000004 9.5000000000000018 10.500000000000002 95.000000000000014 5.0000000000000009 214.50000000000003 75.000000000000014 4.5000000000000009 3.5000000000000004 5.5000000000000009 127.50000000000001 3.5000000000000004 1.5000000000000002 1.0000000180025095e-35 8.5000000000000018 1.5000000000000002 95.000000000000014 3.5000000000000004 6.5000000000000009 40.000000000000007 5.5000000000000009 9.5000000000000018 45.000000000000007 1.0000000180025095e-35 2.5000000000000004 5.5000000000000009 35.000000000000007 2.5000000000000004 11.500000000000002
decision_type=2 2 2 2 2 2 2 2 2 2 2 2 2 2 2 2 2 2 2 2 2 2 2 2 2 2 2 2 2 2 2 2 2 2 2
left_child=1 2 3 4 6 -6 -1 12 9 11 -11 19 13 14 31 18 17 -17 32 -9 -21 -4 -14 -19 25 -5 27 -26 -28 -3 -31 -2 34 -23 -10
right_child=7 29 21 24 5 -7 -8 8 15 10 -12 -13 22 -15 -16 16 -18 23 -20 20 -22 33 -24 -25 26 -27 28 -29 -30 30 -32 -33 -34 -35 -36
leaf_value=-0.18693506498476103 0.12450402864083612 -0.08042442643168872 -0.14211712199219945 0.14666920778435022 0.15609650768666347 -0.18938834470571161 0.17216334139217149 0.0203263510509341 -0.17955948627362439 -0.13874532820092222 0.084720576258277697 -0.16207857602969278 0.18222603917755048 -0.19524591034648001 -0.090399378203434827 -0.19156307440982115 -0.11814395018612234 0.14396990847197752 -0.15148294975290483 0.14189607272356183 -0.17992833300292482 -0.051143112549271702 -0.1864700907828821 0.0065950918786862808 -0.1822391271334135 -0.23378649659813711 0.13190443660403942 0.072362224770586736 -0.13678734251424784 0.18647553731616262 -0.070103524967697478 -0.061282170879949499 -0.16904133079457354 0.14506763801186914 0.016347070115812386
leaf_weight=5.3538734670728427 4.1562900170683923 11.354787399992345 3.4832237865775806 19.988851765170697 6.4165799990296364 0.79994386434555043 0.749070145189762 58.626698089763522 1.651116862893107 8.0594470128416997 2.8435997050255528 2.7275922410190097 2.2731738463044162 5.7488893792033187 18.915436115115881 1.2675068452954317 5.4930931515991679 5.887288123369216 10.286428105086086 8.9031501971185172 0.83673933893442232 3.3938271570950747 0.57529165968298901 8.1111728213727456 3.8587398584932115 0.74559016525745292 14.004234360530971 8.4975281134247762 1.0309551805257786 2.1695631369948378 2.026477538049221 3.092763951048255 2.88938358798623 2.6919512636959553 10.831932410597799
leaf_count=24 15 92 19 55 14 8 2 327 18 100 14 16 4 67 234 15 66 14 133 29 11 30 10 63 34 3 57 34 13 5 17 27 48 8 62
internal_value=0 0.0393643 0.0571676 0.0706598 -0.00150962 0.116814 -0.141799 -0.0208859 -0.00933484 0.0118941 -0.0801271 0.0260737 -0.0634308 -0.0786938 -0.0527925 -0.0468838 9.31709e-05 0.0429679 -0.0849637 0.0336862 0.113514 -0.0291161 0.105656 0.0647511 0.0906841 0.132552 0.0587818 -0.00713994 0.113067 -0.0417044 0.0622175 0.0449035 -0.0400683 0.0354309 -0.00967108
internal_weight=0 86.5652 71.0144 61.4454 13.3195 7.21652 6.10294 163.177 128.415 81.9972 10.903 71.0942 34.7618 31.9134 26.1645 46.4179 20.7591 15.266 25.6589 68.3666 9.73989 9.569 2.84847 13.9985 48.1259 20.7344 27.3915 12.3563 15.0352 15.5508 4.19604 7.24905 15.3724 6.08578 12.483
internal_count=1688 415 301 244 48 22 26 1273 916 497 114 383 357 343 276 419 158 92 261 367 40 57 14 77 196 58 138 68 70 114 22 42 128 38 80
is_linear=0
shrinkage=0.121712


Tree=4
num_leaves=36
num_cat=0
split_feature=39 43 19 38 43 20 49 42 0 38 39 49 48 27 39 33 46 47 19 42 3 0 15 49 4 2 47 38 18 14 38 14 7 43 0
split_gain=12.3662 9.84359 5.40606 5.23738 4.7177 4.80251 4.40421 4.27752 7.12818 4.72349 4.1744 4.85425 4.09829 4.15812 4.03165 3.81654 3.74195 3.52455 3.4709 3.43479 3.00075 5.00827 4.98842 5.40838 3.84321 3.42728 2.93941 2.26908 1.26431 1.19979 1.19614 1.08649 1.00139 0.913927 0.566593
threshold=3.5000000000000004 9.5000000000000018 17.500000000000004 75.000000000000014 15.500000000000002 1.5000000000000002 15.500000000000002 85.000000000000014 12.500000000000002 9.5000000000000018 9.5000000000000018 1.5000000000000002 2.5000000000000004 2.5000000000000004 4.5000000000000009 1.0000000180025095e-35 4.5000000000000009 2.5000000000000004 3.5000000000000004 6.5000000000000009 12.500000000000002 1.0000000180025095e-35 1.0000000180025095e-35 10.500000000000002 5.5000000000000009 30.500000000000004 2.5000000000000004 115.00000000000001 1.0000000180025095e-35 5.5000000000000009 155.00000000000003 1.0000000180025095e-35 48.500000000000007 16.500000000000004 21.000000000000004
decision_type=2 2 2 2 2 2 2 2 2 2 2 2 2 2 2 2 2 2 2 2 2 2 2 2 2 2 2 2 2 2 2 2 2 2 2
left_child=1 3 30 6 5 7 20 9 14 16 11 -11 31 -14 27 29 26 -5 -18 -12 22 -22 23 -1 -24 -23 -2 -9 -4 -6 32 -10 -3 -34 -30
right_child=4 2 28 17 15 -7 -8 8 12 10 19 -13 13 -15 -16 -17 18 -19 -20 -21 21 25 24 -25 -26 -27 -28 -29 34 -31 -32 -33 33 -35 -36
leaf_value=0.061332219680049989 -0.1430245637131802 -0.17573765595339627 0.1804603051921195 0.10002778052192415 -0.14955646717395846 -0.22066798793335204 -0.16218605893284324 -0.072642210145665409 -0.0066881464613353925 -0.16561687643917497 -0.16927136871009638 0.038574923502792374 0.091134631011770301 -0.16294349801282301 -0.16001044082160135 0.11823024371415251 -0.049593402773300113 -0.17274111431261266 -0.17202780653438129 -0.011938979279712532 -0.16512767974138884 0.029874952582847846 0.14606938275024012 -0.18156748942051129 -0.083202769071032856 0.14219657773653946 0.047449713171817155 0.16622907838371057 -0.14261161598056044 0.072980835231627142 0.117857237897872 0.20198172886060164 -0.10693066177696754 0.13363479379347265 0.1094299603912315
leaf_weight=16.846365783363584 1.3970445655286328 4.9284128509461871 1.0890446007251737 0.9459183625876898 7.106765326112507 1.6441793888807286 1.2760741282254446 1.5902322120964556 0.42066985927522127 1.7545154616236676 2.1459469348192206 49.929826445877552 1.8054687455296519 1.9491499401628969 9.3568214196711761 0.93375589698553074 14.95089157857001 2.4323027264326811 4.4919459521770468 39.643814477138221 1.7023868970572937 26.126990620046858 17.292397741228346 1.4450364634394635 1.121183469891547 4.766115089878439 7.4844583235681057 0.89534980058670033 0.32101067900657643 0.34379836171865452 0.22245512902736653 1.9210443869233129 0.90061757713556267 0.27839228510856628 0.1761162281036377
leaf_count=58 16 64 2 4 107 9 22 18 6 16 32 263 9 27 147 4 163 20 75 325 15 126 44 16 9 12 52 2 5 2 1 3 12 1 1
internal_value=0 0.038028 -0.0906179 0.0518668 -0.0207916 -0.0154953 0.0589879 -0.0130167 -0.0684688 -0.00481165 0.00835822 0.0315011 0.0379855 -0.0402154 -0.123479 -0.109405 -0.0483434 -0.095307 -0.0782362 -0.0201957 0.0631664 0.0360893 0.0870863 0.0417359 0.131845 0.0474111 0.0168053 0.0131181 0.10788 -0.138661 -0.141076 0.163614 -0.151478 -0.0459184 -0.0466454
internal_weight=0 81.8708 7.91605 73.9548 149.766 141.381 70.5766 139.737 17.9387 121.798 93.4741 51.6843 6.09633 3.75462 11.8424 8.38432 28.3243 3.37822 19.4428 41.7898 69.3005 32.5955 36.705 18.2914 18.4136 30.8931 8.8815 2.48558 1.58617 7.45056 6.32988 2.34171 6.10742 1.17901 0.497127
internal_count=1688 412 86 326 1276 1163 302 1154 212 942 636 279 45 36 167 113 306 24 238 357 280 153 127 74 53 138 68 20 8 109 78 9 77 13 6
is_linear=0
shrinkage=0.121712


Tree=5
num_leaves=36
num_cat=0
split_feature=43 48 47 13 38 47 17 13 18 7 2 43 2 43 49 42 27 18 2 3 2 46 38 39 0 6 7 42 27 24 16 18 25 7 49
split_gain=9.82775 5.40554 6.01158 5.01824 5.07523 4.81415 4.31564 3.95235 5.2115 4.3164 5.97164 4.71185 4.6681 3.94042 3.85041 3.84789 3.61316 3.38946 3.69682 5.36997 3.4522 3.78934 3.74934 3.36787 3.33865 3.80295 4.5561 5.31849 3.25615 4.57529 3.06065 2.98303 2.91155 2.90389 2.74817
threshold=6.5000000000000009 4.5000000000000009 1.5000000000000002 1.5000000000000002 12.500000000000002 13.500000000000002 4.5000000000000009 6.5000000000000009 1.5000000000000002 5.5000000000000009 4.5000000000000009 9.5000000000000018 6.5000000000000009 13.500000000000002 5.5000000000000009 65.000000000000014 4.5000000000000009 2.5000000000000004 1.0000000180025095e-35 8.5000000000000018 1.5000000000000002 3.5000000000000004 7.5000000000000009 16.500000000000004 10.500000000000002 1.0000000180025095e-35 10.500000000000002 10.500000000000002 3.5000000000000004 1.0000000180025095e-35 1.5000000000000002 4.5000000000000009 1.0000000180025095e-35 53.000000000000007 8.5000000000000018
decision_type=2 2 2 2 2 2 2 2 2 2 2 2 2 2 2 2 2 2 2 2 2 2 2 2 2 2 2 2 2 2 2 2 2 2 2
left_child=3 7 13 5 6 17 16 8 9 12 11 -11 -2 32 -14 -12 -5 18 19 30 22 -22 -20 -10 25 26 -4 -28 29 -26 -1 -19 -3 -31 -18
right_child=1 2 24 4 -6 -7 -8 -9 23 10 15 -13 14 -15 -16 -17 34 31 20 -21 21 -23 -24 -25 28 -27 27 -29 -30 33 -32 -33 -34 -35 -36
leaf_value=0.037734686963801896 -0.098286318218555699 0.12046443115160128 -0.086094241137606525 -0.095281686604927349 -0.086461996510667577 -0.14748434293589976 0.1581602161651848 0.11959142086593492 -0.15591838311181475 -0.036549973223306435 -0.14647257574147807 0.083263685115770633 -0.11400817590656169 -0.13569006848483442 0.13604035760879277 0.029113592170694511 0.11013188884186254 -0.12625553332670775 -0.028247317831890155 -0.14724790067292862 0.10973361960366418 0.017982357893183257 0.1317027293537115 0.1364328739053523 -0.077810105369875676 -0.13672183695580511 0.18668918538103937 -0.11616387146121118 -0.10639022670213695 -0.17173654349578091 -0.19048583469260597 0.060692804135004906 -0.17118145423524572 0.17187549067672434 -0.085901672828950212
leaf_weight=28.356980289332576 9.9939841106533986 5.136187642812728 12.673788428306585 4.2330598607659358 10.818212717771528 1.9984687920659769 2.8502788096666327 3.7098543979227534 4.8921344839036456 6.3763755634427097 4.1675569452345362 19.886602694168687 1.3121270947158326 1.3698411677032707 2.7931419685482979 3.2495115473866463 3.7760011553764343 3.1788953915238372 2.4650080017745521 2.7176544331014147 9.3552455641329271 23.471382234245539 16.083754848688841 0.62992919608950604 2.6615331228822452 15.4832197278738 2.1823022961616512 1.3693517828360198 3.4030132386833429 0.38105894997715983 0.86710105463862319 2.0415454506874084 0.53008527308702458 3.1214475519955158 1.4284557551145551
leaf_count=161 113 20 163 38 103 30 6 17 70 45 45 108 16 15 10 22 13 37 14 29 42 131 51 2 33 233 3 18 44 6 8 15 6 7 14
internal_value=0 -0.0267807 -0.0567229 0.0248207 -0.0257082 0.0377528 0.027615 -0.00134043 -0.0098706 0.00303494 0.0267606 0.0540543 -0.0533731 0.0468643 0.0551782 -0.069329 -0.0118491 0.0420122 0.0479944 0.015342 0.0682189 0.0442908 0.110277 -0.121522 -0.074472 -0.0934845 -0.0518808 0.0691052 -0.0110624 0.0413314 0.030688 -0.0526507 0.0919614 0.1326 0.0555937
internal_weight=0 105.323 48.3118 113.642 23.106 90.536 12.2878 57.0112 53.3014 47.7793 33.68 26.263 14.0993 7.03611 4.10527 7.41707 9.43752 88.5376 83.3171 31.9417 51.3754 32.8266 18.5488 5.52206 41.2757 31.7087 16.2254 3.55165 9.56705 6.16404 29.2241 5.22044 5.66627 3.50251 5.20446
internal_count=1688 996 548 692 174 518 71 448 431 359 220 153 139 41 26 67 65 488 436 198 238 173 65 72 507 417 184 21 90 46 169 52 26 13 27
is_linear=0
shrinkage=0.121712


Tree=6
num_leaves=36
num_cat=0
split_feature=39 49 47 7 13 8 17 42 22 46 24 42 38 47 5 5 20 46 13 6 46 15 31 3 35 31 7 1 7 46 5 2 7 47 4
split_gain=7.81105 5.86498 5.52187 4.9614 7.95556 4.41344 3.46472 3.45143 4.34658 4.26075 3.2987 3.16789 3.3194 3.3282 2.75662 4.21731 3.07812 2.69493 2.56163 3.12434 2.89401 2.7471 3.62141 3.06322 2.42877 2.39328 3.2251 2.37821 2.35123 2.2265 2.21167 2.1435 2.1361 1.76338 1.74629
threshold=5.5000000000000009 10.500000000000002 1.5000000000000002 10.500000000000002 3.5000000000000004 1.5000000000000002 1.0000000180025095e-35 55.000000000000007 1.0000000180025095e-35 15.500000000000002 1.0000000180025095e-35 125.00000000000001 9.5000000000000018 9.5000000000000018 6.5000000000000009 3.5000000000000004 1.0000000180025095e-35 12.500000000000002 1.5000000000000002 1.0000000180025095e-35 105.00000000000001 1.0000000180025095e-35 1.0000000180025095e-35 7.5000000000000009 1.0000000180025095e-35 2.5000000000000004 31.500000000000004 2.5000000000000004 7.5000000000000009 85.000000000000014 17.500000000000004 31.500000000000004 53.000000000000007 2.5000000000000004 2.5000000000000004
decision_type=2 2 2 2 2 2 2 2 2 2 2 2 2 2 2 2 2 2 2 2 2 2 2 2 2 2 2 2 2 2 2 2 2 2 2
left_child=11 3 24 7 6 34 25 9 -9 10 17 12 13 -1 15 -8 -16 -2 20 -20 21 22 -14 -23 -3 29 -27 -11 -29 -5 -21 -4 -33 -22 -6
right_child=1 2 31 4 5 -7 14 8 -10 27 -12 -13 18 -15 16 -17 -18 -19 19 30 33 23 -24 -25 -26 26 -28 28 -30 -31 -32 32 -34 -35 -36
leaf_value=0.0085021052318834649 0.036010230594509286 -0.024679985161284366 -0.10593823875799875 -0.16081915617846998 -0.084253924751474765 -0.15250950779203998 -0.15187552841391685 -0.12324773240029245 0.089734804685723146 0.13949374497849867 -0.15434724401717814 -0.10956642596223318 -0.027424898464848382 -0.1163621475812751 -0.096060506524524386 0.10482931211183429 0.12357217444883027 -0.099439516039807899 -0.16430328191562502 0.030730485270287558 0.12825428047380336 0.11896229535739541 0.099151217590601748 0.048968375813341423 0.15554283101669381 0.13936062926227441 -0.10414901807043365 -0.086505759374957386 0.15503591172666442 -0.027727296393862868 -0.16333723672351622 -0.16178276253018797 0.14676469679350357 -0.142414032535984 0.11039081685798539
leaf_weight=22.225370451807979 22.026260025799282 2.561631295830014 21.17059084773064 9.5905203595757502 0.71468987315892984 1.2238459698855866 1.2044586800038803 4.6108123362064353 2.0062343142926693 7.4235561899840814 1.6373176984488953 2.5057041868567458 10.183493455871938 3.6538021173328152 7.276621585711835 4.0242804065346718 1.0505850799381731 2.3784274123609057 1.5911931041628111 11.250019468367096 0.41660436987876837 14.863906513899563 4.9437684044241896 25.346884084865451 1.8865427449345586 1.2037365436553948 2.2879634294658899 1.593041740357876 0.91687260568141926 2.3945211451500645 0.91218226775527078 0.4620567001402367 0.98513409122824669 1.6758343074470756 7.3639041800051928
leaf_count=142 141 29 324 115 8 19 18 73 11 25 23 39 62 64 98 22 5 27 21 63 2 43 22 117 4 6 31 13 3 31 12 8 5 26 36
internal_value=0 -0.0226685 -0.0716938 -0.00621682 -0.0379968 0.0596602 -0.0694158 0.0223235 -0.0581248 0.0372358 0.0112009 0.024586 0.0281099 -0.00911932 -0.0241345 0.044646 -0.0676798 0.022591 0.0416843 -0.00529435 0.0529831 0.0583382 0.0138533 0.0749791 0.0515886 -0.108773 -0.0189268 0.104973 0.00130047 -0.134599 0.0155945 -0.0961029 0.0450639 -0.0861606 0.0925781
internal_weight=0 107.994 27.066 80.9276 38.3351 9.30244 29.0327 42.5925 6.61705 35.9755 26.042 99.5688 97.0631 25.8792 13.5559 5.22874 8.32721 24.4047 71.1839 13.7534 57.4305 55.3381 15.1273 40.2108 4.44817 15.4767 3.4917 9.93347 2.50991 11.985 12.1622 22.6178 1.44719 2.09244 8.07859
internal_count=1688 1075 370 705 389 63 326 316 84 232 191 613 574 206 143 40 103 168 368 96 272 244 84 160 33 183 37 41 16 146 75 337 13 28 44
is_linear=0
shrinkage=0.121712


Tree=7
num_leaves=36
num_cat=0
split_feature=43 49 47 39 18 1 7 49 39 43 3 0 49 5 47 42 10 27 1 38 19 49 31 31 47 17 49 42 4 3 14 0 35 42 15
split_gain=6.57852 3.60722 2.69351 7.83192 2.66955 4.59322 2.75207 3.85052 5.01125 2.80884 2.77186 2.71851 2.68907 2.42061 2.39547 2.94145 2.2364 2.41074 2.35696 2.79739 2.18818 2.17296 2.11992 2.14865 2.07616 2.46418 1.97781 1.9233 3.32627 2.21609 2.70435 1.8988 1.88828 1.50573 1.4801
threshold=6.5000000000000009 16.500000000000004 7.5000000000000009 3.5000000000000004 1.5000000000000002 18.500000000000004 5.5000000000000009 7.5000000000000009 15.500000000000002 7.5000000000000009 34.500000000000007 8.5000000000000018 10.500000000000002 2.5000000000000004 1.5000000000000002 45.000000000000007 1.0000000180025095e-35 10.500000000000002 5.5000000000000009 35.000000000000007 15.500000000000002 1.5000000000000002 6.5000000000000009 2.5000000000000004 6.5000000000000009 1.0000000180025095e-35 15.500000000000002 45.000000000000007 8.5000000000000018 84.000000000000014 1.0000000180025095e-35 8.5000000000000018 1.0000000180025095e-35 55.000000000000007 27.000000000000004
decision_type=2 2 2 2 2 2 2 2 2 2 2 2 2 2 2 2 2 2 2 2 2 2 2 2 2 2 2 2 2 2 2 2 2 2 2
left_child=2 4 16 13 6 -6 10 8 21 34 14 12 -12 -4 15 -2 24 18 19 31 -11 -8 23 -7 27 -26 -16 29 -29 32 -31 -18 -1 -30 -9
right_child=1 -3 3 -5 5 22 7 9 -10 20 11 -13 -14 -15 26 -17 17 -19 -20 -21 -22 -23 -24 -25 25 -27 -28 28 33 30 -32 -33 -34 -35 -36
leaf_value=0.041925134173328854 0.12377446211870764 -0.16182023436319204 0.091013126427684332 -0.10940420764117528 -0.14119875825416386 -0.15580928848012021 -0.07807520448471432 0.13468179974570443 -0.14061158988198438 -0.077754334410070514 0.094240661324740779 -0.10040036400494327 -0.12280045022811431 -0.045793124589677124 -0.098620719176794977 -0.15923582547679277 -0.13615964815900994 0.066131763170308694 -0.15750323427792923 0.1235556792425464 0.038104110959442737 0.050384659608938565 -0.1619638120695546 0.11888382460585166 0.13218237757510906 -0.080636695751653081 0.059960966036129777 -0.059706027357412927 -0.077382086862832128 -0.18795931080750808 0.011382784682184597 0.15306118297096033 0.14555421987939815 0.12111595012865319 -0.15401070373042069
leaf_weight=49.848074918612838 1.8052205070853298 2.6965413074940434 6.8491046894341725 8.1645144876092655 6.3399689048528654 0.47221817076206285 2.0479662641882923 1.769691940397027 2.3674755655229083 13.510673871263863 5.0188583489507419 2.1581028588116169 0.98048562929034222 2.6040933784097433 15.021432908251882 0.74106719531118859 2.0002102106809607 2.8370140455663204 2.5666158758103848 1.4661960080265997 2.8842433225363484 29.33067961782217 0.66455011628568161 2.5237630568444729 5.669736646115779 0.90165623277425755 1.2209531590342528 7.7828613612800819 0.66543444618582759 1.2451769523322571 4.7306103315204382 0.37011891603469838 2.7559885121881953 2.8481961898505688 0.27535261958837498
leaf_count=262 8 65 32 119 109 11 25 9 35 183 32 27 19 20 208 11 22 14 31 6 23 188 13 12 19 11 13 79 9 10 36 1 8 13 5
internal_value=0 -0.0236991 0.0210671 -0.0221533 -0.0194384 -0.0786539 -0.0118927 0.0043695 0.0288525 -0.0402522 -0.0434687 0.0154461 0.057878 0.0529925 -0.0691891 0.0394339 0.029992 -0.0263187 -0.0678471 -0.00640434 -0.0571629 0.0418452 0.0291218 0.0735798 0.0368438 0.102319 -0.086437 0.030606 -0.0151584 0.0394844 -0.0303413 -0.0885208 0.0474843 0.0823794 0.0928472
internal_weight=0 91.8292 103.306 17.6177 89.1327 10.0005 79.1322 52.1861 33.7461 18.44 26.9461 8.15745 5.99934 9.4532 18.7887 2.54629 85.6879 9.24016 6.40314 3.83653 16.3949 31.3786 3.66053 2.99598 76.4477 6.57139 16.2424 69.8763 11.2965 58.5799 5.97579 2.37033 52.6041 3.51363 2.04504
internal_count=1688 996 692 171 931 145 786 468 248 220 318 78 51 52 240 19 521 74 60 29 206 213 36 23 447 30 221 417 101 316 46 23 270 22 14
is_linear=0
shrinkage=0.121712


Tree=8
num_leaves=36
num_cat=0
split_feature=47 38 46 39 47 31 5 3 10 15 20 39 43 46 46 48 46 30 46 47 39 15 9 39 7 46 38 47 1 46 48 46 49 38 2
split_gain=4.69706 3.87249 3.0582 3.49854 2.50431 3.79019 2.74767 2.62664 2.58795 2.58111 2.28482 2.1986 2.15883 2.0698 2.11693 2.95289 2.10672 2.43038 2.36046 2.06252 2.09179 2.09224 2.95748 1.89933 1.92894 1.88417 1.87969 2.03383 1.85645 1.66522 1.62247 1.59543 1.38334 1.35183 1.27725
threshold=3.5000000000000004 3.5000000000000004 6.5000000000000009 4.5000000000000009 12.500000000000002 1.5000000000000002 1.0000000180025095e-35 23.500000000000004 1.0000000180025095e-35 2.5000000000000004 1.5000000000000002 10.500000000000002 9.5000000000000018 45.000000000000007 95.000000000000014 1.5000000000000002 5.5000000000000009 1.5000000000000002 3.5000000000000004 13.500000000000002 17.500000000000004 8.5000000000000018 1.5000000000000002 1.0000000180025095e-35 84.500000000000014 1.5000000000000002 95.000000000000014 1.0000000180025095e-35 5.5000000000000009 25.000000000000004 1.5000000000000002 85.000000000000014 12.500000000000002 95.000000000000014 1.5000000000000002
decision_type=2 2 2 2 2 2 2 2 2 2 2 2 2 2 2 2 2 2 2 2 2 2 2 2 2 2 2 2 2 2 2 2 2 2 2
left_child=10 30 19 12 7 6 -6 8 -5 -9 11 13 23 16 15 -15 18 33 32 20 21 28 -23 -4 -25 -13 27 -27 -3 -14 34 -28 -1 -18 -2
right_child=1 2 3 4 5 -7 -8 9 -10 -11 -12 25 29 14 -16 -17 17 -19 -20 -21 -22 22 -24 24 -26 26 31 -29 -30 -31 -32 -33 -34 -35 -36
leaf_value=0.031302306639855039 -0.13610794242303814 0.031315155065539273 -0.14436554517040792 -0.10647256420949636 -0.042994583513767178 -0.12823461355487495 0.051030884891828332 0.085846517263748937 0.055405800600690822 -0.042790890078878603 -0.17735194740537988 -0.16368751845528373 -0.16283176620722073 0.15972131366052467 0.082124902237434447 -0.11316111824012084 0.07434424723085295 -0.16845308919075766 -0.13690170534589519 -0.10304048595167915 0.18048185304529352 -0.18695515615128744 0.073620413718258185 0.051686420899028994 -0.030761518460776637 0.15789249098593247 0.1225301997397861 -0.080422836342919329 0.1533520383854175 -0.0090763762685460228 -0.14059456575957802 -0.14733216567148053 -0.13572583193253335 -0.13526678605617942 0.15402498148704566
leaf_weight=24.829704422503717 0.34268898889422317 10.379727048799397 0.88125688023865834 15.365274723619224 7.3346963571384611 3.1243298705667248 12.192391142249106 2.6168489065021303 1.5746185742318619 17.77184178493917 0.7896389365196218 1.3087294176220874 1.5626311525702465 0.65480494499206443 1.752887390553951 3.9984423816204071 27.55235428921879 0.61024298891425033 1.3518264852464188 1.4283200092613686 1.5701869130134589 1.3678526245057594 1.1585971415042875 19.836922038346533 5.2641658205538979 0.57376849651336659 2.0595370195806031 4.1921133901923895 2.2563433386385432 3.1764139924198389 4.8184935562312603 0.35083743650466193 0.72395160607993503 0.42912312038242717 0.53008463978767395
leaf_count=134 8 69 14 240 107 59 110 19 12 235 6 24 27 1 13 39 132 8 15 19 3 15 5 102 46 1 10 54 7 33 91 9 11 8 2
internal_value=0 -0.0152559 -0.010095 -0.0192453 -0.0363609 -0.00428368 0.0155519 -0.0557292 -0.0911858 -0.0260419 0.0245493 0.0269251 0.0140778 0.0349113 -0.0302244 -0.0734119 0.0424945 0.0655236 0.0178703 0.035402 0.0475465 0.0332813 -0.0668047 0.0279439 0.0342635 -0.030917 -0.00575705 -0.0503687 0.0536277 -0.0610463 -0.112931 0.0808118 0.0263129 0.0708935 0.0361517
internal_weight=0 114.554 108.862 90.7014 59.98 22.6514 19.5271 37.3286 16.9399 20.3887 71.178 70.3883 30.7214 61.9033 6.40613 4.65325 55.4972 28.5917 26.9055 18.161 16.7327 15.1625 2.52645 25.9823 25.1011 8.48499 7.17626 4.76588 12.6361 4.73905 5.69127 2.41037 25.5537 27.9815 0.872774
internal_count=1688 1223 1122 1004 782 276 217 506 252 254 465 459 222 361 53 40 308 148 160 118 99 96 20 162 148 98 74 55 76 60 101 19 145 140 10
is_linear=0
shrinkage=0.121712


Tree=9
num_leaves=36
num_cat=0
split_feature=47 48 12 19 6 7 19 31 49 4 43 39 42 6 47 43 46 43 46 38 38 49 46 35 10 49 5 47 48 7 27 2 42 39 3
split_gain=4.07685 3.59378 3.11693 3.22756 3.45683 3.03993 3.34765 2.77811 2.54331 2.65271 2.3536 3.52995 2.4602 2.3382 2.30268 2.68785 2.48362 2.25459 2.11782 1.97957 2.33133 2.72569 1.96988 1.93083 2.21121 1.86786 2.20765 1.88212 1.81351 1.69744 3.17674 2.70908 1.62476 1.57712 1.48655
threshold=3.5000000000000004 5.5000000000000009 1.0000000180025095e-35 1.0000000180025095e-35 1.5000000000000002 48.500000000000007 1.5000000000000002 1.0000000180025095e-35 11.500000000000002 1.0000000180025095e-35 11.500000000000002 17.500000000000004 65.000000000000014 4.5000000000000009 10.500000000000002 8.5000000000000018 25.000000000000004 15.500000000000002 95.000000000000014 17.500000000000004 65.000000000000014 1.5000000000000002 12.500000000000002 1.0000000180025095e-35 1.5000000000000002 12.500000000000002 11.500000000000002 2.5000000000000004 6.5000000000000009 10.500000000000002 1.5000000000000002 1.0000000180025095e-35 11.500000000000002 14.500000000000002 12.500000000000002
decision_type=2 2 2 2 2 2 2 2 2 2 2 2 2 2 2 2 2 2 2 2 2 2 2 2 2 2 2 2 2 2 2 2 2 2 2
left_child=23 5 14 -4 8 6 7 10 -5 -10 12 -12 -2 -6 -3 16 -16 29 -18 -7 21 -21 28 24 25 33 27 -27 -17 30 -8 -31 -15 -1 -29
right_child=1 2 3 4 13 19 17 -9 9 -11 11 -13 -14 32 15 22 18 -19 -20 20 -22 -23 -24 -25 -26 26 -28 34 -30 31 -32 -33 -34 -35 -36
leaf_value=0.030414447838601932 0.032333392897671891 -0.11805350566634791 -0.16409660797308762 -0.088286569316822536 -0.13665473083130644 -0.093900374900754646 0.12731194505485147 -0.14928984993772254 -0.092150258801910412 0.13885062459594713 -0.11824600662224072 0.068155350798220105 -0.095354100472682099 0.059884875065703065 -0.13862997961859932 0.11257029829642223 0.16309216738274332 -0.1322278023749438 -0.1447111482245651 -0.19186068638489678 -0.077148985921061175 0.065709464894374028 -0.15735651238247933 0.089466835395008534 -0.13678296319811065 -0.16020196388990943 0.065186785591778332 0.099879953391984438 -0.092293843783422633 -0.094988832577144688 -0.15562835362076888 0.054499277880422602 -0.060853793326210402 -0.10723329002597884 -0.12216720144945853
leaf_weight=54.45200153440237 20.073893746361147 10.498261563479902 1.7640703245997453 1.1736719589680458 2.6522037750110012 6.8542897719889906 7.1265976987779203 1.974942298606037 0.82665419578552235 5.0120071601122618 4.9707980304956427 2.1103279255330563 2.4796368535608044 3.2098219767212868 0.70937571302056168 1.0509085133671763 2.0741333533078437 0.92840089276432891 0.36068006977438916 0.65112727135419657 4.4492600914090872 5.6036285404115915 2.6957208961248398 5.9373390469700089 1.3261106330901373 2.4675563983619204 1.8698409572243688 1.0057191886007784 1.5398436933755872 2.0542798452079287 0.6080547273159026 12.655211288481949 3.3390766195952892 1.2261201813817013 0.75759661011397827
leaf_count=316 141 184 36 18 37 94 31 21 14 19 83 18 40 24 14 11 9 21 9 6 73 38 68 30 22 46 13 7 31 32 8 96 47 20 11
internal_value=0 -0.0146087 -0.0455155 -0.00900809 0.00793655 0.00108665 0.0152081 -0.0105401 0.0723112 0.105361 -0.001063 -0.0622309 0.0180644 -0.0408755 -0.0799686 -0.0319634 0.0562771 0.0501276 0.115182 -0.0429199 -0.00984165 0.0376975 -0.0850194 0.0231544 0.0168321 0.0202371 -0.0433769 -0.0921605 -0.00775583 0.0579559 0.104212 0.0332827 -0.00122522 0.0272784 0.00241962
internal_weight=0 109.447 36.9064 17.9775 16.2134 72.5404 54.9821 31.6096 7.01233 5.83866 29.6347 7.08113 22.5535 9.2011 18.9289 8.43066 3.14419 23.3725 2.43481 17.5583 10.704 6.25476 5.28647 69.0423 63.1049 61.7788 6.10071 4.23087 2.59075 22.4441 7.73465 14.7095 6.5489 55.6781 1.76332
internal_count=1688 1223 521 195 159 702 491 303 51 33 282 101 181 108 326 142 32 188 18 211 117 44 110 465 435 413 77 64 42 167 39 128 71 336 18
is_linear=0
shrinkage=0.121712


Tree=10
num_leaves=36
num_cat=0
split_feature=39 49 47 48 43 8 13 7 0 27 23 42 38 47 43 46 12 0 3 6 7 49 3 38 42 3 6 48 2 47 47 24 42 15 5
split_gain=2.88333 2.44037 2.3856 2.04386 1.99385 2.06193 2.25298 3.80329 1.9145 1.87905 2.00835 1.51976 1.55006 2.75762 2.49153 1.92393 2.26441 2.14196 1.42147 3.02384 2.23318 1.96827 1.67359 1.40535 1.26925 1.42719 1.2629 1.76684 1.95216 1.2548 1.13124 1.11757 1.09352 1.0652 0.969741
threshold=5.5000000000000009 10.500000000000002 1.5000000000000002 7.5000000000000009 1.0000000180025095e-35 1.5000000000000002 3.5000000000000004 10.500000000000002 12.500000000000002 3.5000000000000004 1.0000000180025095e-35 125.00000000000001 45.000000000000007 9.5000000000000018 3.5000000000000004 95.000000000000014 2.5000000000000004 16.500000000000004 1.0000000180025095e-35 1.5000000000000002 1.0000000180025095e-35 4.5000000000000009 11.500000000000002 75.000000000000014 45.000000000000007 1.5000000000000002 1.0000000180025095e-35 7.5000000000000009 1.0000000180025095e-35 2.5000000000000004 5.5000000000000009 3.5000000000000004 105.00000000000001 8.5000000000000018 16.500000000000004
decision_type=2 2 2 2 2 2 2 2 2 2 2 2 2 2 2 2 2 2 2 2 2 2 2 2 2 2 2 2 2 2 2 2 2 2 2
left_child=11 3 24 4 34 6 7 -6 26 10 -10 12 13 18 33 16 -14 -17 19 30 22 -22 -20 -11 25 -3 27 -4 -29 -21 -1 -8 -16 -15 -2
right_child=1 2 8 -5 5 -7 31 -9 9 23 -12 -13 15 14 32 17 -18 -19 20 29 21 -23 -24 -25 -26 -27 -28 28 -30 -31 -32 -33 -34 -35 -36
leaf_value=-0.10872404084319495 -0.15118196772176107 -0.16106474524764888 -0.12694582549164005 -0.16019719322241996 0.024989424247231884 -0.11055649011420171 0.078553160596318977 -0.041922371782213586 -0.10553618081071461 -0.16296943960875721 0.12307214413995775 -0.08817432792018999 0.071035662782240577 0.12169471318165113 -0.14628990395288288 -0.10724108957119358 -0.11805279757209501 0.12228749167470385 0.1025292831683783 0.11550378483347973 -0.036921262126817206 0.028022052310258158 -0.034736935352765737 0.033000184639272151 -0.11808946462580509 0.10618382681376774 -0.12960226044738593 -0.12281923270424497 0.073811519835359177 -0.15854373968237356 0.041053135650625384 -0.11055977140078758 0.077256201516261933 -0.073005191273898887 0.036911706501521153
leaf_weight=4.3336274586617938 1.8372131772339337 0.30188099853694783 2.5447056628763693 1.1883042166009534 31.472988535650074 2.2444282323122016 7.6336566992104036 20.92140678036958 0.7468928955495352 1.382957920432091 2.0513391457498074 1.9759000446647395 17.836761625483639 1.0756284520030011 3.5452539511024956 2.155203595757484 0.95442847907543082 0.79657433182001103 7.5964859314262849 2.0514795482158665 9.1695577930659038 27.560127183794975 1.5398771464824674 0.83193525671958912 0.57406767085194577 2.5286930706351995 6.9350605476647615 1.097589308395982 2.1930200662463903 0.24806919693946827 0.85435078293085087 0.45634141564369191 0.32146159186959256 0.62571411579847325 0.47697389312088478
leaf_count=36 23 5 60 21 268 43 51 287 16 29 9 39 91 5 77 33 14 4 30 8 62 179 15 14 12 16 160 24 25 3 9 7 4 4 5
internal_value=0 -0.0154065 -0.0513424 -0.00384908 -0.000880245 0.00318938 0.0075077 -0.00168076 -0.0692606 -0.00485358 0.0605733 0.0162972 0.0189222 0.00860242 -0.0725901 0.046706 0.061115 -0.0437489 0.0171643 -0.0317489 0.0252279 0.0117132 0.0790374 -0.0885514 0.0411946 0.075363 -0.0942486 -0.0513147 0.00685836 0.0831352 -0.083407 0.067181 -0.126531 0.0483631 -0.111179
internal_weight=0 87.4195 21.1881 66.2313 65.043 62.7288 60.4844 52.3944 17.7835 5.01313 2.79823 82.6405 80.6646 58.9216 5.56806 21.743 18.7912 2.95178 53.3536 7.48753 45.866 36.7297 9.13636 2.21489 3.40464 2.83057 12.7704 5.83532 3.29061 2.29955 5.18798 8.09 3.86672 1.70134 2.31419
internal_count=1688 1075 370 705 684 656 613 555 337 68 25 613 574 432 90 142 105 37 342 56 286 241 45 43 33 21 269 109 49 11 45 58 81 9 28
is_linear=0
shrinkage=0.121712


Tree=11
num_leaves=36
num_cat=0
split_feature=47 38 46 46 49 2 10 42 39 7 3 48 35 10 46 39 38 3 15 46 43 48 46 46 18 2 2 4 42 38 47 40 47 38 3
split_gain=2.58066 1.62041 1.63404 2.45639 2.75664 2.48037 2.20994 1.86826 1.83688 2.06179 2.91573 1.77783 1.56698 1.92479 1.54902 1.83021 1.75111 1.53739 2.2996 1.43866 2.10173 1.51546 1.51758 1.88297 1.75519 1.47434 2.63003 1.37206 1.32466 1.15736 1.157 1.15518 0.963421 1.3072 0.917623
threshold=3.5000000000000004 3.5000000000000004 6.5000000000000009 15.500000000000002 1.5000000000000002 33.500000000000007 1.5000000000000002 95.000000000000014 6.5000000000000009 6.5000000000000009 29.500000000000004 4.5000000000000009 1.0000000180025095e-35 1.0000000180025095e-35 12.500000000000002 14.500000000000002 11.500000000000002 8.5000000000000018 1.5000000000000002 5.5000000000000009 6.5000000000000009 1.5000000000000002 45.000000000000007 95.000000000000014 1.0000000180025095e-35 6.5000000000000009 3.5000000000000004 5.5000000000000009 9.5000000000000018 5.5000000000000009 12.500000000000002 -1.0000000180025095e-35 1.5000000000000002 19.000000000000004 260.50000000000006
decision_type=2 2 2 2 2 2 2 2 2 2 2 2 2 2 2 2 2 2 2 2 2 2 2 2 2 2 2 2 2 2 2 2 2 2 2
left_child=12 27 8 5 34 14 7 -6 9 -3 -11 29 13 19 16 -16 -4 -13 -19 20 25 28 24 -24 -23 26 -1 -2 -21 -10 -29 -15 -14 -34 -5
right_child=1 2 3 4 6 -7 -8 -9 11 10 -12 17 32 31 15 -17 -18 18 -20 21 -22 22 23 -25 -26 -27 -28 30 -30 -31 -32 -33 33 -35 -36
leaf_value=0.0027387775570935028 -0.1303861055272475 -0.21352856159958067 -0.070781820714311328 -0.1550238212186501 0.026242434789789951 0.12342135741763959 -0.15002822995180271 -0.028359159935816017 -0.094569414158808027 0.11033884580221652 -0.11430446249851874 -0.13787806307683981 0.12305660298598586 0.054434221816442155 -0.14437351662433373 -0.009098544738711703 -0.00080284423014737776 0.14102027032907516 -0.091687623377856076 -0.15531767721375697 -0.086157568019715983 0.057676216782311274 -0.066910928639879574 0.10231124138859096 -0.038357064764021245 -0.087679736296549265 0.12307556256208808 -0.069144782565476834 0.13490327951504955 0.093016515132201924 0.16338599575848006 -0.10243009296500245 -0.14554661981750527 0.074825105951090418 0.081158051879129056
leaf_weight=16.478321945294748 2.9892657008022061 0.80888809636235492 10.331596678122887 2.0749099366366859 33.554094526916742 1.2207358963787545 1.2664680164307345 12.761996248736976 0.48200525343417933 1.7139353156089785 1.6551331691443918 1.1101164761930697 3.2711204327642909 0.84638769552111659 4.7054052753373972 2.2322466745972633 11.018224743194876 1.3244722597301009 1.1379598565399645 0.2192966416478187 3.7264032792299977 17.620850343257196 4.3266194663010529 1.2184442775323985 3.296935571357607 1.9408915545791376 3.201129972934722 0.797770259901881 3.1572444029152393 7.8578139655292034 0.48189504444599152 3.1244498472660771 0.52032727748155583 1.4150341302156446 0.24103184416890133
leaf_count=103 79 5 162 31 307 5 25 209 5 9 12 21 14 7 100 28 134 7 19 2 38 97 47 9 33 26 15 20 14 40 2 44 6 10 3
internal_value=0 -0.0122573 -0.0089303 -0.0161207 0.000287384 -0.0439406 0.0066897 0.0111259 0.0263385 -0.0425226 0 0.0507791 0.0189964 0.0132825 -0.0513811 -0.10148 -0.0348528 -0.0202982 0.0324737 0.0192237 -0.00199069 0.0373278 0.0273146 -0.0288738 0.0423686 0.0124719 0.0226085 -0.0854582 0.114076 0.0815449 0.0177804 -0.068112 0.082941 0.0128562 -0.128516
internal_weight=0 99.766 95.497 79.4067 49.8985 29.5082 47.5826 46.3161 16.0903 4.17796 3.36907 11.9124 64.3635 59.157 28.2875 6.93765 21.3498 3.57255 2.46243 55.1861 25.3467 29.8394 26.4628 5.54506 20.9178 21.6203 19.6795 4.26893 3.37654 8.33982 1.27967 3.97084 5.20648 1.93536 2.31594
internal_count=1688 1223 1122 1004 575 429 541 516 118 26 21 92 465 435 424 128 296 47 26 384 182 202 186 56 130 144 118 101 16 45 22 51 30 16 34
is_linear=0
shrinkage=0.121712


Tree=12
num_leaves=36
num_cat=0
split_feature=43 42 7 43 4 38 46 46 42 47 39 42 7 31 0 39 15 7 27 0 46 13 42 19 3 47 27 0 16 17 13 25 38 30 12
split_gain=2.29161 2.75709 1.67524 1.98916 1.60057 1.47855 2.0709 2.18175 1.71615 1.85532 2.46793 1.60432 1.68532 1.62229 1.60166 1.5825 2.14473 1.57782 1.47735 1.3702 3.85123 2.60477 2.16176 2.14981 1.39466 1.35744 1.34344 1.33358 1.27637 1.62555 3.72373 1.45062 1.3782 1.22428 1.20299
threshold=3.5000000000000004 35.000000000000007 7.5000000000000009 1.5000000000000002 8.5000000000000018 12.500000000000002 65.000000000000014 6.5000000000000009 25.000000000000004 10.500000000000002 7.5000000000000009 2.5000000000000004 10.500000000000002 1.0000000180025095e-35 43.000000000000007 15.500000000000002 10.500000000000002 6.5000000000000009 1.5000000000000002 12.500000000000002 95.000000000000014 1.5000000000000002 105.00000000000001 1.0000000180025095e-35 81.000000000000014 4.5000000000000009 1.5000000000000002 2.5000000000000004 2.5000000000000004 1.0000000180025095e-35 2.5000000000000004 1.0000000180025095e-35 5.5000000000000009 1.0000000180025095e-35 3.5000000000000004
decision_type=2 2 2 2 2 2 2 2 2 2 2 2 2 2 2 2 2 2 2 2 2 2 2 2 2 2 2 2 2 2 2 2 2 2 2
left_child=1 4 -3 -4 28 6 7 11 9 14 -11 -2 17 -14 -9 19 -17 -13 25 20 21 22 -7 -21 -25 -5 -26 -10 29 31 -31 32 -1 -23 -33
right_child=5 2 3 18 -6 15 -8 8 27 10 -12 12 13 -15 -16 16 -18 -19 -20 23 -22 33 -24 24 26 -27 -28 -29 -30 30 -32 34 -34 -35 -36
leaf_value=0.014236912405915856 -0.1422556788506488 -0.12031641973986199 -0.1065585379525112 -0.060264288589613288 -0.026351609935687546 0.029667160594145144 0.076481419479169629 -0.11990787647498061 -0.073013362003441967 -0.13271791463205285 0.006751674401730144 0.010078068901827074 -0.13380209327588269 0.0037726413912860324 0.054838464985372523 -0.11093563573992635 0.021221642331453097 0.12782480065501958 -0.061077610293149787 -0.14380102239422096 -0.10400462993398712 -0.10647190076485638 -0.096736900936347361 -0.15735359123001327 0.13427726445158272 0.12101834531875916 0.038824320333101729 0.14408731682068676 0.14918201495754552 -0.11484870978945785 0.083157998380954751 -0.12943313385336871 0.072724122975008021 0.083243493200228336 0.034370464448469182
leaf_weight=8.611643232405191 1.0729339849203814 2.65786164999008 2.0710975099354982 0.75083743035793338 5.7926443107426158 31.661967726424336 2.5158660523593417 9.8158276937902009 0.6666823737323273 2.5510668288916332 6.7939139343798161 5.5359014905989152 1.8104763347655533 3.9754408001899719 0.80376976728439409 4.0719397114589801 3.199443968012929 2.4409615248441696 1.5764967016875742 0.82408124580979247 4.8977267090231171 3.5901529192924491 2.1036148946732274 0.40604457445442577 2.9754099994897834 2.6449227035045624 8.747733620926736 0.99729961529374123 1.5673334561288346 3.0095931701362124 2.582622978836298 1.1624777968972915 20.598877190612257 0.54665841348469246 1.4398619681596754
leaf_count=52 13 30 35 7 57 265 28 175 9 71 96 56 30 47 5 88 40 11 24 16 118 50 41 7 11 18 87 4 5 32 15 16 112 5 12
internal_value=0 0.0201514 -0.0384554 -0.00679673 0.032934 -0.0107625 -0.0293879 -0.0368257 -0.0614594 -0.0714264 -0.0312882 -0.000667148 0.0104218 -0.0392032 -0.106297 0.000718241 -0.0525229 0.0467957 0.0345294 0.00773747 -0.00270165 0.0103776 0.0216319 0.0423892 0.0555812 0.079911 0.0635617 0.0555937 0.0418339 0.0371497 -0.0229213 0.0478126 0.055612 -0.0803068 -0.0382761
internal_weight=0 54.4663 9.70122 7.04335 44.7651 102.005 38.9801 36.4643 21.6286 19.9646 9.34498 14.8357 13.7628 5.78592 10.6196 63.0248 7.27138 7.97686 4.97226 55.7534 42.8001 37.9024 33.7656 12.9533 12.1292 3.39576 11.7231 1.66398 38.9724 37.4051 5.59222 31.8129 29.2105 4.13681 2.60234
internal_count=1688 415 114 84 301 1273 545 517 360 347 167 157 144 77 180 728 128 67 49 600 479 361 306 121 105 25 98 13 244 239 47 192 164 55 28
is_linear=0
shrinkage=0.121712


Tree=13
num_leaves=36
num_cat=0
split_feature=43 39 47 1 48 3 0 30 49 2 39 3 46 15 3 12 3 38 13 26 7 47 49 47 10 32 16 42 42 3 15 11 39 42 12
split_gain=2.57361 1.39468 1.97954 2.67495 1.73733 1.39067 2.81054 1.93146 1.8133 1.76969 1.74601 1.72741 2.05125 2.17309 1.76961 1.25801 1.30791 1.24182 1.22979 1.72152 1.1803 1.1527 1.11884 2.04065 1.77184 1.24599 1.09591 1.08525 1.43731 1.95141 2.72905 1.64309 1.52041 1.05378 1.86715
threshold=5.5000000000000009 3.5000000000000004 7.5000000000000009 1.5000000000000002 3.5000000000000004 10.500000000000002 5.5000000000000009 1.0000000180025095e-35 2.5000000000000004 5.5000000000000009 1.5000000000000002 2.5000000000000004 55.000000000000007 1.0000000180025095e-35 1.5000000000000002 1.0000000180025095e-35 19.500000000000004 25.000000000000004 1.0000000180025095e-35 1.0000000180025095e-35 7.5000000000000009 4.5000000000000009 10.500000000000002 4.5000000000000009 1.5000000000000002 1.0000000180025095e-35 3.5000000000000004 2.5000000000000004 5.5000000000000009 29.500000000000004 1.5000000000000002 1.5000000000000002 9.5000000000000018 10.500000000000002 1.0000000180025095e-35
decision_type=2 2 2 2 2 2 2 2 2 2 2 2 2 2 2 2 2 2 2 2 2 2 2 2 2 2 2 2 2 2 2 2 2 2 2
left_child=1 5 3 4 -3 11 10 8 -8 -10 17 12 13 14 -1 16 -6 -7 -5 -20 -12 -15 24 -24 27 33 -4 -2 32 30 -30 -31 -29 34 -25
right_child=22 2 26 18 15 6 7 -9 9 -11 20 -13 -14 21 -16 -17 -18 -19 19 -21 -22 -23 23 25 -26 -27 -28 28 29 31 -32 -33 -34 -35 -36
leaf_value=0.019338794818868198 -0.17042279542329897 -0.10100196185478785 -0.083935459093593484 0.10071076692201941 -0.043784558388891781 -0.13648201609320218 -0.16736775946822827 -0.15028261239037419 0.1563612702363148 0.038944590489613191 -0.10419800962175352 0.089592238430937859 -0.16483152925309666 0.17000151902432226 -0.1942925571875789 0.08928668614294312 0.098413729453968951 0.04426213776453284 -0.031121492596578735 0.083004702977994338 0.045896160349311814 -0.016034995880549529 0.021947099800235046 -0.12561548050441862 -0.12260752421256933 0.13297348905036049 0.12154753871162337 0.078725741090154941 -0.005194021561895211 0.04188692161178531 -0.086626846761080761 -0.026993677049060364 -0.080291034872697689 -0.10118089967085815 0.039265158093780061
leaf_weight=7.8304499033838493 0.54360008612275024 3.4322139602154556 5.1204779893159857 4.7230486217886192 6.3656909633427841 3.2296141162514718 0.45015852898359021 0.64217938110232431 2.7452551275491697 6.4791144505143166 1.0054759196937082 10.036993948742746 0.79037158563733179 2.1270200461149229 0.59138596430420864 1.8432311303913591 1.0912552401423452 0.63910666480660427 4.1857463382184505 3.5994661245495081 3.0590287670493126 0.59769599884748448 5.1770424647256759 1.6366131082177133 1.883388366550206 0.40573784708976823 0.38018608838319767 5.3678656071424475 20.937695688568059 14.949390312656762 8.6267895270138961 7.7271840851753941 1.0258555114269254 8.0774718499742431 2.5582877667620778
leaf_count=45 9 40 97 25 69 34 4 9 8 42 10 44 8 6 6 11 7 8 65 28 23 4 67 48 40 1 3 30 245 139 137 103 18 227 28
internal_value=0 0.0168152 -0.00261475 0.0117218 -0.027372 0.0317294 0.00669311 0.048662 0.0625637 0.0745717 -0.0474945 0.0523542 0.0206617 0.0344552 0.00339944 0 -0.0222936 -0.105765 0.0517234 0.021375 0.00759099 0.128373 -0.0151215 -0.0419317 -0.00721821 -0.068239 -0.0686611 -0.00344033 -0.00176206 -0.00848585 -0.0291143 0.0182814 0.0525163 -0.075416 -0.0247678
internal_weight=0 70.9652 30.7413 25.2407 12.7324 40.2239 18.2499 10.3167 9.67453 9.22437 7.93323 21.9739 11.9369 11.1466 8.42184 9.30018 7.45695 3.86872 12.5083 7.78521 4.0645 2.72472 78.9169 17.8552 61.0618 12.6781 5.50066 59.1784 58.6348 52.2411 29.5645 22.6766 6.39372 12.2724 4.1949
internal_count=1688 596 345 245 127 251 138 63 54 50 75 113 69 61 51 87 76 42 118 93 33 10 1092 371 721 304 100 681 672 624 382 242 48 303 76
is_linear=0
shrinkage=0.121712


Tree=14
num_leaves=36
num_cat=0
split_feature=43 48 39 7 47 18 38 3 15 25 2 49 47 10 20 29 49 18 13 38 27 12 4 42 38 3 48 18 46 39 27 46 49 15 42
split_gain=1.66326 1.18724 2.89123 1.68541 1.49128 1.3492 1.34898 1.11225 1.09599 1.5168 1.03148 1.00606 1.54136 1.39301 1.43908 2.17858 1.85846 0.984224 1.41619 1.05967 0.972117 1.71555 1.53707 1.07574 1.06832 1.49751 0.96962 2.2441 1.41921 0.871729 0.961678 1.00756 0.779757 0.71424 1.04413
threshold=5.5000000000000009 2.5000000000000004 1.0000000180025095e-35 2.5000000000000004 13.500000000000002 1.5000000000000002 105.00000000000001 327.00000000000006 10.500000000000002 1.5000000000000002 6.5000000000000009 10.500000000000002 4.5000000000000009 1.5000000000000002 1.0000000180025095e-35 1.5000000000000002 1.5000000000000002 1.5000000000000002 5.0000000000000009 135.00000000000003 3.5000000000000004 1.0000000180025095e-35 1.0000000180025095e-35 6.5000000000000009 65.000000000000014 1.5000000000000002 5.5000000000000009 1.0000000180025095e-35 19.000000000000004 14.500000000000002 2.5000000000000004 6.5000000000000009 1.5000000000000002 12.500000000000002 6.5000000000000009
decision_type=2 2 2 2 2 2 2 2 2 2 2 2 2 2 2 2 2 2 2 2 2 2 2 2 2 2 2 2 2 2 2 2 2 2 2
left_child=1 2 32 -4 6 -5 8 -8 26 10 -10 13 29 14 16 -16 33 19 -19 -18 21 24 -23 -24 -14 -26 28 -28 -3 30 31 -13 -1 34 -2
right_child=11 4 3 5 -6 -7 7 -9 9 -11 -12 12 20 -15 15 -17 17 18 -20 -21 -22 22 23 -25 25 -27 27 -29 -30 -31 -32 -33 -34 -35 -36
leaf_value=-0.012203035550565195 0.035692531267988471 0.019335978702906476 -0.097232203450407534 0.045402744755773154 -0.11145033311478558 -0.095041012671741296 -0.13338634318186973 0.13803434373598794 0.037416944581850242 0.070793574537788312 -0.05961712304976282 0.061565904726424113 -0.12293481643914751 -0.11443491118598338 -0.14346956523970303 0.10349166583880796 0.017229787525117394 -0.081773449040571433 0.090213198595581912 -0.081247491709006289 -0.14644754250084388 -0.14707314814174127 -0.16413041454855198 0.069835235640884688 0.13501659006863354 -0.088830022033555792 -0.012997832171066606 0.075156604079015102 0.082619017691744789 -0.15120565619341128 0.096225183040721626 -0.08332390408314376 -0.19282131618320253 0 -0.16045944897443296
leaf_weight=0.50798445940017645 0.46770126000046719 9.4653718322515505 1.9054919276386488 8.056880494579671 1.17837819084525 1.1212940700352181 1.2680610800161947 0.23655685782432545 2.1812957469373924 2.7917814124375573 5.8474423717707396 1.322155401110652 4.1424428801983577 1.6398713244125236 2.2048519123345609 0.65730867162346829 45.782015036791563 3.4578271722421041 0.8512120135128497 1.6418246747925866 1.7503631934523571 0.69654862768948067 0.28842675685882602 3.0929827941581607 0.64275948051363219 1.2641420029103754 12.382148842327299 6.4723995663225642 12.240564787760375 0.38800458423793305 1.9810417015105484 1.4581816671416161 1.5465442612767217 1.0269088130444286 1.8969520805403588
leaf_count=5 6 72 29 68 29 17 29 1 16 23 73 12 138 40 33 5 465 75 7 30 57 22 5 32 7 43 108 48 70 10 16 29 8 14 46
internal_value=0 0.0139743 -0.018693 0.00575895 0.0219728 0.0276899 0.0250583 -0.0870628 0.0284441 -0.00572537 -0.0328507 -0.0122519 -0.0383442 -0.00473713 -0.00153078 -0.0852851 0.00280528 0.00859656 -0.0467597 0.0137128 -0.0624654 -0.0472993 0.0130599 0.0478398 -0.0883466 -0.0110005 0.0376299 0.017174 0.0552185 0.0167619 0.0318622 -0.0134472 -0.150336 -0.0840223 -0.120468
internal_weight=0 67.2022 13.1382 11.0837 54.064 9.17817 52.8856 1.50462 51.381 10.8205 8.02874 76.6535 17.027 59.6265 57.9866 2.86216 55.1244 51.7329 4.30904 47.4238 11.8777 10.1273 4.07796 3.38141 6.04934 1.9069 40.5605 18.8545 21.7059 5.14938 4.76138 2.78034 2.05453 3.39156 2.36465
internal_count=1688 596 127 114 469 85 440 30 410 112 89 1092 371 721 681 38 643 577 82 495 304 247 59 37 188 50 298 156 142 67 57 41 13 66 52
is_linear=0
shrinkage=0.121712


Tree=15
num_leaves=36
num_cat=0
split_feature=39 7 4 2 39 43 5 20 47 42 49 38 6 39 0 3 0 19 15 29 27 15 7 49 46 19 38 1 38 42 16 46 13 0 47
split_gain=2.07672 1.28996 2.21022 2.13616 1.8233 2.28303 1.7882 1.48341 1.38274 2.25435 1.25777 1.40803 1.24333 1.59974 1.40559 1.07311 2.5333 1.60266 1.91375 1.7388 1.55938 1.28725 1.64106 1.57215 1.3432 1.29766 1.17306 1.92446 1.07554 1.86573 1.05024 1.03525 1.03312 1.45778 1.34921
threshold=5.5000000000000009 10.500000000000002 2.5000000000000004 1.0000000180025095e-35 7.5000000000000009 1.5000000000000002 1.0000000180025095e-35 1.0000000180025095e-35 12.500000000000002 9.5000000000000018 10.500000000000002 7.5000000000000009 1.5000000000000002 13.500000000000002 30.000000000000004 11.500000000000002 1.0000000180025095e-35 1.5000000000000002 11.500000000000002 2.5000000000000004 1.5000000000000002 1.0000000180025095e-35 185.50000000000003 10.500000000000002 95.000000000000014 2.5000000000000004 9.5000000000000018 1.5000000000000002 19.000000000000004 35.000000000000007 1.5000000000000002 9.5000000000000018 1.5000000000000002 1.0000000180025095e-35 5.5000000000000009
decision_type=2 2 2 2 2 2 2 2 2 2 2 2 2 2 2 2 2 2 2 2 2 2 2 2 2 2 2 2 2 2 2 2 2 2 2
left_child=15 4 8 -4 5 -2 32 10 -3 -10 -8 -12 -5 14 -14 20 -17 18 28 -19 21 22 23 25 26 -1 27 -23 -18 -30 -28 -20 33 -6 -34
right_child=1 2 3 12 6 -7 7 -9 9 -11 11 -13 13 -15 -16 16 17 19 31 -21 -22 24 -24 -25 -26 -27 30 -29 29 -31 -32 -33 34 -35 -36
leaf_value=0.030556688652708892 0.068681788103203814 -0.11021416456139098 -0.104790277398132 0.13151387564149636 -0.035497108861810261 -0.10822607957909836 0.085343598900353757 -0.13374907867984825 0.10258656768221058 -0.13153161019042353 0.093045791623304286 -0.11724800916536714 -0.0059487050954849475 -0.06434857072933646 0.079950446594360042 -0.12037773386235265 -0.16063372696669723 0.03407452277691992 0.094880665063456271 -0.18056146521578412 -0.16276987465159617 0.046428914671208424 0.11686826010902979 -0.11182956018701272 -0.10779431435778017 -0.062292258809980981 0.091554644899145374 -0.19719049230181118 0.078542738585987842 -0.11514832751256589 -0.07784105573766914 -0.021796537100590232 0.012096129110035922 0.03360015466840395 -0.15816498058520737
leaf_weight=10.975177115760745 1.41425260901451 6.8206151854246837 3.2094171438366201 1.0046670809388185 8.161251563578853 4.1548793306574225 8.1226941812783426 0.55655845440924245 1.3247529044747355 1.0801621638238428 0.80342733953148204 1.0470363590866325 12.111057288479062 5.1127439308911553 3.6313470117747775 2.3801872665062538 1.7833632314577714 20.417496394366029 1.8011915162205694 0.5437639020383348 0.57377610169351001 2.4258795985951997 1.9062311463057984 1.690580922178923 0.64401727728545743 2.7569379657506934 11.608279742300507 0.56936374120414246 1.164708989672363 1.8652381692081688 0.52947487682104188 2.8451799768954515 1.2513750065118068 10.060530229471622 1.4214425766840575
leaf_count=82 10 138 82 4 124 69 59 10 7 30 7 37 186 99 35 40 29 196 12 5 9 23 11 37 15 28 54 6 7 22 5 32 19 126 33
internal_value=0 -0.0144279 -0.0314256 -0.0125072 0.00126191 -0.0626572 0.0127289 0.0535933 -0.0823238 -0.00165787 0.064685 -0.0243499 0.00102296 -0.00528886 0.0137851 0.0154708 -0.000112139 0.00930219 -0.0320775 0.0281346 0.0307222 0.0342983 0.0111579 -0.00190392 0.0594643 0.0116137 0.0669611 -0.000293139 -0.0857756 -0.0396935 0.0837623 0.0230991 -0.00776764 0.00248428 -0.0780564
internal_weight=0 71.2882 34.2948 25.0692 36.9934 5.56913 31.4243 10.5297 9.22553 2.40492 9.97316 1.85046 21.8598 20.8551 15.7424 66.4808 32.8011 30.4209 9.45968 20.9613 33.6797 33.1059 17.3289 15.4227 15.777 13.7321 15.133 2.99524 4.81331 3.02995 12.1378 4.64637 20.8946 18.2218 2.67282
internal_count=1688 1075 581 406 494 79 415 113 175 37 103 44 324 320 221 613 343 303 102 201 270 261 158 147 103 110 88 29 58 29 59 44 302 250 52
is_linear=0
shrinkage=0.121712


Tree=16
num_leaves=36
num_cat=0
split_feature=39 39 43 35 42 39 26 47 43 5 1 1 42 39 17 46 46 38 11 31 7 7 4 7 5 15 7 15 7 48 2 47 4 49 42
split_gain=1.74363 0.843985 1.46679 0.812244 2.04986 1.40681 1.23946 1.22651 1.19775 1.12466 1.09037 0.842986 0.785417 0.899635 0.843576 0.758689 2.26108 1.08702 1.10523 1.0141 1.29101 1.92461 0.90072 1.11258 1.06979 1.45485 1.2659 1.13885 1.06144 0.942809 1.25421 0.781352 0.738904 0.711947 0.634691
threshold=5.5000000000000009 105.00000000000001 15.500000000000002 1.0000000180025095e-35 85.000000000000014 7.5000000000000009 1.0000000180025095e-35 1.5000000000000002 2.5000000000000004 1.0000000180025095e-35 3.5000000000000004 13.500000000000002 6.5000000000000009 8.5000000000000018 1.0000000180025095e-35 10.500000000000002 19.000000000000004 6.5000000000000009 1.0000000180025095e-35 1.5000000000000002 2.5000000000000004 1.0000000180025095e-35 1.0000000180025095e-35 1.0000000180025095e-35 1.0000000180025095e-35 1.0000000180025095e-35 6.5000000000000009 6.5000000000000009 8.5000000000000018 2.5000000000000004 1.5000000000000002 7.5000000000000009 17.500000000000004 5.5000000000000009 5.5000000000000009
decision_type=2 2 2 2 2 2 2 2 2 2 2 2 2 2 2 2 2 2 2 2 2 2 2 2 2 2 2 2 2 2 2 2 2 2 2
left_child=15 2 3 5 7 8 10 -5 9 -2 -7 -9 -4 14 -14 17 -17 18 19 20 21 -1 23 29 25 -24 -26 -28 31 -18 -31 -25 -8 -22 -10
right_child=1 -3 12 4 -6 6 32 11 34 -11 -12 -13 13 -15 -16 16 22 -19 -20 -21 33 -23 24 28 26 -27 27 -29 -30 30 -32 -33 -34 -35 -36
leaf_value=0.037925521265535625 0.051143034553417177 0.089344704627768598 0.056723059169405385 0.12800116692305613 -0.13045906184952658 -0.016477244505198774 -0.089233290752296177 0.046313619138243563 0.01255379820451189 -0.12908971225602989 0.02412528888253487 -0.058209116089117142 -0.12533533285886159 -0.14168740671594918 0.15130814327867631 -0.12725076493994603 -0.16130702272935063 0.045578828519293513 -0.097161311616544441 -0.16496943379236165 0.014751922835973433 -0.13224101303205785 -0.15657071552995519 -0.13196449351030473 -0.18579887561448236 0.10077930571407767 0.04554567161567754 -0.020433115263103842 0.015655586469199245 0.10567740719660078 -0.05622422087497906 -0.018029714441641202 0.057666526613960128 0.10214779998118194 -0.10185575581650977
leaf_weight=2.3844523197039962 2.0989463981240974 1.1279829181730736 0.43144876882433836 1.9922011122107486 1.0782182719558475 25.762104185298085 3.7340289168059817 3.9788727564737201 0.76258994825184334 0.64587975852191437 15.763567589223383 1.5555341765284536 0.27462962642312083 2.6174702486023307 0.32037185784429312 1.8759331591427351 0.30092263966798993 19.587018336169422 1.5198192838579405 0.42093830555677492 2.8660544957965612 1.6206138394773004 0.32237392663955944 2.447546493262053 0.44633826706558366 3.8272477425634861 8.568378550000487 6.9636964211240402 2.1234038323163986 2.1773246433585887 0.99727117642760266 1.5111613683402536 0.5415050797164439 2.8324645729735494 5.7412336114794016
leaf_count=22 18 11 5 9 35 384 77 52 12 15 216 27 13 77 3 61 5 132 26 6 24 22 4 32 8 21 79 81 22 15 10 21 8 22 113
internal_value=0 -0.0134375 -0.0152402 -0.0108678 0.0237155 -0.0163362 -0.00750356 0.0465901 -0.0596066 0.00680214 -0.000987418 0.0162624 -0.090157 -0.11111 0.0189969 0.0146426 0.00123234 0.0280873 -0.00112152 0.0132317 0.0217135 -0.0306373 0.00956211 -0.0210001 0.0242294 0.0791731 0.00966372 0.0157916 -0.0524926 0.0332501 0.0538514 -0.0896395 -0.0696916 0.0589914 -0.0879938
internal_weight=0 68.4266 67.2986 63.6547 8.60483 55.0499 45.8012 7.52661 9.24865 2.74483 41.5257 5.53441 3.64392 3.21247 0.595001 62.793 31.5616 31.2314 11.6443 10.1245 9.70359 4.00507 29.6857 9.55763 20.128 4.14962 15.9784 15.5321 6.08211 3.47552 3.1746 3.95871 4.27553 5.69852 6.50382
internal_count=1688 1075 1064 966 123 843 685 88 158 33 600 79 98 93 16 613 359 254 122 96 90 44 298 105 193 25 168 160 75 30 25 53 85 46 125
is_linear=0
shrinkage=0.121712


Tree=17
num_leaves=35
num_cat=0
split_feature=39 43 43 49 17 42 39 48 42 11 0 38 46 7 46 19 7 42 39 6 4 48 1 27 2 5 39 48 43 7 7 24 2 49
split_gain=1.40962 1.62043 1.1457 1.52254 1.1148 1.03794 0.994974 0.954522 0.864594 1.22602 1.21507 0.789674 1.52083 1.33467 0.662709 1.86113 1.35904 0.638268 0.656459 0.603153 0.652725 0.600608 0.827068 0.747439 0.574939 0.561473 0.495724 0.190781 0.168119 0.16245 0.0664149 0.0381529 0.0275136 0.00815458
threshold=105.00000000000001 15.500000000000002 3.5000000000000004 13.500000000000002 7.5000000000000009 35.000000000000007 1.0000000180025095e-35 5.5000000000000009 9.5000000000000018 1.5000000000000002 5.5000000000000009 9.5000000000000018 75.000000000000014 45.000000000000007 35.000000000000007 1.5000000000000002 10.500000000000002 6.5000000000000009 8.5000000000000018 1.5000000000000002 1.5000000000000002 3.5000000000000004 1.5000000000000002 1.5000000000000002 1.0000000180025095e-35 1.0000000180025095e-35 6.5000000000000009 4.5000000000000009 145.00000000000003 49.500000000000007 1.0000000180025095e-35 1.5000000000000002 28.500000000000004 17.500000000000004
decision_type=2 2 2 2 2 2 2 2 2 2 2 2 2 2 2 2 2 2 2 2 2 2 2 2 2 2 2 2 2 2 2 2 2 2
left_child=1 2 3 5 19 8 32 27 10 -10 -1 12 13 -8 16 -16 -13 24 25 20 -5 22 -7 -23 -3 -19 29 -2 -20 -27 -30 -9 -4 -21
right_child=7 17 6 4 -6 21 11 31 9 -11 -12 14 -14 -15 15 -17 -18 18 28 33 -22 23 -24 -25 -26 26 -28 -29 30 -31 -32 -33 -34 -35
leaf_value=-0.007674354048170442 0.091403302946185011 0.15261259854832854 -0.14404873806597926 -0.11978004589480343 0.11768492497401689 -0.15153626667387143 -0.023368765926529918 -0.10538362843442982 0.067858409465789193 -0.017538061184268924 0.063851915884763494 0.033265312072091116 0.1274342450286258 -0.12503178174633478 -0.069996152564158268 0.0069750878446982805 -0.012307807590798974 -0.13977882755674617 -0.14301991034032382 -0.15661221274488274 0.05015361097470377 0.03141824984138808 -0.0074639783755850019 -0.096084409136905871 -0.1075510775866631 -0.097710494813653001 0.14319617568492865 0.21698340487989035 0.046713922435725794 0.019946849644618053 -0.084526735340505851 -0.0047448820892861954 -0.0014981884406354653 -0.062100022740266506
leaf_weight=12.147940101101996 0.47650030255317577 0.29507247358560462 0.78178555704653163 0.59948831703513838 0.39190093614161003 0.99084266927093212 14.2384110596031 0.11923363991081704 13.450668999925258 2.9794843085110179 4.89297848381102 18.955045509152114 0.83907057344913383 2.2148656034842125 6.6677720742300179 15.068445633165537 19.668294276110828 0.39481410849839471 2.1144421859644358 1.2359622651711104 0.66692995466291904 3.6376206390559673 1.5217999722808597 0.80478805489838112 0.16934078931808472 0.29168062470853329 0.3282118896022439 0.65863633155822754 0.096344903111457714 0.29620857909321785 0.072007417678833008 0.20976990461349487 0.064570344984531403 0.17650273256003846
leaf_count=104 3 2 22 16 3 16 239 4 88 31 40 198 5 70 121 233 255 16 73 27 8 39 21 17 3 11 4 1 1 5 3 3 1 5
internal_value=0 -0.00139172 0.00110944 0.0169696 -0.065032 0.0233117 -0.00764429 0.117613 0.0322309 0.05219 0.012761 -0.00614872 -0.0290598 -0.0374206 0.000376633 -0.0165604 0.00998961 -0.0767986 -0.0943983 -0.0937837 -0.0288576 -0.0191478 -0.066473 0.00720745 0.0510492 -0.0223356 0.0277839 0.170244 -0.13374 -0.0354209 0 -0.0548369 -0.136935 -0.148272
internal_weight=0 126.053 121.995 43.4969 3.07078 40.4261 78.4983 1.46414 33.4711 16.4302 17.0409 77.6519 17.2923 16.4533 60.3596 21.7362 38.6233 4.05812 3.59371 2.67888 1.26642 6.95505 2.51264 4.44241 0.464413 1.31092 0.916101 1.13514 2.28279 0.587889 0.168352 0.329004 0.846356 1.41246
internal_count=1688 1677 1559 415 59 356 1144 11 263 119 144 1121 314 309 807 354 453 118 113 56 24 93 37 56 5 36 20 4 77 16 4 7 23 32
is_linear=0
shrinkage=0.121712


Tree=18
num_leaves=36
num_cat=0
split_feature=39 49 29 47 2 48 49 7 7 38 46 42 11 0 39 7 3 38 5 46 42 11 3 0 42 27 15 8 49 39 3 15 46 38 7
split_gain=1.28627 0.821891 1.12439 1.08969 1.05096 1.03205 1.20638 1.54628 1.05338 0.944956 1.29593 0.974658 0.798781 2.48084 0.813477 1.07331 0.959762 0.746924 0.647572 0.607716 0.552708 0.496486 0.467518 1.27435 1.13038 1.03665 1.24183 1.07663 1.13351 0.91792 0.842774 0.819362 0.637879 0.641219 0.623704
threshold=5.5000000000000009 10.500000000000002 1.0000000180025095e-35 1.5000000000000002 1.0000000180025095e-35 7.5000000000000009 9.5000000000000018 1.5000000000000002 141.50000000000003 75.000000000000014 35.000000000000007 9.5000000000000018 2.5000000000000004 30.000000000000004 14.500000000000002 1.0000000180025095e-35 3.5000000000000004 105.00000000000001 14.000000000000002 5.5000000000000009 125.00000000000001 4.5000000000000009 11.500000000000002 1.0000000180025095e-35 75.000000000000014 1.5000000000000002 1.0000000180025095e-35 1.0000000180025095e-35 10.500000000000002 4.5000000000000009 13.500000000000002 2.5000000000000004 95.000000000000014 45.000000000000007 32.500000000000007
decision_type=2 2 2 2 2 2 2 2 2 2 2 2 2 2 2 2 2 2 2 2 2 2 2 2 2 2 2 2 2 2 2 2 2 2 2
left_child=20 5 3 19 -5 6 12 -8 17 11 -11 -6 14 21 16 -16 -2 -9 -15 -3 22 -14 25 31 30 26 27 28 -1 34 -25 -24 33 -28 -26
right_child=1 2 -4 4 9 -7 7 8 -10 10 -12 -13 13 18 15 -17 -18 -19 -20 -21 -22 -23 23 24 29 -27 32 -29 -30 -31 -32 -33 -34 -35 -36
leaf_value=0.0079384107335268086 -0.051471987206615062 -0.037617285770480728 -0.14571816661714992 -0.10799097081683148 0.0094085028518634383 -0.14401466768334709 -0.15190309983600719 0.10129716645440331 -0.1147651070484841 0.14350612797839457 -0.051694334048015378 -0.084846842629666352 -0.14762074499251779 0.075070244467483185 0.11747230407729937 0.0081030995297183724 0.00023753834081595771 -0.059788734438294008 -0.097492005154065156 0.096765284898937362 -0.058811065910754759 -0.055676553879043918 0 -0.18019744519887396 0.0020405888205684772 -0.14072298447557385 0.041519757717468068 0.11982368454900517 -0.099297498665272654 -0.13396780186457977 0.0025578859509649996 -0.15556177682986186 -0.10505852002528354 0.1007747547334668 0.11029391281443698
leaf_weight=12.399389475584035 6.8205343140289214 0.69546698313206379 1.2762953722849477 2.6867858231998971 2.8512730570510012 0.74513746798038383 0.47641919553279777 4.3949476629495621 0.38449830748140801 1.0545927211642263 0.89344163239002217 3.5864312192425132 2.1905421731062229 2.0288753323256974 1.6977720223367203 6.1239805202931166 23.285842564888299 0.42995151504874218 0.34387345425784577 1.4507405981421468 1.5010378453880537 1.7376092048361895 0.86989820189774336 0.35267079528421774 1.1398106943815935 0.51137612946331401 9.5557430377229995 1.0850016549229611 1.6239131595939387 0.28013490792363871 20.985364926047623 1.1400691661983726 0.32159116398543197 3.9929002821445474 3.0262169726192951
leaf_count=108 111 15 46 98 50 21 8 36 10 9 36 102 51 19 12 89 290 8 9 14 39 41 11 6 15 9 69 6 39 9 232 24 9 18 19
internal_value=0 -0.0117751 -0.0373289 -0.0263577 -0.0418917 -0.00438905 -0.00216678 0.0503891 0.0701594 -0.0200768 0.0530215 -0.0427845 -0.00901697 -0.0490697 -0.00225449 0.0325495 -0.0114161 0.0860757 0.0479958 0.0519406 0.0130505 -0.10837 0.0150125 0.00355672 0.0109702 0.0256962 0.0288665 0.0044913 -0.00444184 0.066601 -0.000555232 -0.0889518 0.0551434 0.0593701 0.0815881
internal_weight=0 65.155 14.495 13.2187 11.0725 50.66 49.9148 5.68582 5.2094 8.38574 1.94803 6.4377 44.229 6.3009 37.9281 7.82175 30.1064 4.8249 2.37275 2.14621 58.7851 3.92815 57.2841 27.7942 25.7842 29.4899 28.9785 15.1083 14.0233 4.44616 21.338 2.00997 13.8702 13.5486 4.16603
internal_count=1688 1075 370 324 295 705 684 62 54 197 45 152 622 120 502 101 401 44 28 29 613 92 574 316 281 258 249 153 147 43 238 35 96 87 34
is_linear=0
shrinkage=0.121712


Tree=19
num_leaves=36
num_cat=0
split_feature=43 38 6 0 38 38 0 16 11 6 11 19 47 17 47 26 49 42 27 48 47 31 49 17 49 38 46 13 5 0 47 20 20 13 26
split_gain=1.077 1.04522 1.00397 0.936685 1.30834 1.2771 1.37582 1.44031 1.20689 1.0669 1.05486 1.04792 1.32308 0.911317 0.87135 0.838527 0.835069 0.805748 1.38241 0.793055 1.34264 1.42343 0.789006 0.826358 0.71935 1.01044 1.10295 1.03854 0.736745 0.985204 0.808202 0.660642 0.626197 0.609595 0.596355
threshold=3.5000000000000004 75.000000000000014 1.0000000180025095e-35 12.500000000000002 1.5000000000000002 25.000000000000004 15.500000000000002 1.5000000000000002 2.5000000000000004 2.5000000000000004 2.5000000000000004 16.500000000000004 9.5000000000000018 1.0000000180025095e-35 7.5000000000000009 1.0000000180025095e-35 16.500000000000004 105.00000000000001 5.5000000000000009 2.5000000000000004 9.5000000000000018 2.5000000000000004 13.500000000000002 7.5000000000000009 7.5000000000000009 12.500000000000002 12.500000000000002 1.5000000000000002 1.0000000180025095e-35 1.0000000180025095e-35 12.500000000000002 1.5000000000000002 1.0000000180025095e-35 1.0000000180025095e-35 1.0000000180025095e-35
decision_type=2 2 2 2 2 2 2 2 2 2 2 2 2 2 2 2 2 2 2 2 2 2 2 2 2 2 2 2 2 2 2 2 2 2 2
left_child=1 22 16 4 9 6 10 -8 11 -4 -5 15 -13 33 -9 -6 17 24 -19 -7 -21 -22 31 -24 28 26 -26 -27 29 -2 -30 34 -10 -3 -1
right_child=2 13 3 5 8 19 7 14 32 -11 -12 12 -14 -15 -16 -17 -18 18 -20 20 21 -23 23 -25 25 27 -28 -29 30 -31 -32 -33 -34 -35 -36
leaf_value=0.022011741748972375 -0.057887648404647656 0.020277881913260222 -0.14053575208896227 0.10576929413822991 -0.045340834374418826 0.11459432603274267 -0.12922098783841771 0.063352261167774884 -0.11970737001540711 0.13490823951148964 -0.10704989434217796 0.046740846190726618 -0.095565108271484081 -0.15375934653830206 -0.14668142202237441 0.026439017462939411 -0.11176705271015042 -0.11878536368901427 0.11859274198719665 -0.065060510781884837 0.1186305262397097 -0.14539693220912747 -0.075343361410861967 0.12796286951096558 0.017983887927783895 0.079349756257735035 -0.13800147283362718 -0.054266356354826691 0.0071505218560569189 0.015986425550989163 0.13676399610293039 -0.1277843475811454 0.033383352398439689 -0.12203012763188092 0.069322562203759167
leaf_weight=30.044558217749 4.9872167706489652 2.0211342088878155 0.22013123007491131 1.4439318366348723 21.821264410857118 1.9112142249941824 2.3974115522578359 1.3124001473188398 3.154714053496718 1.1349467849358914 0.41375483479350794 4.9163492228835812 1.1679355371743438 0.86698597390204657 0.34312181454151858 2.6376420818269244 0.80110709741711517 1.5144055131822813 0.43978951685130585 1.6204700488597157 1.9503839313983919 0.3234939919784664 2.0194483269006009 0.31146824359893788 5.5183772249147287 7.3509802771732193 0.73602439463138569 0.92905114125460375 2.5275221746414895 5.6183154890313745 0.99753620475530613 0.37202846258878608 0.40698541793972243 0.53765459917485703 4.6280003711581221
leaf_count=262 77 24 7 9 384 14 63 14 78 9 14 57 43 25 11 34 32 56 4 35 14 9 44 1 80 73 31 20 29 61 6 6 9 15 38
internal_value=0 0.0160375 -0.00832816 -0.0195688 -0.0294425 0.0100628 -0.0293836 -0.069323 -0.0341863 0.0861086 0.0559282 -0.0261822 0.0186319 -0.0477861 0.016369 -0.0374586 0.00845792 0.011798 -0.0629643 0.0506765 0.0179674 0.0784875 0.0219973 -0.0457408 0.0170535 0.0360501 -0.000433033 0.0638717 -0.00231049 -0.0185362 0.0454406 0.0266194 -0.101271 -0.00947512 0.028462
internal_weight=0 40.8013 78.5965 47.1762 35.46 11.7162 5.91062 4.05293 34.1049 1.35508 1.85769 30.5432 6.08428 3.42577 1.65552 24.4589 31.4203 30.6192 1.9542 5.80556 3.89435 2.27388 37.3755 2.33092 28.665 14.5344 6.2544 8.28003 14.1306 10.6055 3.52506 35.0446 3.5617 2.55879 34.6726
internal_count=1688 415 1273 804 621 183 111 88 605 16 23 518 100 64 25 418 469 437 60 72 58 23 351 45 377 204 111 93 173 138 35 306 87 39 300
is_linear=0
shrinkage=0.121712


end of trees

feature_importances:
ninki_3=53
ninki_1=52
result_3=50
result_1=48
ninki_2=45
mf_courseout=42
umaban=42
result_2=35
f_courseout=29
waku=27
f_course1=26
f_lenout=25
f_course3=23
mf_course1=15
f_classout=15
mf_course2=14
mf_course3=13
f_len2=13
mf_classout.1=13
f_course2=10
mf_len3=10
mf_classout=10
mf_len2=9
f_mf_courseout=8
f_mf_classout.1=8
f_mf_course3=7
f_len1=7
f_mf_len1=7
mf_len1=6
f_len3=5
f_mf_course1=4
f_class1=4
f_class3=4
mf_class2=4
mf_class3=4
f_class2=3
f_mf_course2=2
f_mf_len3=2
f_mf_class1=2
f_mf_classout=1
f_mf_class2=1
time_df_course2=1

parameters:
[boosting: gbdt]
[objective: lambdarank]
[metric: ndcg]
[tree_learner: serial]
[device_type: cpu]
[data_sample_strategy: bagging]
[data: ]
[valid: ]
[num_iterations: 101]
[learning_rate: 0.121712]
[num_leaves: 36]
[num_threads: 16]
[seed: 0]
[deterministic: 0]
[force_col_wise: 1]
[force_row_wise: 0]
[histogram_pool_size: -1]
[max_depth: 7]
[min_data_in_leaf: 2]
[min_sum_hessian_in_leaf: 0.001]
[bagging_fraction: 1]
[pos_bagging_fraction: 1]
[neg_bagging_fraction: 1]
[bagging_freq: 0]
[bagging_seed: 7719]
[feature_fraction: 1]
[feature_fraction_bynode: 1]
[feature_fraction_seed: 2437]
[extra_trees: 0]
[extra_seed: 11797]
[early_stopping_round: 0]
[first_metric_only: 0]
[max_delta_step: 0]
[lambda_l1: 0.0241942]
[lambda_l2: 0.0277838]
[linear_lambda: 0]
[min_gain_to_split: 0]
[drop_rate: 0.1]
[max_drop: 50]
[skip_drop: 0.5]
[xgboost_dart_mode: 0]
[uniform_drop: 0]
[drop_seed: 21238]
[top_rate: 0.2]
[other_rate: 0.1]
[min_data_per_group: 100]
[max_cat_threshold: 32]
[cat_l2: 10]
[cat_smooth: 10]
[max_cat_to_onehot: 4]
[top_k: 20]
[monotone_constraints: ]
[monotone_constraints_method: basic]
[monotone_penalty: 0]
[feature_contri: ]
[forcedsplits_filename: ]
[refit_decay_rate: 0.9]
[cegb_tradeoff: 1]
[cegb_penalty_split: 0]
[cegb_penalty_feature_lazy: ]
[cegb_penalty_feature_coupled: ]
[path_smooth: 0]
[interaction_constraints: ]
[verbosity: -1]
[saved_feature_importance_type: 0]
[use_quantized_grad: 0]
[num_grad_quant_bins: 4]
[quant_train_renew_leaf: 0]
[stochastic_rounding: 1]
[linear_tree: 0]
[max_bin: 255]
[max_bin_by_feature: ]
[min_data_in_bin: 3]
[bin_construct_sample_cnt: 200000]
[data_random_seed: 38]
[is_enable_sparse: 1]
[enable_bundle: 1]
[use_missing: 1]
[zero_as_missing: 0]
[feature_pre_filter: 1]
[pre_partition: 0]
[two_round: 0]
[header: 0]
[label_column: ]
[weight_column: ]
[group_column: ]
[ignore_column: ]
[categorical_feature: ]
[forcedbins_filename: ]
[precise_float_parser: 0]
[parser_config_file: ]
[objective_seed: 8855]
[num_class: 1]
[is_unbalance: 0]
[scale_pos_weight: 1]
[sigmoid: 1]
[boost_from_average: 1]
[reg_sqrt: 0]
[alpha: 0.9]
[fair_c: 1]
[poisson_max_delta_step: 0.7]
[tweedie_variance_power: 1.5]
[lambdarank_truncation_level: 30]
[lambdarank_norm: 1]
[label_gain: ]
[lambdarank_position_bias_regularization: 0]
[eval_at: 1,3,5]
[multi_error_top_k: 1]
[auc_mu_weights: ]
[num_machines: 1]
[local_listen_port: 12400]
[time_out: 120]
[machine_list_filename: ]
[machines: ]
[gpu_platform_id: -1]
[gpu_device_id: -1]
[gpu_use_dp: 0]
[num_gpu: 1]

end of parameters

pandas_categorical:[]
