tree
version=v4
num_class=1
num_tree_per_iteration=1
label_index=0
max_feature_idx=50
objective=lambdarank
feature_names=f_course1 f_course2 f_course3 f_courseout mf_course1 mf_course2 mf_course3 mf_courseout f_mf_course1 f_mf_course2 f_mf_course3 f_mf_courseout f_len1 f_len2 f_len3 f_lenout mf_len1 mf_len2 mf_len3 mf_classout f_mf_len1 f_mf_len2 f_mf_len3 f_mf_classout f_class1 f_class2 f_class3 f_classout mf_class1 mf_class2 mf_class3 mf_classout.1 f_mf_class1 f_mf_class2 f_mf_class3 f_mf_classout.1 time_df_course1 time_df_class1 ninki_1 result_1 time_df_course2 time_df_class2 ninki_2 result_2 time_df_course3 time_df_class3 ninki_3 result_3 waku umaban self_popularity
feature_infos=[0:11] [0:15] [0:15] [0:126] [0:16] [0:18] [0:20] [0:173] [0:2] [0:2] none [0:14] none none none [0:3] none none none [0:3] none none none none none none none [0:3] none none none [0:3] none none none none none none [2:150] [-1:110] none none [2:170] [2:100] none none [-1:160] [-1:90] [1:8] [1:15] [1:15]
tree_sizes=957 1150 955 1165 1058 955 1167 1064 1278 1066 1047 1071 1171 972 1077 1062 1071 1176 1183

Tree=0
num_leaves=8
num_cat=0
split_feature=48 50 0 49 38 0 50
split_gain=7.7744 3.97376 6.40724 1.91124 0.312882 0.142203 0.456238
threshold=4.5000000000000009 6.5000000000000009 10.000000000000002 7.5000000000000009 14.500000000000002 1.0000000180025095e-35 6.5000000000000009
decision_type=2 2 2 2 2 2 2
left_child=5 3 -3 -2 -5 6 -1
right_child=1 2 -4 4 -6 -7 -8
leaf_value=-0.027594172132600969 -0.0080811611840997249 -0.11181072485197122 0.11766306640698938 0.10143773595749229 0.057867443225555634 -0.12058729724536728 -0.11579936075517255
leaf_weight=0.50263130664825462 1.0581494867801664 1.4382992424070837 0.66974902153015126 2.2922597303986554 1.3654319420456884 1.1612180173397062 0.52946651354432106
leaf_count=7 10 20 1 8 9 17 7
internal_value=0 0.0329838 -0.0376932 0.0648542 0.0861388 -0.101585 -0.0760794
internal_weight=0 6.82389 2.10805 4.71584 3.65769 2.19332 1.0321
internal_count=79 48 21 27 17 31 14
is_linear=0
shrinkage=0.0625684


Tree=1
num_leaves=10
num_cat=0
split_feature=48 42 7 50 46 2 49 0 43
split_gain=8.4306 8.84283 3.85745 6.31397 8.36911 2.64059 0.57343 0.244309 0.481853
threshold=4.5000000000000009 6.5000000000000009 4.5000000000000009 1.5000000000000002 4.5000000000000009 1.0000000180025095e-35 7.5000000000000009 1.0000000180025095e-35 10.500000000000002
decision_type=2 2 2 2 2 2 2 2 2
left_child=7 -2 5 -4 -5 -3 -6 8 -1
right_child=1 2 3 4 6 -7 -8 -9 -10
leaf_value=-0.099055695603460961 -0.10114907829674973 0.010842127419561368 0.10263215987906239 0.086519226916006858 -0.047942697138575831 0.090539116372008205 -0.111483932985525 -0.11083084595904678 -0.026172803527243747
leaf_weight=0.9120064005255728 2.0645263865590122 2.4006468839943391 1.6852955371141431 1.4267281442880628 0.9313757270574573 5.320976622402668 2.2585202641785145 1.6351952254772184 0.69956402480602264
leaf_count=9 6 9 3 2 7 9 12 17 5
internal_value=0 0.0186038 0.0365094 0 -0.0377258 0.0660568 -0.0939592 -0.0914415 -0.0692576
internal_weight=0 16.0881 14.0235 6.30192 4.61662 7.72162 3.1899 3.24677 1.61157
internal_count=79 48 42 24 21 18 19 31 14
is_linear=0
shrinkage=0.0625684


Tree=2
num_leaves=8
num_cat=0
split_feature=49 0 49 7 46 50 15
split_gain=6.91927 7.22346 3.89928 2.59609 1.9918 1.939 0.545417
threshold=7.5000000000000009 10.000000000000002 8.5000000000000018 2.5000000000000004 85.000000000000014 3.5000000000000004 1.0000000180025095e-35
decision_type=2 2 2 2 2 2 2
left_child=1 4 -2 -4 6 -5 -1
right_child=2 -3 3 5 -6 -7 -8
leaf_value=-0.10459562483535416 0.089633983994021615 0.10201616821031306 0.034078971407227203 0.023850634121808729 -0.01179619104148927 -0.10328463345582925 -0.045751909921531289
leaf_weight=3.5906203724443939 3.3380925804376584 1.0677682161331175 3.9160188063979149 0.73203539848327626 1.6458987817168234 1.1732249855995176 0.92609473317861546
leaf_count=31 7 1 10 2 11 11 6
internal_value=0 -0.0456423 0.0360645 0.0048232 -0.0718142 -0.0542895 -0.0931955
internal_weight=0 7.23038 9.15937 5.82128 6.16261 1.90526 4.51672
internal_count=79 49 30 23 48 13 37
is_linear=0
shrinkage=0.0625684


Tree=3
num_leaves=10
num_cat=0
split_feature=48 38 47 42 47 49 0 50 42
split_gain=5.3207 3.13466 4.26286 1.97415 6.32698 1.88085 0.386085 0.626147 0.293624
threshold=4.5000000000000009 9.5000000000000018 9.5000000000000018 9.5000000000000018 6.5000000000000009 7.5000000000000009 1.0000000180025095e-35 6.5000000000000009 9.5000000000000018
decision_type=2 2 2 2 2 2 2 2 2
left_child=6 2 8 -3 -5 -6 7 -1 -2
right_child=1 3 -4 4 5 -7 -8 -9 -10
leaf_value=-0.010512402600114981 -0.11027380060007198 0.078957232120020135 0.058914361397839593 0.070338862348699058 0.011422856354922767 -0.099190579483966271 -0.098200011462339087 -0.095003152446459252 -0.055232386967481353
leaf_weight=0.82869333028793446 1.1625744923949239 2.9572252035140973 1.1872072294354437 3.5210460796952248 0.91730840504169497 1.5974533446133135 1.5035403892397878 0.61125556007027626 0.90602988749742497
leaf_count=7 7 7 4 9 5 10 17 7 6
internal_value=0 0.018189 -0.0340013 0.0372624 0.0163318 -0.058781 -0.0750513 -0.0484622 -0.0879446
internal_weight=0 12.2488 3.25581 8.99303 6.03581 2.51476 2.94349 1.43995 2.0686
internal_count=79 48 17 31 24 15 31 14 13
is_linear=0
shrinkage=0.0625684


Tree=4
num_leaves=9
num_cat=0
split_feature=49 0 49 7 50 47 46 39
split_gain=4.16189 4.44288 2.28049 2.48173 1.89905 0.855391 0.732849 0.3873
threshold=7.5000000000000009 10.000000000000002 8.5000000000000018 2.5000000000000004 5.5000000000000009 9.5000000000000018 65.000000000000014 6.5000000000000009
decision_type=2 2 2 2 2 2 2 2
left_child=1 4 -2 -4 5 7 -5 -1
right_child=2 -3 3 6 -6 -7 -8 -9
leaf_value=-0.022803989218714613 0.077223711335983311 0.090330033088728098 0.0401042732777116 -0.085030105482918963 -0.099269212206764226 0.008082205474334251 -0.0019256582259418293 -0.091762384239865699
leaf_weight=0.72249558568000816 2.6921104267239571 0.87682700157165516 2.9742711260914803 1.0553000718355177 2.4585721269249916 1.5163835883140562 0.71963272243738163 0.68714842945337296
leaf_count=6 7 1 10 10 26 9 3 7
internal_value=0 -0.037485 0.0315677 0.00509952 -0.0589283 -0.0239252 -0.0526033 -0.0585233
internal_weight=0 6.26143 7.44131 4.7492 5.3846 2.92603 1.77493 1.40964
internal_count=79 49 30 23 48 22 13 13
is_linear=0
shrinkage=0.0625684


Tree=5
num_leaves=8
num_cat=0
split_feature=50 0 50 49 47 38 46
split_gain=2.87319 4.70131 2.86396 2.83341 3.79767 2.06415 0.746277
threshold=6.5000000000000009 10.000000000000002 2.5000000000000004 7.5000000000000009 9.5000000000000018 45.000000000000007 6.5000000000000009
decision_type=2 2 2 2 2 2 2
left_child=2 6 5 4 -4 -1 -2
right_child=1 -3 3 -5 -6 -7 -8
leaf_value=-0.07273165734591816 -0.0047439129681361583 0.085791986640080087 -0.086353833155548065 0.074803539319636403 0.069196749411394212 0.028711940314076936 -0.096057160598287034
leaf_weight=1.8301518261432632 0.44103696942329573 0.79194778203964222 1.2359524518251421 3.9553009755909443 1.1549493372440336 1.3134302943944929 2.4929529502987862
leaf_count=8 4 1 13 10 5 6 32
internal_value=0 -0.0463184 0.0182836 0.0424761 -0.0108356 -0.0301393 -0.082912
internal_weight=0 3.72594 9.48978 6.3462 2.3909 3.14358 2.93399
internal_count=79 37 42 28 18 14 36
is_linear=0
shrinkage=0.0625684


Tree=6
num_leaves=10
num_cat=0
split_feature=48 50 0 49 50 42 38 0 43
split_gain=3.61678 1.67577 3.08868 1.36677 1.37071 0.924906 0.550708 0.159133 0.334318
threshold=4.5000000000000009 6.5000000000000009 10.000000000000002 7.5000000000000009 5.5000000000000009 15.500000000000002 6.5000000000000009 1.0000000180025095e-35 10.500000000000002
decision_type=2 2 2 2 2 2 2 2 2
left_child=7 3 6 -2 5 -5 -3 8 -1
right_child=1 2 -4 4 -6 -7 -8 -9 -10
leaf_value=-0.074799704052303989 -0.020868058800726709 -0.014845358504606594 0.081584453359809642 -0.0082382699215734021 0.08738428164111138 0.05569668012300389 -0.091116481346395745 -0.084655837712866749 -0.0073560718190507019
leaf_weight=0.69573215022683255 1.3913936540484408 0.59351655095815692 0.72228157520294178 1.7843947112560274 2.088995561003685 1.6640482470393179 1.2578304670751093 1.227012440562248 0.55440947040915489
leaf_count=9 10 5 1 8 4 5 15 17 5
internal_value=0 0.0175907 -0.0250506 0.0336329 0.0475697 0.02253 -0.0679454 -0.0668211 -0.0467179
internal_weight=0 9.50246 2.57363 6.92883 5.53744 3.44844 1.85135 2.47715 1.25014
internal_count=79 48 21 27 17 13 20 31 14
is_linear=0
shrinkage=0.0625684


Tree=7
num_leaves=9
num_cat=0
split_feature=48 42 50 0 7 7 0 43
split_gain=2.95639 2.11215 1.96719 3.20051 1.04356 0.539902 0.16468 0.287852
threshold=4.5000000000000009 6.5000000000000009 7.5000000000000009 10.000000000000002 6.5000000000000009 52.000000000000007 1.0000000180025095e-35 10.500000000000002
decision_type=2 2 2 2 2 2 2 2
left_child=6 -2 4 -4 -3 -6 7 -1
right_child=1 2 3 -5 5 -7 -8 -9
leaf_value=-0.069675333366247566 -0.075004696937573348 0.065687599728003601 -0.088288040390908318 0.078737655377577709 -0.014409001667744507 0.040664488200795539 -0.081573001277995563 -0.0055466961245236989
leaf_weight=0.64439448341727368 0.85711606591939826 3.5250363722443563 1.2272539548575876 0.66151678562164296 1.3271350152790549 1.3631352186203001 1.1172587499022482 0.53880809247493744
leaf_count=9 6 10 16 1 10 5 17 5
internal_value=0 0.0162812 0.0263384 -0.0288621 0.0433554 0.0132426 -0.0627535 -0.0423325
internal_weight=0 8.96119 8.10408 1.88877 6.21531 2.69027 2.30046 1.1832
internal_count=79 48 42 17 25 15 31 14
is_linear=0
shrinkage=0.0625684


Tree=8
num_leaves=11
num_cat=0
split_feature=48 38 50 50 0 38 11 0 50 50
split_gain=2.17568 1.3755 2.17964 1.09855 2.07227 1.06921 1.71961 0.263655 0.372259 0.259334
threshold=4.5000000000000009 9.5000000000000018 3.5000000000000004 6.5000000000000009 7.5000000000000009 14.500000000000002 1.0000000180025095e-35 1.0000000180025095e-35 6.5000000000000009 6.5000000000000009
decision_type=2 2 2 2 2 2 2 2 2 2
left_child=7 2 -2 5 -5 -3 -7 8 -1 -4
right_child=1 3 9 4 -6 6 -8 -9 -10 -11
leaf_value=-0.0031224632447078614 0.056068489971397795 0.081788949821602175 -0.096704698463031619 -0.084474680081150874 0.062282763065338115 -0.02906812613323486 0.066789122074285445 -0.078835202648553329 -0.076294691412645013 -0.038073837108146991
leaf_weight=0.75782236456871144 0.77573442459106301 1.8322951793670652 0.77459520846605279 0.78579240664839722 0.65992455184459686 1.3920537531375887 1.4603580385446546 1.0181971639394758 0.42712366580963135 0.71075449138879776
leaf_count=7 3 4 6 11 2 10 4 17 7 8
internal_value=0 0.0145627 -0.0266231 0.0299951 -0.0168373 0.0447004 0.0198256 -0.0548622 -0.0317675 -0.0708229
internal_weight=0 8.39151 2.26108 6.13042 1.44572 4.68471 2.85241 2.20314 1.18495 1.48535
internal_count=79 48 17 31 13 18 14 31 14 14
is_linear=0
shrinkage=0.0625684


Tree=9
num_leaves=9
num_cat=0
split_feature=48 50 0 43 0 38 0 50
split_gain=1.95022 1.02032 1.96458 0.684367 1.25036 0.346839 0.197147 0.271632
threshold=4.5000000000000009 6.5000000000000009 10.000000000000002 5.5000000000000009 1.0000000180025095e-35 6.5000000000000009 1.0000000180025095e-35 6.5000000000000009
decision_type=2 2 2 2 2 2 2 2
left_child=6 3 5 -2 -5 -3 7 -1
right_child=1 2 -4 4 -6 -7 -8 -9
leaf_value=-0.0070601578675824209 0.055597884998867926 -0.014200303842197219 0.073802559110584268 -0.048315084639905782 0.033671803755222246 -0.081707408627167286 -0.07628914781429802 -0.07302433967886203
leaf_weight=0.7107602655887606 2.162150003015995 0.50493463873863242 0.55548506975173939 0.97495299577713046 2.5523079931735992 0.99018847569823265 0.9283744953572749 0.38666537404060364
leaf_count=7 8 5 1 8 11 15 17 7
internal_value=0 0.0143415 -0.0229454 0.02803 0.0104593 -0.060438 -0.0541448 -0.0327431
internal_weight=0 7.74002 2.05061 5.68941 3.52726 1.49512 2.0258 1.09743
internal_count=79 48 21 27 19 20 31 14
is_linear=0
shrinkage=0.0625684


Tree=10
num_leaves=9
num_cat=0
split_feature=48 39 3 42 42 43 0 43
split_gain=1.62941 1.392 0.810793 1.72198 1.26266 0.180985 0.153682 0.230292
threshold=4.5000000000000009 3.5000000000000004 12.000000000000002 11.500000000000002 15.500000000000002 10.500000000000002 1.0000000180025095e-35 10.500000000000002
decision_type=2 2 2 2 2 2 2 2
left_child=6 -2 3 -3 -4 -5 7 -1
right_child=1 2 4 5 -6 -7 -8 -9
leaf_value=-0.05916879110078737 -0.052790246636281006 0.037544729388689621 -0.0084109368420628074 -0.086757586611106829 0.067328576694836356 -0.028884042394272596 -0.073723978284961814 0
leaf_weight=0.54291636496782281 1.0466805063188074 1.6694536507129671 1.2459284476935866 0.5784325487911699 2.5514326170086861 0.51302403211593628 0.81468942388892163 0.48498189076781273
leaf_count=9 7 9 11 7 9 5 17 5
internal_value=0 0.0128317 0.0236859 -0.00175597 0.0423296 -0.0621945 -0.0522525 -0.0324177
internal_weight=0 7.60495 6.55827 2.76091 3.79736 1.09146 1.84259 1.0279
internal_count=79 48 41 21 20 12 31 14
is_linear=0
shrinkage=0.0625684


Tree=11
num_leaves=9
num_cat=0
split_feature=49 15 50 50 39 46 38 43
split_gain=1.65455 1.5788 1.49065 0.60732 0.603819 0.469235 0.296711 0.000887095
threshold=7.5000000000000009 1.0000000180025095e-35 6.5000000000000009 5.5000000000000009 8.5000000000000018 85.000000000000014 9.5000000000000018 5.5000000000000009
decision_type=2 2 2 2 2 2 2 2
left_child=1 5 3 4 -2 7 -4 -1
right_child=2 -3 6 -5 -6 -7 -8 -9
leaf_value=-0.04854633731742463 -0.0095240611634846602 0.02190752889249142 -0.0021133288848767576 0.072491682700427204 0.050649807881094987 -0.0091895130040541805 -0.076175818193263314 -0.080624587048904364
leaf_weight=0.4079993814229973 1.2326673343777659 1.4025551639497278 0.40025598183274258 1.4791354984045031 1.2777603566646574 0.60351867973804463 0.51529599726200104 1.4816293269395826
leaf_count=6 8 11 4 4 5 7 9 25
internal_value=0 -0.0303014 0.0241075 0.0407598 0.0209262 -0.060015 -0.0461735 -0.0752317
internal_weight=0 3.8957 4.90512 3.98956 2.51043 2.49315 0.915552 1.88963
internal_count=79 49 30 17 13 38 13 31
is_linear=0
shrinkage=0.0625684


Tree=12
num_leaves=10
num_cat=0
split_feature=49 0 50 50 50 42 5 42 43
split_gain=1.34769 1.41827 1.22067 0.763453 0.612996 0.509489 0.432448 0.313399 0.28149
threshold=7.5000000000000009 10.000000000000002 6.5000000000000009 5.5000000000000009 5.5000000000000009 15.500000000000002 1.5000000000000002 15.500000000000002 10.500000000000002
decision_type=2 2 2 2 2 2 2 2 2
left_child=1 3 4 6 5 -2 7 -1 -4
right_child=2 -3 8 -5 -6 -7 -8 -9 -10
leaf_value=-0.076785779465128351 -0.0083942362143602858 0.070350064660401571 -0.074544315717495174 -0.078321563608317837 0.071446979751832215 0.047350306218252688 0.017587176185053986 -0.0063850075029204846 -0.00040237645477401822
leaf_weight=0.49296164885163374 1.2905911281704905 0.45936080813407887 0.46837921813130368 1.3672435618937013 1.339578412473202 1.1777531281113622 0.79943414777517308 0.55204063653945923 0.38583989068865776
leaf_count=8 8 1 9 26 4 5 7 7 4
internal_value=0 -0.0282171 0.0222608 -0.0432314 0.0375669 0.0180335 -0.0157054 -0.0419647 -0.0435731
internal_weight=0 3.67104 4.66214 3.21168 3.80792 2.46834 1.84444 1.045 0.854219
internal_count=79 49 30 48 17 13 22 15 13
is_linear=0
shrinkage=0.0625684


Tree=13
num_leaves=8
num_cat=0
split_feature=50 49 46 49 4 19 39
split_gain=1.10994 0.987906 1.37346 0.801447 0.611689 0.467228 0.17802
threshold=9.5000000000000018 7.5000000000000009 75.000000000000014 8.5000000000000018 1.0000000180025095e-35 1.0000000180025095e-35 3.5000000000000004
decision_type=2 2 2 2 2 2 2
left_child=1 2 5 -3 -5 6 -1
right_child=-2 3 -4 4 -6 -7 -8
leaf_value=-0.013634348926028559 -0.073542556551139143 0.062494729954994908 0.033781725476322036 0.024681647952578982 -0.041991358981137865 0.0058512492486719183 -0.077871039489333008
leaf_weight=0.26415289193391833 0.69610545970499504 1.5521143972873686 1.1362705267965791 1.8422518260776999 0.71779190376400936 0.39238317683339108 1.2271520867943762
leaf_count=4 16 6 8 11 7 4 23
internal_value=0 0.00748429 -0.0193523 0.0274586 0.00526133 -0.052014 -0.0677657
internal_weight=0 7.13212 3.01996 4.11216 2.56004 1.88369 1.4913
internal_count=79 63 39 24 18 31 27
is_linear=0
shrinkage=0.0625684


Tree=14
num_leaves=9
num_cat=0
split_feature=48 38 50 0 38 11 0 50
split_gain=0.984295 0.735295 0.591038 1.41636 0.491855 1.17573 0.166442 0.189942
threshold=4.5000000000000009 6.5000000000000009 6.5000000000000009 10.000000000000002 14.500000000000002 1.0000000180025095e-35 1.0000000180025095e-35 6.5000000000000009
decision_type=2 2 2 2 2 2 2 2
left_child=6 -2 4 -4 -3 -6 7 -1
right_child=1 2 3 -5 5 -7 -8 -9
leaf_value=-0.00037063412360537827 -0.044875289495879128 0.053357362250446967 -0.074225320056088936 0.068272669308853381 -0.035518779814006148 0.056772885812676227 -0.069173927309858288 -0.063575322399149398
leaf_weight=0.58437083661556222 0.74428150802850712 1.9793728291988371 0.68283625505864598 0.40434163808822632 1.0717880576848986 1.01660930365324 0.64413115940988064 0.26824885606765747
leaf_count=7 10 8 15 1 10 4 17 7
internal_value=0 0.0115397 0.0201338 -0.0197833 0.0311471 0.00906802 -0.0447482 -0.0231442
internal_weight=0 5.89923 5.15495 1.08718 4.06777 2.0884 1.49675 0.85262
internal_count=79 48 38 16 22 14 31 14
is_linear=0
shrinkage=0.0625684


Tree=15
num_leaves=9
num_cat=0
split_feature=50 49 46 49 43 19 47 39
split_gain=0.846232 0.720942 1.10545 0.668016 0.428617 0.369645 0.22516 0.112169
threshold=9.5000000000000018 7.5000000000000009 75.000000000000014 8.5000000000000018 5.5000000000000009 1.0000000180025095e-35 10.500000000000002 3.5000000000000004
decision_type=2 2 2 2 2 2 2 2
left_child=1 2 5 -3 -5 7 -6 -1
right_child=-2 3 -4 4 6 -7 -8 -9
leaf_value=-0.016260556113153298 -0.07012378918110293 0.05879353057877789 0.03174011886654788 0.0441693293420405 -0.031647140195920909 0.0032568823172139266 0.01346292405117237 -0.074869127621463347
leaf_weight=0.22833472117781672 0.5816159602254628 1.3646311238408091 1.017743971198797 0.69606598839163814 1.0062228441238401 0.35406596958637226 0.67625090479850758 1.0276002101600168
leaf_count=4 16 6 8 4 9 4 5 23
internal_value=0 0.00673096 -0.0180155 0.0244036 0.00367582 -0.050151 -0.0129571 -0.0657679
internal_weight=0 6.37092 2.62774 3.74317 2.37854 1.61 1.68247 1.25593
internal_count=79 63 39 24 18 31 14 27
is_linear=0
shrinkage=0.0625684


Tree=16
num_leaves=9
num_cat=0
split_feature=50 0 49 50 39 47 19 46
split_gain=0.718063 1.23079 0.756875 0.492164 0.371808 0.368567 0.279979 0.236637
threshold=6.5000000000000009 10.000000000000002 7.5000000000000009 5.5000000000000009 8.5000000000000018 4.5000000000000009 1.0000000180025095e-35 17.000000000000004
decision_type=2 2 2 2 2 2 2 2
left_child=2 5 6 4 -4 -2 7 -1
right_child=1 -3 3 -5 -6 -7 -8 -9
leaf_value=-0.070689191511087088 0.0019310012092754515 0.065802961163647727 -0.013828295776360253 0.064968837889368233 0.039129558116731841 -0.073864720083759425 0.016841633907933463 -0.011630975117955527
leaf_weight=0.45996518991887547 0.2790888026356696 0.35431018471717823 1.0101965144276617 1.0792904868721962 0.96927159279584896 1.1787931807339189 0.5034605748951434 0.73554828763008118
leaf_count=10 4 1 8 4 5 32 5 10
internal_value=0 -0.033163 0.0127734 0.0313938 0.0117672 -0.0588876 -0.0200668 -0.0365506
internal_weight=0 1.81219 4.75773 3.05876 1.97947 1.45788 1.69897 1.19551
internal_count=79 37 42 17 13 36 25 20
is_linear=0
shrinkage=0.0625684


Tree=17
num_leaves=10
num_cat=0
split_feature=48 38 50 49 50 43 43 0 49
split_gain=0.684981 0.464417 0.348628 1.024 0.358033 0.392371 0.748204 0.141441 0.11287
threshold=4.5000000000000009 6.5000000000000009 6.5000000000000009 5.5000000000000009 5.5000000000000009 11.500000000000002 5.5000000000000009 1.0000000180025095e-35 2.5000000000000004
decision_type=2 2 2 2 2 2 2 2 2
left_child=7 -2 4 -4 5 6 -3 8 -1
right_child=1 2 3 -5 -6 -7 -8 -9 -10
leaf_value=-0.044164744688151451 -0.038713084637385653 0.030485301738418843 0.064668340836811361 -0.069607779864090683 0.05731587178673072 0.0478676222655538 -0.05383386443500892 -0.066057659725632351 0.0014383815826182653
leaf_weight=0.33942257054150082 0.60925186052918423 0.94098743051290534 0.32983532547950734 0.53067416697740555 1.0424353964626791 0.7962212786078452 0.67669964954257011 0.51703829318284988 0.38761254400014877
leaf_count=7 10 6 1 15 5 4 7 17 7
internal_value=0 0.0105232 0.0179694 -0.0164054 0.0269209 0.0127427 -0.00448442 -0.0408613 -0.0193835
internal_weight=0 4.92611 4.31685 0.860509 3.45634 2.41391 1.61769 1.24407 0.727035
internal_count=79 48 38 16 22 17 13 31 14
is_linear=0
shrinkage=0.0625684


Tree=18
num_leaves=10
num_cat=0
split_feature=50 49 38 43 38 11 49 3 48
split_gain=0.615064 0.596985 0.489916 1.30416 0.364856 0.536109 0.6707 0.0288334 0.00472982
threshold=9.5000000000000018 2.5000000000000004 9.5000000000000018 14.500000000000002 12.500000000000002 1.0000000180025095e-35 5.5000000000000009 31.000000000000004 5.5000000000000009
decision_type=2 2 2 2 2 2 2 2 2
left_child=1 7 3 8 -4 6 -6 -1 -3
right_child=-2 2 4 -5 5 -7 -8 -9 -10
leaf_value=-0.069621750660937509 -0.066680547876599619 -0.039092425039458152 0.05590092500532616 0.063421102498965307 0.024994474286061056 0.050675296838626052 -0.052937677791461149 -0.022641539203963709 -0.077455598868979694
leaf_weight=0.30947905778884877 0.46281714551150788 0.29718458093702771 1.0474865548312666 0.43377111852169037 0.94621941819787048 0.86521463841199864 0.73186268284916878 0.21729905158281326 0.50651837885379791
leaf_count=8 16 7 6 2 10 5 11 5 9
internal_value=0 0.00613701 0.013332 -0.0197533 0.0251173 0.0114518 -0.00871017 -0.0547129 -0.0667063
internal_weight=0 5.35504 4.82826 1.23747 3.59078 2.5433 1.67808 0.526778 0.803703
internal_count=79 63 50 18 32 26 21 13 16
is_linear=0
shrinkage=0.0625684


end of trees

feature_importances:
self_popularity=31
f_course1=22
umaban=20
ninki_1=13
result_2=12
waku=11
ninki_2=9
ninki_3=8
result_1=6
result_3=6
mf_courseout=5
f_mf_courseout=3
mf_classout=3
f_courseout=2
f_lenout=2
f_course3=1
mf_course1=1
mf_course2=1

parameters:
[boosting: gbdt]
[objective: lambdarank]
[metric: ndcg]
[tree_learner: serial]
[device_type: cpu]
[data_sample_strategy: bagging]
[data: ]
[valid: ]
[num_iterations: 205]
[learning_rate: 0.0625684]
[num_leaves: 43]
[num_threads: 16]
[seed: 0]
[deterministic: 0]
[force_col_wise: 1]
[force_row_wise: 0]
[histogram_pool_size: -1]
[max_depth: 10]
[min_data_in_leaf: 6]
[min_sum_hessian_in_leaf: 0.001]
[bagging_fraction: 1]
[pos_bagging_fraction: 1]
[neg_bagging_fraction: 1]
[bagging_freq: 0]
[bagging_seed: 7719]
[feature_fraction: 1]
[feature_fraction_bynode: 1]
[feature_fraction_seed: 2437]
[extra_trees: 0]
[extra_seed: 11797]
[early_stopping_round: 0]
[first_metric_only: 0]
[max_delta_step: 0]
[lambda_l1: 0.0177849]
[lambda_l2: 0.0330836]
[linear_lambda: 0]
[min_gain_to_split: 0]
[drop_rate: 0.1]
[max_drop: 50]
[skip_drop: 0.5]
[xgboost_dart_mode: 0]
[uniform_drop: 0]
[drop_seed: 21238]
[top_rate: 0.2]
[other_rate: 0.1]
[min_data_per_group: 100]
[max_cat_threshold: 32]
[cat_l2: 10]
[cat_smooth: 10]
[max_cat_to_onehot: 4]
[top_k: 20]
[monotone_constraints: ]
[monotone_constraints_method: basic]
[monotone_penalty: 0]
[feature_contri: ]
[forcedsplits_filename: ]
[refit_decay_rate: 0.9]
[cegb_tradeoff: 1]
[cegb_penalty_split: 0]
[cegb_penalty_feature_lazy: ]
[cegb_penalty_feature_coupled: ]
[path_smooth: 0]
[interaction_constraints: ]
[verbosity: -1]
[saved_feature_importance_type: 0]
[use_quantized_grad: 0]
[num_grad_quant_bins: 4]
[quant_train_renew_leaf: 0]
[stochastic_rounding: 1]
[linear_tree: 0]
[max_bin: 255]
[max_bin_by_feature: ]
[min_data_in_bin: 3]
[bin_construct_sample_cnt: 200000]
[data_random_seed: 38]
[is_enable_sparse: 1]
[enable_bundle: 1]
[use_missing: 1]
[zero_as_missing: 0]
[feature_pre_filter: 1]
[pre_partition: 0]
[two_round: 0]
[header: 0]
[label_column: ]
[weight_column: ]
[group_column: ]
[ignore_column: ]
[categorical_feature: ]
[forcedbins_filename: ]
[precise_float_parser: 0]
[parser_config_file: ]
[objective_seed: 8855]
[num_class: 1]
[is_unbalance: 0]
[scale_pos_weight: 1]
[sigmoid: 1]
[boost_from_average: 1]
[reg_sqrt: 0]
[alpha: 0.9]
[fair_c: 1]
[poisson_max_delta_step: 0.7]
[tweedie_variance_power: 1.5]
[lambdarank_truncation_level: 30]
[lambdarank_norm: 1]
[label_gain: ]
[lambdarank_position_bias_regularization: 0]
[eval_at: 1,3,5]
[multi_error_top_k: 1]
[auc_mu_weights: ]
[num_machines: 1]
[local_listen_port: 12400]
[time_out: 120]
[machine_list_filename: ]
[machines: ]
[gpu_platform_id: -1]
[gpu_device_id: -1]
[gpu_use_dp: 0]
[num_gpu: 1]

end of parameters

pandas_categorical:[]
