tree
version=v4
num_class=1
num_tree_per_iteration=1
label_index=0
max_feature_idx=65
objective=regression
feature_names=f_course1 f_course2 f_course3 f_courseout mf_course1 mf_course2 mf_course3 mf_courseout f_mf_course1 f_mf_course2 f_mf_course3 f_mf_courseout f_len1 f_len2 f_len3 f_lenout mf_len1 mf_len2 mf_len3 mf_classout f_mf_len1 f_mf_len2 f_mf_len3 f_mf_classout f_class1 f_class2 f_class3 f_classout mf_class1 mf_class2 mf_class3 mf_classout.1 f_mf_class1 f_mf_class2 f_mf_class3 f_mf_classout.1 time_df_course1 time_df_class1 ninki_1 result_1 agari_1 margin_1 corner_ratio_1 time_df_course2 time_df_class2 ninki_2 result_2 agari_2 margin_2 corner_ratio_2 time_df_course3 time_df_class3 ninki_3 result_3 agari_3 margin_3 corner_ratio_3 rank_trend weight_change dist_change jockey_win_rate jockey_place_rate waku umaban current_odds current_popularity
feature_infos=[0:11] [0:15] [0:15] [0:126] [0:16] [0:18] [0:20] [0:173] [0:2] [0:2] [0:2] [0:14] none [0:1] none [0:3] none [0:1] [0:1] [0:3] none none none [0:1] none [0:1] none [0:3] none [0:1] [0:1] [0:3] none none none [0:1] none none [-1:150] [-1:110] [-1:43.399999999999999] [-1:17.600000000000001] [-1:1] none none [1:170] [1:100] [13.300000000000001:42.5] [0:13.800000000000001] [0.0625:1] none none [1:130] [1:90] [13.1:46.200000000000003] [0:8.8000000000000007] [0.0625:1] [-10:5.5] [-17:33] [-1430:1580] [-1:1] [-1:1] [1:8] [1:15] [2:337.69999999999999] [1:15]
tree_sizes=681 699 694 701 862 797 764 859 958 895 1056 896 1056 1058 884 1055 885 1055 883 1173 1089 1056 1069 1090 1156 1010 1089 1057 1142 1253 994 1270 1254 1351

Tree=0
num_leaves=6
num_cat=0
split_feature=0 54 52 53 64
split_gain=273.985 34.6737 14.4521 15.7485 5.9123
threshold=7.5000000000000009 13.65 3.5000000000000004 12.500000000000002 3.7000000000000006
decision_type=2 2 2 2 2
left_child=1 -1 -3 4 -4
right_child=-2 2 3 -5 -6
leaf_value=1.0232260501833754 1.1799065956628128 0.99335717581238958 0.9722254435499138 0.99143015604076046 0.93845816847650898
leaf_weight=5.9999999999999991 4.9999999999999991 5.9999999999999991 4.9999999999999991 5.9999999999999991 62
leaf_count=6 5 6 5 6 62
internal_value=0.967778 0.954525 0.949066 0.945291 0.941026
internal_weight=0 85 79 73 67
internal_count=90 85 79 73 67
is_linear=0
shrinkage=1


Tree=1
num_leaves=6
num_cat=0
split_feature=0 54 52 53 64
split_gain=258.443 32.6678 13.6097 14.8306 5.566
threshold=7.5000000000000009 13.65 3.5000000000000004 12.500000000000002 3.7000000000000006
decision_type=2 2 2 2 2
left_child=1 -1 -3 4 -4
right_child=-2 2 3 -5 -6
leaf_value=0.053845529157712541 0.20606062733532438 0.024840027064700291 0.0043204413138013004 0.022968703570940972 -0.028430099822168483
leaf_weight=5.9999999999999991 4.9999999999999991 5.9999999999999991 4.9999999999999991 5.9999999999999991 62
leaf_count=6 5 6 5 6 62
internal_value=0 -0.0128354 -0.0181355 -0.0217987 -0.0259389
internal_weight=0 85 79 73 67
internal_count=90 85 79 73 67
is_linear=0
shrinkage=0.0305001


Tree=2
num_leaves=6
num_cat=0
split_feature=0 54 52 53 64
split_gain=243.784 30.7779 12.8165 13.9664 5.2401
threshold=7.5000000000000009 13.65 3.5000000000000004 12.500000000000002 3.7000000000000006
decision_type=2 2 2 2 2
left_child=1 -1 -3 4 -4
right_child=-2 2 3 -5 -6
leaf_value=0.052289105871458096 0.200166001801067 0.024122016205513349 0.0041968497851959958 0.022304785262563 -0.02756758367102893
leaf_weight=5.9999999999999991 4.9999999999999991 5.9999999999999991 4.9999999999999991 5.9999999999999991 62
leaf_count=6 5 6 5 6 62
internal_value=0 -0.0124311 -0.0175764 -0.0211319 -0.0251502
internal_weight=0 85 79 73 67
internal_count=90 85 79 73 67
is_linear=0
shrinkage=0.0305001


Tree=3
num_leaves=6
num_cat=0
split_feature=0 54 52 53 64
split_gain=229.956 28.9973 12.0696 13.1526 4.93341
threshold=7.5000000000000009 13.65 3.5000000000000004 12.500000000000002 3.7000000000000006
decision_type=2 2 2 2 2
left_child=1 -1 -3 4 -4
right_child=-2 2 3 -5 -6
leaf_value=0.050777666196026201 0.19444001659641749 0.023424759900400497 0.0040767935352746983 0.021660058843502607 -0.026731235333128434
leaf_weight=5.9999999999999991 4.9999999999999991 5.9999999999999991 4.9999999999999991 5.9999999999999991 62
leaf_count=6 5 6 5 6 62
internal_value=0 -0.0120394 -0.0170344 -0.0204854 -0.0243855
internal_weight=0 85 79 73 67
internal_count=90 85 79 73 67
is_linear=0
shrinkage=0.0305001


Tree=4
num_leaves=8
num_cat=0
split_feature=15 54 52 53 58 1 0
split_gain=218.176 29.4046 12.891 4.77032 3.69279 3.22995 0.818738
threshold=1.5000000000000002 13.65 3.5000000000000004 12.500000000000002 -10.999999999999998 1.0000000180025095e-35 5.5000000000000009
decision_type=2 2 2 2 2 2 2
left_child=1 -1 -3 4 5 -4 -6
right_child=-2 2 3 -5 6 -7 -8
leaf_value=0.049309919109596707 0.15965112171099616 0.022747657433692767 -0.02351544025875529 0.0052890988068889262 -0.026111221993668249 0.01362804228032026 -0.043054343523193588
leaf_weight=5.9999999999999991 6.9999999999999991 5.9999999999999991 4 4.9999999999999991 54 4 3.9999999999999991
leaf_count=6 7 6 4 5 54 4 4
internal_value=0 -0.0139017 -0.0190503 -0.0227074 -0.0248827 -0.00483365 -0.0275612
internal_weight=0 83 77 71 66 8 58
internal_count=90 83 77 71 66 8 58
is_linear=0
shrinkage=0.0305001


Tree=5
num_leaves=7
num_cat=0
split_feature=0 54 42 59 57 58
split_gain=214.384 25.9847 11.4043 34.9541 7.1851 6.40644
threshold=7.5000000000000009 13.65 0.92261904761904778 550.00000000000011 1.7500000000000002 -10.999999999999998
decision_type=2 2 2 2 2 2
left_child=1 -1 5 -4 -5 -3
right_child=-2 2 3 4 -6 -7
leaf_value=0.047884598859459809 0.18778998722646215 0.01247739758272459 0.080222794931488706 -0.026361068994872495 0.018479094925001004 -0.02629462901397249
leaf_weight=5.9999999999999991 4.9999999999999991 3.9999999999999991 4.0000000000000027 14.000000000000002 3.9999999999999991 53
leaf_count=6 5 4 4 14 4 53
internal_value=0 -0.0115756 -0.0163048 0.00222558 -0.0161035 -0.0234729
internal_weight=0 85 79 22 18 57
internal_count=90 85 79 22 18 57
is_linear=0
shrinkage=0.0305001


Tree=6
num_leaves=7
num_cat=0
split_feature=0 54 42 1 64 58
split_gain=202.216 24.4783 10.7511 33.0155 51.0734 6.03642
threshold=7.5000000000000009 13.65 0.92261904761904778 1.0000000180025095e-35 18.050000000000004 -10.999999999999998
decision_type=2 2 2 2 2 2
left_child=1 -1 5 -4 -5 -3
right_child=-2 2 3 4 -6 -7
leaf_value=0.046500476447975322 0.18241802572268234 0.012125922575159265 -0.025793101157263743 0.12340954562761584 -0.025589289883733626 -0.02549761746345006
leaf_weight=5.9999999999999991 4.9999999999999991 3.9999999999999991 14.000000000000002 4 4 53
leaf_count=6 5 4 14 4 4 53
internal_value=0 -0.0112073 -0.0157981 0.0021904 0.0505471 -0.0227581
internal_weight=0 85 79 22 8 57
internal_count=90 85 79 22 8 57
is_linear=0
shrinkage=0.0305001


Tree=7
num_leaves=8
num_cat=0
split_feature=15 54 45 53 58 65 1
split_gain=196.567 24.9934 11.7373 4.50341 3.34183 3.37438 2.32544
threshold=1.5000000000000002 13.65 3.5000000000000004 12.500000000000002 -10.999999999999998 3.5000000000000004 6.5000000000000009
decision_type=2 2 2 2 2 2 2
left_child=1 -1 -3 4 5 -4 -6
right_child=-2 2 3 -5 6 -7 -8
leaf_value=0.045156364226956382 0.1516187218706001 0.018930632951768694 0.014155339581135339 0.0055121859065600425 -0.024304354649874127 -0.023815529071517582 -0.049417404759446684
leaf_weight=5.9999999999999991 6.9999999999999991 6.9999999999999991 4 4.9999999999999991 53 4 3.9999999999999991
leaf_count=6 7 7 4 5 53 4 4
internal_value=0 -0.013115 -0.0178625 -0.0216499 -0.0237957 -0.00471553 -0.0263864
internal_weight=0 83 77 70 65 8 57
internal_count=90 83 77 70 65 8 57
is_linear=0
shrinkage=0.0305001


Tree=8
num_leaves=9
num_cat=0
split_feature=0 7 48 64 64 1 42 54
split_gain=188.813 23.7426 60.6786 73.3065 7.33845 12.8027 0.522101 0.311354
threshold=7.5000000000000009 1.5000000000000002 2.7500000000000004 14.300000000000002 6.3500000000000005 1.5000000000000002 0.55050505050505061 13.65
decision_type=2 2 2 2 2 2 2 2
left_child=1 2 -1 -4 5 6 -3 -6
right_child=-2 4 3 -5 7 -7 -8 -9
leaf_value=-0.024057106754718713 0.17631302126811513 -0.0081499106628074424 0.15008042477191771 -0.020655529731158077 -0.037973441324485262 0.042682853164397766 -0.024122656139865379 -0.025080609212264227
leaf_weight=14.000000000000002 4.9999999999999991 3.9999999999999982 4.9999999999999982 4 3.9999999999999991 3.9999999999999991 7 43
leaf_count=14 5 4 5 4 4 4 7 43
internal_value=0 -0.0107852 0.0154624 0.0758834 -0.0205936 -0.00177945 -0.0189475 -0.0264897
internal_weight=0 85 23 9 62 15 11 47
internal_count=90 85 23 9 62 15 11 47
is_linear=0
shrinkage=0.0305001


Tree=9
num_leaves=8
num_cat=0
split_feature=15 54 52 1 4 64 7
split_gain=181.006 22.8293 10.6896 4.59007 4.40065 9.21587 0.675247
threshold=1.5000000000000002 13.65 3.5000000000000004 6.5000000000000009 2.0000000000000004 6.7500000000000009 18.000000000000004
decision_type=2 2 2 2 2 2 2
left_child=1 -1 -3 4 6 -6 -4
right_child=-2 2 3 -5 5 -7 -8
leaf_value=0.043136820172003217 0.14552906717483485 0.020951761947205789 -0.023313637740853606 -0.051573659252687303 0.029078763511417957 -0.021155180940473858 -0.0082415949407176718
leaf_weight=5.9999999999999991 6.9999999999999991 5.9999999999999991 49 3.9999999999999991 4.9999999999999991 8.9999999999999982 3.9999999999999991
leaf_count=6 7 6 49 4 5 9 4
internal_value=0 -0.0125497 -0.017088 -0.0204208 -0.0182785 -0.00277905 -0.0222822
internal_weight=0 83 77 71 67 14 53
internal_count=90 83 77 71 67 14 53
is_linear=0
shrinkage=0.0305001


Tree=10
num_leaves=10
num_cat=0
split_feature=0 7 48 64 64 1 56 54 15
split_gain=176.481 22.4139 55.9256 67.3373 6.95946 11.7763 0.489347 0.451129 0.268141
threshold=7.5000000000000009 1.5000000000000002 2.7500000000000004 14.300000000000002 6.3500000000000005 1.5000000000000002 0.85164835164835173 13.65 1.5000000000000002
decision_type=2 2 2 2 2 2 2 2 2
left_child=1 2 -1 -4 5 6 -3 -6 -9
right_child=-2 4 3 -5 7 -7 -8 8 -10
leaf_value=-0.022834083654510316 0.17048935365693757 -0.023081994239620891 0.14422124955413326 -0.019416965491940791 -0.03811888968002549 0.0410303647961065 -0.0076369192759391307 -0.022734534150398295 -0.034754435231030847
leaf_weight=14.000000000000002 4.9999999999999991 6.9999999999999982 4.9999999999999982 4 3.9999999999999991 3.9999999999999991 4 39 3.9999999999999991
leaf_count=14 5 7 5 4 4 4 4 39 4
internal_value=0 -0.0103957 0.0151048 0.0731108 -0.0199264 -0.00160373 -0.0180781 -0.0256681 -0.0241686
internal_weight=0 85 23 9 62 15 11 47 43
internal_count=90 85 23 9 62 15 11 47 43
is_linear=0
shrinkage=0.0305001


Tree=11
num_leaves=8
num_cat=0
split_feature=15 54 45 1 4 64 41
split_gain=167.092 20.8912 9.61431 5.44939 4.16732 8.29937 0.864044
threshold=1.5000000000000002 13.65 3.5000000000000004 6.5000000000000009 2.0000000000000004 6.7500000000000009 0.45000000000000007
decision_type=2 2 2 2 2 2 2
left_child=1 -1 -3 4 6 -6 -4
right_child=-2 2 3 -5 5 -7 -8
leaf_value=0.041234906122962586 0.13985056652043351 0.016912222665775797 -0.0062280352440861478 -0.053562661904851316 0.027806812731094983 -0.019864029918089277 -0.022583837217781656
leaf_weight=5.9999999999999991 6.9999999999999991 6.9999999999999991 3.9999999999999991 3.9999999999999991 4.9999999999999991 8.9999999999999982 48
leaf_count=6 7 7 4 4 5 9 48
internal_value=0 -0.0120306 -0.016373 -0.0198017 -0.01746 -0.00241152 -0.0214218
internal_weight=0 83 77 70 66 14 52
internal_count=90 83 77 70 66 14 52
is_linear=0
shrinkage=0.0305001


Tree=12
num_leaves=10
num_cat=0
split_feature=0 7 48 64 64 62 54 15 56
split_gain=165.114 21.1769 51.4915 61.9717 6.57297 11.2983 0.587106 0.79172 0.540962
threshold=7.5000000000000009 1.5000000000000002 2.7500000000000004 14.300000000000002 6.3500000000000005 6.5000000000000009 13.65 1.5000000000000002 0.85164835164835173
decision_type=2 2 2 2 2 2 2 2 2
left_child=1 2 -1 -4 5 8 -6 -8 -3
right_child=-2 4 3 -5 6 -7 7 -9 -10
leaf_value=-0.021648944739178593 0.16493138950282862 -0.022821507630477245 0.13863016283625687 -0.018349028302239931 -0.038206664407953318 0.040268498693845738 -0.0214455344960361 -0.037714881301352435 -0.0069008140606785784
leaf_weight=14.000000000000002 4.9999999999999991 6.9999999999999982 4.9999999999999982 4 3.9999999999999991 3.9999999999999991 39 3.9999999999999991 4
leaf_count=14 5 7 5 4 4 4 39 4 4
internal_value=0 -0.0100312 0.0147534 0.0704122 -0.019296 -0.00148645 -0.0248759 -0.0232944 -0.0176282
internal_weight=0 85 23 9 62 15 47 43 11
internal_count=90 85 23 9 62 15 47 43 11
is_linear=0
shrinkage=0.0305001


Tree=13
num_leaves=10
num_cat=0
split_feature=0 7 48 64 64 1 54 15 56
split_gain=155.772 19.9714 48.5494 58.494 6.19221 10.7027 0.556312 0.751017 0.509645
threshold=7.5000000000000009 1.5000000000000002 2.7500000000000004 14.300000000000002 6.3500000000000005 1.5000000000000002 13.65 1.5000000000000002 0.85164835164835173
decision_type=2 2 2 2 2 2 2 2 2
left_child=1 2 -1 -4 5 8 -6 -8 -3
right_child=-2 4 3 -5 6 -7 7 -9 -10
leaf_value=-0.021003901555092411 0.1602133437264619 -0.022196017543338033 0.13466447156000477 -0.017832155068878464 -0.037130422467726173 0.039200425505197672 -0.020796948413743629 -0.036652493624247377 -0.0067064253926358772
leaf_weight=14.000000000000002 4.9999999999999991 6.9999999999999982 4.9999999999999982 4 3.9999999999999991 3.9999999999999991 39 3.9999999999999991 4
leaf_count=14 5 7 5 4 4 4 39 4 4
internal_value=0 -0.00972754 0.0143395 0.0683864 -0.0187253 -0.00143416 -0.0241412 -0.0225995 -0.0171493
internal_weight=0 85 23 9 62 15 47 43 11
internal_count=90 85 23 9 62 15 47 43 11
is_linear=0
shrinkage=0.0305001


Tree=14
num_leaves=8
num_cat=0
split_feature=15 54 1 1 3 41 52
split_gain=151.438 18.6198 9.03393 8.46746 32.5747 4.64905 0.30275
threshold=1.5000000000000002 13.65 6.5000000000000009 1.0000000180025095e-35 12.500000000000002 0.65000000000000002 3.5000000000000004
decision_type=2 2 2 2 2 2 2
left_child=1 -1 3 6 -5 -6 -3
right_child=-2 2 -4 4 5 -7 -8
leaf_value=0.038861530201612947 0.13317282951849321 -0.03189143114713449 -0.058625614341277332 0.068122305592769952 0.014067486779737803 -0.020579753248904761 -0.020102859349799652
leaf_weight=5.9999999999999991 6.9999999999999991 3.9999999999999991 3.9999999999999991 5.0000000000000027 4.0000000000000027 21 39
leaf_count=6 7 4 4 5 4 21 39
internal_value=0 -0.0114191 -0.0155196 -0.0128689 -0.000322841 -0.014824 -0.0214937
internal_weight=0 83 77 73 30 25 43
internal_count=90 83 77 73 30 25 43
is_linear=0
shrinkage=0.0305001


Tree=15
num_leaves=10
num_cat=0
split_feature=0 7 48 64 64 62 15 54 56
split_gain=145.971 18.6716 44.9393 53.7367 5.9428 10.2519 1.02084 1.01427 0.510118
threshold=7.5000000000000009 1.5000000000000002 2.7500000000000004 14.300000000000002 6.3500000000000005 6.5000000000000009 1.5000000000000002 13.65 0.85164835164835173
decision_type=2 2 2 2 2 2 2 2 2
left_child=1 2 -1 -4 5 8 7 -6 -3
right_child=-2 4 3 -5 6 -7 -8 -9 -10
leaf_value=-0.02012649863740883 0.1551126394126193 -0.021574077041725641 0.12939836176304764 -0.016763566007680648 -0.037179183966798063 0.03860237769034635 -0.039371368626341399 -0.019601209233764776 -0.0061918721166238574
leaf_weight=14.000000000000002 4.9999999999999991 6.9999999999999982 4.9999999999999982 4 3.9999999999999991 3.9999999999999991 3.9999999999999991 39 4
leaf_count=14 5 7 5 4 4 4 4 39 4
internal_value=0 -0.00939508 0.0138735 0.0658737 -0.0180958 -0.00116035 -0.0234008 -0.0215668 -0.0165502
internal_weight=0 85 23 9 62 15 47 43 11
internal_count=90 85 23 9 62 15 47 43 11
is_linear=0
shrinkage=0.0305001


Tree=16
num_leaves=8
num_cat=0
split_feature=15 54 1 1 3 41 52
split_gain=140.118 17.0927 9.96629 7.86805 29.9102 4.2685 0.397634
threshold=1.5000000000000002 13.65 6.5000000000000009 1.0000000180025095e-35 12.500000000000002 0.65000000000000002 3.5000000000000004
decision_type=2 2 2 2 2 2 2
left_child=1 -1 3 6 -5 -6 -3
right_child=-2 2 -4 4 5 -7 -8
leaf_value=0.037207908133767065 0.12812062810992708 -0.031486529121058322 -0.060113170615966521 0.065554853353895368 0.013732942801600234 -0.019448575420781683 -0.018977827768150251
leaf_weight=5.9999999999999991 6.9999999999999991 3.9999999999999991 3.9999999999999991 5.0000000000000027 4.0000000000000027 21 39
leaf_count=6 7 4 4 5 4 21 39
internal_value=0 -0.0109621 -0.0148918 -0.0121189 -2.63421e-05 -0.0139287 -0.020432
internal_weight=0 83 77 73 30 25 43
internal_count=90 83 77 73 30 25 43
is_linear=0
shrinkage=0.0305001


Tree=17
num_leaves=10
num_cat=0
split_feature=0 7 48 64 64 1 15 54 54
split_gain=136.912 17.4586 41.6036 49.3737 5.69938 9.46405 1.62074 1.20765 0.49813
threshold=7.5000000000000009 1.5000000000000002 2.7500000000000004 14.300000000000002 6.3500000000000005 1.5000000000000002 1.5000000000000002 13.65 38.850000000000001
decision_type=2 2 2 2 2 2 2 2 2
left_child=1 2 -1 -4 5 8 7 -6 -3
right_child=-2 4 3 -5 6 -7 -8 -9 -10
leaf_value=-0.019291548931841342 0.15024119657443433 -0.0055576313720718173 0.12434308988949755 -0.015756769159496482 -0.037179993244483921 0.037282973830009183 -0.041871340730408602 -0.018468591395199324 -0.020650113035250144
leaf_weight=14.000000000000002 4.9999999999999991 3.9999999999999982 4.9999999999999982 4 3.9999999999999991 3.9999999999999991 3.9999999999999991 39 7
leaf_count=14 5 4 5 4 4 4 4 39 7
internal_value=0 -0.00907985 0.0134181 0.0634528 -0.0174938 -0.000912086 -0.0226885 -0.0205389 -0.01571
internal_weight=0 85 23 9 62 15 47 43 11
internal_count=90 85 23 9 62 15 47 43 11
is_linear=0
shrinkage=0.0305001


Tree=18
num_leaves=8
num_cat=0
split_feature=15 54 1 1 3 41 52
split_gain=129.771 15.7132 10.8618 7.23617 27.5168 3.93927 0.493581
threshold=1.5000000000000002 13.65 6.5000000000000009 1.0000000180025095e-35 12.500000000000002 0.65000000000000002 3.5000000000000004
decision_type=2 2 2 2 2 2 2
left_child=1 -1 3 6 -5 -6 -3
right_child=-2 2 -4 4 5 -7 -8
leaf_value=0.035650807175916635 0.1233187406754982 -0.0310792639033995 -0.061463890542522499 0.063081284981058736 0.013398166701802768 -0.018462827117956344 -0.017870204352947634
leaf_weight=5.9999999999999991 6.9999999999999991 3.9999999999999991 3.9999999999999991 5.0000000000000027 4.0000000000000027 21 39
leaf_count=6 7 4 4 5 4 21 39
internal_value=0 -0.0105299 -0.0142986 -0.0114136 1.59845e-05 -0.0131558 -0.0193859
internal_weight=0 83 77 73 30 25 43
internal_count=90 83 77 73 30 25 43
is_linear=0
shrinkage=0.0305001


Tree=19
num_leaves=11
num_cat=0
split_feature=0 48 62 54 0 15 54 52 46 38
split_gain=128.532 16.3571 27.9452 39.8259 15.0722 2.4525 0.996132 0.506384 0.162291 0.0762908
threshold=7.5000000000000009 2.2500000000000004 6.5000000000000009 39.600000000000009 1.5000000000000002 1.5000000000000002 24.500000000000004 85.000000000000014 12.500000000000002 12.500000000000002
decision_type=2 2 2 2 2 2 2 2 2 2
left_child=1 5 4 -4 8 6 -1 -8 -3 -10
right_child=-2 2 3 -5 -6 -7 7 -9 9 -11
leaf_value=-0.033838452099594851 0.14558724208937529 -0.017002985713440739 0.096978308873556976 -0.016853990116327818 0.036101394272235056 -0.044165627019318393 -0.018006362627016229 -0.0050104811632131901 -0.029869170936948936 -0.016965808195174788
leaf_weight=3.9999999999999991 4.9999999999999991 15.000000000000005 5.9999999999999982 5 4.9999999999999991 3.9999999999999991 33 3.9999999999999991 4.9999999999999982 4
leaf_count=4 5 15 6 5 5 4 33 4 5 4
internal_value=0 -0.00878087 0.00534414 0.0460302 -0.0103468 -0.0213401 -0.0187156 -0.0167267 -0.0204879 -0.0252133
internal_weight=0 85 40 11 29 45 41 37 24 9
internal_count=90 85 40 11 29 45 41 37 24 9
is_linear=0
shrinkage=0.0305001


Tree=20
num_leaves=10
num_cat=0
split_feature=54 52 0 45 53 53 65 15 64
split_gain=124.24 232.148 27.4884 7.81186 7.21553 7.12467 3.66364 2.56407 0.0501108
threshold=35.100000000000009 11.500000000000002 7.5000000000000009 3.5000000000000004 8.5000000000000018 12.500000000000002 1.5000000000000002 1.5000000000000002 6.3500000000000005
decision_type=2 2 2 2 2 2 2 2 2
left_child=1 4 3 -2 -1 6 -5 8 -8
right_child=2 -3 -4 5 -6 -7 7 -9 -10
leaf_value=-0.027503660929422202 0.021163403955314748 0.24200922270239719 -0.090554620259657131 0.0070019738960033209 0.023510988391983408 0.019535578624613009 -0.021454644244799335 -0.042921528798249273 -0.01613702409823382
leaf_weight=5.9999999999999982 5.9999999999999991 4.9999999999999991 3.9999999999999991 4.9999999999999991 4 4.9999999999999991 9.9999999999999982 3.9999999999999991 41
leaf_count=6 6 5 4 5 4 5 10 4 41
internal_value=0 0.0794375 -0.0158134 -0.0111661 -0.00675116 -0.0142816 -0.0172337 -0.0195118 -0.0173611
internal_weight=0 15 75 71 10 65 60 55 51
internal_count=90 15 75 71 10 65 60 55 51
is_linear=0
shrinkage=0.0305001


Tree=21
num_leaves=10
num_cat=0
split_feature=0 7 48 64 64 1 15 54 56
split_gain=122.451 15.6994 36.4296 42.2568 5.17189 8.27001 1.8562 1.49408 0.574583
threshold=7.5000000000000009 1.5000000000000002 2.7500000000000004 14.300000000000002 6.3500000000000005 1.5000000000000002 1.5000000000000002 13.65 0.85164835164835173
decision_type=2 2 2 2 2 2 2 2 2
left_child=1 2 -1 -4 5 8 7 -6 -3
right_child=-2 4 3 -5 6 -7 -8 -9 -10
leaf_value=-0.017834015161673961 0.14211029431011005 -0.019801587764409087 0.11591634205535463 -0.013705623383455025 -0.037334903600851212 0.034949891322909203 -0.041712474651576827 -0.017027233341710444 -0.0040585019647500498
leaf_weight=14.000000000000002 4.9999999999999991 6.9999999999999982 4.9999999999999982 4 3.9999999999999991 3.9999999999999991 3.9999999999999991 39 4
leaf_count=14 5 7 5 4 4 4 4 39 4
internal_value=0 -0.00856229 0.0127687 0.0595905 -0.0165422 -0.000741929 -0.0214904 -0.019246 -0.014588
internal_weight=0 85 23 9 62 15 47 43 11
internal_count=90 85 23 9 62 15 47 43 11
is_linear=0
shrinkage=0.0305001


Tree=22
num_leaves=10
num_cat=0
split_feature=15 1 64 65 7 1 54 45 45
split_gain=118.535 13.9965 12.6512 28.318 68.1659 8.65761 1.41038 0.86174 0.226488
threshold=1.5000000000000002 6.5000000000000009 12.000000000000002 4.5000000000000009 1.5000000000000002 1.5000000000000002 13.65 65.000000000000014 5.5000000000000009
decision_type=2 2 2 2 2 2 2 2 2
left_child=1 2 3 5 -5 7 -4 8 -1
right_child=-2 -3 6 4 -6 -7 -8 -9 -10
leaf_value=-0.028293337599441096 0.11787979166381984 -0.063537141814108106 -0.036283218705091581 0.1411373872204425 -0.016533399278984846 0.02487817722966738 -0.01647786276141789 -0.0040564065735634348 -0.017449433550135725
leaf_weight=5.0000000000000098 6.9999999999999991 3.9999999999999991 3.9999999999999991 3.9999999999999982 6 4.9999999999999991 37 3.9999999999999991 13.999999999999998
leaf_count=5 7 4 4 4 6 5 37 4 14
internal_value=0 -0.0100433 -0.00704876 0.0055593 0.0487893 -0.0101795 -0.018747 -0.018155 -0.0208708
internal_weight=0 83 79 38 10 28 41 23 19
internal_count=90 83 79 38 10 28 41 23 19
is_linear=0
shrinkage=0.0305001


Tree=23
num_leaves=10
num_cat=0
split_feature=54 52 0 52 42 53 15 58 64
split_gain=115.95 214.244 28.6099 6.93067 6.32392 5.99165 3.78403 3.09596 0.00425777
threshold=35.100000000000009 11.500000000000002 7.5000000000000009 3.5000000000000004 0.75961538461538469 12.500000000000002 1.5000000000000002 -10.999999999999998 6.3500000000000005
decision_type=2 2 2 2 2 2 2 2 2
left_child=1 4 3 -2 -1 6 7 -5 -9
right_child=2 -3 -4 5 -6 -7 -8 8 -10
leaf_value=0.022257499107809695 0.022900718228185738 0.23293301140268149 -0.09149469535274117 0.0085312537139599822 -0.025494041604711463 0.017816724218777731 -0.043858026783221871 -0.018739470469954587 -0.014648504078749321
leaf_weight=3.9999999999999982 4.9999999999999991 4.9999999999999991 3.9999999999999991 4.999999999999992 6 4.9999999999999991 3.9999999999999991 13.000000000000005 39
leaf_count=4 5 5 4 5 6 5 4 13 39
internal_value=0 0.0767572 -0.015261 -0.0105257 -0.00604512 -0.0131981 -0.0158644 -0.0136135 -0.0158321
internal_weight=0 15 75 71 10 66 61 57 52
internal_count=90 15 75 71 10 66 61 57 52
is_linear=0
shrinkage=0.0305001


Tree=24
num_leaves=11
num_cat=0
split_feature=0 7 48 64 64 62 15 54 56 54
split_gain=116.368 13.8846 31.6424 36.6688 5.04527 7.812 2.23553 1.50166 0.588286 0.0931371
threshold=7.5000000000000009 1.5000000000000002 2.7500000000000004 14.300000000000002 6.3500000000000005 6.5000000000000009 1.5000000000000002 13.65 0.85164835164835173 35.100000000000009
decision_type=2 2 2 2 2 2 2 2 2 2
left_child=1 2 -1 -4 5 8 7 -6 -3 -9
right_child=-2 4 3 -5 6 -7 -8 9 -10 -11
leaf_value=-0.016785802196260934 0.13854793512539376 -0.018960493337853618 0.10784144021496499 -0.012865892217294731 -0.036362922483152364 0.034433597344322886 -0.042622593038289393 -0.02171227530644192 -0.003211138277427529 -0.014812426189540706
leaf_weight=14.000000000000002 4.9999999999999991 6.9999999999999982 4.9999999999999982 4 3.9999999999999991 3.9999999999999991 3.9999999999999991 5.9999999999999991 4 33
leaf_count=14 5 7 5 4 4 4 4 6 4 33
internal_value=0 -0.00833435 0.0117234 0.0553669 -0.0158388 -0.000246205 -0.0207247 -0.0183187 -0.0137199 -0.0161127
internal_weight=0 85 23 9 62 15 47 43 11 39
internal_count=90 85 23 9 62 15 47 43 11 39
is_linear=0
shrinkage=0.0305001


Tree=25
num_leaves=9
num_cat=0
split_feature=15 1 64 64 62 0 54 53
split_gain=110.104 13.6722 11.1982 25.3808 15.6214 3.75528 1.54128 0.367011
threshold=1.5000000000000002 6.5000000000000009 12.000000000000002 9.3000000000000025 7.5000000000000009 2.5000000000000004 35.100000000000009 6.5000000000000009
decision_type=2 2 2 2 2 2 2 2
left_child=1 2 3 4 5 7 -4 -1
right_child=-2 -3 6 -5 -6 -7 -8 -9
leaf_value=-0.026778145485696764 0.11362190511720503 -0.062533974752639943 -0.031034433305338609 0.060996432257412261 0.041950422316051998 0.011074908019889416 -0.014626151819608585 -0.016168582464382391
leaf_weight=7.0000000000000062 6.9999999999999991 3.9999999999999991 6.9999999999999991 5.9999999999999991 4.9999999999999991 3.9999999999999991 34 15.999999999999998
leaf_count=7 7 4 7 6 5 4 34 16
internal_value=0 -0.00966772 -0.00670899 0.00515023 -0.00575927 -0.0150889 -0.0177155 -0.0198411
internal_weight=0 83 79 38 32 27 41 23
internal_count=90 83 79 38 32 27 41 23
is_linear=0
shrinkage=0.0305001


Tree=26
num_leaves=10
num_cat=0
split_feature=54 52 0 45 53 53 15 58 64
split_gain=109.668 198.085 29.5522 6.25047 5.71601 5.23166 4.16786 2.90928 0.190317
threshold=35.100000000000009 11.500000000000002 7.5000000000000009 3.5000000000000004 8.5000000000000018 12.500000000000002 1.5000000000000002 -10.999999999999998 6.3500000000000005
decision_type=2 2 2 2 2 2 2 2 2
left_child=1 4 3 -2 -1 6 7 -5 -9
right_child=2 -3 -4 5 -6 -7 -8 8 -10
leaf_value=-0.023502816182299154 0.018877145301970297 0.2248257846272349 -0.092299149273470299 0.0084759905594875787 0.021894306153917999 0.016140828888105738 -0.044622568370944055 -0.019284375665468138 -0.013514585783850454
leaf_weight=5.9999999999999982 5.9999999999999991 4.9999999999999991 3.9999999999999991 4.999999999999992 4 4.9999999999999991 3.9999999999999991 13.000000000000005 38
leaf_count=6 6 5 4 5 4 5 4 13 38
internal_value=0 0.0746578 -0.0148329 -0.0100247 -0.00497713 -0.0128138 -0.0153443 -0.0129577 -0.0151499
internal_weight=0 15 75 71 10 65 60 56 51
internal_count=90 15 75 71 10 65 60 56 51
is_linear=0
shrinkage=0.0305001


Tree=27
num_leaves=10
num_cat=0
split_feature=0 7 48 64 64 55 15 54 64
split_gain=110.775 12.7247 28.3004 32.301 4.95126 7.21973 2.55346 1.73917 0.473552
threshold=7.5000000000000009 1.5000000000000002 2.7500000000000004 14.300000000000002 6.3500000000000005 1.8500000000000003 1.5000000000000002 35.100000000000009 25.100000000000005
decision_type=2 2 2 2 2 2 2 2 2
left_child=1 2 -1 -4 5 -3 7 8 -6
right_child=-2 4 3 -5 6 -7 -8 -9 -10
leaf_value=-0.015879419356264288 0.13518379434802588 0.025102120000236729 0.10160179951239268 -0.011679751374727862 -0.018901866876768918 -0.017095090070011042 -0.043365597261871905 -0.013839698103315385 -0.036788651493570426
leaf_weight=14.000000000000002 4.9999999999999991 5.9999999999999991 4.9999999999999982 4 4.9999999999999982 8.9999999999999982 3.9999999999999991 33 5
leaf_count=14 5 6 5 4 5 9 4 33 5
internal_value=0 -0.008125 0.0110746 0.0523526 -0.0153094 0 -0.0201487 -0.0176152 -0.0289846
internal_weight=0 85 23 9 62 15 47 43 10
internal_count=90 85 23 9 62 15 47 43 10
is_linear=0
shrinkage=0.0305001


Tree=28
num_leaves=11
num_cat=0
split_feature=0 7 48 64 64 62 15 54 56 64
split_gain=104.516 12.0047 26.6826 30.4904 4.67028 7.06895 2.41348 1.64593 0.587718 0.442424
threshold=7.5000000000000009 1.5000000000000002 2.7500000000000004 14.300000000000002 6.3500000000000005 6.5000000000000009 1.5000000000000002 35.100000000000009 0.85164835164835173 25.100000000000005
decision_type=2 2 2 2 2 2 2 2 2 2
left_child=1 2 -1 -4 5 8 7 9 -3 -6
right_child=-2 4 3 -5 6 -7 -8 -9 -10 -11
leaf_value=-0.015406282618997735 0.13131668847993735 -0.017907166355758394 0.098695354048511805 -0.011350745156190658 -0.018361156113076687 0.033111574245002447 -0.042144034570055 -0.013421777989919673 -0.0023249741744164536 -0.035736267197780752
leaf_weight=14.000000000000002 4.9999999999999991 6.9999999999999982 4.9999999999999982 4 4.9999999999999982 3.9999999999999991 3.9999999999999991 33 4 5
leaf_count=14 5 7 5 4 5 4 4 33 4 5
internal_value=0 -0.00788448 0.0107622 0.0508448 -0.0148632 0 -0.0195631 -0.0170978 -0.0126997 -0.0281626
internal_weight=0 85 23 9 62 15 47 43 11 10
internal_count=90 85 23 9 62 15 47 43 11 10
is_linear=0
shrinkage=0.0305001


Tree=29
num_leaves=12
num_cat=0
split_feature=54 52 0 41 1 42 42 15 58 62 64
split_gain=103.135 183.06 33.809 5.27004 10.4628 28.4032 5.079 3.37426 3.29846 0.49219 0.127184
threshold=35.100000000000009 11.500000000000002 7.5000000000000009 2.6500000000000008 1.0000000180025095e-35 0.92261904761904778 0.75961538461538469 1.5000000000000002 -10.999999999999998 3.5000000000000004 6.3500000000000005
decision_type=2 2 2 2 2 2 2 2 2 2 2
left_child=1 6 3 7 9 -6 -1 8 -2 -5 -10
right_child=2 -3 -4 4 5 -7 -8 -9 10 -11 -12
leaf_value=0.021141864694748821 0.013173157702896199 0.2167667688635786 -0.097206214595658175 -0.02656265680551952 -0.013275376112449885 0.085356557486427884 -0.021649745744262885 -0.040956882969880481 -0.018448799363446792 -0.011177738545581236 -0.012931876531313344
leaf_weight=3.9999999999999982 3.9999999999999991 4.9999999999999991 3.9999999999999991 4.0000000000000018 6.9999999999999982 4 6 3.9999999999999991 11.999999999999998 7 29
leaf_count=4 4 5 4 4 7 4 6 4 12 7 29
internal_value=0 0.0724081 -0.0143762 -0.00924448 0.00303218 0.0238113 -0.00415697 -0.0147916 -0.0121273 -0.0176102 -0.0147432
internal_weight=0 15 75 71 22 11 10 49 45 11 41
internal_count=90 15 75 71 22 11 10 49 45 11 41
is_linear=0
shrinkage=0.0305001


Tree=30
num_leaves=9
num_cat=0
split_feature=15 1 64 64 62 58 54 55
split_gain=100.641 13.634 9.27642 21.272 13.9098 3.51545 2.07194 0.711686
threshold=1.5000000000000002 6.5000000000000009 12.000000000000002 9.3000000000000025 7.5000000000000009 -10.999999999999998 35.100000000000009 0.95000000000000007
decision_type=2 2 2 2 2 2 2 2
left_child=1 2 3 4 5 -1 -4 -7
right_child=-2 -3 6 -5 -6 7 -8 -9
leaf_value=0.0080340469637291811 0.10863822405062983 -0.062018472107433949 -0.031462317068512075 0.05563949543376831 0.039541488297251355 -0.030372395538335928 -0.012830520745634443 -0.015646704628942482
leaf_weight=5.0000000000000027 6.9999999999999991 3.9999999999999991 6.9999999999999991 5.9999999999999991 4.9999999999999991 5.0000000000000027 34 17
leaf_count=5 7 4 7 6 5 5 34 17
internal_value=0 -0.00923427 -0.00628183 0.00450789 -0.00547183 -0.014279 -0.0162998 -0.0195084
internal_weight=0 83 79 38 32 27 41 22
internal_count=90 83 79 38 32 27 41 22
is_linear=0
shrinkage=0.0305001


Tree=31
num_leaves=12
num_cat=0
split_feature=0 7 48 64 64 55 15 54 52 47 62
split_gain=99.8719 10.983 23.3901 26.627 4.67191 6.39176 2.70854 1.95243 0.755151 0.0355344 0.00312392
threshold=7.5000000000000009 1.5000000000000002 2.7500000000000004 14.300000000000002 6.3500000000000005 1.8500000000000003 1.5000000000000002 35.100000000000009 9.5000000000000018 40.650000000000013 6.5000000000000009
decision_type=2 2 2 2 2 2 2 2 2 2 2
left_child=1 2 10 -4 5 -3 7 8 -6 -9 -1
right_child=-2 4 3 -5 6 -7 -8 9 -10 -11 -12
leaf_value=-0.011524805169348758 0.12836597513414205 0.024085180159887656 0.092375540918632773 -0.010438759512327924 -0.018911714019239242 -0.015612880395655167 -0.042863393445816106 -0.011255512546009372 -0.039613126063496609 -0.016337480814944735 -0.017970484629630173
leaf_weight=9.0000000000000018 4.9999999999999991 5.9999999999999991 4.9999999999999982 4 5.9999999999999982 8.9999999999999982 3.9999999999999991 26 4 6.9999999999999991 4.9999999999999991
leaf_count=9 5 6 5 4 6 9 4 26 4 7 5
internal_value=0 -0.00770754 0.0101259 0.0476574 -0.0143828 0.000276981 -0.0190846 -0.0165031 -0.0284434 -0.0125617 -0.0143669
internal_weight=0 85 23 9 62 15 47 43 10 33 14
internal_count=90 85 23 9 62 15 47 43 10 33 14
is_linear=0
shrinkage=0.0305001


Tree=32
num_leaves=12
num_cat=0
split_feature=54 3 0 64 41 1 42 15 58 62 64
split_gain=97.4733 177.798 34.4128 25.5448 4.75379 9.46054 24.9119 3.77435 2.97438 0.565213 0.145519
threshold=35.100000000000009 19.500000000000004 7.5000000000000009 18.050000000000004 2.6500000000000008 1.0000000180025095e-35 0.92261904761904778 1.5000000000000002 -10.999999999999998 3.5000000000000004 6.3500000000000005
decision_type=2 2 2 2 2 2 2 2 2 2 2
left_child=1 3 4 -1 7 9 -7 8 -2 -6 -10
right_child=2 -3 -4 -5 5 6 -8 -9 10 -11 -12
leaf_value=0.06361912693253334 0.012724729297715995 0.23593654325242253 -0.097538762243570679 -0.029772151071205268 -0.026150235590737141 -0.012111483316689436 0.080251543178079338 -0.04165597800250756 -0.017502996757110482 -0.010127706349576701 -0.011955030444806711
leaf_weight=3.9999999999999982 3.9999999999999991 3.9999999999999991 3.9999999999999991 7 4.0000000000000018 6.9999999999999982 4 3.9999999999999991 11.999999999999998 7 29
leaf_count=4 4 4 4 7 4 7 4 4 12 7 29
internal_value=0 0.0703882 -0.0139805 0.00482943 -0.00880637 0.00284887 0.022613 -0.0140751 -0.0112808 -0.0167732 -0.0137678
internal_weight=0 15 75 11 71 22 11 49 45 11 41
internal_count=90 15 75 11 71 22 11 49 45 11 41
is_linear=0
shrinkage=0.0305001


Tree=33
num_leaves=13
num_cat=0
split_feature=0 7 48 64 64 62 15 54 56 52 47 62
split_gain=95.5735 10.4379 21.263 24.1699 4.4867 6.03911 2.25712 2.39277 0.560141 0.546085 0.0648684 0.0106363
threshold=7.5000000000000009 1.5000000000000002 2.7500000000000004 14.300000000000002 6.3500000000000005 6.5000000000000009 1.5000000000000002 35.100000000000009 0.85164835164835173 9.5000000000000018 40.650000000000013 6.5000000000000009
decision_type=2 2 2 2 2 2 2 2 2 2 2 2
left_child=1 2 11 -4 5 8 7 9 -3 -6 -9 -1
right_child=-2 4 3 -5 6 -7 -8 10 -10 -11 -12 -13
leaf_value=-0.010722628239624695 0.12557624706481496 -0.016285189647160556 0.088236400522152356 -0.0097082147231589387 -0.020514542590922905 0.031102595698092619 -0.040482573209496837 -0.01059299862690451 -0.0012332050580916092 -0.039529799844341969 -0.015998514863562137 -0.01705005059529649
leaf_weight=9.0000000000000018 4.9999999999999991 6.9999999999999982 4.9999999999999982 4 5.9999999999999982 3.9999999999999991 3.9999999999999991 26 4 4 6.9999999999999991 4.9999999999999991
leaf_count=9 5 7 5 4 6 4 4 26 4 4 7 5
internal_value=0 -0.0075368 0.00984683 0.0456317 -0.0140446 0.000317744 -0.0186524 -0.016269 -0.011233 -0.0293907 -0.0119637 -0.0135022
internal_weight=0 85 23 9 62 15 47 43 11 10 33 14
internal_count=90 85 23 9 62 15 47 43 11 10 33 14
is_linear=0
shrinkage=0.0305001


end of trees

feature_importances:
current_odds=44
agari_3=37
f_course1=27
f_lenout=27
f_course2=22
ninki_3=17
mf_courseout=14
margin_2=13
result_3=12
waku=12
weight_change=9
corner_ratio_3=8
corner_ratio_1=7
margin_1=6
ninki_2=6
f_courseout=4
margin_3=3
current_popularity=3
mf_course1=2
agari_2=2
ninki_1=1
result_2=1
rank_trend=1
dist_change=1

parameters:
[boosting: gbdt]
[objective: regression]
[metric: l2]
[tree_learner: serial]
[device_type: cpu]
[data_sample_strategy: bagging]
[data: ]
[valid: ]
[num_iterations: 309]
[learning_rate: 0.0305001]
[num_leaves: 54]
[num_threads: 0]
[seed: 0]
[deterministic: 0]
[force_col_wise: 1]
[force_row_wise: 0]
[histogram_pool_size: -1]
[max_depth: 8]
[min_data_in_leaf: 4]
[min_sum_hessian_in_leaf: 0.001]
[bagging_fraction: 1]
[pos_bagging_fraction: 1]
[neg_bagging_fraction: 1]
[bagging_freq: 0]
[bagging_seed: 3]
[feature_fraction: 1]
[feature_fraction_bynode: 1]
[feature_fraction_seed: 2]
[extra_trees: 0]
[extra_seed: 6]
[early_stopping_round: 0]
[first_metric_only: 0]
[max_delta_step: 0]
[lambda_l1: 0.083715]
[lambda_l2: 0.331028]
[linear_lambda: 0]
[min_gain_to_split: 0]
[drop_rate: 0.1]
[max_drop: 50]
[skip_drop: 0.5]
[xgboost_dart_mode: 0]
[uniform_drop: 0]
[drop_seed: 4]
[top_rate: 0.2]
[other_rate: 0.1]
[min_data_per_group: 100]
[max_cat_threshold: 32]
[cat_l2: 10]
[cat_smooth: 10]
[max_cat_to_onehot: 4]
[top_k: 20]
[monotone_constraints: ]
[monotone_constraints_method: basic]
[monotone_penalty: 0]
[feature_contri: ]
[forcedsplits_filename: ]
[refit_decay_rate: 0.9]
[cegb_tradeoff: 1]
[cegb_penalty_split: 0]
[cegb_penalty_feature_lazy: ]
[cegb_penalty_feature_coupled: ]
[path_smooth: 0]
[interaction_constraints: ]
[verbosity: -1]
[saved_feature_importance_type: 0]
[use_quantized_grad: 0]
[num_grad_quant_bins: 4]
[quant_train_renew_leaf: 0]
[stochastic_rounding: 1]
[linear_tree: 0]
[max_bin: 255]
[max_bin_by_feature: ]
[min_data_in_bin: 3]
[bin_construct_sample_cnt: 200000]
[data_random_seed: 1]
[is_enable_sparse: 1]
[enable_bundle: 1]
[use_missing: 1]
[zero_as_missing: 0]
[feature_pre_filter: 1]
[pre_partition: 0]
[two_round: 0]
[header: 0]
[label_column: ]
[weight_column: ]
[group_column: ]
[ignore_column: ]
[categorical_feature: ]
[forcedbins_filename: ]
[precise_float_parser: 0]
[parser_config_file: ]
[objective_seed: 5]
[num_class: 1]
[is_unbalance: 0]
[scale_pos_weight: 1]
[sigmoid: 1]
[boost_from_average: 1]
[reg_sqrt: 0]
[alpha: 0.9]
[fair_c: 1]
[poisson_max_delta_step: 0.7]
[tweedie_variance_power: 1.5]
[lambdarank_truncation_level: 30]
[lambdarank_norm: 1]
[label_gain: ]
[lambdarank_position_bias_regularization: 0]
[eval_at: ]
[multi_error_top_k: 1]
[auc_mu_weights: ]
[num_machines: 1]
[local_listen_port: 12400]
[time_out: 120]
[machine_list_filename: ]
[machines: ]
[gpu_platform_id: -1]
[gpu_device_id: -1]
[gpu_use_dp: 0]
[num_gpu: 1]

end of parameters

pandas_categorical:[]
