tree
version=v4
num_class=1
num_tree_per_iteration=1
label_index=0
max_feature_idx=50
objective=lambdarank
feature_names=f_course1 f_course2 f_course3 f_courseout mf_course1 mf_course2 mf_course3 mf_courseout f_mf_course1 f_mf_course2 f_mf_course3 f_mf_courseout f_len1 f_len2 f_len3 f_lenout mf_len1 mf_len2 mf_len3 mf_classout f_mf_len1 f_mf_len2 f_mf_len3 f_mf_classout f_class1 f_class2 f_class3 f_classout mf_class1 mf_class2 mf_class3 mf_classout.1 f_mf_class1 f_mf_class2 f_mf_class3 f_mf_classout.1 time_df_course1 time_df_class1 ninki_1 result_1 time_df_course2 time_df_class2 ninki_2 result_2 time_df_course3 time_df_class3 ninki_3 result_3 waku umaban self_popularity
feature_infos=[0:21] [0:21] [0:21] [0:182] [0:21] [0:18] [0:23] [0:198] [0:2] [0:3] [0:3] [0:14] [0:14] [0:14] [0:16] [0:109] [0:8] [0:8] [0:9] [0:80] [0:2] [0:3] [0:3] [0:10] [0:6] [0:6] [0:6] [0:47] [0:5] [0:5] [0:5] [0:40] [0:1] [0:2] [0:3] [0:8] [-1:0] [-1:0] [-1:180] [-1:140] [-1:0] [-1:0] [-1:180] [-1:180] [-1:0] [-1:0] [-1:180] [-1:170] [1:8] [1:15] [-1:15]
tree_sizes=4488 4486 4536 4545 4528 4534 4539 4021 4532

Tree=0
num_leaves=42
num_cat=0
split_feature=50 43 50 47 19 5 39 38 19 13 50 29 43 46 46 38 6 11 14 5 49 4 39 29 28 7 43 38 39 19 46 0 49 3 15 47 50 30 5 3 49
split_gain=118.813 17.0656 13.1277 14.562 11.3297 11.6443 10.3204 11.1497 9.25512 9.28679 8.78471 8.43177 7.7832 7.47173 7.35391 6.89582 6.86267 7.50321 6.51708 6.13623 5.32306 5.21606 5.20271 5.15286 4.92494 4.30275 5.88023 4.20677 4.51425 4.12625 4.07253 7.03954 3.93986 3.83903 3.80156 5.27269 5.67029 3.69874 5.44899 5.0503 3.51542
threshold=10.500000000000002 10.500000000000002 5.5000000000000009 4.5000000000000009 8.5000000000000018 3.5000000000000004 12.500000000000002 8.5000000000000018 30.500000000000004 1.0000000180025095e-35 11.500000000000002 2.5000000000000004 4.5000000000000009 8.5000000000000018 85.000000000000014 10.500000000000002 1.5000000000000002 1.0000000180025095e-35 1.5000000000000002 4.5000000000000009 10.500000000000002 1.0000000180025095e-35 17.500000000000004 2.5000000000000004 1.0000000180025095e-35 98.500000000000014 115.00000000000001 2.5000000000000004 4.5000000000000009 11.500000000000002 115.00000000000001 1.0000000180025095e-35 13.500000000000002 54.500000000000007 4.5000000000000009 1.5000000000000002 8.5000000000000018 1.0000000180025095e-35 2.5000000000000004 14.500000000000002 13.500000000000002
decision_type=2 2 2 2 2 2 2 2 2 2 2 2 2 2 2 2 2 2 2 2 2 2 2 2 2 2 2 2 2 2 2 2 2 2 2 2 2 2 2 2 2
left_child=2 4 15 18 10 -6 7 11 -7 -10 21 12 -5 -9 -15 19 17 29 34 27 33 -2 37 -21 -12 26 -8 28 -1 32 31 -19 -3 -20 35 36 -4 -17 -39 -40 -11
right_child=1 16 3 6 5 8 25 13 9 40 24 -13 -14 14 -16 22 -18 30 20 23 -22 -23 -24 -25 -26 -27 -28 -29 -30 -31 -32 -33 -34 -35 -36 -37 -38 38 39 -41 -42
leaf_value=0.061501923428969728 0.015663251796781848 -0.10050454367366317 0.010592402262774041 0.056674327746071396 0.045082883415003216 -0.12577825077693636 -0.10180916723773427 -0.058512739055152967 0.0496863194000546 -0.12368902712010646 -0.11177821409716743 0.076935542080922195 -0.057832912654834645 0.040737701813841308 -0.0097575333072456166 0.053250468392501117 -0.12092521848400017 0.062679318985561311 -0.1223733859180349 -0.064075312092392145 0.052160540728750822 -0.11862814618124466 -0.037578370344516915 0.06397238658725253 0.0067602384752404624 0.045685596409364287 0.0065942810165468806 0.01032048707557838 -0.025068282450968 0.019978861068119795 0.064199530591220216 -0.12202878061243089 -0.013967463955344596 0 0.063997181114851434 0.052668754923251522 -0.1202152203467276 -0.054178639566961548 0.074782491417380553 0 0.0033345489870388978
leaf_weight=16.471819056198004 6.0058987140655544 21.189574465155612 6.2337432242929962 2.6614146940410199 11.248680658638479 4.1093597430735818 8.7914562225341779 5.0887701194733372 5.0626559834927303 2.7214569412171845 12.514926244504748 2.5205345749855033 23.201448597945273 34.718444143421948 18.037894198670983 73.680334861390293 19.239452108740807 1.330187309533357 2.3051677513867608 6.3690805146470657 2.5459276270121336 1.4946342930197714 2.9950564950704566 1.5509524308145044 1.3916772380471218 1.1766956392675627 2.4221666902303687 37.832581679336727 2.7135571558028451 1.2646777033805836 2.3110642544925213 2.1448143683373928 2.9695536140352479 2.4188893977552652 21.933426972478628 10.601775193586944 1.7411720566451547 3.3025178257375982 7.5086381249129763 8.3590332437306625 1.0294112153351305
leaf_count=117 56 330 63 21 79 76 152 73 34 48 215 11 326 271 204 568 317 7 42 105 18 27 42 11 12 9 22 420 40 9 12 38 32 29 140 79 30 56 48 103 9
internal_value=0 -0.0630491 0.0197108 0.00550953 -0.0336734 -0.00251144 -0.00861811 -0.000465976 -0.0451725 -0.00570865 -0.0681029 -0.033977 -0.0454211 0.0157045 0.0231724 0.0325417 -0.0892641 -0.0692117 0.0349988 0.0158125 -0.020104 -0.0090721 0.043708 -0.0369552 -0.0987749 -0.0640326 -0.0769873 0.0234252 0.0484233 -0.0844066 0 -0.0467737 -0.090534 -0.0624338 0.0452823 0.0223122 -0.0160621 0.0465043 0.0197349 0.0361395 -0.084659
internal_weight=0 96.028 307.182 146.399 45.5787 24.1716 98.6188 86.2285 12.9229 8.81352 21.4071 28.3834 25.8629 57.8451 52.7563 160.784 50.4493 31.2099 47.7801 64.938 7.26998 7.50053 95.8456 7.92003 13.9066 12.3903 11.2136 57.018 19.1854 25.4238 5.78607 3.475 24.1591 4.72406 40.5101 18.5767 7.97492 92.8505 19.1702 15.8677 3.75087
internal_count=4301 1301 3000 1490 556 246 1089 906 167 91 310 358 347 548 475 1510 745 428 401 693 89 83 817 116 227 183 174 577 157 371 57 45 362 71 312 172 93 775 207 151 57
is_linear=0
shrinkage=0.0649432


Tree=1
num_leaves=42
num_cat=0
split_feature=50 47 49 46 38 43 42 35 1 2 2 29 7 27 17 50 31 7 28 43 49 2 3 48 46 42 27 12 47 5 47 50 3 49 50 50 46 46 31 48 13
split_gain=29.3178 38.5751 24.2782 24.3415 19.5005 19.322 21.1945 18.1923 17.1407 16.9744 16.7612 16.7183 26.2177 15.3744 14.5251 14.2672 20.1374 20.296 14.6894 23.28 20.1218 19.9865 16.0824 12.4638 11.8597 11.5315 16.2881 10.4734 9.96719 12.2009 9.95611 9.67083 9.1587 8.45989 14.4562 11.9956 11.7439 8.28829 8.25118 8.16626 7.38982
threshold=12.500000000000002 11.500000000000002 4.5000000000000009 1.5000000000000002 55.000000000000007 4.5000000000000009 12.500000000000002 1.0000000180025095e-35 6.5000000000000009 4.5000000000000009 4.5000000000000009 1.5000000000000002 22.500000000000004 5.5000000000000009 1.5000000000000002 7.5000000000000009 9.5000000000000018 42.500000000000007 1.0000000180025095e-35 6.5000000000000009 7.5000000000000009 2.5000000000000004 107.50000000000001 7.5000000000000009 4.5000000000000009 135.00000000000003 1.5000000000000002 1.5000000000000002 6.5000000000000009 2.5000000000000004 4.5000000000000009 4.5000000000000009 9.5000000000000018 13.500000000000002 4.5000000000000009 4.5000000000000009 4.5000000000000009 12.500000000000002 6.5000000000000009 1.5000000000000002 1.0000000180025095e-35
decision_type=2 2 2 2 2 2 2 2 2 2 2 2 2 2 2 2 2 2 2 2 2 2 2 2 2 2 2 2 2 2 2 2 2 2 2 2 2 2 2 2 2
left_child=4 2 -2 -4 5 9 8 11 10 33 13 12 -8 -7 -9 16 17 25 20 -20 21 27 -21 28 -22 26 -6 -17 -5 -30 -12 -11 -18 35 -35 39 -37 -33 -13 -1 -16
right_child=1 -3 3 23 15 6 7 14 -10 31 30 38 -14 -15 40 18 32 -19 19 22 24 -23 -24 -25 -26 -27 -28 -29 29 -31 -32 37 -34 34 -36 36 -38 -39 -40 -41 -42
leaf_value=0.068520505663760986 -0.1223617187464108 -0.11857907011567438 -0.12148032972281751 0.09656937337038754 0.0089632375165482475 -0.021940929183472051 0.0012339314059998322 0.083419210285811077 -0.10287344292986779 -0.060984315291876638 0.098860943551392758 0.11677322844363354 -0.070796146105390395 -0.087111673967554162 0.036265361469632058 0.0027200414429504848 -0.010695590023083026 -0.10702506506536884 0.05910131258673236 -0.11975213852645497 -0.031464422325706301 -0.095778234646507782 0.062578021819151106 -0.11572113478237435 0.080838464423340681 0.054678639026514063 -0.049694994472805586 0.085824721467113285 0.041801009297005504 -0.11202845207637599 0 -0.042103748628576056 0.064867557821548058 0.02731634042124359 -0.092857169157662248 0 0.057484588703288916 0.074845216809506232 0.022019056918033304 0.0015756154307644647 -0.11768057470103363
leaf_weight=8.4997936096042377 6.4516244614496818 19.652944387868047 4.6691487077623597 11.319870657287543 63.769843175075948 146.56817049812526 113.36996379587799 18.616813836619261 11.970405759289859 19.241250073537234 6.7066315710544613 5.9719840455800322 26.125430127605796 17.306577382609248 2.4687007367610923 19.164355333894495 8.4706400632858259 8.1858927560970169 9.9085668940097111 8.6904317038133723 4.0894326325505963 6.2880527507513753 2.5344836972653857 2.0001854281872502 50.032303167507052 13.686696764081715 28.875899408012629 9.9217819646000844 12.686312806326894 2.5868706600740543 12.154855475760995 4.8792700432240945 27.955846227705479 9.5488399378955382 7.3839555932208887 19.821610161103308 57.277879564091563 5.1771344635635614 12.692747391760347 85.787676176056266 2.5622187871485949
leaf_count=18 110 316 78 43 189 785 532 43 84 83 15 8 175 118 8 108 22 48 33 86 22 55 7 38 165 27 121 19 87 54 62 28 72 33 30 80 121 16 34 304 24
internal_value=0 -0.0441298 -0.00687123 0.0150744 0.00306199 -0.00342063 -0.0123451 0.00352302 -0.0272433 0.011947 -0.0221979 -0.00432811 -0.0121453 -0.0289244 0.0566897 0.0178469 0.00473982 -0.00852151 0.0355851 -0.012518 0.047122 0.008517 -0.0771523 0.0379563 0.0720556 -0.000781467 -0.00915028 0.0316306 0.0501434 0.0146617 0.035389 -0.0338363 0.0468608 0.0191553 -0.0241673 0.0235293 0.0425751 0.0165328 0.0532246 0.0077844 -0.0390405
internal_weight=0 59.367 39.714 33.2624 855.706 594.132 376.514 181.808 194.707 217.617 182.736 158.16 139.495 163.875 23.6477 261.574 150.945 114.518 110.629 21.1335 89.4959 35.3742 11.2249 28.5932 54.1217 106.332 92.6457 29.0861 26.5931 15.2732 18.8615 29.2977 36.4265 188.32 16.9328 171.387 77.0995 10.0564 18.6647 94.2875 5.03092
internal_count=4301 726 410 300 3575 2601 1888 824 1064 713 980 749 707 903 75 974 479 385 495 126 369 182 93 222 187 337 310 127 184 141 77 127 94 586 63 523 201 44 42 322 32
is_linear=0
shrinkage=0.0649432


Tree=2
num_leaves=42
num_cat=0
split_feature=7 47 38 35 50 47 50 7 29 0 16 43 15 43 3 44 50 46 42 46 50 11 1 30 7 49 29 4 17 39 49 39 15 3 39 2 7 42 3 2 39
split_gain=22.7011 20.8542 18.7053 16.7901 17.4043 16.9155 15.9322 15.4564 16.3238 13.5967 18.3997 12.661 27.1458 14.0829 12.187 11.7048 11.682 10.7127 11.8673 10.0225 12.7763 9.91695 10.2492 9.76831 8.8952 8.80514 10.9128 19.285 8.79898 19.3316 8.09115 15.3493 8.59811 14.6194 18.3348 9.11934 6.58803 6.48581 5.89871 5.8578 5.62013
threshold=156.00000000000003 4.5000000000000009 25.000000000000004 1.0000000180025095e-35 11.500000000000002 6.5000000000000009 4.5000000000000009 5.5000000000000009 1.0000000180025095e-35 1.0000000180025095e-35 1.0000000180025095e-35 13.500000000000002 25.500000000000004 1.5000000000000002 32.500000000000007 -1.0000000180025095e-35 12.500000000000002 15.500000000000002 35.000000000000007 95.000000000000014 8.5000000000000018 1.0000000180025095e-35 3.5000000000000004 1.0000000180025095e-35 1.0000000180025095e-35 6.5000000000000009 1.5000000000000002 1.0000000180025095e-35 2.5000000000000004 6.5000000000000009 8.5000000000000018 9.5000000000000018 9.5000000000000018 6.5000000000000009 3.5000000000000004 4.5000000000000009 46.500000000000007 25.000000000000004 46.500000000000007 1.5000000000000002 4.5000000000000009
decision_type=2 2 2 2 2 2 2 2 2 2 2 2 2 2 2 2 2 2 2 2 2 2 2 2 2 2 2 2 2 2 2 2 2 2 2 2 2 2 2 2 2
left_child=1 6 3 4 5 24 30 8 -6 39 -11 13 19 -4 -7 16 21 -15 -19 20 -13 22 -8 -12 -3 26 27 -17 36 -30 32 37 33 34 -1 40 -27 38 -32 -5 -34
right_child=-2 2 11 9 7 14 15 -9 -10 10 23 12 -14 17 -16 25 -18 18 -20 -21 -22 -23 -24 -25 -26 28 -28 -29 29 -31 31 -33 35 -35 -36 -37 -38 -39 -40 -41 -42
leaf_value=0.036022492094901937 -0.12260619124253863 0.00099542418834245769 -0.074487671316438339 0.018116315729411994 -0.0577103252462704 -0.0044869664441920696 0.0029900602768544566 -0.11782157762337167 0.10292460956880249 -0.12185334206704967 0.052961933365641978 -0.070288330407680386 0.061202281223760681 0.061605895976004112 -0.055953972643643393 0.037151448598617784 -0.10996357816447666 -0.067513027376037982 0.015110884306243969 -0.098916510513003916 0.036993157811115791 0.066650654374157417 -0.11793939138883644 -0.049101371888162486 -0.087722427666483763 0.047687464828337481 0.079785048013262513 -0.05617036266374232 0.076370152530264496 -0.076618654235911562 -0.037813354493748529 0.042873312515867762 -0.017591656004258573 0.06936316368771249 -0.054937253861316808 0.02854455895676716 0.10138059331397047 -0.080601456365000018 0.039662918723173388 0.10152865939009974 -0.10282918586670602
leaf_weight=23.770098194479942 6.3136000744998446 5.788969703018668 7.3523617256432763 6.6739277355372897 13.725473777391018 159.28989535570145 28.508284437470142 15.079995243810115 3.2540982253849497 4.9365147128701237 12.148519003763797 10.906276464462282 11.171626251190899 20.209095960482955 22.2581209782511 22.166124446317554 3.8639415847137561 7.6156891006976357 161.16739577054977 13.479719389230011 7.9871380496770135 9.419363151304422 3.2651676982641211 5.72315914556384 20.066784324124455 64.79576220177114 8.3636966720223409 16.107082836329937 6.9977739267051202 6.9210193119943142 22.46124200895429 11.354650944471357 8.0448110047727841 19.266031265258789 15.390901796519755 8.4020980261266214 12.193515025079249 12.889575421810148 4.8880891874432555 9.1418918240815383 6.2080976031720629
leaf_count=63 51 35 46 26 199 874 146 263 7 36 43 61 33 63 168 75 92 42 677 135 34 29 28 57 170 182 19 83 16 29 108 41 36 50 81 50 20 65 19 16 33
internal_value=0 0.000930119 -0.00706494 -0.0185415 -0.0249807 -0.017992 0.0141157 -0.0696811 -0.0259555 0.0209659 -0.010521 0.00617285 -0.0253806 0.0132524 -0.0108867 0.0265683 -0.00182505 0.0167529 0.0112856 -0.0557583 -0.0240969 0.00795096 -0.00896206 0.0193805 -0.0672493 0.0359846 0.0125744 -0.00171029 0.0478171 0 -0.00290341 -0.0230989 0.00975197 0.0230593 0 -0.0238616 0.0564073 -0.042115 -0.0233773 0.0673621 -0.0558697
internal_weight=0 833.254 517.977 278.087 239.463 207.404 315.277 32.0596 16.9796 38.624 22.8082 239.889 43.5448 196.345 181.548 182.602 45.0568 188.992 168.783 32.3731 18.8934 41.1928 31.7735 17.8717 25.8558 137.545 46.6369 38.2732 90.9081 13.9188 132.676 51.5936 81.082 58.427 39.161 22.655 76.9893 40.2389 27.3493 15.8158 14.2529
internal_count=4301 4250 2985 1894 1716 1247 1265 469 206 178 136 1091 263 828 1042 719 295 782 719 230 95 203 174 100 205 424 177 158 247 45 546 233 313 194 144 119 202 192 127 42 69
is_linear=0
shrinkage=0.0649432


Tree=3
num_leaves=42
num_cat=0
split_feature=38 43 50 27 35 49 7 29 16 4 43 39 50 15 43 46 3 0 35 43 7 1 38 11 20 3 7 43 15 48 15 47 39 2 15 14 7 19 39 12 39
split_gain=18.3581 19.2434 15.9089 14.9276 23.8994 15.2665 15.1613 13.431 12.9983 12.3416 17.5076 12.83 11.9909 11.6521 13.2454 12.1692 14.183 9.59336 16.5145 13.9274 15.3771 16.5767 14.6911 12.7671 10.6664 8.65521 9.10812 8.63369 10.5676 10.4031 7.93554 7.19613 10.4446 7.13633 7.36628 7.13167 11.9211 7.21766 7.04206 6.19149 7.35345
threshold=19.000000000000004 4.5000000000000009 5.5000000000000009 3.5000000000000004 1.0000000180025095e-35 13.500000000000002 11.500000000000002 1.5000000000000002 2.5000000000000004 1.5000000000000002 7.5000000000000009 12.500000000000002 5.5000000000000009 1.0000000180025095e-35 2.5000000000000004 15.500000000000002 41.500000000000007 3.5000000000000004 1.0000000180025095e-35 6.5000000000000009 11.500000000000002 1.0000000180025095e-35 105.00000000000001 1.0000000180025095e-35 1.0000000180025095e-35 4.5000000000000009 31.500000000000004 1.5000000000000002 12.500000000000002 4.5000000000000009 9.5000000000000018 1.5000000000000002 12.500000000000002 1.0000000180025095e-35 22.500000000000004 1.0000000180025095e-35 4.5000000000000009 4.5000000000000009 13.500000000000002 2.5000000000000004 2.5000000000000004
decision_type=2 2 2 2 2 2 2 2 2 2 2 2 2 2 2 2 2 2 2 2 2 2 2 2 2 2 2 2 2 2 2 2 2 2 2 2 2 2 2 2 2
left_child=1 2 -1 4 7 6 -5 9 12 11 -11 -3 -8 14 -2 16 39 19 35 22 23 -22 30 -21 -20 26 31 29 -29 -4 -17 -16 -33 -7 -35 37 -37 -19 -18 40 -15
right_child=13 3 27 5 -6 33 8 -9 -10 10 -12 -13 -14 15 25 17 38 18 24 20 21 -23 -24 -25 -26 -27 -28 28 -30 -31 -32 32 -34 34 -36 36 -38 -39 -40 -41 -42
leaf_value=-0.0095500612407173266 -0.091535332930312033 -0.006294330865321272 0.037761474348567053 -0.10729432522482003 0.056314785472776872 0.079404524900996865 -0.090424215526408669 0.045649198795286471 -0.11216152859838351 0.0078556203808144622 -0.085294127045551879 -0.065017010016313215 0.010756565479928223 -0.038102284286220089 -0.076469356523009124 0.035197047025070094 -0.051543526238723936 0 -0.092101755185484732 -0.014668359853671693 -0.0052325357741767938 -0.098325440479187398 -0.093669329996917725 0.065642186920300605 0.025397886922889388 0.10038642500743321 -0.092547992104658056 0.079207379586252361 -0.012872717419875336 -0.068326454601692829 -0.009729063096690041 0.018267862739959555 -0.091253247917626346 -0.1010936229038527 0.038239868123525034 0.066152771431723781 0.0006771493341064034 0.083509199354093872 0.063740597875806826 0.10291804421089036 0.046852831691270393
leaf_weight=58.48588602989912 8.4677732791751605 130.55846253037453 12.273030304349961 19.337366245687008 20.231046529486775 5.0327370632439834 6.4303507693111923 13.055530771613119 7.1712534576654425 12.195749012753366 26.035330952145159 17.989228283986449 20.490003610961139 4.4337881579995146 4.8186125438660374 60.729033641517162 10.117092973552642 5.5161842470988658 7.7072997344657761 40.30869631562382 15.643508921377359 17.531777730211616 4.7650088705122462 10.507156884297727 5.3430716432631016 3.1281841155141583 5.1399263637140384 25.553377430886034 6.2572502084076396 5.6813206356018773 22.122378318570554 37.58598489779979 4.0382244018837801 2.8747745752334595 3.3950107805430889 17.509982379153371 37.014043821021914 19.293549813330173 2.7581577710807315 8.0033618658781034 56.907477266155183
leaf_count=281 55 797 56 212 65 14 59 44 90 62 290 162 137 22 27 184 64 24 65 230 98 164 38 36 17 7 41 50 28 62 91 134 40 26 21 47 179 50 12 15 205
internal_value=0 -0.010025 0.0131959 -0.0189072 -0.0107483 -0.0463944 -0.0609769 -0.0176192 -0.0342199 -0.0221285 -0.0551676 -0.0135158 -0.0128401 0.00962482 -0.0159027 0.0143294 0.0361961 0.00745795 0.0243406 -0.00153869 -0.0205186 -0.0549193 0.0164745 0.00163174 -0.04279 -0.00389477 -0.0105413 0.0402449 0.0605961 0.00329112 0.0230094 -0.00110901 0.00724539 0.0211272 -0.0231572 0.0355872 0.0220023 0.0647851 -0.0255887 0.0478988 0.0404488
internal_weight=0 393.048 108.251 284.797 220.065 64.7315 53.429 199.834 34.0916 186.779 38.2311 148.548 26.9204 409.39 63.1787 346.212 82.2199 263.992 92.3841 171.608 83.9911 33.1753 87.6164 50.8159 13.0504 54.7109 51.5827 49.765 31.8106 17.9544 82.8514 46.4428 41.6242 11.3025 6.26979 79.3338 54.524 24.8097 12.8753 69.3446 61.3413
internal_count=4301 2456 477 1979 1420 559 498 1355 286 1311 352 959 196 1845 304 1541 318 1223 382 841 528 262 313 266 82 249 242 196 78 118 275 201 174 61 47 300 226 74 76 242 227
is_linear=0
shrinkage=0.0649432


Tree=4
num_leaves=42
num_cat=0
split_feature=47 50 46 47 7 39 7 19 3 50 11 46 24 39 7 3 49 42 15 6 49 19 27 47 31 43 43 39 31 7 31 31 38 49 39 39 2 50 2 1 42
split_gain=18.4644 17.19 18.8159 15.6257 12.342 13.1103 11.2444 14.0845 13.3421 12.4873 12.0946 11.1666 10.7687 11.1984 10.6512 15.2471 10.495 10.2898 10.8328 9.59713 9.24567 9.24062 8.67577 8.62482 8.53038 8.12171 8.09054 7.93021 7.48568 8.16493 6.88744 6.78968 6.52348 6.06122 5.69562 5.55371 5.30245 7.5869 6.10823 4.64604 4.2929
threshold=4.5000000000000009 12.500000000000002 8.5000000000000018 11.500000000000002 1.5000000000000002 12.500000000000002 2.5000000000000004 2.5000000000000004 2.5000000000000004 2.5000000000000004 3.5000000000000004 1.5000000000000002 1.0000000180025095e-35 10.500000000000002 3.5000000000000004 1.5000000000000002 2.5000000000000004 155.00000000000003 2.5000000000000004 1.0000000180025095e-35 6.5000000000000009 44.500000000000007 2.5000000000000004 6.5000000000000009 1.5000000000000002 11.500000000000002 11.500000000000002 -1.0000000180025095e-35 22.500000000000004 100.50000000000001 1.0000000180025095e-35 14.500000000000002 55.000000000000007 12.500000000000002 95.000000000000014 3.5000000000000004 1.5000000000000002 7.5000000000000009 2.5000000000000004 2.5000000000000004 35.000000000000007
decision_type=2 2 2 2 2 2 2 2 2 2 2 2 2 2 2 2 2 2 2 2 2 2 2 2 2 2 2 2 2 2 2 2 2 2 2 2 2 2 2 2 2
left_child=6 2 11 17 5 12 8 30 -1 31 28 -2 13 -4 19 20 -13 18 25 32 -16 24 -21 -17 -18 -3 36 -20 29 -11 35 -9 -6 -28 -5 -8 37 -10 -38 -30 -32
right_child=1 3 4 34 14 -7 7 9 26 10 -12 16 -14 -15 15 23 21 -19 27 22 -22 -23 -24 -25 -26 -27 33 -29 39 -31 40 -33 -34 -35 -36 -37 38 -39 -40 -41 -42
leaf_value=-0.005230104755391215 0.047815472379355899 0.047157699979939557 -0.020825301571263485 -0.10806685219779553 0.023058683002432457 -0.11030575519835843 -0.015532798052407105 -0.044061124574790105 0.040227281385785484 0.017914238471791806 -0.10777588521542319 -0.1189039396131559 -0.092810991438170329 0.040059746916527902 -0.095632821337958987 -0.020386173929026905 -0.021475627343498387 0.093610697977738938 0.070045186429400552 -0.099537070703811389 -0.01562493030957476 0.0491756544838527 0.05461019695793163 0.014103055448230857 -0.078406777547311582 -0.098159864154857432 -0.094204702881423089 -0.09156806423343776 -0.10432419915875996 0.06917765985380224 -0.038187266293796013 0.034237034456417174 0.074422578707287024 0.04318518581748422 0.056145165919450214 -0.11770195059097294 -0.051664721073193073 0.096461834477811648 0.041114572295659638 0.00488797867088235 0.062414903453392741
leaf_weight=29.501341134309769 6.0132500305771819 8.1134932693094068 49.022591335698962 15.045860186219212 25.448113825172186 6.4131070151925078 3.8643467519432324 23.866492204368118 23.959631351754069 118.030532524921 3.1241576317697755 7.0950601808726779 6.4922070670872918 17.129347123205662 9.3363927053287643 36.603234820067883 32.022288139909506 3.1131932474672785 1.3307344466447855 3.9235239475965491 19.353447562083602 4.9766506571322671 2.3836443051695824 177.89401168795303 17.978038950823247 1.977646936662494 2.8724496383219948 10.950976145453746 3.1352126095443955 15.100426192395387 5.1023505497723809 5.570545617491006 19.308117523789406 2.3724076561629772 0.81121114641428071 7.0450373971834779 3.5111784711480167 19.62008548527956 16.573823988437653 2.8970357105135918 2.7294580712914467
leaf_count=143 30 44 255 310 113 71 22 163 72 508 32 62 47 57 86 214 219 7 7 30 111 18 9 886 173 34 23 178 21 43 38 27 45 9 6 49 23 33 62 11 10
internal_value=0 -0.00777143 -0.00398105 -0.0478457 0.00170489 -0.0210206 0.0129865 0.00368112 0.030833 0.00959369 0.0176288 -0.0353871 -0.0129085 -0.00481641 0.0078651 0.00213304 -0.0437086 -0.0155977 -0.0315321 0.0348477 -0.0422347 -0.0336996 -0.0387654 0.00814288 -0.0422728 0.0170497 0.0465019 -0.0727294 0.0205642 0.023852 -0.0496284 -0.0286988 0.0455819 -0.0290575 -0.0986399 -0.0830055 0.0529794 0.0659224 0.0240897 -0.0493004 -0.00106981
internal_weight=0 482.736 441.393 41.3431 373.308 79.0573 288.877 190.466 98.4109 171.724 142.287 68.0853 72.6441 66.1519 294.25 243.187 62.072 25.486 22.3729 51.0634 28.6898 54.977 6.30717 214.497 50.0003 10.0911 68.9096 12.2817 139.163 133.131 18.7412 29.437 44.7562 5.24486 15.8571 10.9094 63.6647 43.5797 20.085 6.03225 7.83181
internal_count=4301 3012 2426 586 1924 430 1289 924 365 805 615 502 359 312 1494 1297 472 270 263 197 197 410 39 1100 392 78 222 185 583 551 119 190 158 32 316 71 190 105 85 32 48
is_linear=0
shrinkage=0.0649432


Tree=5
num_leaves=42
num_cat=0
split_feature=50 47 49 47 38 43 29 35 42 46 6 4 46 31 18 38 47 3 38 50 49 48 50 38 50 38 4 28 39 43 49 26 46 39 49 39 3 47 39 46 49
split_gain=14.869 15.5586 11.7056 11.4868 9.71976 12.1561 13.4479 19.7078 12.8025 12.9484 12.3309 9.45478 9.97557 9.21189 9.50257 10.6374 8.64977 8.39553 7.1322 7.08166 6.80331 9.68375 6.7885 6.68764 6.48251 6.28851 6.21223 9.85192 6.78967 6.06536 12.5113 5.81935 5.5351 6.78116 5.10632 4.00085 3.34714 6.50636 3.29604 3.05871 8.31416
threshold=12.500000000000002 11.500000000000002 4.5000000000000009 -1.0000000180025095e-35 12.500000000000002 4.5000000000000009 1.5000000000000002 1.0000000180025095e-35 11.500000000000002 4.5000000000000009 3.5000000000000004 1.0000000180025095e-35 10.500000000000002 15.500000000000002 3.5000000000000004 85.000000000000014 8.5000000000000018 24.500000000000004 95.000000000000014 4.5000000000000009 7.5000000000000009 2.5000000000000004 10.500000000000002 11.500000000000002 6.5000000000000009 75.000000000000014 11.500000000000002 1.5000000000000002 11.500000000000002 6.5000000000000009 10.500000000000002 1.0000000180025095e-35 13.500000000000002 10.500000000000002 11.500000000000002 95.000000000000014 53.500000000000007 5.5000000000000009 3.5000000000000004 11.500000000000002 10.500000000000002
decision_type=2 2 2 2 2 2 2 2 2 2 2 2 2 2 2 2 2 2 2 2 2 2 2 2 2 2 2 2 2 2 2 2 2 2 2 2 2 2 2 2 2
left_child=4 2 -2 -4 5 8 7 10 9 20 22 12 -5 14 26 16 17 -16 25 34 21 -1 -7 -12 -22 36 27 28 -6 -13 -31 39 33 -9 -11 -3 37 -15 -21 40 -8
right_child=1 35 3 11 13 6 31 32 -10 19 23 29 -14 18 15 -17 -18 -19 -20 38 24 -23 -24 -25 -26 -27 -28 -29 -30 30 -32 -33 -34 -35 -36 -37 -38 -39 -40 -41 -42
leaf_value=-0.043534818869641653 -0.10200466401097627 -0.10208803349677582 -0.10235324928968825 0.031650946223753251 0.01377093050766031 -0.01817127142809085 -0.029667669351768813 -0.039665364895159219 -0.048856362373435963 -0.022192141876900925 -0.099379158165449455 0.090580486232944082 -0.11133781011671412 0.0031308158682995255 -0.067990002132282901 -0.11811707254663044 -0.083484050260095824 0.044363727840443533 0.081909237661367595 0.094104813997296199 -0.014575637630552482 0.041817901099329806 -0.065128591847481002 0.028436665451810634 -0.11986337220412499 -0.044873555081563959 0.086100801224452558 -0.09991799685748573 -0.0088211238674544036 0.045406200481558148 -0.10230462214494741 -0.033702199838926881 0.081049521180311737 0.046378489286688786 0.060671700622187588 0.023167564755586175 -0.01270964156433022 0.08387010534993454 0.046064926774982494 0.089601004151490179 0.084237422629268546
leaf_weight=7.970538558438423 5.2284437511116257 12.95068141026422 3.8816265314817384 3.7007271535694661 258.28931317664683 127.38439097441733 5.0582076385617309 6.2752480246126678 12.295812506228684 8.6728190593421441 14.053211037069556 6.7309801988303688 4.2862178608775139 8.1740279216319411 3.7244534790515962 4.971559793688356 5.1193914972245684 10.705429948866366 11.756709115579723 10.98049668222666 11.008058689534662 18.111187413334846 14.868408226408063 1.7532437145709998 3.3643599431961766 4.9175325334072104 4.352304730564355 3.5204470306634894 70.766253054141998 11.864081282168625 2.9950884394347659 4.0145114399492732 7.3940458819270125 9.6817578766494972 4.8258916810154906 0.9494032412767418 4.4023233316838732 9.7190814130008203 18.694449208676815 6.0254266858100882 5.4731329157948494
leaf_count=37 110 310 79 23 1044 831 26 46 78 59 179 13 61 40 19 47 30 41 31 16 68 58 175 10 32 28 9 31 428 72 52 29 13 32 15 6 27 23 49 12 12
internal_value=0 -0.0332993 -0.0116463 0.00201835 0.00250794 -0.00634332 -0.0154193 -0.0211167 0.0126013 0.0218314 -0.0293985 0.0162768 -0.0431274 0.00913287 0.00584628 -0.0330454 -0.0105592 0.0142415 0.039201 0.0465963 -0.00420889 0.0151192 -0.0231944 -0.0841887 -0.0403795 0.0201474 0.00872464 0.00766223 0.00886386 0.0389968 0.0145249 0.0340397 0.0342516 0.0115414 0.00627191 -0.0923806 0.0352126 0.0478925 0.0643968 0.0514338 0.0280372
internal_weight=0 52.5872 38.6872 33.4587 698.324 297.905 201.982 181.41 95.9236 83.6278 158.059 29.5771 7.98695 400.419 361.449 24.5208 19.5493 14.4299 38.9697 43.1737 40.4541 26.0817 142.253 15.8065 14.3724 27.213 336.928 332.576 329.056 21.5901 14.8592 20.5713 23.3511 15.957 13.4987 13.9001 22.2954 17.8931 29.6749 16.5568 10.5313
internal_count=4301 726 410 300 3575 1777 1365 1286 412 334 1195 221 84 1798 1649 137 90 60 149 139 195 95 1006 189 100 118 1512 1503 1472 137 124 79 91 78 74 316 90 63 65 50 38
is_linear=0
shrinkage=0.0649432


Tree=6
num_leaves=42
num_cat=0
split_feature=38 29 5 43 35 42 42 3 39 25 7 1 16 3 50 48 6 27 16 46 7 50 31 38 48 50 31 31 43 29 50 38 46 3 42 43 25 50 30 39 29
split_gain=11.0411 8.07529 13.8553 11.4737 9.63361 8.78114 8.30687 8.07984 7.86151 10.0635 13.1581 15.2692 10.1058 8.63569 7.75458 17.4779 7.29706 6.94676 6.72955 6.70057 10.6587 6.42708 6.60006 7.88787 8.56295 6.09759 5.23797 10.8583 14.3654 10.6182 9.38096 9.00208 12.246 12.0351 6.24459 6.23388 9.62721 6.24965 5.35871 5.09332 4.95952
threshold=14.500000000000002 2.5000000000000004 3.5000000000000004 4.5000000000000009 1.0000000180025095e-35 8.5000000000000018 11.500000000000002 25.500000000000004 12.500000000000002 2.5000000000000004 3.5000000000000004 2.5000000000000004 2.5000000000000004 1.5000000000000002 8.5000000000000018 3.5000000000000004 5.5000000000000009 1.5000000000000002 1.5000000000000002 4.5000000000000009 27.500000000000004 11.500000000000002 3.5000000000000004 11.500000000000002 4.5000000000000009 2.5000000000000004 15.500000000000002 2.5000000000000004 11.500000000000002 1.0000000180025095e-35 4.5000000000000009 95.000000000000014 65.000000000000014 1.5000000000000002 13.500000000000002 10.500000000000002 1.5000000000000002 10.500000000000002 1.0000000180025095e-35 11.500000000000002 2.5000000000000004
decision_type=2 2 2 2 2 2 2 2 2 2 2 2 2 2 2 2 2 2 2 2 2 2 2 2 2 2 2 2 2 2 2 2 2 2 2 2 2 2 2 2 2
left_child=1 2 3 6 14 -3 19 -6 26 10 25 12 13 -12 18 -16 -9 -7 -5 20 -1 22 -4 24 -24 -10 27 29 31 35 -30 32 -29 -33 -31 36 -2 -37 -28 40 -40
right_child=8 5 21 4 7 17 -8 16 9 -11 11 -13 -14 -15 15 -17 -18 -19 -20 -21 -22 -23 23 -25 -26 -27 38 28 30 34 -32 33 -34 -35 -36 37 -38 -39 39 -41 -42
leaf_value=-0.020643310890008714 0.0059323216089955553 0.084325318084113934 -0.070318302799639881 -0.0040850695828970086 0.04711923043961979 0.046079416322381848 -0.05193906818573675 -0.10602871062112816 0.019912012123049001 0.080046408979052755 -0.083024150173556924 -0.076595867307434465 -0.10220060551862965 0.03905481108336354 -0.10234013464318514 -0.017863343273910749 0.050759856689257157 -0.11217041556019257 -0.076952855003872944 0.041751100570104518 0.065778718460724375 -0.10286832255981303 -0.085045252646506656 0.037346010816875282 -0.0055256360615629167 -0.10670930527133181 0.082661521420800993 -0.02024697372266715 0.0018283789353908959 0.014682119821463162 -0.11303939149241915 0.058848466262441897 0.034403615836737969 -0.089379533837937453 -0.097856669311809377 0.045597006558244002 0.063366666530596416 -0.010897171899821799 0.02056523345782886 0.086266663194369098 -0.065310887993044728
leaf_weight=23.670094613917176 123.9781182706356 7.8791946992278081 13.756859159097074 102.24656154029071 17.801943149417642 2.3357069715857506 6.6590597219765177 3.1907657831907263 1.6876651570200909 4.2767233792692414 2.6142139080911937 9.8513867538422328 2.7329214541241518 26.389704060740769 13.629819748923181 45.595012547448277 1.8950636833906171 2.1883084923028946 5.6860998943448058 38.040461797267199 8.0547619350254518 6.4043234558776012 9.1039792224764842 8.4706260897219163 16.602507688105106 9.365351567976175 7.9208331145346156 31.688778534531593 4.202756952494382 3.0619784444570524 8.5500530246645194 2.9565394427627316 37.573069271631539 9.0845865467563254 5.2768616639077663 52.739166955463588 13.798268634825943 9.2742029852233809 19.879101078957326 4.2453257087618104 3.2529818601906291
leaf_count=144 514 17 122 629 58 11 50 32 9 14 34 113 39 136 209 442 6 20 62 117 25 124 103 26 114 126 19 174 19 10 85 12 143 86 42 158 39 88 87 13 30
internal_value=0 -0.00870349 -0.0107314 -0.00456891 -0.0131613 0.0424401 0.0165889 0.0260589 0.00735321 -0.0148523 -0.022875 -0.00571955 0.0157931 0.0274838 -0.0186276 -0.037584 -0.0444943 -0.0270168 -0.00807653 0.023363 0.000807957 -0.0406539 -0.0319945 -0.0160906 -0.0343235 -0.0859367 0.0111457 0.00831072 -0.00989567 0.0166149 -0.0739589 0 0.00917061 -0.0516491 -0.0546512 0.0196711 0.0118031 0.0368913 0.0349576 0.0205555 0.00778338
internal_weight=0 333.211 320.808 266.47 190.045 12.4032 76.4244 22.8878 394.401 56.918 52.6412 41.5882 31.7368 29.0039 167.157 59.2248 5.08583 4.52402 107.933 69.7653 31.7249 54.3383 47.934 34.1771 25.7065 11.053 337.483 302.184 94.0558 208.129 12.7528 81.303 69.2618 12.0411 8.33884 199.79 137.776 62.0134 35.2982 27.3774 23.1321
internal_count=4301 2311 2263 1774 1438 48 336 96 1990 471 457 322 209 170 1342 651 38 31 691 286 169 489 365 243 217 135 1519 1370 519 851 104 415 317 98 52 799 553 246 149 130 117
is_linear=0
shrinkage=0.0649432


Tree=7
num_leaves=37
num_cat=0
split_feature=50 47 49 47 7 38 1 29 12 2 47 11 31 7 43 7 47 42 18 2 42 28 39 46 42 49 31 39 39 28 20 27 7 31 19 43
split_gain=10.2847 12.0625 8.58665 8.58555 7.65892 7.52296 8.29977 6.86458 6.35327 11.0288 8.15117 13.254 7.63815 13.2092 6.03386 11.6213 5.5941 8.86499 7.73907 7.49982 7.44321 8.64547 5.96023 5.42578 15.1 9.44087 4.68853 3.9734 3.79462 3.69422 3.51622 8.13081 2.56198 0.887416 0.157381 0.0650944
threshold=12.500000000000002 11.500000000000002 4.5000000000000009 -1.0000000180025095e-35 1.5000000000000002 65.000000000000014 13.500000000000002 2.5000000000000004 3.5000000000000004 2.5000000000000004 4.5000000000000009 1.0000000180025095e-35 14.500000000000002 10.500000000000002 7.5000000000000009 6.5000000000000009 2.5000000000000004 85.000000000000014 3.5000000000000004 13.500000000000002 35.000000000000007 1.0000000180025095e-35 1.5000000000000002 4.5000000000000009 9.5000000000000018 8.5000000000000018 1.5000000000000002 95.000000000000014 4.5000000000000009 1.5000000000000002 1.0000000180025095e-35 8.5000000000000018 3.5000000000000004 4.5000000000000009 29.500000000000004 11.500000000000002
decision_type=2 2 2 2 2 2 2 2 2 2 2 2 2 2 2 2 2 2 2 2 2 2 2 2 2 2 2 2 2 2 2 2 2 2 2 2
left_child=5 2 -2 -4 35 7 8 16 9 10 26 -12 13 -11 33 -16 17 23 19 22 34 -22 -18 25 -25 -1 -7 -3 -9 -30 31 -10 -33 -6 -20 -5
right_child=1 27 3 4 14 6 -8 28 30 12 11 -13 -14 -15 15 -17 18 -19 20 -21 21 -23 -24 24 -26 -27 -28 -29 29 -31 -32 32 -34 -35 -36 -37
leaf_value=0.0080039445190699752 -0.094480479087495697 -0.095590517264826674 -0.094805285699163633 -0.10751981195179942 0.039475362071122316 0.054500098484523037 -0.080987852352914072 0.069048888029932559 -0.034685845751955664 -0.0053848543127483399 -0.011640392275651367 0.045835606314110738 0.042665050420791856 -0.10555564568943537 0.061456132975299373 -0.049390161930031644 -0.034265879685242973 0.06889208653390326 -0.05860367592982986 0.061701740282283146 0.064368012632691055 -0.06996761286257705 -0.0040939591055750542 0.070549072658034145 -0.0063386022569811495 -0.051537453445846836 0.012047968893390977 0.030348779358772886 0.03773171529597398 -0.04804597162257021 0.093449742737546207 0.087046397167799675 0.027563750079006046 0.088842090084049127 -0.099918141387443593 -0.043493894490313594
leaf_weight=32.92314574867487 4.4058949211612335 11.359939130954441 3.4194430271163574 1.614488841965801 4.7070446945726889 31.598549464717507 3.8192192465066901 8.442708898335697 5.3677618652582231 16.770180428400643 56.00296829175204 24.129417419433594 5.6235097758471957 8.5770328389480692 7.3360511530190733 8.7155124209821206 30.786554960533977 9.5347860008478147 2.9958674963563698 6.7928055301308623 3.9637002646923047 4.0850693508982658 292.23086229991168 15.920840822160242 32.328506247140467 16.792246836237609 18.487325754016638 0.95709156244993288 6.0861071608960611 3.1619405448436737 5.4265105426311484 6.9450714159756881 7.3472572565078735 4.9006021097302437 6.5612341444939375 1.276671710424125
leaf_count=160 110 310 79 18 22 92 28 20 27 77 288 93 19 89 38 119 231 24 30 24 12 34 1731 41 166 131 79 6 22 21 9 14 26 8 87 16
internal_value=0 -0.0288048 -0.00949461 0.00174 0.0138828 0.00211678 0.0130391 -0.00224294 0.0150556 0.0101954 0.0185496 0.00547094 -0.0244124 -0.0399302 0.0256584 0.000284292 -0.00381843 0.00905921 -0.00784901 -0.00555458 -0.0499058 -0.00183926 -0.00701963 0.00306837 0.0187095 -0.0117921 0.0391524 -0.0845005 0.0373554 0.00666924 0.0456371 0.0315995 0.0576123 0.0663619 -0.0886886 -0.0849274
internal_weight=0 48.6927 36.3757 31.9698 28.5504 662.701 190.095 472.606 186.276 161.189 130.218 80.1324 30.9707 25.3472 25.6592 16.0516 454.916 107.5 347.416 329.81 17.6059 8.04877 323.017 97.9647 48.2493 49.7154 50.0859 12.317 17.6908 9.24805 25.0866 19.6601 14.2923 9.60765 9.5571 2.89116
internal_count=4301 726 410 300 221 3575 841 2734 813 737 552 381 185 166 187 157 2671 522 2149 1986 163 46 1962 498 207 291 171 316 63 43 76 67 40 30 117 34
is_linear=0
shrinkage=0.0649432


Tree=8
num_leaves=42
num_cat=0
split_feature=38 0 50 0 42 3 7 47 48 48 39 39 31 28 50 29 17 39 35 43 42 7 35 42 3 50 50 31 38 43 49 3 23 42 30 0 4 14 7 16 43
split_gain=7.66614 7.70937 6.19295 11.3492 10.405 6.0964 8.01577 7.23657 6.76864 9.29853 11.4166 9.42602 6.32602 6.53072 5.56144 5.23351 7.44817 9.9122 6.66752 9.65236 6.32737 5.21255 5.11986 5.03875 10.5818 6.7541 5.00909 4.98971 4.88213 4.59751 4.55757 4.02751 4.01439 3.96509 3.55064 3.24678 2.77996 2.66242 2.18132 2.17571 2.13567
threshold=19.000000000000004 7.5000000000000009 12.500000000000002 1.0000000180025095e-35 13.500000000000002 1.5000000000000002 150.50000000000003 1.5000000000000002 1.5000000000000002 4.5000000000000009 7.5000000000000009 10.500000000000002 15.500000000000002 1.5000000000000002 13.500000000000002 1.5000000000000002 2.5000000000000004 11.500000000000002 1.0000000180025095e-35 3.5000000000000004 10.500000000000002 3.5000000000000004 1.0000000180025095e-35 105.00000000000001 24.500000000000004 7.5000000000000009 5.5000000000000009 28.500000000000004 65.000000000000014 3.5000000000000004 4.5000000000000009 1.0000000180025095e-35 1.5000000000000002 25.000000000000004 1.5000000000000002 6.5000000000000009 1.0000000180025095e-35 2.5000000000000004 48.500000000000007 5.5000000000000009 3.5000000000000004
decision_type=2 2 2 2 2 2 2 2 2 2 2 2 2 2 2 2 2 2 2 2 2 2 2 2 2 2 2 2 2 2 2 2 2 2 2 2 2 2 2 2 2
left_child=1 2 15 4 14 7 12 33 -9 21 28 -12 13 23 22 16 18 31 19 -1 -20 30 -4 25 -25 -7 34 32 -11 36 -10 -18 40 -2 -17 -34 -3 -15 -28 -40 -14
right_child=5 29 3 -5 -6 6 -8 8 9 10 11 -13 27 37 -16 26 17 -19 20 -21 -22 -23 -24 24 -26 -27 38 -29 -30 -31 -32 -33 35 -35 -36 -37 -38 -39 39 -41 -42
leaf_value=0.016789187839180941 -0.015991399071696888 0.039375228876887006 -0.097407697690034989 -0.096322586080804087 -0.091968178470365189 0.0047937437055321558 -0.095230002463237928 0.074082980773963358 0.014926606193879619 -0.012403826501790192 0.072842628207097845 -0.037215409096836079 0.020962141765163398 -0.10072315935618223 0.057349517701483173 -0.091249279608490386 0 0.047300856797972461 -0.010443564305157456 -0.013744066504171676 0.053193715955450721 -0.10164033284592157 0.063046382723944527 -0.029552729508133022 0.023372634544268429 0.029134038760970718 0.062907954210222758 -0.01946090786881249 -0.1173412695021684 -0.088956917365836802 -0.073583352515893721 -0.097851526347839363 -0.058149581688805609 -0.10419352202407961 0.010116233713122137 0.04702421483190717 -0.057561980864385937 -0.0077376123871230303 -0.025484951461159273 0.052614221406309176 0.071790060890568316
leaf_weight=57.896153055131435 4.5655677840113622 2.509444557130335 2.3133823219686773 8.6673586824908835 4.1543052578344932 125.14449798129499 2.9819304272532454 4.3961715013720086 5.6961335428059083 7.6309137530624884 12.87393254414201 4.1869269218295804 5.5718359760940137 3.1257727965712538 8.2276911726221424 2.0633125193417099 1.8498538434505452 3.1684673465788356 10.35937859490514 174.21047082077712 16.503335639834404 5.6036625150591126 1.1875756792724135 36.454990020021796 28.062580224126577 80.129870409145951 11.112356618046762 4.9919397048652163 2.6798707060515881 7.6161259673535824 4.0433189366012812 9.232126943767069 2.406949568539857 5.0999216213822365 4.2169513758271933 2.4967465605586767 2.3847821615636349 2.9148291405290365 2.9486153759062281 2.820704348385334 17.568302940577269
leaf_count=250 32 8 50 215 108 534 46 13 23 38 29 45 23 38 53 20 17 13 59 1281 46 58 3 264 155 351 27 20 20 106 24 121 20 35 27 10 22 17 20 10 50
internal_value=0 -0.00713527 -0.00513039 -0.0365182 -0.00285062 0.00645424 0.0100467 -0.0129962 -0.00214004 -0.0103693 0.0118475 0.0448963 0.0111169 0.00782715 0.0273988 -0.00247586 -0.00503794 -0.0507927 -0.00245729 -0.00605906 0.0280644 -0.051026 -0.0384253 0.00937398 -0.00628565 0.0143734 0.0270514 0.0380954 -0.0412875 -0.0572609 -0.0202148 -0.080287 0.0489104 -0.0642215 -0.0207268 -0.00137009 -0.00462894 -0.0585519 0.0457692 0.00996373 0.0602499
internal_weight=0 333.442 320.932 24.5503 15.883 368.627 311.85 56.7764 47.1109 42.7148 27.3716 17.0609 308.868 275.833 11.7286 296.382 273.22 14.2504 258.969 232.107 26.8627 15.3431 3.50096 269.792 64.5176 205.274 23.1619 33.0358 10.3108 12.5104 9.73945 11.082 28.0438 9.66549 6.28026 4.9037 4.89423 6.0406 16.8817 5.76932 23.1401
internal_count=4301 2456 2320 429 214 1845 1528 317 250 237 132 74 1482 1359 106 1891 1787 151 1636 1531 105 105 53 1304 419 885 104 123 58 136 47 138 103 67 47 30 30 55 57 30 73
is_linear=0
shrinkage=0.0649432


end of trees

feature_importances:
self_popularity=32
result_1=28
mf_courseout=24
result_2=24
result_3=20
umaban=20
f_courseout=19
ninki_1=19
ninki_3=19
ninki_2=17
mf_classout.1=15
mf_class2=12
f_course3=10
f_lenout=8
f_mf_classout.1=8
waku=8
mf_classout=7
f_course1=6
f_course2=6
mf_course1=6
f_classout=6
mf_class1=6
mf_course2=5
f_mf_courseout=5
mf_len1=5
mf_course3=4
mf_class3=4
f_len1=3
f_len3=3
mf_len2=3
f_len2=2
mf_len3=2
f_mf_len1=2
f_class2=2
f_mf_classout=1
f_class1=1
f_class3=1
time_df_course3=1

parameters:
[boosting: gbdt]
[objective: lambdarank]
[metric: ndcg]
[tree_learner: serial]
[device_type: cpu]
[data_sample_strategy: bagging]
[data: ]
[valid: ]
[num_iterations: 180]
[learning_rate: 0.0649432]
[num_leaves: 42]
[num_threads: 16]
[seed: 0]
[deterministic: 0]
[force_col_wise: 1]
[force_row_wise: 0]
[histogram_pool_size: -1]
[max_depth: 7]
[min_data_in_leaf: 15]
[min_sum_hessian_in_leaf: 0.001]
[bagging_fraction: 1]
[pos_bagging_fraction: 1]
[neg_bagging_fraction: 1]
[bagging_freq: 0]
[bagging_seed: 7719]
[feature_fraction: 1]
[feature_fraction_bynode: 1]
[feature_fraction_seed: 2437]
[extra_trees: 0]
[extra_seed: 11797]
[early_stopping_round: 0]
[first_metric_only: 0]
[max_delta_step: 0]
[lambda_l1: 0.245019]
[lambda_l2: 0.00771163]
[linear_lambda: 0]
[min_gain_to_split: 0]
[drop_rate: 0.1]
[max_drop: 50]
[skip_drop: 0.5]
[xgboost_dart_mode: 0]
[uniform_drop: 0]
[drop_seed: 21238]
[top_rate: 0.2]
[other_rate: 0.1]
[min_data_per_group: 100]
[max_cat_threshold: 32]
[cat_l2: 10]
[cat_smooth: 10]
[max_cat_to_onehot: 4]
[top_k: 20]
[monotone_constraints: ]
[monotone_constraints_method: basic]
[monotone_penalty: 0]
[feature_contri: ]
[forcedsplits_filename: ]
[refit_decay_rate: 0.9]
[cegb_tradeoff: 1]
[cegb_penalty_split: 0]
[cegb_penalty_feature_lazy: ]
[cegb_penalty_feature_coupled: ]
[path_smooth: 0]
[interaction_constraints: ]
[verbosity: -1]
[saved_feature_importance_type: 0]
[use_quantized_grad: 0]
[num_grad_quant_bins: 4]
[quant_train_renew_leaf: 0]
[stochastic_rounding: 1]
[linear_tree: 0]
[max_bin: 255]
[max_bin_by_feature: ]
[min_data_in_bin: 3]
[bin_construct_sample_cnt: 200000]
[data_random_seed: 38]
[is_enable_sparse: 1]
[enable_bundle: 1]
[use_missing: 1]
[zero_as_missing: 0]
[feature_pre_filter: 1]
[pre_partition: 0]
[two_round: 0]
[header: 0]
[label_column: ]
[weight_column: ]
[group_column: ]
[ignore_column: ]
[categorical_feature: ]
[forcedbins_filename: ]
[precise_float_parser: 0]
[parser_config_file: ]
[objective_seed: 8855]
[num_class: 1]
[is_unbalance: 0]
[scale_pos_weight: 1]
[sigmoid: 1]
[boost_from_average: 1]
[reg_sqrt: 0]
[alpha: 0.9]
[fair_c: 1]
[poisson_max_delta_step: 0.7]
[tweedie_variance_power: 1.5]
[lambdarank_truncation_level: 30]
[lambdarank_norm: 1]
[label_gain: ]
[lambdarank_position_bias_regularization: 0]
[eval_at: 1,3,5]
[multi_error_top_k: 1]
[auc_mu_weights: ]
[num_machines: 1]
[local_listen_port: 12400]
[time_out: 120]
[machine_list_filename: ]
[machines: ]
[gpu_platform_id: -1]
[gpu_device_id: -1]
[gpu_use_dp: 0]
[num_gpu: 1]

end of parameters

pandas_categorical:[]
