tree
version=v4
num_class=1
num_tree_per_iteration=1
label_index=0
max_feature_idx=50
objective=lambdarank
feature_names=f_course1 f_course2 f_course3 f_courseout mf_course1 mf_course2 mf_course3 mf_courseout f_mf_course1 f_mf_course2 f_mf_course3 f_mf_courseout f_len1 f_len2 f_len3 f_lenout mf_len1 mf_len2 mf_len3 mf_classout f_mf_len1 f_mf_len2 f_mf_len3 f_mf_classout f_class1 f_class2 f_class3 f_classout mf_class1 mf_class2 mf_class3 mf_classout.1 f_mf_class1 f_mf_class2 f_mf_class3 f_mf_classout.1 time_df_course1 time_df_class1 ninki_1 result_1 time_df_course2 time_df_class2 ninki_2 result_2 time_df_course3 time_df_class3 ninki_3 result_3 waku umaban self_popularity
feature_infos=[0:52] [0:51] [0:46] [0:380] [0:47] [0:34] [0:44] [0:388] [0:7] [0:5] [0:5] [0:35] [0:4] [0:7] [0:5] [0:30] [0:2] [0:4] [0:7] [0:25] [0:1] [0:2] [0:1] [0:6] [0:3] [0:2] [0:4] [0:14] [0:2] [0:2] [0:3] [0:11] none none none [0:3] none none [-1:180] [-1:110] none none [-1:180] [-1:180] [-1:0] [-1:0] [-1:180] [-1:170] [1:8] [1:18] [-1:18]
tree_sizes=2209 2193 2203 2223 2217 2213 2222 2210 1686 2217 2220 2211 2222

Tree=0
num_leaves=20
num_cat=0
split_feature=15 1 31 47 39 7 49 39 49 3 2 48 15 3 50 6 15 0 3
split_gain=6.55597 5.22056 3.72389 3.65679 5.16904 4.66275 2.85855 4.6431 4.87045 4.49247 6.99551 3.81434 3.2576 3.07644 2.55165 2.21093 2.08189 1.79229 1.5192
threshold=1.0000000180025095e-35 26.500000000000004 1.0000000180025095e-35 13.500000000000002 7.5000000000000009 11.500000000000002 4.5000000000000009 3.5000000000000004 12.500000000000002 153.00000000000003 7.5000000000000009 5.5000000000000009 1.5000000000000002 28.500000000000004 7.5000000000000009 1.0000000180025095e-35 3.5000000000000004 12.500000000000002 25.500000000000004
decision_type=2 2 2 2 2 2 2 2 2 2 2 2 2 2 2 2 2 2 2
left_child=2 6 3 4 5 14 13 8 -8 10 12 -11 -9 -2 -1 -15 -17 -18 -4
right_child=1 -3 18 -5 -6 -7 7 9 -10 11 -12 -13 -14 15 -16 16 17 -19 -20
leaf_value=-0.11661549768844373 0.078296127018395625 -0.11160321403041086 -0.16424062940163292 0.056962076150928631 -0.11160768342887585 0.0861231043063546 -0.092106028619757571 -0.018840985425178852 0.069341159167244981 0.13660606693536217 -0.097664271268698519 0.022169147114654845 0.078075442632825245 -0.13214672218569062 0.0090018576335955131 -0.11010600145266124 0.059264425038735677 -0.047109844199978337 -0.0252614921573984
leaf_weight=2.2480275644920784 1.9464538283646087 2.0732102729380122 2.1983555236365642 3.077341516967862 5.0189370112493634 2.7578275818377733 3.5133868050761548 3.3643849338404861 2.1249385913833976 6.4010746367275697 2.7032099267235017 3.1296511213295162 9.1141014406457526 1.4926010868512092 2.3181336899287999 1.310805996879935 2.4433442654553801 2.0733968231361359 0.79168941685929883
leaf_count=54 28 51 64 31 104 34 65 56 26 36 74 42 111 49 35 29 26 41 15
internal_value=0 0.0185447 -0.0419771 -0.0250797 -0.0456812 -0.00019949 0.0254253 0.0379751 -0.0310089 0.0537757 0.025076 0.0992519 0.051849 -0.0155337 -0.0527243 -0.0407627 -0.0168737 0.0101508 -0.128165
internal_weight=0 41.6906 18.4103 15.4203 12.3429 7.32399 39.6173 30.3507 5.63833 24.7124 15.1817 9.53073 12.4785 9.2666 4.56616 7.32015 5.82755 4.51674 2.99004
internal_count=971 634 337 258 227 123 583 410 91 319 241 78 167 173 89 145 96 67 79
is_linear=0
shrinkage=0.0844965


Tree=1
num_leaves=20
num_cat=0
split_feature=0 1 42 50 43 38 7 7 50 48 2 6 7 47 7 3 46 47 42
split_gain=10.21 18.0402 15.1761 14.9302 15.7915 14.3267 12.9759 10.6434 10.5544 18.3869 10.2446 9.94097 10.4983 12.7671 9.69707 8.95356 4.4122 2.41141 0.793764
threshold=6.5000000000000009 5.5000000000000009 4.5000000000000009 2.5000000000000004 3.5000000000000004 5.5000000000000009 2.5000000000000004 202.00000000000003 3.5000000000000004 6.5000000000000009 2.5000000000000004 9.5000000000000018 55.500000000000007 9.5000000000000018 115.50000000000001 200.50000000000003 45.000000000000007 8.5000000000000018 13.500000000000002
decision_type=2 2 2 2 2 2 2 2 2 2 2 2 2 2 2 2 2 2 2
left_child=1 3 -2 10 16 18 17 11 -7 -10 -1 12 13 -8 -3 -14 -5 -4 -6
right_child=2 14 6 4 5 8 7 -9 9 -11 -12 -13 15 -15 -16 -17 -18 -19 -20
leaf_value=-0.14983407467522208 -0.11545013154792533 -0.16211258026720773 -0.027315557929930259 0.02889781241637232 -0.15880391004710867 0.1147906398586501 0.013071254415599781 -0.045731347282580083 -0.043122314234664158 0.053456283600062063 0.016801955104044333 0.11811611404054348 -0.1633063146901057 0.12133150233306426 -0.0016517638728978409 0.045943773383101502 0.12744854240888689 -0.14071704728409132 -0.095047960151586938
leaf_weight=7.7430966887623054 5.1025774870067826 8.5629059066995961 2.5158905778080216 5.2438234109431496 3.3917726930230847 5.5931340511888257 19.733030552044511 7.7517632916569701 37.064068670384586 22.666626906022429 3.9645164143294096 15.116908647119997 3.1538875121623269 12.860760010778902 3.9414246007800093 2.6852515134960413 8.702621875330804 2.9522335547953844 2.7843253277242184
leaf_count=57 34 50 20 32 37 20 111 37 223 98 23 40 39 40 21 17 26 27 19
internal_value=0 -0.0162225 0.0247497 -0.00390666 0.00834551 -0.0076858 0.0355052 0.0466485 0.003936 -0.00644686 -0.0933424 0.060054 0.0371477 0.0558619 -0.111697 -0.066975 0.0905531 -0.0889812 -0.130551
internal_weight=0 109.658 71.8723 97.154 85.4464 71.4999 66.7697 61.3016 65.3238 59.7307 11.7076 53.5498 38.4329 32.5938 12.5043 5.83914 13.9464 5.46812 6.1761
internal_count=971 606 365 535 455 397 331 284 341 321 80 247 207 151 71 56 58 47 56
is_linear=0
shrinkage=0.0844965


Tree=2
num_leaves=20
num_cat=0
split_feature=18 6 49 39 27 6 43 7 46 42 47 46 38 43 16 50 38 48 47
split_gain=11.069 12.133 9.38492 8.09808 15.651 7.4117 7.72326 10.2647 6.80793 7.29354 9.32977 9.98185 10.0934 7.62341 5.34015 5.32631 4.17817 3.22951 1.30183
threshold=1.5000000000000002 2.5000000000000004 13.500000000000002 9.5000000000000018 5.5000000000000009 4.5000000000000009 7.5000000000000009 127.00000000000001 125.00000000000001 115.00000000000001 15.500000000000002 8.5000000000000018 75.000000000000014 13.500000000000002 1.0000000180025095e-35 11.500000000000002 8.5000000000000018 6.5000000000000009 10.500000000000002
decision_type=2 2 2 2 2 2 2 2 2 2 2 2 2 2 2 2 2 2 2
left_child=1 8 3 5 15 17 7 -7 9 10 11 13 -13 -1 -4 18 -8 -3 -5
right_child=-2 2 14 4 -6 6 16 -9 -10 -11 -12 12 -14 -15 -16 -17 -18 -19 -20
leaf_value=-0.10260355881933904 -0.13051987031711498 0.063027384661695149 -0.14280761217560703 -0.15428891390678481 0.11068536732984487 -0.15182620104857494 0.0079519604897521686 0.028093827956350802 -0.12580732675352194 0.057250062167782174 0.082103260065013256 0.0059603059591274432 -0.096878529364199301 0.030091036764895156 0.017086417611810803 0.01314170251155773 0.10271412070148669 0.13858344922205371 -0.069207990600859512
leaf_weight=16.47363476455212 4.4976826533675185 7.4196887258440283 3.1858862005174151 3.9229663126170617 4.6854644045233718 3.0278928615152862 4.9014059640467158 8.8189337551593763 3.8045705743134013 10.049696786329148 6.0278047248721114 48.196678081527352 7.9188996329903594 3.7802729979157439 2.7635512053966522 2.9291577525436878 10.517858238890765 9.1979207992553693 2.0622263252735138
leaf_count=143 39 40 29 45 10 41 32 44 33 33 17 269 66 22 16 22 40 16 14
internal_value=0 0.0036873 0.0323805 0.0428531 -0.0140278 0.0605094 0.0333018 -0.0179057 -0.0152108 -0.0106269 -0.0189298 -0.0269349 -0.00854928 -0.0777688 -0.0684507 -0.0797948 0.0727105 0.105008 -0.12542
internal_weight=0 159.685 63.433 57.4835 13.5998 43.8837 27.2661 11.8468 96.2516 92.447 82.3973 76.3695 56.1156 20.2539 5.94944 8.91435 15.4193 16.6176 5.98519
internal_count=971 932 349 304 91 213 157 85 583 550 517 500 335 165 45 81 72 56 59
is_linear=0
shrinkage=0.0844965


Tree=3
num_leaves=20
num_cat=0
split_feature=15 2 43 39 47 47 0 31 16 19 19 47 13 50 2 11 3 5 6
split_gain=11.1961 11.5424 8.1654 7.3344 9.63397 8.88707 6.93795 6.84707 8.55688 5.94891 10.2355 5.64187 5.03599 10.2313 4.79257 4.36965 7.31293 4.13065 3.89319
threshold=1.5000000000000002 1.0000000180025095e-35 1.5000000000000002 6.5000000000000009 6.5000000000000009 15.500000000000002 1.0000000180025095e-35 1.5000000000000002 1.0000000180025095e-35 2.5000000000000004 4.5000000000000009 13.500000000000002 2.5000000000000004 4.5000000000000009 2.5000000000000004 3.5000000000000004 176.50000000000003 1.0000000180025095e-35 16.500000000000004
decision_type=2 2 2 2 2 2 2 2 2 2 2 2 2 2 2 2 2 2 2
left_child=1 3 -2 4 -1 6 -5 8 11 14 -11 12 17 -14 -3 -9 -17 -4 -10
right_child=2 9 7 5 -6 -7 -8 15 18 10 -12 -13 13 -15 -16 16 -18 -19 -20
leaf_value=0.092968592900686639 -0.10102435227242533 -0.11630078364217808 0.057382335634805402 -0.13347090092697581 -0.055540690369902092 0.057086673293734361 0.0015474202866975959 0.10367728316931762 -0.12309612943544741 0.065690440364211733 -0.13165480833610549 -0.074829568670884958 0.059772230030072017 -0.15053742866784736 -0.030349840092943892 -0.046130705290463724 0.081832153300127192 0.0084376004246968141 0.0074505599172488314
leaf_weight=10.734467236325147 3.9225593358278266 14.743852578103548 28.214108414947987 6.2635994628071803 4.3709829654544583 5.3844106122851363 4.7570321932435036 10.331037525087597 4.6680525261908761 5.2639023475348932 2.8969446048140526 4.1627279333770266 3.3742823451757422 3.2008144855499268 6.8355887178331605 5.3273264020681363 7.8729922771453857 21.965599182993174 2.4725694395601749
leaf_count=36 40 150 114 53 39 13 35 32 53 20 39 34 16 31 53 40 26 134 13
internal_value=0 -0.0281948 0.0180824 0.00740411 0.0498973 -0.0316525 -0.0751439 0.0232124 0.0095998 -0.0659422 -0.00430875 0.0198795 0.0268657 -0.0425122 -0.0891722 0.0624986 0.0300965 0.0359916 -0.0777831
internal_weight=0 61.2508 95.5121 31.5105 15.1055 16.405 11.0206 91.5895 68.0582 29.7403 8.16085 60.9175 56.7548 6.5751 21.5794 23.5314 13.2003 50.1797 7.14062
internal_count=971 438 533 176 75 101 88 493 395 262 59 329 295 47 203 98 66 248 66
is_linear=0
shrinkage=0.0844965


Tree=4
num_leaves=20
num_cat=0
split_feature=15 2 42 48 38 13 42 3 50 6 38 46 42 47 46 1 38 46 4
split_gain=8.00738 7.95215 7.45231 5.56468 5.49061 8.52666 15.7701 12.4215 7.80685 12.8432 6.1147 4.78406 4.59383 4.03009 6.92514 9.79707 4.025 3.05911 3.28052
threshold=1.0000000180025095e-35 1.0000000180025095e-35 4.5000000000000009 2.5000000000000004 10.500000000000002 1.5000000000000002 9.5000000000000018 176.50000000000003 8.5000000000000018 13.500000000000002 135.00000000000003 11.500000000000002 105.00000000000001 15.500000000000002 85.000000000000014 1.0000000180025095e-35 75.000000000000014 11.500000000000002 1.5000000000000002
decision_type=2 2 2 2 2 2 2 2 2 2 2 2 2 2 2 2 2 2 2
left_child=1 3 -2 -1 8 7 -7 10 17 11 16 -10 -3 14 15 -5 -6 18 -4
right_child=2 12 4 13 5 6 -8 -9 9 -11 -12 -13 -14 -15 -16 -17 -18 -19 -20
leaf_value=-0.10449271079565978 -0.091590120512178297 -0.10002865873369055 0.079808743830487014 -0.11763080754579079 -0.0023275271021234258 0.10952352580427206 -0.11454516559582961 0.10553923153936619 -0.14164111395557474 0.11989997914528883 0.076263975617208782 -0.018900443845194782 0.009899829328843637 0.085414873814277467 0.058322509625263572 0.058474092685489414 -0.073763328646056295 0.10435789200788947 0.0051628468552281917
leaf_weight=3.2189608104527023 4.7062102295458308 13.034044818952681 9.10747859999538 5.9909304119646603 26.318939741700888 2.9182729646563521 9.4826431944966298 9.1310102976858598 3.3803002685308439 3.9261602088809004 5.7886697947978965 6.9385285153985023 3.3974409326910964 4.4945998936891547 7.1366935893893233 3.5901733413338661 7.1652568206191054 10.078902456909416 7.8733696769922963
leaf_count=32 58 157 36 65 153 7 98 23 34 6 25 49 22 11 30 20 60 33 52
internal_value=0 -0.0318048 0.0121696 -0.00117304 0.0169765 0.000803747 -0.0616468 0.0168435 0.0407446 -0.00980094 -0.00377536 -0.0593717 -0.0772309 0.0145025 -0.0045397 -0.0515167 -0.0176773 0.0673927 0.0453077
internal_weight=0 40.8628 106.816 24.4314 102.11 60.8048 12.4009 48.4039 41.3047 14.245 39.2729 10.3188 16.4315 21.2124 16.7178 9.5811 33.4842 27.0598 16.9808
internal_count=971 337 634 158 576 366 105 261 210 89 238 83 179 126 115 85 213 121 88
is_linear=0
shrinkage=0.0844965


Tree=5
num_leaves=20
num_cat=0
split_feature=15 31 46 2 18 16 42 1 39 48 49 38 19 4 50 3 49 42 38
split_gain=6.37366 6.53723 7.31662 6.50265 5.55136 5.29645 5.06948 3.9639 3.403 4.0572 4.40869 6.75736 3.38865 3.37378 3.22404 3.36489 3.15681 3.7078 3.08495
threshold=1.0000000180025095e-35 1.5000000000000002 17.500000000000004 1.0000000180025095e-35 1.0000000180025095e-35 1.0000000180025095e-35 6.5000000000000009 24.500000000000004 1.5000000000000002 4.5000000000000009 9.5000000000000018 75.000000000000014 13.500000000000002 17.500000000000004 11.500000000000002 14.500000000000002 10.500000000000002 75.000000000000014 15.500000000000002
decision_type=2 2 2 2 2 2 2 2 2 2 2 2 2 2 2 2 2 2 2
left_child=3 5 13 8 -4 6 -2 14 -1 18 -11 -12 -7 -3 15 -8 -5 -18 -10
right_child=1 2 4 16 -6 12 7 -9 9 10 11 -13 -14 -15 -16 -17 17 -19 -20
leaf_value=0.084009971685439264 -0.078820987086108421 0.10878104753527409 0.036936943811057138 -0.10065694695626203 -0.099439276164688242 -0.111981612658658 -0.052158332469157451 -0.06728863986183331 -0.011449450938186482 0.050400407630665556 -0.1315415541250593 0.04504577630428265 0.026362529883501681 0.032383913948671184 -0.030657587297843174 0.031192815890440966 -0.081556674748058583 0.065158574870688588 -0.13751113223937908
leaf_weight=2.8969183377921608 4.7610559817403546 10.63083896040917 5.6061081830412132 9.9093225896358472 3.4138901345431805 4.7087980434298506 3.7063908576965323 4.2449715957045546 2.7955641299486169 8.2255411483347398 3.1068180985748777 3.0433026142418385 1.7007601112127302 6.8611594550311557 8.6204882897436601 47.432058887556195 2.8193969391286364 2.1529867015779018 2.7890836670994759
leaf_count=10 63 29 26 128 36 70 25 39 22 40 35 14 8 31 72 235 39 12 37
internal_value=0 0.0110061 0.0470718 -0.0296487 -0.0146081 -0.00170234 0.00513311 0.0114144 -0.00128059 -0.0137745 0.00990156 -0.0440438 -0.0750916 0.0789388 0.0170413 0.0251136 -0.0730904 -0.0177643 -0.074826
internal_weight=0 101.687 26.512 37.7389 9.02 75.1745 68.765 64.0039 22.8572 19.9603 14.3757 6.15012 6.40956 17.492 59.7589 51.1384 14.8817 4.97238 5.58465
internal_count=971 634 122 337 62 512 434 371 158 148 89 49 78 60 332 260 179 51 59
is_linear=0
shrinkage=0.0844965


Tree=6
num_leaves=20
num_cat=0
split_feature=15 2 42 6 11 2 43 46 0 0 49 43 6 39 12 46 46 42 47
split_gain=5.27139 4.68537 4.13804 3.41342 5.02259 8.43679 5.17363 4.87223 4.74282 7.91558 7.02327 4.20904 6.69097 4.50408 3.75637 8.69927 3.43852 2.6655 2.51632
threshold=1.0000000180025095e-35 1.0000000180025095e-35 4.5000000000000009 2.5000000000000004 1.0000000180025095e-35 11.500000000000002 7.5000000000000009 14.500000000000002 4.5000000000000009 7.5000000000000009 4.5000000000000009 6.5000000000000009 1.0000000180025095e-35 9.5000000000000018 1.5000000000000002 10.500000000000002 10.500000000000002 105.00000000000001 15.500000000000002
decision_type=2 2 2 2 2 2 2 2 2 2 2 2 2 2 2 2 2 2 2
left_child=1 18 -2 8 -5 6 -6 -8 11 -10 -11 -4 13 -13 -7 -16 -12 -3 -1
right_child=2 17 3 4 5 14 7 -9 9 10 16 12 -14 -15 15 -17 -18 -19 -20
leaf_value=-0.0169537244567055 -0.077279319019881471 -0.087808487246713252 0.067230736988974915 0.072836652035084701 -0.13644828304924128 0.06395444000095081 -0.072868188601420095 0.060446445180647922 -0.13749617345017628 -0.10337768822545131 -0.046598165801949601 -0.027624809050503529 -0.10933328920824879 0.087624023327806611 0.096519098895052585 -0.10105855106603648 0.040914011792096118 0.0013930631195082767 0.059284974557222495
leaf_weight=17.778083082288507 3.7109617283567777 10.355202453210948 9.7573352493345755 13.624864120036362 3.3074568696320039 15.893520953133704 4.1670417003333569 3.6609490290284157 3.9534612149000194 4.2859707623720196 4.3273645080626038 4.8582935295999032 3.3235273584723464 4.7792928814888 2.8634115420281878 3.5411910861730576 12.159771220758556 3.0709906648844472 3.7245128862559786
leaf_count=145 58 157 40 52 45 66 34 18 36 49 36 28 35 19 9 44 65 22 13
internal_value=0 -0.0281862 0.0100267 0.0134797 0.0296028 0.0119221 -0.0480498 -0.0103573 -0.00248853 -0.0281136 -0.00715526 0.0253443 -0.00612626 0.029436 0.0419412 -0.0125031 0.0178457 -0.0673279 -0.00365772
internal_weight=0 34.9288 98.2144 94.5035 47.0584 33.4336 11.1354 7.82799 47.445 24.7266 20.7731 22.7184 12.9611 9.63759 22.2981 6.4046 16.4871 13.4262 21.5026
internal_count=971 337 634 576 268 216 97 52 308 186 150 122 82 47 119 53 101 179 158
is_linear=0
shrinkage=0.0844965


Tree=7
num_leaves=20
num_cat=0
split_feature=15 31 19 50 42 47 46 42 49 39 0 31 47 43 3 42 47 39 46
split_gain=3.66341 4.89542 4.99084 4.41316 3.89737 3.8154 6.38821 4.84111 4.90995 9.10048 4.03533 3.48297 4.53627 3.32213 3.94848 3.12312 3.39612 2.80629 2.60382
threshold=1.0000000180025095e-35 1.0000000180025095e-35 1.0000000180025095e-35 9.5000000000000018 4.5000000000000009 11.500000000000002 14.500000000000002 115.00000000000001 4.5000000000000009 4.5000000000000009 2.5000000000000004 3.5000000000000004 9.5000000000000018 8.5000000000000018 6.5000000000000009 115.00000000000001 3.5000000000000004 10.500000000000002 25.000000000000004
decision_type=2 2 2 2 2 2 2 2 2 2 2 2 2 2 2 2 2 2 2
left_child=1 2 3 13 -2 7 17 8 9 -6 -11 12 -10 14 -1 16 -4 -7 -15
right_child=4 -3 15 -5 5 6 -8 -9 11 10 -12 -13 -14 18 -16 -17 -18 -19 -20
leaf_value=-0.12151993757875554 -0.078160934692828449 -0.10942751599751856 0.072441013489047121 -0.10709452631281083 0.040384233831935554 0.035700318262841306 -0.10261251448549316 0.088919173900293982 0.0049868501113860412 0.0053128826022275687 -0.12534011196373959 0.07483170567789009 0.083973584246893565 -0.035930121399715909 0.0041104393430622674 0.10506948196584857 -0.056088318365115963 -0.051816777022295958 0.057431971228755464
leaf_weight=3.440314304083592 3.5473953094333401 4.1695580100640646 2.6935910768806917 4.6612553764134637 7.3414096981286994 8.6682658046484011 5.1365057714283457 6.6720058396458617 36.979021776467562 2.3235353752970678 5.9670320060104132 8.6864258646965009 6.0345638841390601 3.4878742061555368 3.6568257063627243 3.3311047665774822 3.1895133480429649 3.7238393016159526 5.4055189117789268
leaf_count=47 58 79 13 64 43 50 56 25 238 12 75 28 30 32 39 8 35 19 20
internal_value=0 -0.023783 -0.0117371 -0.034837 0.00851578 0.0119006 -0.0234984 0.0203057 0.0134704 -0.0279681 -0.0886184 0.0260291 0.0161222 -0.0136173 -0.0567238 0.0398696 0.0025699 0.00926746 0.0206711
internal_weight=0 34.0356 29.866 20.6518 95.08 91.5326 17.5286 74.004 67.332 15.632 8.29057 51.7 43.0136 15.9905 7.09714 9.21421 5.8831 12.3921 8.89339
internal_count=971 337 258 202 634 576 125 451 426 130 87 296 268 138 86 56 48 69 52
is_linear=0
shrinkage=0.0844965


Tree=8
num_leaves=15
num_cat=0
split_feature=11 4 31 50 0 39 43 11 50 42 38 46 31 7
split_gain=3.22231 6.70764 4.58458 6.217 3.86204 4.08389 4.14882 3.73622 3.28878 2.17727 2.30087 0.342586 0.137672 0.0237754
threshold=17.500000000000004 19.000000000000004 2.5000000000000004 1.5000000000000002 25.500000000000004 7.5000000000000009 12.500000000000002 2.5000000000000004 3.5000000000000004 9.5000000000000018 10.500000000000002 10.500000000000002 2.5000000000000004 12.500000000000002
decision_type=2 2 2 2 2 2 2 2 2 2 2 2 2 2
left_child=1 2 3 11 5 6 -5 -7 -6 -4 -11 -1 -3 -10
right_child=-2 12 9 4 8 7 -8 -9 13 10 -12 -13 -14 -15
leaf_value=-0.079001530289168273 0.064072481536817369 -0.087391758976359049 0.10064251312226648 0.02500401645212099 0.023330546510338574 -0.01103888893276995 -0.058117265846915157 -0.12073908517637627 -0.1076265020226134 0.070229265314194156 -0.018917596157212363 -0.12927196811287239 -0.12655066943811141 -0.13728148677496591
leaf_weight=2.630885398015379 5.3497309125959864 1.5567384809255593 4.0200369227677575 50.767975935712457 1.6077371723949898 36.374418530613184 4.6612951159477225 2.3512646164745084 1.5253599099814894 4.0095463376492244 4.2076505944132805 1.952678110450506 2.3457548823207617 1.6593754366040228
leaf_count=39 21 24 13 309 7 310 48 41 24 17 34 24 34 26
internal_value=0 -0.00287141 0.000796516 -0.0049753 -0.000498999 0.00325866 0.0179776 -0.0177742 -0.0743903 0.0496846 0.0244679 -0.101029 -0.11163 -0.124017
internal_weight=0 119.671 115.768 103.531 98.9474 94.155 55.4293 38.7257 4.79247 12.2372 8.2172 4.58356 3.90249 3.18474
internal_count=971 950 892 828 765 708 357 351 57 64 51 63 58 50
is_linear=0
shrinkage=0.0844965


Tree=9
num_leaves=20
num_cat=0
split_feature=6 49 7 39 15 27 38 2 47 7 46 7 50 43 38 49 47 14 26
split_gain=2.70389 4.26418 3.78745 3.79471 3.32043 3.95876 3.25074 4.84932 3.21042 7.81792 5.71259 4.51134 3.5118 4.54665 3.50112 2.92498 2.86883 2.80922 2.88117
threshold=2.5000000000000004 4.5000000000000009 22.500000000000004 4.5000000000000009 2.5000000000000004 1.0000000180025095e-35 35.000000000000007 12.500000000000002 4.5000000000000009 15.500000000000002 -1.0000000180025095e-35 19.500000000000004 3.5000000000000004 12.500000000000002 75.000000000000014 4.5000000000000009 10.500000000000002 2.5000000000000004 1.0000000180025095e-35
decision_type=2 2 2 2 2 2 2 2 2 2 2 2 2 2 2 2 2 2 2
left_child=1 4 -2 6 5 -1 7 15 9 10 -3 12 -10 14 -14 -4 -13 18 -5
right_child=2 8 3 17 -6 -7 -8 -9 11 -11 -12 16 13 -15 -16 -17 -18 -19 -20
leaf_value=-0.062150136112629942 0.068680150418626906 0.039358525729901048 0.010414371543133318 0.011167515326413057 -0.10795565919761661 0.046931393386836349 -0.12438853493615354 0.063594618703954733 0.076395925811291399 0.043396155686063261 -0.12135724750357646 -0.11861943486046218 0.038066204611357714 -0.061989585409464837 -0.053141340890991956 -0.13045116408352186 0.0079681453504171548 -0.051531241872875833 0.07047887936971825
leaf_weight=6.6071124095469695 7.874964394606649 2.0372366383671752 1.7703531309962253 21.527856774628162 4.8572659138590089 3.6796625033020973 2.4688009498640895 3.3175357915461063 6.9600072838366023 5.618110977113246 6.7586418595165005 2.8394714482128611 20.930111190304167 5.1891261022537938 3.4849733542650929 2.5174557445570827 2.2793557830154896 3.5905316267162553 8.0561754312366265
leaf_count=79 38 15 15 175 74 18 39 19 31 32 81 32 119 49 36 36 18 29 36
internal_value=0 -0.0106394 0.0148249 0.00496955 -0.0504043 -0.0229934 -0.0403741 -0.0127528 8.21645e-05 -0.0342496 -0.0839819 0.0119929 0.022425 0.00966221 0.024971 -0.0721419 -0.0621286 0.0187896 0.0273886
internal_weight=0 71.2411 51.1237 43.2487 15.144 10.2868 10.0741 7.60534 56.097 14.414 8.79588 41.683 36.5642 29.6042 24.4151 4.28781 5.11883 33.1746 29.584
internal_count=971 584 387 349 171 97 109 70 413 128 96 285 235 204 155 51 50 240 211
is_linear=0
shrinkage=0.0844965


Tree=10
num_leaves=20
num_cat=0
split_feature=15 42 47 2 1 47 3 46 49 48 49 14 42 1 39 47 46 3 38
split_gain=2.91549 3.29727 3.29648 3.27364 2.4415 2.30384 3.66491 4.31958 2.649 4.26185 3.44715 2.2003 2.11993 2.03824 1.92793 2.54865 3.98647 3.1618 1.60586
threshold=1.0000000180025095e-35 4.5000000000000009 14.500000000000002 1.0000000180025095e-35 26.500000000000004 6.5000000000000009 34.500000000000007 75.000000000000014 7.5000000000000009 7.5000000000000009 4.5000000000000009 2.5000000000000004 13.500000000000002 2.5000000000000004 1.5000000000000002 15.500000000000002 85.000000000000014 5.5000000000000009 65.000000000000014
decision_type=2 2 2 2 2 2 2 2 2 2 2 2 2 2 2 2 2 2 2
left_child=3 -2 4 14 5 6 13 -8 10 -10 -7 -6 -4 -3 -1 16 17 -16 -5
right_child=1 2 12 18 11 8 7 -9 9 -11 -12 -13 -14 -15 15 -17 -18 -19 -20
leaf_value=0.066920702788899208 -0.07492288504969763 0.0045813645918900327 0.0014816159425027015 -0.04151080357733402 -0.12427901655780452 0.0096580790010393752 -0.03524276930654334 0.065398686717304533 -0.023366130381536405 0.055964500866352518 0.074014025635735975 0.013512906236202884 -0.11163603357553939 0.082928859257435844 -0.10559568668767118 0.053889496707127525 0.028892266813440509 0.0075852424476788739 -0.12025628534336871
leaf_weight=2.5905618593096795 3.2915133703500024 4.7391418032348174 2.227804969996213 9.4763885755091888 1.6548434458672994 9.8506632875651139 18.261732783168558 3.6334340944886199 12.35082768648863 7.9174488577991715 15.178639266639946 1.6059187296777961 2.4540831819176674 4.8092066273093224 5.1043057851493376 3.3612983785569659 5.1518052127212286 2.6533420905470848 2.3311438616365185
leaf_count=10 58 28 15 140 24 80 152 19 96 40 54 21 31 16 71 13 36 28 39
internal_value=0 0.00782084 0.0110642 -0.0224279 0.0151134 0.0181723 0.000556544 -0.0184511 0.0303676 0.00757581 0.0487574 -0.0562496 -0.0576882 0.0442424 -0.000507356 -0.0113712 -0.0285043 -0.0667724 -0.0572913
internal_weight=0 87.9753 84.6837 30.6688 80.0019 76.7411 31.4435 21.8952 45.2976 20.2683 25.0293 3.26076 4.68189 9.54835 18.8613 16.2708 12.9095 7.75765 11.8075
internal_count=971 634 576 337 530 485 215 171 270 136 134 45 46 44 158 148 135 99 179
is_linear=0
shrinkage=0.0844965


Tree=11
num_leaves=20
num_cat=0
split_feature=7 47 50 27 7 39 25 7 39 6 50 2 50 47 42 49 0 19 49
split_gain=2.50973 4.7948 6.80831 4.76859 4.22348 4.73843 3.47704 3.43333 5.44938 4.86438 3.31275 3.79417 3.26122 5.37356 4.16307 3.72467 3.00138 2.2039 1.72311
threshold=11.500000000000002 5.5000000000000009 8.5000000000000018 6.5000000000000009 202.00000000000003 8.5000000000000018 1.0000000180025095e-35 21.500000000000004 4.5000000000000009 13.500000000000002 7.5000000000000009 10.500000000000002 3.5000000000000004 10.500000000000002 12.500000000000002 4.5000000000000009 1.5000000000000002 7.5000000000000009 6.5000000000000009
decision_type=2 2 2 2 2 2 2 2 2 2 2 2 2 2 2 2 2 2 2
left_child=1 2 -1 4 5 7 10 -2 9 -9 -7 -12 -3 15 -15 -14 -17 -10 -18
right_child=3 12 -4 -5 -6 6 -8 8 17 -11 11 -13 13 14 -16 16 18 -19 -20
leaf_value=-0.10136262652984859 0.062678546598059701 0.056907141093858755 0.024179767077490918 0.072135044331617743 -0.081581428076638166 -0.11247447306717928 0.049688257205693261 -0.082809731837390071 0.014565180077817482 0.062460020885020312 0.0048190964290180547 -0.13048570421398889 -0.063408480371930628 -0.0055121420013447891 -0.11368762104385986 -0.029418483173048737 0.099355199791829635 0.080694010632245669 0.030828936895203173
leaf_weight=8.7717331061139685 11.954549763351677 6.2972803451120845 4.722911909222602 7.9308731444180003 3.9740540869534007 3.9511144887656 3.2437004782259455 6.5326077882200497 11.083251379430296 2.1767144845798612 7.8561660405248386 1.8044046163558958 3.3518927618861261 5.1403732411563379 5.0620081108063459 3.8478611726313821 4.2397859171032888 5.3675109501928082 7.0914506241679192
leaf_count=125 58 36 32 36 53 60 18 89 91 13 78 26 45 35 68 33 13 16 46
internal_value=0 -0.0145796 -0.0573485 0.0107405 0.00229956 0.00851975 -0.0285807 0.0254083 0.00762291 -0.0463111 -0.04736 -0.0204699 0.00187504 -0.0101623 -0.0593941 0.0168966 0.0347576 0.0362709 0.0566749
internal_weight=0 48.5253 13.4946 65.8749 57.9441 53.97 16.8554 37.1146 25.1601 8.70932 13.6117 9.66057 35.0307 28.7334 10.2024 18.531 15.1791 16.4508 11.3312
internal_count=971 433 157 538 502 449 182 267 209 102 164 104 276 240 103 137 92 107 59
is_linear=0
shrinkage=0.0844965


Tree=12
num_leaves=20
num_cat=0
split_feature=15 3 15 7 15 48 27 3 3 43 2 5 48 0 46 12 25 3 43
split_gain=2.27389 2.46563 4.4623 3.60521 5.92325 3.10481 2.77371 2.59767 4.02636 3.6342 2.35656 2.06035 2.03131 2.57532 2.01923 4.45724 2.67326 1.51882 5.39195
threshold=1.0000000180025095e-35 36.500000000000007 1.5000000000000002 12.500000000000002 4.5000000000000009 7.5000000000000009 6.5000000000000009 17.500000000000004 5.5000000000000009 6.5000000000000009 1.0000000180025095e-35 1.0000000180025095e-35 6.5000000000000009 3.5000000000000004 8.5000000000000018 1.5000000000000002 1.0000000180025095e-35 5.5000000000000009 7.5000000000000009
decision_type=2 2 2 2 2 2 2 2 2 2 2 2 2 2 2 2 2 2 2
left_child=10 7 -3 4 -4 -6 14 8 -2 -9 17 -12 13 -13 16 -16 -5 18 -1
right_child=1 2 3 6 5 -7 -8 9 -10 -11 11 12 -14 -15 15 -17 -18 -19 -20
leaf_value=-0.11644550008361229 0.059725850517408925 -0.10579026404027332 0.03503245341693563 -0.080089931986326177 -0.08776344462186994 0.018648046590204234 0.064738976795307046 0.089062006504181793 -0.076254867943755217 0.0056752303306518695 -0.094767144565696626 -0.10607102298991522 0.035444212574172566 0.038978965692181317 0.031640722226887165 -0.071466598889657229 0.03186650651800399 0.03532462907059554 0.014451857169752173
leaf_weight=2.9743328448385062 2.8494896888732937 2.7813584506511679 6.7533421441912678 3.8114245403558042 8.9553060289472324 2.4743428938090792 7.3446377217769614 8.1512659192085248 3.3787678107619286 6.9409595839679232 4.5193251352757198 2.6820906586945061 2.7074457816779613 1.2681621201336382 22.170076059177521 3.4411076717078677 2.4992054291069508 5.5612651742994776 9.0005411952733976
leaf_count=50 12 39 39 52 117 19 34 33 36 47 78 62 25 14 143 50 13 44 64
internal_value=0 0.0072002 -0.0015222 0.00352756 -0.0275368 -0.0646183 0.0179503 0.0318872 -0.0138388 0.0508392 -0.0204436 -0.0507408 -0.0205239 -0.0592026 0.00712068 0.017705 -0.0355728 -0.00103376 -0.0180493
internal_weight=0 81.5513 60.2308 57.4494 18.183 11.4296 39.2665 21.3205 6.22826 15.0922 28.7132 11.177 6.6577 3.95025 31.9218 25.6112 6.31063 17.5361 11.9749
internal_count=971 634 506 467 175 136 292 128 48 80 337 179 101 76 258 193 65 158 114
is_linear=0
shrinkage=0.0844965


end of trees

feature_importances:
result_3=20
ninki_2=17
ninki_3=17
f_courseout=14
mf_courseout=14
self_popularity=14
f_lenout=13
result_1=13
umaban=13
f_course3=12
ninki_1=12
result_2=11
mf_course3=10
f_course1=9
waku=8
mf_classout.1=7
f_course2=6
mf_classout=5
f_mf_courseout=4
f_classout=4
mf_course1=3
mf_len1=3
mf_course2=2
f_len1=2
f_len2=2
f_len3=2
mf_len3=2
f_class2=2
f_class3=1

parameters:
[boosting: gbdt]
[objective: lambdarank]
[metric: ndcg]
[tree_learner: serial]
[device_type: cpu]
[data_sample_strategy: bagging]
[data: ]
[valid: ]
[num_iterations: 119]
[learning_rate: 0.0844965]
[num_leaves: 20]
[num_threads: 16]
[seed: 0]
[deterministic: 0]
[force_col_wise: 1]
[force_row_wise: 0]
[histogram_pool_size: -1]
[max_depth: 7]
[min_data_in_leaf: 21]
[min_sum_hessian_in_leaf: 0.001]
[bagging_fraction: 1]
[pos_bagging_fraction: 1]
[neg_bagging_fraction: 1]
[bagging_freq: 0]
[bagging_seed: 7719]
[feature_fraction: 1]
[feature_fraction_bynode: 1]
[feature_fraction_seed: 2437]
[extra_trees: 0]
[extra_seed: 11797]
[early_stopping_round: 0]
[first_metric_only: 0]
[max_delta_step: 0]
[lambda_l1: 0.0154473]
[lambda_l2: 0.0139435]
[linear_lambda: 0]
[min_gain_to_split: 0]
[drop_rate: 0.1]
[max_drop: 50]
[skip_drop: 0.5]
[xgboost_dart_mode: 0]
[uniform_drop: 0]
[drop_seed: 21238]
[top_rate: 0.2]
[other_rate: 0.1]
[min_data_per_group: 100]
[max_cat_threshold: 32]
[cat_l2: 10]
[cat_smooth: 10]
[max_cat_to_onehot: 4]
[top_k: 20]
[monotone_constraints: ]
[monotone_constraints_method: basic]
[monotone_penalty: 0]
[feature_contri: ]
[forcedsplits_filename: ]
[refit_decay_rate: 0.9]
[cegb_tradeoff: 1]
[cegb_penalty_split: 0]
[cegb_penalty_feature_lazy: ]
[cegb_penalty_feature_coupled: ]
[path_smooth: 0]
[interaction_constraints: ]
[verbosity: -1]
[saved_feature_importance_type: 0]
[use_quantized_grad: 0]
[num_grad_quant_bins: 4]
[quant_train_renew_leaf: 0]
[stochastic_rounding: 1]
[linear_tree: 0]
[max_bin: 255]
[max_bin_by_feature: ]
[min_data_in_bin: 3]
[bin_construct_sample_cnt: 200000]
[data_random_seed: 38]
[is_enable_sparse: 1]
[enable_bundle: 1]
[use_missing: 1]
[zero_as_missing: 0]
[feature_pre_filter: 1]
[pre_partition: 0]
[two_round: 0]
[header: 0]
[label_column: ]
[weight_column: ]
[group_column: ]
[ignore_column: ]
[categorical_feature: ]
[forcedbins_filename: ]
[precise_float_parser: 0]
[parser_config_file: ]
[objective_seed: 8855]
[num_class: 1]
[is_unbalance: 0]
[scale_pos_weight: 1]
[sigmoid: 1]
[boost_from_average: 1]
[reg_sqrt: 0]
[alpha: 0.9]
[fair_c: 1]
[poisson_max_delta_step: 0.7]
[tweedie_variance_power: 1.5]
[lambdarank_truncation_level: 30]
[lambdarank_norm: 1]
[label_gain: ]
[lambdarank_position_bias_regularization: 0]
[eval_at: 1,3,5]
[multi_error_top_k: 1]
[auc_mu_weights: ]
[num_machines: 1]
[local_listen_port: 12400]
[time_out: 120]
[machine_list_filename: ]
[machines: ]
[gpu_platform_id: -1]
[gpu_device_id: -1]
[gpu_use_dp: 0]
[num_gpu: 1]

end of parameters

pandas_categorical:[]
