tree
version=v4
num_class=1
num_tree_per_iteration=1
label_index=0
max_feature_idx=50
objective=lambdarank
feature_names=f_course1 f_course2 f_course3 f_courseout mf_course1 mf_course2 mf_course3 mf_courseout f_mf_course1 f_mf_course2 f_mf_course3 f_mf_courseout f_len1 f_len2 f_len3 f_lenout mf_len1 mf_len2 mf_len3 mf_classout f_mf_len1 f_mf_len2 f_mf_len3 f_mf_classout f_class1 f_class2 f_class3 f_classout mf_class1 mf_class2 mf_class3 mf_classout.1 f_mf_class1 f_mf_class2 f_mf_class3 f_mf_classout.1 time_df_course1 time_df_class1 ninki_1 result_1 time_df_course2 time_df_class2 ninki_2 result_2 time_df_course3 time_df_class3 ninki_3 result_3 waku umaban self_popularity
feature_infos=[0:52] [0:51] [0:46] [0:380] [0:47] [0:34] [0:44] [0:388] [0:7] [0:6] [0:6] [0:35] [0:18] [0:15] [0:15] [0:96] [0:12] [0:11] [0:14] [0:83] [0:4] [0:3] [0:3] [0:11] [0:6] [0:7] [0:6] [0:34] [0:5] [0:5] [0:7] [0:31] [0:2] [0:2] [0:2] [0:5] [-1:0] [-1:0] [-1:180] [-1:140] [-1:0] [-1:0] [-1:180] [-1:180] [-1:0] [-1:0] [-1:180] [-1:180] [1:8] [1:18] [-1:18]
tree_sizes=3911 3891 3884 3875 3882 3833 3893 3890 3873 3889 3878 3890 3904 3875 3914 3887 3914 3888 3904 3896 3907 3906 3899 3904

Tree=0
num_leaves=36
num_cat=0
split_feature=47 3 50 48 10 11 17 19 7 9 39 49 26 7 11 12 14 42 43 39 26 39 48 42 14 7 13 15 23 27 1 39 6 1 50
split_gain=9.14742 10.2151 7.37643 4.5144 5.50254 10.9396 4.46027 6.28063 5.96366 4.80074 4.45551 4.69256 5.46941 4.32892 4.11737 4.73812 5.66724 4.64954 4.09266 4.98751 6.32276 3.90717 3.719 3.57525 3.56169 3.49692 3.79259 3.46692 3.38683 3.64634 3.37937 3.35204 4.09941 3.73617 3.21058
threshold=10.500000000000002 19.500000000000004 5.5000000000000009 7.5000000000000009 1.0000000180025095e-35 13.500000000000002 1.0000000180025095e-35 5.5000000000000009 7.5000000000000009 1.0000000180025095e-35 12.500000000000002 14.500000000000002 1.0000000180025095e-35 1.0000000180025095e-35 1.0000000180025095e-35 4.5000000000000009 9.5000000000000018 45.000000000000007 10.500000000000002 9.5000000000000018 1.0000000180025095e-35 9.5000000000000018 5.5000000000000009 14.500000000000002 1.0000000180025095e-35 4.5000000000000009 1.5000000000000002 9.5000000000000018 1.0000000180025095e-35 2.5000000000000004 3.5000000000000004 6.5000000000000009 12.500000000000002 2.5000000000000004 12.500000000000002
decision_type=2 2 2 2 2 2 2 2 2 2 2 2 2 2 2 2 2 2 2 2 2 2 2 2 2 2 2 2 2 2 2 2 2 2 2
left_child=3 31 21 4 6 24 9 8 -8 14 11 13 30 -5 15 17 -17 -1 22 -20 27 -3 -4 -22 -6 26 -16 -21 29 -26 -13 32 33 -2 -7
right_child=1 2 18 10 5 34 7 -9 -10 -11 -12 12 -14 -15 25 16 -18 -19 19 20 23 -23 -24 -25 28 -27 -28 -29 -30 -31 -32 -33 -34 -35 -36
leaf_value=0.041904797156663363 -0.10691197821722292 -0.21799061537333156 -0.11248456840230148 -0.17141322457596259 0.015276858902326804 0.10527002402262094 -0.00082536187245418056 0.0018062744580382211 -0.22662764730462151 -0.14829121127080977 -0.11799028889023308 -0.018638654350145636 0.10584794903459269 0.11201945687958957 0.053294113891113604 -0.22679161108539814 0.11658517874390881 -0.035405816179322522 0.098048760425959919 -0.21421382068124772 -0.11499097853488299 -0.026987331403666139 0.03226219721795081 0.15510705807297415 -0.23428873201141492 0.092430326643264463 -0.20937906509201107 -0.0053833665347050889 -0.2043165863760576 0.0087726701207183327 -0.22870781965695025 -0.14247204015062542 0.16023514854014795 0.16568370751449882 -0.23603865036928431
leaf_weight=49.371908412082121 7.2737242486327904 3.1542971206363282 5.3345847486052644 0.82106161641423625 2.4149132641032365 5.5463020354509345 3.1460965736769131 32.467040231684223 3.8473207086790353 2.2240868292283258 2.0316461853217325 3.5220659011974913 3.7744666463695467 19.388422969030216 2.3526617763564022 2.3597207346465434 1.0073382642585782 15.018928857753052 13.244140747934582 2.4869709159247559 0.93834947003051628 3.1907089636661112 5.162727733142674 3.0740855641197413 1.2964946725405733 21.703484699362889 1.2291152300313113 2.2303226434160024 6.4046898453962058 3.0244074771180749 1.6634703779127447 13.828665442182681 1.2069462705403555 0.81777286622673262 0.42839765129610885
leaf_count=711 124 68 116 23 36 67 46 491 114 67 47 77 43 195 29 56 16 282 132 65 19 52 81 35 30 263 39 40 151 51 45 292 9 6 12
internal_value=0 -0.0404793 -0.002317 0.0135523 0.00498811 -0.0560988 0.0136606 -0.0207422 -0.125253 0.0279127 0.0557559 0.0679083 -0.00539361 0.100396 0.032146 0.0164964 -0.123972 0.0238669 0.0211458 0.0510049 -0.0203916 -0.12221 -0.0413316 0.0917446 -0.118154 0.0740479 -0.0372357 -0.115789 -0.14819 -0.064608 -0.0864505 -0.104488 -0.0478654 -0.0791269 0.0803217
internal_weight=0 61.9433 38.8162 185.044 153.843 19.1152 134.728 39.4605 6.99342 95.2672 31.2011 29.1695 8.96 20.2095 93.0432 67.7579 3.36706 64.3908 32.4712 21.9739 8.72973 6.34501 10.4973 4.01244 13.1405 25.2853 3.58178 4.71729 10.7256 4.3209 5.18554 23.1271 9.29844 8.0915 5.9747
internal_count=3930 1039 608 2891 2461 347 2114 651 160 1463 430 383 165 218 1396 1065 72 993 488 291 159 120 197 54 268 331 68 105 232 81 122 431 139 130 79
is_linear=0
shrinkage=0.121712


Tree=1
num_leaves=36
num_cat=0
split_feature=14 2 27 15 15 2 20 43 49 26 49 0 46 19 39 5 39 50 50 34 13 39 25 13 38 49 46 2 1 49 9 10 46 46 38
split_gain=16.837 15.0379 16.3418 20.8654 20.7588 16.4958 16.7018 16.082 20.9654 14.3723 14.0404 22.5984 14.7114 18.9417 18.7055 18.845 13.3944 28.2299 19.3793 13.171 14.5958 12.581 21.7675 16.9382 11.9814 11.0247 10.8635 16.1292 9.63818 9.62215 9.13904 9.09491 8.89332 8.49059 15.6328
threshold=12.500000000000002 27.000000000000004 1.5000000000000002 7.5000000000000009 31.500000000000004 14.500000000000002 1.0000000180025095e-35 10.500000000000002 13.500000000000002 1.5000000000000002 7.5000000000000009 2.5000000000000004 4.5000000000000009 36.500000000000007 11.500000000000002 1.0000000180025095e-35 5.5000000000000009 11.500000000000002 2.5000000000000004 1.0000000180025095e-35 13.500000000000002 6.5000000000000009 1.0000000180025095e-35 1.0000000180025095e-35 85.000000000000014 16.500000000000004 25.000000000000004 5.5000000000000009 1.5000000000000002 3.5000000000000004 2.5000000000000004 1.5000000000000002 115.00000000000001 35.000000000000007 10.500000000000002
decision_type=2 2 2 2 2 2 2 2 2 2 2 2 2 2 2 2 2 2 2 2 2 2 2 2 2 2 2 2 2 2 2 2 2 2 2
left_child=1 2 4 7 10 9 25 26 -9 21 12 16 13 -1 30 -16 17 -12 -18 20 29 22 -5 -23 -11 31 27 28 -4 -3 -14 -7 -28 34 -8
right_child=-2 19 3 5 -6 6 33 8 -10 24 11 -13 14 -15 15 -17 18 -19 -20 -21 -22 23 -24 -25 -26 -27 32 -29 -30 -31 -32 -33 -34 -35 -36
leaf_value=-0.082164621476890437 0.13274142518520071 -0.018471940266043336 -0.0030781302419241497 0.0031329341429953157 0.17650453199241081 0.070234283155302779 -0.13133976320310473 0.13885556610690533 -0.15038734890725633 -0.18327051015382151 -0.033811223617989397 -0.13362607894727921 0.035925988006893235 0.165436978631847 0.0406927525906845 -0.19030831197120382 0.12107492767231313 0.15141960471829469 -0.090862288865267121 0.17320225964966046 0.14639861509363236 -0.11750497013951841 -0.1569427497877359 0.048754954197537732 0.070059044633477799 -0.24485266338622025 0.12323725107409626 0.14085541308528521 -0.15815325685935999 -0.18761944407527784 0.23011789219714315 -0.20181730586682858 -0.2137261407702605 -0.23648488349982066 0.18017718892481779
leaf_weight=43.417523593641818 13.872488163411616 6.8857853310182788 13.233487973455345 34.323005860671401 7.9666398037224999 84.083847177680582 7.0676914146170002 46.187452127691358 4.0258236983790985 13.449352284893395 45.341820462606847 35.805907370056957 106.14857766591012 5.1038267500698558 9.777374885510655 11.228467861190436 7.2722660107538095 16.654770228080451 52.136930842185393 2.6367239430546752 2.9147133789956561 10.742019795347003 19.854244218207896 58.183161026798189 3.4725699517875901 1.7303048521280278 14.938463414087893 6.6913685444742432 10.758711182512341 18.052188690053299 3.7038452997803679 1.8483134098350991 1.2460401523858298 3.8787398822605601 3.5867315093055367
leaf_count=235 36 47 76 162 20 353 41 142 28 81 231 245 610 13 70 114 24 51 414 7 13 84 138 274 20 5 57 23 82 137 5 31 20 23 18
internal_value=0 -0.00258015 0.00114914 0.0201089 -0.0175211 0.00099936 0.0381764 0.06778 0.115631 -0.0261341 -0.0221204 -0.0486719 0.00115102 -0.0560805 0.0223765 -0.0828215 -0.023604 0.0159682 -0.0648964 -0.0861953 -0.110825 -0.0116696 -0.0555507 0.0228243 -0.131263 0.0582123 0.0164937 -0.0260619 -0.0726705 -0.140954 0.0425008 0.0643519 0.0971375 -0.0826136 -0.0263672
internal_weight=0 714.349 683.859 339.301 344.558 242.22 102.196 97.0813 50.2133 140.024 336.591 157.212 179.38 48.5214 130.858 21.0058 121.406 61.9966 59.4092 30.4894 27.8527 123.102 54.1773 68.9252 16.9219 87.6625 46.8681 30.6836 23.9922 24.938 109.852 85.9322 16.1845 14.5332 10.6544
internal_count=3930 3894 3690 1658 2032 1230 471 428 170 759 2012 965 1047 248 799 184 720 282 438 204 197 658 300 358 101 389 258 181 158 184 615 384 77 82 59
is_linear=0
shrinkage=0.121712


Tree=2
num_leaves=36
num_cat=0
split_feature=9 42 11 27 47 46 42 50 38 27 15 3 13 39 42 3 6 7 43 32 39 47 0 48 43 39 0 38 46 13 19 7 31 18 38
split_gain=16.7683 10.1642 19.6265 17.9049 13.8642 14.3795 13.257 15.132 12.1918 11.2149 10.6068 10.5181 11.2937 9.80696 10.8269 10.0558 9.42635 12.3245 9.84043 9.43113 8.86193 8.58624 9.6722 8.79186 8.56948 12.7425 8.32623 7.87129 7.86501 13.5129 9.7997 17.1225 14.4947 8.28321 12.7614
threshold=1.5000000000000002 9.5000000000000018 6.5000000000000009 1.5000000000000002 1.5000000000000002 145.00000000000003 17.500000000000004 11.500000000000002 10.500000000000002 10.500000000000002 2.5000000000000004 11.500000000000002 1.0000000180025095e-35 1.5000000000000002 10.500000000000002 1.5000000000000002 16.500000000000004 127.00000000000001 7.5000000000000009 1.0000000180025095e-35 12.500000000000002 7.5000000000000009 1.0000000180025095e-35 7.5000000000000009 13.500000000000002 3.5000000000000004 16.500000000000004 155.00000000000003 4.5000000000000009 5.5000000000000009 28.500000000000004 37.500000000000007 3.5000000000000004 2.5000000000000004 2.5000000000000004
decision_type=2 2 2 2 2 2 2 2 2 2 2 2 2 2 2 2 2 2 2 2 2 2 2 2 2 2 2 2 2 2 2 2 2 2 2
left_child=1 2 24 13 8 6 7 10 26 -9 -6 -8 -13 -3 15 -15 17 18 -2 -18 21 23 -23 -16 28 -26 -5 -4 30 33 31 32 -1 -30 -35
right_child=16 3 27 4 5 -7 11 9 -10 -11 -12 12 -14 14 20 -17 19 -19 -20 -21 -22 22 -24 -25 25 -27 -28 -29 29 -31 -32 -33 -34 34 -36
leaf_value=-0.00022134297260525794 -0.11277330568608478 -0.13556661506793902 -0.22002956691694081 -0.14172623499169495 0.13186418571532096 -0.22576150915291118 -0.21994184387560234 0.071048971983079939 -0.17187867050627809 -0.19025490726460867 -0.091504224154442912 0.099239625535439399 0.02143119270307137 0.021456819303591026 -0.010566506583594872 -0.19975907818123947 0.14358407804475609 -0.18306167258779249 0.12329412662367507 -0.17666732932919568 -0.11009934622571323 -0.0016631795084110627 -0.10002971674755129 0.090694931738623308 0.1308825795950134 -0.20542014800574374 0.19593543640441316 0.13576570864727583 0.067279055941085311 -0.2235108464858003 0.10274835681766167 -0.12295207210409942 0.20758976646845292 0.16268072130977815 -0.21833295050766632
leaf_weight=71.152563420124352 3.526440434157851 16.159371220506728 6.8603971013799301 1.7561659216880787 3.4439762048423281 3.5560163231566539 2.1720949690788975 25.143168842419986 11.057139312848447 2.681122198700904 35.50241775251925 43.253987821750343 76.528688441030681 4.2840636409819117 56.512778042815626 10.475833235308526 22.582695173099641 3.9144175471737972 10.021264284849165 1.4385959422215808 16.602787390351295 30.017933348193765 29.217891192063689 16.369898915290833 2.3962438665330401 5.4301521833986044 2.7741082403808832 1.0543550625443456 93.348868163302541 2.5682687982916823 13.045802952721713 16.328394616022706 5.3326550349593154 2.0006780922412863 3.6771552581340075
leaf_count=417 45 138 59 12 11 38 16 118 99 30 242 151 402 16 344 82 83 42 50 16 218 235 254 68 8 43 5 3 408 26 51 145 11 6 38
internal_value=0 -0.00508706 0.0156017 -0.0170037 0.00731705 0.0162696 0.0208458 -0.0227462 -0.103033 0.0457891 -0.0717118 0.0447135 0.0495368 -0.0451454 -0.0361969 -0.13558 0.0748683 0.00679948 0.0617882 0.124315 -0.0263219 -0.0157833 -0.0501955 0.0121877 0.0225267 -0.102391 0.0649819 -0.172473 0.027246 0.0514346 0.00402713 -0.00985999 0.0142983 0.0585948 -0.0839899
internal_weight=0 610.705 223.196 387.509 207.869 192.281 188.725 66.7707 15.5874 27.8243 38.9464 121.955 119.783 179.641 163.481 14.7599 41.4834 17.4621 13.5477 24.0213 148.721 132.119 59.2358 72.8827 215.281 7.8264 4.53027 7.91475 207.454 101.595 105.859 92.8136 76.4852 99.0267 5.67783
internal_count=3930 3694 1215 2479 1124 1008 970 401 116 148 253 569 553 1355 1217 98 236 137 95 99 1119 901 489 412 1153 51 17 62 1102 478 624 573 428 452 44
is_linear=0
shrinkage=0.121712


Tree=3
num_leaves=36
num_cat=0
split_feature=3 49 49 31 15 5 47 49 1 39 7 50 25 26 35 42 43 39 42 7 3 3 39 0 5 28 15 23 38 6 12 7 14 14 2
split_gain=11.1153 15.1929 13.3083 11.8567 11.8695 11.1046 12.1221 14.6143 12.4029 10.4051 10.6176 7.98704 9.75088 7.35377 7.1868 6.85901 6.71617 7.55267 6.43881 13.7047 9.53269 8.25514 9.52211 9.71006 8.46569 13.1401 8.29506 8.18135 7.7264 7.14369 12.6456 13.624 8.92725 7.51817 11.3291
threshold=19.500000000000004 14.500000000000002 10.500000000000002 8.5000000000000018 1.0000000180025095e-35 5.5000000000000009 10.500000000000002 9.5000000000000018 1.5000000000000002 6.5000000000000009 2.5000000000000004 12.500000000000002 1.0000000180025095e-35 1.0000000180025095e-35 1.0000000180025095e-35 165.00000000000003 9.5000000000000018 5.5000000000000009 135.00000000000003 130.00000000000003 35.500000000000007 25.500000000000004 3.5000000000000004 2.5000000000000004 2.5000000000000004 1.5000000000000002 3.5000000000000004 1.0000000180025095e-35 6.5000000000000009 1.5000000000000002 2.5000000000000004 11.500000000000002 1.0000000180025095e-35 12.500000000000002 29.000000000000004
decision_type=2 2 2 2 2 2 2 2 2 2 2 2 2 2 2 2 2 2 2 2 2 2 2 2 2 2 2 2 2 2 2 2 2 2 2
left_child=1 2 3 5 -5 6 7 8 -1 10 -4 12 -12 -7 -11 18 17 -8 21 20 -20 22 23 -2 28 -26 27 -23 -24 30 31 -28 -32 34 -31
right_child=15 -3 9 4 -6 13 16 -9 -10 14 11 -13 -14 -15 -16 -17 -18 -19 19 -21 -22 26 24 -25 25 -27 29 -29 -30 33 32 -33 -34 -35 -36
leaf_value=0.0071045068668429056 0.18908449148357395 -0.17908775153448586 0.15849452858476998 0.13119048340403483 -0.098111970819499988 -0.17519608924004118 0.04325466501541321 -0.21857178410827952 -0.14439308268799839 -0.057929241178164073 -0.086790314100999258 0.14492950360762752 0.16807406936381672 0.11188529699257549 0.20605709564353375 -0.23135833207632842 -0.17031981994382933 -0.18645305017045108 -0.24048543008100801 -0.20846539702113276 0.13537586576850474 -0.15387897236522552 -0.15294740191999312 -0.11828564180864796 -0.19941318545632905 0.16606388253973861 0.03118905322722328 0.10305515870328591 0.095402973221149504 0.022123730846403095 0.14495066850525504 -0.095431087693838665 -0.085664265773324921 0.13525653005144186 -0.15989514739347752
leaf_weight=94.373144109733403 11.291314680129288 8.7312959395349008 14.305304897949098 11.678753959480675 4.6723933555185786 12.791527320630845 6.1882252171635646 4.9991635642945758 8.7342488560825569 16.921629289165143 10.332001709379258 5.2869843728840342 2.8199745640158644 1.4646499864757068 1.6664330922067154 1.6926023457199324 13.054106218740342 3.2096227100118995 1.048959095031029 2.1756289657205334 17.33310061879456 8.739641245454548 2.1040463484823766 1.7500830302014936 5.0070442780852309 2.0418471209704876 76.96687440155074 2.3128431513905516 15.068065069615839 179.17995362728834 2.6468785256147376 15.036284627392886 38.396453911438584 8.3083833381533605 5.2000572169199577
leaf_count=508 29 110 38 47 42 119 31 53 80 167 76 15 8 5 3 14 174 50 15 22 58 90 18 18 48 6 421 10 61 1101 12 111 290 20 60
internal_value=0 -0.0218545 -0.0153829 -0.032573 0.0656332 -0.0436672 -0.0325205 -0.0156119 -0.00574407 0.0385801 0.0798567 0.0187731 -0.0320232 -0.145619 -0.0341297 0.0122003 -0.113875 -0.035331 0.0132528 0.0795502 0.113768 0.0096062 0.0639554 0.147751 0.018777 -0.093418 0.00359038 -0.100044 0.0648742 0.00711099 -0.014579 0.0104834 -0.0707481 0.0220881 0.0169788
internal_weight=0 221.229 212.498 161.166 16.3511 144.815 130.559 108.107 103.107 51.3323 32.7443 18.439 13.152 14.2562 18.5881 396.3 22.452 9.39785 394.607 20.5577 18.3821 374.05 37.2624 13.0414 24.221 7.04889 336.787 11.0525 17.1721 325.735 133.046 92.0032 41.0433 192.688 184.38
internal_count=3930 1526 1416 1109 89 1020 896 641 588 307 137 99 84 124 170 2404 255 81 2390 95 73 2295 180 47 133 54 2115 100 79 2015 834 532 302 1181 1161
is_linear=0
shrinkage=0.121712


Tree=4
num_leaves=36
num_cat=0
split_feature=31 47 28 7 49 38 46 7 47 42 13 15 38 31 47 31 1 7 43 50 27 6 5 2 19 19 38 27 42 0 8 15 6 6 9
split_gain=8.7772 10.7672 8.31087 9.44024 9.37088 16.396 13.2045 10.9027 10.5029 9.87124 9.5591 9.51562 9.20624 7.82644 7.74613 7.62744 21.6117 12.9131 9.42787 6.47576 9.70343 6.34606 6.22917 15.9062 7.76902 14.2621 10.0881 9.43699 7.8209 7.71044 7.63156 8.40572 6.49528 10.3091 6.9137
threshold=1.5000000000000002 10.500000000000002 1.0000000180025095e-35 2.5000000000000004 5.5000000000000009 45.000000000000007 8.5000000000000018 1.5000000000000002 5.5000000000000009 8.5000000000000018 1.0000000180025095e-35 1.5000000000000002 19.000000000000004 26.000000000000004 11.500000000000002 1.0000000180025095e-35 6.5000000000000009 7.5000000000000009 10.500000000000002 6.5000000000000009 2.5000000000000004 4.5000000000000009 1.5000000000000002 8.5000000000000018 16.500000000000004 14.500000000000002 45.000000000000007 1.5000000000000002 25.000000000000004 4.5000000000000009 1.0000000180025095e-35 13.500000000000002 5.5000000000000009 6.5000000000000009 1.0000000180025095e-35
decision_type=2 2 2 2 2 2 2 2 2 2 2 2 2 2 2 2 2 2 2 2 2 2 2 2 2 2 2 2 2 2 2 2 2 2 2
left_child=1 2 4 -4 5 6 9 10 -7 12 -8 -10 -1 22 -3 -6 -17 -18 -19 -5 -21 -9 23 -2 25 26 30 28 -28 -29 31 -24 -26 -34 -35
right_child=13 14 3 19 15 8 7 21 11 -11 -12 -13 -14 -15 -16 16 17 18 -20 20 -22 -23 24 -25 32 -27 27 29 -30 -31 -32 -33 33 34 -36
leaf_value=-0.043383202376249493 0.099681891023582991 -0.14365468567162529 0.21242243526180679 -0.22066138097843152 0.031467637143538708 -0.17134777647656457 -0.16841781986356438 0.087506179710838697 -0.2082671752580677 -0.18648375309093795 0.069210278691481719 0.026941157019705165 0.20705945688207283 -0.19491785441780754 -0.036277315312282864 -0.15022747891209337 -0.19442185529580738 0.12844366131485241 -0.22209987374440904 -0.18129954850722887 0.13407014432814945 -0.14071956758074083 -0.063656929677756019 -0.15873309834787394 -0.21893084852941028 -0.20135816550596558 0.08554814845217279 0.1587640616023005 -0.16821209170115303 0.0057063328023176114 -0.15427788774014464 0.056582343928718158 0.14681336276690832 -0.00036282356944147267 0.064341121933114559
leaf_weight=25.575500814244155 29.852734706364572 12.15641314582899 1.3041086830198754 5.9325909251347166 146.20749265141785 15.581436332315208 5.8188189361244422 35.034795268438756 3.2947579734027377 6.7015528641641131 4.3890866581350565 11.082651041448115 2.3634362965822211 2.5016460111364713 54.760282303206623 13.543349544517698 2.6026332564651993 13.509196480736135 1.2289828378707159 3.2093106061220169 2.6083069443702698 1.8911431338638056 21.967052079737186 3.9892996642738572 1.492490405216812 5.7683030301704994 3.0645812433213022 12.19027289003134 4.3218763219192624 8.1245349347591382 7.1257863827049723 14.149517096579073 11.13436174020171 65.81357202026993 38.919548090547323
leaf_count=156 131 111 3 56 835 126 28 144 29 63 24 63 7 28 529 137 27 51 14 29 8 20 197 30 18 57 21 36 63 54 65 79 36 448 207
internal_value=0 -0.0116434 -0.00185077 -0.0967928 0.0024441 -0.025154 0.00306897 0.0449942 -0.102163 -0.0539688 -0.0662741 -0.0270889 -0.0221074 0.0186357 -0.0558098 0.019858 -0.035089 0.0548728 0.0990358 -0.131317 -0.0398991 0.0757693 0.0209911 0.0691674 0.0125855 -0.0175323 -0.00255011 0.0547769 -0.0629462 0.0976 -0.0392824 -0.0165435 0.0322727 0.0355335 0.0236853
internal_weight=0 368.796 301.879 13.0543 288.825 111.733 81.7743 47.1338 29.9588 34.6405 10.2079 14.3774 27.9389 230.416 66.9167 177.092 30.8842 17.3408 14.7382 11.7502 5.81762 36.9259 227.914 33.842 194.072 76.7119 70.9436 27.7013 7.38646 20.3148 43.2424 36.1166 117.36 115.867 104.733
internal_count=3930 2460 1820 96 1724 660 442 216 218 226 52 92 163 1470 640 1064 229 92 65 93 37 164 1442 161 1281 572 515 174 84 90 341 276 709 691 655
is_linear=0
shrinkage=0.121712


Tree=5
num_leaves=36
num_cat=0
split_feature=16 14 5 49 1 3 15 46 49 4 48 7 19 50 4 10 15 19 46 7 27 13 43 48 1 43 15 39 12 43 15 38 38 50 42
split_gain=5.5388 6.15297 5.45667 7.7277 11.3886 6.49511 13.324 5.36097 5.64157 9.58387 4.67947 8.44321 8.20224 8.59949 8.09697 6.83067 9.19301 7.70651 13.3043 12.0057 6.6263 6.96119 13.0765 5.99109 5.92757 4.67116 3.92619 3.6737 3.06917 5.48424 2.69919 2.28731 2.22789 1.92297 4.31494
threshold=10.500000000000002 12.500000000000002 22.000000000000004 14.500000000000002 18.500000000000004 69.500000000000014 10.500000000000002 75.000000000000014 4.5000000000000009 24.500000000000004 7.5000000000000009 1.0000000180025095e-35 39.000000000000007 6.5000000000000009 32.000000000000007 1.5000000000000002 13.500000000000002 5.5000000000000009 4.5000000000000009 30.000000000000004 13.500000000000002 3.5000000000000004 7.5000000000000009 5.5000000000000009 7.5000000000000009 6.5000000000000009 27.500000000000004 2.5000000000000004 5.5000000000000009 16.500000000000004 14.500000000000002 2.5000000000000004 145.00000000000003 7.5000000000000009 25.000000000000004
decision_type=2 2 2 2 2 2 2 2 2 2 2 2 2 2 2 2 2 2 2 2 2 2 2 2 2 2 2 2 2 2 2 2 2 2 2
left_child=2 -2 3 10 5 6 -5 8 9 -4 12 -12 15 14 -14 17 24 19 -19 -1 21 22 -13 -16 -17 31 -23 -18 -6 -30 -27 -8 -22 34 -10
right_child=1 -3 7 4 28 -7 25 -9 33 -11 11 20 13 -15 23 16 27 18 -20 -21 32 26 -24 -25 -26 30 -28 -29 29 -31 -32 -33 -34 -35 -36
leaf_value=-0.0037683549747754633 -0.19931978419784496 0.17841076263926786 0.14401100374601961 -0.13414893543334377 0.15388897759825973 -0.20213010489619099 0.0238671259876462 -0.19363486577790523 -0.088638225745585705 -0.2164298905126964 -0.17064337520145353 0.073350161533256159 -0.18186080549468639 -0.18098745691901835 0.16184691405885368 -0.19376228282975122 0.030434758966339757 -0.057943916956202449 0.039845746440719226 -0.13728887425793712 -0.21363502500094048 -0.058664995209327102 -0.068740283206282102 -0.1438798915672187 0.19821745201345767 0 0.14975533622494336 -0.21761109260343559 -0.20281116007957478 0.20801163886883806 0.18053518118986389 -0.23051168450780954 0.052777505770562019 0.15961948029411063 0.14961510153016683
leaf_weight=270.42902304138988 3.7114156000316134 0.76026564836502064 2.1656892187893453 13.161444528028374 4.0401652939617625 6.1077846484258762 1.1876520365476602 1.0922571280971158 1.7681589610874642 2.1800616718828678 2.8520852327346793 30.058595741167665 2.4004260618239623 7.607226968742907 3.9182427823543549 0.79167956113815163 1.0451678559184072 24.328726501204073 134.4281385531649 10.345445113256572 1.9131976421922439 1.4947524964809407 14.077773962169884 1.2404824271798132 1.9656840041279791 1.7870383858680723 12.283852044492958 5.6085834167897701 1.141145061701536 0.81305949389934529 3.8960794135928154 0.91957656294107426 0.60621967911720265 8.0798646099865419 3.0536511950194836
leaf_count=1815 35 1 6 187 14 63 4 22 13 14 34 108 24 61 13 15 10 227 822 112 19 9 119 9 5 10 30 61 16 2 10 9 2 20 9
internal_value=0 -0.134743 0.00104399 -0.00109428 -0.0581709 -0.0917955 -0.0595208 0.06635 0.0829539 -0.0368814 0.00248403 0.0335275 -0.00174963 -0.0897439 0.00221458 0.00122523 -0.101302 0.00342371 0.0248557 -0.00869458 0.0431993 0.0516173 0.0280192 0.0881313 0.0852512 0.0665572 0.127102 -0.178646 0.093466 -0.0315785 0.123885 -0.0878068 -0.149538 0.123325 0.0622179
internal_weight=0 4.47168 578.789 560.449 33.0539 27.0596 20.9518 18.3397 17.2474 4.34575 527.395 63.2865 464.109 15.1664 7.55915 448.942 9.41111 439.531 158.757 280.774 60.4344 57.915 44.1364 5.15873 2.75736 7.79035 13.7786 6.65375 5.99437 1.9542 5.68312 2.10723 2.51942 12.9017 4.82181
internal_count=3930 36 3894 3810 315 283 220 84 62 20 3495 321 3174 107 46 3067 91 2976 1049 1927 287 266 227 22 20 33 39 71 32 18 20 13 21 42 22
is_linear=0
shrinkage=0.121712


Tree=6
num_leaves=36
num_cat=0
split_feature=43 39 3 4 3 50 35 39 50 3 25 29 50 42 19 39 17 7 16 50 50 29 20 50 16 6 4 9 23 11 9 24 39 27 49
split_gain=5.78188 7.06173 14.871 6.79739 7.25081 5.81517 5.76956 17.2147 14.1942 8.11892 6.51943 5.90706 5.38713 5.37352 4.70088 11.4275 9.50354 8.49987 11.2316 7.52646 7.62341 6.05215 5.93566 5.22306 5.07171 6.01147 4.61439 4.56106 4.92653 4.53435 4.49818 4.41073 3.77477 6.52159 3.63621
threshold=14.500000000000002 4.5000000000000009 119.00000000000001 1.0000000180025095e-35 39.500000000000007 1.5000000000000002 1.0000000180025095e-35 7.5000000000000009 6.5000000000000009 48.500000000000007 2.5000000000000004 1.5000000000000002 8.5000000000000018 155.00000000000003 24.500000000000004 11.500000000000002 4.5000000000000009 67.500000000000014 1.0000000180025095e-35 15.500000000000002 10.500000000000002 1.5000000000000002 1.0000000180025095e-35 11.500000000000002 2.5000000000000004 1.5000000000000002 5.5000000000000009 1.0000000180025095e-35 1.0000000180025095e-35 2.5000000000000004 1.0000000180025095e-35 1.5000000000000002 13.500000000000002 4.5000000000000009 1.5000000000000002
decision_type=2 2 2 2 2 2 2 2 2 2 2 2 2 2 2 2 2 2 2 2 2 2 2 2 2 2 2 2 2 2 2 2 2 2 2
left_child=6 3 5 -2 -5 -3 13 8 9 -8 32 29 -4 14 17 16 27 22 -19 20 -20 23 24 -18 25 -1 -14 28 -16 -11 -23 -7 -9 -34 -24
right_child=1 2 12 4 -6 31 7 10 -10 11 -12 -13 26 -15 15 -17 21 18 19 -21 -22 30 34 -25 -26 -27 -28 -29 -30 -31 -32 -33 33 -35 -36
leaf_value=-0.0054161367830613998 -0.11790820671585928 0.13758296620960037 -0.19664216110706112 0.16048028639987633 -0.052109001671982472 -0.14131452543484119 0.15103631271496698 0.12335412605085164 -0.17715445430612864 0.028967658522789472 -0.14047755329904171 0.08265205322806464 0.14168210871948733 -0.2084345369909103 0.070155724511156828 -0.16079515592703703 -0.17783590803293389 -0.20073212199635304 -0.021098255169724425 0.13596974139327392 -0.16408070554436119 -0.04001894976991828 0.12514175712124992 0.045828866297313885 -0.19723553929079127 0.029405865230848566 -0.1425885759119517 0.14564076544935703 -0.12453763051369782 -0.18428730936234483 0.11771270043465752 0.054389921315738714 -0.21648541095946408 0.087188249678947033 -0.14457476497044935
leaf_weight=238.32206345489249 3.2731776158325365 1.2827937453985239 0.97684138454496672 6.5243047270923835 3.725195137783885 23.329253267962489 5.0857469169423011 27.887669349089265 7.6695405421778551 2.2908300738781673 1.6739300666376937 3.8234221171587706 6.5967310927808285 1.8262644074857224 22.145734888501469 4.1978344563394776 5.0899393036961582 6.4865857418626538 33.584417996928096 3.7232885994017115 6.6006287131458512 5.7437410783022624 0.83577165007591148 2.2117485404014587 1.8282039910554875 106.13616308476776 0.95906230807304371 11.768291294574736 2.0963987559080115 4.1241139257326722 4.9966791626065969 1.8329645134508599 1.361213732510804 4.3965198956429958 5.9075447916984558
leaf_count=1586 28 6 12 15 30 275 18 114 80 19 18 21 22 23 107 52 60 75 283 14 81 42 4 14 26 643 12 38 21 54 20 10 7 19 81
internal_value=0 -0.0401915 -0.0690627 0.0344718 0.0832336 -0.114131 0.00373652 0.039814 -0.0421283 0.0255343 0.0931598 -0.0369057 0.0705639 -0.000803087 2.37582e-05 0.0323412 0.0473776 -0.00464311 -0.0513961 -0.0292794 -0.0446321 -0.0247062 0.00203213 -0.110107 0.00423671 0.00531372 0.105402 0.0834928 0.0532568 -0.108207 0.0334025 -0.127033 0.104837 0.0150507 -0.110952
internal_weight=0 48.5003 34.9776 13.5227 10.2495 26.445 521.814 58.313 22.9937 15.3241 35.3193 10.2384 8.53263 463.501 461.675 58.2504 54.0525 403.425 50.3949 43.9083 40.185 18.0421 353.03 7.30169 346.286 344.458 7.55579 36.0104 24.2421 6.41494 10.7404 25.1622 33.6454 5.75773 6.74332
internal_count=3930 410 337 73 45 291 3520 350 192 112 158 94 46 3170 3147 354 302 2793 453 378 364 136 2340 74 2255 2229 34 166 128 73 62 285 140 26 85
is_linear=0
shrinkage=0.121712


Tree=7
num_leaves=36
num_cat=0
split_feature=35 39 50 7 19 15 29 7 27 27 7 46 6 46 15 0 43 50 3 38 48 49 48 6 48 2 47 42 50 15 15 14 47 14 27
split_gain=4.72121 5.89604 6.65842 6.26835 8.93265 5.72041 4.63246 4.57328 9.68411 11.5868 9.63918 10.4499 9.46305 8.82816 10.964 8.32607 7.96523 9.61567 7.83639 7.02131 8.58403 6.94257 6.70525 6.40606 5.89818 5.86037 5.70384 5.55762 4.853 8.35351 7.07184 14.2756 8.41229 9.30417 11.4587
threshold=1.0000000180025095e-35 7.5000000000000009 6.5000000000000009 20.500000000000004 5.5000000000000009 23.500000000000004 1.5000000000000002 2.5000000000000004 4.5000000000000009 1.0000000180025095e-35 4.5000000000000009 15.500000000000002 1.0000000180025095e-35 3.5000000000000004 3.5000000000000004 1.0000000180025095e-35 9.5000000000000018 5.5000000000000009 11.500000000000002 2.5000000000000004 4.5000000000000009 2.5000000000000004 4.5000000000000009 1.5000000000000002 6.5000000000000009 1.0000000180025095e-35 8.5000000000000018 6.5000000000000009 13.500000000000002 16.500000000000004 3.5000000000000004 1.0000000180025095e-35 13.500000000000002 1.5000000000000002 11.500000000000002
decision_type=2 2 2 2 2 2 2 2 2 2 2 2 2 2 2 2 2 2 2 2 2 2 2 2 2 2 2 2 2 2 2 2 2 2 2
left_child=7 2 5 -3 -5 -2 -7 8 9 16 11 19 -10 14 -11 26 21 24 -13 20 -9 -1 -20 -24 -18 -23 -15 -16 30 -30 31 -12 33 -32 -35
right_child=1 3 -4 4 -6 6 -8 10 12 13 28 18 -14 15 27 -17 17 -19 22 -21 -22 25 23 -25 -26 -27 -28 -29 29 -31 32 -33 -34 34 -36
leaf_value=-0.13477334721745943 0.086424364890036326 0.14285044847215608 -0.11844954825669231 -0.19788787937052413 0.051856309508701147 -0.16979110759583624 0.054879148634973361 0.11620671730410156 0.094094808055406945 -0.1982434725669012 -0.023739038533447176 -0.20446224274541488 -0.19429860010724032 0.071533276213893437 0.13931249552632041 -0.15509455073603093 0.11645361746877839 -0.13586472433992003 0.11047620679179845 -0.18577443385091144 -0.18770295854444108 0.025460502653301045 -0.17113532943734913 0.18121258668341866 -0.18149973915387885 0.11712925317674239 -0.20421490366040851 -0.13872265509395443 0.056583020870783519 -0.090877652784480123 0.03361912233561342 -0.20098266251389704 -0.09467956524536085 -0.050255430065653063 0.048332802813354787
leaf_weight=2.679142151027917 9.1302399188280123 10.160927126184104 6.7712456090375772 2.2993066590279367 25.733864933252335 3.0652482211589804 2.4250726792961359 3.034345734864476 28.068422055337582 2.406648499891161 90.515946089755744 2.2201285287737837 1.781022461131214 4.9859395958483246 6.9203044772148115 15.251321554183958 5.3383996989578 8.2320626713335496 7.7397813424468023 12.545870290137826 2.4987213462591171 22.865096358582377 3.028821898624301 1.0090562291443346 1.1937226206064222 18.854623628780246 1.4159920136444268 1.2471679523587225 36.430029691196978 6.7316098986193529 104.32141979597509 7.2605221299454561 12.245213728398083 58.625402948819101 24.859105283394456
leaf_count=27 53 35 89 17 137 46 14 12 140 21 761 33 22 20 27 141 25 120 34 139 24 121 27 3 13 73 21 16 243 71 594 82 123 461 145
internal_value=0 0.032361 -0.0187859 0.0610075 0.0312861 0.0274264 -0.0706349 -0.00390169 0.0166329 -0.00302736 -0.0105758 -0.0743497 0.0768067 -0.0617335 0.0293922 -0.106231 0.0289555 -0.0484546 0.0045992 -0.135444 -0.0211324 0.0547065 0.0441989 -0.0827571 0.0617345 0.0669153 0.0102357 0.0966898 -0.00457362 0.0335615 -0.0101019 -0.0369265 0.00300979 0.009386 -0.0208945
internal_weight=0 59.5859 21.3918 38.1941 28.0332 14.6206 5.49032 494.306 121.24 91.3904 373.066 32.0767 29.8494 32.2274 10.5741 21.6533 59.163 14.7642 13.9978 18.0789 5.53307 44.3989 11.7777 4.03788 6.53212 41.7197 6.40193 8.16747 340.989 43.1616 297.828 97.7765 200.051 187.806 83.4845
internal_count=3930 391 202 189 154 113 60 3539 787 625 2752 272 162 246 64 182 379 158 97 175 36 221 64 30 38 194 41 43 2480 314 2166 843 1323 1200 606
is_linear=0
shrinkage=0.121712


Tree=8
num_leaves=36
num_cat=0
split_feature=27 15 3 39 3 5 39 3 15 46 38 14 38 25 0 38 3 19 7 16 42 0 7 50 3 19 49 50 42 42 19 35 0 12 3
split_gain=3.63436 6.80693 9.45899 6.6929 5.72276 5.61858 5.50914 6.80353 10.7155 9.08661 9.24457 8.74531 11.8691 6.10857 6.02421 5.54731 5.46866 7.31756 6.90092 6.38272 7.59464 6.37538 5.43056 10.4389 9.45803 5.32721 5.98093 6.2954 6.14619 7.29629 5.18431 5.03636 4.94303 4.90743 4.69581
threshold=1.5000000000000002 7.5000000000000009 8.5000000000000018 4.5000000000000009 50.500000000000007 7.5000000000000009 2.5000000000000004 7.5000000000000009 9.5000000000000018 55.000000000000007 115.00000000000001 1.5000000000000002 55.000000000000007 1.0000000180025095e-35 1.5000000000000002 12.500000000000002 13.500000000000002 2.5000000000000004 2.5000000000000004 3.5000000000000004 9.5000000000000018 4.5000000000000009 10.500000000000002 9.5000000000000018 5.5000000000000009 7.5000000000000009 3.5000000000000004 2.5000000000000004 45.000000000000007 6.5000000000000009 10.500000000000002 1.0000000180025095e-35 1.0000000180025095e-35 3.5000000000000004 73.500000000000014
decision_type=2 2 2 2 2 2 2 2 2 2 2 2 2 2 2 2 2 2 2 2 2 2 2 2 2 2 2 2 2 2 2 2 2 2 2
left_child=6 2 -2 4 -4 30 13 9 16 10 14 12 -10 25 22 -13 -9 18 21 20 -19 -18 23 -8 -24 26 -1 -28 29 -29 34 -11 -3 -17 -5
right_child=1 32 3 5 -6 -7 7 8 11 31 -12 15 -14 -15 -16 33 17 19 -20 -21 -22 -23 24 -25 -26 -27 27 28 -30 -31 -32 -33 -34 -35 -36
leaf_value=-0.1530472697719549 -0.15379496731717388 -0.20473034672790855 0.10410864135889571 -0.005376209439838733 -0.15229163571927781 -0.11859830395195364 0.030906507152690901 -0.10283597904955248 0.14404517384617307 -0.089877818107281543 -0.16208124316276837 -0.14322629742248411 -0.16717946838008022 0.090137915643724975 0.16376849598489973 0.063485116578732306 -0.071685536204509459 0.10772009626774849 -0.16304789646799736 -0.12755756045441402 -0.022564985820549329 0.1421310639291366 0.084704702311497793 -0.13799721045994909 -0.18248476123007257 -0.13577964138474313 -0.1280461809082607 -0.034792688569533735 -0.13760022170576805 0.11946891294797807 0.1202125979032089 0.17573989282799005 -0.00048385237963336863 -0.19020354743139842 0.14067022050479777
leaf_weight=5.4664881713688365 3.5578908277675501 1.7575758732855309 29.238679269328717 29.099640469998121 1.3375987000763405 3.9931476647034279 34.312558526173234 20.155660761520267 13.244542200118305 13.284255390986797 3.3544033588841549 4.4996305778622618 2.091837476938962 4.3010753430426112 5.7437536045908919 7.1818079072982055 8.8140636626631039 11.110576158389454 9.2068668035790306 4.4017754159867755 16.388960253447294 2.684152588248252 33.757613876834512 6.4241872811689964 2.0715080192312589 10.79627774376422 5.6204490382224348 8.8683071341365629 3.2369760992005459 9.286132548004387 8.0004966817796213 1.136696599423886 205.38234905339777 1.32712185382843 3.6598417088389388
leaf_count=65 40 20 115 197 14 37 188 241 41 188 39 55 27 20 19 45 73 53 117 49 157 11 175 92 33 130 49 65 37 43 19 2 1447 21 6
internal_value=0 0.00935702 0.0397792 0.0489483 0.0928286 0.0189474 -0.0107584 -0.0019489 -0.0242163 0.0205449 0.0355941 0.0392528 0.101482 -0.0479995 0.0436757 -0.0341302 -0.0489455 -0.0282753 -0.0845977 0.00829525 0.0300949 -0.0216579 0.034639 0.0042321 0.0691933 -0.0617547 -0.0370998 -0.0135687 0.0165625 0.044135 0.0324587 -0.0687944 -0.0022301 0.0236754 0.0109848
internal_weight=0 286.027 78.8873 75.3294 30.5763 44.7531 248.768 201.192 101.107 100.085 85.664 28.3449 15.3364 47.5757 82.3096 13.0086 72.7621 52.6064 20.7051 31.9013 27.4995 11.4982 76.5659 40.7367 35.8291 43.2746 32.4784 27.0119 21.3914 18.1544 40.76 14.421 207.14 8.50893 32.7595
internal_count=3930 1895 428 388 129 259 2035 1626 890 736 546 189 68 409 507 121 701 460 201 259 210 84 488 280 208 389 259 194 145 108 222 190 1467 66 203
is_linear=0
shrinkage=0.121712


Tree=9
num_leaves=36
num_cat=0
split_feature=50 17 50 42 14 3 16 38 50 42 46 48 46 15 0 43 48 27 29 7 6 0 29 12 19 7 3 38 46 19 3 1 6 0 27
split_gain=3.30199 8.07943 4.96601 9.68984 8.30072 5.84945 6.8225 4.79757 5.96862 5.29672 5.77087 7.97861 5.51659 11.1111 5.50514 5.23985 6.62334 5.09313 5.93599 8.46175 6.54372 5.88853 4.88764 4.56439 4.30481 5.37836 4.26921 4.22897 5.61283 4.11506 5.2594 3.74718 3.65701 7.75535 3.49468
threshold=16.500000000000004 1.0000000180025095e-35 13.500000000000002 14.500000000000002 3.5000000000000004 12.500000000000002 1.5000000000000002 35.000000000000007 1.5000000000000002 9.5000000000000018 7.5000000000000009 6.5000000000000009 12.500000000000002 1.0000000180025095e-35 35.000000000000007 9.5000000000000018 7.5000000000000009 9.5000000000000018 1.0000000180025095e-35 267.00000000000006 12.500000000000002 29.000000000000004 1.5000000000000002 1.5000000000000002 1.5000000000000002 1.5000000000000002 1.0000000180025095e-35 10.500000000000002 9.5000000000000018 1.5000000000000002 21.500000000000004 22.500000000000004 6.5000000000000009 3.5000000000000004 3.5000000000000004
decision_type=2 2 2 2 2 2 2 2 2 2 2 2 2 2 2 2 2 2 2 2 2 2 2 2 2 2 2 2 2 2 2 2 2 2 2
left_child=2 -2 7 4 24 -5 32 9 29 12 15 27 17 -14 23 16 26 18 20 -20 -1 22 -19 -13 25 -4 -11 28 -12 -9 -31 -29 33 -7 -10
right_child=1 -3 3 5 -6 6 -8 8 34 10 11 14 13 -15 -16 -17 -18 21 19 -21 -22 -23 -24 -25 -26 -27 -28 31 -30 30 -32 -33 -34 -35 -36
leaf_value=-0.00042248800247191324 -0.18537329360780419 0.050168802566810312 0.1237928038498696 -0.1376140295611693 -0.20958490954912151 -0.15725095433588895 -0.15300710389184305 0.14292333110877165 -0.0084505396903757635 0.071442809596997767 0.051947368529837785 -0.058798252379093696 0.092674889022449747 -0.20315414274793778 0.10957946163844257 -0.16377348512252138 0.11231088404422732 0.097944900074750138 -0.12597228639203042 0.074540291579068108 0.1018334195430957 -0.14242466884855634 -0.17443879676560162 -0.1718082311587194 0.1428990485849958 -0.081485824637009249 -0.14971208123110447 0.033732383612423658 -0.053803511288317396 -0.15783605563522055 0.085316910782850613 -0.096644710172882509 0.13626571421167116 0.060922942492309749 0.028491992730678657
leaf_weight=103.30110033880919 4.5713777402415854 4.065425967797637 4.2088921032846036 4.7049374477937844 1.2779847718775261 3.1458546314388576 3.1300799902528516 8.4424184300005418 93.829592804424465 1.6727547049522415 9.6089495681226236 17.027580519206829 2.9554552435874921 5.1284373914822936 2.12581524811685 8.4237562669441086 3.1536778286099434 18.273216212168343 11.383306541480122 4.2813122831284991 10.171637492254375 1.8640078715980042 1.0190772973000992 7.6906090555712572 16.191779401153326 3.4118376448750496 5.5773974675685167 42.11033646389842 32.707104021683335 1.8657724708318699 4.4009428583085537 3.5273048914968959 4.4934957660734645 10.218122070655225 63.655123574659228
leaf_count=688 62 29 18 82 16 38 43 26 800 6 59 176 13 52 12 115 17 83 124 20 46 24 10 79 58 34 71 281 278 20 22 40 17 66 405
internal_value=0 -0.074577 0.00125257 0.0373832 0.0911638 -0.0151516 0.0123632 -0.00270076 0.0134113 -0.0122027 -0.0300477 -0.0197975 0.00285386 -0.0950085 -0.0778614 -0.0924837 -0.0346187 0.00812614 -0.000943952 -0.0711457 0.00875306 0.0634626 0.0834435 -0.0940354 0.107414 0.0318895 -0.0986336 -0.00206575 -0.0297786 0.087523 0.0127283 0.0236284 0.0414459 0.00945388 0.00648189
internal_weight=0 8.6368 514.98 50.783 25.0905 25.6925 20.9876 464.197 172.194 292.003 133.625 114.798 158.378 8.08389 26.844 18.8276 10.4038 150.294 129.137 15.6646 113.473 21.1563 19.2923 24.7182 23.8125 7.62073 7.25015 87.9537 42.3161 14.7091 6.26672 45.6376 17.8575 13.364 157.485
internal_count=3930 91 3839 372 126 246 164 3467 1273 2194 1134 925 1060 65 267 209 94 995 878 144 734 117 93 255 110 52 77 658 337 68 42 321 121 104 1205
is_linear=0
shrinkage=0.121712


Tree=10
num_leaves=36
num_cat=0
split_feature=16 38 4 18 6 47 49 46 19 46 42 49 38 50 46 25 42 43 50 43 5 3 46 0 2 39 1 15 50 7 9 0 46 3 43
split_gain=2.96406 4.86292 3.58872 2.6422 4.43331 5.14217 3.82932 6.31995 7.02884 8.93227 8.15015 6.86512 8.31503 8.03508 6.54303 6.49127 5.11743 4.39793 3.76785 3.74074 6.39836 6.15485 7.58009 5.19264 6.18625 9.56552 7.90401 7.22925 6.82484 5.48807 4.92112 4.80003 4.7609 3.81775 3.80833
threshold=6.5000000000000009 105.00000000000001 27.000000000000004 1.5000000000000002 7.5000000000000009 16.500000000000004 10.500000000000002 9.5000000000000018 16.500000000000004 14.500000000000002 65.000000000000014 13.500000000000002 9.5000000000000018 3.5000000000000004 15.500000000000002 3.5000000000000004 2.5000000000000004 3.5000000000000004 13.500000000000002 12.500000000000002 6.5000000000000009 13.500000000000002 12.500000000000002 24.500000000000004 12.500000000000002 3.5000000000000004 8.5000000000000018 32.500000000000007 11.500000000000002 33.500000000000007 1.5000000000000002 12.500000000000002 8.5000000000000018 14.500000000000002 5.5000000000000009
decision_type=2 2 2 2 2 2 2 2 2 2 2 2 2 2 2 2 2 2 2 2 2 2 2 2 2 2 2 2 2 2 2 2 2 2 2
left_child=3 2 -2 6 5 -5 19 11 9 18 -10 13 -13 16 -11 -16 -8 -14 -9 23 21 22 -21 24 26 29 28 -27 -1 -26 34 -28 33 -23 -25
right_child=1 -3 -4 4 -6 -7 7 8 10 14 -12 12 17 -15 15 -17 -18 -19 -20 20 -22 32 -24 30 25 27 31 -29 -30 -31 -32 -33 -34 -35 -36
leaf_value=0.0016722742702494561 0.11248732764641522 -0.19064268584374466 0.01697663641436244 -0.089406942830618813 -0.005099176615514147 0.12737961373341808 0.041116569260140789 -0.17025491129380252 0.14098787192718476 0.16825789896435256 -0.18805462573882845 -0.12125334734685499 -0.18597812449343454 0.096666707358030388 -0.029819886232262036 0.13373526062312308 -0.1941654745600685 0.099776960265456446 -0.019450147148020968 0.036490827223875984 -0.10851253573416866 0.16924450739643937 -0.15320636897440509 -0.056444947235263998 0.15347808454380457 0.034074813565035209 -0.15207150546214454 -0.13685615288795477 -0.074025289667278796 -0.067791957936916183 0.067116945477896234 -0.017036393980384149 0.079050933091318956 -0.11033584937407483 -0.17809348815022505
leaf_weight=145.47329599130899 9.0822239955887252 1.2811872335150827 16.249415827915072 18.980747489258651 56.171582547947764 1.7604185044765461 3.1605456769466391 7.4520471426658315 7.6092668473720533 3.2333260942250481 1.2944857366383073 6.6945196040905994 0.8953452557325362 35.53069013543427 32.919654599390924 4.0222834423184386 2.39790203794837 6.5855921823531389 3.6649102261289954 8.3315255809575302 4.9661163762211791 0.89171135425567527 4.972035805694758 11.528722582384949 11.380257390439512 12.783192673698069 9.510056711733343 5.1238596085458985 20.065897280815989 1.9353762324899424 3.2089906185865393 6.6137401722371569 31.560937410220504 3.6101528257131577 5.7016703095287076
leaf_count=1017 38 19 132 212 465 8 18 115 21 15 18 87 12 151 302 12 24 38 32 81 50 1 93 98 34 83 109 55 205 20 22 56 171 40 76
internal_value=0 0.039528 0.0512651 -0.00219242 -0.0228633 -0.0709334 0.00175176 0.0204747 -0.006808 -0.0241433 0.092933 0.0501889 -0.0228234 0.07538 0.00258273 -0.011968 -0.0605748 0.0652992 -0.120631 -0.00576345 0.0229946 0.0362513 -0.034476 -0.0124615 -0.00683273 0.0432015 -0.0154353 -0.0148908 -0.00750771 0.121273 -0.0710408 -0.0967477 0.0623491 -0.054605 -0.0968096
internal_weight=0 26.6128 25.3316 480.031 76.9127 20.7412 403.118 115.461 60.196 51.2922 8.90375 55.2646 14.1755 41.0891 40.1753 36.9419 5.55845 7.48094 11.117 287.658 54.3325 49.3664 13.3036 233.325 212.886 31.2227 181.663 17.9071 165.539 13.3156 20.4394 16.1238 36.0628 4.50186 17.2304
internal_count=3930 189 170 3741 685 220 3056 845 515 476 39 330 137 193 329 314 42 50 147 2211 436 386 174 1775 1579 192 1387 138 1222 54 196 165 212 41 174
is_linear=0
shrinkage=0.121712


Tree=11
num_leaves=36
num_cat=0
split_feature=14 7 2 3 38 43 34 49 50 3 29 10 48 47 31 31 35 43 31 14 46 13 2 49 42 5 50 14 27 43 47 12 49 20 43
split_gain=2.73524 4.72797 3.98815 4.39856 5.65468 3.53311 3.27475 2.9531 5.59273 5.06205 5.71693 2.88273 5.29532 5.27705 3.93887 5.85526 3.30128 4.05116 3.98826 3.64296 6.13118 6.70097 5.79903 5.20635 3.97931 3.07454 2.86345 2.55171 2.29732 2.95372 2.72719 2.33768 2.1479 2.44514 1.95708
threshold=12.500000000000002 6.5000000000000009 27.000000000000004 176.50000000000003 95.000000000000014 15.500000000000002 1.0000000180025095e-35 1.5000000000000002 4.5000000000000009 226.00000000000003 3.5000000000000004 1.0000000180025095e-35 2.5000000000000004 13.500000000000002 12.500000000000002 8.5000000000000018 1.0000000180025095e-35 16.500000000000004 7.5000000000000009 1.5000000000000002 65.000000000000014 1.0000000180025095e-35 5.5000000000000009 14.500000000000002 155.00000000000003 11.500000000000002 13.500000000000002 4.5000000000000009 6.5000000000000009 4.5000000000000009 2.5000000000000004 8.5000000000000018 3.5000000000000004 1.0000000180025095e-35 3.5000000000000004
decision_type=2 2 2 2 2 2 2 2 2 2 2 2 2 2 2 2 2 2 2 2 2 2 2 2 2 2 2 2 2 2 2 2 2 2 2
left_child=2 -2 3 11 7 28 -6 -5 9 10 -9 16 -13 14 15 -14 19 18 25 23 21 -21 -22 24 -1 -18 -25 -11 -4 30 -30 -32 -10 -34 -20
right_child=1 -3 5 4 6 -7 -8 8 32 27 -12 12 13 -15 -16 -17 17 -19 34 20 22 -23 -24 26 -26 -27 -28 -29 29 -31 31 -33 33 -35 -36
leaf_value=0.0078260416371268501 -0.18430881313967135 0.10709848828111314 -0.15969301753599374 0.1593347370219666 -0.17687407260932161 0.092699620869128668 0.13900414962356628 -0.16016532573063819 -0.048240510763608996 -0.038339860726498129 0.15085121344446126 -0.14736402768098067 -0.022556621150239563 -0.15424811024153653 -0.15799154347916503 0.10148975734576751 0.071772191884721045 -0.19545585725148923 0.15276215264731299 -0.14845321360611718 -0.14240896764767494 -0.028964767657877286 0.066479085867763438 -0.11699989409978581 -0.18306227024137545 -0.1543638737163936 0.011745813212090544 0.15878065552871337 -0.16152231033298373 -0.10947938507025756 -0.083874530179180729 0.13567860993937142 0.11697783400085841 -0.030316234663329947 -0.14695574629822883
leaf_weight=284.52390569541603 0.92646926641464133 6.7887341268360615 4.0309163965284815 3.7775676213204887 2.4515058174729343 1.9360849615186442 0.59499265253543843 4.6824791003018635 1.5994891747832323 1.6680657751858237 1.0650104098021982 5.2729329112917176 19.482644010335214 3.6367703918367615 2.1310629826039067 7.9167815577238789 24.366162382066261 1.0270348284393538 0.37184673547744695 8.1817748695611936 2.2716836333274868 45.985769151709974 14.24088743329048 7.9955254485830647 1.614120328798889 0.91230980679392715 3.7552103698253632 2.3044474720954895 0.9183152522891741 5.587645910680294 0.99651680514216456 2.4916992299258709 13.943438680842517 1.8896012790501107 2.035494726151228
leaf_count=2143 12 24 69 11 33 10 4 56 16 15 3 74 195 40 33 35 120 11 2 92 20 373 83 138 28 12 51 5 20 82 12 11 53 18 26
internal_value=0 0.0718402 -0.00114313 0.000890553 0.043061 -0.0609499 -0.114815 0.0586566 0.0445763 -0.0293652 -0.102304 -0.00239868 -0.0342193 -0.0161776 0.000881699 0.0133115 0.000680909 0.0404225 0.049264 -0.00241606 -0.0272552 -0.0470463 0.0376455 0.00347802 0.0067406 0.0635315 -0.0758777 0.0761209 -0.0822349 -0.0508162 0.0236443 0.0728424 0.085803 0.0993806 -0.100042
internal_weight=0 7.7152 485.66 469.699 33.9766 15.9612 3.0465 30.9301 27.1525 9.72 5.74749 435.722 38.4402 33.1673 29.5305 27.3994 397.282 28.7128 27.6858 368.569 70.6801 54.1675 16.5126 297.889 286.138 25.2785 11.7507 3.97251 14.0251 9.99418 4.40653 3.48822 17.4325 15.833 2.40734
internal_count=3930 36 3894 3690 214 204 37 177 166 79 59 3476 377 303 263 230 3099 171 160 2928 568 465 103 2360 2171 132 189 20 194 125 43 23 87 71 28
is_linear=0
shrinkage=0.121712


Tree=12
num_leaves=36
num_cat=0
split_feature=27 3 50 43 21 38 38 46 31 7 12 15 25 46 47 42 5 49 31 43 12 16 39 50 42 49 49 23 46 12 50 38 38 48 19
split_gain=2.22202 4.77373 4.61311 4.0676 13.6146 5.01521 5.24877 6.12606 4.30748 5.60353 6.63251 3.90402 3.79238 3.61332 3.56053 3.23358 5.68359 6.20276 5.98036 4.58054 6.10637 4.87399 5.18322 4.49023 5.34935 3.94926 3.69629 3.61677 3.50404 9.41827 3.99515 5.11008 4.92862 3.40381 3.25655
threshold=3.5000000000000004 13.500000000000002 8.5000000000000018 6.5000000000000009 1.0000000180025095e-35 75.000000000000014 45.000000000000007 25.000000000000004 10.500000000000002 13.500000000000002 1.5000000000000002 35.500000000000007 1.5000000000000002 7.5000000000000009 6.5000000000000009 45.000000000000007 1.0000000180025095e-35 10.500000000000002 1.0000000180025095e-35 9.5000000000000018 1.0000000180025095e-35 1.5000000000000002 5.5000000000000009 3.5000000000000004 115.00000000000001 13.500000000000002 4.5000000000000009 5.5000000000000009 25.000000000000004 1.5000000000000002 13.500000000000002 125.00000000000001 105.00000000000001 7.5000000000000009 31.500000000000004
decision_type=2 2 2 2 2 2 2 2 2 2 2 2 2 2 2 2 2 2 2 2 2 2 2 2 2 2 2 2 2 2 2 2 2 2 2
left_child=12 -2 3 5 8 6 7 13 9 10 -5 -10 15 -3 -8 28 18 19 23 21 26 -18 -23 25 33 -17 -21 -19 30 -30 31 32 -1 -25 -32
right_child=1 2 -4 4 -6 -7 14 -9 11 -11 -12 -13 -14 -15 -16 16 17 27 -20 20 -22 22 -24 24 -26 -27 -28 -29 29 -31 34 -33 -34 -35 -36
leaf_value=-0.011057611859032873 0.14524553763467321 -0.0098087819541394349 0.031470940627675331 0.046262998025699734 0.11984998515954032 -0.12074567647316933 0.099566168029964791 -0.10262098567559841 -0.1586559751357379 -0.14674449591206223 -0.12373983992357289 0.11017019992722939 -0.15004025792446238 0.071715158789418226 -0.10676831086333777 -0.20358345786833282 -0.12469138480972787 -0.14729029640282054 0.091018238691522937 0.018753090421768401 0.080152145645999998 0.073954587762448024 -0.127017928711046 0.01078320358046472 -0.13582604745600155 0.071060037600842493 -0.14776785974231255 0.15188438725254624 0.063512709742630319 -0.17490527567465083 0.05252718102715094 -0.19736149069998032 0.12590257590963613 0.17178402385271702 -0.13653255715899537
leaf_weight=163.64650984480977 3.8209100514650336 23.006468402221799 71.663613402284682 7.0063285222277099 6.4872875567525616 4.037511344999074 13.74474138393998 7.4507034979760638 1.0637119580060233 13.555373752489684 6.5808365046977997 3.107591237872839 2.6813634205609551 12.375121916644273 1.3504558857530344 3.1326552927494111 10.512228675186636 10.771079521626231 10.157799609936772 3.9946745447814491 9.8656016485765559 5.1936726011335832 2.9814959475770593 10.364421052858232 3.1481073750182977 1.0213260604068635 3.8849378367885947 0.62325257062912065 26.686950463801626 2.6903445087373248 23.723306536674503 2.1207223106175652 3.9741656854748717 2.383021254092454 1.4185419566929329
leaf_count=1326 13 183 484 41 38 41 61 84 19 149 97 16 41 79 17 29 149 159 57 45 59 28 42 99 72 7 60 1 153 40 167 24 17 14 19
internal_value=0 0.0109212 0.00791586 -0.00900474 -0.0404637 0.0101888 0.0193419 -0.0024111 -0.0737155 -0.0914087 -0.0361064 0.0413102 -0.0062759 0.0187173 0.0810233 -0.00499396 -0.0263318 -0.0524321 0.0149929 -0.0278934 0.0163849 -0.0699284 0.00055968 -0.0235515 0.00591718 -0.136016 -0.0634388 -0.130762 0.00243134 0.0416073 -0.00347586 -0.0101841 -0.00780021 0.0410337 0.0417907
internal_weight=0 175.251 171.43 99.7661 37.8011 61.965 57.9275 42.8323 31.3138 27.1425 13.5872 4.1713 304.976 35.3816 15.0952 302.295 78.0343 47.8269 30.2073 36.4326 17.7452 18.6874 8.17517 20.0495 15.8955 4.15398 7.87961 11.3943 224.261 29.3773 194.883 169.741 167.621 12.7474 25.1418
internal_count=3930 1322 1309 825 360 465 424 346 322 287 138 35 2608 262 78 2567 821 543 278 383 164 219 70 221 185 36 105 160 1746 193 1553 1367 1343 113 186
is_linear=0
shrinkage=0.121712


Tree=13
num_leaves=36
num_cat=0
split_feature=46 7 4 48 39 13 26 46 49 38 49 48 0 50 3 18 48 0 49 19 6 2 19 5 3 46 49 13 17 27 42 17 46 46 39
split_gain=2.458 5.00767 7.05883 6.62302 4.98656 4.93526 4.47599 4.31666 4.1425 4.34303 3.95297 4.68034 3.64731 3.57132 3.04904 4.02472 4.01548 3.07522 3.17974 2.85174 2.78909 2.68926 3.34718 2.67759 2.65984 2.60794 7.72146 3.28208 4.03269 3.0149 4.02994 4.91075 5.01407 3.66578 3.45393
threshold=4.5000000000000009 187.50000000000003 1.0000000180025095e-35 5.5000000000000009 5.5000000000000009 1.0000000180025095e-35 1.5000000000000002 1.5000000000000002 6.5000000000000009 4.5000000000000009 8.5000000000000018 6.5000000000000009 3.5000000000000004 5.5000000000000009 1.0000000180025095e-35 1.5000000000000002 4.5000000000000009 1.5000000000000002 2.5000000000000004 1.0000000180025095e-35 1.5000000000000002 2.5000000000000004 3.5000000000000004 4.5000000000000009 54.500000000000007 5.5000000000000009 6.5000000000000009 1.0000000180025095e-35 2.5000000000000004 3.5000000000000004 5.5000000000000009 1.0000000180025095e-35 8.5000000000000018 145.00000000000003 12.500000000000002
decision_type=2 2 2 2 2 2 2 2 2 2 2 2 2 2 2 2 2 2 2 2 2 2 2 2 2 2 2 2 2 2 2 2 2 2 2
left_child=1 2 3 4 19 7 -3 21 9 -6 11 14 23 -11 15 16 -4 -16 -19 20 -1 22 -5 24 -12 26 -2 -28 -29 30 31 -27 -33 -31 -32
right_child=25 6 10 5 8 -7 -8 -9 -10 13 12 -13 -14 -15 17 -17 -18 18 -20 -21 -22 -23 -24 -25 -26 29 27 28 -30 33 34 32 -34 -35 -36
leaf_value=-0.082641158201055262 -0.14435370680552648 0.078174911808804606 0.11038136609846871 -0.08067626357243414 -0.19717496808904927 0.087582303837677344 -0.14217306337169813 -0.20200693522094296 -0.13581542231260879 0.13517856407961479 -0.056274809927275203 0.077112514296552359 -0.18651990449190231 -0.013062519443490576 -0.16462785717860798 -0.19005051989199129 -0.14191143886747637 0.035509199598402603 -0.093106302993094137 -0.17937466482389755 0.15553257973211126 0.10743382178797344 0.14796912906888127 -0.1694520427894696 0.15417723406029551 0.080555937782253312 0.11687503542392852 -0.13599087303057525 0.1255275070229892 0.01973732509128082 -0.0056729899844299566 -0.19984760189056636 0.045055266581667842 -0.15436338198609517 -0.055302980818918608
leaf_weight=5.4844884090125579 2.5430918931961086 12.006324967369435 4.3776216581463876 4.6371029671281594 1.0126868486404408 16.555101621896029 1.5284335911273945 1.6054502502083767 2.390406757593154 5.1638306938111764 5.4532522265799326 4.6009123995900145 5.922862389124929 4.49382384121418 4.9127143565565374 1.1746742725372312 1.1750592328608034 4.1965581923723212 8.8008525557816011 4.3433975167572498 0.8272082358598708 3.0066101420670748 1.1788195893168447 2.5291443057358265 1.0497390814125536 14.97742676921189 11.227768765762447 1.922354988753795 1.5792218558490274 126.29479053430259 168.46566528920084 2.1244264412671319 2.9344982132315636 1.8044571429491032 23.683688805438578
leaf_count=55 40 63 20 40 11 82 18 20 21 21 58 26 82 36 71 15 13 41 121 41 3 16 3 43 3 68 38 20 6 931 1498 25 17 30 334
internal_value=0 -0.0160514 -0.025932 0.00505988 -0.0418485 0.0462934 0.053171 -0.0192704 0.00856027 0.0410403 -0.06148 -0.0354136 -0.11236 0.0662614 -0.0564616 0.0133677 0.0567637 -0.0826886 -0.0515756 -0.103586 -0.0511532 0.0142138 -0.0340864 -0.0635184 -0.0220459 0.00486788 0.0509878 0.0848196 -0.0179814 0.00252468 -0.00637633 0.0455488 -0.0580094 0.0172686 -0.0117942
internal_weight=0 108.427 94.8923 50.6989 23.7158 26.9831 13.5348 10.428 13.0607 10.6703 44.1934 29.2384 14.955 9.65765 24.6375 6.72736 5.55268 17.9101 12.9974 10.6551 6.3117 8.82253 5.81592 9.03214 6.50299 357.557 17.2724 14.7293 3.50158 340.285 212.186 20.0364 5.05892 128.099 192.149
internal_count=3930 923 842 349 188 161 81 79 89 68 493 307 186 57 281 48 33 233 162 99 58 59 43 104 61 3007 104 64 26 2903 1942 110 42 961 1832
is_linear=0
shrinkage=0.121712


Tree=14
num_leaves=36
num_cat=0
split_feature=31 48 24 16 48 14 16 49 46 25 35 1 12 46 50 43 11 49 46 31 46 42 49 46 38 13 19 17 8 12 1 11 39 4 48
split_gain=2.00807 2.96129 2.7888 2.31637 2.13795 4.11298 2.77913 1.73309 5.78318 4.39901 4.32059 4.19598 4.19649 4.11673 3.83533 6.31631 3.80682 3.62024 4.84604 3.4129 3.37009 4.28917 5.07824 4.97655 4.38703 4.96152 3.64583 3.61842 3.44804 3.16985 4.04001 3.75413 4.71141 4.17657 3.4841
threshold=20.500000000000004 1.5000000000000002 2.5000000000000004 6.5000000000000009 2.5000000000000004 8.5000000000000018 10.500000000000002 10.500000000000002 9.5000000000000018 3.5000000000000004 1.0000000180025095e-35 3.5000000000000004 1.5000000000000002 14.500000000000002 5.5000000000000009 8.5000000000000018 2.5000000000000004 14.500000000000002 6.5000000000000009 8.5000000000000018 35.000000000000007 55.000000000000007 7.5000000000000009 13.500000000000002 25.000000000000004 3.5000000000000004 1.0000000180025095e-35 4.5000000000000009 1.0000000180025095e-35 1.0000000180025095e-35 20.500000000000004 1.5000000000000002 10.500000000000002 5.5000000000000009 2.5000000000000004
decision_type=2 2 2 2 2 2 2 2 2 2 2 2 2 2 2 2 2 2 2 2 2 2 2 2 2 2 2 2 2 2 2 2 2 2 2
left_child=3 -2 -3 7 5 -5 -6 20 14 10 11 13 -13 -10 15 16 -9 -16 -19 -12 21 22 24 26 27 -26 -24 -1 -25 31 -31 32 33 -22 -33
right_child=1 2 -4 4 6 -7 -8 8 9 -11 19 12 -14 -15 17 -17 -18 18 -20 -21 29 -23 23 28 25 -27 -28 -29 -30 30 -32 34 -34 -35 -36
leaf_value=-0.0059946142149273612 0.12121814792531373 -0.14172901900630147 0.15677313586834776 -0.15982539795469139 0.072070674020881256 0.15348716692332878 -0.15951880572412389 0.043365794119171831 -0.085861854949042138 0.10609652917139091 0.077243211022240493 -0.15228267868701822 -0.038360710075838987 0.020484545124285176 0.077183000326074766 -0.17428894888439359 -0.18835692292975542 -0.16457622061993696 0.062888836658690897 -0.14453000394229268 0.0041085690535103379 -0.094428595286102368 0.016413932008390583 -0.17610245267916891 0.056892764854660133 -0.10761905481469027 -0.054681766886517866 -0.13139467821886039 0.042957873711800487 0.048212867136111164 -0.049275343612026602 -0.17596654234036302 -0.1506975223823909 -0.15012773197729334 0.090249885247058459
leaf_weight=121.12780975550413 0.97584256902336974 4.3290105909109116 0.50800573825836171 1.8480358831584482 15.009731072932478 0.91902238130569447 0.79672265797853548 13.243437778204681 7.1735540851950672 4.2505233809351912 8.7899491954594833 7.2735482435673502 14.031685031950472 21.584531962871552 32.761660171672702 2.8037966992706052 1.1277859555557359 2.2850461751222602 3.4893873501569033 1.151537388563155 24.594409037381418 9.3665079548954946 17.078431323170662 5.9146307781338683 28.565586958080534 2.9885484538972369 28.498039234429598 3.4947764575481406 1.2909010536968706 43.534034889191389 7.349761836230754 0.79889077134430309 4.1814633756875983 2.8952898383140555 7.1146544786170125
leaf_count=996 5 59 2 29 89 2 13 83 103 18 49 95 150 208 168 46 20 51 27 17 227 128 123 81 179 38 287 51 9 293 92 12 93 46 41
internal_value=0 -0.0709968 -0.11002 0.00092458 0.0429901 -0.0554905 0.0602692 -0.000898601 0.0115151 -0.0133656 -0.0218509 -0.0364067 -0.0773278 -0.00606512 0.0402105 -0.00761539 0.0250202 0.0615245 -0.0272669 0.0513885 -0.00572203 -0.0139071 -0.0102915 -0.0429247 0.000739098 0.04127 -0.0280409 -0.00952541 -0.136833 0.0140285 0.0341201 -0.0117975 -0.0305381 -0.012194 0.0631167
internal_weight=0 5.81286 4.83702 447.334 18.5735 2.76706 15.8065 428.76 119.966 64.2553 60.0048 50.0633 21.3052 28.7581 55.7111 17.175 14.3712 38.5361 5.77443 9.94149 308.794 218.325 208.959 52.782 156.177 31.5541 45.5765 124.623 7.20553 90.4685 50.8838 39.5847 31.6712 27.4897 7.91355
internal_count=3930 66 61 3864 133 31 102 3731 1035 640 622 556 245 311 395 149 103 246 78 66 2696 1892 1764 500 1264 217 410 1047 90 804 385 419 366 273 53
is_linear=0
shrinkage=0.121712


Tree=15
num_leaves=36
num_cat=0
split_feature=39 47 30 38 23 38 46 49 35 13 42 50 47 26 10 46 38 18 25 42 15 38 50 39 50 11 48 50 1 0 47 17 15 46 43
split_gain=1.58681 4.26755 5.18278 2.79015 5.18183 4.18698 6.49939 3.92933 3.44175 3.02105 2.48464 2.86446 3.42718 2.78785 3.61564 2.56069 3.04834 2.53408 2.70354 2.66318 2.48317 2.30557 2.13791 3.23365 2.06433 1.96993 1.81859 3.78262 6.6226 4.8659 4.18517 3.18122 2.41945 2.41168 4.11
threshold=2.5000000000000004 12.500000000000002 1.5000000000000002 2.5000000000000004 1.0000000180025095e-35 3.5000000000000004 13.500000000000002 3.5000000000000004 1.0000000180025095e-35 3.5000000000000004 55.000000000000007 14.500000000000002 8.5000000000000018 2.5000000000000004 1.0000000180025095e-35 11.500000000000002 19.000000000000004 6.5000000000000009 3.5000000000000004 35.000000000000007 23.500000000000004 4.5000000000000009 2.5000000000000004 6.5000000000000009 8.5000000000000018 22.500000000000004 1.5000000000000002 10.500000000000002 14.500000000000002 11.500000000000002 8.5000000000000018 1.0000000180025095e-35 76.500000000000014 4.5000000000000009 4.5000000000000009
decision_type=2 2 2 2 2 2 2 2 2 2 2 2 2 2 2 2 2 2 2 2 2 2 2 2 2 2 2 2 2 2 2 2 2 2 2
left_child=1 10 -3 4 7 6 8 -2 -5 22 11 12 17 14 -12 21 -17 18 19 -1 -11 -14 -9 -24 -23 26 27 28 30 31 -7 -29 33 34 -28
right_child=3 2 -4 5 -6 25 -8 9 -10 20 13 -13 15 -15 -16 16 -18 -19 -20 -21 -22 24 23 -25 -26 -27 32 29 -30 -31 -32 -33 -34 -35 -36
leaf_value=-0.027140432905993075 -0.14467207689876471 -0.17266006894399613 0.10303328853161255 -0.15805105385337601 -0.17748468242167525 -0.01381330965156433 0.091403159037477741 0.17431190316690898 0.10032358441800189 0.13043541705345696 -0.13891034308747258 -0.16254842019789537 0.15119103589040259 0.13559546744988793 0.042508487709785443 -0.16429536242834547 0.097679366503554368 0.093084500247594987 0.14090621311108886 0.058564503320285732 -0.18884899002614652 -0.1670666679742065 0.099311944921362041 -0.081743172630066419 0.098303363058723434 -0.1383396748923871 0.0038253509459459413 0.11869571357921298 0.10155784065889042 -0.15932448364173538 -0.16937197080557947 -0.032247157393307573 0.086860195488859912 0.0041820414371636907 -0.072281804870445873
leaf_weight=48.838975457474589 1.2045333869755328 4.7118890825659028 1.2748788222670553 7.0012760432437044 1.3781596925109614 10.881729390472175 2.6069232299923897 4.0470167100429562 0.8476717323064803 0.54147108644246955 5.9662825278937781 1.552898323163389 5.1669867075979692 0.89235386624932367 2.2276876047253609 1.2804214395582678 1.3268390595912931 3.5235193297266951 1.6262994688004244 6.0215148255228987 1.0256252065300939 0.71807475015521038 9.2035190882161242 1.7257744781672943 1.0568794533610342 1.4323447309434403 26.020918792113662 12.279564485885201 6.0344943776726714 1.21084290370345 3.3402066081762305 2.4795938637107602 4.7526649050414553 240.95517828315496 17.61763193551451
leaf_count=447 17 59 6 97 24 96 13 9 6 4 96 18 15 3 17 20 11 20 7 37 14 9 43 20 6 31 221 53 30 19 52 27 25 2132 226
internal_value=0 -0.0148195 -0.113835 0.00358221 0.0487897 0.00101787 -0.0747511 0.0664833 -0.130012 0.0819658 -0.00740941 0.000251354 0.00391703 -0.0672945 -0.0895834 0.0715924 -0.0311025 -0.0068628 -0.0131193 -0.0177196 -0.078284 0.110167 0.0987954 0.0706486 -0.0094132 0.00344379 0.00407339 0.0297767 -0.00514325 0.0740457 -0.0504773 0.0933221 0.000853695 -0.000586013 -0.0269097
internal_weight=0 86.1855 5.98677 356.587 19.1261 337.461 10.4559 17.7479 7.84895 16.5434 80.1987 71.1124 69.5595 9.08632 8.19397 9.5492 2.60726 60.0103 56.4868 54.8605 1.5671 6.94194 14.9763 10.9293 1.77495 327.005 325.573 36.2264 20.2564 15.97 14.2219 14.7592 289.346 284.594 43.6386
internal_count=3930 771 65 3159 131 3028 116 107 103 90 706 590 572 116 113 61 31 511 491 484 18 30 72 63 15 2912 2881 277 178 99 148 80 2604 2579 447
is_linear=0
shrinkage=0.121712


Tree=16
num_leaves=36
num_cat=0
split_feature=27 15 47 7 39 3 1 3 1 42 6 27 49 26 7 46 31 2 48 50 48 43 39 43 42 3 0 26 47 39 0 38 47 42 39
split_gain=1.58652 3.18748 3.47296 4.25279 3.4029 3.04316 4.1029 3.70465 5.6047 3.62097 3.31489 3.2018 5.71378 7.79636 6.46328 4.71239 4.13771 4.3943 4.12422 3.07368 3.05131 3.01865 4.26926 3.09447 5.59756 3.08191 2.98687 2.94277 3.50438 2.84041 2.67832 2.61549 3.96284 3.68062 2.48756
threshold=1.5000000000000002 7.5000000000000009 1.0000000180025095e-35 3.5000000000000004 4.5000000000000009 54.500000000000007 5.5000000000000009 76.000000000000014 12.500000000000002 105.00000000000001 1.5000000000000002 1.0000000180025095e-35 11.500000000000002 1.0000000180025095e-35 10.500000000000002 45.000000000000007 1.0000000180025095e-35 1.0000000180025095e-35 4.5000000000000009 1.0000000180025095e-35 1.5000000000000002 9.5000000000000018 8.5000000000000018 13.500000000000002 125.00000000000001 5.5000000000000009 1.0000000180025095e-35 1.0000000180025095e-35 3.5000000000000004 1.5000000000000002 1.0000000180025095e-35 5.5000000000000009 12.500000000000002 75.000000000000014 5.5000000000000009
decision_type=2 2 2 2 2 2 2 2 2 2 2 2 2 2 2 2 2 2 2 2 2 2 2 2 2 2 2 2 2 2 2 2 2 2 2
left_child=5 2 3 -2 27 6 9 29 -9 11 -10 16 13 15 -14 -13 31 18 -18 -19 -11 22 -6 30 25 -25 -3 -4 -29 -7 -23 32 -1 -33 -28
right_child=1 26 4 -5 21 7 -8 8 10 20 -12 12 14 -15 -16 -17 17 19 -20 -21 -22 23 -24 24 -26 -27 34 28 -30 -31 -32 33 -34 -35 -36
leaf_value=0.061986792842743665 0.044111506494243287 -0.18277289536113842 0.096533232196105073 -0.13528991467938034 -0.1287601410441363 -0.13278646812936926 -0.13838885213038296 -0.13315729039773294 -0.1106528914850914 0.062952856243329802 0.072183823355330273 -0.15762820901205649 -0.1502448712014646 0.058209536865295897 0.090320930770842744 -0.014802190423489535 0.033884351636012278 0.16877931135783414 -0.053930690220519065 -0.098803598165113415 -0.10210820294073659 -0.086936474329316407 0.025194656822074789 0.18046013361217364 0.081562791204419699 -0.15692814363394292 -0.019952475784889286 0.1566394661459852 -0.16607236165016467 0.10233337354361083 0.099803142981703744 -0.0071132673415183062 -0.15142353742215586 0.078633690666340114 0.011288062755917865
leaf_weight=24.08473628945649 3.9365460202097884 1.3266278086230148 18.399349791929129 3.8698656857013702 4.2892005229368788 0.8110469020903136 3.7810371611267319 3.8956837821751824 1.7822461463510979 1.9765610378235567 8.0808068700134736 11.706837216392168 2.1119173392653448 4.9384805392473927 7.4640843998640776 4.8403725270181885 18.816777506843209 0.65724480152130027 13.664418015629051 12.855663275346158 10.049060964956878 1.2497227098792816 7.01498350687325 0.44172140955924843 4.3439331836998463 3.4919537957757711 59.928686689585447 0.75502449274063055 1.4097157903015611 10.204580204561351 11.690142745152114 55.113111244514585 1.349436281248926 8.5552718220278603 102.00830153748393
leaf_count=144 22 20 81 60 54 14 57 71 25 23 60 172 39 36 42 43 147 1 150 188 215 15 59 1 19 45 576 2 15 68 55 447 23 70 871
internal_value=0 0.00709243 0.0308548 -0.044883 0.0420028 -0.00768989 -0.0131395 0.032318 -0.00979217 -0.0104712 0.0390314 -0.0057999 -0.0410269 -0.0758646 0.0371222 -0.115901 0.00230175 -0.0273399 -0.00306111 -0.0856313 -0.0749295 0.0174813 -0.0332899 0.0445407 -0.0135533 -0.118545 -0.00177113 0.0807418 -0.0531972 0.084876 0.0816897 0.0176057 0.0505883 0.00442032 -0.000273133
internal_weight=0 224.156 60.8922 7.80641 53.0857 206.739 181.965 24.7744 13.7587 178.184 9.86305 166.158 31.0617 21.4857 9.576 16.5472 135.097 45.9941 32.4812 13.5129 12.0256 32.5217 11.3042 21.2175 8.27761 3.93368 163.264 20.5641 2.16474 11.0156 12.9399 89.1026 25.4342 63.6684 161.937
internal_count=3930 1895 428 82 346 2035 1797 238 156 1740 85 1502 332 251 81 215 1170 486 297 189 238 248 113 135 65 46 1467 98 17 82 70 684 167 517 1447
is_linear=0
shrinkage=0.121712


Tree=17
num_leaves=36
num_cat=0
split_feature=50 43 0 7 19 15 28 12 19 50 48 46 38 39 22 16 47 4 6 27 15 43 43 24 46 43 18 49 46 12 42 13 46 13 7
split_gain=1.65817 2.52978 4.30118 4.38675 3.06981 3.25575 3.57252 2.94076 3.77171 3.36866 2.61604 2.21343 1.96959 1.92447 2.10328 1.7957 1.76654 2.10932 1.68313 1.59394 2.85722 3.02248 3.12588 2.82406 4.35157 3.00252 4.25935 2.75121 2.60643 4.23165 3.04672 3.88082 2.61151 2.5774 3.1197
threshold=13.500000000000002 7.5000000000000009 5.5000000000000009 10.500000000000002 2.5000000000000004 1.0000000180025095e-35 1.5000000000000002 1.5000000000000002 10.500000000000002 15.500000000000002 2.5000000000000004 115.00000000000001 145.00000000000003 4.5000000000000009 1.0000000180025095e-35 1.0000000180025095e-35 8.5000000000000018 1.5000000000000002 24.000000000000004 1.5000000000000002 8.5000000000000018 10.500000000000002 8.5000000000000018 1.0000000180025095e-35 135.00000000000003 14.500000000000002 4.5000000000000009 11.500000000000002 45.000000000000007 1.5000000000000002 5.5000000000000009 1.0000000180025095e-35 105.00000000000001 3.5000000000000004 17.500000000000004
decision_type=2 2 2 2 2 2 2 2 2 2 2 2 2 2 2 2 2 2 2 2 2 2 2 2 2 2 2 2 2 2 2 2 2 2 2
left_child=19 2 12 -4 11 16 7 8 -7 -10 -9 13 18 -3 15 -15 17 -6 -2 23 21 22 28 25 -25 33 -27 -23 30 32 31 -21 -30 34 -1
right_child=1 4 3 -5 5 6 -8 10 9 -11 -12 -13 -14 14 -16 -17 -18 -19 -20 20 -22 27 -24 24 -26 26 -28 -29 29 -31 -32 -33 -34 -35 -36
leaf_value=0.0061460086989383496 -0.17352739956902019 0.06531545217564122 0.16699078868131356 -0.15210296741830151 0.17795302590076228 -0.1288806592944616 -0.18017210585667839 -0.084381795899158604 -0.11773319050014536 0.10216498469128478 0.11378605167342992 -0.15769010888267201 0.065308286551173308 -0.073137031114639234 0.14684031319161764 0.091992444929390099 0.14724833906799939 -0.16435574354169319 0.089931629232632843 -0.052844843819821657 -0.0046468806526941764 0.070499577802204297 -0.11854184478460213 -0.11224857583844768 0.11976832425753753 -0.1271360216904244 0.14801725803728288 -0.064378898940084472 0.12706855036825943 -0.19036550520237322 -0.0697310929181119 0.091964696207891911 -0.090248874773080676 0.074150977616863081 -0.029712436936498922
leaf_weight=96.070534089580178 3.6443115938454858 4.8664987720549098 2.1093528848141436 0.90078323334455479 0.44657438993454224 2.6427854774519854 1.1101438049226988 1.1102770473808039 1.3604903472587464 4.14486163854599 8.261882705613969 1.3688212148845185 0.75482609122991551 6.8440169589593989 0.88462346792221058 1.1254558786749838 6.6976059507578611 0.62271179631352425 0.38978630304336537 4.7908754646778196 137.79166558664292 23.937769796699289 2.892662961035966 7.8053411329165083 1.4026786908507345 5.7333474727347484 0.96329876035451878 2.4605091707780948 6.5368690192699415 0.81362178921699513 7.6699402555823317 6.3743846565485001 0.92624143138527859 5.971386741846799 57.405573680996895
leaf_count=792 55 31 6 17 1 46 20 14 24 21 41 36 6 93 2 10 23 15 2 52 1265 116 49 126 4 136 3 32 28 10 87 33 15 43 676
internal_value=0 0.0209671 -0.0425754 0.071219 0.032925 0.0579479 0.0302996 0.0437654 -0.00970193 0.0476526 0.090213 -0.0108536 -0.114128 0.00392017 -0.0298561 -0.0496907 0.124092 -0.0208612 -0.147835 -0.00279698 0.00479821 0.0278705 0.00143451 -0.0112088 -0.0767733 -0.00756863 -0.0873289 0.0578979 0.01429 0.0711643 -0.0107269 0.029828 0.0999715 -0.0042112 -0.00726688
internal_weight=0 49.2858 7.79906 3.01014 41.4867 26.3973 18.6304 17.5203 8.14814 5.50535 9.37216 15.0894 4.78892 13.7206 8.8541 7.96947 7.76689 1.06929 4.0341 369.547 194.195 56.4029 30.0046 175.352 9.20802 166.144 6.69665 26.3983 27.1119 8.27673 18.8352 11.1653 7.46311 159.447 153.476
internal_count=3930 463 86 23 377 205 166 146 91 45 55 172 63 136 105 103 39 16 57 3467 1687 422 274 1780 130 1650 139 148 225 53 172 85 43 1511 1468
is_linear=0
shrinkage=0.121712


Tree=18
num_leaves=36
num_cat=0
split_feature=31 19 20 46 27 6 31 42 6 50 14 7 11 46 43 10 3 1 42 8 46 49 50 19 49 24 13 3 39 38 47 7 49 7 39
split_gain=1.70293 2.86836 2.00441 3.6204 2.89294 2.33375 2.16672 4.44282 6.05083 4.37978 4.43706 3.22673 4.91451 3.25314 4.41152 2.92085 2.83252 3.01682 2.82044 2.7921 2.34091 2.11078 3.96197 3.79826 2.99964 2.37593 4.09785 2.57828 1.99592 1.88049 1.80265 2.55236 2.70355 2.53855 3.8922
threshold=2.5000000000000004 7.5000000000000009 1.0000000180025095e-35 12.500000000000002 6.5000000000000009 16.500000000000004 1.0000000180025095e-35 13.500000000000002 1.5000000000000002 2.5000000000000004 2.5000000000000004 18.500000000000004 2.5000000000000004 65.000000000000014 5.5000000000000009 1.0000000180025095e-35 11.500000000000002 3.5000000000000004 6.5000000000000009 1.0000000180025095e-35 145.00000000000003 5.5000000000000009 10.500000000000002 1.5000000000000002 3.5000000000000004 1.0000000180025095e-35 12.000000000000002 57.500000000000007 1.5000000000000002 7.5000000000000009 4.5000000000000009 58.500000000000007 14.500000000000002 102.50000000000001 2.5000000000000004
decision_type=2 2 2 2 2 2 2 2 2 2 2 2 2 2 2 2 2 2 2 2 2 2 2 2 2 2 2 2 2 2 2 2 2 2 2
left_child=2 28 5 -4 -5 6 20 8 16 18 -11 13 19 29 -15 -14 -8 -18 -10 -13 21 22 23 -1 -24 27 -27 -23 -2 -9 31 32 -3 34 -33
right_child=1 30 3 4 -6 -7 7 11 9 10 -12 12 15 14 -16 -17 17 -19 -20 -21 -22 25 24 -25 -26 26 -28 -29 -30 -31 -32 33 -34 -35 -36
leaf_value=-0.013450521797954487 0.15575474747878468 -0.17402016983447843 -0.14684315795022626 -0.072724359071429004 0.092807917774397647 0.096883162824816169 -0.18394738416177198 -0.062146790009887695 0.12684023703942504 -0.10510767842399311 0.054189625741037972 -0.10137602853818049 0.085450618853442087 0.092406404729562852 -0.12157345955645261 -0.14659940285900969 0.0079737234881157113 -0.13057104178425424 -0.066198841449424034 0.05767945292114611 -0.14003867383326751 0.010309585978431858 0.069319726630350992 -0.094426923084840048 -0.040416855300242839 -0.034763784361069527 0.15354181792616467 0.055682018009215718 0.03911622145312537 0.070503983231468767 -0.0092401284574752073 -0.12115907588261667 0.12672563481822796 0.011506767811183182 0.11056829990573598
leaf_weight=41.865236584097147 2.4462766684591797 1.7431067954748862 4.0712351687252504 3.5380520280450583 2.7822839394211769 3.40189180150628 5.3344408478587857 1.7370183430612147 4.4036448877304819 7.6025664508342725 3.9144401121884584 10.898419016972186 5.5829767901450387 2.2267874032258979 3.9243173440918326 0.92596914432942856 3.9729244746267778 5.601083000190556 1.4926629206165669 1.9133790470659722 1.683049963787197 77.269673066213727 12.362703755497934 10.784091418609021 5.2462622057646504 23.00880458299071 1.8366491477936495 24.410363154485822 18.955360090360045 16.781501196324825 62.197866035159677 1.205311095342039 0.58119776844978321 24.440903532318771 9.1357027329504472
leaf_count=376 9 32 74 58 17 17 72 20 22 113 33 172 37 15 59 22 38 87 18 15 41 672 90 125 61 239 6 170 141 109 662 24 3 225 56
internal_value=0 0.0121383 -0.0050776 -0.0575282 0.000165269 -0.00311526 -0.00435823 -0.0217863 -0.0560376 -0.00728599 -0.0509541 0.00338593 -0.0338465 0.0325532 -0.0440579 0.0521954 -0.112916 -0.0731323 0.0779127 -0.0775779 0.00234333 0.00357081 -0.0133429 -0.0300582 0.0366129 0.0129642 -0.0207663 0.0212091 0.0525399 0.0580201 0.00342417 0.0246515 -0.09848 0.0329168 0.0834297
internal_weight=0 120.706 288.572 10.3916 6.32034 278.181 274.779 76.3121 32.3218 17.4133 11.517 43.9904 19.3207 24.6696 6.1511 6.50895 14.9084 9.57401 5.89631 12.8118 198.467 196.784 70.2583 52.6493 17.609 126.525 24.8455 101.68 21.4016 18.5185 99.3041 37.1062 2.3243 34.7819 10.341
internal_count=3930 1152 2778 149 75 2629 2612 832 383 186 146 449 246 203 74 59 197 125 40 187 1780 1739 652 501 151 1087 245 842 150 129 1002 340 35 305 80
is_linear=0
shrinkage=0.121712


Tree=19
num_leaves=36
num_cat=0
split_feature=31 26 42 13 48 39 50 26 5 0 23 47 39 6 18 50 7 39 10 30 39 30 8 43 35 0 1 7 42 17 42 42 42 46 1
split_gain=1.56921 3.00776 4.10021 2.31529 3.19195 2.64879 3.18216 2.26904 2.19245 2.36228 4.94035 2.87386 3.5248 2.45139 2.8548 2.41793 2.25793 2.16315 2.1189 3.97437 2.48253 2.40756 2.3615 2.86515 2.07182 2.62417 3.39768 3.10889 2.09647 2.02228 2.01232 1.97372 2.60281 1.95252 1.835
threshold=4.5000000000000009 1.5000000000000002 145.00000000000003 12.000000000000002 4.5000000000000009 3.5000000000000004 5.5000000000000009 2.5000000000000004 2.5000000000000004 14.500000000000002 1.0000000180025095e-35 3.5000000000000004 9.5000000000000018 5.5000000000000009 1.5000000000000002 1.5000000000000002 51.500000000000007 6.5000000000000009 1.0000000180025095e-35 1.0000000180025095e-35 11.500000000000002 1.5000000000000002 4.5000000000000009 8.5000000000000018 1.0000000180025095e-35 25.500000000000004 14.500000000000002 1.5000000000000002 155.00000000000003 2.5000000000000004 125.00000000000001 105.00000000000001 5.5000000000000009 8.5000000000000018 17.500000000000004
decision_type=2 2 2 2 2 2 2 2 2 2 2 2 2 2 2 2 2 2 2 2 2 2 2 2 2 2 2 2 2 2 2 2 2 2 2
left_child=1 18 3 5 -5 7 -7 -3 17 10 15 -12 29 -11 -15 -10 -17 33 21 22 -21 24 23 -20 25 26 28 -28 -1 -13 -18 32 -25 -2 -8
right_child=8 2 -4 4 -6 6 34 -9 9 13 11 12 -14 14 -16 16 30 -19 19 20 -22 -23 -24 31 -26 -27 27 -29 -30 -31 -32 -33 -34 -35 -36
leaf_value=-0.001066876385580111 0.073220186034904919 0.050625725486853429 0.11515742669662346 -0.14339586667479592 0.11715299865751418 -0.16861676021963662 -0.10887451658963102 -0.08796833258334473 -0.13701503255160902 -0.16065614891697705 -0.18010959540444366 0.053827381887735601 -0.1582816550551959 0.11990993914930548 0.020568001869669617 -0.17104263191857574 0.030720423474232161 0.11773199025007226 -0.15414157718293711 0.09734302235928205 -0.15361451274303237 -0.12787091187756131 0.12001880895819292 0.079230671107500705 0.04669385762688931 -0.086661967721996011 -0.078381210663935039 0.062230266155308585 -0.16354828597305276 -0.073362226648050755 -0.13967026122353512 0.06053497665109607 -0.12962741220919874 -0.16088495600635019 -0.010302618417984258
leaf_weight=222.17504784185439 1.2265756130218499 4.3122639488428929 2.2925992123782626 0.97234346996992771 2.3662532344460487 5.5762827713042524 5.2167509328573924 2.9260476054623723 1.4608763270080078 0.82073534838855522 2.7441608868539324 4.5537803051993233 2.7422177847474813 6.3036293964833048 13.360843746922908 0.8672200683504333 37.840553138405085 5.4618945680558681 5.4169019404798746 3.7609169771894804 0.67860682308673848 2.0660931039601556 0.85467485152185041 1.1542949918657539 15.561945972964166 4.9516926920041433 2.608316263183954 20.972810162231326 1.1697954004630435 3.1020859442651272 1.042607735376804 2.1523053981363773 3.6530888918787241 0.90640481933951367 6.0293039474636316
leaf_count=2153 9 29 9 16 9 82 65 32 23 16 44 40 43 33 136 14 336 19 103 28 13 32 4 8 105 85 31 143 34 48 23 20 73 12 60
internal_value=0 -0.00389177 -0.0407614 -0.0538602 0.0409728 -0.0670392 -0.0935124 -0.0054393 0.0149579 0.0086263 -0.0046488 -0.0695914 -0.0402258 0.0438362 0.052477 0.0160735 0.0217454 0.0772121 -7.76402e-05 -0.0408915 0.0586211 0.00259977 -0.0743153 -0.0878562 0.00361429 0.000949924 0.00271177 0.0466375 -0.00192783 0.00223814 0.0261036 -0.0360572 -0.0793748 -0.0265711 -0.056111
internal_weight=0 316.868 29.6918 27.3992 3.3386 24.0606 16.8223 7.23831 82.4336 74.8387 54.3535 13.1422 10.3981 20.4852 19.6645 41.2113 39.7504 7.59488 287.176 17.6708 4.43952 269.506 13.2313 12.3766 267.44 251.878 246.926 23.5811 223.345 7.65587 38.8832 6.95969 4.80738 2.13298 11.2461
internal_count=3930 3134 302 293 25 268 207 61 796 756 571 175 131 185 169 396 373 40 2832 249 41 2583 208 204 2551 2446 2361 174 2187 88 359 101 81 21 125
is_linear=0
shrinkage=0.121712


Tree=20
num_leaves=36
num_cat=0
split_feature=5 46 46 21 10 11 3 48 27 26 50 46 1 42 50 7 3 11 25 19 14 38 48 1 19 14 50 27 1 4 23 27 43 47 12
split_gain=1.2937 2.26239 1.65705 2.01532 2.34313 2.80616 2.42633 2.21239 2.69134 2.22771 2.15105 3.06952 2.24608 1.97334 5.71577 5.10006 3.77372 3.70851 2.24725 2.74136 1.92375 2.57316 1.84091 1.77131 2.50047 2.47021 2.23087 1.90037 4.72555 2.78016 2.18709 2.17227 1.71462 1.76582 1.70206
threshold=22.000000000000004 75.000000000000014 4.5000000000000009 1.0000000180025095e-35 1.5000000000000002 3.5000000000000004 39.500000000000007 5.5000000000000009 4.5000000000000009 2.5000000000000004 2.5000000000000004 1.5000000000000002 1.5000000000000002 5.5000000000000009 6.5000000000000009 14.500000000000002 1.5000000000000002 1.0000000180025095e-35 1.0000000180025095e-35 10.500000000000002 7.5000000000000009 11.500000000000002 5.5000000000000009 14.500000000000002 36.500000000000007 5.5000000000000009 13.500000000000002 6.5000000000000009 15.500000000000002 1.0000000180025095e-35 3.5000000000000004 1.5000000000000002 10.500000000000002 2.5000000000000004 4.5000000000000009
decision_type=2 2 2 2 2 2 2 2 2 2 2 2 2 2 2 2 2 2 2 2 2 2 2 2 2 2 2 2 2 2 2 2 2 2 2
left_child=2 -2 3 4 5 6 10 8 -8 -9 12 -12 -1 14 16 -16 -4 -17 32 -20 23 -22 34 24 25 26 -15 28 29 -25 -29 -30 -18 -34 -23
right_child=1 -3 13 -5 -6 -7 7 9 -10 -11 11 -13 -14 20 15 17 18 -19 19 -21 21 22 -24 27 -26 -27 -28 30 31 -31 -32 -33 33 -35 -36
leaf_value=0.036295155950873771 0.053030543184698332 -0.14646551089717147 -0.14830113751268534 -0.1524985632414097 0.12313369294690307 -0.14245309020905791 0.031689082500759601 0.050516493095078385 -0.081757854644432498 -0.15640396635168649 -0.031410209978498145 -0.13575991783063318 -0.10639895257784496 -0.004827783393340176 -0.18102779124624205 0.094075290881691767 0.11611988098082221 -0.13805604137377286 -0.170270355907092 0.15767281942732503 -0.15858890218167726 0.086177048821348343 0.029716049876503323 -0.1636672651300341 -0.10671221766438091 -0.15569610003541615 0.029510994977229327 0.055303565346755929 0.033601132916901227 0.089371513307682643 -0.095068446725852629 -0.10640363496762534 0.098752078150541017 -0.17938174138089752 -0.10534647980081754
leaf_weight=10.032584886997936 11.571088635362681 0.8955253781750806 1.0511287972331107 1.5756960446014989 1.7902186941355456 2.5501350639387956 6.1012133751064557 17.012898569926623 6.2669824324548244 0.79473098181188007 27.568115300498903 4.9133456721901885 1.9386230800300825 178.97673064377159 2.8399639762938014 3.3736217767000198 13.48509017750621 1.4458553101867435 1.0036557763814915 0.58832591772079457 2.4307263800874344 0.81486402079462816 5.3578213304281235 0.70147349871694942 3.3254368398338547 1.4967537987977255 33.216768152080476 23.603394838981334 2.219772117212413 6.5071391128003597 1.5133161321282376 6.2223460776731372 0.73013578355312236 0.60784251056611538 4.0893796980381012
leaf_count=80 88 32 11 31 13 62 59 127 92 16 309 77 27 1779 33 15 60 24 18 1 49 6 47 13 70 21 331 181 23 31 29 98 4 9 64
internal_value=0 0.0385536 -0.00127906 -0.0167538 -0.0140192 -0.0172222 -0.0129174 0.0137126 -0.0258096 0.0411685 -0.0309963 -0.0472462 0.0130872 0.00293757 0.0355563 -0.0520367 0.0739857 0.0242269 0.0883325 -0.0487054 -9.35947e-05 -0.0463282 -0.0195598 0.00218462 -0.00218815 -0.000554626 0.000548473 0.0254584 -0.00782158 0.0644829 0.0461944 -0.0695806 0.103088 -0.0280148 -0.0733558
internal_weight=0 12.4666 376.146 80.5445 78.9688 77.1786 74.6285 30.1758 12.3682 17.8076 44.4527 32.4815 11.9712 295.602 25.1256 7.65944 17.4662 4.81948 16.4151 1.59198 270.476 12.6928 10.2621 257.783 217.016 213.69 212.193 40.7674 15.6507 7.20861 25.1167 8.44212 14.8231 1.33798 4.90424
internal_count=3930 120 3810 893 862 849 787 294 151 143 493 386 107 2917 175 72 103 39 92 19 2742 166 117 2576 2201 2131 2110 375 165 44 210 121 73 13 70
is_linear=0
shrinkage=0.121712


Tree=21
num_leaves=36
num_cat=0
split_feature=16 38 10 38 30 39 18 19 48 27 38 50 17 50 19 7 42 31 1 49 43 49 42 23 39 16 42 38 42 11 12 47 42 31 42
split_gain=1.08265 1.50338 1.30425 2.41648 1.96145 2.72361 1.6644 1.74893 2.45881 1.45092 1.85367 1.36317 2.46726 2.03258 2.6318 2.80304 3.484 2.73552 2.22846 1.94898 1.98164 1.5318 1.37321 2.46663 3.26832 2.45671 2.45414 2.85267 3.14304 2.3443 3.58588 2.14959 2.08 1.60024 1.31795
threshold=6.5000000000000009 105.00000000000001 1.0000000180025095e-35 4.5000000000000009 1.0000000180025095e-35 11.500000000000002 1.5000000000000002 18.500000000000004 3.5000000000000004 15.500000000000002 145.00000000000003 16.500000000000004 1.0000000180025095e-35 13.500000000000002 1.0000000180025095e-35 1.5000000000000002 17.500000000000004 9.5000000000000018 4.5000000000000009 1.5000000000000002 5.5000000000000009 5.5000000000000009 75.000000000000014 1.0000000180025095e-35 2.5000000000000004 1.0000000180025095e-35 9.5000000000000018 10.500000000000002 10.500000000000002 3.5000000000000004 6.5000000000000009 5.5000000000000009 13.500000000000002 3.5000000000000004 105.00000000000001
decision_type=2 2 2 2 2 2 2 2 2 2 2 2 2 2 2 2 2 2 2 2 2 2 2 2 2 2 2 2 2 2 2 2 2 2 2
left_child=2 -2 11 -4 9 6 -6 -8 -9 10 34 13 -13 22 15 16 18 19 -15 -16 -21 -14 26 24 -24 -26 29 32 -29 31 -31 -1 -28 -25 -5
right_child=1 -3 3 4 5 -7 7 8 -10 -11 -12 12 21 14 17 -17 -18 -19 -20 20 -22 -23 23 33 25 -27 27 28 -30 30 -32 -33 -34 -35 -36
leaf_value=-0.003943258372512172 0.034985676256667007 -0.14942193852636268 -0.14289743729499635 -0.085462022389801759 0.1356090273201358 -0.13157297868575796 -0.10803702801634589 -0.12166883876392694 0.085563354807876663 0.062539956595357396 0.058566449521219539 -0.14759015100370204 0.12690206777513949 -0.021656124404958465 -0.11658523518495398 -0.13629942661124095 -0.18871295047400027 -0.14093009030769232 0.15439639150020559 -0.065401212177799636 0.071756076954287373 -0.094564665120872748 -0.12811776314144968 0.08840359266959541 0.030932985411180964 -0.041674321319999298 -0.06805236827168068 -0.081342098774441943 0.0024112995592971264 -0.14447360738329521 0.090737569114411484 0.030014170638270988 -0.01155243849348613 -0.044203175283464437 0.014043354488121586
leaf_weight=63.924919497221708 18.239290118217472 0.66651130933314462 2.3818028988316682 11.386013627983635 2.4221039433032256 1.412656289525329 1.2991047389805315 1.0248506926000116 4.6424073800444603 1.7969113886356343 1.937374623492359 2.4392663990147403 1.126519192010164 2.1248663514852515 0.92308074515313521 2.5691264737397432 0.96252771653234948 1.0782830305397499 2.1149040162563324 1.6636203508824134 22.921629957854748 0.76654806733131398 2.6284562051296225 9.0596757177263481 26.673091631382704 9.2990689482539874 22.946203034371138 7.2444671280682078 77.698395970277488 3.3362296652048817 1.335230955854058 48.594987960532308 16.675239410251379 1.5739002590998996 2.3777198279276481
leaf_count=601 170 19 62 209 14 30 23 18 31 14 14 57 6 21 16 52 18 18 5 27 169 15 60 57 270 130 300 98 730 58 10 375 178 26 29
internal_value=0 0.0283806 -0.00148991 -0.0254871 -0.0155403 0.0252184 0.0489716 0.0186364 0.047875 -0.040707 -0.0525727 0.000743863 -0.0669763 0.00164863 0.0296398 -0.0326164 0.0187724 0.0478495 0.0663348 0.0559015 0.0624405 0.0371252 -0.0016571 0.0168672 0.00255748 0.0121517 -0.00543085 -0.0173248 -0.00474146 0.00721084 -0.0771521 0.0107229 -0.0442883 0.0687345 -0.0682659
internal_weight=0 18.9058 360.361 30.6809 28.2991 10.8011 9.38847 6.96636 5.66726 17.498 15.7011 329.68 4.33233 325.348 34.358 7.77142 5.2023 26.5866 4.23977 25.5083 24.5853 1.89307 290.99 49.2342 38.6006 35.9722 241.756 124.564 84.9429 117.191 4.67146 112.52 39.6214 10.6336 13.7637
internal_count=3930 189 3741 444 382 116 86 72 49 266 252 3297 78 3219 326 96 44 230 26 212 196 21 2893 543 460 400 2350 1306 828 1044 68 976 478 83 238
is_linear=0
shrinkage=0.121712


Tree=22
num_leaves=36
num_cat=0
split_feature=42 46 46 3 47 23 50 47 49 49 39 31 8 2 42 42 2 25 48 49 13 6 48 39 47 0 0 7 8 46 50 47 13 6 1
split_gain=1.00921 0.789442 3.21341 2.8578 2.41965 2.15219 2.15437 1.44215 1.71156 1.85513 1.42835 1.63139 1.37484 1.95885 1.3682 1.40403 1.25864 3.83151 2.00741 1.93152 1.85719 3.82454 2.22301 2.07297 1.83996 1.39885 1.27718 1.23735 1.06337 0.757218 0.598252 0.17526 0.259113 0.170509 0.127504
threshold=165.00000000000003 125.00000000000001 115.00000000000001 3.5000000000000004 15.500000000000002 1.5000000000000002 3.5000000000000004 15.500000000000002 1.5000000000000002 2.5000000000000004 3.5000000000000004 1.0000000180025095e-35 1.0000000180025095e-35 1.5000000000000002 11.500000000000002 12.500000000000002 14.500000000000002 1.5000000000000002 4.5000000000000009 15.500000000000002 1.0000000180025095e-35 4.5000000000000009 7.5000000000000009 14.500000000000002 14.500000000000002 18.500000000000004 5.5000000000000009 15.500000000000002 4.5000000000000009 105.00000000000001 3.5000000000000004 13.500000000000002 1.0000000180025095e-35 1.0000000180025095e-35 1.0000000180025095e-35
decision_type=2 2 2 2 2 2 2 2 2 2 2 2 2 2 2 2 2 2 2 2 2 2 2 2 2 2 2 2 2 2 2 2 2 2 2
left_child=1 2 7 -3 5 6 -5 16 -9 34 33 -12 31 -14 -11 -16 17 19 26 24 21 30 23 -22 -1 -24 -19 -21 -23 -20 -18 -4 -33 -8 -10
right_child=-2 3 12 4 -6 -7 10 8 9 14 11 -13 13 -15 15 -17 20 18 29 27 22 28 25 -25 -26 -27 -28 -29 -30 -31 -32 32 -34 -35 -36
leaf_value=0.00088616522979105561 -0.14628433146497377 -0.15412124445827965 -0.1737900858255858 -0.16431649118315086 -0.13864406301708912 -0.15392399814100163 0.18500583544279312 -0.17852318010501494 0.11836908238982924 -0.14534919481448752 -0.03714290799387162 0.080169839588774855 0.18139753585188564 -0.16124956916175762 0.15616933593499882 0.020674398925340377 0.032749877927641759 -0.13095166026376653 -0.15256662235869878 -0.13803786112435648 0.001258613906794596 -0.15235756344064766 0.11273720245219454 -0.1163409203075471 -0.078132542650221126 0.021186742784719371 0.0088545309709865544 -0.027662390088111031 0.074368322155046809 0.040776249609867511 0.13547263586865127 -0.00054741733729478186 -0.14786457692426452 0.12158610922833765 0.18207352171814339
leaf_weight=250.2255389764905 0.68445689231157203 1.1893686214461947 2.0249403193593025 0.56889155320822915 1.0236510559916485 0.68810930103063661 1.2991127669811242 0.50060850661247869 1.0966256391257041 0.62704755552112956 2.2647874359972757 7.6871994063258171 0.49225023388862599 0.47106706351041794 1.2892958447337139 8.796325294300912 1.0356758683919896 1.2929086666554193 4.2313810549676418 2.343036610633134 45.918898575939238 1.1926142722368238 4.1120553407818061 2.3203471386805168 4.4299176102504125 6.2015149081125855 3.7309225033968687 4.1985661331564188 0.40123219043016423 0.31663699448108662 4.7518911361694336 0.25479859951883543 0.5793349239975214 1.5369573589414356 1.0636193286627529
leaf_count=2437 22 32 43 13 29 13 2 9 5 19 38 67 2 11 5 100 7 18 70 58 536 22 19 40 72 70 43 75 3 2 17 8 8 10 5
internal_value=0 0.000275569 -0.000929252 0.0264894 0.0408727 0.0540804 0.0649435 0.00028428 0.0394625 0.0481193 0.0753072 0.0534466 -0.111733 0.0137943 0.0272687 0.0381849 -0.00127291 -0.00494546 -0.0805252 -0.00217144 0.0138051 0.0712838 0.00654281 -0.0044249 -0.000491801 0.0577955 -0.0273427 -0.0674088 -0.0950644 -0.139001 0.117226 -0.153944 -0.103706 0.151386 0.150685
internal_weight=0 370.157 353.899 16.2581 15.0687 14.0451 13.3569 350.077 13.3735 12.8729 12.7881 9.95199 3.82239 0.963317 10.7127 10.0856 336.703 270.769 9.57185 261.197 65.9342 7.38141 58.5528 48.2392 254.655 10.3136 5.02383 6.5416 1.59385 4.54802 5.78757 2.85907 0.834134 2.83607 2.16024
internal_count=3930 3908 3704 204 172 143 130 3632 143 134 117 105 72 13 124 105 3489 2775 133 2642 714 49 665 576 2509 89 61 133 25 72 24 59 16 12 10
is_linear=0
shrinkage=0.121712


Tree=23
num_leaves=36
num_cat=0
split_feature=19 19 5 43 47 46 39 42 43 49 47 13 15 3 3 46 49 38 28 43 6 49 42 27 46 5 6 46 4 16 23 0 27 19 27
split_gain=0.833857 3.78964 1.65274 3.22996 1.86995 2.90905 6.11817 3.05884 2.81905 2.66363 1.73937 3.51739 3.25606 4.64885 3.13627 2.8601 4.10344 3.17879 2.7655 2.76155 2.25008 2.15997 2.14473 2.09541 1.65675 1.53333 2.59441 3.08228 2.59333 2.39339 1.8775 2.06279 1.6912 2.84907 1.95328
threshold=16.500000000000004 14.500000000000002 6.5000000000000009 13.500000000000002 10.500000000000002 12.500000000000002 15.500000000000002 9.5000000000000018 7.5000000000000009 9.5000000000000018 5.5000000000000009 2.5000000000000004 1.0000000180025095e-35 4.5000000000000009 7.5000000000000009 10.500000000000002 6.5000000000000009 4.5000000000000009 1.0000000180025095e-35 9.5000000000000018 1.5000000000000002 1.5000000000000002 3.5000000000000004 16.500000000000004 9.5000000000000018 10.500000000000002 13.500000000000002 4.5000000000000009 12.500000000000002 1.5000000000000002 1.0000000180025095e-35 14.500000000000002 3.5000000000000004 17.500000000000004 1.5000000000000002
decision_type=2 2 2 2 2 2 2 2 2 2 2 2 2 2 2 2 2 2 2 2 2 2 2 2 2 2 2 2 2 2 2 2 2 2 2
left_child=1 2 4 -4 10 6 7 8 -6 -8 11 12 13 -1 -14 18 17 -17 22 -18 21 -13 -12 -22 -20 26 27 28 -2 -27 32 -32 33 -29 -35
right_child=25 -3 3 -5 5 -7 9 -9 -10 -11 15 20 14 -15 -16 16 19 -19 24 -21 23 -23 -24 -25 -26 29 -28 30 -30 -31 31 -33 -34 34 -36
leaf_value=-0.053063421859768922 -0.14050427156875461 -0.12583216641800377 -0.089207102779651451 0.047004729800227761 -0.16585204752851573 0.0010707421648252042 -0.12698480259930167 -0.14242504565231329 0.0058847424513995914 0.12515506109907878 -0.059587210626137928 0.049213238950219999 0.070708476424284683 0.062861904742539498 0.0062888583097352622 -0.15109696023835725 -0.075170027483697721 0.041447174321048566 -0.15983802295950855 0.0054041543576180988 -0.038252074813659193 -0.10776647131697463 0.051894669690874681 0.10840692677967749 0.10366406006191496 -0.14520894717120961 -0.10243859211350076 -0.14067704507671358 0.17722630077966184 0.0030455129653364959 -0.032549364706582339 0.082001555139386562 0.14339226698371446 0.092641603972461739 -0.1133873158541379
leaf_weight=23.844778472557667 2.1079469844698973 3.6611276287585488 8.0887985564768297 3.7720570359379044 1.8523724246770168 37.011774278245866 0.75450796540826459 8.1643203264102322 5.8694254085421562 3.2584139108657837 2.7071643099188796 1.4883305653929735 14.159743312746285 6.5138992872089139 53.339078551158309 1.3262877054512525 13.383283223025503 24.70025950204581 1.5515736304223526 11.889468658715485 5.7386922705918542 9.7714074552059156 42.817208334803581 1.9136901656165717 0.4462858773767947 1.6582952244207252 1.9339704141020764 0.98096649907529609 0.45190323889255513 46.411621000152081 5.6861863415688259 3.9247609563171864 4.7279123552143565 8.5184134822338784 0.72954211384058076
leaf_count=235 49 79 144 33 30 485 15 159 60 15 23 15 97 56 537 18 166 211 26 124 79 157 312 10 2 31 32 18 4 541 69 25 12 48 13
internal_value=0 -0.00300991 -0.00142252 -0.0458735 0.000513852 -0.0191068 -0.0566195 -0.0905324 -0.0355039 0.0774619 0.00569465 -0.00436153 0.0049258 -0.0281697 0.0198154 0.0175776 -0.00235017 0.0315606 0.0390866 -0.0372757 -0.0523946 -0.0869729 0.0452475 -0.00143895 -0.100627 0.0112382 0.0333022 0.0430281 -0.0837585 -0.00210375 0.0562807 0.0142629 0.0832366 0.0552744 0.07624
internal_weight=0 288.024 284.363 11.8609 272.502 56.9108 19.899 15.8861 7.7218 4.01292 215.591 116.77 97.8575 30.3587 67.4988 98.8215 51.2993 26.0265 47.5222 25.2728 18.9121 11.2597 45.5244 7.65238 1.99786 77.1315 29.0616 27.1276 2.55985 48.0699 24.5678 9.61095 14.9568 10.2289 9.24796
internal_count=3930 3088 3009 177 2832 764 279 249 90 30 2068 1186 925 291 634 882 519 229 363 290 261 172 335 89 28 842 270 238 53 572 185 94 91 79 61
is_linear=0
shrinkage=0.121712


end of trees

feature_importances:
ninki_3=56
self_popularity=51
ninki_2=49
result_1=44
umaban=43
ninki_1=39
f_courseout=37
mf_courseout=37
result_2=36
mf_classout=30
result_3=30
f_classout=28
waku=28
f_lenout=27
f_course1=25
f_course2=22
mf_course3=22
f_len2=19
mf_classout.1=19
f_len3=17
f_len1=15
mf_course2=14
f_course3=13
mf_len1=13
f_mf_courseout=11
f_class3=11
mf_course1=10
f_mf_classout=10
f_class2=10
f_mf_course3=9
mf_len2=9
f_mf_classout.1=8
f_mf_course2=7
mf_len3=7
f_mf_course1=6
mf_class2=6
f_mf_len1=4
f_class1=4
mf_class1=4
mf_class3=4
f_mf_len2=2
f_mf_class3=2
f_mf_len3=1
f_mf_class1=1

parameters:
[boosting: gbdt]
[objective: lambdarank]
[metric: ndcg]
[tree_learner: serial]
[device_type: cpu]
[data_sample_strategy: bagging]
[data: ]
[valid: ]
[num_iterations: 90]
[learning_rate: 0.121712]
[num_leaves: 36]
[num_threads: 16]
[seed: 0]
[deterministic: 0]
[force_col_wise: 1]
[force_row_wise: 0]
[histogram_pool_size: -1]
[max_depth: 8]
[min_data_in_leaf: 5]
[min_sum_hessian_in_leaf: 0.001]
[bagging_fraction: 1]
[pos_bagging_fraction: 1]
[neg_bagging_fraction: 1]
[bagging_freq: 0]
[bagging_seed: 7719]
[feature_fraction: 1]
[feature_fraction_bynode: 1]
[feature_fraction_seed: 2437]
[extra_trees: 0]
[extra_seed: 11797]
[early_stopping_round: 0]
[first_metric_only: 0]
[max_delta_step: 0]
[lambda_l1: 0.00104441]
[lambda_l2: 0.0128654]
[linear_lambda: 0]
[min_gain_to_split: 0]
[drop_rate: 0.1]
[max_drop: 50]
[skip_drop: 0.5]
[xgboost_dart_mode: 0]
[uniform_drop: 0]
[drop_seed: 21238]
[top_rate: 0.2]
[other_rate: 0.1]
[min_data_per_group: 100]
[max_cat_threshold: 32]
[cat_l2: 10]
[cat_smooth: 10]
[max_cat_to_onehot: 4]
[top_k: 20]
[monotone_constraints: ]
[monotone_constraints_method: basic]
[monotone_penalty: 0]
[feature_contri: ]
[forcedsplits_filename: ]
[refit_decay_rate: 0.9]
[cegb_tradeoff: 1]
[cegb_penalty_split: 0]
[cegb_penalty_feature_lazy: ]
[cegb_penalty_feature_coupled: ]
[path_smooth: 0]
[interaction_constraints: ]
[verbosity: -1]
[saved_feature_importance_type: 0]
[use_quantized_grad: 0]
[num_grad_quant_bins: 4]
[quant_train_renew_leaf: 0]
[stochastic_rounding: 1]
[linear_tree: 0]
[max_bin: 255]
[max_bin_by_feature: ]
[min_data_in_bin: 3]
[bin_construct_sample_cnt: 200000]
[data_random_seed: 38]
[is_enable_sparse: 1]
[enable_bundle: 1]
[use_missing: 1]
[zero_as_missing: 0]
[feature_pre_filter: 1]
[pre_partition: 0]
[two_round: 0]
[header: 0]
[label_column: ]
[weight_column: ]
[group_column: ]
[ignore_column: ]
[categorical_feature: ]
[forcedbins_filename: ]
[precise_float_parser: 0]
[parser_config_file: ]
[objective_seed: 8855]
[num_class: 1]
[is_unbalance: 0]
[scale_pos_weight: 1]
[sigmoid: 1]
[boost_from_average: 1]
[reg_sqrt: 0]
[alpha: 0.9]
[fair_c: 1]
[poisson_max_delta_step: 0.7]
[tweedie_variance_power: 1.5]
[lambdarank_truncation_level: 30]
[lambdarank_norm: 1]
[label_gain: ]
[lambdarank_position_bias_regularization: 0]
[eval_at: 1,3,5]
[multi_error_top_k: 1]
[auc_mu_weights: ]
[num_machines: 1]
[local_listen_port: 12400]
[time_out: 120]
[machine_list_filename: ]
[machines: ]
[gpu_platform_id: -1]
[gpu_device_id: -1]
[gpu_use_dp: 0]
[num_gpu: 1]

end of parameters

pandas_categorical:[]
