tree
version=v4
num_class=1
num_tree_per_iteration=1
label_index=0
max_feature_idx=49
objective=lambdarank
feature_names=f_course1 f_course2 f_course3 f_courseout mf_course1 mf_course2 mf_course3 mf_courseout f_mf_course1 f_mf_course2 f_mf_course3 f_mf_courseout f_len1 f_len2 f_len3 f_lenout mf_len1 mf_len2 mf_len3 mf_classout f_mf_len1 f_mf_len2 f_mf_len3 f_mf_classout f_class1 f_class2 f_class3 f_classout mf_class1 mf_class2 mf_class3 mf_classout.1 f_mf_class1 f_mf_class2 f_mf_class3 f_mf_classout.1 time_df_course1 time_df_class1 ninki_1 result_1 time_df_course2 time_df_class2 ninki_2 result_2 time_df_course3 time_df_class3 ninki_3 result_3 waku umaban
feature_infos=[0:52] [0:46] [0:42] [0:354] [0:47] [0:34] [0:44] [0:388] [0:7] [0:6] [0:5] [0:35] [0:8] [0:7] [0:6] [0:43] [0:4] [0:6] [0:3] [0:45] [0:2] [0:1] [0:2] [0:4] [0:4] [0:3] [0:3] [0:17] [0:3] [0:3] [0:3] [0:20] none none none [0:3] [-1:0] [-1:0] [-1:180] [-1:150] [-1:0] [-1:0] [-1:180] [-1:180] [-1:0] [-1:0] [-1:180] [-1:150] [1:8] [1:18]
tree_sizes=2928 1905 2931 2398 1382 2951 2423 2702 2320 1499 1390 1912

Tree=0
num_leaves=27
num_cat=0
split_feature=43 39 38 11 38 39 39 47 38 46 11 42 2 49 46 31 15 0 46 42 15 42 47 19 43 2
split_gain=25.0221 24.4242 17.839 15.2135 11.1019 7.60453 7.30582 6.12451 6.80541 4.92659 4.91162 4.72593 3.47896 3.45084 3.03411 2.81982 2.31293 2.19858 1.93614 3.19135 1.46166 0.895016 0.473587 0.252627 0.234434 0.203209
threshold=8.5000000000000018 4.5000000000000009 7.5000000000000009 1.0000000180025095e-35 35.000000000000007 15.500000000000002 1.0000000180025095e-35 14.500000000000002 55.000000000000007 12.500000000000002 3.5000000000000004 95.000000000000014 9.5000000000000018 13.500000000000002 35.000000000000007 1.5000000000000002 5.5000000000000009 1.5000000000000002 13.500000000000002 5.5000000000000009 1.5000000000000002 8.5000000000000018 8.5000000000000018 7.5000000000000009 3.5000000000000004 1.0000000180025095e-35
decision_type=2 2 2 2 2 2 2 2 2 2 2 2 2 2 2 2 2 2 2 2 2 2 2 2 2 2
left_child=1 6 12 4 18 7 13 8 10 -9 -4 24 22 25 17 -7 -10 -8 19 -3 -16 -5 -2 -19 -6 -1
right_child=2 3 5 21 11 15 14 9 16 -11 -12 -13 -14 -15 20 -17 -18 23 -20 -21 -22 -23 -24 -25 -26 -27
leaf_value=-0.046254370613935454 -0.23071266855191866 0.16647647329061357 -0.030402787408102774 -0.15181865173809664 -0.17281625274475523 -0.30323920090785905 0.16202500424980734 0.263407767933584 -0.26926178478981866 0.0097043710620914048 0.19198772262233466 0.065384515838941282 -0.043635577000685544 0.15598257696079673 0.17466269577336754 -0.033333352556060014 -0.067059381088562853 0.24452761880414167 0.20328287372469905 -0.061380911468847166 0.019786168473320129 -0.3254299346789814 -0.34219225651672608 0.32390959843932354 -0.28194906607935349 -0.1315056285797285
leaf_weight=2.2449691332876673 4.0657865516841394 4.4620352908968979 21.458270784467462 1.9549867510795582 3.0241817757487279 4.2536743618547908 8.4464834816753882 4.4004417061805707 4.798930708318947 6.3121327571570873 3.889608569443225 2.5283953063189983 2.1105086877942076 3.0283223502337933 5.1244873404502851 2.0082389302551746 3.517179686576128 7.5614313147962076 6.0103512853384009 3.7482231147587299 3.6264397613704205 5.1825272254645824 7.6602398380637169 7.6331459283828735 2.8213880844414234 2.3217200376093388
leaf_count=25 64 29 226 29 44 69 58 16 74 55 22 21 23 20 34 21 41 38 32 47 39 90 124 21 44 34
internal_value=0 0.0769922 -0.0832374 -0.0502174 0.0248154 -0.0317702 0.171448 -0.00434404 -0.0433462 0.116712 0.00470591 -0.142819 -0.268664 0.00698965 0.209686 -0.220334 -0.187188 0.244495 0.124241 0.0630399 0.112412 -0.282997 -0.307714 0.287806 -0.232578 -0.0933872
internal_weight=0 69.7191 64.475 29.7321 22.5946 50.6385 39.987 44.3766 33.664 10.7126 25.3479 8.37397 13.8365 7.59501 32.392 6.26191 8.31611 23.6411 14.2206 8.21026 8.75093 7.13751 11.726 15.1946 5.84557 4.56669
internal_count=1340 605 735 336 217 524 269 434 363 71 248 109 211 79 190 90 115 117 108 76 73 119 188 59 88 59
is_linear=0
shrinkage=0.185632


Tree=1
num_leaves=17
num_cat=0
split_feature=49 43 0 13 38 47 46 43 1 39 43 19 27 47 3 15
split_gain=12.913 10.8133 13.1453 11.3777 14.3717 18.2478 13.7484 11.7268 10.2824 8.77366 6.74259 6.31264 3.67998 1.37986 1.20397 1.1785
threshold=2.5000000000000004 1.5000000000000002 1.5000000000000002 6.5000000000000009 11.500000000000002 4.5000000000000009 105.00000000000001 6.5000000000000009 1.0000000180025095e-35 3.5000000000000004 11.500000000000002 1.0000000180025095e-35 1.0000000180025095e-35 5.5000000000000009 50.500000000000007 5.5000000000000009
decision_type=2 2 2 2 2 2 2 2 2 2 2 2 2 2 2 2
left_child=10 2 11 4 5 9 7 -6 -7 -3 12 -2 13 -1 -12 -8
right_child=1 3 -4 -5 6 8 15 -9 -10 -11 14 -13 -14 -15 -16 -17
leaf_value=-0.055404565876401801 0.08125713932483232 0.18611528311945216 0.21953811541939527 0.21363572897655311 -0.044710257297951805 -0.059631073407717144 -0.23925568741533507 0.099803685065645298 -0.24720663783995378 -0.079768554256361049 -0.33561913652837438 -0.13834914957645841 -0.18965032158145295 0.087353285958616897 -0.1785668838909448 -0.091077482602541643
leaf_weight=4.4298296291381138 11.623859710060062 9.6331919934600609 17.766335759311914 7.5745026860386124 29.217460895888507 19.561023507267237 5.7341176215559226 56.531525708734989 21.003573382273316 7.4306256342679253 4.2499662116169912 7.1262811738997689 4.2356774248182765 4.5471267495304346 4.2575486321002245 3.2561414930969477
leaf_count=31 41 26 55 22 157 144 79 298 215 59 44 48 40 30 21 30
internal_value=0 0.0150577 0.105949 -0.00577102 -0.0169275 -0.0898934 0.0275137 0.0505427 -0.157461 0.0705515 -0.135228 -0.00258094 -0.0507279 0.0169169 -0.2625 -0.18863
internal_weight=0 196.459 36.5165 159.942 152.368 57.6284 94.7392 85.749 40.5646 17.0638 21.7201 18.7501 13.2126 8.97696 8.50751 8.99026
internal_count=1340 1174 144 1030 1008 444 564 455 359 85 166 89 101 61 65 109
is_linear=0
shrinkage=0.185632


Tree=2
num_leaves=27
num_cat=0
split_feature=39 31 47 17 46 46 47 38 4 43 42 47 42 38 38 47 49 49 42 7 43 3 42 14 47 43
split_gain=12.6572 8.92571 7.57367 12.7285 7.32864 7.21626 13.0803 7.07491 7.50178 8.76949 5.99313 7.86359 4.68165 4.39844 6.80662 4.30054 5.54513 3.90241 3.745 4.36925 3.18588 3.09535 2.49549 1.67697 0.677622 0.392559
threshold=6.5000000000000009 6.5000000000000009 3.5000000000000004 1.0000000180025095e-35 25.000000000000004 15.500000000000002 10.500000000000002 85.000000000000014 1.0000000180025095e-35 4.5000000000000009 10.500000000000002 9.5000000000000018 13.500000000000002 35.000000000000007 3.5000000000000004 15.500000000000002 5.5000000000000009 7.5000000000000009 10.500000000000002 122.50000000000001 1.5000000000000002 15.500000000000002 135.00000000000003 1.0000000180025095e-35 11.500000000000002 13.500000000000002
decision_type=2 2 2 2 2 2 2 2 2 2 2 2 2 2 2 2 2 2 2 2 2 2 2 2 2 2
left_child=2 5 4 7 13 6 12 8 9 -4 -7 21 17 14 23 16 -8 -2 -5 -20 -16 -12 -13 -1 -10 -14
right_child=1 -3 3 18 -6 10 15 -9 24 -11 11 22 25 -15 20 -17 -18 -19 19 -21 -22 -23 -24 -25 -26 -27
leaf_value=-0.085960431513164653 -0.15245831863343859 -0.28031415252567071 0.12537342566004617 0.2211880725057718 0.20548923794173482 0.096102350735452688 0.14947809399535866 0.15899074049685127 -0.19705332177217735 -0.15646535274890325 -0.14051012699648269 -0.3139415341983019 -0.16770077236116201 -0.0753965753857615 0.22501820260178473 0.20516737378916522 -0.031859288408165071 0.00030604244583116427 -0.10187686147165577 0.14691070114565996 0.07309106167499245 0.060973841932380014 -0.11257344912408326 0.049516954915431247 -0.32172375917711055 -0.30348104105930906
leaf_weight=6.9302516579628008 8.6891095405444556 5.2712546698749057 6.6438720934093061 6.9799418225884464 14.407809434458612 3.712069351226094 9.817209837958222 3.4837340004742137 7.756744619458912 8.431390821002422 4.8336734781041759 8.2099264543503505 2.4384799543768159 7.5133055653423062 9.5485894903540629 7.4693766636773935 13.731551771983503 16.370423110201955 4.034293123520909 5.5965250227600336 9.9316597096621972 5.3554726988077164 3.2643722873181096 5.4762216787785292 2.8556297142058611 2.6550659779459238
leaf_count=54 86 59 27 24 52 17 48 17 76 100 58 96 33 34 19 26 101 116 43 34 43 48 45 21 33 30
internal_value=0 -0.0496658 0.0457967 -0.00965683 0.0929045 -0.0350511 -0.000400538 -0.0834178 -0.117245 -0.0320751 -0.117906 -0.15517 -0.087248 0.0509434 0.0810406 0.0839592 0.0441762 -0.0532527 0.119248 0.0424775 0.149031 -0.0351225 -0.259424 -0.0261017 -0.235512 -0.246692
internal_weight=0 91.818 99.59 45.7821 53.8078 86.5467 61.1712 29.1714 25.6876 15.0753 25.3755 21.6634 30.1531 39.4 31.8867 31.0181 23.5488 25.0595 16.6108 9.63082 19.4802 10.1891 11.4743 12.4065 10.6124 5.09355
internal_count=1340 763 577 354 223 704 440 253 236 127 264 247 265 171 137 175 149 202 101 77 62 106 141 75 109 63
is_linear=0
shrinkage=0.185632


Tree=3
num_leaves=22
num_cat=0
split_feature=42 38 39 3 3 46 48 49 43 24 6 7 5 1 7 6 39 31 7 38 47
split_gain=6.62533 5.9615 7.12149 4.82515 7.14039 4.39447 3.84688 3.72905 6.55592 5.17676 3.46218 2.84748 3.3349 2.68054 2.25281 1.58964 2.07542 1.47547 3.21324 0.958112 0.306336
threshold=4.5000000000000009 7.5000000000000009 4.5000000000000009 39.500000000000007 59.500000000000007 8.5000000000000018 3.5000000000000004 13.500000000000002 12.500000000000002 1.0000000180025095e-35 7.5000000000000009 1.5000000000000002 1.0000000180025095e-35 8.5000000000000018 3.5000000000000004 1.5000000000000002 1.5000000000000002 1.5000000000000002 2.5000000000000004 15.500000000000002 6.5000000000000009
decision_type=2 2 2 2 2 2 2 2 2 2 2 2 2 2 2 2 2 2 2 2 2
left_child=11 5 3 6 -5 17 -3 9 19 10 -4 -1 -13 15 -8 -14 -17 18 -2 -9 -7
right_child=1 2 7 4 -6 20 14 8 -10 -11 -12 12 13 -15 -16 16 -18 -19 -20 -21 -22
leaf_value=-0.031282419516180777 0.046752624991401225 -0.12068849050366336 0.011795917806399559 0.27953826777202578 0.041584720935104631 -0.1318527854368543 -0.039850731758095545 -0.30747792145838143 0.012972433822657283 -0.19931170739123316 -0.1296427765248189 0.18471261273678696 0.089558177607992048 0.16171644369166202 0.10030412781955331 0.043588611057160852 -0.1468635267198459 0.084560496931887913 -0.23632498658486198 -0.15799649915140671 -0.25188417909430039
leaf_weight=6.9616364836692801 2.9001443274319154 6.3610969521105316 55.517789277248085 6.6098972111940411 12.388435166329144 1.7159433336928485 6.2110718972981003 3.7930790074169618 6.5534588135778904 4.8479693103581658 6.5029847398400298 10.050399523228409 4.2191725857555884 4.906139511615037 10.246097413823007 3.870914414525032 3.6899824999272823 2.5158074498176575 2.3660846371203661 3.7299054879695177 5.6698765745386481
leaf_count=39 29 45 443 14 56 28 32 35 50 55 78 37 26 16 47 27 35 26 40 53 129
internal_value=0 -0.0180445 -0.00438189 0.0576556 0.126302 -0.127146 0 -0.0365173 -0.12278 -0.0180473 -0.00331643 0.0735693 0.100991 0.0490188 0.047393 0.000189397 -0.0502501 -0.028168 -0.0834763 -0.238973 -0.228032
internal_weight=0 137.93 122.762 41.8166 18.9983 15.1679 22.8183 80.9452 14.0764 66.8687 62.0208 33.6982 26.7366 16.6862 16.4572 11.7801 7.5609 7.78204 5.26623 7.52298 7.38582
internal_count=1340 1160 908 194 70 252 124 714 138 576 521 180 141 104 79 88 62 95 69 88 157
is_linear=0
shrinkage=0.185632


Tree=4
num_leaves=12
num_cat=0
split_feature=19 0 0 49 49 6 49 42 39 7 15
split_gain=5.28517 5.58397 5.04625 4.02083 7.80763 6.42163 7.24825 4.15984 3.92929 3.86866 1.32148
threshold=37.000000000000007 26.500000000000004 16.500000000000004 7.5000000000000009 5.5000000000000009 1.5000000000000002 13.500000000000002 8.5000000000000018 3.5000000000000004 1.5000000000000002 19.000000000000004
decision_type=2 2 2 2 2 2 2 2 2 2 2
left_child=1 2 3 4 7 9 -7 -1 -6 -5 -4
right_child=-2 -3 10 5 8 6 -8 -9 -10 -11 -12
leaf_value=0.074479726491786899 0.21173525163669871 -0.21277273681235095 0.052716779135683713 -0.021495061742350229 -0.030806786699417041 -0.001540353162854265 -0.21549239787299124 -0.049526184273780721 -0.24652194711638437 0.080003273424698915 0.1814220733078562
leaf_weight=13.641122698783873 3.7890018187463275 4.1716313343495122 5.7284792941063625 18.430160816758871 4.5142596773803225 20.840589350089434 7.2296357937157145 28.461461666971445 8.4656149987131339 42.509261108003557 5.6470848731696606
leaf_count=88 13 38 37 150 37 177 99 300 117 263 21
internal_value=0 -0.0052519 0.000533166 -0.00890359 -0.0482532 0.0154658 -0.0577288 -0.00914645 -0.1731 0.0492915 0.11861
internal_weight=0 159.639 155.468 144.092 55.0825 89.0096 28.0702 42.1026 12.9799 60.9394 11.3756
internal_count=1340 1327 1289 1231 542 689 276 388 154 413 58
is_linear=0
shrinkage=0.185632


Tree=5
num_leaves=27
num_cat=0
split_feature=43 15 12 7 0 31 11 31 27 38 46 31 24 38 6 43 16 6 15 38 7 6 47 46 39 46
split_gain=5.02666 9.85126 7.03347 4.39082 3.5084 4.53077 3.37514 7.37082 6.39388 4.51981 5.94164 3.02489 2.83265 2.79709 3.04667 3.86261 2.30628 1.99445 4.23238 2.06199 1.72591 1.26688 0.924937 0.685812 0.555019 0.247152
threshold=11.500000000000002 1.0000000180025095e-35 1.0000000180025095e-35 102.50000000000001 1.0000000180025095e-35 1.0000000180025095e-35 1.0000000180025095e-35 3.5000000000000004 3.5000000000000004 14.500000000000002 12.500000000000002 2.5000000000000004 1.0000000180025095e-35 95.000000000000014 2.5000000000000004 6.5000000000000009 1.0000000180025095e-35 1.0000000180025095e-35 2.5000000000000004 6.5000000000000009 35.500000000000007 5.5000000000000009 12.500000000000002 12.500000000000002 9.5000000000000018 7.5000000000000009
decision_type=2 2 2 2 2 2 2 2 2 2 2 2 2 2 2 2 2 2 2 2 2 2 2 2 2 2
left_child=6 23 4 12 20 22 13 9 -9 25 -11 -7 -4 14 17 16 -16 19 -19 -1 -3 -12 -6 24 -2 -8
right_child=1 2 3 -5 5 11 7 8 -10 10 21 -13 -14 -15 15 -17 -18 18 -20 -21 -22 -23 -24 -25 -26 -27
leaf_value=-0.046300351856305398 -0.082747826433472366 -0.21091273921769396 -0.28189242049075841 0.068249029815764806 0.10130422593232043 -0.15427133383513522 -0.15514432991772276 -0.073126173025856653 0.19054531342820308 0.11345240335642734 -0.21270686005214115 0.065495414693277895 -0.050264934461196335 -0.086780290186829534 -0.070652073446574648 -0.20172277262194405 0.11743412091618428 0.15816364179015149 -0.026821374378399283 0.061059786502013831 0.020024432063850697 -0.042993945788796228 0.21128729028067519 -0.26563694112402897 -0.21127411024914264 -0.26660477679326344
leaf_weight=7.3400056380778542 2.6036684121936542 2.1677087359130409 4.9838987644761783 2.7678588833659887 6.3921974124386924 3.3654877319931966 2.2105838600546184 5.4443441834300739 7.1413442883640528 4.9704234600067121 4.1107494421303272 5.3485573101788759 2.9942865269258618 5.3381153419613829 4.0379405468702299 3.2716712094843379 4.6383174285292625 16.536632636561993 5.6299838814884415 34.387426348403096 2.0403165118768811 2.5765044502913952 5.4851733185350895 4.7786210682243109 2.860635083168745 4.0260915756225586
leaf_count=69 32 35 68 29 49 48 29 48 34 27 54 45 35 57 40 44 36 72 45 198 23 31 20 81 29 62
internal_value=0 -0.0516802 -0.00505605 -0.129357 0.0492333 0.0808675 0.0212402 -0.0312581 0.076848 -0.107441 -0.037705 -0.0204622 -0.198218 0.0410074 0.0502143 -0.0352789 0.0299453 0.0662935 0.111224 0.0419996 -0.102032 -0.150454 0.154638 -0.21043 -0.154953 -0.232808
internal_weight=0 45.7884 35.5455 10.746 24.7994 20.5914 111.66 30.48 12.5857 17.8944 11.6577 8.71405 7.97819 81.1801 75.842 11.9479 8.67626 63.894 22.1666 41.7274 4.20803 6.68725 11.8774 10.2429 5.4643 6.23668
internal_count=1340 494 352 132 220 162 846 285 82 203 112 93 103 561 504 120 76 384 117 267 58 85 69 142 61 91
is_linear=0
shrinkage=0.185632


Tree=6
num_leaves=22
num_cat=0
split_feature=43 8 49 0 14 39 27 39 0 4 39 12 38 6 15 0 11 49 19 39 48
split_gain=4.29986 2.80912 3.90214 3.2364 2.73544 2.54376 4.22711 2.52381 2.98939 3.43124 2.0517 2.48556 3.30021 5.469 2.47194 1.95223 1.65987 1.44719 1.21702 0.618525 0.375148
threshold=10.500000000000002 1.0000000180025095e-35 5.5000000000000009 16.500000000000004 1.5000000000000002 11.500000000000002 1.0000000180025095e-35 9.5000000000000018 1.0000000180025095e-35 1.0000000180025095e-35 15.500000000000002 1.0000000180025095e-35 12.500000000000002 1.5000000000000002 5.5000000000000009 1.5000000000000002 2.5000000000000004 9.5000000000000018 1.0000000180025095e-35 6.5000000000000009 6.5000000000000009
decision_type=2 2 2 2 2 2 2 2 2 2 2 2 2 2 2 2 2 2 2 2 2
left_child=1 3 -3 4 5 15 -7 8 20 18 11 12 13 -9 -12 -1 19 -14 -10 -11 -2
right_child=7 2 -4 -5 -6 6 -8 10 9 16 14 -13 17 -15 -16 -17 -18 -19 -20 -21 -22
leaf_value=0.01743258176688893 -0.24400359482997833 0.047087398791071884 -0.235995086682626 0.14169883174750839 -0.12110768277308977 -0.18194823741181776 0.058488121516514974 -0.21540693206075898 -0.027069210715296468 -0.11209347707528271 -0.26012062450609746 -0.11048973863718514 0.036671258828497998 0.092895905744347876 -0.0012262852134981522 0.082751235418550589 0.0025398647771795002 0.16853243351438862 0.13123388634155797 -0.23392515602612085 -0.11420590681632915
leaf_weight=45.221172185614705 3.7289283517748144 3.2582032866775981 3.1575584467500448 8.121282020583747 4.3071916913613668 4.7718596886843425 4.9833899568766356 3.5039196666330197 3.1205571619793799 4.4500475861132127 2.0652108788490287 4.2118982542306176 5.7329557277262193 4.1339973257854581 2.9868231751024723 24.254392171278596 2.8300807345658541 5.9576253052800894 3.2647489812225103 2.769159416668117 1.7005147859454153
leaf_count=333 68 29 45 39 45 60 47 43 39 68 44 50 48 32 38 161 31 27 23 41 29
internal_value=0 0.0226467 -0.0944153 0.0310326 0.0199698 0.0279212 -0.0600014 -0.0439457 -0.0911651 -0.050412 -0.00741467 0.0157414 0.0441237 -0.049871 -0.112712 0.0404229 -0.117322 0.105578 0.0548242 -0.163601 -0.208641
internal_weight=0 98.075 6.41576 91.6593 83.538 79.2308 9.75525 50.4565 21.864 16.4346 28.5924 23.5404 19.3285 7.63792 5.05203 69.4756 10.0493 11.6906 6.38531 7.21921 5.42944
internal_count=1340 759 74 685 646 601 107 581 299 202 282 200 150 75 82 494 140 75 62 109 97
is_linear=0
shrinkage=0.185632


Tree=7
num_leaves=25
num_cat=0
split_feature=19 11 46 38 3 3 43 39 27 1 6 15 7 38 42 42 15 43 19 31 4 46 15 42
split_gain=2.47682 4.0501 3.52544 4.75672 3.21699 5.57551 3.48829 4.10081 3.10982 3.1925 2.40471 2.32356 1.96912 1.85609 2.24447 1.76818 1.75579 1.59581 1.54595 2.19865 1.9642 1.20185 0.326878 0.072184
threshold=11.500000000000002 1.0000000180025095e-35 55.000000000000007 14.500000000000002 39.500000000000007 20.500000000000004 11.500000000000002 1.5000000000000002 5.5000000000000009 4.5000000000000009 14.500000000000002 2.5000000000000004 23.500000000000004 9.5000000000000018 12.500000000000002 9.5000000000000018 3.5000000000000004 14.500000000000002 12.500000000000002 7.5000000000000009 15.500000000000002 4.5000000000000009 12.500000000000002 35.000000000000007
decision_type=2 2 2 2 2 2 2 2 2 2 2 2 2 2 2 2 2 2 2 2 2 2 2 2
left_child=1 4 3 17 5 6 7 -1 9 18 -11 -5 13 -6 -15 -7 -8 21 -2 20 -20 -3 -13 -17
right_child=8 2 -4 11 12 15 16 -9 -10 10 -12 22 -14 14 -16 23 -18 -19 19 -21 -22 -23 -24 -25
leaf_value=-0.090999881163624938 0.17443497133316829 -0.029517422509263549 -0.22039643131370723 0.15062341264819942 -0.065355267748663765 -0.025859534987262185 -0.13139802829350022 0.04711921180830584 0.17030185135042564 -0.2127756504176683 0.022927600701460715 -0.062472858087815261 0.16560818842719424 0.14627451449142667 -0.0006081655325667866 -0.25602998159572421 0.075014214233133591 0 -0.0044407288627928187 -0.094021584626773999 0.17890669410679619 -0.21130902929645237 0.017587063261568441 -0.16113402270691407
leaf_weight=8.7376891840249282 3.173937661573297 1.690259799361234 4.6275671664625397 4.0437023323029262 4.5023347428068581 2.342022266238927 8.0775992479175311 43.644363448023796 5.7410665340721598 2.8841609330847851 2.8167201606556773 3.5062177609652281 5.1142688365653148 6.6588638611137849 7.4653885550796986 2.9482254898175597 1.5787771008908738 2.3635200709104538 4.17752264626324 3.3011747915297747 3.6507669426500797 6.048606145195663 3.1763462768867612 2.1552157029509544
leaf_count=71 16 18 77 24 57 22 164 278 32 43 25 36 29 28 61 45 12 28 45 44 23 111 23 28
internal_value=0 -0.0113387 -0.0767 -0.0430827 0.00659215 -0.0135582 0.00479504 0.0238053 0.0519926 0.0167301 -0.0986718 0.0426008 0.0653415 0.0363907 0.0694047 -0.163416 -0.0966572 -0.133481 0.0635381 0.0294759 0.0827896 -0.173456 -0.0245706 -0.223109
internal_weight=0 118.681 25.4562 20.8287 93.2247 69.4839 62.0384 52.3821 25.7453 20.0043 5.70088 10.7263 23.7409 18.6266 14.1243 7.44546 9.65638 10.1024 14.3034 11.1295 7.82829 7.73887 6.68256 5.10344
internal_count=1340 1112 317 240 795 620 525 349 228 196 68 83 175 146 89 95 176 157 128 112 68 129 59 73
is_linear=0
shrinkage=0.185632


Tree=8
num_leaves=21
num_cat=0
split_feature=38 7 42 38 43 4 49 19 49 42 42 1 11 39 47 15 31 3 0 2
split_gain=2.29828 4.66182 4.3526 3.26295 5.07967 4.03534 3.42855 2.97189 2.93641 2.71921 2.14443 2.3462 2.02533 2.17875 2.0415 1.92694 1.84425 1.83194 1.30522 1.24284
threshold=45.000000000000007 1.0000000180025095e-35 95.000000000000014 14.500000000000002 6.5000000000000009 1.0000000180025095e-35 7.5000000000000009 11.500000000000002 7.5000000000000009 3.5000000000000004 8.5000000000000018 2.5000000000000004 3.5000000000000004 11.500000000000002 4.5000000000000009 5.5000000000000009 1.0000000180025095e-35 8.5000000000000018 7.5000000000000009 8.5000000000000018
decision_type=2 2 2 2 2 2 2 2 2 2 2 2 2 2 2 2 2 2 2 2
left_child=2 -2 3 4 8 6 -6 10 9 -1 -5 -12 13 14 18 -15 -10 -16 -3 -7
right_child=1 12 -4 7 5 19 -8 -9 16 -11 11 -13 -14 15 17 -17 -18 -19 -20 -21
leaf_value=-0.15258112708784996 -0.26669270783716148 -0.086144251302637684 -0.18868842279539064 0.14192642480725048 -0.10747005600058616 -0.14153375784234168 0.065005831051090451 0.16361617294515379 0.12373789461533802 0.049804564832054657 0.049052146825974988 -0.083467020853741455 -0.15402743326425464 -0.20711529462082992 -0.048297542909722699 0.00018699152370049412 -0.0052623688948770734 0.1100001596375732 0.054395543434686923 -0.020261586357839489
leaf_weight=3.7173083927482384 2.7221560161560765 6.8050665985792929 3.3523428002372375 5.146914109587672 5.6400478957220939 13.350953325629236 12.341232107952235 8.148950591683386 15.316238619387152 5.3778818221762776 15.570651474408807 6.3271568603813639 3.3206309191882601 2.8813253846019498 3.2419841159135094 3.0748835932463408 5.0005988944321862 9.7063079718500358 3.2137048896402121 3.8587070722132912
leaf_count=39 30 71 43 17 91 234 117 40 78 42 100 63 41 71 52 36 39 74 17 45
internal_value=0 -0.0410089 0.0139474 0.0210981 -0.00366933 -0.0511784 0.0102521 0.0664274 0.053055 -0.0339578 0.0361857 0.0102886 -0.0205402 -0.00429299 0.0217098 -0.102731 0.0920892 0.0700564 -0.0406542 -0.114966
internal_weight=0 34.9661 103.149 99.7966 64.603 35.1909 17.9813 35.1937 29.412 9.09519 27.0447 21.8978 32.2439 28.9233 22.9671 5.95621 20.3168 12.9483 10.0188 17.2097
internal_count=1340 392 948 905 685 487 208 220 198 81 180 163 362 321 214 107 117 126 88 279
is_linear=0
shrinkage=0.185632


Tree=9
num_leaves=13
num_cat=0
split_feature=19 31 46 38 42 47 39 49 49 39 5 46
split_gain=1.74884 1.87954 1.64683 1.68413 3.61792 1.47051 1.92233 1.43794 1.42641 0.800911 1.36727 0.148005
threshold=37.000000000000007 9.5000000000000018 95.000000000000014 7.5000000000000009 9.5000000000000018 15.500000000000002 14.500000000000002 8.5000000000000018 5.5000000000000009 4.5000000000000009 1.0000000180025095e-35 7.5000000000000009
decision_type=2 2 2 2 2 2 2 2 2 2 2 2
left_child=1 2 3 4 7 6 -5 -1 -4 -10 -11 -6
right_child=-2 -3 8 5 11 -7 -8 -9 9 10 -12 -13
leaf_value=-0.067871322315743804 0.13839819715937393 -0.13948354803496932 -0.17947399036831191 0.020326671088828838 -0.083671843410408037 0.10110644219053661 -0.082405049395619143 0.036571779088443723 0.052997316269021315 0.043876938108390807 -0.15546124155543167 -0.19577588933600187
leaf_weight=6.8318125987425509 2.8964983969926825 3.2265868112444869 2.802205713465808 75.074011808261275 0.98107247240841289 6.7283884659409514 6.6687407749705008 12.739755291491745 2.6529402900487185 1.9261289648711679 2.6161860572174191 3.8371043214574456
leaf_count=89 13 49 61 627 22 48 95 94 26 33 54 129
internal_value=0 -0.00336683 0.000380656 0.00683882 -0.0361496 0.0187665 0.0117564 -3.57147e-05 -0.0711385 -0.0253416 -0.0719031 -0.177192
internal_weight=0 126.085 122.858 112.861 24.3897 88.4711 81.7428 19.5716 9.99746 7.19526 4.54232 4.81818
internal_count=1340 1327 1278 1104 334 770 722 183 174 113 87 151
is_linear=0
shrinkage=0.185632


Tree=10
num_leaves=12
num_cat=0
split_feature=24 12 38 18 39 11 11 3 49 42 3
split_gain=1.60932 1.90729 2.35572 1.59411 2.86594 1.63932 1.4906 2.59133 2.27545 1.2802 0.353845
threshold=1.5000000000000002 1.5000000000000002 14.500000000000002 1.5000000000000002 15.500000000000002 1.5000000000000002 1.0000000180025095e-35 23.500000000000004 14.500000000000002 11.500000000000002 48.500000000000007
decision_type=2 2 2 2 2 2 2 2 2 2 2
left_child=1 3 -3 4 6 -6 8 -8 -1 -4 -5
right_child=-2 2 9 10 5 -7 7 -9 -10 -11 -12
leaf_value=0.027798049220325385 0.12077234102645416 -0.20994576546007501 0.069402488142203567 0.046508666484752541 -0.22862933658883114 -0.00085556027840388892 -0.13473601719852066 0.0050352457633630419 -0.06616220757686074 -0.090059455786635517 0.13595743186821427
leaf_weight=69.371577300131321 3.5146688483655444 3.1236242819577438 3.0270940884947777 3.6772490208968511 2.7726343399845055 1.7644172878935931 6.5564618688076761 14.102692133747039 10.001261533703653 3.604463828727603 3.0362714175134897
leaf_count=612 24 65 18 47 72 26 118 180 107 51 20
internal_value=0 -0.00367631 -0.0816382 0.00325261 -0.0024177 -0.143912 0.00421474 -0.0399604 0.0158072 -0.0169838 0.0897589
internal_weight=0 121.038 9.75518 111.283 104.569 4.53705 100.032 20.6592 79.3728 6.63156 6.71352
internal_count=1340 1316 134 1182 1115 98 1017 298 719 69 67
is_linear=0
shrinkage=0.185632


Tree=11
num_leaves=17
num_cat=0
split_feature=20 38 47 46 0 7 17 47 7 47 38 43 7 0 0 47
split_gain=1.8599 1.56809 1.99662 3.47744 2.51966 2.94951 1.75803 2.8261 2.70489 3.42992 2.48489 1.60469 1.44355 1.43413 3.15241 1.47691
threshold=1.0000000180025095e-35 45.000000000000007 4.5000000000000009 25.000000000000004 13.500000000000002 1.0000000180025095e-35 1.0000000180025095e-35 8.5000000000000018 3.5000000000000004 11.500000000000002 14.500000000000002 5.5000000000000009 1.5000000000000002 9.5000000000000018 7.5000000000000009 2.5000000000000004
decision_type=2 2 2 2 2 2 2 2 2 2 2 2 2 2 2 2
left_child=1 2 3 4 5 -1 8 -8 11 -10 -9 -4 -3 14 15 -14
right_child=-2 12 6 -5 -6 -7 7 10 9 -11 -12 -13 13 -15 -16 -17
leaf_value=-0.15314003307640853 0.12171164922774202 -0.15979660595848405 0.093844775955855442 0.14500215720485862 0.13997218148228929 0.015154387176231656 0.13369866951825374 -0.17271337197974543 -0.17570786090169976 -0.015431326525476352 0.058318113203954983 -0.02159751432694007 -0.13311296015484511 -0.11500532879087208 0.17204564313130469 -0.0052540909008719711
leaf_weight=4.0602850615978303 4.0048830052837721 3.0345043274574008 5.6167777627706554 8.2121759084984642 4.2741116024553767 23.271996736060828 5.9762798626907152 2.6662963703274727 8.1445636418648082 10.464013471268116 3.5194866163656116 14.422695390880106 3.8699328228831389 4.9362136144191018 2.7964414041489354 13.786531491205094
leaf_count=34 39 53 30 43 22 184 50 73 161 126 27 168 54 47 18 211
internal_value=0 -0.00426703 0.0076545 0.038711 0.0103672 -0.0105692 -0.0166832 0.0443495 -0.0360682 -0.0866999 -0.0428777 0.011166 -0.0421819 -0.0270272 -0.00487508 -0.0344523
internal_weight=0 119.052 90.6287 39.8186 31.6064 27.3323 50.8101 12.1621 38.6481 18.6086 6.18578 20.0395 28.4236 25.3891 20.4529 17.6565
internal_count=1340 1301 918 283 240 218 635 150 485 287 100 198 383 330 283 265
is_linear=0
shrinkage=0.185632


end of trees

feature_importances:
ninki_1=21
result_1=18
ninki_2=17
result_3=17
result_2=16
ninki_3=15
umaban=15
f_course1=12
mf_courseout=12
f_lenout=11
f_courseout=9
mf_classout.1=9
mf_course3=8
f_mf_courseout=8
mf_classout=8
f_course2=4
mf_course1=4
f_classout=4
f_course3=3
f_len1=3
f_class1=3
mf_course2=2
f_len3=2
mf_len2=2
waku=2
f_mf_course1=1
f_len2=1
mf_len1=1
mf_len3=1
f_mf_len1=1

parameters:
[boosting: gbdt]
[objective: lambdarank]
[metric: ndcg]
[tree_learner: serial]
[device_type: cpu]
[data_sample_strategy: bagging]
[data: ]
[valid: ]
[num_iterations: 128]
[learning_rate: 0.185632]
[num_leaves: 62]
[num_threads: 16]
[seed: 0]
[deterministic: 0]
[force_col_wise: 1]
[force_row_wise: 0]
[histogram_pool_size: -1]
[max_depth: 6]
[min_data_in_leaf: 29]
[min_sum_hessian_in_leaf: 0.001]
[bagging_fraction: 1]
[pos_bagging_fraction: 1]
[neg_bagging_fraction: 1]
[bagging_freq: 0]
[bagging_seed: 7719]
[feature_fraction: 1]
[feature_fraction_bynode: 1]
[feature_fraction_seed: 2437]
[extra_trees: 0]
[extra_seed: 11797]
[early_stopping_round: 0]
[first_metric_only: 0]
[max_delta_step: 0]
[lambda_l1: 0.0136953]
[lambda_l2: 0.175047]
[linear_lambda: 0]
[min_gain_to_split: 0]
[drop_rate: 0.1]
[max_drop: 50]
[skip_drop: 0.5]
[xgboost_dart_mode: 0]
[uniform_drop: 0]
[drop_seed: 21238]
[top_rate: 0.2]
[other_rate: 0.1]
[min_data_per_group: 100]
[max_cat_threshold: 32]
[cat_l2: 10]
[cat_smooth: 10]
[max_cat_to_onehot: 4]
[top_k: 20]
[monotone_constraints: ]
[monotone_constraints_method: basic]
[monotone_penalty: 0]
[feature_contri: ]
[forcedsplits_filename: ]
[refit_decay_rate: 0.9]
[cegb_tradeoff: 1]
[cegb_penalty_split: 0]
[cegb_penalty_feature_lazy: ]
[cegb_penalty_feature_coupled: ]
[path_smooth: 0]
[interaction_constraints: ]
[verbosity: -1]
[saved_feature_importance_type: 0]
[use_quantized_grad: 0]
[num_grad_quant_bins: 4]
[quant_train_renew_leaf: 0]
[stochastic_rounding: 1]
[linear_tree: 0]
[max_bin: 255]
[max_bin_by_feature: ]
[min_data_in_bin: 3]
[bin_construct_sample_cnt: 200000]
[data_random_seed: 38]
[is_enable_sparse: 1]
[enable_bundle: 1]
[use_missing: 1]
[zero_as_missing: 0]
[feature_pre_filter: 1]
[pre_partition: 0]
[two_round: 0]
[header: 0]
[label_column: ]
[weight_column: ]
[group_column: ]
[ignore_column: ]
[categorical_feature: ]
[forcedbins_filename: ]
[precise_float_parser: 0]
[parser_config_file: ]
[objective_seed: 8855]
[num_class: 1]
[is_unbalance: 0]
[scale_pos_weight: 1]
[sigmoid: 1]
[boost_from_average: 1]
[reg_sqrt: 0]
[alpha: 0.9]
[fair_c: 1]
[poisson_max_delta_step: 0.7]
[tweedie_variance_power: 1.5]
[lambdarank_truncation_level: 30]
[lambdarank_norm: 1]
[label_gain: ]
[lambdarank_position_bias_regularization: 0]
[eval_at: 1,3,5]
[multi_error_top_k: 1]
[auc_mu_weights: ]
[num_machines: 1]
[local_listen_port: 12400]
[time_out: 120]
[machine_list_filename: ]
[machines: ]
[gpu_platform_id: -1]
[gpu_device_id: -1]
[gpu_use_dp: 0]
[num_gpu: 1]

end of parameters

pandas_categorical:[]
