tree
version=v4
num_class=1
num_tree_per_iteration=1
label_index=0
max_feature_idx=49
objective=lambdarank
feature_names=f_course1 f_course2 f_course3 f_courseout mf_course1 mf_course2 mf_course3 mf_courseout f_mf_course1 f_mf_course2 f_mf_course3 f_mf_courseout f_len1 f_len2 f_len3 f_lenout mf_len1 mf_len2 mf_len3 mf_classout f_mf_len1 f_mf_len2 f_mf_len3 f_mf_classout f_class1 f_class2 f_class3 f_classout mf_class1 mf_class2 mf_class3 mf_classout.1 f_mf_class1 f_mf_class2 f_mf_class3 f_mf_classout.1 time_df_course1 time_df_class1 ninki_1 result_1 time_df_course2 time_df_class2 ninki_2 result_2 time_df_course3 time_df_class3 ninki_3 result_3 waku umaban
feature_infos=[0:52] [0:51] [0:46] [0:380] [0:47] [0:34] [0:44] [0:388] [0:7] [0:6] [0:6] [0:35] [0:18] [0:15] [0:15] [0:96] [0:12] [0:11] [0:14] [0:83] [0:4] [0:3] [0:3] [0:11] [0:6] [0:7] [0:6] [0:34] [0:5] [0:5] [0:7] [0:31] [0:2] [0:2] [0:2] [0:5] [-1:0] [-1:0] [-1:180] [-1:140] [-1:0] [-1:0] [-1:180] [-1:180] [-1:0] [-1:0] [-1:180] [-1:180] [1:8] [1:18]
tree_sizes=3081 3186 3212 3200 3201

Tree=0
num_leaves=29
num_cat=0
split_feature=39 24 19 18 39 31 15 6 46 11 31 11 17 39 42 1 42 3 48 46 5 42 0 46 48 46 0 46
split_gain=3.39234 3.54142 2.12054 3.83318 4.03567 3.79834 4.0318 3.765 3.68945 3.16318 3.02854 3.47438 2.96785 2.82456 2.67984 2.97498 2.62133 2.98699 2.39218 2.28679 2.24545 2.06853 1.99113 1.98143 1.97896 1.85796 1.84199 1.78488
threshold=13.500000000000002 1.5000000000000002 23.500000000000004 1.5000000000000002 2.5000000000000004 5.5000000000000009 1.0000000180025095e-35 17.500000000000004 125.00000000000001 9.5000000000000018 2.5000000000000004 1.5000000000000002 1.0000000180025095e-35 6.5000000000000009 75.000000000000014 1.0000000180025095e-35 45.000000000000007 2.5000000000000004 1.5000000000000002 13.500000000000002 6.5000000000000009 115.00000000000001 14.500000000000002 5.5000000000000009 1.5000000000000002 13.500000000000002 17.500000000000004 75.000000000000014
decision_type=2 2 2 2 2 2 2 2 2 2 2 2 2 2 2 2 2 2 2 2 2 2 2 2 2 2 2 2
left_child=2 -2 5 9 7 6 12 -5 10 -4 16 27 21 -13 -10 -16 17 -8 -14 -19 -7 24 -17 -6 -1 -25 -22 -12
right_child=1 -3 3 4 23 20 8 -9 14 -11 11 13 18 -15 15 22 -18 19 -20 -21 26 -23 -24 25 -26 -27 -28 -29
leaf_value=-0.015276194066510599 -0.0085618259731005172 0.0085771492998290289 0.023704690009978401 -0.00065264480113009138 0.004856251630035998 0 0.02238970368524703 0.019023313092682643 -0.0084303839327085524 0 0.015276128120390333 -0.014298890713591545 0 0.0059997983865798347 -0.0026015557264576781 0.023724141505249399 -0.0045647866261995977 -0.00061974664630728808 -0.021495478457094555 0.0055702749039907894 -0.018871427571301204 -0.019108376003795609 0 -0.017315593034918017 0.00052992238480189613 -0.0010700454066989566 0 0
leaf_weight=2.7256421661004415 25.353376975515861 3.7972179362550369 5.3658938556909552 3.4094627536833304 5.8405850054696229 7.7310923675540826 2.2495087403804055 6.7502534687519073 0.79004723113030095 1.4809971484355626 12.503294440219179 3.3517961055040342 0.76295397337525983 6.4279582062736154 0.90148357115685751 7.1951425643637776 29.470141425495967 68.126478584716097 5.100089680403471 25.611254263203591 6.9479454630054516 2.1539184022694817 0.6074257744476198 4.1416584718972436 31.873241087188944 10.548182756407185 1.158437520265579 0.8468855535611518
leaf_count=45 422 43 40 49 66 115 15 57 18 25 126 57 8 75 17 58 469 954 89 305 121 40 8 84 418 166 23 17
internal_value=0 -0.00582214 0.000668039 0.00462212 0.00136899 0 0.000653013 0.0109681 0.00204237 0.0170422 0.00123604 0.00723378 -0.00415401 0 0.0131033 0.016756 1.24354e-05 0.00157169 -0.0164167 0.000914026 -0.00851272 -0.00179508 0.0208851 -0.00266251 -0.000289252 -0.00665754 -0.0152146 0.0132345
internal_weight=0 29.1506 254.072 37.537 30.6901 216.535 200.697 10.1597 158.081 6.84689 148.587 23.1299 42.6158 9.77975 9.4941 8.70405 125.457 95.9872 5.86304 93.7377 15.8375 36.7528 7.80257 20.5304 34.5989 14.6898 8.10638 13.3502
internal_count=3930 465 3465 487 422 2978 2719 106 2119 65 2018 275 600 132 101 83 1743 1274 97 1259 259 503 66 316 463 250 144 143
is_linear=0
shrinkage=0.0180202


Tree=1
num_leaves=29
num_cat=0
split_feature=19 27 31 13 39 38 5 23 7 5 8 46 31 20 49 3 47 39 46 43 20 39 27 0 38 47 38 47
split_gain=12.4785 15.2089 24.8713 17.9621 16.1408 15.074 14.882 12.2752 12.6528 11.6834 10.8324 9.99522 9.95056 11.8854 9.70568 9.67417 9.66464 9.26242 10.8078 11.3236 8.73372 8.675 9.11807 8.52276 11.4001 11.0214 9.84755 15.4321
threshold=24.500000000000004 1.5000000000000002 1.0000000180025095e-35 2.5000000000000004 7.5000000000000009 85.000000000000014 1.5000000000000002 1.0000000180025095e-35 80.500000000000014 8.5000000000000018 2.5000000000000004 3.5000000000000004 1.5000000000000002 1.0000000180025095e-35 13.500000000000002 236.00000000000003 3.5000000000000004 10.500000000000002 125.00000000000001 9.5000000000000018 1.0000000180025095e-35 11.500000000000002 5.5000000000000009 5.5000000000000009 11.500000000000002 2.5000000000000004 5.5000000000000009 12.500000000000002
decision_type=2 2 2 2 2 2 2 2 2 2 2 2 2 2 2 2 2 2 2 2 2 2 2 2 2 2 2 2
left_child=1 2 20 17 5 -5 11 12 -9 -2 -10 -6 13 14 -4 16 -8 18 -3 -20 23 22 -19 26 -25 -26 27 -1
right_child=9 3 7 4 6 -7 15 8 10 -11 -12 -13 -14 -15 -16 -17 -18 21 19 -21 -22 -23 -24 24 25 -27 -28 -29
leaf_value=0.0082063196215384944 0.025420741459745683 0.0051361118767723124 -0.023008435639557085 -0.011898219345028771 0.0090536638023406453 0.012915549676220007 -0.0088226153706755465 0.012082732912475615 -0.029779425772019443 0.0034217405511753791 0.020899198963022725 -0.013435874405637696 -0.00703366224300716 0.015717225785871938 0.0009843367226953165 -0.01672430412480071 0.015830899110298724 -0.030634160997165136 -0.0025268160999665384 0.030023977283208582 -0.019637398244942959 0.0016489713828922148 0 -0.0042746166952011069 -0.024779915626401503 0.018719008161369087 -0.0029324533267887296 -0.019993532651271285
leaf_weight=59.89736183360219 8.6153168156743032 182.39187749288976 40.801832210272551 68.952257372438908 8.2620037421584147 8.4303700849413854 5.2386791408061972 16.056079417467121 5.4214439280331126 142.99039126746356 1.4812290668487547 21.976795613765717 85.883783796802163 2.7547461800277224 4.9774065464735022 3.7118893340229979 35.060662031173706 6.1436384283006173 3.7844263613224021 11.814614087343214 7.2169559448957434 48.4491260163486 5.3981395289301872 13.825288437306879 1.7657690048217798 24.598546031862497 185.91196720860898 6.7990922108292571
leaf_count=188 11 657 219 310 30 25 27 46 36 518 2 109 388 5 22 19 91 35 12 11 38 214 22 52 10 60 739 34
internal_value=0 -0.000834037 -0.00310398 0.00166461 -0.00320036 -0.00900375 0.00264904 -0.00890615 0.00276632 0.00476965 -0.0167621 -0.00680253 -0.0110097 -0.0177406 -0.0200772 0.00947853 0.0122593 0.00458133 0.00647505 0.0211809 -1.11057e-05 -0.0014224 -0.0155925 0.000422343 0.00816196 0.0152436 -0.000750606 0.0051096
internal_weight=0 867.006 457.392 409.614 151.633 77.3826 74.25 157.377 22.9588 151.606 6.90267 30.2388 134.418 48.534 45.7792 44.0112 40.2993 257.982 197.991 15.599 300.015 59.9909 11.5418 292.798 40.1896 26.3643 252.608 66.6965
internal_count=3930 3401 1839 1562 611 335 276 718 84 529 38 139 634 246 241 137 118 951 680 23 1121 271 57 1083 122 70 961 222
is_linear=0
shrinkage=0.0180202


Tree=2
num_leaves=29
num_cat=0
split_feature=39 46 48 42 47 18 46 43 38 43 1 7 47 39 46 3 5 0 13 2 14 46 48 13 7 3 3 2
split_gain=12.3629 9.58009 14.9224 11.9521 11.7628 20.4938 11.7205 11.7046 11.6277 11.5122 9.42626 9.02335 8.51686 12.9562 13.6965 14.6279 11.8353 11.1005 8.53318 8.79778 12.8986 14.0101 12.6232 10.1597 8.90137 8.20379 12.3088 16.0276
threshold=13.500000000000002 125.00000000000001 3.5000000000000004 45.000000000000007 11.500000000000002 1.0000000180025095e-35 155.00000000000003 7.5000000000000009 105.00000000000001 4.5000000000000009 1.0000000180025095e-35 8.5000000000000018 9.5000000000000018 4.5000000000000009 14.500000000000002 61.000000000000007 1.5000000000000002 10.500000000000002 7.5000000000000009 20.500000000000004 1.5000000000000002 7.5000000000000009 7.5000000000000009 1.5000000000000002 1.5000000000000002 16.500000000000004 32.500000000000007 5.5000000000000009
decision_type=2 2 2 2 2 2 2 2 2 2 2 2 2 2 2 2 2 2 2 2 2 2 2 2 2 2 2 2
left_child=1 3 -3 8 25 -6 9 -7 12 -4 -11 -10 18 -14 15 -15 -16 -17 19 20 21 -1 -22 -21 -25 -5 -27 -28
right_child=-2 2 6 4 5 7 -8 -9 11 10 -12 -13 13 14 16 17 -18 -19 -20 23 22 -23 -24 24 -26 26 27 -29
leaf_value=-0.00024744629634068714 -0.0066599560856505161 -0.0088861815969497951 -0.016262939833622616 -0.012216225267778675 -0.01115646846419646 -0.020272051062548074 -0.0077870082449499473 0.024355322754931668 -0.0054586532903830387 -0.0073600211005904166 0.023488777449686752 0.018106656660100744 0.0047871970597038946 -0.01706002600926803 -0.0089209961145848768 0.0099008777128130575 0.015749201998104808 -0.010467833126352074 -0.012215970589103174 -0.020755905803759699 -0.0079956017709760796 0.0071574374019159051 0.0075069895380192693 -0.020733858877905131 0.013922158747627342 0.0082615572526723302 -0.020913337448906097 -0.0016475579304983869
leaf_weight=172.47166493162513 82.857780484482646 12.181445505470036 2.5777408629655829 48.739394405856729 12.031452510505916 1.8056343570351625 6.3577831313014022 15.766540396958588 5.7877160869538811 2.8142309263348571 30.276562750339508 22.103016037493944 46.405033787712455 44.889796331524849 10.503176510334017 15.444701440632342 14.376522619277237 19.40394315123558 13.13597312197089 2.9983929246664038 72.985270308330655 153.57033486757427 21.34131358191371 2.2139742448925963 43.828306209295988 23.417296633124352 19.070714212954044 60.936402954161167
leaf_count=606 465 56 15 280 72 13 27 30 19 19 51 51 172 250 52 50 37 85 71 14 310 488 57 17 132 79 118 294
internal_value=0 0.000614911 0.0079626 0.000125021 -0.00394798 0.00620184 0.0131979 0.0189272 0.00126661 0.0173527 0.0204186 0.0126869 0.000740516 -0.00295576 -0.00653148 -0.0102339 0.00474097 -0.00101667 0.00192796 0.00235529 0.00147104 0.00319508 -0.00433148 0.00963332 0.011934 -0.00601977 -0.00295665 -0.00642485
internal_weight=0 897.434 54.2078 843.227 181.767 29.6036 42.0263 17.5722 661.459 35.6685 33.0908 27.8907 633.568 151.023 104.618 79.7384 24.8797 34.8486 482.545 469.409 420.369 326.042 94.3266 49.0407 46.0423 152.164 103.424 80.0071
internal_count=3930 3465 168 3297 886 115 112 43 2411 85 70 70 2341 646 474 385 89 135 1695 1624 1461 1094 367 163 149 771 491 412
is_linear=0
shrinkage=0.0180202


Tree=3
num_leaves=29
num_cat=0
split_feature=39 15 4 3 38 38 7 43 46 7 39 10 43 46 46 19 5 46 1 6 39 7 42 39 1 49 7 26
split_gain=10.1198 10.0109 11.8203 16.2991 11.6898 11.6362 12.0045 11.3644 15.9063 10.8771 11.5543 10.1034 10.0418 11.7684 12.199 9.4171 14.9609 18.7171 12.2851 16.88 11.6643 12.9236 9.49814 9.3164 9.13381 9.00901 15.1397 8.95214
threshold=13.500000000000002 1.5000000000000002 14.500000000000002 7.5000000000000009 7.5000000000000009 7.5000000000000009 2.5000000000000004 9.5000000000000018 105.00000000000001 1.5000000000000002 4.5000000000000009 1.0000000180025095e-35 16.500000000000004 85.000000000000014 1.0000000180025095e-35 2.5000000000000004 1.0000000180025095e-35 9.5000000000000018 1.0000000180025095e-35 1.5000000000000002 8.5000000000000018 10.500000000000002 95.000000000000014 1.5000000000000002 1.0000000180025095e-35 6.5000000000000009 16.500000000000004 1.0000000180025095e-35
decision_type=2 2 2 2 2 2 2 2 2 2 2 2 2 2 2 2 2 2 2 2 2 2 2 2 2 2 2 2
left_child=1 2 3 5 -4 -1 24 11 12 10 -5 15 13 14 -9 20 17 -17 23 22 -3 -22 -20 -18 -7 26 -8 -2
right_child=27 7 4 9 -6 6 25 8 -10 -11 -12 -13 -14 -15 -16 16 18 -19 19 -21 21 -23 -24 -25 -26 -27 -28 -29
leaf_value=0.0038730126546268426 -0.011118209551633142 -0.0053683511201650198 -0.0092807210883272626 0.013297350172758227 0.01660123409018777 -0.0036676176142964498 -0.01866383275954275 -0.026635412983373841 0.016005169738786986 -0.021937975597750143 -0.025481464275882326 -0.0060197705244618522 0.0174626722384209 -0.02436199465137481 0.0032458315410819946 0.0272434345373836 -0.020325542381727117 -0.019483417126571239 -0.026069085473105769 0.0022442011735708122 0.0085232863731306997 -0.014893858659497522 0.019096823454561047 0.020141039851902253 0.016246138498843543 -0.019324371101236672 0.0072150679609603516 0.0013061058540732931
leaf_weight=65.787550326436758 47.612012457102537 109.13036259636283 7.4370667524635818 7.0716761946678144 18.177213847637177 24.661367699503899 12.939665157347919 4.463725868612527 35.698900192975998 24.984136585146189 3.8499493002891541 76.628228783607483 14.224136568605898 5.4173506870865813 175.49120248481631 16.170063294470314 1.7066215984523321 2.981846295297145 10.886541835963724 135.06308794021606 47.809436582028866 8.7474860437214357 1.3675405532121647 17.459207642823458 10.422576136887072 25.560299204662442 16.026577167212963 27.925266567617655
leaf_count=221 342 474 27 15 44 134 80 31 85 170 20 317 43 39 643 27 10 18 66 479 155 48 2 46 26 172 73 123
internal_value=0 0.000543236 -0.00279203 -0.00438255 0.0085097 -0.00174642 -0.00603675 0.00165633 0.00483844 -0.0153794 0 -5.87556e-05 0.00276705 0.00155955 0.00242225 0.00119941 0.00401223 0.0191958 0.00217659 0.000308256 -0.00186292 0.00463985 -0.019821 0.0157652 0.00182793 -0.0113678 -0.00383608 -0.00632964
internal_weight=0 880.164 216.918 191.304 25.6143 155.398 89.6105 663.246 235.295 35.9058 10.9216 427.95 199.596 185.372 179.955 351.322 185.635 19.1519 166.483 147.317 165.687 56.5569 12.2541 19.1658 35.0839 54.5265 28.9662 75.5373
internal_count=3930 3465 982 911 71 706 485 2483 841 205 35 1642 756 713 674 1325 648 45 603 547 677 203 68 56 160 325 153 465
is_linear=0
shrinkage=0.0180202


Tree=4
num_leaves=29
num_cat=0
split_feature=39 26 27 15 24 0 46 7 7 7 26 39 43 31 18 23 46 48 42 42 38 43 19 26 27 47 39 46
split_gain=10.9384 9.47056 7.00098 25.7803 15.8213 14.8538 14.3215 11.8525 11.6525 11.222 10.2115 8.74525 8.74193 7.93205 12.1279 9.65357 7.879 7.80694 10.216 7.7607 16.4037 21.3144 14.5015 9.44317 15.5661 15.5587 12.9916 12.5675
threshold=13.500000000000002 1.0000000180025095e-35 1.5000000000000002 7.5000000000000009 1.0000000180025095e-35 7.5000000000000009 7.5000000000000009 157.50000000000003 21.500000000000004 19.500000000000004 1.0000000180025095e-35 6.5000000000000009 15.500000000000002 12.500000000000002 1.5000000000000002 1.0000000180025095e-35 11.500000000000002 3.5000000000000004 8.5000000000000018 13.500000000000002 8.5000000000000018 10.500000000000002 18.500000000000004 1.5000000000000002 7.5000000000000009 10.500000000000002 9.5000000000000018 3.5000000000000004
decision_type=2 2 2 2 2 2 2 2 2 2 2 2 2 2 2 2 2 2 2 2 2 2 2 2 2 2 2 2
left_child=2 -2 4 6 5 12 7 8 9 -4 -8 16 13 14 15 -1 -12 18 -16 23 -21 -22 -23 24 25 26 -5 -28
right_child=1 -3 3 19 -6 -7 10 -9 -10 -11 11 -13 -14 -15 17 -17 -18 -19 -20 20 21 22 -24 -25 -26 -27 27 -29
leaf_value=-0.0012108804807459169 -0.012087962293036063 0.0010896488471476089 -0.0046551842055414273 -0.0033052877375903005 -0.016621576865365039 0.0092613137241354549 0.015463153424946854 0.02395686921685863 -0.022291055976128547 0.027174599728854675 -0.024460358239166157 -0.015244075680368291 -0.018968564769557304 0.010245114067608106 -0.02390847193962917 0.01250285099524886 0.020082147765918441 -0.01587427115366678 0.0083792074874200224 -0.020899316720540267 -0.006668467411006988 0.0004663907489392315 0.023734802137375825 -0.0061560862115990541 0.011236574340301321 -0.026800504958183584 -0.02683646208315487 0.017437379717141231
leaf_weight=260.52676809392869 43.311739232391119 26.72337057814002 16.119965080171831 53.039494957774878 20.302587788552046 46.507695849984884 76.414336103945971 5.2976342141628256 9.1395481042563897 4.5326378345489493 1.2952388375997523 7.1238482967019072 9.2265993468463403 18.696499280631542 4.3476211540401009 17.75017037987709 7.3526759445667267 29.540039205923676 11.83369844034314 16.190192565321922 83.797472137957811 25.263139691203833 14.455447256565092 36.272084295749664 58.00968979857862 6.9005529209971419 2.0680440068244961 20.962938979268074
leaf_count=1151 342 123 74 214 122 132 183 10 47 4 7 32 57 54 27 46 16 157 45 81 433 100 29 177 168 40 11 48
internal_value=0 -0.00684899 0.000555854 0.00214298 -0.00109267 -0.000264213 0.00900056 -0.000395006 -0.00522242 0.00161751 0.012737 0 -0.00156507 -0.00105328 -0.00175091 -0.000282968 0.0116988 -0.0103619 0 -0.000564139 -0.00377588 -0.00141147 0.00930754 0.00188396 0.00405736 -0.000784171 0.00138237 0.0128184
internal_weight=0 70.0351 862.967 444.235 418.732 398.429 127.276 35.0898 29.7922 20.6526 92.1861 15.7718 351.921 342.695 323.998 278.277 8.64791 45.7214 16.1813 316.959 139.706 123.516 39.7186 177.253 140.981 82.971 76.0705 23.031
internal_count=3930 465 3465 1674 1791 1669 373 135 125 78 238 55 1537 1480 1426 1197 23 229 72 1301 643 562 129 658 481 313 273 59
is_linear=0
shrinkage=0.0180202


end of trees

feature_importances:
ninki_3=18
result_1=15
mf_courseout=10
ninki_1=7
ninki_2=7
result_2=7
f_courseout=6
result_3=6
f_course1=5
mf_course2=5
mf_classout.1=5
waku=5
f_course2=4
mf_classout=4
f_class3=4
f_classout=4
f_len2=3
f_lenout=3
mf_len3=3
f_course3=2
mf_course3=2
f_mf_courseout=2
f_mf_len1=2
f_mf_classout=2
f_class1=2
umaban=2
mf_course1=1
f_mf_course1=1
f_mf_course3=1
f_len3=1
mf_len2=1

parameters:
[boosting: gbdt]
[objective: lambdarank]
[metric: ndcg]
[tree_learner: serial]
[device_type: cpu]
[data_sample_strategy: bagging]
[data: ]
[valid: ]
[num_iterations: 84]
[learning_rate: 0.0180202]
[num_leaves: 29]
[num_threads: 16]
[seed: 0]
[deterministic: 0]
[force_col_wise: 1]
[force_row_wise: 0]
[histogram_pool_size: -1]
[max_depth: 9]
[min_data_in_leaf: 4]
[min_sum_hessian_in_leaf: 0.001]
[bagging_fraction: 1]
[pos_bagging_fraction: 1]
[neg_bagging_fraction: 1]
[bagging_freq: 0]
[bagging_seed: 7719]
[feature_fraction: 1]
[feature_fraction_bynode: 1]
[feature_fraction_seed: 2437]
[extra_trees: 0]
[extra_seed: 11797]
[early_stopping_round: 0]
[first_metric_only: 0]
[max_delta_step: 0]
[lambda_l1: 0.819664]
[lambda_l2: 0.00215847]
[linear_lambda: 0]
[min_gain_to_split: 0]
[drop_rate: 0.1]
[max_drop: 50]
[skip_drop: 0.5]
[xgboost_dart_mode: 0]
[uniform_drop: 0]
[drop_seed: 21238]
[top_rate: 0.2]
[other_rate: 0.1]
[min_data_per_group: 100]
[max_cat_threshold: 32]
[cat_l2: 10]
[cat_smooth: 10]
[max_cat_to_onehot: 4]
[top_k: 20]
[monotone_constraints: ]
[monotone_constraints_method: basic]
[monotone_penalty: 0]
[feature_contri: ]
[forcedsplits_filename: ]
[refit_decay_rate: 0.9]
[cegb_tradeoff: 1]
[cegb_penalty_split: 0]
[cegb_penalty_feature_lazy: ]
[cegb_penalty_feature_coupled: ]
[path_smooth: 0]
[interaction_constraints: ]
[verbosity: -1]
[saved_feature_importance_type: 0]
[use_quantized_grad: 0]
[num_grad_quant_bins: 4]
[quant_train_renew_leaf: 0]
[stochastic_rounding: 1]
[linear_tree: 0]
[max_bin: 255]
[max_bin_by_feature: ]
[min_data_in_bin: 3]
[bin_construct_sample_cnt: 200000]
[data_random_seed: 38]
[is_enable_sparse: 1]
[enable_bundle: 1]
[use_missing: 1]
[zero_as_missing: 0]
[feature_pre_filter: 1]
[pre_partition: 0]
[two_round: 0]
[header: 0]
[label_column: ]
[weight_column: ]
[group_column: ]
[ignore_column: ]
[categorical_feature: ]
[forcedbins_filename: ]
[precise_float_parser: 0]
[parser_config_file: ]
[objective_seed: 8855]
[num_class: 1]
[is_unbalance: 0]
[scale_pos_weight: 1]
[sigmoid: 1]
[boost_from_average: 1]
[reg_sqrt: 0]
[alpha: 0.9]
[fair_c: 1]
[poisson_max_delta_step: 0.7]
[tweedie_variance_power: 1.5]
[lambdarank_truncation_level: 30]
[lambdarank_norm: 1]
[label_gain: ]
[lambdarank_position_bias_regularization: 0]
[eval_at: 1,3,5]
[multi_error_top_k: 1]
[auc_mu_weights: ]
[num_machines: 1]
[local_listen_port: 12400]
[time_out: 120]
[machine_list_filename: ]
[machines: ]
[gpu_platform_id: -1]
[gpu_device_id: -1]
[gpu_use_dp: 0]
[num_gpu: 1]

end of parameters

pandas_categorical:[]
