tree
version=v4
num_class=1
num_tree_per_iteration=1
label_index=0
max_feature_idx=49
objective=lambdarank
feature_names=f_course1 f_course2 f_course3 f_courseout mf_course1 mf_course2 mf_course3 mf_courseout f_mf_course1 f_mf_course2 f_mf_course3 f_mf_courseout f_len1 f_len2 f_len3 f_lenout mf_len1 mf_len2 mf_len3 mf_classout f_mf_len1 f_mf_len2 f_mf_len3 f_mf_classout f_class1 f_class2 f_class3 f_classout mf_class1 mf_class2 mf_class3 mf_classout.1 f_mf_class1 f_mf_class2 f_mf_class3 f_mf_classout.1 time_df_course1 time_df_class1 ninki_1 result_1 time_df_course2 time_df_class2 ninki_2 result_2 time_df_course3 time_df_class3 ninki_3 result_3 waku umaban
feature_infos=[0:52] [0:51] [0:46] [0:380] [0:47] [0:34] [0:44] [0:388] [0:7] [0:6] [0:6] [0:45] [0:12] [0:10] [0:9] [0:90] [0:11] [0:8] [0:10] [0:81] [0:3] [0:2] [0:2] [0:10] [0:8] [0:5] [0:5] [0:24] [0:5] [0:5] [0:4] [0:30] [0:2] [0:1] [0:2] [0:6] [-1:0] [-1:0] [-1:180] [-1:120] [-1:0] [-1:0] [-1:180] [-1:180] [-1:0] [-1:0] [-1:180] [-1:180] [1:8] [1:18]
tree_sizes=4660 4664 4660 4652 4654 4656 4670 4680

Tree=0
num_leaves=43
num_cat=0
split_feature=11 20 15 0 42 25 39 3 27 1 47 5 1 17 28 39 24 42 1 7 31 46 49 27 39 43 1 3 14 49 47 47 39 39 27 27 31 49 14 19 19 3
split_gain=5.42356 4.03831 3.65013 3.98271 4.09103 3.11272 2.76345 4.59366 4.78546 3.88179 3.9803 3.78021 3.91246 3.95671 3.59047 7.54562 3.57775 3.51692 6.85666 5.17569 5.65794 5.04165 3.32862 3.61461 3.2764 4.69908 3.82406 3.21723 2.96695 2.90221 2.74884 2.62441 3.82555 2.51557 2.82941 2.4952 2.47546 4.08837 3.68393 3.66019 2.35013 2.30663
threshold=4.5000000000000009 1.5000000000000002 10.500000000000002 41.500000000000007 8.5000000000000018 2.5000000000000004 6.5000000000000009 41.500000000000007 1.0000000180025095e-35 4.5000000000000009 15.500000000000002 1.0000000180025095e-35 2.5000000000000004 1.0000000180025095e-35 1.0000000180025095e-35 10.500000000000002 1.0000000180025095e-35 9.5000000000000018 1.5000000000000002 7.5000000000000009 11.500000000000002 85.000000000000014 1.5000000000000002 3.5000000000000004 12.500000000000002 13.500000000000002 1.0000000180025095e-35 11.500000000000002 1.0000000180025095e-35 8.5000000000000018 4.5000000000000009 10.500000000000002 3.5000000000000004 12.500000000000002 1.5000000000000002 6.5000000000000009 2.5000000000000004 4.5000000000000009 1.0000000180025095e-35 13.500000000000002 9.5000000000000018 1.0000000180025095e-35
decision_type=2 2 2 2 2 2 2 2 2 2 2 2 2 2 2 2 2 2 2 2 2 2 2 2 2 2 2 2 2 2 2 2 2 2 2 2 2 2 2 2 2 2
left_child=5 2 -2 4 35 6 17 11 -9 -10 36 16 14 -14 24 -16 28 22 21 -20 31 -19 23 -1 -13 26 -26 -17 30 -23 -8 32 40 34 -30 -4 37 -11 -39 -38 -21 -32
right_child=1 -3 3 -5 -6 -7 7 8 9 10 -12 12 13 -15 15 27 -18 18 19 20 -22 29 -24 -25 25 -27 -28 -29 33 -31 41 -33 -34 -35 -36 -37 39 38 -40 -41 -42 -43
leaf_value=-0.00036485361166147911 0.018202831259846602 0.059648037095412235 0.017488153360170625 0.02889971208725052 -0.083165617981169337 0.077065429021563492 -0.049022455183605533 -0.070048087624987557 -0.069449522666005931 -0.037133780952962922 -0.072833992970954692 0.057900087694341587 0.029139331665000198 -0.062776087952983881 -0.09726345978569069 -0.014466604792252766 -0.097243663160353891 -0.063897987734473555 0.04246476080212943 0.038989018264694017 0.088112457389551591 0.048340122761684347 0.00032003779678431286 0.099684067511401964 0.016735382070383251 0.064068439456698018 -0.10516979730596578 0.08928655358805701 -0.032778786600134988 -0.047260040588283939 0.039677943204302707 -0.077733857429204425 -0.057497595589834111 0.095990533464918773 0.082371303820921504 -0.063711151115459802 -0.10840057383687787 0.07994169954392652 0.017068608305092731 0.0043502903960146002 -0.033788459002739323 -0.0087088694276941832
leaf_weight=2.703608547570183 3.9986750343814554 1.852764188311993 3.4080207236111191 2.2947748256847254 9.9449545163661224 2.1760833142325273 4.3812581454403796 4.3451185224112114 2.898304686183109 3.8519800088834115 2.295734448824077 23.697631177492443 4.0210154126398256 3.3052868139930069 2.2274655946530393 2.1136881932616234 1.3588011115789402 14.839270694414155 8.7079357248730975 4.8394295796751994 1.7816835488192726 2.9416026305407277 46.831826643785462 2.8795075137168169 2.3252335244324049 3.401932759443298 1.7178212553262708 2.5226887015160173 2.1385905984789129 2.0973012675531209 5.5107040065340724 3.315749247558414 4.972320235799998 2.286972826346755 1.3203289700904859 2.555188562721014 1.4654328143224109 4.8906090358505052 14.474336430896072 4.4712696662172675 2.6555844426620752 12.585581220220773
leaf_count=47 63 17 49 32 198 14 82 82 66 82 44 266 66 57 53 32 26 339 143 70 11 35 744 16 43 48 33 19 40 40 76 65 110 17 17 43 30 46 205 66 50 208
internal_value=0 -0.0281501 -0.0356049 -0.0474975 -0.0586248 0.00316287 0.00238777 0.00904129 -0.00844087 -0.00055504 0.00582509 0.0180852 0.0294329 -0.0122732 0.0375052 -0.00329556 0.000644712 -0.0052703 -0.0178655 0.00307873 -0.0164272 -0.0455621 0.00580268 0.0513208 0.0465274 0.010083 -0.0352201 0.0419806 0.00550521 0.00828114 -0.00472355 -0.0284583 -0.0150931 0.04551 0.0112213 -0.0172791 0.0121328 0.0213747 0.0331138 -0.0237416 0.01302 0.00601008
internal_weight=0 24.0544 22.2016 18.2029 15.9082 214.35 212.174 113.608 38.6928 34.3477 31.4494 74.915 45.3328 7.3263 38.0065 6.86384 29.5822 98.5658 46.1509 26.2727 17.5648 19.8782 52.4149 5.58312 31.1426 7.44499 4.04305 4.63638 28.2234 5.0389 22.4775 15.7831 12.4673 5.74589 3.45892 5.96321 29.1536 23.2169 19.3649 5.9367 7.49501 18.0963
internal_count=3790 402 385 322 290 3388 3374 1704 621 539 473 1083 617 123 494 104 466 1670 863 449 306 414 807 63 390 124 76 51 440 75 366 295 230 74 57 92 429 333 251 96 120 284
is_linear=0
shrinkage=0.0625684


Tree=1
num_leaves=43
num_cat=0
split_feature=47 49 17 29 1 38 49 43 42 28 26 46 38 17 31 31 26 48 46 5 27 31 18 42 43 27 48 49 19 11 12 5 46 38 3 4 38 3 47 2 2 38
split_gain=12.0921 12.434 10.2925 11.3058 16.4559 14.5742 13.0015 9.36599 13.6935 11.9861 9.94343 10.7038 10.3386 9.8964 12.0783 9.893 10.6439 9.25613 9.11427 8.99965 10.0711 8.81121 11.9916 10.9102 8.43471 8.33954 15.6295 9.98586 12.2498 7.75356 7.66005 10.4356 8.1197 7.60354 9.7266 8.75239 7.56487 7.55313 8.21263 7.24047 6.78428 10.859
threshold=17.500000000000004 6.5000000000000009 1.5000000000000002 1.0000000180025095e-35 1.5000000000000002 55.000000000000007 3.5000000000000004 11.500000000000002 8.5000000000000018 1.0000000180025095e-35 1.0000000180025095e-35 85.000000000000014 4.5000000000000009 1.0000000180025095e-35 4.5000000000000009 1.5000000000000002 1.0000000180025095e-35 2.5000000000000004 8.5000000000000018 2.5000000000000004 4.5000000000000009 3.5000000000000004 1.5000000000000002 15.500000000000002 10.500000000000002 1.0000000180025095e-35 5.5000000000000009 13.500000000000002 1.0000000180025095e-35 13.500000000000002 1.0000000180025095e-35 2.5000000000000004 11.500000000000002 95.000000000000014 10.500000000000002 5.5000000000000009 10.500000000000002 1.0000000180025095e-35 13.500000000000002 8.5000000000000018 1.0000000180025095e-35 35.000000000000007
decision_type=2 2 2 2 2 2 2 2 2 2 2 2 2 2 2 2 2 2 2 2 2 2 2 2 2 2 2 2 2 2 2 2 2 2 2 2 2 2 2 2 2 2
left_child=2 -2 7 4 -4 29 -5 8 9 13 12 -12 18 14 -1 16 -15 -8 -10 20 25 23 -23 -21 33 26 37 -28 -29 39 31 32 -26 34 36 -36 -14 -9 -39 -6 -19 -42
right_child=1 -3 3 6 5 -7 17 19 10 -11 11 -13 24 15 -16 -17 -18 40 -20 21 -22 22 -24 -25 30 -27 27 28 -30 -31 -32 -33 -34 -35 35 -37 -38 38 -40 -41 41 -43
leaf_value=0.011033136372512875 0.012339999019148135 -0.087668182195367705 -0.07738986821712375 -0.073726752726312628 0.009775643833159044 -0.085602113748843481 0.090911378828590267 0.021664573701592665 0.020231288626079709 -0.044903624604959315 -0.060004120299428435 0.024610423103770072 0.011337105707602034 -0.019936183482416634 -0.072325645810174644 0.064249700987132882 0.088672270670216033 0.044355826008651268 -0.10261532607777844 -0.064515537564639916 -0.040182084533604279 -0.040288472884700333 0.069232891744019628 0.011456044729041544 0.013050173970264209 0.046001723300194135 0.062037976492965163 0.04822582808677138 -0.098027432142702139 0.060526299281669062 -0.1020638402077554 0.073484673599647624 -0.1070938123074021 0.033976031550089922 -0.0025151138689646366 0.044373579031738823 -0.04835680414331104 -0.09218823124036428 0.0069781602711078087 -0.056101332230083532 -0.047985765023220335 0.031148842678778946
leaf_weight=147.82634675316513 8.0707919429987687 12.131939142942427 21.412261554971337 6.8462756797671309 22.688818417489532 8.4999901894479972 5.9749833773821583 7.5090500619262484 3.4046928081661445 14.031973014585672 27.403828076086938 7.3987227082252494 12.104418074712155 14.836566682904961 7.0976629853248587 27.371031703427434 4.5983710289001456 13.202558405697344 7.5343509260565042 14.971244929358365 8.4026639182120544 6.0975857358425882 10.766243910416959 14.544399986043571 4.0690907239913958 63.042745400220156 22.94696770049632 5.1100787371397001 3.9374818950891495 7.7508774679154149 5.6693911673501125 3.685723513364791 4.7126573231071234 25.94202665425837 67.576806731522083 20.207861803472042 26.224830765277147 8.886466892436145 5.1226962581276885 9.1252532713115198 14.209322111215444 12.926116690039633
leaf_count=647 34 65 123 52 101 73 15 38 20 103 181 38 74 77 37 83 13 44 58 103 57 58 42 73 23 235 68 22 31 28 46 14 47 107 330 99 204 83 27 59 104 54
internal_value=0 -0.0477061 0.00133026 -0.0151889 -0.0318031 -0.0114324 0.00651067 0.00469217 -0.000218055 0.0109265 -0.0113588 -0.0419776 -0.00546299 0.0148221 0.00719234 0.0400295 0.0058108 0.01844 -0.0643331 0.017068 0.0258041 -0.00644709 0.0295652 -0.0270705 -0.00166084 0.0305807 0.0123755 0.0401043 -0.015426 0.00453206 -0.0419558 -0.0143357 -0.0514579 0.0031462 -0.00319401 0.00827855 -0.0294829 -0.0288 -0.055916 -0.00912361 0.00761211 -0.0102566
internal_weight=0 20.2027 725.67 122.636 69.4772 48.0649 53.1593 603.034 431.696 215.762 215.934 34.8026 181.132 201.73 154.924 46.806 19.4349 46.313 10.939 171.338 124.958 46.3795 16.8638 29.5156 170.193 116.555 53.5127 31.9945 9.04756 39.5649 18.1369 12.4675 8.78175 152.056 126.114 87.7847 38.3292 21.5182 14.0092 31.8141 40.338 27.1354
internal_count=3790 99 3691 653 384 261 269 3038 2201 960 1241 219 1022 857 684 173 90 217 78 837 561 276 100 176 944 504 269 121 53 188 130 84 70 814 707 429 278 148 110 160 202 158
is_linear=0
shrinkage=0.0625684


Tree=2
num_leaves=43
num_cat=0
split_feature=39 25 49 49 46 38 49 15 27 7 12 2 43 15 15 49 46 28 48 39 43 13 48 1 47 27 27 20 18 29 18 7 42 27 1 15 35 25 28 38 19 43
split_gain=14.198 11.8191 11.1508 15.9158 15.2579 9.4822 9.38124 16.3847 12.5055 12.152 11.444 12.3804 11.545 10.7214 19.6865 9.45295 9.36803 11.1965 9.3574 8.71722 8.28166 7.94941 13.9053 14.6846 9.88487 7.84566 8.26462 7.6957 10.2721 7.71681 7.69386 9.06201 8.8157 7.62608 7.60816 7.56849 7.56712 11.4605 10.3273 7.48556 7.23607 7.18049
threshold=6.5000000000000009 2.5000000000000004 3.5000000000000004 2.5000000000000004 75.000000000000014 95.000000000000014 2.5000000000000004 3.5000000000000004 11.500000000000002 2.5000000000000004 6.5000000000000009 6.5000000000000009 1.5000000000000002 7.5000000000000009 22.500000000000004 3.5000000000000004 4.5000000000000009 1.0000000180025095e-35 4.5000000000000009 12.500000000000002 13.500000000000002 1.5000000000000002 5.5000000000000009 34.000000000000007 17.500000000000004 1.0000000180025095e-35 8.5000000000000018 1.5000000000000002 1.0000000180025095e-35 1.0000000180025095e-35 2.5000000000000004 143.50000000000003 115.00000000000001 1.5000000000000002 1.0000000180025095e-35 16.500000000000004 1.0000000180025095e-35 1.0000000180025095e-35 1.0000000180025095e-35 65.000000000000014 1.5000000000000002 5.5000000000000009
decision_type=2 2 2 2 2 2 2 2 2 2 2 2 2 2 2 2 2 2 2 2 2 2 2 2 2 2 2 2 2 2 2 2 2 2 2 2 2 2 2 2 2 2
left_child=1 6 3 4 5 19 7 -1 10 -9 11 12 15 -11 -15 -8 -14 -18 -12 20 -2 24 27 39 30 -13 -27 28 29 40 31 32 36 -30 -34 -17 37 38 -4 -24 -23 -39
right_child=2 -3 21 -5 -6 -7 8 9 -10 13 18 25 16 14 -16 35 17 -19 -20 -21 -22 22 23 -25 -26 26 -28 -29 33 -31 -32 -33 34 -35 -36 -37 -38 41 -40 -41 -42 -43
leaf_value=-0.044134936692445871 -0.0072148469720694271 0.072309673380749159 0.024239500524878683 -0.06415141290589195 -0.08259827476304106 0.071520853849004154 -0.075560700616524659 -0.035441783312942982 -0.090132896820134437 0.099654655426418909 0.084299989126278257 0.017319705573139086 -0.072775324641716141 -0.057332726103481418 0.069967420961471113 0.0062197031131990283 -0.027913032902186097 0.036254019795342818 -0.015227525690531197 -0.060496025970665911 0.076350367985522527 0.045950929930356016 -0.032434158513440968 0.078467795901791509 -0.057357074279435434 -0.066188135069302989 0.017147156297046752 0.097194644934746041 0.036083835872614246 0.10359637312716756 0.054328910925082435 -0.068848551861362614 0.0036493951438802451 -0.084691372805923981 -0.093101501463807995 0.086785820242001113 0.064220176263451445 0.029609294642642517 -0.054080453314256788 -0.10622634634360421 -0.032674389317858168 -0.093094172811434506
leaf_weight=14.84240893088281 13.675555806607013 6.6645357292145482 176.6411441359669 18.856576601043344 6.6580890826880923 10.143436372280119 5.2316859290003768 8.0768411643803102 8.7531257998198253 11.153068998828532 8.0924809016287309 6.6522549223154774 14.040865481831132 7.4719852870330241 12.933759130537508 80.334844624623656 63.472722451202571 12.746460443362592 6.7415215587243429 6.7943201176822177 6.9767665937542906 11.179930318146949 22.271819315850738 3.8835762888193122 6.6336774788796893 36.628244940191507 5.2998805306851855 4.4528920650482169 2.9839400798082334 4.6603702530264846 22.94993868470192 4.7530420720577231 9.1300187669694406 6.3092625420540571 4.8321504127234212 4.8113471195101729 14.971797544509171 2.7348369881510717 6.8076034225523463 7.1226376704871646 7.7047372832894316 5.6876188032329082
leaf_count=111 92 17 726 130 42 28 40 35 68 26 18 32 121 52 40 384 505 69 41 53 20 49 145 12 67 260 31 7 16 9 75 36 36 67 33 10 44 12 62 65 54 50
internal_value=0 -0.00989651 0.00799107 -0.0160678 0.00443069 0.0199342 -0.0116907 0.0118423 -0.0167672 0.0328516 -0.0141194 -0.017571 -0.010018 0.0503839 0.023282 0.00577898 -0.0258443 -0.0171564 0.0390602 0.000765749 0.0210383 0.0126569 -0.00591523 -0.0353106 0.0177982 -0.0456064 -0.0556225 0.020295 0.00974614 0.0317517 0.0198163 0.0162923 0.0181401 -0.0458021 -0.0298964 0.0108172 0.0213923 0.0180341 0.0213178 -0.050452 0.0138128 -0.0531598
internal_weight=0 313.948 388.816 63.1047 44.2482 37.5901 307.283 54.4781 252.805 39.6357 244.052 229.218 180.638 31.5588 20.4057 90.3779 90.26 76.2192 14.834 27.4466 20.6523 325.711 70.5692 33.278 255.142 48.5804 41.9281 37.2911 32.8382 23.545 248.508 225.558 220.805 9.2932 13.9622 85.1462 206.843 191.871 183.449 29.3945 18.8847 8.42246
internal_count=3790 1860 1930 365 235 193 1843 264 1579 153 1511 1452 1129 118 92 434 695 574 59 165 112 1565 424 222 1141 323 291 202 195 112 1074 999 963 83 69 394 894 850 788 210 103 62
is_linear=0
shrinkage=0.0625684


Tree=3
num_leaves=43
num_cat=0
split_feature=39 49 4 49 15 19 40 43 46 49 49 19 8 38 19 7 6 39 38 38 17 7 7 0 39 11 15 12 25 49 5 17 7 49 38 43 6 6 48 38 19 3
split_gain=9.63883 11.8624 8.67714 9.78123 7.91479 7.48303 6.97391 9.61294 13.5505 11.8416 9.25782 15.8057 8.19963 8.127 7.25824 8.13096 8.76462 7.25287 7.87635 6.80987 9.16381 6.45067 7.55027 6.21269 6.16999 7.02362 5.88047 5.84582 6.61627 6.80327 5.79195 7.62982 5.61833 5.51054 16.5073 9.71732 10.8189 8.65729 6.01657 6.88593 6.79099 10.1933
threshold=6.5000000000000009 10.500000000000002 1.0000000180025095e-35 14.500000000000002 7.5000000000000009 47.500000000000007 -1.0000000180025095e-35 4.5000000000000009 19.000000000000004 7.5000000000000009 8.5000000000000018 1.5000000000000002 1.0000000180025095e-35 45.000000000000007 8.5000000000000018 172.50000000000003 18.500000000000004 2.5000000000000004 45.000000000000007 65.000000000000014 1.0000000180025095e-35 1.5000000000000002 13.500000000000002 16.500000000000004 16.500000000000004 7.5000000000000009 11.500000000000002 1.5000000000000002 1.0000000180025095e-35 13.500000000000002 8.5000000000000018 1.5000000000000002 1.0000000180025095e-35 5.5000000000000009 3.5000000000000004 13.500000000000002 1.0000000180025095e-35 11.500000000000002 4.5000000000000009 115.00000000000001 14.500000000000002 15.500000000000002
decision_type=2 2 2 2 2 2 2 2 2 2 2 2 2 2 2 2 2 2 2 2 2 2 2 2 2 2 2 2 2 2 2 2 2 2 2 2 2 2 2 2 2 2
left_child=1 6 3 4 -3 24 10 8 -8 12 11 23 17 -10 26 30 -17 19 -19 20 -9 -12 -23 -1 33 -26 -13 -4 29 -29 31 -16 -5 34 -2 38 -37 -38 39 40 41 -36
right_child=5 2 27 32 -6 -7 7 9 13 -11 21 14 -14 -15 15 16 -18 18 -20 -21 -22 22 -24 -25 25 -27 -28 28 -30 -31 -32 -33 -34 -35 35 36 37 -39 -40 -41 -42 -43
leaf_value=-0.063990984787578406 0.07578315879439225 -0.067829985343711194 -0.062512810969306207 -0.033229410996779493 0.011762100337051364 -0.068009406484999299 -0.092827417279457175 0.030672516165197117 0.015197358258305755 -0.043232207437658536 0.10376068846141041 0.018554768333026862 0.056402799447768354 -0.074924872262795802 -0.055219971189432865 0.088795700870370489 -0.023902234714307389 -0.0017683177949479299 -0.08420021180768153 0.09015532771540323 -0.073961048425455311 -0.049399424193623649 0.050761434334149237 0.027241767777294017 -0.04315346146516677 0.067606942152634658 0.078389578238055493 -0.05856125974845118 -0.070930552554240661 0.051542598797902163 -0.088334883823874652 0.054068691007534753 0.058666751796334682 0.014414213807648728 -0.011266785592166251 0.056839277626004603 -0.051563399915759721 0.064427366148385373 -0.095680923889807992 0.019942339248415781 0.008844180639697885 -0.078814792770039263
leaf_weight=15.893312545493247 9.4806358069181424 11.162014693021776 30.78207713086158 3.4417781550437203 8.6343758143484575 5.1618176056072107 11.986613886430861 15.326261775568133 14.712660726159813 18.749127250164747 5.8094417601823833 17.455759022384886 13.569550791755317 5.2973114214837542 5.6204963102936762 5.7566689103841764 5.0214411728084087 17.246921602636579 6.139830168336629 4.98717913404107 4.1299125254154196 3.8368639573454884 12.248904246836899 3.539912447333335 15.920813893899323 2.5705704130232325 10.237728498876093 3.2368860319256765 5.3335480000823727 6.6419857135042548 5.1588612087070933 4.4475765004754066 10.294965541921554 251.97337256837636 17.983853325247765 14.797645103186371 9.6182436570525152 3.3713508807122698 4.237448811531066 13.882139243185518 12.827203825116156 17.09839129447937
leaf_count=107 27 85 298 27 44 47 112 86 80 167 9 74 58 45 34 15 34 121 59 15 41 24 50 11 136 11 32 31 51 37 41 17 55 1167 107 42 67 12 23 65 73 153
internal_value=0 -0.0086554 -0.0291919 -0.00494121 -0.0330974 0.00654901 -0.00076325 -0.011334 -0.0403076 0.00023074 0.0116996 0.00099158 0.0135369 -0.00868979 0.018506 -0.00519493 0.0362752 0.00132191 -0.0235454 0.0251594 0.00831727 0.047359 0.0267491 -0.047297 0.0075876 -0.0276028 0.0407818 -0.0468318 -0.0149619 0.0152789 -0.0346367 -0.00681252 0.0355366 0.00942475 -0.00273607 -0.0107066 0.0202964 -0.0212862 -0.0237742 -0.0187765 -0.0300249 -0.0442633
internal_weight=0 286.7 79.5276 33.5331 19.7964 378.923 207.172 112.145 31.9966 80.1488 95.027 73.1318 61.3997 20.01 53.6985 26.005 10.7781 47.8301 23.3868 24.4434 19.4562 21.8952 16.0858 19.4332 373.762 18.4914 27.6935 45.9945 15.2124 9.87887 15.2269 10.0681 13.7367 355.27 103.297 93.8163 27.7872 12.9896 66.029 61.7916 47.9094 35.0822
internal_count=3790 1860 628 211 129 1930 1232 784 237 547 448 365 380 125 247 141 49 322 180 142 127 83 74 118 1883 147 106 417 119 68 92 51 82 1736 569 542 121 79 421 398 333 260
is_linear=0
shrinkage=0.0625684


Tree=4
num_leaves=43
num_cat=0
split_feature=16 42 5 42 47 11 5 43 15 38 38 17 6 35 7 47 4 48 4 4 43 49 43 39 1 7 43 12 14 3 47 7 7 11 3 47 7 43 47 27 3 43
split_gain=6.78382 14.408 12.131 10.7016 11.4106 10.4056 8.44192 15.7691 10.3353 8.37983 10.3014 9.35309 12.9424 8.1917 11.0851 9.16438 8.79863 9.60933 8.16953 7.81485 7.03333 6.62485 6.39984 11.1125 7.10913 7.14286 9.69294 6.80592 7.53754 6.51885 7.61751 7.06185 11.2077 7.17435 6.95789 5.96417 6.67285 5.84188 6.24937 5.81859 7.21106 7.7039
threshold=1.0000000180025095e-35 15.500000000000002 1.0000000180025095e-35 95.000000000000014 12.500000000000002 2.5000000000000004 1.0000000180025095e-35 2.5000000000000004 4.5000000000000009 25.000000000000004 125.00000000000001 1.0000000180025095e-35 4.5000000000000009 1.0000000180025095e-35 172.50000000000003 1.5000000000000002 11.500000000000002 3.5000000000000004 2.5000000000000004 2.5000000000000004 16.500000000000004 10.500000000000002 16.500000000000004 15.500000000000002 6.5000000000000009 18.500000000000004 5.5000000000000009 7.5000000000000009 3.5000000000000004 41.500000000000007 13.500000000000002 67.500000000000014 35.500000000000007 1.0000000180025095e-35 10.500000000000002 5.5000000000000009 65.500000000000014 8.5000000000000018 7.5000000000000009 11.500000000000002 19.500000000000004 5.5000000000000009
decision_type=2 2 2 2 2 2 2 2 2 2 2 2 2 2 2 2 2 2 2 2 2 2 2 2 2 2 2 2 2 2 2 2 2 2 2 2 2 2 2 2 2 2
left_child=1 5 -2 6 18 22 7 -3 -8 11 39 35 19 14 16 -16 -14 -18 -5 -13 -9 -15 23 24 29 26 27 28 -26 31 -31 32 33 -1 -33 -4 -37 -10 -39 40 41 -11
right_child=2 3 9 4 -6 -7 8 20 37 10 -12 12 13 21 15 -17 17 -19 -20 -21 -22 -23 -24 -25 25 -27 -28 -29 -30 30 -32 34 -34 -35 -36 36 -38 38 -40 -41 -42 -43
leaf_value=0.0069433334202410411 -0.063720571333212739 0.028908746440923689 -0.07451138496039858 0.03718605404927567 -0.043395587172911247 -0.050934251178188214 0.023504117263876325 -0.082114277385240186 -0.066608033817117746 0.018629757441181581 -0.04156077153858044 -0.018886371607436135 -0.083016657521294737 0.039711195976587378 0.034818106086029546 -0.044920448258089177 0.039820453727945265 -0.062911038928948712 -0.048969535841793879 0.060847144410011982 0.0085598246461349309 -0.046728073759824879 0.075765756164648285 -0.06179776492764457 -0.0061964032407832142 0.06409264482632869 0.042162003289624994 0.057319808282475827 -0.10494946857058493 -0.0465833992364783 0.05824193731550889 -0.0028992503771967317 -0.06164107362651975 0.044318020934955828 0.082843568954092908 0.0045302483445793119 -0.074242616163820968 0.058532353416712327 -0.04381402559899987 -0.052873831198107069 0.035979416887032746 -0.067535196377717918
leaf_weight=122.27740952186286 14.608886906877158 8.0162865780293924 14.013343030586837 34.2536287792027 11.948078772053121 9.637044429779051 21.05282917432487 25.092881413176659 12.183470835909249 12.233779739588501 12.690450828522442 6.8938076756894615 17.729697810485959 13.977048374712469 14.11067281290889 9.3518886798992735 6.4054704140871745 7.9386894479393959 4.8885294273495665 15.667833738029001 3.8318764008581629 4.5741831120103589 6.6169470213353625 7.4058413989841929 10.345499984920027 20.368163377977908 29.331069320440292 3.9085864275693885 4.2622573673725119 14.287990814074876 3.3103605210781089 5.6915249228477505 8.2617698255926353 24.064709942787886 10.441123349592088 13.074222305789592 6.1575339399278155 3.9635105654597265 5.5853158608078957 4.0702977217733851 50.398168303072453 6.0346617586910716
leaf_count=663 115 43 100 158 106 84 120 214 110 73 83 51 167 60 63 82 36 77 40 64 23 39 20 58 62 69 114 10 30 115 12 32 58 81 29 80 53 15 47 37 242 55
internal_value=0 0.00481429 -0.00860554 -0.0123241 0.0100115 0.0128199 -0.0266495 -0.0485527 -0.00768918 -0.00485178 0.0103585 -0.0148637 -0.00499831 -0.0176439 -0.0296719 0.00296944 -0.0535627 -0.0169722 0.0263653 0.036443 -0.0700675 0.0182927 0.0151007 0.0135664 0.0157539 0.0330622 0.0197945 -0.015589 -0.0352587 0.00947419 -0.0267297 0.0132168 0.00909165 0.0131055 0.052581 -0.0434773 -0.0207173 -0.0379481 -0.00116071 0.019447 0.0237735 -0.00984316
internal_weight=0 411.027 229.931 130.816 51.0902 280.21 79.7262 36.941 42.7851 215.322 85.4274 129.894 96.6493 74.0877 55.5364 23.4626 32.0739 14.3442 39.1422 22.5616 28.9248 18.5512 270.573 263.956 256.55 68.2156 47.8474 18.5163 14.6078 188.335 17.5984 170.737 154.604 146.342 16.1326 33.2451 19.2318 21.7323 9.54883 72.7369 68.6666 18.2684
internal_count=3790 2313 1477 876 304 1437 572 280 292 1362 490 872 639 524 425 145 280 113 198 115 237 99 1353 1333 1275 285 216 102 92 990 127 863 802 744 61 233 133 172 62 407 370 128
is_linear=0
shrinkage=0.0625684


Tree=5
num_leaves=43
num_cat=0
split_feature=24 15 10 17 30 7 19 4 2 27 38 27 11 39 24 27 4 11 38 49 49 16 1 15 15 1 9 40 13 23 42 31 38 7 3 19 39 47 39 46 4 3
split_gain=6.48996 7.39909 11.3804 5.58676 6.29011 8.50722 7.4027 7.03854 6.16045 5.63504 6.30628 5.57215 5.24439 6.24624 5.15282 8.86608 5.09437 4.94021 4.26041 4.00747 16.5829 8.61176 6.85041 6.14198 10.9889 3.98656 3.40714 3.05921 3.041 3.20829 2.91626 5.15361 2.68421 3.25559 2.45969 2.27927 2.05187 1.09513 1.01596 0.922945 0.671719 0.657838
threshold=2.5000000000000004 43.000000000000007 1.5000000000000002 1.5000000000000002 1.0000000180025095e-35 143.50000000000003 34.500000000000007 8.5000000000000018 25.500000000000004 1.0000000180025095e-35 35.000000000000007 13.500000000000002 10.500000000000002 25.000000000000004 1.0000000180025095e-35 10.500000000000002 2.5000000000000004 20.000000000000004 4.5000000000000009 2.5000000000000004 3.5000000000000004 2.5000000000000004 9.5000000000000018 20.500000000000004 12.500000000000002 22.500000000000004 1.0000000180025095e-35 -1.0000000180025095e-35 3.5000000000000004 1.5000000000000002 1.5000000000000002 2.5000000000000004 3.5000000000000004 202.00000000000003 34.500000000000007 2.5000000000000004 1.5000000000000002 6.5000000000000009 1.5000000000000002 75.000000000000014 1.5000000000000002 4.5000000000000009
decision_type=2 2 2 2 2 2 2 2 2 2 2 2 2 2 2 2 2 2 2 2 2 2 2 2 2 2 2 2 2 2 2 2 2 2 2 2 2 2 2 2 2 2
left_child=1 2 3 8 7 18 -7 16 12 36 -11 14 13 19 15 25 -5 -2 -6 23 21 -21 -22 24 -1 -3 35 -13 29 -4 -18 37 33 -9 -33 -16 -8 -32 -25 -34 -10 -15
right_child=17 11 28 4 5 6 9 32 40 10 -12 27 -14 41 26 -17 30 -19 -20 20 22 -23 -24 38 -26 -27 -28 -29 -30 -31 31 34 39 -35 -36 -37 -38 -39 -40 -41 -42 -43
leaf_value=0.017458664399261671 -0.095862488940530607 0.0013471159734612164 -0.080913055667786823 -0.071281387368691745 -0.0019287126583814459 0.064672955999551876 0.063100449208258552 -0.081390388728618548 -0.04695019143839764 -0.096207985321116643 0.0074801991580542796 0.018709171913744688 0.068377941660746164 -0.033448700393735237 0.049288352676242417 0.062958329222987053 0.036885905008033307 0.0054200961431861514 -0.094063930110815819 -0.0699131221221449 0.0067826284160857802 0.05261623358878826 -0.018892298188370189 0.077471809524265731 -0.081221156748129089 -0.09268579780990556 0.081197102994954987 -0.06902834990323653 -0.11241135177379993 -0.0019086562719117235 -0.022744049418598661 0.061707843651574903 -0.099670501062064792 0.012779537563867703 -0.016602431427635636 -0.0031045306289219292 0.00061537505144368604 -0.081067715818869221 0.039658740546387621 -0.050530383143402149 -0.10007569715975326 -0.083337001899435659
leaf_weight=49.330408411100507 4.7916382849216452 3.6075513660907728 4.0010202620178443 4.4891134034842279 3.5441822931170455 9.359701585024597 4.2946234066039342 2.7518718224018803 2.1698244325816622 4.0233936626464111 5.2406173460185528 2.8217527493834496 4.7447691708803168 1.7315611876547325 10.312468864023687 5.2760258466005325 6.3822733052074936 3.0561434216797352 4.4510613661259413 17.615736326202754 347.59416553936899 2.5377897284924975 46.026088135316968 5.7774545438587648 4.8168978299945584 3.3785021416842937 9.4240165986120683 3.3629969619214526 3.396685514599084 4.0772418938577175 2.1348010655492526 3.1819708533585072 6.9916611053049547 2.918703056871891 3.0148589294403791 4.6778509374707928 3.9922418873757124 3.4251893069595098 5.9651623666286469 2.1816424280405045 1.9770484343171117 3.2902325317263603
leaf_count=277 48 21 39 41 21 41 14 29 20 38 24 18 17 19 38 21 24 9 44 175 1906 12 308 13 49 29 25 33 36 31 20 15 72 15 28 31 28 37 29 23 24 48
internal_value=0 0.000716808 -0.00114373 0.000106807 -0.0161208 0.00296241 0.0198349 -0.0339137 0.00248959 -0.00409018 -0.0376144 0.0257897 0.00313752 0.00249194 0.0350657 0.00186671 -0.011857 -0.0564219 -0.0535365 0.00322307 0.00093748 -0.0543678 0.00377629 0.0175515 0.00861542 -0.0441918 0.0516692 -0.0289331 -0.0627412 -0.0413457 0.00289127 -0.0155203 -0.0673612 -0.0329321 0.0235442 0.0328938 0.0332538 -0.0591398 0.0585229 -0.0883282 -0.073136 -0.0666867
internal_weight=0 620.291 577.43 565.955 72.3779 34.9058 26.9106 37.4721 493.577 17.5509 9.26401 42.8612 489.43 484.685 36.6764 12.2621 22.6282 7.84778 7.99524 479.664 413.774 20.1535 393.62 65.8899 54.1473 6.98605 24.4143 6.18475 11.4749 8.07826 18.1391 11.7568 14.8439 5.67057 6.19683 14.9903 8.28687 5.55999 11.7426 9.1733 4.14687 5.02179
internal_count=3790 3733 3517 3411 514 210 145 304 2897 104 62 216 2853 2836 165 71 165 57 65 2769 2401 187 2214 368 326 50 94 51 106 70 124 100 139 44 43 69 42 57 42 95 44 67
is_linear=0
shrinkage=0.0625684


Tree=6
num_leaves=43
num_cat=0
split_feature=16 42 38 46 11 12 15 0 39 43 7 26 48 31 28 47 38 27 43 38 38 7 49 27 42 28 42 25 38 11 2 28 15 14 39 3 48 43 42 39 15 49
split_gain=4.89096 8.31787 7.63096 9.91962 6.77589 6.35582 7.61943 11.8947 9.2331 5.98941 5.96091 5.92828 5.90206 12.532 8.51674 6.96872 7.47593 6.78647 5.86577 5.41487 5.31899 7.32922 6.06569 5.08312 4.89973 9.85279 7.46251 6.48951 5.6827 6.96046 6.85485 5.32125 6.21312 6.20416 5.56283 5.1666 5.07909 4.73316 8.68192 5.78642 10.0993 5.75086
threshold=1.0000000180025095e-35 17.500000000000004 135.00000000000003 15.500000000000002 2.5000000000000004 6.5000000000000009 6.5000000000000009 2.5000000000000004 5.5000000000000009 3.5000000000000004 5.5000000000000009 1.0000000180025095e-35 5.5000000000000009 1.5000000000000002 1.5000000000000002 8.5000000000000018 115.00000000000001 6.5000000000000009 3.5000000000000004 135.00000000000003 35.000000000000007 1.0000000180025095e-35 6.5000000000000009 3.5000000000000004 11.500000000000002 1.0000000180025095e-35 8.5000000000000018 1.0000000180025095e-35 8.5000000000000018 1.5000000000000002 4.5000000000000009 1.0000000180025095e-35 4.5000000000000009 1.0000000180025095e-35 4.5000000000000009 4.5000000000000009 2.5000000000000004 13.500000000000002 14.500000000000002 8.5000000000000018 9.5000000000000018 4.5000000000000009
decision_type=2 2 2 2 2 2 2 2 2 2 2 2 2 2 2 2 2 2 2 2 2 2 2 2 2 2 2 2 2 2 2 2 2 2 2 2 2 2 2 2 2 2
left_child=1 4 3 -3 10 6 7 9 18 -5 37 -12 19 -14 15 17 -17 -15 -8 24 22 -22 -11 -13 25 26 28 -27 30 -30 -2 32 35 -34 -35 -26 -32 38 41 40 -39 -1
right_child=12 2 -4 5 -6 -7 8 -9 -10 20 11 23 13 14 -16 16 -18 -19 -20 -21 21 -23 -24 -25 31 27 -28 -29 29 -31 36 -33 33 34 -36 -37 -38 39 -40 -41 -42 -43
leaf_value=-0.033671349130897595 0.06390518927573223 -0.069849554248572018 0.028563929006328169 -0.083288129179245288 -0.047201922770161227 0.049441025172798261 0.043280352795835517 0.050026912898398432 -0.083679502052973309 0.066306827648426173 0.013940879864321061 0.069118885437050748 -0.06017728900372149 0.026878754253662672 -0.066292701439184906 -0.055699931523773491 0.052624269454814507 -0.04567518211653937 -0.045986241884768339 -0.072164407539662315 0.031314760982006258 -0.049327284104634508 -0.02811016565778908 0.011373593679228262 -0.00053219130936245362 -0.069609456314006016 -0.04451373938826602 0.012033900076032392 -0.071092513807306787 0.051201569687732901 0.035166550084698392 0.037965410967964498 0.050084206522076451 -0.061097002304527026 0.013089506021501118 -0.093216115236248398 -0.073594808999913844 -0.09715886398550741 -0.09087863550866962 0.040701104763730823 0.057520315919970262 0.0058355181257996099
leaf_weight=17.397656695917249 14.59740430489183 12.342000002041457 16.396486181765795 4.9205736983567467 7.9976990614086381 6.5085887983441344 5.3196176327765006 13.084410615265368 11.681166084483264 6.2603738754987699 130.43393996637315 15.622770089656116 22.70200907625258 34.497332252562046 7.9876995682716361 12.073705263435839 3.1031672134995452 5.8706832416355601 6.2037944011390209 3.8109335154294959 6.0507979132235077 15.950063787400721 4.5734256524592638 9.7503700517117959 5.155305737629531 13.708038553595545 8.0988577567040902 5.2321537788957349 4.6100651584565631 2.9593839943408966 3.8231605906039468 24.430012416094542 11.908366143703462 5.3790678381919887 14.648491157218812 4.3394654914736748 2.9408392272889614 3.5787561517208841 4.3557621864601961 20.749036440625787 3.0079852640628815 83.553383039310575
leaf_count=150 54 131 71 54 89 24 24 55 117 25 632 48 203 187 70 128 17 54 62 35 33 140 39 52 35 130 64 38 43 12 20 130 50 48 89 42 28 37 43 70 11 406
internal_value=0 0.0040235 -0.0107239 -0.0176781 0.00946476 -0.00964536 -0.0148739 -0.001284 -0.0445564 -0.0191239 0.011045 0.0193431 -0.00770434 -0.0203065 -0.0060181 0.00266404 -0.0334118 0.016271 -0.00467538 0.000939406 -0.00940033 -0.0270844 0.0263826 0.0470161 0.00325424 -0.010342 0.00841112 -0.0470155 0.0232992 -0.0231188 0.0398098 0.0148249 0.0011337 0.014376 -0.00684818 -0.0431856 -0.0120848 0.00128693 -0.00472754 0.0244751 -0.0264186 -0.000970781
internal_weight=0 405.739 109.291 92.8948 296.447 80.5528 74.0442 50.8396 23.2046 37.7552 288.45 155.807 211.876 86.2346 63.5326 55.5449 15.1769 40.368 11.5234 125.642 32.8347 22.0009 10.8338 25.3731 121.831 55.9699 37.0297 18.9402 28.9309 7.56945 21.3614 65.8607 41.4307 31.9359 20.0276 9.49477 6.764 132.643 105.307 27.3358 6.58674 100.951
internal_count=3790 2313 775 704 1538 573 549 346 203 291 1449 732 1477 659 456 386 145 241 86 818 237 173 64 100 783 389 221 168 157 55 102 394 264 187 137 77 48 717 599 118 48 556
is_linear=0
shrinkage=0.0625684


Tree=7
num_leaves=43
num_cat=0
split_feature=19 7 29 20 0 39 3 10 39 42 19 49 3 42 11 0 15 3 49 3 6 0 39 23 13 14 46 3 20 5 2 11 49 6 49 0 10 4 49 3 16 0
split_gain=4.39587 8.87569 6.8666 5.9338 5.90613 6.24185 6.15183 5.89153 5.54769 4.68658 7.84323 7.16229 7.24311 6.23731 6.1632 5.60374 5.57825 5.51319 5.20746 7.63569 5.06163 4.85425 7.91232 12.8838 12.744 8.67891 7.53143 5.51264 5.97929 5.39095 5.21866 4.74059 5.26581 4.2191 9.1342 4.19516 5.3219 5.47673 4.06235 4.0128 4.01164 3.98681
threshold=10.500000000000002 74.500000000000014 1.0000000180025095e-35 1.0000000180025095e-35 1.0000000180025095e-35 4.5000000000000009 9.5000000000000018 1.0000000180025095e-35 11.500000000000002 1.5000000000000002 2.5000000000000004 8.5000000000000018 13.500000000000002 2.5000000000000004 4.5000000000000009 18.500000000000004 1.0000000180025095e-35 45.500000000000007 16.500000000000004 3.5000000000000004 1.0000000180025095e-35 2.5000000000000004 8.5000000000000018 1.0000000180025095e-35 1.0000000180025095e-35 1.0000000180025095e-35 6.5000000000000009 36.500000000000007 1.0000000180025095e-35 1.0000000180025095e-35 3.5000000000000004 1.0000000180025095e-35 6.5000000000000009 15.500000000000002 6.5000000000000009 1.0000000180025095e-35 1.0000000180025095e-35 6.5000000000000009 1.5000000000000002 12.500000000000002 1.5000000000000002 16.500000000000004
decision_type=2 2 2 2 2 2 2 2 2 2 2 2 2 2 2 2 2 2 2 2 2 2 2 2 2 2 2 2 2 2 2 2 2 2 2 2 2 2 2 2 2 2
left_child=1 9 3 4 5 40 -6 -5 -7 10 11 15 -13 -11 18 17 -12 20 21 -20 38 22 23 25 29 -15 -26 31 30 -24 -29 32 -23 35 -35 -4 -37 -38 -1 -8 -2 -14
right_child=2 -3 33 7 6 8 39 -9 -10 13 16 12 41 14 -16 -17 -18 -19 19 -21 -22 27 24 -25 26 -27 -28 28 -30 -31 -32 -33 -34 34 -36 36 37 -39 -40 -41 -42 -43
leaf_value=0.018519856176552659 -0.079768981373368464 0.057185795850531358 -0.015172063129990811 -0.045180328280878944 -0.095659766281124173 0.055153362161058594 0.042869742439063011 0.047962877658738842 -0.02386221877616166 -0.08392868046285791 -0.0055852480850972731 0.04282927502599583 -0.052364850584148526 -0.023699986298707378 -0.082215333952732464 0.04106535520815674 0.048450945158105684 -0.1074176230252326 0.025073371565876527 -0.071449966486569191 0.019249899204009793 -0.018106599698126086 0.00017098354854400076 0.046307872048323553 0.0081943953544122566 -0.098022400495326484 -0.10120133296996131 -0.037770692063368423 -0.063708516459313122 0.031855111293398068 0.010732296349783082 0.064936556351862851 0.039681771245351091 -0.070916187516475271 0.020867474690085 0.050345478784114994 0.046761694480607838 -0.08861726171600634 -0.075285554440509564 -0.029518082564615321 -0.0028233177743180234 0.037735346172588835
leaf_weight=2.3546365946531385 4.297203106805684 11.616312574595211 8.1146366950124484 3.6345002166926852 5.3785144295543423 10.322794342413543 3.0990876629948607 9.5790819842368347 5.1915988139808169 3.5333689935505381 9.8835794571787101 18.164439024403695 6.3918166402727348 52.462168946862221 3.5610546804964534 3.9194266498088828 30.180069863796234 3.8513134010136119 4.9338913783431044 8.9975011050701124 6.3326932452619067 10.380580591037871 48.12368400581181 9.3733095116913301 3.9600223824381811 6.9589979723095885 6.3904205448925495 9.5161832049489004 4.96920047327876 37.396561613306403 95.178956856951118 11.242728266865013 15.076458368450401 6.8005306869745281 11.150966819375752 20.220184931531552 2.2047581151127806 2.4099793247878551 7.3524919021874666 66.408392262645066 6.9347849618643522 2.7016482166945934
leaf_count=15 45 44 56 36 53 48 17 46 27 30 59 63 60 435 41 14 115 39 29 83 35 57 244 39 21 74 68 80 49 158 554 37 62 63 72 94 10 33 69 556 47 13
internal_value=0 0.00330508 -0.00866913 -0.0171496 -0.0222834 0.00291475 -0.0312954 0.0222102 0.0286462 0.00181909 0.0143862 -0.00185368 0.0200119 -0.00162766 -0.000730738 -0.0269247 0.035099 -0.0404235 0.000167059 -0.0372075 -0.0240803 0.00184847 -0.00551608 -0.0217054 0.00609284 -0.0324725 -0.0593472 0.0101408 0.00310169 0.0140459 0.00630249 0.0311228 0.0160809 0.0104419 -0.0139074 0.0237421 0.0365051 -0.0238261 -0.0524315 -0.0262557 -0.0325083 -0.0254346
internal_weight=0 434.804 165.747 114.846 101.632 26.7464 74.886 13.2136 15.5144 423.187 91.1321 51.0685 27.2579 332.055 328.522 23.8106 40.0636 19.8911 324.961 13.9314 16.0398 311.029 164.665 68.7945 95.8707 59.4212 10.3504 146.364 109.664 85.5202 104.695 36.6998 25.457 50.9011 17.9515 32.9496 24.8349 4.61474 9.70713 69.5075 11.232 9.09346
internal_count=3790 2587 1203 875 793 167 626 82 75 2543 482 308 136 2061 2031 172 174 158 1990 112 119 1878 1039 548 491 509 89 839 683 402 634 156 119 328 135 193 137 43 84 573 92 73
is_linear=0
shrinkage=0.0625684


end of trees

feature_importances:
umaban=26
ninki_1=22
result_1=20
f_courseout=18
mf_courseout=17
result_2=17
f_classout=16
f_lenout=15
ninki_2=14
result_3=13
mf_classout=12
f_mf_courseout=11
f_course2=10
ninki_3=10
mf_course1=9
f_course1=8
waku=8
mf_course2=7
mf_len2=7
mf_class1=7
mf_classout.1=7
f_course3=6
mf_course3=6
f_len1=5
f_len3=5
f_class2=5
mf_len1=4
f_mf_len1=4
f_mf_course3=3
f_len2=3
mf_len3=3
f_class1=3
f_class3=3
mf_class2=3
f_mf_classout=2
f_mf_classout.1=2
time_df_course2=2
f_mf_course1=1
f_mf_course2=1
mf_class3=1

parameters:
[boosting: gbdt]
[objective: lambdarank]
[metric: ndcg]
[tree_learner: serial]
[device_type: cpu]
[data_sample_strategy: bagging]
[data: ]
[valid: ]
[num_iterations: 205]
[learning_rate: 0.0625684]
[num_leaves: 43]
[num_threads: 16]
[seed: 0]
[deterministic: 0]
[force_col_wise: 1]
[force_row_wise: 0]
[histogram_pool_size: -1]
[max_depth: 10]
[min_data_in_leaf: 21]
[min_sum_hessian_in_leaf: 0.001]
[bagging_fraction: 1]
[pos_bagging_fraction: 1]
[neg_bagging_fraction: 1]
[bagging_freq: 0]
[bagging_seed: 7719]
[feature_fraction: 1]
[feature_fraction_bynode: 1]
[feature_fraction_seed: 2437]
[extra_trees: 0]
[extra_seed: 11797]
[early_stopping_round: 0]
[first_metric_only: 0]
[max_delta_step: 0]
[lambda_l1: 0.0177849]
[lambda_l2: 0.0330836]
[linear_lambda: 0]
[min_gain_to_split: 0]
[drop_rate: 0.1]
[max_drop: 50]
[skip_drop: 0.5]
[xgboost_dart_mode: 0]
[uniform_drop: 0]
[drop_seed: 21238]
[top_rate: 0.2]
[other_rate: 0.1]
[min_data_per_group: 100]
[max_cat_threshold: 32]
[cat_l2: 10]
[cat_smooth: 10]
[max_cat_to_onehot: 4]
[top_k: 20]
[monotone_constraints: ]
[monotone_constraints_method: basic]
[monotone_penalty: 0]
[feature_contri: ]
[forcedsplits_filename: ]
[refit_decay_rate: 0.9]
[cegb_tradeoff: 1]
[cegb_penalty_split: 0]
[cegb_penalty_feature_lazy: ]
[cegb_penalty_feature_coupled: ]
[path_smooth: 0]
[interaction_constraints: ]
[verbosity: -1]
[saved_feature_importance_type: 0]
[use_quantized_grad: 0]
[num_grad_quant_bins: 4]
[quant_train_renew_leaf: 0]
[stochastic_rounding: 1]
[linear_tree: 0]
[max_bin: 255]
[max_bin_by_feature: ]
[min_data_in_bin: 3]
[bin_construct_sample_cnt: 200000]
[data_random_seed: 38]
[is_enable_sparse: 1]
[enable_bundle: 1]
[use_missing: 1]
[zero_as_missing: 0]
[feature_pre_filter: 1]
[pre_partition: 0]
[two_round: 0]
[header: 0]
[label_column: ]
[weight_column: ]
[group_column: ]
[ignore_column: ]
[categorical_feature: ]
[forcedbins_filename: ]
[precise_float_parser: 0]
[parser_config_file: ]
[objective_seed: 8855]
[num_class: 1]
[is_unbalance: 0]
[scale_pos_weight: 1]
[sigmoid: 1]
[boost_from_average: 1]
[reg_sqrt: 0]
[alpha: 0.9]
[fair_c: 1]
[poisson_max_delta_step: 0.7]
[tweedie_variance_power: 1.5]
[lambdarank_truncation_level: 30]
[lambdarank_norm: 1]
[label_gain: ]
[lambdarank_position_bias_regularization: 0]
[eval_at: 1,3,5]
[multi_error_top_k: 1]
[auc_mu_weights: ]
[num_machines: 1]
[local_listen_port: 12400]
[time_out: 120]
[machine_list_filename: ]
[machines: ]
[gpu_platform_id: -1]
[gpu_device_id: -1]
[gpu_use_dp: 0]
[num_gpu: 1]

end of parameters

pandas_categorical:[]
