tree
version=v4
num_class=1
num_tree_per_iteration=1
label_index=0
max_feature_idx=49
objective=lambdarank
feature_names=f_course1 f_course2 f_course3 f_courseout mf_course1 mf_course2 mf_course3 mf_courseout f_mf_course1 f_mf_course2 f_mf_course3 f_mf_courseout f_len1 f_len2 f_len3 f_lenout mf_len1 mf_len2 mf_len3 mf_classout f_mf_len1 f_mf_len2 f_mf_len3 f_mf_classout f_class1 f_class2 f_class3 f_classout mf_class1 mf_class2 mf_class3 mf_classout.1 f_mf_class1 f_mf_class2 f_mf_class3 f_mf_classout.1 time_df_course1 time_df_class1 ninki_1 result_1 time_df_course2 time_df_class2 ninki_2 result_2 time_df_course3 time_df_class3 ninki_3 result_3 waku umaban
feature_infos=[0:52] [0:51] [0:46] [0:380] [0:47] [0:34] [0:44] [0:388] [0:7] [0:6] [0:6] [0:45] [0:9] [0:5] [0:6] [0:58] [0:5] [0:5] [0:5] [0:56] [0:2] [0:2] [0:2] [0:8] [0:3] [0:3] [0:3] [0:22] [0:2] [0:3] [0:3] [0:17] none none none [0:4] [-1:0] [-1:0] [-1:180] [-1:120] [-1:0] [-1:0] [-1:180] [-1:170] [-1:0] [-1:0] [-1:180] [-1:180] [1:8] [1:18]
tree_sizes=2509 2306 2725 1901 2193 1897 2101 2531 2406 2232 1797 2330

Tree=0
num_leaves=23
num_cat=0
split_feature=43 43 0 4 42 15 42 3 47 1 43 39 49 1 38 49 49 39 31 0 19 3
split_gain=42.7116 10.634 10.4946 15.3543 9.45993 8.3898 8.15446 7.34843 7.28928 7.16834 6.68504 5.63412 5.85344 5.03288 3.44108 3.23223 4.0804 3.17335 2.25412 1.54727 1.49365 0.5034
threshold=5.5000000000000009 11.500000000000002 7.5000000000000009 1.5000000000000002 9.5000000000000018 32.500000000000007 10.500000000000002 180.00000000000003 2.5000000000000004 1.5000000000000002 14.500000000000002 7.5000000000000009 10.500000000000002 1.0000000180025095e-35 45.000000000000007 4.5000000000000009 9.5000000000000018 9.5000000000000018 3.5000000000000004 1.5000000000000002 23.500000000000004 57.500000000000007
decision_type=2 2 2 2 2 2 2 2 2 2 2 2 2 2 2 2 2 2 2 2 2 2
left_child=4 2 3 8 5 15 10 17 -2 13 -3 14 -13 -8 21 19 -17 -4 -9 -1 -16 -6
right_child=1 6 7 -5 11 -7 9 18 -10 -11 -12 12 -14 -15 20 16 -18 -19 -20 -21 -22 -23
leaf_value=-0.1476018939352772 0.1307376772492691 -0.13690904832310938 0.14487604104796586 -0.21360660176345805 0.1944076064480004 0.18870974169626467 -0.14085915702217525 -0.17875178067498043 -0.049080183434260079 -0.23079758899609865 0.10529140930336177 -0.12642232515365004 0.10935159696344662 0.012576846597322229 0.0017125685467250344 0.070995499862121614 -0.041355080383877828 0.0083054569990034782 0.0090982300743203855 -0.01042422519198807 0.12297647162173329 0.11291393315481819
leaf_weight=3.2777267433702937 5.3664453737437752 3.2012489624321443 10.80136095359922 10.146992545574902 18.647951677441601 4.7575917057692996 11.738177888095381 2.1547105386853209 19.386059932410717 13.791640341281889 5.0708128064870834 3.0372660271823397 4.3398279882967472 6.6807649284601203 4.8861100785434228 14.151174649596216 11.657093606889246 5.5255134142935267 2.1657211519777775 3.465868879109621 3.2095667719841003 7.4319524280726901
leaf_count=51 27 50 62 164 91 18 156 35 221 220 35 42 29 62 52 114 139 53 23 37 17 53
internal_value=0 -0.0647764 -0.0227173 -0.0707431 0.0787284 0.0245132 -0.120652 0.0576765 -0.00676148 -0.152935 0.00668941 0.125764 0.00829494 -0.0866732 0.150081 -0.00339928 0.0202445 0.101799 -0.0969119 -0.0871443 0.0577456 0.175742
internal_weight=0 96.0294 55.5468 34.8995 78.8621 37.3095 40.4826 20.6473 24.7525 32.2106 8.27206 41.5527 7.37709 18.4189 34.1756 32.5519 25.8083 16.3269 4.32043 6.7436 8.09568 26.0799
internal_count=1751 1108 585 412 643 359 523 173 248 438 85 284 71 218 213 341 253 115 58 88 69 144
is_linear=0
shrinkage=0.1452


Tree=1
num_leaves=21
num_cat=0
split_feature=47 15 7 7 43 2 42 49 3 39 2 38 49 38 39 19 38 49 46 27
split_gain=26.126 9.78685 8.93776 9.93007 9.51602 8.91255 7.96007 9.92747 9.90084 6.60541 6.22234 5.5345 9.54471 5.03531 4.95603 3.90639 3.05997 3.26232 1.93964 3.1747
threshold=7.5000000000000009 32.500000000000007 24.500000000000004 16.500000000000004 2.5000000000000004 1.0000000180025095e-35 9.5000000000000018 15.500000000000002 7.5000000000000009 4.5000000000000009 7.5000000000000009 45.000000000000007 7.5000000000000009 8.5000000000000018 6.5000000000000009 4.5000000000000009 25.000000000000004 11.500000000000002 9.5000000000000018 1.0000000180025095e-35
decision_type=2 2 2 2 2 2 2 2 2 2 2 2 2 2 2 2 2 2 2 2
left_child=1 5 3 4 -2 11 8 -8 -7 -6 -5 13 -13 -1 16 -3 17 -4 19 -16
right_child=2 15 14 10 9 6 7 -9 -10 -11 -12 12 -14 -15 18 -17 -18 -19 -20 -21
leaf_value=0.023066453240431752 0.12962599272749906 0.18424335243662004 -0.19094814674467389 -0.033103445957276448 0.0082668959183965184 0.11013618720963646 0.04172797924704523 -0.12011746334927013 -0.083835404025499313 -0.10680081388427144 0.17849185655318592 -0.16308175871547875 0.072248313766988773 0.1146785152531981 0.020569439114408422 0.056320993733678305 0.0065753752866939737 -0.0026183064519283389 -0.21179283078050271 -0.174322595914639
leaf_weight=21.340616507455707 4.5627760384231797 9.9210321381688136 4.2673474680632335 4.5209689624607545 14.448615038767455 5.7282481472939244 65.517431633546948 8.2449674569070321 36.749428819864988 35.594102419912815 6.2299450058490038 5.2013381067663422 8.2756686564534885 33.19407145306468 2.8948965482413795 11.98237165622413 7.7740305066108704 3.3049594722688198 11.334609447047113 2.9184739515185356
leaf_count=118 15 20 37 33 88 27 266 37 240 310 23 54 51 96 25 40 42 24 173 32
internal_value=0 0.0293105 -0.0614755 -0.029661 -0.0549765 0.018076 -0.00634015 0.0223777 -0.0558594 -0.0738332 0.0928794 0.0594897 -0.0222654 0.0798699 -0.122857 0.119293 -0.057441 -0.118196 -0.175523 -0.0857453
internal_weight=0 206.155 97.8507 65.3564 54.6055 184.252 116.24 73.7624 42.4777 50.0427 10.7509 68.0117 13.477 54.5347 32.4943 21.9034 15.3463 7.57231 17.148 5.81337
internal_count=1751 949 802 469 413 889 570 303 267 398 56 319 105 214 333 60 103 61 230 57
is_linear=0
shrinkage=0.1452


Tree=2
num_leaves=25
num_cat=0
split_feature=43 5 7 19 3 5 3 49 42 38 42 39 7 39 15 19 43 42 38 42 39 43 46 5
split_gain=16.2556 7.50541 9.04257 8.70594 14.4653 6.80648 8.06792 6.54947 7.6596 6.11389 9.0298 8.43241 5.0944 5.03889 4.83138 4.62083 4.47641 3.536 2.86692 2.32341 2.14639 1.99921 1.86163 0.799825
threshold=5.5000000000000009 5.5000000000000009 191.50000000000003 1.5000000000000002 67.500000000000014 1.0000000180025095e-35 55.500000000000007 14.500000000000002 11.500000000000002 6.5000000000000009 95.000000000000014 4.5000000000000009 19.500000000000004 5.5000000000000009 22.500000000000004 14.500000000000002 2.5000000000000004 8.5000000000000018 85.000000000000014 17.500000000000004 6.5000000000000009 17.500000000000004 19.000000000000004 1.0000000180025095e-35
decision_type=2 2 2 2 2 2 2 2 2 2 2 2 2 2 2 2 2 2 2 2 2 2 2 2
left_child=1 3 13 5 12 6 -1 9 23 17 11 -11 -5 15 18 -3 -4 20 -10 -19 -2 -12 -7 -9
right_child=7 2 16 4 -6 22 -8 8 14 10 21 -13 -14 -15 -16 -17 -18 19 -20 -21 -22 -23 -24 -25
leaf_value=0.039266148922599241 -0.10814301275994047 0.036680857739880404 -0.10349839797135607 -0.17907158157089628 0.079008900843569499 0.055273888217718566 -0.1159179492187658 0.15467134654213635 -0.14372242081160574 0.075770428623733219 -0.17141345527298274 -0.044269693583502898 -0.047300997492722166 -0.0029340473642058989 0.10307179958907982 0.17046315657107972 0.062392362294615589 -0.21165769528542275 0.026638436001519782 -0.030478152051467786 0.036999167934510704 -0.013547346847571359 0.14985060456830568 0.058094964546424079
leaf_weight=33.823967513628304 3.7360614240169552 8.0514340698719042 6.6640566028654558 10.650204518809916 12.757788484916089 10.138721624389293 8.0233790352940542 5.2860028166323918 6.6556148398667556 15.449992297217248 10.383295917883514 49.927113243378699 15.776897739619015 6.3682456593960515 2.557300053536891 22.310716737061739 5.4981577731668949 8.7978724762797338 2.4591796342283487 2.2665963210165492 3.329139344394207 2.3040526416152707 10.737507395446299 5.3985780365765095
leaf_count=137 34 36 35 59 47 39 51 18 84 84 150 470 75 41 14 71 21 118 26 22 24 28 31 36
internal_value=0 0.0315524 0.0778229 0.00881906 -0.0442091 0.0422201 0.00762442 -0.0400753 0.0296236 -0.0564735 -0.0378669 -0.0151774 -0.104591 0.113162 -0.0497994 0.137192 -0.0287033 -0.13093 -0.0985875 -0.179999 -0.0420805 -0.145966 0.108214 0.114382
internal_weight=0 150.801 48.8926 101.908 39.1849 62.7236 41.8473 118.551 22.3567 96.1941 78.0645 65.3771 26.4271 36.7304 11.6721 30.3622 12.1622 18.1297 9.11479 11.0645 7.0652 12.6873 20.8762 10.6846
internal_count=1751 643 204 439 181 258 188 1108 178 930 732 554 134 148 124 107 56 198 110 140 58 178 70 54
is_linear=0
shrinkage=0.1452


Tree=3
num_leaves=17
num_cat=0
split_feature=43 29 49 46 38 7 11 42 38 42 7 0 1 7 39 15
split_gain=12.379 6.18548 6.40121 9.98826 5.82496 5.05308 4.74409 5.95235 7.84498 9.13865 5.48636 4.58323 4.30709 1.89216 1.68427 1.89778
threshold=4.5000000000000009 1.0000000180025095e-35 5.5000000000000009 25.000000000000004 7.5000000000000009 3.5000000000000004 22.500000000000004 95.000000000000014 10.500000000000002 8.5000000000000018 157.50000000000003 1.5000000000000002 1.5000000000000002 144.50000000000003 2.5000000000000004 1.5000000000000002
decision_type=2 2 2 2 2 2 2 2 2 2 2 2 2 2 2 2
left_child=1 2 3 11 -3 12 7 8 9 -2 -10 -1 -4 -7 -9 -16
right_child=6 4 5 -5 -6 13 -8 14 10 -11 -12 -13 -14 -15 15 -17
leaf_value=-0.13976129648594598 0.0031988756507004734 0.028702004414610498 0.048767333081698429 0.11101905274706912 -0.16151044284813373 0.073778119100535458 0.13292231261733262 -0.0083908581091116201 0.019858778560523763 -0.13094419920896397 -0.12554513289872235 -0.0015153062427510568 -0.087462404112224709 0.14930188764099969 -0.047779838915589797 -0.17640292900262619
leaf_weight=9.2911003064364248 18.998038398101926 6.7468985933810455 13.945869779214265 8.4685088228434307 5.4825770352035761 48.629574941471219 2.79429917782545 2.82386665418744 63.144331071525812 23.246755028143525 5.1360302548855534 10.36547341570258 6.4644605368375769 9.2225444875657541 4.6289632562547913 8.4768628282472474
leaf_count=72 127 35 60 34 40 214 11 28 470 295 47 51 40 25 65 137
internal_value=0 0.0337477 0.0450919 -0.0137936 -0.0608705 0.0662766 -0.0309896 -0.0355303 -0.0230112 -0.0715488 0.00740869 -0.07031 0.00348571 0.0879246 -0.116395 -0.137178
internal_weight=0 118.617 106.388 28.1251 12.2295 78.2624 129.249 126.455 110.525 42.2448 68.2804 19.6566 20.4103 57.8521 15.9297 13.1058
internal_count=1751 571 496 157 75 339 1180 1169 939 422 517 123 100 239 230 202
is_linear=0
shrinkage=0.1452


Tree=4
num_leaves=20
num_cat=0
split_feature=47 43 43 47 15 5 38 39 46 19 17 47 49 39 46 0 42 17 15
split_gain=10.5003 4.99635 7.78343 7.71324 9.59607 6.98932 5.13649 5.63142 4.62404 4.57033 4.58043 2.81224 2.78377 2.3068 2.3662 2.25152 2.059 1.7087 0.967112
threshold=12.500000000000002 2.5000000000000004 1.0000000180025095e-35 2.5000000000000004 9.5000000000000018 10.500000000000002 8.5000000000000018 6.5000000000000009 15.500000000000002 14.500000000000002 1.0000000180025095e-35 1.0000000180025095e-35 16.500000000000004 65.000000000000014 15.500000000000002 2.5000000000000004 13.500000000000002 1.0000000180025095e-35 7.5000000000000009
decision_type=2 2 2 2 2 2 2 2 2 2 2 2 2 2 2 2 2 2 2
left_child=1 2 9 4 11 -6 8 -8 -5 10 -1 -3 13 14 16 -4 -2 -11 -17
right_child=12 3 15 6 5 -7 7 -9 -10 17 -12 -13 -14 -15 -16 18 -18 -19 -20
leaf_value=0.0013413098354373024 -0.11726634145399283 0.026208269794921059 0.036934244252521495 -0.13019069629919738 -0.17448647653108937 0.057070969902090901 0.028190355197396499 -0.050982328728192437 0.048504890744540306 0.12447180409817463 -0.12205054181099051 0.11995930601674487 0.049865337980976254 0.033116083970980044 -0.17543209819520447 0.15882111874042407 0 0.022176434375993953 0.080557848951286079
leaf_weight=28.621219356544316 6.6735767293721526 11.627917399629952 11.667138230055569 15.013691816478969 5.4040194787085039 4.2638745475560427 36.032767558470368 38.05624820291996 3.2381750196218482 5.862556815147399 7.2547404188662759 18.51370046287775 2.2334971930831662 1.9449019394814957 8.3989506401121599 9.359313655644657 5.5554200196638703 8.5131424181163293 11.430506974458693
leaf_count=184 83 65 40 197 40 22 202 387 24 18 44 66 18 20 141 24 77 54 45
internal_value=0 0.0104436 0.0382566 -0.00703531 0.0457126 -0.0752087 -0.0300695 -0.012486 -0.0973255 0.00198337 -0.0256196 0.0857473 -0.087829 -0.1031 -0.117112 0.0927048 -0.0677196 0.0690019 0.120975
internal_weight=0 214.859 82.7086 132.15 39.8095 9.66789 92.3409 74.089 18.2519 50.2517 35.876 30.1416 24.8063 22.5728 20.6279 32.457 12.229 14.3757 20.7898
internal_count=1751 1412 409 1003 193 62 810 589 221 300 228 131 339 321 301 109 160 72 69
is_linear=0
shrinkage=0.1452


Tree=5
num_leaves=17
num_cat=0
split_feature=15 47 15 42 39 15 49 15 11 46 49 39 1 0 43 43
split_gain=7.58942 5.63481 4.9135 4.57529 5.41732 5.25195 4.21443 4.14643 6.71818 4.66055 5.95756 2.64042 2.01204 4.00917 1.67665 0.363403
threshold=32.500000000000007 2.5000000000000004 43.500000000000007 85.000000000000014 7.5000000000000009 17.500000000000004 14.500000000000002 9.5000000000000018 5.5000000000000009 2.5000000000000004 10.500000000000002 1.5000000000000002 1.5000000000000002 1.0000000180025095e-35 3.5000000000000004 12.500000000000002
decision_type=2 2 2 2 2 2 2 2 2 2 2 2 2 2 2 2
left_child=1 7 -2 4 5 -3 -6 9 11 10 -1 -9 13 -5 -11 -14
right_child=2 3 -4 12 6 -7 -8 8 -10 14 -12 -13 15 -15 -16 -17
leaf_value=0.037771410889555497 0.12871586093987172 -0.0085852289458042737 -0.01797640136576804 -0.12285575968877609 -0.075215725308917875 0.099145123109583025 0.03161078269714343 -0.028722141751661618 0.071542159867585567 0.036857132407000545 -0.0769051412310639 -0.1817733961521289 -0.17383522311685295 0.0498210097158737 0.12016493510828909 -0.059004483114514034
leaf_weight=36.088662082329392 14.023511162027718 48.434835135005414 6.7108293641358605 5.3269145693629998 36.810966484248638 10.979717794805763 9.1866958476603013 4.8640350922942144 5.7391053624451152 10.196022484451534 12.03017772734165 5.0292180962860584 5.2608276084065428 4.5090165548026562 13.132609125226734 2.2441016929224133
leaf_count=205 49 360 45 75 434 49 74 40 22 35 93 57 68 50 46 49
internal_value=0 -0.00839998 0.0820174 -0.0283867 -0.0165454 0.0122976 -0.053524 0.0196853 -0.0461523 0.0345712 0.00810729 -0.115431 -0.0958255 -0.0452593 0.08664 -0.14988
internal_weight=0 209.833 20.7343 122.753 105.412 59.4146 45.9977 87.0798 15.6324 71.4475 48.1188 9.89325 17.3409 9.83593 23.3286 7.50493
internal_count=1751 1657 94 1159 917 409 508 498 119 379 298 97 242 125 81 117
is_linear=0
shrinkage=0.1452


Tree=6
num_leaves=19
num_cat=0
split_feature=43 39 38 27 42 19 7 5 1 4 2 43 38 39 39 3 42 39
split_gain=8.36175 7.28913 6.642 5.66989 4.37562 4.35758 12.0847 3.80841 6.24737 6.09724 3.30355 3.25561 2.71335 2.26728 1.36236 2.14136 1.83838 0.575645
threshold=11.500000000000002 11.500000000000002 10.500000000000002 2.5000000000000004 9.5000000000000018 4.5000000000000009 111.50000000000001 4.5000000000000009 5.5000000000000009 4.5000000000000009 1.0000000180025095e-35 10.500000000000002 5.5000000000000009 1.5000000000000002 12.500000000000002 12.500000000000002 17.500000000000004 15.500000000000002
decision_type=2 2 2 2 2 2 2 2 2 2 2 2 2 2 2 2 2 2
left_child=1 3 -3 7 10 12 -7 8 -1 -9 -2 17 -5 -6 16 -16 -15 -4
right_child=4 2 11 5 13 6 -8 9 -10 -11 -12 -13 -14 14 15 -17 -18 -19
leaf_value=0.00060629603877585957 0.10568746983483822 0.060493381536312049 -0.18220561074386149 0.0078842684733143893 0.01480893380236884 -0.13578434132798989 0.078056572950211331 0.14310943698776893 -0.12436474961262861 0.0077722005672555567 -0.052672859817309556 0.011261407120361062 0.12079009513931559 -0.17498597327244789 0.023803552929680522 -0.10944073606368529 -0.06342916184209231 -0.058695530329727963
leaf_weight=67.828127156943083 4.3364446572959405 4.9859815556556013 7.8586561642587167 5.8870019800961044 3.4926051665097502 7.0474390871822861 18.108920434489846 8.5164215937256795 8.7675497215241176 29.087942566722631 5.1537709292024374 2.6560066826641551 22.717389924451709 8.6602262221276778 4.0726459827274066 4.727123286575079 7.2480353107675901 2.2773496974259615
leaf_count=454 20 33 111 42 33 58 83 33 89 181 47 34 87 170 47 94 112 23
internal_value=0 0.0127174 -0.0734942 0.0222113 -0.0615787 0.0607077 0.0153827 0.00370719 -0.0147921 0.0410954 0.021628 -0.126819 0.0987161 -0.0896715 -0.104756 -0.0502488 -0.130384 -0.16182
internal_weight=0 185.739 17.778 167.961 37.6909 53.7608 25.1564 114.2 76.5957 37.6044 9.49022 12.792 28.6044 28.2006 24.708 8.79977 15.9083 10.136
internal_count=1751 1228 201 1027 523 270 141 757 543 214 67 168 129 456 423 141 282 134
is_linear=0
shrinkage=0.1452


Tree=7
num_leaves=23
num_cat=0
split_feature=39 0 49 3 49 6 27 47 25 13 5 6 46 47 3 26 38 38 2 1 3 47
split_gain=6.42774 4.45502 6.92001 5.96813 6.00689 5.06006 6.982 3.94331 3.77464 5.69844 2.95659 6.43463 4.51811 3.05796 3.1498 2.20566 2.06433 1.87639 1.73256 1.23739 1.13866 0.718516
threshold=7.5000000000000009 8.5000000000000018 13.500000000000002 17.500000000000004 5.5000000000000009 4.5000000000000009 1.0000000180025095e-35 4.5000000000000009 1.0000000180025095e-35 2.5000000000000004 1.0000000180025095e-35 1.0000000180025095e-35 5.5000000000000009 7.5000000000000009 12.500000000000002 1.0000000180025095e-35 8.5000000000000018 11.500000000000002 3.5000000000000004 19.500000000000004 5.5000000000000009 2.5000000000000004
decision_type=2 2 2 2 2 2 2 2 2 2 2 2 2 2 2 2 2 2 2 2 2 2
left_child=1 2 3 4 -1 21 -7 -5 9 16 11 18 -12 15 -15 -14 -3 -13 20 -10 -2 -4
right_child=10 8 5 7 -6 6 -8 -9 19 -11 12 17 13 14 -16 -17 -18 -19 -20 -21 -22 -23
leaf_value=-0.020115512119245539 -0.04043917541300697 -0.015040880402046892 -0.17626404866557394 0.0083931716936118551 0.08186199056594809 0.11333288051051228 -0.12027589855127349 -0.091273612409374857 0.15273406532416639 -0.10192956682994941 -0.16739668016846843 -0.011970474433202464 -0.022213358904512214 0.013511174854507046 -0.12350540181157665 0.10099316323143058 0.089651141149128089 0.099413260403327458 0.0077711954228037563 0.059017360314800607 -0.13720438739619886 -0.079377482247681014
leaf_weight=17.369608298875391 6.6139354957267695 5.168154329992837 5.1929536722600478 23.363430824130774 37.020334059372544 5.1510577704757434 4.0577907375991344 11.988117821514605 7.8326513953506929 5.3100310787558547 6.5739434957504264 4.145966760814189 10.587139533832671 4.7987121175974599 10.363713524304329 3.3335309913381925 12.526070341467856 9.7768529141321761 4.9297302421182385 7.7282804027199745 5.4263769248500466 6.4241647273302078
leaf_count=141 81 40 44 134 195 25 33 119 24 41 89 34 105 63 232 17 49 54 49 36 77 69
internal_value=0 0.0167377 0.00170931 0.0193988 0.0493397 -0.0719372 0.00814351 -0.0265208 0.0586631 0.0194964 -0.0372481 -0.00380625 -0.0652452 -0.0378245 -0.081211 0.0108258 0.0593455 0.0669108 -0.0626962 0.1121 -0.0907929 -0.13232
internal_weight=0 149.133 110.567 89.7415 54.3899 20.826 9.20885 35.3515 38.5652 23.0043 66.5499 30.8929 35.657 29.0831 15.1624 13.9207 17.6942 13.9228 16.97 15.5609 12.0403 11.6171
internal_count=1751 950 760 589 336 171 58 253 190 130 801 295 506 417 295 122 89 88 207 60 158 113
is_linear=0
shrinkage=0.1452


Tree=8
num_leaves=22
num_cat=0
split_feature=47 43 2 0 3 49 18 27 48 4 46 38 48 46 15 3 3 0 5 13 38
split_gain=4.2889 3.4695 4.16398 4.77808 4.35302 4.2615 2.66599 4.41721 4.40235 3.75541 4.22155 2.66358 2.49338 2.43244 4.15649 2.96959 8.23828 1.48481 1.38679 1.27167 0.183786
threshold=3.5000000000000004 2.5000000000000004 24.000000000000004 7.5000000000000009 14.500000000000002 7.5000000000000009 1.0000000180025095e-35 1.0000000180025095e-35 6.5000000000000009 1.0000000180025095e-35 1.0000000180025095e-35 35.000000000000007 5.5000000000000009 13.500000000000002 5.5000000000000009 35.500000000000007 7.5000000000000009 3.5000000000000004 7.5000000000000009 1.0000000180025095e-35 45.000000000000007
decision_type=2 2 2 2 2 2 2 2 2 2 2 2 2 2 2 2 2 2 2 2 2
left_child=6 19 3 4 -3 -5 7 9 11 12 -11 -9 -1 15 -15 16 -8 -10 -17 -2 -4
right_child=1 2 20 5 -6 -7 13 8 17 10 -12 -13 -14 14 -16 18 -18 -19 -20 -21 -22
leaf_value=-0.040061139725029324 0.074217860137594058 -0.010076784942259132 -0.16553944384551778 -0.054902472175580586 -0.087692903301192685 0.072415533123456194 0.10680109946232845 0.095302294288427389 0.01336049325489401 -0.15637588935183605 0 -0.019765053847956814 0.069619535132738081 0.079894776528908237 -0.098763559792974562 0.15748452370809671 -0.099594788759740538 -0.11785697606758117 0.058775225492415414 -0.0067068646353420705 -0.065650329253279488
leaf_weight=8.432257813401522 9.1915205009281618 37.604973811656237 3.6739387046545735 7.3055582400411394 25.384524838067591 16.714481879491359 8.9802147317677754 18.153696462512023 2.8107348699122658 7.6270275060087425 6.4579257499426603 4.9906990136951199 7.3989299442619076 4.4550689347088319 4.8475318420678377 7.5298739820718747 6.1312998980283728 3.2604135200381279 7.7442271430045366 6.411002065986394 2.734266510233283
leaf_count=55 41 411 42 89 391 119 40 90 22 62 31 41 41 18 35 30 47 38 41 29 38
internal_value=0 -0.0197862 -0.0304457 -0.0213008 -0.042226 0.0328214 0.0218113 0.00197962 0.0416634 -0.0365934 -0.0889485 0.0703325 0.0116457 0.0505054 -0.0128821 0.0699927 0.0217184 -0.0617205 0.113623 0.0418378 -0.136605
internal_weight=0 109.02 93.4177 87.0095 62.9895 24.02 98.8199 59.1317 29.2155 29.9161 14.085 23.1444 15.8312 39.6882 9.3026 30.3856 15.1115 6.07115 15.2741 15.6025 6.40821
internal_count=1751 1160 1090 1010 802 208 591 380 191 189 93 131 96 211 53 158 87 60 71 70 80
is_linear=0
shrinkage=0.1452


Tree=9
num_leaves=20
num_cat=0
split_feature=43 46 46 49 15 0 43 24 42 43 15 12 4 42 38 49 24 38 18
split_gain=4.18634 3.99085 4.56299 3.81228 3.25251 4.93655 3.60385 2.95059 2.21205 1.96632 1.85293 5.00624 5.64342 3.20492 3.9201 3.56133 1.32612 1.32379 0.234379
threshold=5.5000000000000009 55.000000000000007 25.000000000000004 7.5000000000000009 1.5000000000000002 1.0000000180025095e-35 8.5000000000000018 1.0000000180025095e-35 8.5000000000000018 8.5000000000000018 21.500000000000004 1.5000000000000002 5.5000000000000009 9.5000000000000018 10.500000000000002 4.5000000000000009 1.0000000180025095e-35 -1.0000000180025095e-35 2.5000000000000004
decision_type=2 2 2 2 2 2 2 2 2 2 2 2 2 2 2 2 2 2 2
left_child=10 2 3 8 5 6 -3 -5 -2 -4 11 13 -13 15 -15 -1 -12 -6 -19
right_child=1 4 9 7 17 -7 -8 -9 -10 -11 16 12 -14 14 -16 -17 -18 18 -20
leaf_value=-0.097981132861206174 -0.0087425664795664198 0.052632416584538495 -0.0055089994663296976 0.019592160869363086 0.00046043587139710652 0.10663454902701894 -0.17492411718644812 -0.093069208792427652 -0.10227991032191036 0.11056731214681265 0.099200559466725458 -0.16097427581475585 0.042031111268556874 0.11151603146536143 0.017822659528727421 0.013856165483339152 0.013051404465382057 -0.1626200160417956 -0.044834582264306852
leaf_weight=6.4167767353355876 8.7677259575575608 1.7307822937145845 4.4206270240247232 35.239847256802022 1.2744270749390132 3.4934108816087246 3.2323655346408486 4.8234880920499554 14.383331383578478 7.9440039936453104 8.8434581365436298 6.144853310659526 4.3470796030014753 14.109723776578901 27.242582550272346 33.683035617694259 7.0302711278200141 7.6047920687124098 1.4144183457829056
leaf_count=78 78 15 33 359 11 21 60 64 240 50 42 53 24 47 148 217 34 148 29
internal_value=0 -0.0222347 -0.00689893 -0.022944 -0.0806863 -0.0106396 -0.0980635 0.00419458 -0.0687409 0.0707551 0.0194745 0.0111704 -0.0792829 0.0236116 0.0515699 -0.00549168 0.0641069 -0.132353 -0.15037
internal_weight=0 94.3292 75.579 63.2144 18.7502 8.45656 4.96315 40.0633 23.1511 12.3646 107.818 91.9441 10.4919 81.4521 41.3523 40.0998 15.8737 10.2936 9.01921
internal_count=1751 1108 824 741 284 96 75 423 318 83 643 567 77 490 195 295 76 188 177
is_linear=0
shrinkage=0.1452


Tree=10
num_leaves=16
num_cat=0
split_feature=47 1 43 18 43 0 15 7 42 2 15 11 49 16 1
split_gain=3.52494 3.62679 3.82317 2.80779 2.73021 2.49816 3.54549 2.3823 3.11584 2.3342 2.53079 3.08808 2.09236 1.04231 0.753961
threshold=4.5000000000000009 22.500000000000004 2.5000000000000004 1.5000000000000002 3.5000000000000004 8.5000000000000018 9.5000000000000018 1.0000000180025095e-35 5.5000000000000009 10.500000000000002 33.500000000000007 5.5000000000000009 10.500000000000002 1.0000000180025095e-35 2.5000000000000004
decision_type=2 2 2 2 2 2 2 2 2 2 2 2 2 2 2
left_child=5 2 14 4 -4 6 7 -1 -9 -7 11 -11 -5 -8 -2
right_child=1 -3 3 12 -6 9 13 8 -10 10 -12 -13 -14 -15 -16
leaf_value=-0.062892410056007597 0.014963073743310767 -0.14799373034634838 -0.13144645329732255 -0.15654531056614002 -0.0081383414107231572 0.12099597087722694 -0.14588227529846426 -0.010326640745673422 0.05189647794285019 -0.11459055933247833 0.07874626532190479 0.046372889167151828 -0.0086794333912926479 -0.020497599217809487 0.090226884688050929
leaf_weight=6.6564127001911393 5.6581545323133451 3.6544224787503472 3.2051569484174243 4.8107579825445992 65.573268837295473 7.6190967466682222 2.9823115430772296 30.726087101735175 35.939542084932327 3.8203775677829999 8.2114431485533697 4.6480098105967045 3.4862165143713355 2.9772756192833185 6.5100637320429087
leaf_count=47 27 45 26 70 837 29 48 218 193 49 36 24 39 33 30
internal_value=0 -0.0204393 -0.013792 -0.0259142 -0.0155209 0.0183484 0.00552737 0.0147669 0.023328 0.058274 0.0247259 -0.0291785 -0.10182 -0.0947193 0.0590814
internal_weight=0 92.898 89.2436 77.0754 68.7784 103.581 79.2816 73.322 66.6656 24.2989 16.6798 8.46839 8.29697 5.95959 12.1682
internal_count=1751 1074 1029 972 863 677 539 458 411 138 109 73 109 81 57
is_linear=0
shrinkage=0.1452


Tree=11
num_leaves=21
num_cat=0
split_feature=39 43 7 39 43 15 49 13 16 31 43 38 3 6 48 46 42 42 3 46
split_gain=3.01001 3.45262 2.75022 2.06983 2.06974 3.15425 1.88058 1.8478 3.8817 3.73086 2.56115 2.33648 2.32049 1.78509 1.74848 1.63433 1.57252 4.69015 2.25296 0.728646
threshold=7.5000000000000009 11.500000000000002 144.50000000000003 1.5000000000000002 4.5000000000000009 6.5000000000000009 4.5000000000000009 1.0000000180025095e-35 1.0000000180025095e-35 1.0000000180025095e-35 11.500000000000002 17.500000000000004 11.500000000000002 1.5000000000000002 7.5000000000000009 19.000000000000004 45.000000000000007 65.000000000000014 3.5000000000000004 85.000000000000014
decision_type=2 2 2 2 2 2 2 2 2 2 2 2 2 2 2 2 2 2 2 2
left_child=1 3 7 4 6 -6 -1 9 13 12 -11 -10 -2 -9 15 -3 18 -18 -5 -17
right_child=2 14 -4 16 5 -7 -8 8 11 10 -12 -13 -14 -15 -16 19 17 -19 -20 -21
leaf_value=-0.063757830166685028 -0.01195068531653992 -0.13546620709986459 -0.13401279517974485 -0.019640883091886573 -0.15708487225610043 0.033269381623190618 0.022705072897563891 -0.14044212333033554 -0.057476579516975178 -0.13761054857986446 0.005195876753016083 0.086716243432697543 0.073008589936483528 -0.025566548236256554 0.051451643440910071 0.036555353811688687 -0.10018584433666944 0.041918381144471849 0.059634511629449972 -0.063486629417307816
leaf_weight=5.5444288598373523 12.565733667463066 5.1046186545863712 3.8495256388559929 8.420149836689232 3.4313861057162276 2.6828792672604322 30.084798382595181 7.524025237187745 3.3184558190405351 4.7421178445219976 4.7253425475209951 4.6965327868238091 13.055480775423346 5.3003572905436158 1.754909246228636 2.2329576713964343 6.012653091922405 16.288248563185334 45.960378311574459 2.1967804487794638
leaf_count=65 145 100 83 66 34 23 175 124 57 83 70 45 115 79 19 21 49 107 257 34
internal_value=0 0.0124149 -0.0267378 0.0198994 -0.00589484 -0.0784907 0.0078682 -0.0173337 -0.0506836 0.00297352 -0.0709543 0.0263209 0.0319835 -0.0980534 -0.0613667 -0.0853971 0.0339562 0.001006 0.0471019 -0.013751
internal_weight=0 129.714 59.7776 118.425 41.7435 6.11427 35.6292 55.928 20.8394 35.0887 9.46746 8.01499 25.6212 12.8244 11.2893 9.53436 76.6814 22.3009 54.3805 4.42974
internal_count=1751 950 801 776 297 57 240 718 305 413 153 102 260 203 174 155 479 156 323 55
is_linear=0
shrinkage=0.1452


end of trees

feature_importances:
result_2=23
result_1=19
ninki_1=18
ninki_2=18
umaban=18
f_lenout=16
f_courseout=14
ninki_3=13
result_3=11
f_course1=10
mf_courseout=10
f_course2=8
mf_course2=7
f_course3=6
mf_classout=6
mf_course1=4
f_classout=4
mf_course3=3
f_mf_courseout=3
f_len2=3
mf_len3=3
waku=3
mf_len1=2
mf_len2=2
f_class1=2
mf_classout.1=2
f_len1=1
f_class2=1
f_class3=1
mf_class2=1

parameters:
[boosting: gbdt]
[objective: lambdarank]
[metric: ndcg]
[tree_learner: serial]
[device_type: cpu]
[data_sample_strategy: bagging]
[data: ]
[valid: ]
[num_iterations: 244]
[learning_rate: 0.1452]
[num_leaves: 32]
[num_threads: 16]
[seed: 0]
[deterministic: 0]
[force_col_wise: 1]
[force_row_wise: 0]
[histogram_pool_size: -1]
[max_depth: 5]
[min_data_in_leaf: 26]
[min_sum_hessian_in_leaf: 0.001]
[bagging_fraction: 1]
[pos_bagging_fraction: 1]
[neg_bagging_fraction: 1]
[bagging_freq: 0]
[bagging_seed: 7719]
[feature_fraction: 1]
[feature_fraction_bynode: 1]
[feature_fraction_seed: 2437]
[extra_trees: 0]
[extra_seed: 11797]
[early_stopping_round: 0]
[first_metric_only: 0]
[max_delta_step: 0]
[lambda_l1: 0.0552951]
[lambda_l2: 0.842379]
[linear_lambda: 0]
[min_gain_to_split: 0]
[drop_rate: 0.1]
[max_drop: 50]
[skip_drop: 0.5]
[xgboost_dart_mode: 0]
[uniform_drop: 0]
[drop_seed: 21238]
[top_rate: 0.2]
[other_rate: 0.1]
[min_data_per_group: 100]
[max_cat_threshold: 32]
[cat_l2: 10]
[cat_smooth: 10]
[max_cat_to_onehot: 4]
[top_k: 20]
[monotone_constraints: ]
[monotone_constraints_method: basic]
[monotone_penalty: 0]
[feature_contri: ]
[forcedsplits_filename: ]
[refit_decay_rate: 0.9]
[cegb_tradeoff: 1]
[cegb_penalty_split: 0]
[cegb_penalty_feature_lazy: ]
[cegb_penalty_feature_coupled: ]
[path_smooth: 0]
[interaction_constraints: ]
[verbosity: -1]
[saved_feature_importance_type: 0]
[use_quantized_grad: 0]
[num_grad_quant_bins: 4]
[quant_train_renew_leaf: 0]
[stochastic_rounding: 1]
[linear_tree: 0]
[max_bin: 255]
[max_bin_by_feature: ]
[min_data_in_bin: 3]
[bin_construct_sample_cnt: 200000]
[data_random_seed: 38]
[is_enable_sparse: 1]
[enable_bundle: 1]
[use_missing: 1]
[zero_as_missing: 0]
[feature_pre_filter: 1]
[pre_partition: 0]
[two_round: 0]
[header: 0]
[label_column: ]
[weight_column: ]
[group_column: ]
[ignore_column: ]
[categorical_feature: ]
[forcedbins_filename: ]
[precise_float_parser: 0]
[parser_config_file: ]
[objective_seed: 8855]
[num_class: 1]
[is_unbalance: 0]
[scale_pos_weight: 1]
[sigmoid: 1]
[boost_from_average: 1]
[reg_sqrt: 0]
[alpha: 0.9]
[fair_c: 1]
[poisson_max_delta_step: 0.7]
[tweedie_variance_power: 1.5]
[lambdarank_truncation_level: 30]
[lambdarank_norm: 1]
[label_gain: ]
[lambdarank_position_bias_regularization: 0]
[eval_at: 1,3,5]
[multi_error_top_k: 1]
[auc_mu_weights: ]
[num_machines: 1]
[local_listen_port: 12400]
[time_out: 120]
[machine_list_filename: ]
[machines: ]
[gpu_platform_id: -1]
[gpu_device_id: -1]
[gpu_use_dp: 0]
[num_gpu: 1]

end of parameters

pandas_categorical:[]
