,race_id,f_course1,f_course2,f_course3,f_courseout,mf_course1,mf_course2,mf_course3,mf_courseout,f_mf_course1,f_mf_course2,f_mf_course3,f_mf_courseout,f_len1,f_len2,f_len3,f_lenout,mf_len1,mf_len2,mf_len3,mf_classout,f_mf_len1,f_mf_len2,f_mf_len3,f_mf_classout,f_class1,f_class2,f_class3,f_classout,mf_class1,mf_class2,mf_class3,mf_classout,f_mf_class1,f_mf_class2,f_mf_class3,f_mf_classout,time_df_course1,time_df_class1,ninki_1,result_1,agari_1,margin_1,corner_ratio_1,time_df_course2,time_df_class2,ninki_2,result_2,agari_2,margin_2,corner_ratio_2,time_df_course3,time_df_class3,ninki_3,result_3,agari_3,margin_3,corner_ratio_3,rank_trend,weight_change,dist_change,jockey_win_rate,jockey_place_rate,waku,umaban,current_odds,current_popularity,father_cat,mother_father_cat,paternal_gf_cat,time_df_course4,time_df_class4,ninki_4,result_4,agari_4,margin_4,corner_ratio_4,time_df_course5,time_df_class5,ninki_5,result_5,agari_5,margin_5,corner_ratio_5,rank_trend_5,win_rate_recent5,kinryo,days_since_last_race,n_horses_today,n_horses_1,horse_weight_abs_1,corner_chase_1,corner_chase_2,corner_chase_3,corner_chase_4,corner_chase_5,agari_trend_5,time_diff_trend_5,agari_df_course_1,agari_df_course_2,agari_df_course_3,agari_df_course_4,agari_df_course_5,corner_ratio_std5,agari_std5
0,202102010110,0,0,0,1,7,2,7,58,0,0,0,0,0,0,0,0,2,2,3,20,0,0,0,0,0,0,0,0,1,0,1,3,0,0,0,0,0.0,0.0,130.0,11.0,35.9,1.2,0.8461538461538461,0.0,0.0,120.0,8.0,35.9,1.1,0.9166666666666666,0.0,0.0,110.0,10.0,36.5,0.7,0.8333333333333334,-0.5,-10.0,0.0,0.0,0.2,4,5,42.0,10.0,1306,1263,1445,0.0,0.0,110.0,7.0,35.1,1.6,1.0,0.0,0.0,140.0,10.0,36.2,1.0,0.7857142857142857,-0.3,0.0,57.0,-407.0,13.0,13.0,470.0,-0.07692307692307693,0.0,-0.5,0.0,0.07142857142857142,0.019999999999998862,0.0,-0.2657999999999987,-0.016600000000003945,0.3342000000000027,-0.8166000000000011,0.03420000000000556,0.07468845605898784,0.4664761515876239
1,202102010110,1,0,0,3,4,7,3,41,0,0,0,0,0,0,0,0,1,1,1,9,0,0,0,0,0,0,0,0,1,1,0,3,0,0,0,0,0.0,0.0,5.0,9.0,42.5,2.8,0.3333333333333333,0.0,0.0,4.0,9.0,40.4,1.5,0.75,0.0,0.0,3.0,3.0,39.8,0.7,0.6,-3.0,-1.0,0.0,0.0625,0.125,3,3,11.1,5.0,1548,1167,1328,0.0,0.0,1.0,10.0,41.7,2.5,0.3333333333333333,0.0,0.0,2.0,8.0,40.5,1.6,0.3125,-0.1,0.2,57.0,-1204.0,13.0,9.0,461.0,0.6666666666666666,-0.25,0.2,0.13333333333333333,-0.0625,0.2699999999999996,0.0,3.215299999999999,0.27489999999999526,-0.32510000000000616,1.7769000000000048,0.3748999999999967,0.1774119499921017,0.9785703858180068
2,202102010110,7,6,4,56,0,0,0,0,0,0,0,0,3,1,1,13,0,0,0,0,0,0,0,0,2,0,0,4,0,0,0,0,0,0,0,0,0.0,0.0,4.0,2.0,35.9,0.1,0.5833333333333334,0.0,0.0,11.0,10.0,40.6,2.7,0.7272727272727273,0.0,0.0,8.0,6.0,39.4,1.7,0.875,2.0,11.0,300.0,0.0,0.0,2,2,8.2,4.0,1428,815,1263,0.0,0.0,14.0,11.0,35.8,1.8,0.75,0.0,0.0,8.0,10.0,34.8,0.8,0.9375,1.7,0.2,54.0,-1108.0,13.0,12.0,437.0,0.0,-0.09090909090909091,0.0,0.0625,0.0,0.7000000000000007,0.0,0.3714000000000013,0.9741,-0.22590000000000288,-0.5748999999999995,-0.27470000000000283,0.12332439845530078,2.2698017534577786
3,202102010110,4,8,5,40,7,2,7,58,0,0,1,3,0,3,1,7,2,2,3,20,0,0,0,0,0,2,1,0,1,0,1,3,0,0,0,0,0.0,0.0,8.0,8.0,35.7,0.5,0.5555555555555556,0.0,0.0,6.0,8.0,39.5,1.6,0.18181818181818182,0.0,0.0,5.0,6.0,38.2,0.8,0.42857142857142855,-1.0,-12.0,200.0,0.3076923076923077,0.6923076923076923,7,11,4.4,2.0,1691,1263,1167,0.0,0.0,10.0,4.0,37.5,1.1,0.6363636363636364,0.0,0.0,6.0,5.0,37.9,0.9,0.6666666666666666,-1.0,0.0,57.0,-770.0,13.0,9.0,478.0,0.2222222222222222,0.0,0.2857142857142857,-0.5454545454545454,-0.3333333333333333,-0.23999999999999916,0.0,0.24080000000000013,1.139400000000002,-1.6244999999999976,0.5587000000000018,0.6946000000000012,0.176413403564431,1.2289833196589766
4,202102010110,1,1,1,3,3,5,3,33,0,0,0,0,0,0,0,0,0,1,0,5,0,0,0,0,0,0,0,0,0,0,0,0,0,0,0,0,0.0,0.0,20.0,3.0,33.6,1.0,0.75,0.0,0.0,80.0,,,,1.0,0.0,0.0,50.0,6.0,34.2,0.5,1.0,3.0,4.0,0.0,0.13636363636363635,0.45454545454545453,4,4,3.1,1.0,1657,1428,1317,0.0,0.0,80.0,4.0,35.7,1.1,0.5,0.0,0.0,20.0,1.0,35.9,0.0,0.6363636363636364,-0.8,0.5,54.0,14.0,13.0,8.0,452.0,0.0,0.0,-0.36363636363636365,0.0,-0.18181818181818182,-0.8399999999999992,0.0,-2.316600000000001,,-1.8299999999999983,-0.9831999999999965,-0.016600000000003945,0.1983402202661039,0.975961064797156
5,202102010110,0,0,0,13,3,1,2,13,0,0,0,0,0,0,0,1,0,0,0,1,0,0,0,0,0,0,0,1,0,0,0,0,0,0,0,0,0.0,0.0,15.0,11.0,35.5,1.3,0.7333333333333333,0.0,0.0,17.0,11.0,34.0,1.1,1.0,0.0,0.0,13.0,6.0,34.5,0.6,0.6153846153846154,-2.5,-4.0,600.0,0.0625,0.25,8,12,20.2,8.0,1714,1036,1167,0.0,0.0,15.0,17.0,34.1,0.8,0.8235294117647058,0.0,0.0,7.0,6.0,33.8,1.3,0.8,-0.4,0.0,57.0,-883.0,13.0,15.0,454.0,0.0,-0.1111111111111111,-0.15384615384615385,-0.058823529411764705,0.0,0.3300000000000004,0.0,0.39350000000000307,-1.2912999999999997,-0.6064999999999969,-1.0064999999999955,-1.2747000000000028,0.12563986317971534,0.6046486583132393
6,202102010110,3,2,3,15,0,1,0,3,0,0,0,0,0,0,1,1,0,0,0,0,0,0,0,0,0,0,1,1,0,0,0,0,0,0,0,0,0.0,0.0,8.0,7.0,40.3,2.2,0.75,0.0,0.0,13.0,14.0,38.7,3.0,0.0625,0.0,0.0,8.0,3.0,36.3,0.4,0.13333333333333333,-2.0,14.0,600.0,0.13333333333333333,0.26666666666666666,1,1,15.3,7.0,1561,1417,1263,0.0,0.0,9.0,10.0,38.9,2.0,0.3333333333333333,0.0,0.0,8.0,11.0,35.5,1.1,0.8461538461538461,0.4,0.2,57.0,-748.0,13.0,8.0,504.0,0.0,0.0625,-0.06666666666666667,0.16666666666666666,-0.23076923076923078,0.9399999999999998,0.0,2.0204999999999984,2.7834000000000003,0.38339999999999463,2.983399999999996,0.04079999999999728,0.3187080211750894,1.772681584492827
7,202102010110,0,0,0,0,1,0,0,1,0,0,0,0,0,0,0,0,0,0,0,0,0,0,0,0,0,0,0,0,0,0,0,0,0,0,0,0,0.0,0.0,10.0,10.0,37.3,2.2,1.0,0.0,0.0,15.0,11.0,36.5,2.2,1.0,0.0,0.0,14.0,12.0,35.9,1.0,0.9285714285714286,1.0,2.0,0.0,0.0,0.09090909090909091,6,8,157.9,12.0,264,666,815,0.0,0.0,14.0,15.0,36.0,1.8,0.875,0.0,0.0,13.0,7.0,34.6,0.7,0.7857142857142857,-0.2,0.0,57.0,-778.0,13.0,11.0,474.0,-0.18181818181818182,-0.125,-0.07142857142857142,0.0625,-0.07142857142857142,0.5899999999999992,0.0,1.3833999999999946,1.0407999999999973,0.44079999999999586,0.5407999999999973,-1.316600000000001,0.08112726208286106,0.8822698000045099
8,202102010110,0,0,1,3,2,0,1,3,0,0,1,0,0,0,0,0,0,0,0,0,0,0,0,0,0,0,0,0,0,0,0,0,0,0,0,0,0.0,0.0,4.0,,,,0.2857142857142857,0.0,0.0,4.0,5.0,13.3,3.3,0.4166666666666667,0.0,0.0,8.0,10.0,37.4,2.0,0.6363636363636364,5.0,12.0,-970.0,,,5,6,238.4,13.0,1130,322,1328,0.0,0.0,16.0,12.0,38.2,1.1,0.5625,0.0,0.0,13.0,9.0,36.1,0.8,0.7692307692307693,1.4,0.0,57.0,-178.0,13.0,14.0,486.0,-0.07142857142857142,0.25,0.2727272727272727,-0.125,-0.15384615384615385,-6.92,0.0,,,1.9407999999999959,1.2587000000000046,0.1833999999999989,0.16854491429819157,10.390500469178566
9,202102010110,0,0,0,0,1,0,0,2,0,0,0,0,0,0,0,0,0,0,0,0,0,0,0,0,0,0,0,0,0,0,0,0,0,0,0,0,0.0,0.0,4.0,7.0,13.5,1.0,0.42857142857142855,0.0,0.0,6.0,8.0,13.7,3.1,0.5384615384615384,0.0,0.0,6.0,7.0,13.9,3.3,0.8,0.0,-4.0,-770.0,,,7,10,150.6,11.0,484,454,612,0.0,0.0,10.0,5.0,13.4,3.6,0.21428571428571427,0.0,0.0,10.0,9.0,13.2,3.2,0.6923076923076923,0.1,0.0,57.0,-302.0,13.0,14.0,488.0,0.07142857142857142,0.15384615384615385,-0.2,0.21428571428571427,0.15384615384615385,0.09000000000000004,0.0,,,,,,0.20453215337220723,0.2416609194718916
10,202102010110,3,4,2,29,2,1,3,19,1,0,0,1,0,1,0,5,1,1,0,4,0,0,0,0,0,0,0,3,0,0,0,3,0,0,0,0,0.0,0.0,90.0,9.0,40.1,1.9,0.75,0.0,0.0,110.0,,,,0.9230769230769231,0.0,0.0,150.0,14.0,37.6,1.5,0.0625,5.0,-6.0,600.0,0.0,0.0,6,9,26.4,9.0,1736,1306,1482,0.0,0.0,130.0,11.0,37.2,1.6,0.125,0.0,0.0,100.0,11.0,36.8,1.0,0.35714285714285715,0.3,0.0,57.0,-565.0,13.0,12.0,480.0,0.0,0.0,0.0,0.0,-0.14285714285714285,1.0300000000000011,0.0,1.8205000000000027,,1.683399999999999,-0.14529999999999887,1.3407999999999944,0.33999913870764703,1.2871965661856009
11,202102010110,3,1,4,12,2,2,1,9,0,0,0,0,0,0,1,3,0,0,0,1,0,0,0,0,0,0,1,0,0,0,0,1,0,0,0,0,0.0,0.0,9.0,16.0,38.5,2.2,0.9444444444444444,0.0,0.0,8.0,8.0,34.2,1.1,0.7142857142857143,0.0,0.0,3.0,10.0,36.2,0.9,0.13333333333333333,-3.0,-2.0,0.0,0.0,0.16666666666666666,5,7,12.4,6.0,1222,1376,1328,0.0,0.0,7.0,10.0,37.0,1.6,0.07142857142857142,0.0,0.0,3.0,3.0,36.6,0.5,0.7,-2.4,0.2,54.0,-603.0,13.0,18.0,462.0,-0.6666666666666666,0.14285714285714285,0.0,0.0,-0.5,0.1,0.0,2.5833999999999975,-1.2591999999999999,0.4626000000000019,1.0833999999999975,-0.25029999999999575,0.3466297439491808,1.3885243966167813
12,202102010110,7,5,6,48,3,0,1,8,0,0,0,0,2,1,0,13,1,0,1,2,0,0,0,0,0,1,0,3,1,0,0,0,0,0,0,0,0.0,0.0,13.0,12.0,36.9,1.0,0.6111111111111112,0.0,0.0,3.0,8.0,36.6,0.7,0.2,0.0,0.0,10.0,3.0,35.8,0.2,0.125,-4.5,2.0,0.0,0.0,0.2222222222222222,8,13,4.4,3.0,1503,324,1263,0.0,0.0,10.0,5.0,35.2,0.3,0.38461538461538464,0.0,0.0,7.0,9.0,36.7,0.7,0.42857142857142855,-0.9,0.2,52.0,-543.0,13.0,18.0,494.0,0.05555555555555555,0.06666666666666667,0.0,0.0,0.5,0.179999999999999,0.0,0.983399999999996,1.1407999999999987,0.7252999999999972,0.12530000000000285,0.5112000000000023,0.172438747387846,0.6406246951218784
13,202102010204,2,2,1,22,3,5,3,33,0,0,0,0,1,1,1,3,0,1,0,5,0,0,0,0,1,1,1,2,0,1,0,3,0,0,0,0,0.0,0.0,7.0,9.0,39.8,2.2,0.6363636363636364,0.0,0.0,6.0,14.0,37.5,2.3,0.875,0.0,0.0,2.0,13.0,38.7,2.7,0.8,2.0,16.0,400.0,0.0,0.18181818181818182,2,3,4.7,3.0,1489,1428,565,0.0,0.0,3.0,4.0,34.7,0.5,1.0,0.0,0.0,5.0,3.0,37.3,0.8,0.9090909090909091,-2.2,0.2,54.0,-1198.0,16.0,11.0,434.0,0.2727272727272727,0.0,-0.13333333333333333,-0.07692307692307693,-0.45454545454545453,0.7799999999999997,0.0,1.7273999999999958,0.5587000000000018,1.7587000000000046,-0.7468000000000004,0.3586999999999989,0.12213324250841716,1.7064583206161221
14,202102010204,4,5,6,51,4,3,3,19,0,0,1,1,2,2,3,21,0,0,2,3,0,0,1,0,0,0,2,7,0,0,1,1,0,0,1,0,0.0,0.0,4.0,3.0,39.0,0.0,0.5833333333333334,0.0,0.0,12.0,15.0,37.7,2.7,0.625,0.0,0.0,1.0,15.0,36.7,1.3,0.75,6.0,36.0,500.0,0.0,0.0,7,14,72.2,11.0,1506,1294,199,0.0,0.0,1.0,4.0,38.6,0.8,0.25,0.0,0.0,3.0,2.0,35.6,0.3,0.4375,-1.3,0.4,52.0,-1103.0,16.0,12.0,502.0,-0.08333333333333333,0.25,0.125,-0.125,-0.125,0.5899999999999999,0.0,,0.7587000000000046,0.7834000000000003,1.6587000000000032,-1.3412999999999968,0.17159383568311667,1.2448293055676345
15,202102010204,2,2,1,22,4,7,3,41,0,0,0,0,1,1,1,3,1,1,1,9,0,0,0,0,1,1,1,2,0,0,0,6,0,0,0,0,0.0,0.0,4.0,12.0,13.7,6.3,0.6428571428571429,0.0,0.0,1.0,8.0,13.4,2.7,0.38461538461538464,0.0,0.0,3.0,4.0,14.2,2.5,0.5555555555555556,-4.0,2.0,-850.0,0.1,0.3,5,10,114.7,13.0,1489,1167,565,0.0,0.0,5.0,2.0,13.2,0.5,0.875,0.0,0.0,13.0,14.0,37.9,1.7,0.75,-0.2,0.2,56.0,-790.0,16.0,14.0,464.0,0.14285714285714285,0.23076923076923078,-0.1111111111111111,-0.375,-0.125,-4.819999999999999,0.0,,,,,-0.011099999999999,0.16713613565866822,9.715842732362438
16,202102010204,0,0,0,0,0,0,0,0,0,0,0,0,0,0,0,0,0,0,0,0,0,0,0,0,0,0,0,0,0,0,0,0,0,0,0,0,0.0,0.0,11.0,11.0,43.9,4.7,0.9166666666666666,0.0,0.0,12.0,11.0,40.8,4.3,0.25,0.0,0.0,15.0,16.0,41.3,4.2,0.0625,2.5,12.0,-200.0,0.0,0.0,3,5,12.3,5.0,600,705,239,0.0,0.0,5.0,9.0,39.1,1.6,0.21428571428571427,0.0,0.0,4.0,5.0,38.2,0.7,0.21428571428571427,-1.4,0.0,54.0,-876.0,16.0,12.0,470.0,0.08333333333333333,0.5833333333333334,0.125,0.14285714285714285,0.07142857142857142,1.3099999999999987,0.0,,4.769999999999996,4.358699999999999,-0.2926000000000002,-1.1925999999999988,0.29963365765245054,1.9703806738800487
17,202102010204,1,1,1,3,3,0,1,8,0,0,0,0,0,0,0,0,1,0,1,2,0,0,0,0,0,0,0,0,0,0,0,1,0,0,0,0,0.0,0.0,14.0,14.0,38.2,1.9,0.75,0.0,0.0,6.0,5.0,36.2,0.7,0.42857142857142855,0.0,0.0,14.0,9.0,35.5,0.7,1.0,-2.5,-2.0,0.0,0.058823529411764705,0.23529411764705882,4,8,186.4,15.0,1657,324,1317,0.0,0.0,15.0,5.0,37.0,0.6,0.9375,0.0,0.0,15.0,9.0,35.1,0.7,0.8,-1.0,0.0,54.0,-62.0,16.0,16.0,418.0,0.125,0.0,0.0,-0.1875,-0.06666666666666667,0.5400000000000006,0.0,2.2834000000000003,-0.7412999999999954,-0.4166000000000025,1.0833999999999975,-0.8166000000000011,0.1989756933160738,1.108151614175606
18,202102010204,1,2,3,21,0,0,0,3,0,0,0,2,0,1,0,6,0,0,0,2,0,0,0,2,0,0,0,6,0,0,0,2,0,0,0,2,0.0,0.0,16.0,12.0,38.0,2.2,0.4444444444444444,0.0,0.0,15.0,12.0,35.1,1.3,0.5294117647058824,0.0,0.0,13.0,17.0,35.5,1.8,0.6666666666666666,2.5,2.0,800.0,0.0,0.15384615384615385,5,9,17.8,7.0,1152,882,1428,0.0,0.0,12.0,14.0,34.7,0.9,0.5625,0.0,0.0,7.0,4.0,36.3,0.4,0.21428571428571427,-1.4,0.0,54.0,-630.0,16.0,18.0,498.0,0.05555555555555555,0.0,0.16666666666666666,0.0625,0.0,0.38000000000000045,0.0,2.634599999999999,0.025300000000001432,0.13459999999999894,-0.45309999999999917,0.9345999999999961,0.15225017480518205,1.1668761716651848
19,202102010204,0,0,0,0,1,1,0,0,0,0,0,0,0,0,0,0,0,0,0,0,0,0,0,0,0,0,0,0,0,0,0,0,0,0,0,0,0.0,0.0,30.0,6.0,40.6,1.5,0.2,0.0,0.0,20.0,3.0,40.1,0.9,0.1,0.0,0.0,70.0,5.0,38.1,0.8,0.75,-0.5,0.0,200.0,0.26666666666666666,0.6,3,6,3.4,1.0,324,199,749,0.0,0.0,10.0,1.0,37.7,0.0,0.5,0.0,0.0,40.0,16.0,37.5,2.0,0.5625,1.8,0.4,56.0,-525.0,16.0,10.0,504.0,-0.1,0.0,-0.5833333333333334,-0.4166666666666667,0.0625,0.8600000000000001,0.0,0.9741,0.8822000000000045,-1.5259,0.035700000000005616,1.5833999999999975,0.23932195887548638,1.289961239727768
20,202102010204,4,8,5,40,2,7,5,38,0,2,0,1,0,3,1,7,1,3,2,6,0,1,0,0,0,1,0,4,1,0,1,2,0,0,0,0,0.0,0.0,5.0,5.0,38.8,1.5,1.0,0.0,0.0,10.0,6.0,35.7,0.5,0.75,0.0,0.0,6.0,8.0,37.2,1.5,0.875,1.5,11.0,600.0,0.2,0.3333333333333333,1,2,90.3,12.0,1691,1405,1167,0.0,0.0,10.0,2.0,36.2,0.5,0.75,0.0,0.0,12.0,8.0,37.2,0.9,1.0,0.2,0.2,56.0,-988.0,16.0,7.0,431.0,-0.14285714285714285,0.0625,-0.0625,-0.1875,-0.0625,0.26999999999999885,0.0,0.5204999999999984,-0.21659999999999968,1.2834000000000003,0.7408000000000001,1.2834000000000003,0.11180339887498948,1.062826420446912
21,202102010204,0,0,2,3,2,3,3,19,0,0,0,0,0,0,0,0,1,0,0,2,0,0,0,0,0,0,0,0,0,0,0,1,0,0,0,0,0.0,0.0,10.0,10.0,40.8,3.8,0.5,0.0,0.0,1.0,8.0,37.7,0.8,0.375,0.0,0.0,2.0,2.0,36.4,0.3,0.5,-4.0,10.0,200.0,0.0,0.0,8,16,17.1,6.0,1463,1345,1167,0.0,0.0,2.0,2.0,36.8,0.0,0.6875,0.0,0.0,7.0,2.0,37.1,0.1,0.25,-2.2,0.6,51.0,-499.0,16.0,10.0,484.0,0.5,-0.125,-0.1875,-0.1875,-0.0625,0.8299999999999997,0.0,1.1740999999999957,1.7834000000000003,0.48339999999999606,0.8833999999999946,1.183399999999999,0.1457737973711325,1.5781001235663084
22,202102010204,1,1,2,40,2,1,2,13,0,1,0,1,1,1,0,2,0,1,0,2,0,1,0,0,1,0,0,2,0,0,0,1,0,0,0,0,0.0,0.0,12.0,12.0,14.0,5.1,0.3333333333333333,0.0,0.0,13.0,7.0,13.4,4.3,0.21428571428571427,0.0,0.0,7.0,6.0,13.0,1.2,0.1,-3.0,6.0,-1110.0,0.0,0.0,8,15,49.0,9.0,1090,1362,1169,0.0,0.0,11.0,7.0,13.0,3.5,0.8181818181818182,0.0,0.0,13.0,6.0,13.7,1.7,0.9230769230769231,-1.2,0.0,56.0,-833.0,16.0,12.0,504.0,0.08333333333333333,0.07142857142857142,0.1,-0.36363636363636365,-0.15384615384615385,0.10000000000000017,0.0,,,,,,0.33080947808059813,0.39191835884530835
23,202102010204,7,4,5,28,0,0,0,2,0,0,0,0,1,1,0,1,0,0,0,0,0,0,0,0,1,1,0,1,0,0,0,0,0,0,0,0,0.0,0.0,30.0,6.0,35.8,1.5,0.18181818181818182,0.0,0.0,10.0,2.0,37.8,0.3,0.16666666666666666,0.0,0.0,20.0,2.0,35.8,0.1,0.1111111111111111,-2.0,4.0,0.0,0.0,0.25,6,11,4.3,2.0,1393,302,1263,0.0,0.0,10.0,3.0,35.9,0.4,0.2777777777777778,0.0,0.0,10.0,2.0,35.6,0.2,0.125,-0.7,0.8,56.0,43.0,16.0,11.0,490.0,0.09090909090909091,0.0,0.0,-0.1111111111111111,0.0,0.229999999999999,0.0,-0.8832000000000022,1.8833999999999946,0.1500999999999948,0.7935000000000016,-0.049900000000000944,0.05870112311457733,0.8158431221748449
24,202102010204,1,0,0,9,1,2,1,27,0,0,0,0,0,0,0,1,0,1,1,4,0,0,0,0,0,0,0,1,0,0,1,3,0,0,0,0,0.0,0.0,12.0,12.0,36.0,1.1,0.3888888888888889,0.0,0.0,14.0,12.0,38.7,2.2,0.875,0.0,0.0,11.0,7.0,36.3,0.9,0.9166666666666666,-2.5,0.0,0.0,,,2,4,156.6,14.0,1441,1556,1167,0.0,0.0,8.0,11.0,42.4,2.8,0.4666666666666667,0.0,0.0,11.0,10.0,37.3,2.0,0.75,-0.5,0.0,51.0,-56.0,16.0,18.0,472.0,0.2222222222222222,-0.125,-0.08333333333333333,0.06666666666666667,0.0625,-0.629999999999999,0.0,0.08339999999999748,2.7834000000000003,0.38339999999999463,2.774099999999997,1.3833999999999946,0.21409874265146506,2.3294634575369497
25,202102010204,0,0,0,0,0,0,0,0,0,0,0,0,0,0,0,0,0,0,0,0,0,0,0,0,0,0,0,0,0,0,0,0,0,0,0,0,0.0,0.0,5.0,6.0,40.5,2.9,0.5833333333333334,0.0,0.0,3.0,12.0,40.5,3.4,0.2857142857142857,0.0,0.0,3.0,4.0,36.3,0.3,0.125,-1.0,-13.0,500.0,0.0,0.0,4,7,22.8,8.0,891,905,324,0.0,0.0,9.0,2.0,36.6,0.1,0.125,0.0,0.0,8.0,13.0,39.8,2.2,0.125,0.4,0.2,55.0,-318.0,16.0,12.0,491.0,0.0,0.35714285714285715,0.0,0.0,0.0,0.5300000000000005,0.0,,1.1073999999999984,0.38339999999999463,0.6833999999999989,3.8833999999999946,0.1784682241450238,1.8895502110290692
26,202102010204,1,2,3,21,0,0,0,0,0,0,0,0,0,1,0,6,0,0,0,0,0,0,0,0,0,0,0,6,0,0,0,0,0,0,0,0,0.0,0.0,2.0,7.0,42.2,1.3,0.5,0.0,0.0,16.0,13.0,37.1,0.8,0.1875,0.0,0.0,16.0,14.0,39.1,2.5,0.3125,3.5,7.0,600.0,0.0,0.0,7,13,263.3,16.0,1152,1335,1428,0.0,0.0,10.0,7.0,36.8,1.2,0.1,0.0,0.0,12.0,11.0,40.1,2.7,0.875,0.2,0.0,52.0,-323.0,16.0,8.0,405.0,0.125,0.0625,0.6875,0.0,-0.0625,0.45000000000000073,0.0,3.920500000000004,1.183399999999999,3.183399999999999,0.769999999999996,1.8205000000000027,0.2750681733679853,1.994592690250319
27,202102010204,4,8,5,40,7,2,7,58,0,0,1,3,0,3,1,7,2,2,3,20,0,0,0,0,0,1,0,4,1,2,1,1,0,0,0,0,0.0,0.0,5.0,4.0,42.0,0.9,0.45454545454545453,0.0,0.0,11.0,10.0,39.8,3.1,0.6666666666666666,0.0,0.0,8.0,9.0,39.0,1.0,0.5384615384615384,2.5,16.0,500.0,0.0,0.0,6,12,60.4,10.0,1691,1263,1167,0.0,0.0,11.0,4.0,40.2,0.5,0.42857142857142855,0.0,0.0,10.0,15.0,40.2,2.9,0.25,1.6,0.0,56.0,-1096.0,16.0,11.0,480.0,-0.09090909090909091,-0.16666666666666666,0.23076923076923078,0.0,0.4375,0.31999999999999884,0.0,,0.9317999999999955,-0.3926000000000016,0.8074000000000012,4.2834,0.13688849034308484,0.9830564581955606
28,202102010204,0,2,1,10,5,3,5,27,0,0,0,1,0,0,0,1,1,0,0,2,0,0,0,0,0,0,0,0,1,0,0,1,0,0,0,0,0.0,0.0,100.0,110.0,38.8,3.8,0.7272727272727273,0.0,0.0,70.0,110.0,37.1,0.7,0.3125,0.0,0.0,40.0,160.0,40.6,3.3,0.125,25.0,7.0,1000.0,0.125,0.4166666666666667,1,1,5.0,4.0,1036,1183,1108,0.0,0.0,20.0,40.0,35.2,0.7,0.8461538461538461,0.0,0.0,60.0,60.0,35.4,0.4,0.2777777777777778,-17.0,0.0,56.0,-728.0,16.0,11.0,481.0,0.2727272727272727,-0.125,0.25,0.0,-0.1111111111111111,0.8699999999999996,0.0,2.5257999999999967,1.183399999999999,4.683399999999999,-0.2591999999999999,-0.05920000000000414,0.27846370448533214,2.055626425204735
29,202102010208,4,5,6,51,7,2,7,58,2,0,0,14,2,2,3,21,2,2,3,20,1,0,0,8,2,0,0,6,1,0,1,3,1,0,0,2,0.0,0.0,11.0,11.0,35.9,1.3,1.0,0.0,0.0,14.0,14.0,33.6,1.0,1.0,0.0,0.0,6.0,10.0,33.8,0.9,1.0,-0.5,8.0,0.0,0.14285714285714285,0.2857142857142857,8,10,3.5,2.0,1506,1263,199,0.0,0.0,10.0,8.0,36.1,0.8,1.0,0.0,0.0,10.0,9.0,34.7,0.8,0.8125,-1.0,0.0,52.0,-930.0,11.0,11.0,464.0,-0.45454545454545453,-0.06666666666666667,-0.07142857142857142,-0.42857142857142855,0.0,-0.010000000000000852,0.0,-0.016600000000003945,-1.8592000000000013,-1.6592000000000056,0.1833999999999989,-1.2165999999999997,0.075,1.0342146779078318
30,202102010208,1,1,1,3,2,2,1,9,0,0,0,0,0,0,0,0,0,0,0,1,0,0,0,0,0,0,0,0,0,0,0,1,0,0,0,0,0.0,0.0,9.0,8.0,38.4,2.4,0.6,0.0,0.0,10.0,10.0,35.8,1.8,0.9166666666666666,0.0,0.0,8.0,8.0,35.1,0.9,0.9,0.0,6.0,0.0,0.0,0.14285714285714285,7,8,11.8,6.0,1657,1376,1317,0.0,0.0,11.0,9.0,33.0,1.1,0.9230769230769231,0.0,0.0,10.0,9.0,41.6,2.3,0.6153846153846154,0.1,0.0,52.0,-931.0,11.0,10.0,482.0,-0.5,0.08333333333333333,-0.8,0.0,-0.46153846153846156,-0.3600000000000009,0.0,1.0546999999999969,0.35319999999999396,-0.8166000000000011,-2.9166000000000025,2.0533,0.1499594510171847,2.9640512816076585
31,202102010208,7,6,4,56,4,7,3,41,1,0,0,2,3,1,1,13,1,1,1,9,0,0,0,1,2,0,0,4,1,1,0,3,0,0,0,1,0.0,0.0,4.0,3.0,35.8,0.7,1.0,0.0,0.0,1.0,3.0,34.9,0.3,0.9,0.0,0.0,1.0,9.0,36.5,1.2,1.0,3.0,0.0,0.0,0.0,0.08333333333333333,7,9,6.3,4.0,1428,1167,1263,0.0,0.0,2.0,3.0,35.5,0.2,0.4,0.0,0.0,5.0,3.0,35.1,0.5,0.5,0.0,0.8,55.0,0.0,11.0,11.0,446.0,-0.18181818181818182,-0.1,-0.23076923076923078,-0.13333333333333333,0.14285714285714285,0.079999999999999,0.0,-0.11660000000000537,-1.016600000000004,-0.35029999999999717,0.04079999999999728,-0.3592000000000013,0.2576819745345025,0.5642694391866352
32,202102010208,0,1,1,1,1,0,2,3,0,0,0,0,0,0,0,0,1,0,0,1,0,0,0,0,0,0,0,0,1,0,0,0,0,0,0,0,0.0,0.0,13.0,13.0,34.7,1.7,0.9285714285714286,0.0,0.0,7.0,15.0,39.7,1.8,0.4,0.0,0.0,3.0,8.0,38.1,1.3,0.3333333333333333,-2.5,0.0,400.0,0.13043478260869565,0.43478260869565216,1,1,3.5,1.0,1601,939,239,0.0,0.0,5.0,5.0,37.0,0.7,0.21428571428571427,0.0,0.0,1.0,1.0,35.4,0.0,0.3,-3.4,0.2,52.0,-595.0,11.0,14.0,486.0,0.0,0.0,0.13333333333333333,0.07142857142857142,0.0,0.13000000000000114,0.0,-0.5633999999999943,0.07410000000000139,-1.2926000000000002,-2.0386999999999986,-2.6726000000000028,0.25381622433753415,1.8082035283673135
33,202102010208,4,5,9,29,0,0,0,0,0,0,0,0,0,3,4,7,0,0,0,0,0,0,0,0,0,1,2,4,0,0,0,0,0,0,0,0,0.0,0.0,8.0,10.0,36.2,2.1,0.25,0.0,0.0,8.0,15.0,39.5,2.3,0.25,0.0,0.0,9.0,14.0,37.3,1.9,0.125,2.0,-6.0,200.0,0.2857142857142857,0.6428571428571429,3,3,8.7,5.0,1127,982,1328,0.0,0.0,5.0,11.0,38.4,2.3,0.18181818181818182,0.0,0.0,5.0,5.0,36.3,0.8,0.7272727272727273,-1.4,0.0,55.0,-209.0,11.0,12.0,458.0,0.0,0.0,0.0,0.09090909090909091,-0.36363636363636365,0.09000000000000127,0.0,0.7408000000000001,1.5889000000000024,2.146899999999995,2.940799999999996,0.38339999999999463,0.2153701407360388,1.2626955294131676
34,202102010208,4,5,6,51,4,7,3,41,1,1,0,3,2,2,3,21,1,1,1,9,1,0,0,2,2,0,0,6,1,1,0,3,1,0,0,1,0.0,0.0,7.0,6.0,35.5,0.5,0.625,0.0,0.0,6.0,8.0,34.8,0.9,0.7142857142857143,0.0,0.0,5.0,8.0,34.7,0.7,0.5,1.0,0.0,200.0,0.0,0.0,6,7,6.2,3.0,1506,1167,199,0.0,0.0,3.0,6.0,36.3,0.9,0.7272727272727273,0.0,0.0,3.0,2.0,35.0,0.0,0.6,-1.0,0.2,55.0,-132.0,11.0,16.0,434.0,0.0,0.07142857142857142,-0.07142857142857142,-0.18181818181818182,-0.3,-0.05,0.0,0.04079999999999728,-1.1166000000000054,-0.7591999999999999,0.38339999999999463,-0.9166000000000025,0.08286884662689421,0.5885575587824854
35,202102010208,7,5,6,48,1,1,1,0,0,0,0,0,2,1,0,13,0,1,1,0,0,0,0,0,0,1,0,3,0,1,1,0,0,0,0,0,0.0,0.0,9.0,7.0,37.4,1.4,0.09090909090909091,0.0,0.0,5.0,8.0,36.1,1.0,0.23076923076923078,0.0,0.0,2.0,8.0,36.9,1.5,0.4166666666666667,0.5,-2.0,0.0,0.2631578947368421,0.3157894736842105,5,5,32.5,9.0,1503,33,1263,0.0,0.0,3.0,9.0,35.2,1.3,0.2,0.0,0.0,4.0,3.0,34.4,0.5,0.07692307692307693,-0.7,0.2,55.0,0.0,11.0,11.0,490.0,0.09090909090909091,0.0,-0.08333333333333333,0.0,0.0,0.6899999999999998,0.0,1.483399999999996,0.6407999999999987,0.04970000000000141,0.12530000000000285,-1.0592000000000041,0.12238735448038125,1.0936178491593846
36,202102010208,1,0,0,4,2,7,5,38,0,0,0,0,0,0,0,1,1,3,2,6,0,0,0,0,0,0,0,1,0,2,0,2,0,0,0,0,0.0,0.0,8.0,10.0,36.8,1.2,0.2727272727272727,0.0,0.0,6.0,5.0,34.7,0.2,0.2222222222222222,0.0,0.0,11.0,4.0,37.8,0.9,0.13333333333333333,-3.0,0.0,-600.0,0.125,0.25,6,6,20.9,8.0,1713,1405,215,0.0,0.0,7.0,8.0,37.8,1.2,0.8125,0.0,0.0,6.0,6.0,36.3,1.0,0.3,-0.5,0.0,55.0,-342.0,11.0,11.0,454.0,-0.09090909090909091,0.0,0.0,0.0,0.2,-0.20999999999999944,0.0,-0.1413000000000011,-1.3299999999999983,1.6341999999999999,1.6341999999999999,-0.6413000000000011,0.2390112708922088,1.1478675881825375
37,202102010208,7,4,5,28,0,1,1,4,0,0,0,0,1,1,0,1,0,0,0,1,0,0,0,0,0,0,0,0,0,0,0,0,0,0,0,0,0.0,0.0,3.0,6.0,40.5,1.5,0.375,0.0,0.0,16.0,16.0,37.4,3.0,0.9375,0.0,0.0,10.0,11.0,38.9,2.3,0.5454545454545454,2.5,-9.0,700.0,0.0,0.0,8,11,19.5,7.0,1393,460,1263,0.0,0.0,15.0,14.0,36.4,2.2,0.4,0.0,0.0,16.0,13.0,35.1,2.0,0.8888888888888888,1.2,0.0,50.0,-714.0,11.0,8.0,463.0,0.125,0.0625,0.09090909090909091,0.2,0.05555555555555555,1.1799999999999997,0.0,3.065899999999999,-0.7537999999999982,0.8273999999999972,0.9407999999999959,-0.006499999999995509,0.23943710986105396,1.8874321179846436
38,202102010208,0,0,1,11,0,0,0,1,0,0,0,0,0,0,0,4,0,0,0,0,0,0,0,0,0,0,0,0,0,0,0,0,0,0,0,0,0.0,0.0,7.0,8.0,44.4,2.9,0.1,0.0,0.0,13.0,14.0,37.9,1.5,0.6,0.0,0.0,11.0,7.0,35.5,0.9,0.375,-0.5,13.0,600.0,,,2,2,70.7,11.0,1618,870,1263,0.0,0.0,11.0,10.0,37.1,1.6,0.18181818181818182,0.0,0.0,7.0,11.0,37.9,3.5,1.0,0.2,0.0,52.0,-1109.0,11.0,10.0,481.0,0.2,0.06666666666666667,0.0,0.5454545454545454,0.0,1.3799999999999997,0.0,6.246200000000002,-0.37950000000000017,0.13459999999999894,1.183399999999999,1.0497000000000014,0.32404851182582045,3.0486718419665966
39,202102010208,0,0,0,2,0,0,0,3,0,0,0,0,0,0,0,0,0,0,0,2,0,0,0,0,0,0,0,0,0,0,0,0,0,0,0,0,0.0,0.0,7.0,4.0,39.4,0.8,0.5555555555555556,0.0,0.0,11.0,13.0,42.9,5.1,0.07142857142857142,0.0,0.0,13.0,13.0,39.2,3.2,0.5,4.5,-25.0,500.0,0.0,0.2,4,4,33.3,10.0,1430,1341,1013,0.0,0.0,8.0,12.0,37.9,1.9,1.0,0.0,0.0,7.0,8.0,40.0,1.3,0.09090909090909091,0.7,0.0,55.0,-1107.0,11.0,9.0,469.0,-0.1111111111111111,0.6428571428571429,0.35714285714285715,0.0,0.18181818181818182,0.3799999999999997,0.0,,5.9587,-0.19259999999999877,-1.492600000000003,0.6073999999999984,0.3429864177309473,1.6581917862539297
40,202102010306,2,3,5,16,3,5,3,33,1,0,0,5,0,0,1,2,0,1,0,5,0,0,0,0,0,0,1,2,0,1,0,3,0,0,0,0,0.0,0.0,8.0,6.0,35.5,0.6,0.23529411764705882,0.0,0.0,5.0,7.0,34.9,0.6,0.5454545454545454,0.0,0.0,9.0,1.0,35.8,0.0,0.3,-2.5,-4.0,0.0,0.058823529411764705,0.17647058823529413,2,3,3.2,1.0,1098,1428,1294,0.0,0.0,14.0,12.0,34.5,1.0,0.5882352941176471,0.0,0.0,12.0,4.0,34.7,0.5,0.35714285714285715,0.1,0.2,54.0,-862.0,16.0,17.0,484.0,-0.11764705882352941,-0.2727272727272727,0.0,0.058823529411764705,-0.07142857142857142,0.1999999999999993,0.0,-0.4166000000000025,-1.016600000000004,-0.3658000000000001,-0.9592000000000027,-0.7591999999999999,0.13814325248432627,0.49152822909777916
41,202102010306,1,1,1,3,1,2,1,27,0,0,0,0,0,0,0,0,0,1,1,4,0,0,0,0,0,0,0,0,0,0,1,3,0,0,0,0,0.0,0.0,20.0,2.0,36.2,0.3,0.5384615384615384,0.0,0.0,30.0,2.0,34.8,0.0,0.4666666666666667,0.0,0.0,50.0,4.0,36.7,0.4,0.6666666666666666,1.0,2.0,0.0,0.09090909090909091,0.2727272727272727,1,1,5.3,4.0,1657,1556,1317,0.0,0.0,30.0,4.0,34.8,0.6,0.5625,0.0,0.0,50.0,6.0,37.8,1.5,0.29411764705882354,1.0,0.4,56.0,14.0,16.0,13.0,476.0,-0.3076923076923077,-0.2,0.06666666666666667,0.0625,0.058823529411764705,-0.31999999999999884,0.0,0.2834000000000003,-1.1166000000000054,0.2820000000000036,-0.6592000000000056,0.3552999999999997,0.1236935874140532,1.1516944039110384
42,202102010306,1,1,2,40,3,5,3,33,0,0,0,3,1,1,0,2,0,1,0,5,0,0,0,1,1,0,0,2,0,1,0,3,0,0,0,1,0.0,0.0,80.0,4.0,38.9,1.4,0.8,0.0,0.0,100.0,9.0,36.9,1.7,0.7,0.0,0.0,20.0,15.0,41.2,3.9,0.125,5.5,9.0,600.0,0.12,0.4,5,9,19.7,7.0,1090,1428,1169,0.0,0.0,70.0,3.0,37.0,0.2,0.75,0.0,0.0,50.0,4.0,34.5,0.3,0.42857142857142855,-0.6,0.2,56.0,-1062.0,16.0,10.0,453.0,-0.3,0.0,0.1875,-0.5,-0.07142857142857142,0.8699999999999996,0.0,0.6204999999999998,1.4407999999999959,5.2834,1.0833999999999975,-0.9592000000000027,0.25290152959891204,2.238749651032916
43,202102010306,0,0,1,12,4,4,3,44,0,0,0,0,0,0,1,3,1,1,0,11,0,0,0,0,0,0,0,0,1,0,0,5,0,0,0,0,0.0,0.0,2.0,5.0,42.0,1.0,0.625,0.0,0.0,10.0,8.0,37.2,1.2,0.375,0.0,0.0,10.0,12.0,36.2,0.7,0.8125,3.5,-5.0,600.0,0.0,0.0,1,2,66.5,10.0,1712,1013,1292,0.0,0.0,10.0,4.0,36.4,0.5,0.75,0.0,0.0,5.0,6.0,36.5,0.9,0.4,-0.2,0.0,55.0,-498.0,16.0,8.0,457.0,0.0,0.375,-0.4375,-0.125,-0.26666666666666666,1.1800000000000004,0.0,3.7205000000000013,1.2834000000000003,0.2834000000000003,0.48339999999999606,1.0407999999999973,0.17811513130556875,2.1959963570097285
44,202102010306,0,0,2,3,0,0,0,1,0,0,0,0,0,0,0,0,0,0,0,0,0,0,0,0,0,0,0,0,0,0,0,0,0,0,0,0,0.0,0.0,13.0,5.0,33.4,0.5,0.2857142857142857,0.0,0.0,10.0,14.0,36.3,2.6,0.8,0.0,0.0,9.0,12.0,37.6,2.2,0.2857142857142857,3.5,-2.0,0.0,0.0,0.0,4,8,3.5,2.0,1463,57,1167,0.0,0.0,5.0,3.0,36.3,0.6,0.1111111111111111,0.0,0.0,5.0,4.0,35.5,0.5,0.5,-1.3,0.2,54.0,-462.0,16.0,14.0,496.0,0.0,-0.06666666666666667,0.0,0.0,-0.16666666666666666,-0.42000000000000026,0.0,-2.516600000000004,0.5625999999999962,1.5700000000000003,0.38339999999999463,-0.4166000000000025,0.23643953415868746,1.3847743498491014
45,202102010306,0,0,1,1,0,0,0,4,0,0,0,0,0,0,0,0,0,0,0,0,0,0,0,0,0,0,0,0,0,0,0,0,0,0,0,0,0.0,0.0,11.0,7.0,37.5,0.7,0.0625,0.0,0.0,9.0,6.0,37.5,0.6,0.0625,0.0,0.0,4.0,5.0,36.6,0.5,0.07692307692307693,-1.0,6.0,0.0,,,6,12,41.6,9.0,1672,1571,1167,0.0,0.0,7.0,4.0,35.6,0.4,0.06666666666666667,0.0,0.0,8.0,6.0,35.8,0.8,0.08333333333333333,-0.4,0.0,56.0,-28.0,16.0,16.0,488.0,0.0,0.1875,0.0,0.0,0.25,0.5300000000000005,0.0,1.5833999999999975,1.5833999999999975,0.6833999999999989,-0.3166000000000011,-0.3658000000000001,0.008349589666580207,0.8074651695274542
46,202102010306,0,0,0,0,0,0,0,0,0,0,0,0,0,0,0,0,0,0,0,0,0,0,0,0,0,0,0,0,0,0,0,0,0,0,0,0,0.0,0.0,13.0,6.0,36.9,0.4,0.6111111111111112,0.0,0.0,10.0,9.0,39.1,1.8,0.8125,0.0,0.0,8.0,7.0,37.0,0.9,0.875,0.5,-12.0,0.0,0.0,0.14285714285714285,4,7,27.9,8.0,1089,1088,1428,0.0,0.0,8.0,6.0,36.2,0.5,0.35714285714285715,0.0,0.0,11.0,6.0,35.3,1.4,0.5,-0.3,0.0,56.0,-57.0,16.0,18.0,498.0,-0.4444444444444444,-0.3125,-0.25,0.0,0.0625,0.6100000000000001,0.0,0.983399999999996,2.158700000000003,1.0833999999999975,0.7408000000000001,0.22529999999999717,0.19237070405936893,1.2569805089976545
47,202102010306,4,5,6,51,0,1,1,4,0,0,0,0,2,2,3,21,0,0,0,1,0,0,0,0,0,0,2,7,0,0,0,1,0,0,0,0,0.0,0.0,11.0,10.0,35.3,1.7,0.9375,0.0,0.0,11.0,8.0,36.6,1.3,1.0,0.0,0.0,8.0,9.0,36.8,1.9,1.0,-0.5,-4.0,-400.0,0.10526315789473684,0.47368421052631576,7,13,124.3,11.0,1506,460,199,0.0,0.0,11.0,7.0,35.7,1.5,0.5,0.0,0.0,14.0,11.0,39.1,1.7,0.75,0.1,0.0,56.0,-42.0,16.0,16.0,448.0,-0.125,-0.125,-0.07692307692307693,0.07142857142857142,0.0625,-0.670000000000001,0.0,-0.14680000000000604,0.6833999999999989,-0.1413000000000011,0.25319999999999965,0.28719999999999857,0.1920286436967152,1.3221195104830734
48,202102010306,7,6,4,56,0,0,0,0,0,0,0,0,3,1,1,13,0,0,0,0,0,0,0,0,0,0,0,4,0,0,0,0,0,0,0,0,0.0,0.0,110.0,90.0,39.2,2.7,0.9090909090909091,0.0,0.0,100.0,120.0,38.9,3.2,0.75,0.0,0.0,130.0,130.0,36.7,2.1,0.38461538461538464,20.0,30.0,700.0,0.25,0.3,6,11,18.8,6.0,1428,218,1263,0.0,0.0,120.0,140.0,40.3,2.9,1.0,0.0,0.0,60.0,90.0,38.7,1.4,0.9375,2.0,0.0,56.0,-1107.0,16.0,11.0,518.0,0.0,0.08333333333333333,0.38461538461538464,-0.2857142857142857,-0.875,-0.039999999999999855,0.0,1.765900000000002,-0.13870000000000005,1.2531999999999996,0.9073999999999955,2.7834000000000003,0.22171189163653582,1.1689311356961951
49,202102010306,0,2,3,7,2,1,2,13,0,0,0,1,0,0,0,0,0,0,0,1,0,0,0,0,0,0,0,0,0,0,0,1,0,0,0,0,0.0,0.0,50.0,,,,,0.0,0.0,100.0,7.0,36.2,0.6,0.3125,0.0,0.0,110.0,5.0,37.3,0.7,0.75,-2.0,16.0,600.0,0.0,0.2222222222222222,8,15,126.5,12.0,1674,1170,1428,0.0,0.0,120.0,10.0,38.3,1.6,0.125,0.0,0.0,130.0,12.0,34.0,1.0,1.0,2.0,0.0,54.0,-661.0,16.0,9.0,432.0,,0.0,0.08333333333333333,0.3125,0.0,0.5600000000000008,0.0,,0.2834000000000003,1.3833999999999946,2.3833999999999946,-1.153100000000002,0.3462268719712553,1.5976545308670445
50,202102010306,4,5,9,29,3,0,1,8,0,0,0,0,0,3,4,7,1,0,1,2,0,0,0,0,0,1,1,2,0,0,0,1,0,0,0,0,0.0,0.0,11.0,11.0,43.2,5.5,0.9090909090909091,0.0,0.0,16.0,11.0,38.1,1.8,0.5,0.0,0.0,16.0,12.0,35.7,2.3,0.625,0.5,19.0,600.0,0.0,0.0,7,14,459.3,16.0,1127,324,1328,0.0,0.0,15.0,13.0,36.9,2.1,1.0,0.0,0.0,7.0,8.0,38.2,1.7,0.875,-0.4,0.0,53.0,-560.0,16.0,11.0,427.0,0.09090909090909091,0.0,0.0625,-0.16666666666666666,-0.25,1.1200000000000003,0.0,5.046200000000006,2.183399999999999,-0.0373999999999981,0.983399999999996,0.8547000000000011,0.18788184259491256,2.557655176133015
51,202102010306,0,1,1,1,0,0,0,1,0,0,0,0,0,0,0,0,0,0,0,0,0,0,0,0,0,0,0,0,0,0,0,0,0,0,0,0,0.0,0.0,12.0,12.0,38.4,2.6,1.0,0.0,0.0,15.0,12.0,37.8,1.8,0.25,0.0,0.0,10.0,9.0,40.3,2.8,0.8181818181818182,-1.5,16.0,1080.0,0.0,0.0,2,4,322.6,15.0,1601,1322,239,0.0,0.0,8.0,11.0,42.7,4.8,0.07142857142857142,0.0,0.0,11.0,6.0,40.2,0.4,0.06666666666666667,-1.3,0.0,54.0,-503.0,16.0,12.0,424.0,,0.625,0.09090909090909091,0.8571428571428571,0.0,-0.8500000000000014,0.0,,1.8833999999999946,0.9073999999999955,3.3074000000000012,0.6533000000000015,0.39190210079895366,1.7174399552822819
52,202102010306,1,2,3,21,2,1,3,19,0,0,0,0,0,1,0,6,1,1,0,4,0,0,0,0,0,0,0,6,0,1,0,1,0,0,0,0,0.0,0.0,14.0,13.0,38.1,1.9,0.25,0.0,0.0,8.0,9.0,37.6,1.8,0.23076923076923078,0.0,0.0,12.0,7.0,37.7,0.7,0.38461538461538464,-3.0,-6.0,0.0,0.1,0.1,5,10,223.2,14.0,1152,1306,1428,0.0,0.0,4.0,7.0,38.1,1.6,0.9,0.0,0.0,8.0,14.0,35.9,2.0,0.625,0.0,0.0,54.0,0.0,16.0,16.0,438.0,0.5,0.07692307692307693,-0.07692307692307693,0.0,0.0625,0.39000000000000057,0.0,2.183399999999999,1.683399999999999,0.7587000000000046,-0.17949999999999733,0.6366000000000014,0.2535826137806658,0.8158431221748468
53,202102010306,3,2,3,15,6,5,3,30,1,0,0,2,0,0,1,1,1,0,0,4,0,0,0,0,0,0,0,0,1,0,0,0,0,0,0,0,0.0,0.0,5.0,7.0,38.5,0.6,0.8181818181818182,0.0,0.0,10.0,10.0,36.3,1.9,0.5,0.0,0.0,12.0,12.0,37.6,2.0,0.8125,2.5,14.0,600.0,0.25,0.5625,3,6,5.1,3.0,1561,1558,1263,0.0,0.0,5.0,7.0,40.1,1.8,0.7142857142857143,0.0,0.0,5.0,11.0,39.6,2.4,0.4375,0.5,0.0,56.0,-908.0,16.0,11.0,520.0,0.0,0.3333333333333333,-0.0625,-0.5714285714285714,-0.3125,-0.6000000000000008,0.0,0.22050000000000125,0.269999999999996,-0.6794999999999973,0.7073999999999998,3.683399999999999,0.15891472486541994,1.3702554506368525
54,202102010306,4,8,5,40,3,5,3,33,0,1,1,4,0,3,1,7,0,1,0,5,0,0,0,1,0,1,0,4,0,1,0,3,0,0,0,1,0.0,0.0,5.0,15.0,39.3,2.2,0.125,0.0,0.0,3.0,3.0,36.1,0.3,0.38461538461538464,0.0,0.0,3.0,3.0,36.1,0.2,0.5833333333333334,-6.0,-2.0,0.0,0.08333333333333333,0.25,8,16,13.8,5.0,1691,1428,1167,0.0,0.0,5.0,7.0,35.2,1.0,0.375,0.0,0.0,1.0,7.0,36.7,0.5,0.625,-1.2,0.4,54.0,0.0,16.0,16.0,406.0,0.0,-0.07692307692307693,-0.25,0.0,-0.0625,0.6099999999999988,0.0,3.3833999999999946,0.1833999999999989,0.1833999999999989,-0.2591999999999999,-0.15029999999999433,0.17832268765806644,1.3948476619330137
55,202102010306,0,0,0,3,0,2,0,5,0,0,0,0,0,0,0,0,0,0,0,0,0,0,0,0,0,0,0,0,0,0,0,0,0,0,0,0,0.0,0.0,70.0,60.0,42.1,1.6,0.3,0.0,0.0,150.0,130.0,40.5,3.2,0.0625,0.0,0.0,130.0,160.0,37.9,2.3,0.5,50.0,24.0,700.0,0.0,0.3333333333333333,3,5,164.7,13.0,1440,749,1167,0.0,0.0,90.0,70.0,36.6,1.4,0.7272727272727273,0.0,0.0,60.0,70.0,39.0,1.3,0.7142857142857143,-4.0,0.0,52.0,-1113.0,16.0,10.0,490.0,0.4,0.25,0.5,0.0,-0.21428571428571427,1.0100000000000002,0.0,4.665900000000001,4.5833999999999975,1.983399999999996,0.43420000000000414,-0.3926000000000016,0.2534951246253154,1.928107880799205
56,202102010409,2,2,3,15,0,1,0,3,0,0,0,1,1,0,2,4,0,0,0,0,0,0,0,0,0,0,1,1,0,0,0,0,0,0,0,0,0.0,0.0,12.0,4.0,34.1,0.3,0.4666666666666667,0.0,0.0,5.0,1.0,35.7,0.0,0.3333333333333333,0.0,0.0,7.0,6.0,35.3,0.6,0.5625,1.0,4.0,200.0,0.23529411764705882,0.5294117647058824,3,4,6.8,4.0,1506,1393,199,0.0,0.0,6.0,6.0,34.1,0.5,0.45454545454545453,0.0,0.0,5.0,5.0,34.3,0.4,0.8181818181818182,0.7,0.2,55.0,-581.0,14.0,15.0,468.0,0.06666666666666667,-0.16666666666666666,0.0,0.0,-0.09090909090909091,0.120000000000001,0.0,-1.3592000000000013,-0.21659999999999968,-0.15920000000000556,-1.6373999999999995,-1.1592000000000056,0.16275358119255295,0.6693280212272606
57,202102010409,2,1,1,9,0,1,0,3,0,0,0,0,1,0,0,5,0,0,0,0,0,0,0,0,1,0,0,2,0,0,0,0,0,0,0,0,0.0,0.0,2.0,10.0,36.8,1.5,0.25,0.0,0.0,2.0,14.0,35.6,1.5,0.8125,0.0,0.0,2.0,4.0,34.9,0.1,0.18181818181818182,-3.0,0.0,0.0,0.11538461538461539,0.4230769230769231,7,12,3.5,1.0,1691,1393,1167,0.0,0.0,11.0,11.0,34.8,0.8,0.5,0.0,0.0,1.0,1.0,35.8,0.0,0.36363636363636365,-2.1,0.2,52.0,-350.0,14.0,12.0,474.0,0.3333333333333333,0.0,0.0,-0.1111111111111111,-0.18181818181818182,0.2800000000000004,0.0,0.8833999999999946,0.1407999999999987,-0.8374000000000024,-1.1166000000000054,0.34079999999999444,0.22327159830925708,0.7222188034107113
58,202102010409,2,0,2,12,0,0,0,0,0,0,0,0,1,0,1,4,0,0,0,0,0,0,0,0,0,0,0,2,0,0,0,0,0,0,0,0,0.0,0.0,40.0,8.0,41.7,3.4,0.5555555555555556,0.0,0.0,60.0,8.0,36.5,1.0,0.7,0.0,0.0,80.0,9.0,36.6,1.4,0.16666666666666666,0.5,-13.0,600.0,0.0,0.25,1,1,22.0,7.0,1503,530,1263,0.0,0.0,100.0,1.0,35.6,0.0,0.125,0.0,0.0,70.0,12.0,36.8,1.5,0.5,0.1,0.2,55.0,-698.0,14.0,9.0,465.0,0.2222222222222222,0.1,0.08333333333333333,-0.0625,0.08333333333333333,1.070000000000001,0.0,3.546200000000006,0.5833999999999975,0.5700000000000003,-0.3166000000000011,0.8833999999999946,0.22530911550770466,2.16942388665747
59,202102010409,0,1,0,3,1,0,0,3,0,0,0,0,0,0,0,1,0,0,0,0,0,0,0,0,0,0,0,0,0,0,0,0,0,0,0,0,0.0,0.0,10.0,8.0,34.3,1.0,1.0,0.0,0.0,11.0,7.0,35.2,0.6,0.9375,0.0,0.0,10.0,10.0,36.0,1.1,0.6153846153846154,1.0,0.0,0.0,0.0,0.3333333333333333,6,9,25.4,8.0,1317,460,1186,0.0,0.0,7.0,9.0,34.8,0.6,0.3,0.0,0.0,6.0,11.0,35.2,0.9,0.9166666666666666,0.8,0.0,52.0,-518.0,14.0,11.0,468.0,-0.09090909090909091,-0.375,0.07692307692307693,0.0,-0.08333333333333333,-0.14000000000000057,0.0,-1.6166000000000054,-0.2591999999999999,-0.16579999999999728,-1.1166000000000054,-0.7165999999999997,0.26305089964756095,0.558569601750759
60,202102010409,1,0,0,5,0,0,0,1,0,0,0,1,0,0,0,1,0,0,0,0,0,0,0,0,0,0,0,0,0,0,0,0,0,0,0,0,0.0,0.0,100.0,12.0,35.4,1.2,0.6428571428571429,0.0,0.0,70.0,5.0,35.3,0.5,0.8,0.0,0.0,100.0,8.0,35.7,1.0,0.4666666666666667,-2.0,6.0,200.0,0.11764705882352941,0.23529411764705882,3,3,67.1,12.0,1167,1648,460,0.0,0.0,80.0,8.0,33.8,1.0,0.6,0.0,0.0,40.0,4.0,35.1,0.5,0.6,-1.3,0.0,57.0,15.0,14.0,14.0,454.0,0.2857142857142857,-0.3,0.13333333333333333,0.0,0.1,0.20999999999999944,0.0,-0.05920000000000414,-0.6166000000000054,-0.3299999999999983,-2.1166000000000054,-0.8166000000000011,0.10697235110170647,0.6590902821313646
61,202102010409,2,0,2,12,1,0,0,3,0,0,0,0,1,0,1,4,0,0,0,0,0,0,0,0,0,0,0,2,0,0,0,0,0,0,0,0,0.0,0.0,7.0,11.0,39.6,2.4,0.5714285714285714,0.0,0.0,3.0,10.0,36.8,2.4,0.42857142857142855,0.0,0.0,13.0,7.0,36.7,0.5,0.1875,-2.0,-8.0,-600.0,0.0,0.0,4,6,3.8,2.0,1503,1208,1263,0.0,0.0,6.0,7.0,38.7,2.3,0.25,0.0,0.0,9.0,4.0,35.1,0.9,0.23076923076923078,-1.7,0.0,57.0,-784.0,14.0,14.0,512.0,0.0,0.42857142857142855,0.0,0.0,0.0,0.7099999999999994,0.0,2.658700000000003,-0.4054000000000002,0.5342000000000056,2.718200000000003,-0.9299999999999997,0.14456162992731048,1.5917286200857235
62,202102010409,1,1,0,10,0,0,0,0,0,0,0,0,1,1,0,1,0,0,0,0,0,0,0,0,1,0,0,1,0,0,0,0,0,0,0,0,0.0,0.0,3.0,6.0,13.4,1.1,0.2222222222222222,0.0,0.0,2.0,1.0,13.3,0.0,0.09090909090909091,0.0,0.0,6.0,2.0,13.9,2.2,0.2857142857142857,-2.0,6.0,-1330.0,0.0,0.0,2,2,11.2,5.0,1736,666,1482,0.0,0.0,13.0,14.0,36.1,2.4,0.9285714285714286,0.0,0.0,9.0,15.0,38.8,2.3,0.13333333333333333,3.1,0.4,54.0,-741.0,14.0,9.0,522.0,0.1111111111111111,0.0,-0.07142857142857142,-0.5,0.06666666666666667,-7.359999999999999,0.0,,,,0.6407999999999987,2.8833999999999946,0.30583791639069063,11.749553182993811
63,202102010409,0,1,2,2,0,0,0,0,0,0,0,0,0,0,0,0,0,0,0,0,0,0,0,0,0,0,0,0,0,0,0,0,0,0,0,0,0.0,0.0,9.0,4.0,34.7,0.2,0.18181818181818182,0.0,0.0,11.0,6.0,34.0,0.4,0.42857142857142855,0.0,0.0,13.0,7.0,35.6,0.5,0.38461538461538464,1.5,0.0,-200.0,0.0,0.0,8,13,4.7,3.0,1222,733,1328,0.0,0.0,12.0,11.0,35.7,1.3,0.375,0.0,0.0,12.0,10.0,36.3,0.9,0.5,1.7,0.0,51.0,-882.0,14.0,11.0,450.0,0.0,0.0,0.07692307692307693,0.0,0.35714285714285715,-0.48999999999999916,0.0,-1.3299999999999983,-1.4592000000000027,-0.6844999999999999,-0.21659999999999968,0.38339999999999463,0.10573701191308413,0.8114185110040312
64,202102010409,1,1,0,10,0,0,0,3,0,0,0,1,1,1,0,1,0,0,0,1,0,0,0,0,1,0,0,1,0,0,0,0,0,0,0,0,0.0,0.0,20.0,10.0,42.3,2.6,1.0,0.0,0.0,140.0,4.0,38.2,0.7,1.0,0.0,0.0,80.0,10.0,39.8,2.6,0.8333333333333334,0.0,-4.0,400.0,,,7,11,62.2,11.0,1736,848,1482,0.0,0.0,120.0,11.0,38.2,2.1,0.625,0.0,0.0,80.0,6.0,35.4,0.9,0.8,-0.1,0.0,57.0,-838.0,14.0,10.0,488.0,-0.1,0.0,-0.08333333333333333,0.0,-0.1,1.3799999999999997,0.0,4.227399999999996,-1.017799999999994,0.6548999999999978,0.7553000000000054,-0.6300000000000026,0.1402775027500054,2.259557478799775
65,202102010409,0,1,0,3,0,1,0,0,0,1,0,0,0,0,0,0,0,0,0,0,0,0,0,0,0,0,0,0,0,0,0,0,0,0,0,0,0.0,0.0,100.0,6.0,35.6,0.9,0.14285714285714285,0.0,0.0,110.0,11.0,43.6,4.3,0.09090909090909091,0.0,0.0,120.0,9.0,35.4,1.0,0.16666666666666666,1.5,-12.0,500.0,0.1875,0.3125,8,14,28.2,10.0,1482,1374,1263,0.0,0.0,70.0,6.0,38.0,0.9,0.6,0.0,0.0,60.0,7.0,36.6,1.2,0.375,-0.3,0.0,54.0,14.0,14.0,14.0,488.0,0.0,0.09090909090909091,0.0,-0.1,0.0,0.36000000000000015,0.0,-0.322499999999998,3.910899999999998,-0.516600000000004,-0.1338000000000008,0.6833999999999989,0.18905674869432673,3.023640190234282
66,202102010409,1,1,0,10,0,0,0,3,0,0,0,0,1,1,0,1,0,0,0,1,0,0,0,0,1,0,0,1,0,0,0,0,0,0,0,0,0.0,0.0,90.0,9.0,40.1,1.9,0.75,0.0,0.0,110.0,,,,0.9230769230769231,0.0,0.0,150.0,14.0,37.6,1.5,0.0625,5.0,-6.0,600.0,,,5,8,123.2,13.0,1736,1306,1482,0.0,0.0,130.0,11.0,37.2,1.6,0.125,0.0,0.0,100.0,11.0,36.8,1.0,0.35714285714285715,0.3,0.0,54.0,-557.0,14.0,12.0,480.0,0.0,0.0,0.0,0.0,-0.14285714285714285,1.0300000000000011,0.0,1.8205000000000027,,1.683399999999999,-0.14529999999999887,1.3407999999999944,0.33999913870764703,1.2871965661856009
67,202102010409,2,1,1,9,0,0,1,7,0,0,0,0,1,0,0,5,0,0,0,2,0,0,0,0,1,0,0,2,0,0,0,1,0,0,0,0,0.0,0.0,50.0,4.0,34.5,1.6,0.5,0.0,0.0,30.0,14.0,37.0,1.6,0.14285714285714285,0.0,0.0,10.0,4.0,36.2,0.2,0.38461538461538464,0.0,14.0,0.0,0.0,0.13333333333333333,6,10,25.8,9.0,1691,1013,1167,0.0,0.0,10.0,3.0,36.8,0.4,0.05555555555555555,0.0,0.0,20.0,2.0,36.2,0.2,0.16666666666666666,-1.5,0.4,57.0,22.0,14.0,8.0,468.0,-0.125,0.0,-0.23076923076923078,0.0,0.0,-0.3200000000000003,0.0,-1.4166000000000025,1.5407999999999973,0.2834000000000003,0.1167999999999978,0.2834000000000003,0.1654412049013703,0.8799999999999997
68,202102010409,0,1,2,2,2,1,1,9,0,0,0,0,0,0,0,0,0,0,0,0,0,0,0,0,0,0,0,0,0,0,0,0,0,0,0,0,0.0,0.0,120.0,10.0,38.0,2.1,0.2857142857142857,0.0,0.0,80.0,8.0,38.4,2.7,0.7777777777777778,0.0,0.0,130.0,15.0,38.8,3.0,1.0,2.5,4.0,-600.0,0.0,0.0,4,5,205.2,14.0,1222,1558,1328,0.0,0.0,80.0,16.0,43.6,4.8,0.1875,0.0,0.0,90.0,11.0,35.1,0.4,0.8888888888888888,1.0,0.0,54.0,14.0,14.0,14.0,462.0,0.14285714285714285,0.1111111111111111,0.0,0.5,-0.05555555555555555,0.05999999999999943,0.0,1.0587000000000018,1.4587000000000003,1.3552999999999997,3.474899999999998,-0.8166000000000011,0.3286579232062854,2.7396350121868425
69,202102010409,0,0,0,1,0,0,0,1,0,0,0,0,0,0,0,0,0,0,0,0,0,0,0,0,0,0,0,0,0,0,0,0,0,0,0,0,0.0,0.0,15.0,11.0,35.5,1.3,0.7333333333333333,0.0,0.0,17.0,11.0,34.0,1.1,1.0,0.0,0.0,13.0,6.0,34.5,0.6,0.6153846153846154,-2.5,-4.0,600.0,0.0,0.1111111111111111,5,7,15.7,6.0,1714,1036,1167,0.0,0.0,15.0,17.0,34.1,0.8,0.8235294117647058,0.0,0.0,7.0,6.0,33.8,1.3,0.8,-0.4,0.0,56.0,-875.0,14.0,15.0,454.0,0.0,-0.1111111111111111,-0.15384615384615385,-0.058823529411764705,0.0,0.3300000000000004,0.0,0.39350000000000307,-1.2912999999999997,-0.6064999999999969,-1.0064999999999955,-1.2747000000000028,0.12563986317971534,0.6046486583132393
70,202102010611,0,0,1,12,0,0,0,2,0,0,0,0,0,0,1,3,0,0,0,0,0,0,0,0,0,0,0,0,0,0,0,0,0,0,0,0,0.0,0.0,3.0,,,,0.5,0.0,0.0,2.0,5.0,35.9,0.4,0.11764705882352941,0.0,0.0,8.0,15.0,34.8,1.5,0.125,10.0,-13.0,300.0,0.0,0.2,4,8,4.5,2.0,1712,1438,1292,0.0,0.0,3.0,2.0,33.9,0.1,0.5882352941176471,0.0,0.0,2.0,1.0,35.5,0.0,0.1875,-2.5,0.5,56.0,-473.0,16.0,14.0,477.0,0.07142857142857142,0.11764705882352941,0.0625,0.0,-0.0625,0.20999999999999944,0.0,,-0.016600000000003945,-1.1166000000000054,-2.016600000000004,-0.4166000000000025,0.19977279481994792,0.7595228765481659
71,202102010611,7,6,4,56,4,7,3,41,1,0,0,2,3,1,1,13,1,1,1,9,0,0,0,1,0,1,0,2,0,0,1,0,0,0,0,0,0.0,0.0,15.0,15.0,38.8,2.4,0.375,0.0,0.0,11.0,10.0,40.2,2.8,0.625,0.0,0.0,9.0,10.0,35.4,0.7,0.8333333333333334,-2.5,-6.0,0.0,0.0,0.0,2,4,33.7,14.0,1428,1167,1263,0.0,0.0,8.0,7.0,34.4,0.6,0.7,0.0,0.0,14.0,11.0,36.0,0.9,0.6875,-1.1,0.0,55.0,-399.0,16.0,16.0,472.0,0.4375,0.0625,-0.08333333333333333,-0.1,0.25,1.14,0.0,2.8833999999999946,2.854700000000001,-0.05920000000000414,-1.0468000000000046,0.26259999999999906,0.15072970657585866,2.181375712709758
72,202102010611,4,5,9,29,4,2,4,14,0,0,1,1,0,3,4,7,1,0,1,2,0,0,1,1,0,0,1,0,0,0,1,0,0,0,1,0,0.0,0.0,18.0,17.0,34.6,1.6,0.8888888888888888,0.0,0.0,10.0,9.0,36.3,1.0,0.5714285714285714,0.0,0.0,12.0,9.0,34.5,0.8,0.9166666666666666,-4.0,0.0,200.0,0.17647058823529413,0.29411764705882354,8,15,28.0,12.0,1127,1599,1328,0.0,0.0,15.0,15.0,37.6,2.4,0.2,0.0,0.0,15.0,15.0,34.6,1.0,0.9375,0.2,0.0,57.0,-671.0,16.0,18.0,474.0,-0.05555555555555555,0.07142857142857142,0.08333333333333333,0.3333333333333333,0.0,-0.13000000000000042,0.0,-0.8592000000000013,0.13419999999999987,-1.4166000000000025,1.683399999999999,-1.316600000000001,0.2847870646810079,1.2383860464330174
73,202102010611,4,5,9,29,0,0,0,2,0,0,0,0,0,3,4,7,0,0,0,0,0,0,0,0,0,0,1,0,0,0,0,0,0,0,0,0,0.0,0.0,2.0,7.0,13.2,1.3,0.9230769230769231,0.0,0.0,3.0,9.0,13.5,2.4,0.6,0.0,0.0,1.0,1.0,13.3,0.0,0.5,-3.0,2.0,-850.0,0.0,0.0,6,11,25.8,11.0,1127,1436,1328,0.0,0.0,1.0,3.0,13.3,0.4,0.3,0.0,0.0,15.0,14.0,35.5,1.1,1.0,0.8,0.4,54.0,-832.0,16.0,13.0,470.0,-0.07692307692307693,0.2,-0.2,0.1,0.0,-4.4399999999999995,0.0,,,,,-0.4166000000000025,0.26210797720782236,8.870535496800631
74,202102010611,7,6,4,56,0,0,0,2,0,0,0,0,3,1,1,13,0,0,0,0,0,0,0,0,0,1,0,2,0,0,0,0,0,0,0,0,0.0,0.0,11.0,12.0,38.8,1.8,0.625,0.0,0.0,14.0,3.0,34.0,0.4,0.375,0.0,0.0,11.0,7.0,38.8,1.6,0.6428571428571429,-2.5,0.0,0.0,0.0,0.1,5,9,21.7,8.0,1428,1541,1263,0.0,0.0,11.0,4.0,35.0,0.6,0.75,0.0,0.0,13.0,11.0,35.1,0.9,1.0,-0.1,0.2,56.0,-1211.0,16.0,16.0,472.0,-0.4375,0.0625,-0.07142857142857142,0.16666666666666666,-0.25,0.6399999999999991,0.0,2.8833999999999946,-1.9166000000000025,1.5945999999999998,-1.9412999999999982,-0.3592000000000013,0.20234593534593276,2.045091684986273
75,202102010611,7,5,6,48,4,3,3,19,0,0,0,0,2,1,0,13,0,0,2,3,0,0,0,0,1,0,0,1,0,0,0,1,0,0,0,0,0.0,0.0,90.0,80.0,39.6,4.6,1.0,0.0,0.0,110.0,120.0,36.3,1.9,0.5,0.0,0.0,140.0,160.0,35.7,3.6,1.0,40.0,-18.0,400.0,0.1111111111111111,0.4444444444444444,3,5,8.8,4.0,1503,1294,1263,0.0,0.0,80.0,70.0,39.1,1.8,0.42857142857142855,0.0,0.0,80.0,40.0,36.0,1.1,0.7857142857142857,-13.0,0.0,54.0,-1129.0,16.0,9.0,534.0,0.0,0.3333333333333333,0.0,0.14285714285714285,-0.5714285714285714,0.43999999999999984,0.0,1.5274,0.269999999999996,0.030000000000001137,2.158700000000003,-1.2053999999999974,0.2415933503612538,1.65963851485798
76,202102010611,4,8,5,40,1,2,1,27,0,1,0,4,0,3,1,7,0,1,1,4,0,1,0,0,0,0,0,0,0,0,0,0,0,0,0,0,0.0,0.0,8.0,10.0,36.7,2.3,0.8,0.0,0.0,18.0,18.0,35.1,2.1,0.2222222222222222,0.0,0.0,18.0,16.0,34.1,1.3,0.8333333333333334,3.0,2.0,600.0,0.07692307692307693,0.23076923076923078,2,3,10.3,5.0,1691,1556,1167,0.0,0.0,8.0,7.0,34.2,1.1,0.45454545454545453,0.0,0.0,12.0,2.0,34.3,0.0,0.6,-2.7,0.2,56.0,-1147.0,16.0,10.0,454.0,0.2,0.0,0.16666666666666666,0.0,0.0,0.570000000000001,0.0,-1.579499999999996,0.025300000000001432,-1.3592000000000013,-1.2591999999999999,-2.0748999999999995,0.22658382684718575,0.9765244492586972
77,202102010611,2,5,6,20,1,1,2,12,1,0,0,3,1,0,1,6,0,1,1,7,0,0,0,1,0,0,0,0,0,1,0,1,0,0,0,0,0.0,0.0,50.0,1.0,39.3,0.0,0.25,0.0,0.0,50.0,1.0,34.7,0.0,0.5454545454545454,0.0,0.0,50.0,9.0,37.4,1.0,0.42857142857142855,4.0,2.0,0.0,0.1111111111111111,0.2222222222222222,5,10,6.1,3.0,1317,1713,1186,0.0,0.0,40.0,9.0,34.9,0.8,0.36363636363636365,0.0,0.0,20.0,3.0,35.9,0.6,0.3333333333333333,1.2,0.6,56.0,91.0,16.0,16.0,476.0,0.0,-0.2727272727272727,0.0,0.0,0.0,0.6600000000000001,0.0,0.6293999999999969,-1.631699999999995,0.5497000000000014,-1.016600000000004,-0.016600000000003945,0.09898663851020201,1.7199999999999986
78,202102010611,0,0,0,0,0,1,0,3,0,0,0,0,0,0,0,0,0,0,0,0,0,0,0,0,0,0,0,0,0,0,0,0,0,0,0,0,0.0,0.0,2.0,5.0,36.4,2.2,0.2857142857142857,0.0,0.0,18.0,12.0,34.4,0.9,0.2222222222222222,0.0,0.0,10.0,17.0,34.4,1.0,0.16666666666666666,6.0,-4.0,400.0,0.2777777777777778,0.5555555555555556,1,1,4.1,1.0,32,568,664,0.0,0.0,2.0,1.0,34.3,0.0,0.25,0.0,0.0,4.0,11.0,37.4,2.0,0.6875,0.1,0.2,58.5,-813.0,16.0,14.0,522.0,-0.07142857142857142,-0.05555555555555555,0.0,-0.0625,-0.3125,-0.18999999999999986,0.0,-1.5167000000000002,-0.6747000000000014,-0.6747000000000014,-2.9551000000000016,-2.225900000000003,0.18664086785870787,1.2812493902437574
79,202102010611,7,5,6,48,0,0,0,2,0,0,0,2,2,1,0,13,0,0,0,2,0,0,0,2,1,0,0,1,0,0,0,0,0,0,0,0,0.0,0.0,15.0,15.0,37.9,2.2,0.875,0.0,0.0,9.0,12.0,38.9,2.5,0.8125,0.0,0.0,6.0,10.0,35.6,0.8,0.5625,-2.5,2.0,-100.0,0.23809523809523808,0.2857142857142857,1,2,17.0,6.0,1503,1640,1263,0.0,0.0,8.0,5.0,33.9,0.3,1.0,0.0,0.0,5.0,3.0,37.2,1.7,0.5,-3.1,0.2,55.0,-98.0,16.0,16.0,472.0,0.0625,0.0625,0.0,0.0,-0.16666666666666666,0.6399999999999991,0.0,-0.9128000000000043,-0.6467000000000027,-0.3166000000000011,-2.016600000000004,-2.1288999999999945,0.18957188610128875,1.7652195330892981
80,202102010611,7,6,4,56,1,2,1,8,1,1,0,1,3,1,1,13,1,1,0,2,1,1,0,0,0,1,0,2,0,1,0,0,0,1,0,0,0.0,0.0,13.0,12.0,33.6,1.2,0.9333333333333333,0.0,0.0,15.0,11.0,35.4,1.1,0.9375,0.0,0.0,9.0,8.0,34.8,0.5,0.8181818181818182,-2.0,10.0,200.0,0.09090909090909091,0.36363636363636365,4,7,44.9,15.0,1428,1206,1263,0.0,0.0,13.0,15.0,42.0,4.2,0.8125,0.0,0.0,13.0,13.0,35.1,1.0,1.0,0.6,0.0,53.0,-105.0,16.0,15.0,478.0,0.06666666666666667,0.0625,0.09090909090909091,0.0,0.0,-0.9600000000000002,0.0,-1.8592000000000013,-0.516600000000004,-0.6592000000000056,5.834200000000003,-0.3592000000000013,0.07330397922394306,2.973482806407328
81,202102010611,7,5,6,48,4,3,3,19,0,0,0,0,2,1,0,13,0,0,2,3,0,0,0,0,1,0,0,1,0,0,0,1,0,0,0,0,0.0,0.0,12.0,12.0,13.9,9.5,0.7857142857142857,0.0,0.0,9.0,14.0,14.9,12.7,1.0,0.0,0.0,2.0,1.0,13.6,0.0,0.2222222222222222,-5.5,2.0,-1110.0,0.05555555555555555,0.2222222222222222,3,6,57.3,16.0,1503,1294,1263,0.0,0.0,3.0,3.0,13.2,0.1,0.7692307692307693,0.0,0.0,8.0,2.0,13.4,1.6,0.7857142857142857,-3.0999999999999996,0.6,55.0,-489.0,16.0,14.0,508.0,0.07142857142857142,0.0,0.1111111111111111,-0.15384615384615385,-0.5714285714285714,0.27000000000000013,0.0,,,,,,0.25960260542124397,0.5966573556070522
82,202102010611,4,5,6,51,4,4,3,44,0,1,0,3,2,2,3,21,1,1,0,11,0,1,0,2,0,0,0,6,0,0,0,2,0,0,0,1,0.0,0.0,9.0,13.0,35.8,1.5,1.0,0.0,0.0,15.0,13.0,36.9,2.9,0.4375,0.0,0.0,12.0,8.0,35.9,0.8,0.625,-2.5,-8.0,0.0,0.08333333333333333,0.3333333333333333,7,13,22.1,9.0,1506,1013,199,0.0,0.0,9.0,6.0,35.1,0.5,0.75,0.0,0.0,8.0,1.0,35.8,0.0,0.6875,-3.1,0.2,54.0,0.0,16.0,16.0,448.0,-0.125,0.4375,-0.1875,0.0,-0.1875,0.17999999999999972,0.0,-0.11660000000000537,0.007999999999995566,-0.13000000000000256,-0.8166000000000011,-0.11660000000000537,0.1828592354790974,0.5761944116355167
83,202102010611,1,3,2,11,1,1,2,12,0,1,0,1,0,2,1,5,0,1,1,7,0,1,0,1,0,1,1,2,0,1,0,1,0,1,0,1,0.0,0.0,13.0,13.0,40.4,3.0,0.2857142857142857,0.0,0.0,14.0,14.0,35.5,1.1,0.6875,0.0,0.0,13.0,13.0,35.4,1.4,0.6,0.0,-18.0,-600.0,0.0,0.4,7,14,19.9,7.0,1328,1713,1263,0.0,0.0,15.0,10.0,34.8,0.6,0.5294117647058824,0.0,0.0,15.0,7.0,34.0,0.5,0.8235294117647058,-1.6,0.0,55.0,-1141.0,16.0,14.0,472.0,0.2857142857142857,0.125,0.26666666666666666,-0.11764705882352941,0.058823529411764705,1.35,0.0,3.194600000000001,-0.4166000000000025,-0.05920000000000414,-1.1166000000000054,-1.9166000000000025,0.17904706305151663,2.254240448576859
84,202102010611,2,5,2,20,2,0,1,11,0,0,0,0,0,1,0,11,0,0,0,3,0,0,0,0,0,0,0,5,0,0,0,1,0,0,0,0,0.0,0.0,11.0,12.0,39.9,2.6,0.2857142857142857,0.0,0.0,13.0,8.0,36.0,1.8,0.2857142857142857,0.0,0.0,14.0,13.0,36.0,1.2,0.25,0.5,-6.0,-600.0,0.0,0.0,8,16,33.2,13.0,1167,1618,460,0.0,0.0,10.0,8.0,34.2,0.9,0.3,0.0,0.0,14.0,12.0,38.4,1.7,0.4375,0.0,0.0,57.0,-777.0,16.0,14.0,474.0,0.42857142857142855,0.6428571428571429,0.5,0.0,0.0,0.4799999999999997,0.0,2.9587000000000003,-1.2053999999999974,0.5407999999999973,-1.2591999999999999,-1.2259000000000029,0.06499215023244527,2.00798406368178
85,202102010611,4,2,3,18,1,0,0,2,1,0,0,0,3,0,0,5,1,0,0,0,1,0,0,0,1,0,0,0,1,0,0,0,1,0,0,0,0.0,0.0,11.0,11.0,37.3,2.2,0.2727272727272727,0.0,0.0,14.0,13.0,35.3,0.7,0.5625,0.0,0.0,16.0,15.0,43.4,6.6,0.3125,2.0,0.0,0.0,0.1111111111111111,0.2222222222222222,6,12,23.3,10.0,1304,1103,1503,0.0,0.0,10.0,10.0,34.9,1.7,0.9,0.0,0.0,10.0,16.0,38.1,3.1,0.375,0.7,0.0,56.0,-489.0,16.0,11.0,518.0,0.0,-0.125,0.625,0.0,0.5,-0.120000000000001,0.0,1.3833999999999946,-0.0654000000000039,6.054699999999997,-1.016600000000004,2.183399999999999,0.2302807754398749,3.044995894906921
86,202102010709,3,4,2,29,1,0,0,1,0,0,0,0,0,1,0,5,0,0,0,0,0,0,0,0,0,0,0,3,0,0,0,0,0,0,0,0,0.0,0.0,3.0,6.0,13.4,1.1,0.2222222222222222,0.0,0.0,2.0,1.0,13.3,0.0,0.09090909090909091,0.0,0.0,6.0,2.0,13.9,2.2,0.2857142857142857,-2.0,6.0,-1330.0,0.0,0.0,4,4,19.8,8.0,1736,666,1482,0.0,0.0,13.0,14.0,36.1,2.4,0.9285714285714286,0.0,0.0,9.0,15.0,38.8,2.3,0.13333333333333333,3.1,0.4,57.0,-728.0,12.0,9.0,522.0,0.1111111111111111,0.0,-0.07142857142857142,-0.5,0.06666666666666667,-7.359999999999999,0.0,,,,0.6407999999999987,2.8833999999999946,0.30583791639069063,11.749553182993811
87,202102010709,2,3,5,16,1,0,0,2,0,0,0,0,0,0,1,2,1,0,0,0,0,0,0,0,0,0,0,0,0,0,0,0,0,0,0,0,0.0,0.0,12.0,12.0,37.3,3.3,1.0,0.0,0.0,10.0,11.0,35.9,1.1,0.5,0.0,0.0,14.0,13.0,37.1,1.0,0.5625,0.5,-2.0,1200.0,0.08333333333333333,0.3333333333333333,3,3,12.2,6.0,1098,1103,1294,0.0,0.0,12.0,13.0,35.4,2.0,0.6153846153846154,0.0,0.0,15.0,18.0,41.4,4.8,0.16666666666666666,1.4,0.0,54.0,-941.0,12.0,12.0,484.0,0.0,-0.08333333333333333,0.0,0.07692307692307693,0.6666666666666666,-0.7700000000000002,0.0,,-0.9502999999999986,-0.7210999999999999,-0.05920000000000414,5.483399999999996,0.2663035311016098,2.114142852316276
88,202102010709,1,1,1,3,3,5,3,33,0,0,0,0,0,0,0,0,0,1,0,5,0,0,0,0,0,0,0,0,0,0,0,0,0,0,0,0,0.0,0.0,13.0,15.0,33.7,2.1,1.0,0.0,0.0,7.0,7.0,36.4,1.1,1.0,0.0,0.0,9.0,10.0,36.8,1.4,0.6875,-2.5,4.0,0.0,0.07692307692307693,0.3076923076923077,5,6,3.1,1.0,1657,1428,1317,0.0,0.0,8.0,5.0,35.2,0.7,0.058823529411764705,0.0,0.0,6.0,3.0,35.4,0.4,0.5384615384615384,-2.6,0.2,54.0,-813.0,12.0,15.0,496.0,0.0,-0.6,0.0,0.0,-0.3076923076923077,-0.21999999999999958,0.0,-3.645299999999999,0.48339999999999606,-2.0128000000000057,-0.5263999999999953,-1.8053999999999988,0.3487390708223383,1.0807404868885016
89,202102010709,4,5,6,51,3,5,3,33,0,0,0,1,2,2,3,21,0,1,0,5,0,0,0,0,2,0,0,6,0,0,0,0,0,0,0,0,0.0,0.0,10.0,9.0,34.5,1.1,1.0,0.0,0.0,9.0,8.0,34.8,0.5,1.0,0.0,0.0,6.0,6.0,33.9,0.3,0.7692307692307693,-1.5,0.0,0.0,0.0,0.0,7,10,10.7,5.0,1506,1428,199,0.0,0.0,5.0,6.0,33.7,0.8,0.7272727272727273,0.0,0.0,5.0,3.0,34.7,0.1,0.5555555555555556,-1.4,0.2,54.0,-1113.0,12.0,11.0,480.0,0.0,-0.06666666666666667,-0.07692307692307693,-0.09090909090909091,0.2222222222222222,0.06999999999999887,0.0,-1.4166000000000025,-0.6592000000000056,-2.016600000000004,-2.2165999999999997,-1.3299999999999983,0.17055618382220736,0.43999999999999934
90,202102010709,0,0,0,4,4,7,3,41,0,0,0,0,0,0,0,0,1,1,1,9,0,0,0,0,0,0,0,0,1,1,0,3,0,0,0,0,0.0,0.0,40.0,4.0,35.1,0.2,0.6363636363636364,0.0,0.0,60.0,2.0,35.9,0.6,0.75,0.0,0.0,120.0,8.0,37.6,0.7,0.75,2.0,4.0,200.0,0.0,0.2857142857142857,7,9,7.4,4.0,1629,1167,1428,0.0,0.0,10.0,1.0,40.0,0.0,0.375,0.0,0.0,100.0,2.0,38.1,0.9,0.9375,-0.5,0.6,54.0,34.0,12.0,11.0,460.0,-0.09090909090909091,-0.125,-0.0625,-0.125,-0.6875,-1.0100000000000002,0.0,-0.3592000000000013,-0.016600000000003945,-2.0259,0.6711000000000027,-1.5259,0.1846931786719095,1.721162397916013
91,202102010709,3,1,4,12,2,2,1,9,0,0,0,0,0,0,1,3,0,0,0,1,0,0,0,0,0,0,1,0,0,0,0,1,0,0,0,0,0.0,0.0,9.0,16.0,38.5,2.2,0.9444444444444444,0.0,0.0,8.0,8.0,34.2,1.1,0.7142857142857143,0.0,0.0,3.0,10.0,36.2,0.9,0.13333333333333333,-3.0,-2.0,0.0,0.09090909090909091,0.2727272727272727,5,5,44.0,10.0,1222,1376,1328,0.0,0.0,7.0,10.0,37.0,1.6,0.07142857142857142,0.0,0.0,3.0,3.0,36.6,0.5,0.7,-2.4,0.2,54.0,-582.0,12.0,18.0,462.0,-0.6666666666666666,0.14285714285714285,0.0,0.0,-0.5,0.1,0.0,2.5833999999999975,-1.2591999999999999,0.4626000000000019,1.0833999999999975,-0.25029999999999575,0.3466297439491808,1.3885243966167813
92,202102010709,0,1,1,1,1,0,2,3,0,0,0,0,0,0,0,0,1,0,0,1,0,0,0,0,0,0,0,0,1,0,0,0,0,0,0,0,0.0,0.0,13.0,13.0,34.7,1.7,0.9285714285714286,0.0,0.0,7.0,15.0,39.7,1.8,0.4,0.0,0.0,3.0,8.0,38.1,1.3,0.3333333333333333,-2.5,0.0,400.0,0.10526315789473684,0.21052631578947367,2,2,3.6,2.0,1601,939,239,0.0,0.0,5.0,5.0,37.0,0.7,0.21428571428571427,0.0,0.0,1.0,1.0,35.4,0.0,0.3,-3.4,0.2,52.0,-575.0,12.0,14.0,486.0,0.0,0.0,0.13333333333333333,0.07142857142857142,0.0,0.13000000000000114,0.0,-0.5633999999999943,0.07410000000000139,-1.2926000000000002,-2.0386999999999986,-2.6726000000000028,0.25381622433753415,1.8082035283673135
93,202102010709,0,0,0,13,3,1,2,13,0,0,0,0,0,0,0,1,0,0,0,1,0,0,0,0,0,0,0,1,0,0,0,0,0,0,0,0,0.0,0.0,15.0,11.0,35.5,1.3,0.7333333333333333,0.0,0.0,17.0,11.0,34.0,1.1,1.0,0.0,0.0,13.0,6.0,34.5,0.6,0.6153846153846154,-2.5,-4.0,600.0,,,1,1,90.0,11.0,1714,1036,1167,0.0,0.0,15.0,17.0,34.1,0.8,0.8235294117647058,0.0,0.0,7.0,6.0,33.8,1.3,0.8,-0.4,0.0,57.0,-862.0,12.0,15.0,454.0,0.0,-0.1111111111111111,-0.15384615384615385,-0.058823529411764705,0.0,0.3300000000000004,0.0,0.39350000000000307,-1.2912999999999997,-0.6064999999999969,-1.0064999999999955,-1.2747000000000028,0.12563986317971534,0.6046486583132393
94,202102010709,2,5,2,20,0,0,0,1,0,0,0,1,0,1,0,11,0,0,0,1,0,0,0,1,0,1,0,3,0,0,0,1,0,0,0,1,0.0,0.0,120.0,5.0,36.9,0.3,1.0,0.0,0.0,100.0,12.0,35.4,1.2,0.6428571428571429,0.0,0.0,70.0,5.0,35.3,0.5,0.8,0.0,-2.0,0.0,0.10526315789473684,0.21052631578947367,8,11,41.7,9.0,1167,1648,460,0.0,0.0,100.0,8.0,35.7,1.0,0.4666666666666667,0.0,0.0,80.0,8.0,33.8,1.0,0.6,0.2,0.0,57.0,13.0,12.0,14.0,452.0,-0.5,0.2857142857142857,-0.3,0.13333333333333333,0.0,0.5899999999999999,0.0,0.21679999999999922,-0.05920000000000414,-0.6166000000000054,-0.3299999999999983,-2.1166000000000054,0.18313470996909584,0.9907572861200675
95,202102010709,0,1,1,7,0,0,0,0,0,0,0,0,0,0,0,2,0,0,0,0,0,0,0,0,0,0,0,0,0,0,0,0,0,0,0,0,0.0,0.0,16.0,14.0,36.5,1.6,0.9375,0.0,0.0,16.0,16.0,34.6,1.1,1.0,0.0,0.0,12.0,10.0,36.2,1.3,0.8333333333333334,-2.0,-4.0,-600.0,0.0,0.0,8,12,216.5,12.0,1343,1673,1428,0.0,0.0,11.0,8.0,37.3,1.6,0.6428571428571429,0.0,0.0,13.0,7.0,34.9,0.8,0.7692307692307693,-2.2,0.0,55.0,-119.0,12.0,16.0,444.0,0.0625,0.0,0.08333333333333333,0.07142857142857142,0.0,0.05000000000000071,0.0,-0.44129999999999825,-1.316600000000001,0.2834000000000003,0.3586999999999989,-0.5592000000000041,0.1256709575192055,1.009950493836207
96,202102010709,7,6,4,56,1,0,2,3,0,0,1,0,3,1,1,13,1,0,0,1,0,0,0,0,2,0,0,4,1,0,0,0,0,0,0,0,0.0,0.0,7.0,8.0,13.7,4.2,0.8181818181818182,0.0,0.0,6.0,5.0,13.4,2.1,0.42857142857142855,0.0,0.0,1.0,3.0,13.2,1.1,0.5,-2.5,4.0,-1140.0,0.10714285714285714,0.42857142857142855,6,7,5.5,3.0,1428,939,1263,0.0,0.0,11.0,6.0,13.0,1.4,0.9285714285714286,0.0,0.0,6.0,1.0,13.5,0.0,0.45454545454545453,-1.3,0.4,57.0,-980.0,12.0,11.0,506.0,0.0,-0.07142857142857142,-0.125,-0.42857142857142855,0.0,0.07999999999999989,0.0,,,,,,0.20626876604446237,0.24166091947189136
97,202102010709,7,5,6,48,0,0,0,0,0,0,0,0,2,1,0,13,0,0,0,0,0,0,0,0,0,1,0,3,0,0,0,0,0,0,0,0,0.0,0.0,40.0,8.0,41.7,3.4,0.5555555555555556,0.0,0.0,60.0,8.0,36.5,1.0,0.7,0.0,0.0,80.0,9.0,36.6,1.4,0.16666666666666666,0.5,-13.0,600.0,0.0,0.3333333333333333,6,8,18.3,7.0,1503,530,1263,0.0,0.0,100.0,1.0,35.6,0.0,0.125,0.0,0.0,70.0,12.0,36.8,1.5,0.5,0.1,0.2,57.0,-685.0,12.0,9.0,465.0,0.2222222222222222,0.1,0.08333333333333333,-0.0625,0.08333333333333333,1.070000000000001,0.0,3.546200000000006,0.5833999999999975,0.5700000000000003,-0.3166000000000011,0.8833999999999946,0.22530911550770466,2.16942388665747
98,202102010804,2,2,1,22,4,7,3,41,0,0,0,0,1,1,1,3,1,1,1,9,0,0,0,0,1,1,1,2,0,0,0,6,0,0,0,0,0.0,0.0,4.0,12.0,13.7,6.3,0.6428571428571429,0.0,0.0,1.0,8.0,13.4,2.7,0.38461538461538464,0.0,0.0,3.0,4.0,14.2,2.5,0.5555555555555556,-4.0,2.0,-850.0,0.07692307692307693,0.38461538461538464,6,11,14.0,6.0,1489,1167,565,0.0,0.0,5.0,2.0,13.2,0.5,0.875,0.0,0.0,13.0,14.0,37.9,1.7,0.75,-0.2,0.2,56.0,-769.0,16.0,14.0,464.0,0.14285714285714285,0.23076923076923078,-0.1111111111111111,-0.375,-0.125,-4.819999999999999,0.0,,,,,-0.011099999999999,0.16713613565866822,9.715842732362438
99,202102010804,0,0,0,0,0,0,0,0,0,0,0,0,0,0,0,0,0,0,0,0,0,0,0,0,0,0,0,0,0,0,0,0,0,0,0,0,0.0,0.0,5.0,6.0,40.5,2.9,0.5833333333333334,0.0,0.0,3.0,12.0,40.5,3.4,0.2857142857142857,0.0,0.0,3.0,4.0,36.3,0.3,0.125,-1.0,-13.0,500.0,0.0,1.0,5,9,30.1,9.0,891,905,324,0.0,0.0,9.0,2.0,36.6,0.1,0.125,0.0,0.0,8.0,13.0,39.8,2.2,0.125,0.4,0.2,56.0,-297.0,16.0,12.0,491.0,0.0,0.35714285714285715,0.0,0.0,0.0,0.5300000000000005,0.0,,1.1073999999999984,0.38339999999999463,0.6833999999999989,3.8833999999999946,0.1784682241450238,1.8895502110290692
100,202102010804,2,1,0,4,0,0,0,0,0,0,0,0,0,0,0,0,0,0,0,0,0,0,0,0,0,0,0,0,0,0,0,0,0,0,0,0,0.0,0.0,5.0,6.0,38.5,0.9,1.0,0.0,0.0,2.0,16.0,39.5,2.1,0.125,0.0,0.0,1.0,5.0,35.1,0.3,0.875,-0.5,3.0,500.0,0.13333333333333333,0.43333333333333335,5,10,6.9,3.0,314,241,324,0.0,0.0,3.0,3.0,35.5,0.1,0.75,0.0,0.0,2.0,7.0,34.3,1.3,0.9375,-1.1,0.2,56.0,-213.0,16.0,9.0,497.0,-0.3333333333333333,0.0,-0.125,-0.125,-0.0625,1.2400000000000007,0.0,,3.5833999999999975,-0.8166000000000011,-0.4166000000000025,-1.4374000000000038,0.31721443851123804,2.0380382724571198
101,202102010804,4,2,3,18,0,2,2,7,0,0,1,0,3,0,0,5,0,0,1,1,0,0,0,0,1,0,0,5,0,0,1,1,0,0,0,0,0.0,0.0,7.0,7.0,34.0,1.0,0.7777777777777778,0.0,0.0,10.0,5.0,33.1,0.4,0.7,0.0,0.0,7.0,2.0,34.5,0.2,0.5,-2.5,2.0,-200.0,0.1,0.2,4,7,5.7,2.0,1304,565,1503,0.0,0.0,8.0,9.0,35.7,1.3,0.7142857142857143,0.0,0.0,4.0,5.0,34.0,0.4,0.7142857142857143,0.0,0.2,54.0,-1119.0,16.0,9.0,444.0,0.1111111111111111,0.1,0.0,-0.07142857142857142,0.14285714285714285,-0.2600000000000001,0.0,-2.030000000000001,-2.3468000000000018,-2.137999999999998,-0.3299999999999983,-2.030000000000001,0.09455522381240584,0.8499411744350317
102,202102010804,1,1,1,3,1,2,1,27,0,0,0,0,0,0,0,0,0,1,1,4,0,0,0,0,0,0,0,0,0,0,1,3,0,0,0,0,0.0,0.0,40.0,2.0,36.3,0.2,0.5,0.0,0.0,20.0,2.0,36.2,0.3,0.5384615384615384,0.0,0.0,30.0,2.0,34.8,0.0,0.4666666666666667,0.0,-2.0,0.0,0.06666666666666667,0.3333333333333333,7,14,2.3,1.0,1657,1556,1317,0.0,0.0,50.0,4.0,36.7,0.4,0.6666666666666666,0.0,0.0,30.0,4.0,34.8,0.6,0.5625,0.6,0.6,56.0,15.0,16.0,16.0,474.0,0.0,-0.3076923076923077,-0.2,0.06666666666666667,0.0625,0.25,0.0,0.38339999999999463,0.2834000000000003,-1.1166000000000054,0.2820000000000036,-0.6592000000000056,0.06825776357285991,0.8014985963805571
103,202102010804,4,1,1,7,6,5,3,30,0,0,0,0,0,0,0,0,1,0,0,4,0,0,0,0,0,0,0,0,1,0,0,0,0,0,0,0,0.0,0.0,14.0,12.0,36.1,1.0,0.7857142857142857,0.0,0.0,15.0,13.0,35.3,1.3,0.6,0.0,0.0,15.0,14.0,39.4,2.0,1.0,1.0,-6.0,800.0,0.0,0.25,1,2,22.7,8.0,1310,1558,1618,0.0,0.0,8.0,,,,0.375,0.0,0.0,12.0,9.0,35.0,1.2,0.8333333333333334,-0.8,0.0,54.0,-924.0,16.0,14.0,462.0,-0.07142857142857142,0.0,0.0,0.25,0.0,-0.07999999999999971,0.0,0.005200000000002092,0.14689999999999515,1.488900000000001,,-0.7374000000000009,0.2140003390761719,1.7499999999999998
104,202102010804,7,5,6,48,4,7,3,41,0,0,0,0,2,1,0,13,1,1,1,9,0,0,0,0,0,0,0,7,0,0,0,6,0,0,0,0,0.0,0.0,14.0,12.0,40.7,2.8,0.8571428571428571,0.0,0.0,11.0,11.0,34.4,1.6,1.0,0.0,0.0,7.0,11.0,37.7,1.4,0.9375,-0.5,22.0,400.0,0.07692307692307693,0.23076923076923078,2,3,12.1,5.0,1503,1167,1263,0.0,0.0,5.0,7.0,35.4,0.2,0.5625,0.0,0.0,9.0,4.0,35.7,0.5,0.8461538461538461,-2.0,0.0,54.0,-135.0,16.0,14.0,440.0,-0.07142857142857142,-0.07692307692307693,-0.625,0.375,-0.15384615384615385,0.9,0.0,2.783300000000004,-1.0592000000000041,1.7834000000000003,-0.516600000000004,-0.21659999999999968,0.14996137750966435,2.2337412562783556
105,202102010804,1,1,2,40,0,0,0,3,0,0,0,1,1,1,0,2,0,0,0,0,0,0,0,0,1,0,0,2,0,0,0,0,0,0,0,0,0.0,0.0,6.0,9.0,41.5,2.2,0.16666666666666666,0.0,0.0,11.0,13.0,40.6,3.6,0.0625,0.0,0.0,12.0,8.0,37.0,0.4,0.0625,-0.5,17.0,500.0,0.0,0.09090909090909091,8,16,46.8,12.0,1090,1685,1169,0.0,0.0,10.0,9.0,35.3,0.7,0.125,0.0,0.0,8.0,15.0,36.9,2.9,0.625,0.8,0.0,53.0,-432.0,16.0,12.0,465.0,-0.08333333333333333,0.1875,0.0,0.0,0.1875,1.4500000000000006,0.0,,4.683399999999999,1.0833999999999975,0.036599999999999966,1.8252999999999986,0.21205017749999122,2.373689111909983
106,202102010804,1,1,1,3,3,0,1,8,0,0,0,0,0,0,0,0,1,0,1,2,0,0,0,0,0,0,0,0,0,0,0,1,0,0,0,0,0.0,0.0,14.0,14.0,38.2,1.9,0.75,0.0,0.0,6.0,5.0,36.2,0.7,0.42857142857142855,0.0,0.0,14.0,9.0,35.5,0.7,1.0,-2.5,-2.0,0.0,0.05263157894736842,0.21052631578947367,6,12,65.0,14.0,1657,324,1317,0.0,0.0,15.0,5.0,37.0,0.6,0.9375,0.0,0.0,15.0,9.0,35.1,0.7,0.8,-1.0,0.0,54.0,-41.0,16.0,16.0,418.0,0.125,0.0,0.0,-0.1875,-0.06666666666666667,0.5400000000000006,0.0,2.2834000000000003,-0.7412999999999954,-0.4166000000000025,1.0833999999999975,-0.8166000000000011,0.1989756933160738,1.108151614175606
107,202102010804,4,5,6,51,0,1,0,11,0,0,0,0,2,2,3,21,0,1,0,1,0,0,0,0,0,0,2,7,0,1,0,1,0,0,0,0,0.0,0.0,12.0,12.0,36.4,1.0,0.3333333333333333,0.0,0.0,8.0,7.0,35.1,1.1,0.6666666666666666,0.0,0.0,6.0,9.0,37.1,2.6,0.8888888888888888,-1.5,0.0,-200.0,0.0,0.0,1,1,44.9,11.0,1506,1589,199,0.0,0.0,9.0,5.0,33.9,0.4,0.8181818181818182,0.0,0.0,10.0,6.0,33.4,0.8,0.46153846153846156,-1.4,0.0,51.0,-903.0,16.0,15.0,484.0,-0.13333333333333333,-0.1111111111111111,0.1111111111111111,0.0,0.0,0.7200000000000003,0.0,0.36999999999999744,-0.9299999999999997,-0.2453000000000003,-1.8374000000000024,-2.516600000000004,0.20981012308726069,1.4133647795243809
108,202102010804,0,2,1,10,5,3,5,27,0,0,0,1,0,0,0,1,1,0,0,2,0,0,0,0,0,0,0,0,1,0,0,1,0,0,0,0,0.0,0.0,100.0,110.0,38.8,3.8,0.7272727272727273,0.0,0.0,70.0,110.0,37.1,0.7,0.3125,0.0,0.0,40.0,160.0,40.6,3.3,0.125,25.0,7.0,1000.0,0.15789473684210525,0.3157894736842105,4,8,14.3,7.0,1036,1183,1108,0.0,0.0,20.0,40.0,35.2,0.7,0.8461538461538461,0.0,0.0,60.0,60.0,35.4,0.4,0.2777777777777778,-17.0,0.0,56.0,-707.0,16.0,11.0,481.0,0.2727272727272727,-0.125,0.25,0.0,-0.1111111111111111,0.8699999999999996,0.0,2.5257999999999967,1.183399999999999,4.683399999999999,-0.2591999999999999,-0.05920000000000414,0.27846370448533214,2.055626425204735
109,202102010804,0,0,1,12,4,4,3,44,0,0,0,0,0,0,1,3,1,1,0,11,0,0,0,0,0,0,0,0,1,0,0,5,0,0,0,0,0.0,0.0,2.0,5.0,42.0,1.0,0.625,0.0,0.0,10.0,8.0,37.2,1.2,0.375,0.0,0.0,10.0,12.0,36.2,0.7,0.8125,3.5,-5.0,600.0,0.0,0.0,8,15,33.2,10.0,1712,1013,1292,0.0,0.0,10.0,4.0,36.4,0.5,0.75,0.0,0.0,5.0,6.0,36.5,0.9,0.4,-0.2,0.0,55.0,-483.0,16.0,8.0,457.0,0.0,0.375,-0.4375,-0.125,-0.26666666666666666,1.1800000000000004,0.0,3.7205000000000013,1.2834000000000003,0.2834000000000003,0.48339999999999606,1.0407999999999973,0.17811513130556875,2.1959963570097285
110,202102010804,1,2,3,21,0,0,0,0,0,0,0,0,0,1,0,6,0,0,0,0,0,0,0,0,0,0,0,6,0,0,0,0,0,0,0,0,0.0,0.0,2.0,7.0,42.2,1.3,0.5,0.0,0.0,16.0,13.0,37.1,0.8,0.1875,0.0,0.0,16.0,14.0,39.1,2.5,0.3125,3.5,7.0,600.0,0.09523809523809523,0.19047619047619047,3,5,280.2,16.0,1152,1335,1428,0.0,0.0,10.0,7.0,36.8,1.2,0.1,0.0,0.0,12.0,11.0,40.1,2.7,0.875,0.2,0.0,54.0,-302.0,16.0,8.0,405.0,0.125,0.0625,0.6875,0.0,-0.0625,0.45000000000000073,0.0,3.920500000000004,1.183399999999999,3.183399999999999,0.769999999999996,1.8205000000000027,0.2750681733679853,1.994592690250319
111,202102010804,1,1,2,40,2,1,2,13,0,1,0,1,1,1,0,2,0,1,0,2,0,1,0,0,1,0,0,2,0,0,0,1,0,0,0,0,0.0,0.0,12.0,12.0,14.0,5.1,0.3333333333333333,0.0,0.0,13.0,7.0,13.4,4.3,0.21428571428571427,0.0,0.0,7.0,6.0,13.0,1.2,0.1,-3.0,6.0,-1110.0,0.0,0.0,2,4,56.9,13.0,1090,1362,1169,0.0,0.0,11.0,7.0,13.0,3.5,0.8181818181818182,0.0,0.0,13.0,6.0,13.7,1.7,0.9230769230769231,-1.2,0.0,56.0,-812.0,16.0,12.0,504.0,0.08333333333333333,0.07142857142857142,0.1,-0.36363636363636365,-0.15384615384615385,0.10000000000000017,0.0,,,,,,0.33080947808059813,0.39191835884530835
112,202102010804,2,5,6,20,0,0,0,0,0,0,0,0,1,0,1,6,0,0,0,0,0,0,0,0,0,0,0,5,0,0,0,0,0,0,0,0,0.0,0.0,10.0,10.0,40.6,3.4,0.8181818181818182,0.0,0.0,14.0,11.0,36.9,1.5,0.21428571428571427,0.0,0.0,15.0,15.0,37.2,1.1,0.375,2.5,7.0,600.0,0.08333333333333333,0.08333333333333333,7,13,171.1,15.0,1317,477,1186,0.0,0.0,9.0,10.0,36.0,1.8,0.3125,0.0,0.0,12.0,6.0,34.6,0.9,0.5833333333333334,-0.9,0.0,54.0,-720.0,16.0,11.0,437.0,0.0,0.42857142857142855,0.0,0.0,-0.25,1.2899999999999998,0.0,2.935700000000004,-0.04129999999999967,1.2834000000000003,0.26259999999999906,-0.8468000000000018,0.2158054248846487,1.9875613198087752
113,202102010804,0,0,0,0,1,1,0,0,0,0,0,0,0,0,0,0,0,0,0,0,0,0,0,0,0,0,0,0,0,0,0,0,0,0,0,0,0.0,0.0,30.0,6.0,40.6,1.5,0.2,0.0,0.0,20.0,3.0,40.1,0.9,0.1,0.0,0.0,70.0,5.0,38.1,0.8,0.75,-0.5,0.0,200.0,0.21739130434782608,0.2608695652173913,3,6,10.5,4.0,324,199,749,0.0,0.0,10.0,1.0,37.7,0.0,0.5,0.0,0.0,40.0,16.0,37.5,2.0,0.5625,1.8,0.4,56.0,-504.0,16.0,10.0,504.0,-0.1,0.0,-0.5833333333333334,-0.4166666666666667,0.0625,0.8600000000000001,0.0,0.9741,0.8822000000000045,-1.5259,0.035700000000005616,1.5833999999999975,0.23932195887548638,1.289961239727768
114,202102010809,3,4,2,29,1,2,2,26,0,0,0,1,0,1,0,5,0,0,1,0,0,0,0,0,0,0,0,1,0,0,0,0,0,0,0,0,0.0,0.0,20.0,7.0,38.0,1.2,0.3076923076923077,0.0,0.0,20.0,3.0,36.4,0.6,0.6666666666666666,0.0,0.0,20.0,3.0,34.9,0.3,0.3125,-2.0,14.0,-600.0,0.10344827586206896,0.41379310344827586,2,2,4.1,2.0,1736,1559,1482,0.0,0.0,10.0,8.0,36.0,1.6,0.9090909090909091,0.0,0.0,50.0,3.0,34.7,0.2,0.3076923076923077,-0.3,0.6,55.0,15.0,12.0,13.0,468.0,-0.07692307692307693,-0.16666666666666666,0.0,-0.18181818181818182,-0.15384615384615385,0.6999999999999993,0.0,0.0409000000000006,0.36999999999999744,-1.016600000000004,0.5531999999999968,-1.3299999999999983,0.24667843181306348,1.1882760622010355
115,202102010809,4,5,6,51,7,2,7,58,2,0,0,14,2,2,3,21,2,2,3,20,1,0,0,8,0,1,1,1,0,0,1,1,0,0,0,0,0.0,0.0,11.0,11.0,35.9,1.3,1.0,0.0,0.0,14.0,14.0,33.6,1.0,1.0,0.0,0.0,6.0,10.0,33.8,0.9,1.0,-0.5,8.0,0.0,0.0,0.125,1,1,3.5,1.0,1506,1263,199,0.0,0.0,10.0,8.0,36.1,0.8,1.0,0.0,0.0,10.0,9.0,34.7,0.8,0.8125,-1.0,0.0,51.0,-909.0,12.0,11.0,464.0,-0.45454545454545453,-0.06666666666666667,-0.07142857142857142,-0.42857142857142855,0.0,-0.010000000000000852,0.0,-0.016600000000003945,-1.8592000000000013,-1.6592000000000056,0.1833999999999989,-1.2165999999999997,0.075,1.0342146779078318
116,202102010809,5,1,1,36,3,1,2,13,0,0,0,2,0,0,0,4,0,0,0,1,0,0,0,0,0,0,0,0,0,0,0,0,0,0,0,0,0.0,0.0,2.0,5.0,14.0,2.7,0.25,0.0,0.0,3.0,2.0,13.1,0.1,0.35714285714285715,0.0,0.0,3.0,3.0,13.5,1.0,0.9090909090909091,-1.0,2.0,-880.0,,,4,4,21.6,9.0,1611,1036,1263,0.0,0.0,3.0,7.0,13.7,6.0,0.5454545454545454,0.0,0.0,16.0,16.0,41.3,5.5,0.5625,2.7,0.4,55.0,-776.0,12.0,12.0,514.0,0.25,0.0,-0.2727272727272727,0.09090909090909091,-0.0625,-5.519999999999999,0.0,,,,,2.4871999999999943,0.2250117123692068,11.093854154440645
117,202102010809,7,6,4,56,0,0,0,2,0,0,0,1,3,1,1,13,0,0,0,0,0,0,0,0,0,0,0,1,0,0,0,0,0,0,0,0,0.0,0.0,8.0,6.0,34.0,0.6,0.7777777777777778,0.0,0.0,10.0,9.0,34.3,0.4,0.45454545454545453,0.0,0.0,17.0,16.0,36.5,1.5,0.6666666666666666,5.0,-2.0,200.0,0.22727272727272727,0.2727272727272727,3,3,5.6,3.0,1428,225,1263,0.0,0.0,11.0,8.0,34.9,1.0,0.42857142857142855,0.0,0.0,13.0,7.0,35.0,0.9,0.3125,0.1,0.0,56.0,-692.0,12.0,9.0,468.0,0.0,0.09090909090909091,0.0,0.0,0.0,-0.2600000000000001,0.0,-1.4592000000000027,-1.6166000000000054,-0.13799999999999812,-1.016600000000004,-0.9166000000000025,0.16931582503008738,0.8639444426582076
118,202102010809,0,0,0,1,2,7,5,38,0,0,0,0,0,0,0,0,1,3,2,6,0,0,0,0,0,0,0,0,0,1,1,1,0,0,0,0,0.0,0.0,9.0,6.0,33.5,0.6,0.6666666666666666,0.0,0.0,8.0,8.0,34.1,0.5,0.36363636363636365,0.0,0.0,9.0,5.0,35.0,0.9,0.25,-0.5,6.0,200.0,0.0,0.0,8,12,22.3,10.0,1306,1405,1445,0.0,0.0,11.0,8.0,35.6,0.6,0.2727272727272727,0.0,0.0,15.0,12.0,37.8,1.7,0.6875,1.2,0.0,53.0,-749.0,12.0,9.0,466.0,0.1111111111111111,-0.09090909090909091,0.0,0.45454545454545453,0.1875,-1.0099999999999993,0.0,-1.9592000000000027,-1.816600000000001,-0.4592000000000027,0.1407999999999987,1.998199999999997,0.19090157512863323,1.4872793954062553
119,202102010809,4,5,6,51,2,2,1,9,0,0,0,2,2,2,3,21,0,0,0,1,0,0,0,0,0,1,1,1,0,0,0,0,0,0,0,0,0.0,0.0,8.0,9.0,34.1,0.5,0.9090909090909091,0.0,0.0,8.0,3.0,34.8,0.6,0.7142857142857143,0.0,0.0,7.0,6.0,36.5,0.6,0.5833333333333334,-1.5,-4.0,600.0,0.09090909090909091,0.09090909090909091,8,11,17.7,7.0,1506,1376,199,0.0,0.0,5.0,7.0,34.9,0.6,0.9090909090909091,0.0,0.0,6.0,7.0,33.9,0.9,0.625,0.0,0.2,55.0,-265.0,12.0,11.0,484.0,-0.09090909090909091,-0.14285714285714285,-0.3333333333333333,-0.18181818181818182,-0.25,0.030000000000000426,0.0,-1.0064999999999955,-1.1225000000000023,0.5833999999999975,-0.5592000000000041,-1.1747000000000014,0.13804433916579154,0.9156418513807679
120,202102010809,5,1,1,36,0,1,0,11,0,0,0,3,0,0,0,4,0,1,0,1,0,0,0,0,0,0,0,0,0,0,0,0,0,0,0,0,0.0,0.0,140.0,16.0,36.4,1.8,1.0,0.0,0.0,40.0,8.0,36.9,0.8,0.5333333333333333,0.0,0.0,40.0,1.0,36.3,0.0,0.75,-7.5,16.0,200.0,0.1,0.2,5,6,12.7,6.0,1611,1589,1263,0.0,0.0,40.0,1.0,36.4,0.0,0.5555555555555556,0.0,0.0,50.0,8.0,35.7,0.4,0.7142857142857143,-2.3,0.4,53.0,21.0,12.0,16.0,486.0,-0.125,-0.13333333333333333,-0.25,0.0,0.0,0.18999999999999914,0.0,0.0683000000000007,0.04970000000000141,-1.6552000000000007,0.48339999999999606,-2.255199999999995,0.16779782433436954,0.3826225293941784
121,202102010809,0,0,0,0,0,0,0,2,0,0,0,0,0,0,0,0,0,0,0,0,0,0,0,0,0,0,0,0,0,0,0,0,0,0,0,0,0.0,0.0,10.0,12.0,50.7,12.7,1.0,0.0,0.0,10.0,10.0,35.4,1.6,0.8,0.0,0.0,12.0,11.0,34.1,1.1,1.0,-0.5,-11.0,700.0,0.08333333333333333,0.25,6,8,12.0,5.0,1232,1281,1263,0.0,0.0,13.0,15.0,34.5,1.5,0.8333333333333334,0.0,0.0,9.0,6.0,34.5,0.5,0.7857142857142857,-0.7,0.0,54.0,-917.0,12.0,12.0,453.0,0.0,-0.1,-0.07692307692307693,0.05555555555555555,0.0,3.3300000000000005,0.0,13.108600000000003,-0.05920000000000414,-1.1633999999999958,-0.7912999999999997,-0.5747,0.09611972881554387,6.444098074983032
122,202102010809,0,0,0,1,7,2,7,58,0,0,0,0,0,0,0,0,2,2,3,20,0,0,0,0,0,0,0,0,0,0,1,1,0,0,0,0,0.0,0.0,130.0,11.0,35.9,1.2,0.8461538461538461,0.0,0.0,120.0,8.0,35.9,1.1,0.9166666666666666,0.0,0.0,110.0,10.0,36.5,0.7,0.8333333333333334,-0.5,-10.0,0.0,0.07142857142857142,0.35714285714285715,6,7,20.2,8.0,1306,1263,1445,0.0,0.0,110.0,7.0,35.1,1.6,1.0,0.0,0.0,140.0,10.0,36.2,1.0,0.7857142857142857,-0.3,0.0,54.0,-385.0,12.0,13.0,470.0,-0.07692307692307693,0.0,-0.5,0.0,0.07142857142857142,0.019999999999998862,0.0,-0.2657999999999987,-0.016600000000003945,0.3342000000000027,-0.8166000000000011,0.03420000000000556,0.07468845605898784,0.4664761515876239
123,202102010809,0,0,0,1,1,2,1,8,0,0,0,0,0,0,0,0,1,1,0,2,0,0,0,0,0,0,0,0,0,0,0,0,0,0,0,0,0.0,0.0,1.0,2.0,39.9,0.7,0.2727272727272727,0.0,0.0,6.0,11.0,41.5,3.9,0.15384615384615385,0.0,0.0,8.0,9.0,35.3,1.4,0.18181818181818182,3.5,3.0,600.0,0.16666666666666666,0.3333333333333333,7,9,22.9,11.0,1095,1206,1221,0.0,0.0,7.0,7.0,35.9,0.9,0.2,0.0,0.0,9.0,6.0,36.0,0.8,0.21428571428571427,0.4,0.2,55.0,-1098.0,12.0,11.0,489.0,-0.09090909090909091,0.23076923076923078,0.0,0.1,0.0,1.3399999999999999,0.0,1.6204999999999998,2.7028999999999996,-0.6166000000000054,-0.016600000000003945,0.08339999999999748,0.03962635906925459,2.496717845492358
124,202102010809,3,1,4,12,2,0,1,3,1,0,0,1,0,0,1,3,0,0,0,0,0,0,0,0,0,0,0,0,0,0,0,0,0,0,0,0,0.0,0.0,10.0,11.0,39.1,2.5,0.7272727272727273,0.0,0.0,9.0,8.0,36.2,1.6,0.9,0.0,0.0,12.0,11.0,36.5,1.5,1.0,0.0,15.0,600.0,0.0,0.3333333333333333,5,5,86.5,12.0,1222,322,1328,0.0,0.0,12.0,9.0,38.7,2.0,0.8461538461538461,0.0,0.0,11.0,16.0,39.4,4.9,0.5625,1.1,0.0,54.0,-424.0,12.0,11.0,471.0,0.18181818181818182,0.1,0.0,-0.38461538461538464,0.4375,-0.30999999999999944,0.0,0.9462000000000046,-0.7412999999999954,0.5833999999999975,1.4946000000000055,0.5871999999999957,0.15071001292383,1.352627073512873
125,202102010809,2,2,1,22,0,1,0,11,0,0,0,1,1,1,1,3,0,1,0,1,0,0,0,0,0,0,0,0,0,0,0,0,0,0,0,0,0.0,0.0,60.0,2.0,36.5,0.1,0.3,0.0,0.0,160.0,16.0,36.8,2.1,0.1111111111111111,0.0,0.0,40.0,7.0,34.9,1.1,0.2,2.5,18.0,0.0,0.0,0.25,7,10,6.9,4.0,1489,1589,565,0.0,0.0,90.0,4.0,36.6,1.0,0.09090909090909091,0.0,0.0,30.0,1.0,35.7,0.0,0.125,-1.4,0.4,54.0,28.0,12.0,10.0,518.0,-0.1,0.0,0.1,0.0,0.0,0.179999999999999,0.0,0.5833999999999975,1.353199999999994,-1.016600000000004,0.6833999999999989,-0.21659999999999968,0.07673676942946696,0.7071067811865474
126,202102010907,2,5,6,20,0,1,1,4,0,0,0,0,1,0,1,6,0,0,0,1,0,0,0,0,1,0,1,1,0,0,0,0,0,0,0,0,0.0,0.0,10.0,8.0,34.3,1.0,1.0,0.0,0.0,11.0,7.0,35.2,0.6,0.9375,0.0,0.0,10.0,10.0,36.0,1.1,0.6153846153846154,1.0,0.0,0.0,0.0,0.2,4,4,3.9,2.0,1317,460,1186,0.0,0.0,7.0,9.0,34.8,0.6,0.3,0.0,0.0,6.0,11.0,35.2,0.9,0.9166666666666666,0.8,0.0,52.0,-498.0,12.0,11.0,468.0,-0.09090909090909091,-0.375,0.07692307692307693,0.0,-0.08333333333333333,-0.14000000000000057,0.0,-1.6166000000000054,-0.2591999999999999,-0.16579999999999728,-1.1166000000000054,-0.7165999999999997,0.26305089964756095,0.558569601750759
127,202102010907,1,0,0,3,4,7,3,41,0,0,0,0,0,0,0,0,1,1,1,9,0,0,0,0,0,0,0,0,1,1,0,3,0,0,0,0,0.0,0.0,5.0,9.0,42.5,2.8,0.3333333333333333,0.0,0.0,4.0,9.0,40.4,1.5,0.75,0.0,0.0,3.0,3.0,39.8,0.7,0.6,-3.0,-1.0,0.0,0.09090909090909091,0.18181818181818182,2,2,2.8,1.0,1548,1167,1328,0.0,0.0,1.0,10.0,41.7,2.5,0.3333333333333333,0.0,0.0,2.0,8.0,40.5,1.6,0.3125,-0.1,0.2,57.0,-1176.0,12.0,9.0,461.0,0.6666666666666666,-0.25,0.2,0.13333333333333333,-0.0625,0.2699999999999996,0.0,3.215299999999999,0.27489999999999526,-0.32510000000000616,1.7769000000000048,0.3748999999999967,0.1774119499921017,0.9785703858180068
128,202102010907,7,6,4,56,0,2,0,5,0,2,0,0,3,1,1,13,0,0,0,0,0,0,0,0,2,0,0,4,0,0,0,0,0,0,0,0,0.0,0.0,10.0,8.0,37.6,1.7,0.9,0.0,0.0,12.0,9.0,35.4,1.5,1.0,0.0,0.0,7.0,8.0,34.3,0.7,0.7,0.0,4.0,500.0,0.06666666666666667,0.26666666666666666,7,9,5.0,3.0,1428,749,1263,0.0,0.0,10.0,10.0,35.4,0.8,0.6923076923076923,0.0,0.0,2.0,1.0,34.8,0.0,0.8571428571428571,-1.3,0.2,57.0,-1088.0,12.0,10.0,450.0,0.0,-0.07142857142857142,0.0,-0.07692307692307693,-0.2857142857142857,0.5600000000000008,0.0,,-1.5412999999999997,-2.641300000000001,-0.516600000000004,-0.926400000000001,0.1186556748852152,1.1278297743897363
129,202102010907,1,2,3,21,5,3,5,27,0,0,0,0,0,1,0,6,1,0,0,2,0,0,0,0,0,1,0,0,0,0,0,0,0,0,0,0,0.0,0.0,110.0,8.0,41.3,4.3,0.21428571428571427,0.0,0.0,80.0,5.0,37.1,1.4,0.45454545454545453,0.0,0.0,70.0,8.0,36.5,1.4,0.125,0.0,-2.0,-200.0,0.0,0.0,3,3,7.2,4.0,1152,1183,1428,0.0,0.0,50.0,1.0,35.0,0.0,0.2,0.0,0.0,20.0,7.0,39.1,2.0,0.7692307692307693,-0.6,0.2,54.0,125.0,12.0,14.0,490.0,-0.07142857142857142,0.2727272727272727,0.0,0.0,-0.3076923076923077,0.6499999999999992,0.0,3.8552999999999997,0.7144000000000048,0.46999999999999886,-0.9166000000000025,-0.5259,0.23587854266028108,2.1890637268019395
130,202102010907,0,2,3,7,2,1,2,13,0,0,0,1,0,0,0,0,0,0,0,1,0,0,0,0,0,0,0,0,0,0,0,0,0,0,0,0,0.0,0.0,50.0,,,,,0.0,0.0,100.0,7.0,36.2,0.6,0.3125,0.0,0.0,110.0,5.0,37.3,0.7,0.75,-2.0,16.0,600.0,0.0,0.0,6,7,212.8,11.0,1674,1170,1428,0.0,0.0,120.0,10.0,38.3,1.6,0.125,0.0,0.0,130.0,12.0,34.0,1.0,1.0,2.0,0.0,52.0,-640.0,12.0,9.0,432.0,,0.0,0.08333333333333333,0.3125,0.0,0.5600000000000008,0.0,,0.2834000000000003,1.3833999999999946,2.3833999999999946,-1.153100000000002,0.3462268719712553,1.5976545308670445
131,202102010907,1,2,3,21,0,0,0,1,0,0,0,0,0,1,0,6,0,0,0,0,0,0,0,0,0,1,0,0,0,0,0,0,0,0,0,0,0.0,0.0,8.0,8.0,40.7,3.9,1.0,0.0,0.0,6.0,6.0,37.0,0.7,1.0,0.0,0.0,10.0,6.0,37.5,0.3,0.5,-1.0,14.0,400.0,0.0,0.0,1,1,12.9,6.0,1152,771,1428,0.0,0.0,4.0,7.0,40.6,2.3,0.5,0.0,0.0,5.0,4.0,36.1,0.6,0.375,-0.7,0.0,57.0,-653.0,12.0,8.0,542.0,0.0,-0.5,-0.1875,0.08333333333333333,0.0,0.5600000000000002,0.0,2.783300000000004,1.0833999999999975,0.5587000000000018,0.4748999999999981,-1.105399999999996,0.2692582403567252,1.9072493282211433
132,202102010907,0,0,0,8,0,1,0,7,0,0,0,0,0,0,0,0,0,0,0,0,0,0,0,0,0,0,0,0,0,0,0,0,0,0,0,0,0.0,0.0,90.0,8.0,39.3,2.7,1.0,0.0,0.0,110.0,11.0,36.2,1.6,0.38461538461538464,0.0,0.0,110.0,11.0,37.5,3.2,1.0,1.5,11.0,600.0,0.0,0.2857142857142857,8,11,47.7,8.0,1255,1039,1263,0.0,0.0,80.0,12.0,35.6,1.3,1.0,0.0,0.0,80.0,7.0,37.1,0.7,0.75,-0.1,0.0,55.0,-1072.0,12.0,9.0,493.0,0.0,0.38461538461538464,-0.08333333333333333,-0.07142857142857142,0.16666666666666666,0.4999999999999993,0.0,1.0204999999999984,0.7531999999999996,0.5052999999999983,0.1407999999999987,1.183399999999999,0.24142084348423412,1.2690153663372228
133,202102010907,1,1,2,40,2,1,2,13,0,1,0,1,1,1,0,2,0,1,0,2,0,1,0,0,0,1,0,0,0,1,0,0,0,1,0,0,0.0,0.0,30.0,20.0,38.1,0.2,0.5555555555555556,0.0,0.0,130.0,130.0,38.1,2.6,0.4117647058823529,0.0,0.0,110.0,160.0,37.6,2.5,0.5,70.0,-3.0,600.0,,,7,10,8.4,5.0,1090,1362,1169,0.0,0.0,60.0,70.0,36.6,0.9,0.8,0.0,0.0,100.0,90.0,34.6,1.7,0.7333333333333333,8.0,0.0,57.0,-1149.0,12.0,9.0,459.0,-0.3333333333333333,0.23529411764705882,0.1875,-0.2,0.0,0.85,0.0,-0.05379999999999541,1.9342000000000041,2.1407999999999987,0.5700000000000003,-1.316600000000001,0.14504173670642886,1.3190905958272918
134,202102010907,0,0,0,13,3,1,2,13,0,0,0,0,0,0,0,1,0,0,0,1,0,0,0,0,0,0,0,1,0,0,0,0,0,0,0,0,0.0,0.0,15.0,11.0,35.5,1.3,0.7333333333333333,0.0,0.0,17.0,11.0,34.0,1.1,1.0,0.0,0.0,13.0,6.0,34.5,0.6,0.6153846153846154,-2.5,-4.0,600.0,0.0,0.0,8,12,87.3,10.0,1714,1036,1167,0.0,0.0,15.0,17.0,34.1,0.8,0.8235294117647058,0.0,0.0,7.0,6.0,33.8,1.3,0.8,-0.4,0.0,57.0,-855.0,12.0,15.0,454.0,0.0,-0.1111111111111111,-0.15384615384615385,-0.058823529411764705,0.0,0.3300000000000004,0.0,0.39350000000000307,-1.2912999999999997,-0.6064999999999969,-1.0064999999999955,-1.2747000000000028,0.12563986317971534,0.6046486583132393
135,202102010907,3,2,3,15,0,1,0,3,0,0,0,0,0,0,1,1,0,0,0,0,0,0,0,0,0,0,1,1,0,0,0,0,0,0,0,0,0.0,0.0,8.0,7.0,40.3,2.2,0.75,0.0,0.0,13.0,14.0,38.7,3.0,0.0625,0.0,0.0,8.0,3.0,36.3,0.4,0.13333333333333333,-2.0,14.0,600.0,0.09090909090909091,0.18181818181818182,5,6,48.8,9.0,1561,1417,1263,0.0,0.0,9.0,10.0,38.9,2.0,0.3333333333333333,0.0,0.0,8.0,11.0,35.5,1.1,0.8461538461538461,0.4,0.2,57.0,-720.0,12.0,8.0,504.0,0.0,0.0625,-0.06666666666666667,0.16666666666666666,-0.23076923076923078,0.9399999999999998,0.0,2.0204999999999984,2.7834000000000003,0.38339999999999463,2.983399999999996,0.04079999999999728,0.3187080211750894,1.772681584492827
136,202102010907,0,0,0,6,0,0,0,1,0,0,0,0,0,0,0,0,0,0,0,0,0,0,0,0,0,0,0,0,0,0,0,0,0,0,0,0,0.0,0.0,3.0,2.0,39.2,0.4,0.5555555555555556,0.0,0.0,15.0,13.0,37.3,1.3,0.9333333333333333,0.0,0.0,12.0,10.0,39.5,2.1,0.625,4.0,0.0,500.0,0.0,0.0,5,5,285.1,12.0,1509,1236,1110,0.0,0.0,14.0,7.0,39.2,1.5,0.5,0.0,0.0,15.0,7.0,35.1,0.8,0.625,0.4,0.2,51.0,-1080.0,12.0,9.0,490.0,-0.2222222222222222,0.06666666666666667,-0.0625,-0.21428571428571427,-0.0625,0.6299999999999997,0.0,,-0.6111000000000004,1.3462000000000032,-0.009399999999999409,-0.05310000000000059,0.1502816286218464,1.6740370366273267
137,202102010907,4,8,5,40,4,4,3,44,0,0,0,1,0,3,1,7,1,1,0,11,0,0,0,1,0,2,1,0,0,0,0,4,0,0,0,0,0.0,0.0,90.0,12.0,37.7,1.1,0.5,0.0,0.0,50.0,4.0,34.5,1.6,0.5,0.0,0.0,30.0,14.0,37.0,1.6,0.14285714285714285,1.0,-8.0,0.0,0.0,0.17647058823529413,6,8,22.0,7.0,1691,1013,1167,0.0,0.0,10.0,4.0,36.2,0.2,0.38461538461538464,0.0,0.0,10.0,3.0,36.8,0.4,0.05555555555555555,-1.8,0.2,57.0,20.0,12.0,14.0,460.0,0.14285714285714285,-0.125,0.0,-0.23076923076923078,0.0,0.010000000000000852,0.0,1.0168000000000035,-1.4166000000000025,1.5407999999999973,0.2834000000000003,0.1167999999999978,0.1845144952409535,1.081850266903882
138,202102010911,2,5,2,20,0,0,0,10,0,0,0,0,0,1,0,11,0,0,0,0,0,0,0,0,0,0,0,1,0,0,0,0,0,0,0,0,0.0,0.0,30.0,1.0,36.5,0.0,0.46153846153846156,0.0,0.0,10.0,1.0,35.3,0.0,0.06666666666666667,0.0,0.0,90.0,2.0,35.9,0.0,0.7272727272727273,0.5,0.0,-600.0,0.0625,0.3125,6,11,6.2,3.0,1167,1503,460,0.0,0.0,50.0,10.0,39.7,3.1,0.8571428571428571,0.0,0.0,150.0,14.0,35.6,2.2,0.8333333333333334,3.5,0.6,55.0,21.0,16.0,13.0,466.0,0.0,0.0,-0.18181818181818182,-0.21428571428571427,0.0,-0.26000000000000084,0.0,-1.4590999999999994,-0.730000000000004,-1.5446999999999989,0.8872,0.15319999999999823,0.29657953050718366,1.6000000000000016
139,202102010911,2,5,6,20,0,1,0,15,0,1,0,2,1,0,1,6,0,0,0,4,0,0,0,0,0,0,0,0,0,0,0,0,0,0,0,0,0.0,0.0,8.0,8.0,34.3,0.7,0.875,0.0,0.0,10.0,9.0,35.7,0.9,0.6363636363636364,0.0,0.0,5.0,6.0,35.9,0.4,0.5,-1.0,-10.0,0.0,0.0,0.0,7,13,44.5,11.0,1317,1442,1186,0.0,0.0,9.0,5.0,34.8,0.3,0.6,0.0,0.0,11.0,2.0,35.6,0.2,0.5,-1.6,0.2,50.0,-196.0,16.0,8.0,424.0,-0.125,-0.18181818181818182,0.0,0.06666666666666667,-0.125,-0.1700000000000003,0.0,-1.6166000000000054,-0.21659999999999968,-1.0412999999999997,-1.1166000000000054,-0.3166000000000011,0.1374532226968581,0.6086049621881191
140,202102010911,2,5,2,20,2,7,5,38,0,2,0,0,0,1,0,11,1,3,2,6,0,1,0,0,0,0,0,1,0,0,0,1,0,0,0,0,0.0,0.0,2.0,4.0,34.7,0.2,0.5,0.0,0.0,4.0,2.0,36.3,0.4,0.5,0.0,0.0,5.0,5.0,35.2,0.5,0.4375,0.5,0.0,200.0,0.07142857142857142,0.21428571428571427,5,10,3.2,1.0,1167,1405,460,0.0,0.0,9.0,12.0,35.0,1.0,0.4166666666666667,0.0,0.0,4.0,8.0,35.1,1.5,0.8,1.8,0.2,54.0,-729.0,16.0,14.0,478.0,0.21428571428571427,-0.1875,0.0,0.16666666666666666,-0.4666666666666667,0.05,0.0,-0.7591999999999999,0.13419999999999987,-0.2591999999999999,-0.9166000000000025,-2.2453000000000003,0.13863421094536676,0.5462600113499047
141,202102010911,3,4,2,29,0,0,0,0,0,0,0,0,0,1,0,5,0,0,0,0,0,0,0,0,0,0,0,1,0,0,0,0,0,0,0,0,0.0,0.0,12.0,17.0,37.3,2.1,0.1111111111111111,0.0,0.0,11.0,7.0,34.8,0.4,0.5333333333333333,0.0,0.0,7.0,4.0,36.7,1.0,0.4375,-6.5,0.0,-400.0,0.1,0.45,3,6,18.6,7.0,1736,920,1482,0.0,0.0,8.0,5.0,36.8,0.4,0.6363636363636364,0.0,0.0,6.0,7.0,34.6,0.5,0.5714285714285714,-2.2,0.0,55.0,-71.0,16.0,18.0,496.0,0.05555555555555555,-0.06666666666666667,-0.125,-0.18181818181818182,0.14285714285714285,0.33999999999999914,0.0,1.853199999999994,-0.6592000000000056,0.7834000000000003,0.8181999999999974,-1.316600000000001,0.184990203020839,1.1146299834474214
142,202102010911,3,0,1,14,0,0,0,0,0,0,0,0,1,0,0,6,0,0,0,0,0,0,0,0,0,0,0,0,0,0,0,0,0,0,0,0,0.0,0.0,7.0,14.0,36.9,1.7,0.3333333333333333,0.0,0.0,14.0,10.0,36.4,0.7,0.23529411764705882,0.0,0.0,7.0,5.0,35.5,0.4,0.14285714285714285,-4.5,2.0,0.0,0.0,0.0,4,8,19.9,9.0,1009,1225,298,0.0,0.0,4.0,2.0,34.4,0.2,0.3,0.0,0.0,5.0,9.0,34.7,1.0,0.18181818181818182,-1.8,0.2,53.0,-554.0,16.0,15.0,498.0,0.06666666666666667,-0.11764705882352941,0.0,0.1,0.0,0.6399999999999991,0.0,0.983399999999996,0.48339999999999606,-0.7845000000000013,-1.516600000000004,-0.7591999999999999,0.07091705653489434,0.9579144011862429
143,202102010911,2,5,6,20,4,2,4,14,1,1,2,0,1,0,1,6,1,0,1,2,1,0,0,0,0,0,0,0,0,0,0,0,0,0,0,0,0.0,0.0,7.0,8.0,35.0,1.7,0.75,0.0,0.0,6.0,11.0,35.8,0.7,0.26666666666666666,0.0,0.0,6.0,6.0,37.7,1.2,0.0625,-1.0,-4.0,200.0,0.08695652173913043,0.17391304347826086,5,9,15.8,6.0,1317,1599,1186,0.0,0.0,8.0,6.0,35.7,0.6,0.5,0.0,0.0,5.0,5.0,35.9,0.7,0.3,-1.1,0.0,53.0,-106.0,16.0,8.0,492.0,-0.125,-0.06666666666666667,0.0,0.125,0.0,-0.1700000000000003,0.0,-0.4592000000000027,-0.11660000000000537,1.7834000000000003,-0.0373999999999981,-0.4748999999999981,0.23292225693947277,0.8975522268926761
144,202102010911,4,5,9,29,1,1,1,0,1,1,1,0,0,3,4,7,0,1,1,0,0,1,1,0,0,0,0,0,0,0,0,0,0,0,0,0,0.0,0.0,10.0,7.0,36.0,1.2,0.9375,0.0,0.0,10.0,12.0,36.7,1.5,0.6875,0.0,0.0,11.0,13.0,38.7,2.4,0.6,3.0,0.0,0.0,0.0,0.25,1,1,43.0,10.0,1127,33,1328,0.0,0.0,12.0,13.0,35.1,0.8,0.875,0.0,0.0,11.0,13.0,34.4,1.2,0.8888888888888888,1.3,0.0,52.0,0.0,16.0,16.0,402.0,-0.1875,-0.0625,-0.06666666666666667,-0.125,-0.05555555555555555,0.4800000000000004,0.0,0.08339999999999748,0.9626000000000019,1.8497000000000057,-0.9299999999999997,-1.0592000000000041,0.1304331577551326,1.482430436816515
145,202102010911,7,5,6,48,5,3,5,27,0,0,0,1,2,1,0,13,1,0,0,2,0,0,0,1,0,0,0,2,0,0,0,1,0,0,0,0,0.0,0.0,160.0,15.0,37.3,2.3,0.4375,0.0,0.0,180.0,16.0,34.8,1.6,1.0,0.0,0.0,150.0,13.0,34.8,1.5,0.8235294117647058,-1.0,-14.0,200.0,0.09523809523809523,0.19047619047619047,4,7,19.3,8.0,1503,1183,1263,0.0,0.0,80.0,11.0,36.0,1.1,0.8571428571428571,0.0,0.0,60.0,9.0,35.7,1.2,0.6666666666666666,-1.7,0.0,55.0,-701.0,16.0,16.0,466.0,0.0,0.0,-0.17647058823529413,0.07142857142857142,0.26666666666666666,0.19999999999999857,0.0,1.8407999999999944,-1.001800000000003,-0.926400000000001,-0.16579999999999728,-0.21659999999999968,0.1916998228425127,0.923904756996088
146,202102010911,1,0,2,5,3,5,3,33,1,0,0,0,0,0,0,0,0,1,0,5,0,0,0,0,0,0,0,0,0,0,0,0,0,0,0,0,0.0,0.0,5.0,1.0,36.1,0.0,0.2727272727272727,0.0,0.0,6.0,8.0,35.1,1.8,0.7777777777777778,0.0,0.0,7.0,9.0,33.9,0.6,0.35294117647058826,4.0,-2.0,200.0,0.0,0.2222222222222222,1,2,7.7,5.0,1583,1428,118,0.0,0.0,4.0,3.0,34.7,0.3,0.3125,0.0,0.0,5.0,3.0,33.7,0.3,0.18181818181818182,-0.1,0.6,55.0,-707.0,16.0,11.0,480.0,-0.09090909090909091,0.0,0.11764705882352941,0.0,0.0,0.5199999999999996,0.0,0.6407999999999987,-0.3592000000000013,-1.5592000000000041,-1.2165999999999997,-1.7591999999999999,0.20702563219340497,0.8671793355471522
147,202102010911,0,1,0,9,0,0,0,3,0,0,0,2,0,0,0,2,0,0,0,2,0,0,0,2,0,0,0,2,0,0,0,2,0,0,0,2,0.0,0.0,9.0,11.0,41.6,2.7,0.9090909090909091,0.0,0.0,13.0,13.0,40.2,3.1,0.9375,0.0,0.0,14.0,13.0,36.4,1.3,0.26666666666666666,1.0,13.0,600.0,0.09090909090909091,0.09090909090909091,2,4,57.4,13.0,1366,1341,216,0.0,0.0,13.0,10.0,36.4,1.6,1.0,0.0,0.0,15.0,11.0,36.9,1.2,0.125,-0.3,0.0,53.0,-280.0,16.0,11.0,519.0,0.0,-0.0625,-0.06666666666666667,-0.25,0.0,1.320000000000001,0.0,3.4462000000000046,0.982200000000006,0.48339999999999606,0.48339999999999606,1.1625999999999976,0.3727804224238661,2.1762352813976724
148,202102010911,2,2,1,22,1,5,1,20,0,1,0,3,1,1,1,3,0,0,1,3,0,0,0,1,0,0,0,0,0,0,0,0,0,0,0,0,0.0,0.0,80.0,70.0,42.7,2.7,0.5555555555555556,0.0,0.0,160.0,160.0,39.3,2.8,0.4375,0.0,0.0,90.0,80.0,13.3,2.1,0.5714285714285714,5.0,1.0,600.0,0.0,0.0,2,3,207.0,15.0,1489,1482,565,0.0,0.0,150.0,110.0,37.0,2.0,0.75,0.0,0.0,100.0,130.0,36.8,1.5,0.23076923076923078,7.0,0.0,53.0,-784.0,16.0,9.0,513.0,0.0,0.0,0.07142857142857142,0.1875,0.0,1.4100000000000008,0.0,4.546200000000006,1.0204999999999984,,1.0833999999999975,0.6341999999999999,0.17127191503128233,10.478053254302537
149,202102010911,2,4,0,20,7,2,7,58,0,0,0,4,1,0,0,8,2,2,3,20,0,0,0,2,0,0,0,1,0,0,0,5,0,0,0,1,0.0,0.0,12.0,8.0,38.5,1.2,0.625,0.0,0.0,11.0,5.0,38.6,0.8,0.75,0.0,0.0,14.0,12.0,37.5,2.2,0.5,2.0,-4.0,200.0,0.0,0.08333333333333333,8,15,61.5,14.0,1728,1263,1169,0.0,0.0,13.0,8.0,36.3,0.8,0.625,0.0,0.0,14.0,12.0,37.2,1.2,0.05555555555555555,1.1,0.0,54.0,-105.0,16.0,16.0,496.0,-0.0625,-0.25,0.0,-0.5,0.0,0.4899999999999999,0.0,-1.1259000000000015,-0.6177999999999955,1.5833999999999975,0.5625999999999962,1.7408000000000001,0.24110727083475253,0.8565045242145553
150,202102010911,4,8,5,40,1,1,2,17,0,0,0,0,0,3,1,7,0,0,0,5,0,0,0,0,0,0,0,1,0,0,0,1,0,0,0,0,0.0,0.0,60.0,8.0,40.4,3.4,0.6666666666666666,0.0,0.0,140.0,12.0,36.4,2.1,0.9333333333333333,0.0,0.0,100.0,11.0,36.4,1.7,0.21428571428571427,1.5,21.0,300.0,0.2631578947368421,0.5263157894736842,3,5,7.6,4.0,1691,1542,1167,0.0,0.0,100.0,9.0,34.8,1.2,0.4166666666666667,0.0,0.0,,,,,,0.2,0.0,55.0,-1160.0,16.0,9.0,491.0,0.2222222222222222,-0.06666666666666667,0.2857142857142857,0.0,,1.6800000000000004,0.0,1.1905999999999963,0.48339999999999606,0.36999999999999744,-0.646800000000006,,0.26962840285026124,2.0688160865577205
151,202102010911,2,1,0,7,4,3,3,19,1,1,0,3,0,0,0,0,0,0,2,3,0,0,0,0,0,0,0,0,0,0,1,0,0,0,0,0,0.0,0.0,40.0,2.0,35.3,0.1,0.6875,0.0,0.0,30.0,5.0,36.8,0.3,0.4666666666666667,0.0,0.0,20.0,4.0,34.7,0.7,0.1875,1.0,-4.0,200.0,0.12903225806451613,0.45161290322580644,8,16,4.9,2.0,1482,1294,1263,0.0,0.0,10.0,1.0,34.6,0.0,0.15384615384615385,0.0,0.0,10.0,2.0,34.5,0.1,0.4166666666666667,-0.4,0.6,56.0,20.0,16.0,16.0,502.0,-0.5625,-0.3333333333333333,0.0625,-0.07692307692307693,0.0,0.379999999999999,0.0,-1.0317000000000007,-0.05030000000000001,-0.37469999999999715,-0.8592000000000013,-0.5747,0.19574674950258664,0.8565045242145526
152,202102010911,10,10,6,42,0,0,0,3,0,0,0,0,1,1,0,4,0,0,0,2,0,0,0,0,0,0,0,0,0,0,0,0,0,0,0,0,0.0,0.0,10.0,8.0,34.4,0.7,0.36363636363636365,0.0,0.0,10.0,15.0,33.3,1.0,0.6875,0.0,0.0,12.0,12.0,34.1,1.3,0.8461538461538461,2.0,-8.0,800.0,0.0,0.2,7,14,212.4,16.0,1716,1032,1167,0.0,0.0,7.0,13.0,34.4,1.2,0.7777777777777778,0.0,0.0,13.0,4.0,34.2,0.3,0.8,-1.0,0.0,53.0,-336.0,16.0,11.0,490.0,-0.09090909090909091,,0.0,0.05555555555555555,-0.06666666666666667,-0.07000000000000099,0.0,-0.7531000000000034,-0.24340000000000117,-1.2653999999999996,-0.7531000000000034,-0.9530999999999992,0.17354120794819777,0.4069397989875169
153,202102010911,10,10,6,42,7,2,7,58,1,1,0,2,1,1,0,4,2,2,3,20,0,1,0,0,0,0,0,0,0,0,0,5,0,0,0,0,0.0,0.0,12.0,16.0,41.3,6.0,0.375,0.0,0.0,14.0,16.0,39.3,3.6,0.0625,0.0,0.0,7.0,16.0,44.0,4.9,0.1875,0.0,-6.0,0.0,0.07692307692307693,0.07692307692307693,6,12,56.2,12.0,1716,1263,1167,0.0,0.0,6.0,5.0,35.9,0.6,0.18181818181818182,0.0,0.0,7.0,9.0,35.4,0.5,0.5454545454545454,-2.5,0.0,54.0,0.0,16.0,16.0,512.0,0.5625,0.25,0.0625,0.0,0.09090909090909091,1.5199999999999996,0.0,5.383399999999995,3.562599999999996,4.3740999999999985,0.16259999999999764,-0.05920000000000414,0.1700221789129702,3.249246066397558
154,202102011003,0,0,0,1,0,0,1,2,0,0,0,0,0,0,0,0,0,0,0,0,0,0,0,0,0,0,0,0,0,0,0,0,0,0,0,0,0.0,0.0,11.0,5.0,40.5,0.4,0.5833333333333334,0.0,0.0,16.0,15.0,37.5,2.1,0.9375,0.0,0.0,14.0,13.0,38.3,1.8,0.9285714285714286,4.0,-9.0,0.0,0.08333333333333333,0.16666666666666666,2,3,4.0,1.0,1581,1543,1167,0.0,0.0,5.0,11.0,39.2,2.6,0.5,0.0,0.0,9.0,13.0,40.0,3.3,0.6875,1.2,0.0,56.0,-908.0,16.0,12.0,501.0,0.0,0.0,0.07142857142857142,0.3333333333333333,0.125,-0.07000000000000028,0.0,1.1711000000000027,-2.1259000000000015,-0.9177999999999997,-0.4258999999999986,0.4532999999999987,0.1781403527019383,1.0936178491593858
155,202102011003,0,0,2,3,2,3,3,19,0,0,0,0,0,0,0,0,1,0,0,2,0,0,0,0,0,0,0,0,0,0,0,1,0,0,0,0,0.0,0.0,10.0,10.0,40.8,3.8,0.5,0.0,0.0,1.0,8.0,37.7,0.8,0.375,0.0,0.0,2.0,2.0,36.4,0.3,0.5,-4.0,10.0,200.0,0.15,0.3,7,13,12.2,7.0,1463,1345,1167,0.0,0.0,2.0,2.0,36.8,0.0,0.6875,0.0,0.0,7.0,2.0,37.1,0.1,0.25,-2.2,0.6,54.0,-471.0,16.0,10.0,484.0,0.5,-0.125,-0.1875,-0.1875,-0.0625,0.8299999999999997,0.0,1.1740999999999957,1.7834000000000003,0.48339999999999606,0.8833999999999946,1.183399999999999,0.1457737973711325,1.5781001235663084
156,202102011003,0,0,2,3,0,0,0,0,0,0,0,0,0,0,0,0,0,0,0,0,0,0,0,0,0,0,0,0,0,0,0,0,0,0,0,0,0.0,0.0,100.0,4.0,36.1,0.8,0.875,0.0,0.0,100.0,6.0,37.4,1.5,0.9285714285714286,,,,,,,,2.0,2.0,200.0,0.11764705882352941,0.35294117647058826,4,7,6.2,3.0,1463,5,1167,,,,,,,,,,,,,,,2.0,0.0,56.0,21.0,16.0,16.0,500.0,0.125,-0.35714285714285715,,,,-1.2999999999999972,0.0,-0.23169999999999646,1.3699999999999974,,,,0.0267857142857143,0.6499999999999986
157,202102011003,2,3,5,16,1,0,1,2,0,0,0,0,0,0,1,2,1,0,1,0,0,0,0,0,0,0,1,2,0,0,0,0,0,0,0,0,0.0,0.0,30.0,4.0,42.3,1.2,0.2,0.0,0.0,100.0,11.0,37.3,1.5,0.14285714285714285,0.0,0.0,80.0,4.0,37.2,0.4,0.4375,0.0,-19.0,400.0,0.09523809523809523,0.42857142857142855,2,4,14.5,8.0,1098,1221,1294,0.0,0.0,50.0,9.0,35.2,0.8,0.5625,0.0,0.0,40.0,11.0,41.7,2.6,0.2,1.2,0.0,54.0,-925.0,16.0,10.0,441.0,0.0,0.0,0.0,0.0625,0.13333333333333333,0.3299999999999983,0.0,4.383299999999998,1.3774999999999977,1.2834000000000003,0.04690000000000083,2.0741000000000014,0.16256631300010768,2.7717142709882627
158,202102011003,1,0,0,3,5,3,5,27,0,0,0,0,0,0,0,0,1,0,0,2,0,0,0,0,0,0,0,0,1,0,0,1,0,0,0,0,0.0,0.0,20.0,6.0,39.9,2.1,0.35714285714285715,0.0,0.0,10.0,4.0,39.8,1.6,0.26666666666666666,0.0,0.0,10.0,2.0,38.6,0.1,0.1875,-2.0,-10.0,300.0,0.0,1.0,1,2,8.0,6.0,1677,1183,1167,0.0,0.0,50.0,2.0,38.2,0.1,0.1875,0.0,0.0,40.0,4.0,40.3,1.4,0.2,-0.5999999999999999,0.4,56.0,22.0,16.0,14.0,502.0,-0.07142857142857142,0.0,0.0625,0.0,0.06666666666666667,0.07999999999999971,0.0,0.507399999999997,0.7162000000000006,-0.4386999999999972,-0.8386999999999958,1.2162000000000006,0.06564415685191018,0.8114185110040295
159,202102011003,0,0,2,3,0,0,0,10,0,0,0,0,0,0,0,0,0,0,0,3,0,0,0,0,0,0,0,0,0,0,0,3,0,0,0,0,0.0,0.0,90.0,9.0,41.4,1.6,0.18181818181818182,0.0,0.0,120.0,9.0,36.3,0.7,0.5,0.0,0.0,140.0,6.0,37.8,1.1,0.625,-1.5,12.0,700.0,,,3,6,191.9,14.0,1463,1393,1167,0.0,0.0,120.0,13.0,40.1,3.6,0.9285714285714286,0.0,0.0,80.0,7.0,34.9,1.2,0.3333333333333333,0.0,0.0,51.0,-1021.0,16.0,11.0,460.0,0.5454545454545454,0.0,-0.1875,0.0,0.05555555555555555,0.9199999999999996,0.0,3.8085999999999984,0.38339999999999463,1.8833999999999946,0.7073999999999998,-0.5592000000000041,0.25587940440302387,2.385791273351465
160,202102011003,4,5,6,51,2,7,5,38,1,1,3,4,2,2,3,21,1,3,2,6,0,1,2,2,0,0,2,7,1,0,1,2,0,0,1,1,0.0,0.0,4.0,7.0,36.6,0.5,0.0625,0.0,0.0,4.0,8.0,35.7,1.0,0.5,0.0,0.0,6.0,2.0,36.9,0.1,0.25,-2.5,-10.0,200.0,0.0,0.16666666666666666,8,16,8.0,4.0,1506,1405,199,0.0,0.0,6.0,5.0,37.1,0.9,0.375,0.0,0.0,4.0,7.0,38.4,1.1,0.25,-0.3,0.2,56.0,-104.0,16.0,16.0,480.0,0.0,0.08333333333333333,0.0,-0.0625,-0.1875,-0.4999999999999993,0.0,1.1407999999999987,-1.1502999999999943,0.983399999999996,1.183399999999999,2.483399999999996,0.1457737973711325,0.8731551981177217
161,202102011003,0,0,0,2,0,0,0,2,0,0,0,0,0,0,0,0,0,0,0,0,0,0,0,0,0,0,0,0,0,0,0,0,0,0,0,0,0.0,0.0,1.0,1.0,38.9,0.0,0.1111111111111111,0.0,0.0,13.0,13.0,38.0,1.1,0.1875,0.0,0.0,10.0,8.0,37.6,1.4,0.875,3.5,11.0,500.0,,,8,15,53.7,10.0,1733,1506,1428,0.0,0.0,11.0,7.0,36.1,0.9,1.0,0.0,0.0,11.0,8.0,34.9,0.8,0.42857142857142855,0.8,0.2,50.0,-276.0,16.0,9.0,421.0,0.0,0.0,-0.125,-0.1875,0.14285714285714285,0.9899999999999999,0.0,,2.0833999999999975,1.683399999999999,0.3626000000000005,-0.5592000000000041,0.35847722506021673,1.4240786495134317
162,202102011003,0,0,0,0,0,0,0,3,0,0,0,0,0,0,0,0,0,0,0,2,0,0,0,0,0,0,0,0,0,0,0,0,0,0,0,0,0.0,0.0,9.0,9.0,13.9,9.7,0.6363636363636364,0.0,0.0,16.0,9.0,38.4,2.2,0.4375,0.0,0.0,10.0,7.0,43.7,1.9,0.3333333333333333,-1.0,18.0,-860.0,0.09090909090909091,0.2727272727272727,5,10,214.1,16.0,1499,1032,1167,0.0,0.0,8.0,7.0,36.0,1.3,0.5,0.0,0.0,10.0,6.0,41.4,1.7,0.16666666666666666,-0.8,0.0,56.0,-553.0,16.0,11.0,496.0,0.18181818181818182,0.5,0.08333333333333333,-0.08333333333333333,0.16666666666666666,-5.26,0.0,,2.483399999999996,3.5748999999999995,0.08339999999999748,2.0711000000000013,0.15815924894141242,10.713617502972562
163,202102011003,3,2,3,15,4,3,5,23,0,0,1,1,0,0,1,1,0,0,1,2,0,0,1,1,0,0,0,0,0,0,0,0,0,0,0,0,0.0,0.0,9.0,12.0,38.6,2.6,0.07142857142857142,0.0,0.0,9.0,10.0,38.9,2.3,0.625,0.0,0.0,7.0,10.0,40.2,3.7,0.6153846153846154,-1.0,10.0,-600.0,0.0,0.0,1,1,40.3,9.0,1561,1235,1263,0.0,0.0,9.0,7.0,38.0,2.3,0.6153846153846154,0.0,0.0,12.0,10.0,36.9,2.1,0.875,-0.7,0.0,53.0,-21.0,16.0,14.0,526.0,0.14285714285714285,0.125,-0.07692307692307693,-0.15384615384615385,-0.1875,0.43000000000000044,0.0,1.6587000000000032,2.983399999999996,0.8074000000000012,2.553199999999997,0.983399999999996,0.2639264996138243,1.0833282051160684
164,202102011003,3,2,3,15,6,5,3,30,1,0,0,2,0,0,1,1,1,0,0,4,0,0,0,0,0,0,0,0,1,0,0,0,0,0,0,0,0.0,0.0,5.0,7.0,38.5,0.6,0.8181818181818182,0.0,0.0,10.0,10.0,36.3,1.9,0.5,0.0,0.0,12.0,12.0,37.6,2.0,0.8125,2.5,14.0,600.0,0.25,0.5,5,9,8.0,5.0,1561,1558,1263,0.0,0.0,5.0,7.0,40.1,1.8,0.7142857142857143,0.0,0.0,5.0,11.0,39.6,2.4,0.4375,0.5,0.0,56.0,-886.0,16.0,11.0,520.0,0.0,0.3333333333333333,-0.0625,-0.5714285714285714,-0.3125,-0.6000000000000008,0.0,0.22050000000000125,0.269999999999996,-0.6794999999999973,0.7073999999999998,3.683399999999999,0.15891472486541994,1.3702554506368525
165,202102011003,5,1,1,36,1,1,0,2,0,0,0,0,0,0,0,4,0,0,0,0,0,0,0,0,0,0,0,2,0,0,0,0,0,0,0,0,0.0,0.0,110.0,6.0,42.0,1.1,0.9166666666666666,0.0,0.0,110.0,12.0,39.9,3.1,0.25,0.0,0.0,120.0,9.0,37.3,1.3,0.5,1.5,-23.0,600.0,0.07142857142857142,0.07142857142857142,3,5,65.1,11.0,1611,1445,1263,0.0,0.0,120.0,7.0,34.8,0.7,0.5714285714285714,0.0,0.0,120.0,10.0,36.7,1.8,0.7333333333333333,0.3,0.0,56.0,-1089.0,16.0,12.0,453.0,-0.25,0.375,-0.3125,0.21428571428571427,-0.2,1.5699999999999996,0.0,3.7205000000000013,3.983399999999996,1.5625999999999962,-0.6592000000000056,0.5342000000000056,0.2241466559108323,2.5271327626383226
166,202102011003,0,0,0,3,0,2,0,5,0,0,0,0,0,0,0,0,0,0,0,0,0,0,0,0,0,0,0,0,0,0,0,0,0,0,0,0,0.0,0.0,70.0,60.0,42.1,1.6,0.3,0.0,0.0,150.0,130.0,40.5,3.2,0.0625,0.0,0.0,130.0,160.0,37.9,2.3,0.5,50.0,24.0,700.0,0.0,0.2222222222222222,6,11,213.0,15.0,1440,749,1167,0.0,0.0,90.0,70.0,36.6,1.4,0.7272727272727273,0.0,0.0,60.0,70.0,39.0,1.3,0.7142857142857143,-4.0,0.0,52.0,-1091.0,16.0,10.0,490.0,0.4,0.25,0.5,0.0,-0.21428571428571427,1.0100000000000002,0.0,4.665900000000001,4.5833999999999975,1.983399999999996,0.43420000000000414,-0.3926000000000016,0.2534951246253154,1.928107880799205
167,202102011003,2,2,1,22,4,7,3,41,0,0,0,0,1,1,1,3,1,1,1,9,0,0,0,0,1,1,1,2,0,0,0,6,0,0,0,0,0.0,0.0,7.0,5.0,37.6,1.4,0.9,0.0,0.0,12.0,14.0,39.4,3.8,0.875,0.0,0.0,12.0,8.0,43.0,2.6,0.5833333333333334,1.5,4.0,800.0,0.08333333333333333,0.08333333333333333,4,8,151.7,12.0,1489,1167,565,0.0,0.0,9.0,11.0,39.5,2.0,0.625,0.0,0.0,8.0,11.0,36.4,2.7,1.0,0.9,0.0,54.0,-86.0,16.0,10.0,434.0,0.0,0.125,0.25,-0.125,0.0,0.23000000000000043,0.0,-0.22109999999999985,3.483399999999996,2.8748999999999967,-0.046700000000001296,0.48339999999999606,0.1631802003239908,2.2346364357541475
168,202102011003,1,1,2,40,3,5,3,33,0,0,0,3,1,1,0,2,0,1,0,5,0,0,0,1,1,0,0,2,0,1,0,3,0,0,0,1,0.0,0.0,80.0,4.0,38.9,1.4,0.8,0.0,0.0,100.0,9.0,36.9,1.7,0.7,0.0,0.0,20.0,15.0,41.2,3.9,0.125,5.5,9.0,600.0,0.125,0.4375,7,14,4.2,2.0,1090,1428,1169,0.0,0.0,70.0,3.0,37.0,0.2,0.75,0.0,0.0,50.0,4.0,34.5,0.3,0.42857142857142855,-0.6,0.2,56.0,-1040.0,16.0,10.0,453.0,-0.3,0.0,0.1875,-0.5,-0.07142857142857142,0.8699999999999996,0.0,0.6204999999999998,1.4407999999999959,5.2834,1.0833999999999975,-0.9592000000000027,0.25290152959891204,2.238749651032916
169,202102011003,0,2,1,10,4,2,4,14,0,0,0,0,0,0,0,1,1,0,1,2,0,0,0,0,0,0,0,0,0,0,0,2,0,0,0,0,0.0,0.0,7.0,6.0,41.5,1.0,0.4,0.0,0.0,13.0,16.0,40.9,4.0,0.125,0.0,0.0,16.0,12.0,36.3,1.4,0.8125,3.0,10.0,600.0,0.0,0.0,6,12,169.9,13.0,1036,1599,1108,0.0,0.0,13.0,13.0,38.8,3.1,0.9285714285714286,0.0,0.0,14.0,13.0,38.5,2.3,0.8125,1.1,0.0,54.0,-151.0,16.0,10.0,438.0,0.0,0.625,0.0625,0.0,0.0,0.8100000000000002,0.0,3.2205000000000013,4.983399999999996,0.9345999999999961,0.8888999999999996,0.5889000000000024,0.3041913837688104,1.8568791021496265
170,202102011005,0,0,0,0,1,2,0,10,0,0,0,0,0,0,0,0,0,0,0,1,0,0,0,0,0,0,0,0,0,0,0,0,0,0,0,0,0.0,0.0,2.0,5.0,33.9,0.5,0.3,0.0,0.0,1.0,3.0,34.7,0.1,0.125,0.0,0.0,1.0,2.0,34.1,0.0,0.25,-1.5,0.0,200.0,0.0625,0.3125,5,5,6.0,3.0,1289,1014,1428,0.0,0.0,2.0,1.0,34.8,0.0,0.375,0.0,0.0,3.0,1.0,34.6,0.0,0.2,-1.0,0.8,54.0,-559.0,5.0,10.0,510.0,0.0,0.0,0.0,0.0,0.0,-0.15,0.0,-1.5592000000000041,-1.2165999999999997,-1.1633999999999958,-1.1166000000000054,-1.316600000000001,0.08514693182963201,0.35440090293338716
171,202102011005,0,0,0,0,0,0,0,0,0,0,0,0,0,0,0,0,0,0,0,0,0,0,0,0,0,0,0,0,0,0,0,0,0,0,0,0,,,,,,,,,,,,,,,,,,,,,,,,,0.23809523809523808,0.47619047619047616,3,3,2.3,2.0,1154,613,1561,,,,,,,,,,,,,,,,,54.0,,5.0,,,,,,,,,,,,,,,,
172,202102011005,3,2,3,15,2,1,3,19,0,0,0,0,0,0,1,1,1,1,0,4,0,0,0,0,0,0,0,0,0,0,0,0,0,0,0,0,0.0,0.0,10.0,10.0,35.0,1.3,1.0,0.0,0.0,12.0,5.0,34.3,0.7,0.9285714285714286,0.0,0.0,6.0,12.0,37.6,1.1,0.3125,1.0,0.0,800.0,0.05,0.2,2,2,26.0,5.0,1561,1306,1263,0.0,0.0,9.0,5.0,35.1,0.7,0.7142857142857143,0.0,0.0,10.0,4.0,36.1,1.1,0.7857142857142857,-1.2,0.0,54.0,-399.0,5.0,16.0,434.0,-0.125,-0.14285714285714285,0.0625,-0.14285714285714285,-0.07142857142857142,-0.3000000000000007,0.0,-0.153100000000002,-1.6225000000000023,1.683399999999999,-0.822499999999998,-0.0887999999999991,0.24013707820020344,1.1443775600735986
173,202102011005,1,1,1,3,4,4,3,44,0,0,0,0,0,0,0,0,1,1,0,11,0,0,0,0,0,0,0,0,0,0,0,0,0,0,0,0,0.0,0.0,8.0,10.0,40.8,1.8,0.9230769230769231,0.0,0.0,4.0,4.0,38.6,0.5,0.6153846153846154,0.0,0.0,4.0,7.0,40.1,1.7,0.4375,-1.5,3.0,500.0,0.08695652173913043,0.21739130434782608,1,1,9.6,4.0,1657,1013,1317,0.0,0.0,5.0,4.0,38.8,1.2,0.75,0.0,0.0,4.0,4.0,34.8,0.8,1.0,-1.2,0.0,54.0,-1045.0,5.0,13.0,491.0,0.0,-0.23076923076923078,0.125,-0.25,-0.2,1.1800000000000004,0.0,,-0.7926000000000002,0.7073999999999998,-0.5926000000000045,-1.1166000000000054,0.2040184322801721,2.0769207977195476
174,202102011005,7,5,6,48,1,1,1,0,0,0,0,0,2,1,0,13,0,1,1,0,0,0,0,0,0,0,0,0,0,0,0,0,0,0,0,0,0.0,0.0,3.0,9.0,13.3,4.4,0.9166666666666666,0.0,0.0,5.0,4.0,13.2,1.7,0.5384615384615384,0.0,0.0,7.0,7.0,13.3,3.0,0.7857142857142857,-1.0,4.0,-1000.0,0.0,1.0,4,4,2.1,1.0,1503,33,1263,0.0,0.0,8.0,13.0,13.9,6.0,1.0,0.0,0.0,12.0,7.0,37.3,0.9,0.8,0.5,0.0,54.0,-1113.0,5.0,12.0,518.0,-0.16666666666666666,0.07692307692307693,-0.07142857142857142,0.0,-0.06666666666666667,-4.869999999999999,0.0,,,,,-2.3259000000000043,0.1561306746261129,9.553219352658033
175,202102011106,1,1,1,3,1,2,1,27,0,0,0,0,0,0,0,0,0,1,1,4,0,0,0,0,0,0,0,0,0,0,1,3,0,0,0,0,0.0,0.0,10.0,5.0,36.3,0.2,0.4375,0.0,0.0,40.0,2.0,36.3,0.2,0.5,0.0,0.0,20.0,2.0,36.2,0.3,0.5384615384615384,-1.5,2.0,0.0,0.12121212121212122,0.42424242424242425,2,4,3.6,1.0,1657,1556,1317,0.0,0.0,30.0,2.0,34.8,0.0,0.4666666666666667,0.0,0.0,50.0,4.0,36.7,0.4,0.6666666666666666,-0.2,0.6,56.0,13.0,16.0,16.0,476.0,-0.0625,0.0,-0.3076923076923077,-0.2,0.06666666666666667,0.06999999999999887,0.0,0.38339999999999463,0.38339999999999463,0.2834000000000003,-1.1166000000000054,0.2820000000000036,0.07985656520234988,0.6529931086925816
176,202102011106,4,2,3,18,0,2,2,7,0,0,1,0,3,0,0,5,0,0,1,1,0,0,0,0,1,0,0,5,0,0,1,1,0,0,0,0,0.0,0.0,7.0,7.0,34.0,1.0,0.7777777777777778,0.0,0.0,10.0,5.0,33.1,0.4,0.7,0.0,0.0,7.0,2.0,34.5,0.2,0.5,-2.5,2.0,-200.0,0.08333333333333333,0.20833333333333334,5,9,5.4,4.0,1304,565,1503,0.0,0.0,8.0,9.0,35.7,1.3,0.7142857142857143,0.0,0.0,4.0,5.0,34.0,0.4,0.7142857142857143,0.0,0.2,54.0,-1106.0,16.0,9.0,444.0,0.1111111111111111,0.1,0.0,-0.07142857142857142,0.14285714285714285,-0.2600000000000001,0.0,-2.030000000000001,-2.3468000000000018,-2.137999999999998,-0.3299999999999983,-2.030000000000001,0.09455522381240584,0.8499411744350317
177,202102011106,1,1,1,3,1,5,1,20,0,0,0,0,0,0,0,0,0,0,1,3,0,0,0,0,0,0,0,0,0,0,0,0,0,0,0,0,0.0,0.0,4.0,12.0,37.1,2.6,0.8333333333333334,0.0,0.0,4.0,12.0,38.2,1.6,0.625,0.0,0.0,7.0,3.0,36.6,0.1,0.3125,-4.5,3.0,1080.0,0.0,0.125,4,7,17.8,7.0,1657,1482,1317,0.0,0.0,8.0,4.0,36.0,0.4,0.875,0.0,0.0,12.0,3.0,36.3,0.3,0.1875,-2.6,0.4,55.0,-334.0,16.0,12.0,513.0,,-0.5,-0.0625,-0.625,-0.0625,0.3800000000000011,0.0,,2.2834000000000003,0.6833999999999989,0.08339999999999748,0.38339999999999463,0.27493686143872703,0.7709734106958567
178,202102011106,1,0,0,3,5,3,5,27,0,0,0,0,0,0,0,0,1,0,0,2,0,0,0,0,0,0,0,0,1,0,0,1,0,0,0,0,0.0,0.0,60.0,5.0,37.1,0.5,0.625,0.0,0.0,20.0,6.0,39.9,2.1,0.35714285714285715,0.0,0.0,10.0,4.0,39.8,1.6,0.26666666666666666,-0.5,0.0,0.0,,,2,3,5.2,3.0,1677,1183,1167,0.0,0.0,10.0,2.0,38.6,0.1,0.1875,0.0,0.0,50.0,2.0,38.2,0.1,0.1875,-1.0,0.4,56.0,6.0,16.0,16.0,502.0,0.0,-0.07142857142857142,0.0,0.0625,0.0,-0.09000000000000057,0.0,1.183399999999999,0.507399999999997,0.7162000000000006,-0.4386999999999972,-0.8386999999999958,0.16263342682017856,1.045753316992108
179,202102011106,3,1,4,12,4,2,4,14,0,0,0,2,0,0,1,3,1,0,1,2,0,0,0,1,0,0,0,3,0,0,0,2,0,0,0,1,0.0,0.0,1.0,4.0,13.6,0.6,0.16666666666666666,0.0,0.0,5.0,2.0,13.5,0.2,0.16666666666666666,0.0,0.0,8.0,5.0,13.5,1.4,0.5833333333333334,0.5,-2.0,-860.0,0.12,0.2,3,5,49.6,12.0,1222,1599,1328,0.0,0.0,5.0,8.0,13.4,3.0,0.3333333333333333,0.0,0.0,6.0,4.0,13.3,1.2,0.15384615384615385,0.6,0.2,56.0,-567.0,16.0,12.0,478.0,0.08333333333333333,0.0,0.0,0.16666666666666666,-0.07692307692307693,0.06999999999999976,0.0,,,,,,0.1652006530035345,0.10198039027185533
180,202102011106,3,2,3,15,2,1,2,13,0,0,0,1,0,0,1,1,0,0,0,1,0,0,0,0,0,0,0,0,0,0,0,1,0,0,0,0,0.0,0.0,2.0,2.0,40.5,0.8,0.3333333333333333,0.0,0.0,11.0,13.0,38.1,1.6,0.5333333333333333,0.0,0.0,12.0,13.0,34.9,1.8,0.07142857142857142,5.5,9.0,600.0,0.047619047619047616,0.23809523809523808,8,15,31.3,9.0,1561,1170,1263,0.0,0.0,8.0,13.0,39.6,2.3,0.6153846153846154,0.0,0.0,9.0,6.0,37.0,0.6,0.5,0.8,0.2,56.0,-1086.0,16.0,9.0,483.0,-0.1111111111111111,0.3333333333333333,0.0,0.3076923076923077,-0.375,0.55,0.0,2.2205000000000013,-1.2926000000000002,-1.016600000000004,0.2073999999999998,1.0833999999999975,0.19287297347965837,1.9711925324533883
181,202102011106,0,0,1,1,0,0,0,4,0,0,0,0,0,0,0,0,0,0,0,0,0,0,0,0,0,0,0,0,0,0,0,0,0,0,0,0,0.0,0.0,11.0,7.0,37.5,0.7,0.0625,0.0,0.0,9.0,6.0,37.5,0.6,0.0625,0.0,0.0,4.0,5.0,36.6,0.5,0.07692307692307693,-1.0,6.0,0.0,0.0,0.0,8,16,47.1,11.0,1672,1571,1167,0.0,0.0,7.0,4.0,35.6,0.4,0.06666666666666667,0.0,0.0,8.0,6.0,35.8,0.8,0.08333333333333333,-0.4,0.0,56.0,0.0,16.0,16.0,488.0,0.0,0.1875,0.0,0.0,0.25,0.5300000000000005,0.0,1.5833999999999975,1.5833999999999975,0.6833999999999989,-0.3166000000000011,-0.3658000000000001,0.008349589666580207,0.8074651695274542
182,202102011106,4,8,5,40,2,7,5,38,0,2,0,1,0,3,1,7,1,3,2,6,0,1,0,0,0,1,0,4,1,0,1,2,0,0,0,0,0.0,0.0,5.0,5.0,38.8,1.5,1.0,0.0,0.0,10.0,6.0,35.7,0.5,0.75,0.0,0.0,6.0,8.0,37.2,1.5,0.875,1.5,11.0,600.0,0.0,0.0,1,1,17.0,6.0,1691,1405,1167,0.0,0.0,10.0,2.0,36.2,0.5,0.75,0.0,0.0,12.0,8.0,37.2,0.9,1.0,0.2,0.2,53.0,-954.0,16.0,7.0,431.0,-0.14285714285714285,0.0625,-0.0625,-0.1875,-0.0625,0.26999999999999885,0.0,0.5204999999999984,-0.21659999999999968,1.2834000000000003,0.7408000000000001,1.2834000000000003,0.11180339887498948,1.062826420446912
183,202102011106,0,0,0,0,0,0,0,0,0,0,0,0,0,0,0,0,0,0,0,0,0,0,0,0,0,0,0,0,0,0,0,0,0,0,0,0,0.0,0.0,120.0,11.0,42.2,3.7,0.8333333333333334,0.0,0.0,160.0,9.0,36.9,1.7,1.0,0.0,0.0,100.0,13.0,35.4,3.1,0.9375,1.0,22.0,500.0,0.0,0.0,6,11,203.2,16.0,1460,683,1345,0.0,0.0,110.0,14.0,41.8,4.0,0.8,0.0,0.0,80.0,7.0,35.3,1.2,0.8333333333333334,-0.3,0.0,52.0,-331.0,16.0,12.0,510.0,0.08333333333333333,0.0,-0.125,0.13333333333333333,0.08333333333333333,0.8900000000000012,0.0,,0.983399999999996,-0.05920000000000414,2.253299999999996,-0.6166000000000054,0.07544313531837514,3.0603267799370717
184,202102011106,4,5,6,51,1,2,1,27,0,0,0,3,2,2,3,21,0,1,1,4,0,0,0,0,0,0,2,7,0,0,1,3,0,0,0,0,0.0,0.0,60.0,7.0,38.8,1.9,0.9,0.0,0.0,150.0,10.0,37.4,1.7,0.6875,0.0,0.0,90.0,13.0,39.3,2.8,1.0,3.0,-5.0,600.0,,,5,10,190.0,15.0,1506,1556,199,0.0,0.0,60.0,10.0,39.1,3.3,0.38461538461538464,0.0,0.0,50.0,7.0,35.9,1.5,1.0,0.0,0.0,56.0,-1077.0,16.0,10.0,497.0,-0.1,0.25,-0.3125,0.07692307692307693,-0.4444444444444444,0.4099999999999994,0.0,0.5204999999999984,1.483399999999996,0.778499999999994,3.6531999999999982,-0.016600000000003945,0.23454002572831584,1.2853015210447702
185,202102011106,0,0,0,0,0,0,1,1,0,0,0,0,0,0,0,0,0,0,0,0,0,0,0,0,0,0,0,0,0,0,0,0,0,0,0,0,0.0,0.0,50.0,80.0,41.6,2.3,0.3,0.0,0.0,50.0,110.0,38.2,1.7,0.1875,0.0,0.0,30.0,80.0,38.6,1.6,0.125,0.0,25.0,600.0,0.06666666666666667,0.06666666666666667,1,2,9.4,5.0,1089,256,1428,0.0,0.0,30.0,30.0,34.7,0.1,0.25,0.0,0.0,40.0,20.0,34.7,0.3,0.125,-20.0,0.0,56.0,-580.0,16.0,10.0,531.0,0.2,-0.0625,0.0,-0.125,0.0,1.7299999999999998,0.0,3.935700000000004,2.2834000000000003,2.8626000000000005,-0.5633999999999943,-0.37469999999999715,0.06910137480542626,2.6142685401465546
186,202102011106,1,0,0,3,0,1,0,15,0,0,0,0,0,0,0,0,0,0,0,4,0,0,0,0,0,0,0,0,0,0,0,1,0,0,0,0,0.0,0.0,90.0,7.0,38.0,2.7,0.8888888888888888,0.0,0.0,100.0,12.0,38.3,1.8,0.1875,0.0,0.0,60.0,7.0,36.8,2.4,0.5555555555555556,0.0,9.0,800.0,0.0,0.0,7,14,47.0,10.0,1548,1442,1328,0.0,0.0,100.0,8.0,36.5,1.4,0.4444444444444444,0.0,0.0,70.0,4.0,36.2,1.7,0.4,-1.0,0.0,53.0,-1079.0,16.0,9.0,537.0,0.1111111111111111,0.3125,0.1111111111111111,0.16666666666666666,-0.2,0.5399999999999991,0.0,0.08890000000000242,2.3833999999999946,0.16199999999999903,0.5833999999999975,0.2834000000000003,0.23019650757291135,0.8357032966310459
187,202102011106,3,2,3,15,0,0,0,0,0,0,0,0,0,0,1,1,0,0,0,0,0,0,0,0,0,0,0,0,0,0,0,0,0,0,0,0,0.0,0.0,5.0,2.0,37.4,0.6,0.5714285714285714,0.0,0.0,13.0,12.0,13.4,6.4,0.21428571428571427,0.0,0.0,16.0,15.0,41.7,5.8,0.5625,6.5,11.0,300.0,0.0,0.0,4,8,23.1,8.0,1561,1003,1263,0.0,0.0,16.0,15.0,41.7,3.6,0.5,0.0,0.0,13.0,7.0,38.5,1.7,0.5625,1.3,0.2,56.0,-1172.0,16.0,7.0,471.0,-0.14285714285714285,0.5,0.375,0.0,0.0,-3.0500000000000007,0.0,-1.8094000000000037,,1.5748999999999995,2.8872,-1.1259000000000015,0.13634720834872194,10.70786626737559
188,202102011106,3,4,2,29,2,0,1,11,0,0,0,0,0,1,0,5,0,0,0,3,0,0,0,0,0,1,0,0,0,0,0,1,0,0,0,0,0.0,0.0,2.0,3.0,40.3,0.6,0.6363636363636364,0.0,0.0,14.0,14.0,38.0,2.3,0.8125,0.0,0.0,6.0,12.0,49.3,10.8,0.9166666666666666,4.5,21.0,700.0,0.07692307692307693,0.07692307692307693,7,13,147.3,14.0,1736,1618,1482,0.0,0.0,11.0,8.0,37.2,0.9,0.6153846153846154,0.0,0.0,12.0,10.0,36.3,1.1,0.875,0.8,0.2,56.0,-1043.0,16.0,11.0,515.0,-0.18181818181818182,0.0,0.08333333333333333,0.0,-0.0625,0.8799999999999997,0.0,2.708599999999997,2.0833999999999975,9.174899999999994,0.2587000000000046,0.5625999999999962,0.12336933063355233,4.730073995192886
189,202102011106,4,5,9,29,0,0,0,0,0,0,0,0,0,3,4,7,0,0,0,0,0,0,0,0,0,1,1,2,0,0,0,0,0,0,0,0,0.0,0.0,13.0,15.0,39.4,3.3,0.4375,0.0,0.0,13.0,8.0,35.4,1.0,0.8125,0.0,0.0,5.0,7.0,40.3,1.4,0.42857142857142855,-4.0,6.0,0.0,0.09090909090909091,0.4090909090909091,6,12,58.8,13.0,1127,613,1328,0.0,0.0,13.0,9.0,39.2,1.5,0.5625,0.0,0.0,12.0,15.0,36.8,2.2,1.0,0.1,0.0,54.0,0.0,16.0,16.0,400.0,0.0625,0.0625,-0.07142857142857142,-0.0625,-0.375,0.13999999999999985,0.0,3.483399999999996,0.24689999999999657,0.6740999999999957,0.9205000000000041,0.8833999999999946,0.22393455220994682,1.8247191564731273
190,202102011106,0,0,1,12,4,4,3,44,0,0,0,0,0,0,1,3,1,1,0,11,0,0,0,0,0,0,0,0,1,0,0,5,0,0,0,0,0.0,0.0,14.0,14.0,40.0,5.5,1.0,0.0,0.0,2.0,16.0,41.8,5.1,0.125,0.0,0.0,6.0,9.0,35.5,0.8,0.375,-2.5,-32.0,800.0,0.22727272727272727,0.5,3,6,4.7,2.0,1712,1013,1292,0.0,0.0,6.0,2.0,37.6,0.1,0.0625,0.0,0.0,8.0,18.0,39.9,4.1,0.3333333333333333,-0.6,0.2,56.0,-423.0,16.0,14.0,446.0,0.0,0.25,0.125,0.0,0.16666666666666666,0.43999999999999984,0.0,2.0889000000000024,5.883399999999995,-0.4166000000000025,0.2546999999999997,3.983399999999996,0.3323945112529855,2.1841245385737498
191,202102011202,0,0,2,3,0,0,0,1,0,0,0,0,0,0,0,0,0,0,0,0,0,0,0,0,0,0,0,0,0,0,0,0,0,0,0,0,0.0,0.0,13.0,5.0,33.4,0.5,0.2857142857142857,0.0,0.0,10.0,14.0,36.3,2.6,0.8,0.0,0.0,9.0,12.0,37.6,2.2,0.2857142857142857,3.5,-2.0,0.0,0.058823529411764705,0.058823529411764705,2,3,3.1,1.0,1463,57,1167,0.0,0.0,5.0,3.0,36.3,0.6,0.1111111111111111,0.0,0.0,5.0,4.0,35.5,0.5,0.5,-1.3,0.2,54.0,-433.0,16.0,14.0,496.0,0.0,-0.06666666666666667,0.0,0.0,-0.16666666666666666,-0.42000000000000026,0.0,-2.516600000000004,0.5625999999999962,1.5700000000000003,0.38339999999999463,-0.4166000000000025,0.23643953415868746,1.3847743498491014
192,202102011202,0,0,2,3,2,3,3,19,0,0,0,0,0,0,0,0,1,0,0,2,0,0,0,0,0,0,0,0,0,0,0,1,0,0,0,0,0.0,0.0,10.0,10.0,40.8,3.8,0.5,0.0,0.0,1.0,8.0,37.7,0.8,0.375,0.0,0.0,2.0,2.0,36.4,0.3,0.5,-4.0,10.0,200.0,0.14285714285714285,0.3333333333333333,7,14,3.6,2.0,1463,1345,1167,0.0,0.0,2.0,2.0,36.8,0.0,0.6875,0.0,0.0,7.0,2.0,37.1,0.1,0.25,-2.2,0.6,54.0,-464.0,16.0,10.0,484.0,0.5,-0.125,-0.1875,-0.1875,-0.0625,0.8299999999999997,0.0,1.1740999999999957,1.7834000000000003,0.48339999999999606,0.8833999999999946,1.183399999999999,0.1457737973711325,1.5781001235663084
193,202102011202,2,1,0,7,4,7,3,41,0,0,0,0,0,0,0,0,1,1,1,9,0,0,0,0,0,0,0,0,0,0,0,6,0,0,0,0,0.0,0.0,20.0,11.0,36.4,2.9,0.1875,0.0,0.0,20.0,3.0,35.1,0.1,0.25,0.0,0.0,60.0,2.0,35.8,1.4,0.26666666666666666,-4.5,12.0,200.0,0.07692307692307693,0.23076923076923078,3,5,8.2,4.0,1482,1167,1263,0.0,0.0,10.0,7.0,41.6,3.4,0.5,,,,,,,,-1.3,0.5,54.0,36.0,16.0,16.0,492.0,0.0625,0.0,0.0,0.1,,-1.6300000000000003,0.0,0.9407999999999959,-0.8166000000000011,-0.11660000000000537,1.910899999999998,,0.11859913662558144,2.5674647027758737
194,202102011202,0,0,0,11,2,1,3,19,0,0,0,0,0,0,0,5,1,1,0,4,0,0,0,0,0,0,0,3,0,1,0,1,0,0,0,0,0.0,0.0,5.0,9.0,40.3,2.3,0.9,0.0,0.0,9.0,12.0,38.0,1.6,0.5625,0.0,0.0,15.0,4.0,36.7,0.1,0.6875,-2.5,-3.0,700.0,0.0,0.0,4,7,181.5,15.0,1642,1306,1124,0.0,0.0,9.0,10.0,38.8,1.9,0.4,0.0,0.0,10.0,5.0,35.3,1.8,0.6,-1.0,0.0,51.0,-574.0,16.0,10.0,415.0,0.0,0.125,0.0,0.13333333333333333,0.13333333333333333,0.9200000000000003,0.0,3.471899999999998,2.0833999999999975,0.7834000000000003,2.8833999999999946,-0.6166000000000054,0.16405029716522918,1.7174399552822792
195,202102011202,7,5,6,48,0,0,0,1,0,0,0,1,2,1,0,13,0,0,0,0,0,0,0,0,0,0,0,7,0,0,0,0,0,0,0,0,0.0,0.0,12.0,8.0,37.7,0.8,0.125,0.0,0.0,12.0,13.0,36.5,1.7,0.7692307692307693,0.0,0.0,11.0,10.0,36.6,0.6,0.16666666666666666,1.0,0.0,200.0,0.06666666666666667,0.2,6,11,14.2,5.0,1503,771,1263,0.0,0.0,13.0,8.0,38.4,2.0,0.8571428571428571,0.0,0.0,11.0,16.0,40.3,3.0,0.25,1.1,0.0,54.0,-195.0,16.0,16.0,478.0,0.0,0.07692307692307693,0.0,0.0,0.1875,-0.7099999999999987,0.0,1.962600000000002,0.22579999999999956,0.6833999999999989,-0.6387,0.6740999999999957,0.31376197641234704,1.3928388277184107
196,202102011202,0,0,0,11,1,2,1,27,0,0,0,0,0,0,0,5,0,1,1,4,0,0,0,0,0,0,0,3,0,0,1,3,0,0,0,0,0.0,0.0,110.0,13.0,41.5,2.7,0.9230769230769231,0.0,0.0,140.0,13.0,41.2,3.3,0.5,0.0,0.0,110.0,8.0,34.8,1.4,0.5,-2.5,11.0,500.0,0.0,0.0,3,6,96.5,13.0,1642,1556,1124,0.0,0.0,130.0,6.0,37.3,0.3,0.4375,0.0,0.0,120.0,10.0,36.5,0.9,0.125,-1.3,0.0,51.0,-632.0,16.0,13.0,447.0,-0.23076923076923078,0.14285714285714285,0.3333333333333333,-0.1875,0.1875,1.3900000000000006,0.0,,1.8074000000000012,-1.1166000000000054,1.3833999999999946,1.0407999999999973,0.2543555495013431,2.6507357469200903
197,202102011202,7,6,4,56,4,7,3,41,1,0,0,2,3,1,1,13,1,1,1,9,0,0,0,1,0,0,0,4,0,0,0,6,0,0,0,0,0.0,0.0,3.0,7.0,37.2,0.4,0.5,0.0,0.0,6.0,4.0,36.8,0.5,0.42857142857142855,0.0,0.0,4.0,6.0,36.0,0.4,0.5625,-0.5,-2.0,0.0,0.0,0.0,1,2,5.5,3.0,1428,1167,1263,0.0,0.0,5.0,7.0,35.1,0.7,0.26666666666666666,0.0,0.0,4.0,9.0,35.1,1.1,0.7222222222222222,0.7,0.0,51.0,0.0,16.0,16.0,426.0,0.0,0.14285714285714285,-0.1875,0.0,-0.1111111111111111,0.5899999999999999,0.0,1.2834000000000003,1.3407999999999944,0.5407999999999973,-0.3592000000000013,-0.006499999999995509,0.1501699926982055,0.859302042357633
198,202102011202,3,4,2,29,1,0,0,4,0,0,0,0,0,1,0,5,0,0,0,1,0,0,0,0,0,1,0,0,0,0,0,0,0,0,0,0,0.0,0.0,6.0,5.0,40.1,1.0,0.7,0.0,0.0,9.0,6.0,36.2,0.8,0.5294117647058824,0.0,0.0,11.0,8.0,36.8,0.5,0.875,1.5,18.0,300.0,0.08695652173913043,0.391304347826087,5,9,83.5,11.0,1736,1208,1482,0.0,0.0,15.0,14.0,35.5,1.0,1.0,0.0,0.0,6.0,7.0,37.4,0.9,0.5333333333333333,1.2,0.0,54.0,-458.0,16.0,10.0,506.0,0.0,-0.17647058823529413,-0.1875,0.0,0.0,0.6100000000000009,0.0,0.7073999999999998,0.2834000000000003,0.8833999999999946,0.04079999999999728,1.6625999999999976,0.1863911915256579,1.58113883008419
199,202102011202,3,2,3,15,1,4,1,6,0,0,0,0,0,0,1,1,0,0,0,0,0,0,0,0,0,0,0,0,0,0,0,0,0,0,0,0,0.0,0.0,70.0,7.0,39.6,3.5,0.5,0.0,0.0,50.0,10.0,36.5,1.4,0.5714285714285714,0.0,0.0,80.0,9.0,36.8,0.5,0.875,1.0,20.0,600.0,0.0,0.07692307692307693,2,4,24.1,8.0,1561,848,1263,0.0,0.0,70.0,8.0,34.8,1.0,0.3125,0.0,0.0,90.0,5.0,36.0,0.9,0.5625,-0.6,0.0,53.0,-870.0,16.0,8.0,478.0,0.375,0.0,0.0625,-0.125,-0.0625,0.8900000000000006,0.0,1.4462000000000046,-0.44129999999999825,0.8833999999999946,-0.6592000000000056,0.7366000000000028,0.18117741333301127,1.58442418562707
200,202102011202,2,3,2,34,3,5,3,33,0,0,0,0,0,0,0,1,0,1,0,5,0,0,0,0,0,0,0,0,0,1,0,3,0,0,0,0,0.0,0.0,60.0,50.0,38.6,1.1,0.7272727272727273,0.0,0.0,100.0,100.0,37.0,0.5,0.6875,0.0,0.0,70.0,40.0,38.7,0.8,0.8571428571428571,-5.0,7.0,600.0,0.0,0.3,7,13,50.7,10.0,1172,1428,1556,0.0,0.0,100.0,50.0,38.1,0.8,0.4,0.0,0.0,80.0,80.0,37.9,1.1,0.6,1.0,0.0,53.0,-1065.0,16.0,11.0,439.0,-0.09090909090909091,0.0,-0.42857142857142855,0.0,0.0,0.030000000000000426,0.0,0.9357000000000042,1.0833999999999975,-0.5093999999999994,0.02740000000000009,-0.01670000000000016,0.15178236332157705,0.6086049621881184
201,202102011202,1,2,3,21,0,0,0,3,0,0,0,2,0,1,0,6,0,0,0,2,0,0,0,2,0,0,0,6,0,0,0,2,0,0,0,2,0.0,0.0,16.0,12.0,38.0,2.2,0.4444444444444444,0.0,0.0,15.0,12.0,35.1,1.3,0.5294117647058824,0.0,0.0,13.0,17.0,35.5,1.8,0.6666666666666666,2.5,2.0,800.0,0.0,0.15,6,12,14.2,6.0,1152,882,1428,0.0,0.0,12.0,14.0,34.7,0.9,0.5625,0.0,0.0,7.0,4.0,36.3,0.4,0.21428571428571427,-1.4,0.0,54.0,-595.0,16.0,18.0,498.0,0.05555555555555555,0.0,0.16666666666666666,0.0625,0.0,0.38000000000000045,0.0,2.634599999999999,0.025300000000001432,0.13459999999999894,-0.45309999999999917,0.9345999999999961,0.15225017480518205,1.1668761716651848
202,202102011202,3,4,2,29,0,0,0,1,0,0,0,0,0,1,0,5,0,0,0,0,0,0,0,0,0,1,0,0,0,0,0,0,0,0,0,0,0.0,0.0,10.0,8.0,41.4,1.4,0.25,0.0,0.0,120.0,12.0,38.4,1.1,0.125,0.0,0.0,80.0,11.0,37.7,2.1,0.15384615384615385,1.5,17.0,600.0,,,4,8,87.7,12.0,1736,1349,1482,0.0,0.0,80.0,4.0,38.7,0.9,0.13333333333333333,0.0,0.0,60.0,6.0,37.1,0.8,0.05555555555555555,-1.2,0.0,54.0,-1080.0,16.0,12.0,495.0,0.16666666666666666,0.1875,0.38461538461538464,0.0,0.0,0.829999999999999,0.0,3.1205,2.483399999999996,2.2408,2.7834000000000003,1.183399999999999,0.06265639356066373,1.4786480311419605
203,202102011202,7,4,5,28,0,0,0,0,0,0,0,0,1,1,0,1,0,0,0,0,0,0,0,0,1,1,0,1,0,0,0,0,0,0,0,0,0.0,0.0,8.0,5.0,42.2,3.4,0.3333333333333333,0.0,0.0,14.0,13.0,38.8,1.4,0.125,0.0,0.0,11.0,12.0,35.8,0.8,0.75,3.5,-10.0,600.0,0.0,0.0,5,10,152.9,14.0,1393,708,1263,0.0,0.0,14.0,8.0,34.5,0.8,0.16666666666666666,0.0,0.0,5.0,8.0,38.3,2.4,0.5,0.1,0.0,54.0,-1080.0,16.0,12.0,412.0,0.16666666666666666,0.0,-0.0625,-0.05555555555555555,-0.125,1.2100000000000009,0.0,4.046200000000006,2.8833999999999946,0.6468999999999951,-0.5747,0.3888999999999996,0.22973414586817037,2.661879035568673
204,202102011202,5,1,1,36,2,3,3,27,0,0,0,0,0,0,0,4,0,0,0,1,0,0,0,0,0,0,0,2,0,0,0,1,0,0,0,0,0.0,0.0,6.0,6.0,39.4,1.7,1.0,0.0,0.0,13.0,15.0,38.1,3.1,0.4,0.0,0.0,14.0,11.0,35.4,0.7,0.21428571428571427,2.5,4.0,500.0,0.0,0.18181818181818182,8,16,25.7,9.0,1611,1366,1263,0.0,0.0,9.0,14.0,38.3,1.5,0.5,0.0,0.0,16.0,4.0,36.4,0.5,0.5625,-0.5,0.0,52.0,-665.0,16.0,9.0,454.0,-0.3333333333333333,0.3333333333333333,0.07142857142857142,0.1875,-0.125,0.5800000000000004,0.0,,3.0253000000000014,-0.5225000000000009,2.3833999999999946,0.9407999999999959,0.26049501542491077,1.43024473430249
205,202102011202,7,4,5,28,0,1,1,4,0,0,0,0,1,1,0,1,0,0,0,1,0,0,0,0,1,1,0,1,0,0,0,1,0,0,0,0,0.0,0.0,16.0,15.0,37.3,1.6,1.0,0.0,0.0,9.0,11.0,36.1,1.6,0.75,0.0,0.0,13.0,14.0,38.2,2.7,0.8666666666666667,-0.5,2.0,0.0,0.0,0.0,1,1,408.6,16.0,1393,460,1263,0.0,0.0,8.0,14.0,42.5,3.7,0.5714285714285714,0.0,0.0,6.0,11.0,39.4,2.3,0.375,-0.5,0.0,54.0,0.0,16.0,16.0,446.0,0.0,-0.0625,-0.13333333333333333,0.2857142857142857,0.3125,-1.06,0.0,1.3833999999999946,0.9468999999999994,0.28890000000000526,2.8740999999999985,1.5788999999999973,0.2198350236921391,2.1863211109075444
206,202102011202,0,1,1,7,1,1,0,2,0,0,0,0,0,0,0,2,0,0,0,0,0,0,0,0,0,0,0,2,0,0,0,0,0,0,0,0,0.0,0.0,10.0,10.0,41.6,2.5,0.2,0.0,0.0,12.0,12.0,40.9,4.3,0.75,0.0,0.0,13.0,13.0,39.0,3.8,0.15384615384615385,1.5,22.0,600.0,0.10526315789473684,0.3684210526315789,8,15,15.1,7.0,1343,1445,1428,0.0,0.0,13.0,8.0,38.7,2.4,0.42857142857142855,0.0,0.0,7.0,16.0,39.4,1.9,0.0625,0.8,0.0,54.0,-159.0,16.0,10.0,458.0,0.8,0.25,0.0,0.5,0.0625,0.6600000000000001,0.0,3.3205000000000027,1.6822000000000017,1.5553000000000026,1.7587000000000046,3.483399999999996,0.24698013665072757,1.130309692075583
207,202102011208,0,0,0,1,1,1,0,1,0,0,0,0,0,0,0,0,0,0,0,0,0,0,0,0,0,0,0,0,0,0,0,0,0,0,0,0,0.0,0.0,5.0,3.0,34.3,0.2,0.23076923076923078,0.0,0.0,5.0,8.0,36.3,1.6,0.15384615384615385,0.0,0.0,2.0,1.0,33.8,0.0,0.16666666666666666,-1.0,2.0,0.0,0.21739130434782608,0.4782608695652174,5,9,2.1,1.0,673,1110,248,0.0,0.0,2.0,2.0,34.7,0.1,0.09090909090909091,0.0,0.0,3.0,2.0,35.1,0.2,0.25,-0.8,0.8,54.0,-1028.0,16.0,13.0,532.0,0.0,-0.07692307692307693,0.0,0.0,0.25,-1.4210854715202005e-15,0.0,-1.6166000000000054,0.38339999999999463,-2.1166000000000054,-1.3299999999999983,-1.0657999999999959,0.05703386830630564,0.8475848040166837
208,202102011208,4,5,6,51,3,5,3,33,0,0,0,1,2,2,3,21,0,1,0,5,0,0,0,0,2,0,0,6,0,0,0,0,0,0,0,0,0.0,0.0,10.0,9.0,34.5,1.1,1.0,0.0,0.0,9.0,8.0,34.8,0.5,1.0,0.0,0.0,6.0,6.0,33.9,0.3,0.7692307692307693,-1.5,0.0,0.0,0.0,0.2222222222222222,3,6,7.0,4.0,1506,1428,199,0.0,0.0,5.0,6.0,33.7,0.8,0.7272727272727273,0.0,0.0,5.0,3.0,34.7,0.1,0.5555555555555556,-1.4,0.2,53.0,-1098.0,16.0,11.0,480.0,0.0,-0.06666666666666667,-0.07692307692307693,-0.09090909090909091,0.2222222222222222,0.06999999999999887,0.0,-1.4166000000000025,-0.6592000000000056,-2.016600000000004,-2.2165999999999997,-1.3299999999999983,0.17055618382220736,0.43999999999999934
209,202102011208,1,1,1,3,3,5,3,33,0,0,0,0,0,0,0,0,0,1,0,5,0,0,0,0,0,0,0,0,0,0,0,0,0,0,0,0,0.0,0.0,10.0,5.0,35.6,0.6,0.9230769230769231,0.0,0.0,20.0,3.0,33.6,1.0,0.75,0.0,0.0,80.0,,,,1.0,-2.0,8.0,0.0,0.14705882352941177,0.4411764705882353,3,5,5.0,2.0,1657,1428,1317,0.0,0.0,50.0,6.0,34.2,0.5,1.0,0.0,0.0,80.0,4.0,35.7,1.1,0.5,0.0,0.25,54.0,36.0,16.0,13.0,460.0,0.0,0.0,0.0,-0.36363636363636365,0.0,-0.09000000000000057,0.0,-0.3166000000000011,-2.316600000000001,,-1.8299999999999983,-0.9831999999999965,0.19060787220559797,0.901041064547005
210,202102011208,1,1,2,40,2,1,2,13,0,1,0,1,1,1,0,2,0,1,0,2,0,1,0,0,0,1,0,0,0,1,0,0,0,1,0,0,0.0,0.0,30.0,20.0,38.1,0.2,0.5555555555555556,0.0,0.0,130.0,130.0,38.1,2.6,0.4117647058823529,0.0,0.0,110.0,160.0,37.6,2.5,0.5,70.0,-3.0,600.0,0.11538461538461539,0.19230769230769232,5,10,75.4,10.0,1090,1362,1169,0.0,0.0,60.0,70.0,36.6,0.9,0.8,0.0,0.0,100.0,90.0,34.6,1.7,0.7333333333333333,8.0,0.0,57.0,-1141.0,16.0,9.0,459.0,-0.3333333333333333,0.23529411764705882,0.1875,-0.2,0.0,0.85,0.0,-0.05379999999999541,1.9342000000000041,2.1407999999999987,0.5700000000000003,-1.316600000000001,0.14504173670642886,1.3190905958272918
211,202102011208,4,8,5,40,7,2,7,58,0,0,1,3,0,3,1,7,2,2,3,20,0,0,0,0,0,2,1,0,1,0,1,3,0,0,0,0,0.0,0.0,8.0,8.0,35.7,0.5,0.5555555555555556,0.0,0.0,6.0,8.0,39.5,1.6,0.18181818181818182,0.0,0.0,5.0,6.0,38.2,0.8,0.42857142857142855,-1.0,-12.0,200.0,0.0625,0.0625,2,3,17.8,6.0,1691,1263,1167,0.0,0.0,10.0,4.0,37.5,1.1,0.6363636363636364,0.0,0.0,6.0,5.0,37.9,0.9,0.6666666666666666,-1.0,0.0,57.0,-734.0,16.0,9.0,478.0,0.2222222222222222,0.0,0.2857142857142857,-0.5454545454545454,-0.3333333333333333,-0.23999999999999916,0.0,0.24080000000000013,1.139400000000002,-1.6244999999999976,0.5587000000000018,0.6946000000000012,0.176413403564431,1.2289833196589766
212,202102011208,4,1,1,7,6,5,3,30,0,0,0,0,0,0,0,0,1,0,0,4,0,0,0,0,0,0,0,0,0,0,0,4,0,0,0,0,0.0,0.0,14.0,12.0,36.1,1.0,0.7857142857142857,0.0,0.0,15.0,13.0,35.3,1.3,0.6,0.0,0.0,15.0,14.0,39.4,2.0,1.0,1.0,-6.0,800.0,1.0,1.0,6,12,82.3,11.0,1310,1558,1618,0.0,0.0,8.0,,,,0.375,0.0,0.0,12.0,9.0,35.0,1.2,0.8333333333333334,-0.8,0.0,52.0,-910.0,16.0,14.0,462.0,-0.07142857142857142,0.0,0.0,0.25,0.0,-0.07999999999999971,0.0,0.005200000000002092,0.14689999999999515,1.488900000000001,,-0.7374000000000009,0.2140003390761719,1.7499999999999998
213,202102011208,7,6,4,56,4,3,3,19,0,0,0,2,3,1,1,13,0,0,2,3,0,0,0,1,2,0,0,4,0,0,0,1,0,0,0,1,0.0,0.0,2.0,2.0,13.3,5.1,0.2,0.0,0.0,9.0,10.0,13.8,4.8,1.0,0.0,0.0,13.0,5.0,35.8,0.7,0.8125,1.5,-2.0,-890.0,0.0,0.15789473684210525,2,4,100.7,12.0,1428,1294,1263,0.0,0.0,2.0,2.0,39.3,0.1,0.5454545454545454,0.0,0.0,5.0,8.0,35.8,0.8,0.6428571428571429,0.4,0.4,57.0,-272.0,16.0,10.0,462.0,0.0,-0.16666666666666666,0.0625,-0.18181818181818182,-0.14285714285714285,-7.05,0.0,,,-0.11660000000000537,-0.24670000000000414,0.34079999999999444,0.2690364750263167,11.543829520570716
214,202102011208,1,2,1,4,0,1,1,4,0,0,0,0,0,1,1,2,0,0,0,1,0,0,0,0,0,0,0,0,0,0,0,0,0,0,0,0,0.0,0.0,6.0,6.0,37.1,1.8,0.3,0.0,0.0,10.0,9.0,34.7,0.7,0.5882352941176471,0.0,0.0,6.0,5.0,34.3,0.7,0.3,-0.5,4.0,0.0,0.0,0.2,4,7,6.9,3.0,1465,460,1328,0.0,0.0,4.0,4.0,34.2,0.4,0.8181818181818182,0.0,0.0,6.0,3.0,35.7,0.0,0.6,-1.1,0.2,50.0,-896.0,16.0,10.0,452.0,0.0,0.0,0.4,-0.18181818181818182,-0.2,0.32999999999999974,0.0,-0.2453000000000003,-1.2165999999999997,-1.6166000000000054,-1.7165999999999997,-0.21659999999999968,0.19837349429371048,1.088117640698836
215,202102011208,2,3,5,16,0,0,0,10,0,0,0,0,0,0,1,2,0,0,0,0,0,0,0,0,0,0,0,0,0,0,0,0,0,0,0,0,0.0,0.0,11.0,16.0,39.0,2.4,0.25,0.0,0.0,9.0,6.0,35.8,1.0,0.7272727272727273,0.0,0.0,7.0,5.0,35.5,0.3,0.6,-5.5,-8.0,200.0,0.08,0.24,1,2,24.4,8.0,1098,1503,1294,0.0,0.0,9.0,10.0,35.7,1.0,0.9285714285714286,0.0,0.0,8.0,9.0,37.1,1.3,0.9375,-1.0,0.0,52.0,-252.0,16.0,16.0,430.0,0.4375,0.09090909090909091,0.1,-0.14285714285714285,-0.125,0.3899999999999991,0.0,3.5407999999999973,-1.5453000000000046,-0.4166000000000025,0.24080000000000013,1.183399999999999,0.2534770098753234,1.316662447250623
216,202102011208,7,5,6,48,0,0,0,0,0,0,0,0,2,1,0,13,0,0,0,0,0,0,0,0,0,1,0,3,0,0,0,0,0,0,0,0,0.0,0.0,5.0,6.0,37.1,1.0,0.9285714285714286,0.0,0.0,13.0,10.0,37.9,1.4,0.4375,0.0,0.0,5.0,15.0,40.4,2.4,0.8125,4.5,0.0,300.0,0.0,0.0,7,13,104.6,13.0,1503,901,1263,0.0,0.0,4.0,6.0,39.8,1.6,0.2727272727272727,0.0,0.0,10.0,3.0,39.1,0.9,0.7692307692307693,-1.0,0.2,54.0,-14.0,16.0,14.0,462.0,-0.21428571428571427,0.0,-0.25,0.09090909090909091,0.07692307692307693,-0.5899999999999999,0.0,-2.2926,1.983399999999996,1.007399999999997,0.25329999999999586,-0.5259,0.24720094072233403,1.2109500402576474
217,202102011208,0,1,1,1,1,5,1,20,0,0,0,0,0,0,0,0,0,0,1,3,0,0,0,0,0,0,0,0,0,0,1,3,0,0,0,0,0.0,0.0,40.0,4.0,40.1,0.7,0.7272727272727273,0.0,0.0,140.0,14.0,40.0,1.4,0.4375,0.0,0.0,140.0,13.0,41.0,4.6,0.8571428571428571,4.5,2.0,400.0,0.0,0.0,4,8,15.1,5.0,1601,1482,239,0.0,0.0,100.0,12.0,40.6,4.3,0.4166666666666667,0.0,0.0,150.0,15.0,38.7,2.4,0.625,2.0,0.0,51.0,-1085.0,16.0,11.0,504.0,-0.36363636363636365,0.0,0.14285714285714285,0.25,0.125,0.21999999999999958,0.0,2.0274,0.37409999999999854,1.9613000000000014,1.454900000000002,-0.9258999999999986,0.1686147186147186,0.7782030583337479
218,202102011208,0,0,1,11,1,5,1,20,0,0,0,0,0,0,1,1,0,0,1,3,0,0,0,0,0,0,0,0,0,0,1,3,0,0,0,0,0.0,0.0,9.0,6.0,38.8,1.3,1.0,0.0,0.0,13.0,11.0,38.6,2.3,0.7692307692307693,0.0,0.0,13.0,15.0,40.7,3.8,0.8,4.5,4.0,300.0,0.0,0.0,1,1,258.4,15.0,1468,1482,1328,0.0,0.0,11.0,8.0,38.2,1.4,0.8181818181818182,0.0,0.0,10.0,7.0,40.7,3.0,0.7,-0.1,0.0,57.0,-1026.0,16.0,9.0,476.0,-0.1111111111111111,0.0,-0.06666666666666667,0.18181818181818182,0.0,-0.3400000000000013,0.0,-0.5926000000000045,-0.6094000000000008,1.3074000000000012,-1.4258999999999986,1.482200000000006,0.0997488165211941,1.0788883167408951
219,202102011208,7,6,4,56,2,1,0,0,2,0,0,0,3,1,1,13,0,0,0,0,0,0,0,0,2,0,0,4,0,0,0,0,0,0,0,0,0.0,0.0,110.0,13.0,41.2,3.4,0.38461538461538464,0.0,0.0,120.0,14.0,38.7,2.7,0.9333333333333333,0.0,0.0,70.0,6.0,41.1,2.7,0.18181818181818182,-3.5,22.0,200.0,0.07142857142857142,0.21428571428571427,7,14,30.8,9.0,1428,533,1263,0.0,0.0,110.0,14.0,37.2,2.3,0.125,0.0,0.0,130.0,12.0,35.6,1.4,0.07692307692307693,-0.2,0.0,52.0,-482.0,16.0,13.0,454.0,-0.07692307692307693,0.0,0.0,0.25,0.0,1.2700000000000002,0.0,1.5741000000000014,0.12240000000000606,1.5533000000000001,1.7408000000000001,0.1407999999999987,0.3144806387819472,2.184124538573751
220,202102011208,3,1,4,12,6,5,3,30,0,0,0,0,0,0,1,3,1,0,0,4,0,0,0,0,0,0,1,0,0,0,0,4,0,0,0,0,0.0,0.0,110.0,8.0,36.9,1.7,0.8181818181818182,0.0,0.0,140.0,13.0,37.4,1.2,0.7857142857142857,0.0,0.0,120.0,10.0,38.0,2.1,0.2857142857142857,1.0,4.0,200.0,0.0,0.0,6,11,349.2,16.0,1222,1558,1328,0.0,0.0,80.0,8.0,38.4,2.7,0.7777777777777778,0.0,0.0,130.0,15.0,38.8,3.0,1.0,0.9,0.0,54.0,14.0,16.0,11.0,454.0,0.18181818181818182,0.21428571428571427,0.14285714285714285,0.1111111111111111,0.0,-0.4799999999999997,0.0,1.4407999999999959,0.7167999999999992,1.0587000000000018,1.4587000000000003,1.3552999999999997,0.23807232387878716,0.6811754546370556
221,202102011208,1,2,0,4,0,0,1,1,0,0,0,0,0,0,0,0,0,0,0,0,0,0,0,0,0,0,0,0,0,0,0,0,0,0,0,0,0.0,0.0,30.0,,,,,0.0,0.0,40.0,4.0,38.5,0.3,0.42857142857142855,0.0,0.0,10.0,9.0,38.3,0.9,0.625,5.0,6.0,300.0,0.1111111111111111,0.3888888888888889,8,16,21.3,7.0,1426,1228,306,0.0,0.0,120.0,3.0,35.2,0.4,0.0625,0.0,0.0,50.0,4.0,36.2,0.6,0.8125,-0.6,0.25,54.0,7.0,16.0,11.0,512.0,,-0.14285714285714285,-0.125,0.0,-0.125,0.9999999999999986,0.0,,-0.07759999999999678,0.16619999999999635,0.12530000000000285,-2.079499999999996,0.2777201966963534,1.39731886124821
222,202102011208,0,0,0,13,0,0,0,3,0,0,0,0,0,0,0,1,0,0,0,0,0,0,0,0,0,0,0,1,0,0,0,0,0,0,0,0,0.0,0.0,14.0,16.0,39.4,3.0,0.125,0.0,0.0,13.0,14.0,38.1,3.3,0.5714285714285714,0.0,0.0,8.0,6.0,35.0,0.6,0.125,-5.0,0.0,0.0,0.0,0.0,8,15,140.7,14.0,1714,712,1167,0.0,0.0,5.0,6.0,40.7,1.9,0.42857142857142855,0.0,0.0,10.0,10.0,39.6,2.2,0.25,-2.0,0.0,53.0,0.0,16.0,16.0,458.0,0.8125,0.42857142857142855,0.125,0.42857142857142855,0.75,-0.3000000000000007,0.0,3.483399999999996,1.1587000000000032,-1.9412999999999982,1.3711000000000055,0.2711000000000041,0.1754731213791178,1.962243613825766
