tree
version=v4
num_class=1
num_tree_per_iteration=1
label_index=0
max_feature_idx=112
objective=regression
feature_names=f_course1 f_course2 f_course3 f_courseout mf_course1 mf_course2 mf_course3 mf_courseout f_mf_course1 f_mf_course2 f_mf_course3 f_mf_courseout f_len1 f_len2 f_len3 f_lenout mf_len1 mf_len2 mf_len3 mf_classout f_mf_len1 f_mf_len2 f_mf_len3 f_mf_classout f_class1 f_class2 f_class3 f_classout mf_class1 mf_class2 mf_class3 mf_classout.1 f_mf_class1 f_mf_class2 f_mf_class3 f_mf_classout.1 time_df_course1 time_df_class1 ninki_1 result_1 agari_1 margin_1 corner_ratio_1 time_df_course2 time_df_class2 ninki_2 result_2 agari_2 margin_2 corner_ratio_2 time_df_course3 time_df_class3 ninki_3 result_3 agari_3 margin_3 corner_ratio_3 rank_trend weight_change dist_change jockey_win_rate jockey_place_rate waku umaban current_odds current_popularity father_cat mother_father_cat paternal_gf_cat time_df_course4 time_df_class4 ninki_4 result_4 agari_4 margin_4 corner_ratio_4 time_df_course5 time_df_class5 ninki_5 result_5 agari_5 margin_5 corner_ratio_5 rank_trend_5 win_rate_recent5 kinryo days_since_last_race n_horses_today n_horses_1 horse_weight_abs_1 corner_chase_1 corner_chase_2 corner_chase_3 corner_chase_4 corner_chase_5 agari_trend_5 time_diff_trend_5 agari_df_course_1 agari_df_course_2 agari_df_course_3 agari_df_course_4 agari_df_course_5 corner_ratio_std5 agari_std5 kinryo_diff_1 same_course_cnt5 same_course_pr5 trainer_win_rate trainer_place_rate same_cond_cnt5 same_cond_pr5 f_ground_delta mf_ground_delta
feature_infos=[0:55] [0:55] [0:59] [0:347] [0:32] [0:35] [0:31] [0:331] [0:6] [0:6] [0:6] [0:25] [0:32] [0:27] [0:32] [0:154] [0:14] [0:16] [0:18] [0:164] [0:4] [0:4] [0:4] [0:11] [0:7] [0:9] [0:11] [0:51] [0:6] [0:7] [0:7] [0:68] [0:4] [0:3] [0:4] [0:7] [-1:0] [-1:0] [-1:180] [-1:160] [-1:74.400000000000006] [-1:38] [-1:1] [-1:0] [-1:0] [-1:180] [-1:180] [-1:55.100000000000001] [-1:32] [-1:1] [-1:0] [-1:0] [-1:180] [-1:180] [-1:90.799999999999997] [-1:59.399999999999999] [-1:1] [-90:90] [-42:68] [-2700:800] [-1:1] [-1:1] [1:8] [1:16] [-1:933.70000000000005] [-1:16] [15:1737] [1:1736] [1:1721] [-1:0] [-1:0] [-1:180] [-1:180] [-1:59.5] [-1:25.5] [-1:1.0666666666666669] [-1:0] [-1:0] [-1:180] [-1:180] [-1:50.200000000000003] [-1:13.699999999999999] [-1:1] [-29:90] [-1:1] [49:60] [-1982:988] [8:16] [-1:18] [-1:630] [-1:0.9285714285714286] [-1:0.9375] [-1:0.9285714285714286] [-1:0.9285714285714286] [-1:0.92307692307692324] [-15.5:18.450000000000003] [-1:0] [-5.4642999999999944:34.774100000000004] [-3.8338000000000041:17.0274] [-4.6259000000000015:53.365900000000003] [-4.2537999999999982:24.393500000000003] [-4.4258999999999986:10.807399999999999] [-1:0.45475847281281229] [-1:20.950665860540092] [-9:8] [0:5] [-1:1] [-1:1] [-1:1] [0:5] [-1:1] [-1:0.66666666666666663] [-1:0.625]
tree_sizes=2424 2543 2541 2534 2532

Tree=0
num_leaves=27
num_cat=0
split_feature=86 110 64 101 27 1 64 86 106 106 64 45 61 75 86 66 86 86 36 7 57 49 64 74 101 61
split_gain=186.88 155.748 244.645 139.906 144.053 73.2429 71.8724 68.4304 66.3543 58.3996 66.1251 131.272 135.085 47.4183 41.1104 45.6419 40.8178 20.9427 19.8665 26.0402 15.556 13.3567 7.97226 7.94697 7.44687 2.81289
threshold=-467.49999999999994 0.90000000000000013 34.250000000000007 -1.8619000000000019 9.5000000000000018 5.5000000000000009 30.250000000000004 -736.49999999999989 0.22500000000000003 0.22500000000000003 51.150000000000013 9.5000000000000018 0.19012745675574358 0.19375000000000003 1.0000000180025095e-35 321.50000000000006 12.500000000000002 1.0000000180025095e-35 -1.0000000180025095e-35 17.500000000000004 0.75000000000000011 0.074175824175824162 526.70000000000016 2.2500000000000004 -0.41195000000000087 0.28607322325915296
decision_type=2 2 2 2 2 2 2 2 2 2 2 2 2 2 2 2 2 2 2 2 2 2 2 2 2 2
left_child=1 3 20 4 6 8 -1 -7 -5 14 17 12 -12 -13 18 -16 -17 21 19 -2 25 -11 -20 -19 -22 -3
right_child=9 2 -4 5 -6 7 -8 -9 -10 10 11 13 -14 -15 15 16 -18 23 22 -21 24 -23 -24 -25 -26 -27
leaf_value=0.24294284130181609 0.24628833798219807 0.2436185214095265 0.29282988300374052 0.23890021870214972 0.2875827462993602 0.25052290690956985 0.25505271949087011 0.23996019509993813 0.245722667299486 0.24818297994260671 0.25096465614743579 0.25283726778557436 0.2987891954932555 0.23697885414974382 0.25906215804041621 0.25797052308519192 0.23845556175300309 0.23720185586748813 0.23585626442524782 0.23597930815599949 0.25931691622559783 0.24037623030760824 0.24079573872070772 0.24397359513922454 0.24613648837757224 0.23681277860203184
leaf_weight=412 122 35 41 4184 25 349 202 330 435 66 51 72 24 188 31 30 1916 1076 4387 152 24 733 92 50 24 32
leaf_count=412 122 35 41 4184 25 349 202 330 435 66 51 72 24 188 31 30 1916 1076 4387 152 24 733 92 50 24 32
internal_value=0.239362 0.24161 0.258005 0.241179 0.248528 0.240292 0.24693 0.245391 0.239543 0.237839 0.240151 0.246968 0.266333 0.241371 0.237062 0.239077 0.238758 0.238965 0.236224 0.240568 0.24555 0.241023 0.235958 0.237503 0.252766 0.240359
internal_weight=0 6093 156 5937 639 5298 614 679 4619 8990 2260 335 75 260 6730 1977 1946 1925 4753 274 115 799 4479 1126 48 67
internal_count=15083 6093 156 5937 639 5298 614 679 4619 8990 2260 335 75 260 6730 1977 1946 1925 4753 274 115 799 4479 1126 48 67
is_linear=0
shrinkage=1


Tree=1
num_leaves=27
num_cat=0
split_feature=86 110 64 101 27 1 64 86 106 106 64 45 61 75 86 66 86 86 49 36 19 57 40 64 101 61
split_gain=180.72 150.629 236.591 135.298 139.322 70.8285 69.5029 66.1969 64.1665 56.4763 63.9509 126.959 130.647 45.8565 39.7555 44.1411 39.4758 20.3428 20.1177 19.2114 25.2477 15.0456 11.9725 7.70969 7.20123 2.72046
threshold=-467.49999999999994 0.90000000000000013 34.250000000000007 -1.8619000000000019 9.5000000000000018 5.5000000000000009 30.250000000000004 -874.49999999999989 0.22500000000000003 0.22500000000000003 51.150000000000013 9.5000000000000018 0.19012745675574358 0.19375000000000003 1.0000000180025095e-35 321.50000000000006 12.500000000000002 -175.49999999999997 0.074175824175824162 -1.0000000180025095e-35 5.5000000000000009 0.75000000000000011 38.650000000000013 526.70000000000016 -0.41195000000000087 0.28607322325915296
decision_type=2 2 2 2 2 2 2 2 2 2 2 2 2 2 2 2 2 2 2 2 2 2 2 2 2 2
left_child=1 3 21 4 6 8 -1 -7 -5 14 17 12 -12 -13 19 -16 -17 18 -11 20 -2 25 -19 -21 -23 -3
right_child=9 2 -4 5 -6 7 -8 -9 -10 10 11 13 -14 -15 15 16 -18 22 -20 23 -22 24 -24 -25 -26 -27
leaf_value=0.0035211233320007699 0.0071636734083503385 0.0041857462932453687 0.052580720876509626 -0.00045429588942431215 0.047421807021844738 0.013110124489230985 0.015429757014223668 0.0021735191000880299 0.006254737788107625 0.014707221158902949 0.011409901544731827 0.013251313492863265 0.058442780813195032 -0.0023437335590769863 0.019373405987232584 0.018299897388606465 -0.00089156017580246146 -0.0019133841671378098 0.0017215758527557676 -0.0034476390006179416 -0.0030713778877628061 0.019624234614905613 0.002275224609037028 0.0014097319184949908 0.0066620981858999334 -0.0025071529212114581
leaf_weight=412 114 35 41 4184 25 233 202 446 435 36 51 72 24 188 31 30 1916 1282 386 4387 160 24 221 92 24 32
leaf_count=412 114 35 41 4184 25 233 202 446 435 36 51 72 24 188 31 30 1916 1282 386 4387 160 24 221 92 24 32
internal_value=0 0.00221078 0.0183342 0.00178673 0.00901373 0.000914805 0.00744177 0.00592868 0.000177512 -0.0014983 0.000775642 0.00747937 0.0265237 0.00197568 -0.00226201 -0.000280154 -0.000594494 -0.000390958 0.00283393 -0.0030862 0.00118567 0.00608572 -0.00129696 -0.0033477 0.0131824 0.000980556
internal_weight=0 6093 156 5937 639 5298 614 679 4619 8990 2260 335 75 260 6730 1977 1946 1925 422 4753 274 115 1503 4479 48 67
internal_count=15083 6093 156 5937 639 5298 614 679 4619 8990 2260 335 75 260 6730 1977 1946 1925 422 4753 274 115 1503 4479 48 67
is_linear=0
shrinkage=0.0166272


Tree=2
num_leaves=27
num_cat=0
split_feature=86 110 64 101 64 66 1 48 106 106 64 95 79 86 66 86 65 86 36 7 64 49 74 64 107 98
split_gain=174.762 145.678 228.803 130.842 135.883 327.857 68.4939 64.956 62.0509 54.6165 61.8481 123.242 79.0552 38.4453 42.6896 38.1779 34.7804 19.714 18.578 24.4851 14.5922 12.5323 7.67965 7.45578 6.64356 3.90579
threshold=-467.49999999999994 0.90000000000000013 34.250000000000007 -1.8619000000000019 78.450000000000017 1220.5000000000002 5.5000000000000009 5.9500000000000011 0.22500000000000003 0.22500000000000003 51.150000000000013 -0.70999999999999897 10.500000000000002 1.0000000180025095e-35 321.50000000000006 12.500000000000002 7.5000000000000009 1.0000000180025095e-35 -1.0000000180025095e-35 17.500000000000004 8.0500000000000025 0.074175824175824162 2.2500000000000004 526.70000000000016 0.069848755895267511 -0.4384000000000014
decision_type=2 2 2 2 2 2 2 2 2 2 2 2 2 2 2 2 2 2 2 2 2 2 2 2 2 2
left_child=1 3 20 4 16 -6 8 -8 -5 13 17 -12 -13 18 -15 -16 -1 21 19 -2 25 -11 -19 -20 -22 -3
right_child=9 2 -4 6 5 -7 7 -9 -10 10 11 12 -14 14 15 -17 -18 22 23 -21 24 -23 -24 -25 -26 -27
leaf_value=0.0029968470384915376 0.0067129577331744312 0.0047970664503996169 0.051708466176027347 -0.00044674246226891501 0.070463326839032989 0.0053236011958678192 0.0047402706163427307 0.030141633765375892 0.0061507617548958969 0.0085482001207680697 0.04358654527247393 0.00065372684813332267 0.022612999409149463 0.019052262932832024 0.017996579888017492 -0.00087673669076316827 0.012353641949090475 -0.002098565671423541 -0.0033903157927309287 -0.0032834708350448828 0.019163188700063935 0.00098614270633208328 0.0045582823399165223 0.0013863160946500528 0.0067070835869057002 -0.0032244288162381501
leaf_weight=390 122 35 41 4184 32 64 650 29 435 66 24 256 55 31 30 1916 153 1076 4387 152 24 733 50 92 24 32
leaf_count=390 122 35 41 4184 32 64 650 29 435 66 24 256 55 31 30 1916 153 1076 4387 152 24 733 50 92 24 32
internal_value=0 0.00217408 0.0180303 0.00175705 0.00886406 0.0270916 0.000899603 0.00583016 0.00017456 -0.00147336 0.000762827 0.00735542 0.00454496 -0.00222439 -0.000275455 -0.00058459 0.00563617 -0.000384427 -0.00303489 0.00116594 0.00598501 0.00161253 -0.00180204 -0.00329203 0.0129739 0.000957206
internal_weight=0 6093 156 5937 639 96 5298 679 4619 8990 2260 335 311 6730 1977 1946 543 1925 4753 274 115 799 1126 4479 48 67
internal_count=15083 6093 156 5937 639 96 5298 679 4619 8990 2260 335 311 6730 1977 1946 543 1925 4753 274 115 799 1126 4479 48 67
is_linear=0
shrinkage=0.0166272


Tree=3
num_leaves=27
num_cat=0
split_feature=86 110 64 101 27 1 64 86 106 106 64 45 85 75 86 66 86 86 49 36 7 57 40 64 101 61
split_gain=169.003 140.889 221.271 126.536 134.112 66.2373 64.5132 64.4461 60.005 52.8177 59.814 121.855 125.927 44.1888 37.1783 41.2859 36.9226 19.2589 19.0757 17.9654 23.7948 14.4374 11.4695 7.21023 6.97171 2.55754
threshold=-467.49999999999994 0.90000000000000013 34.250000000000007 -1.8619000000000019 9.5000000000000018 5.5000000000000009 30.250000000000004 -736.49999999999989 0.22500000000000003 0.22500000000000003 51.150000000000013 9.5000000000000018 54.500000000000007 0.19375000000000003 1.0000000180025095e-35 321.50000000000006 12.500000000000002 -175.49999999999997 0.074175824175824162 -1.0000000180025095e-35 8.5000000000000018 0.75000000000000011 38.650000000000013 526.70000000000016 -0.41195000000000087 0.28607322325915296
decision_type=2 2 2 2 2 2 2 2 2 2 2 2 2 2 2 2 2 2 2 2 2 2 2 2 2 2
left_child=1 3 21 4 6 8 -1 -7 -5 14 17 12 -12 -13 19 -16 -17 18 -11 20 -2 25 -19 -21 -23 -3
right_child=9 2 -4 5 -6 7 -8 -9 -10 10 11 13 -14 -15 15 16 -18 22 -20 23 -22 24 -24 -25 -26 -27
leaf_value=0.0033972941996677913 0.0079794099605921074 0.0039931972638727001 0.050850682091322395 -0.00043931463684215649 0.046399866801716337 0.01071348729251102 0.014870616190859885 0.0004628993345809611 0.0060485143378970563 0.014321564039397707 0.056294216925903216 0.012910361356475074 0.010599000870290046 -0.0023985072119003747 0.018736442800839293 0.017698289339040964 -0.00086215968509946092 -0.0018628972288214456 0.0016765651114926 -0.0033339457142406133 -0.0023630825162623569 0.019175682545359157 0.0022367702146318478 0.001363289258517991 0.0064225259542548888 -0.0024963576498008271
leaf_weight=412 93 35 41 4184 25 349 202 330 435 36 25 72 50 188 31 30 1916 1282 386 4387 181 24 221 92 24 32
leaf_count=412 93 35 41 4184 25 349 202 330 435 36 25 72 50 188 31 30 1916 1282 386 4387 181 24 221 92 24 32
internal_value=0 0.002138 0.0177314 0.00172788 0.00871695 0.000884659 0.00717466 0.00573331 0.000171657 -0.00144883 0.000750217 0.0072335 0.0258911 0.00184157 -0.00218739 -0.000270835 -0.00057485 -0.000378009 0.00275978 -0.00298442 0.00114653 0.00588596 -0.00125956 -0.00323729 0.0128376 0.000885005
internal_weight=0 6093 156 5937 639 5298 614 679 4619 8990 2260 335 75 260 6730 1977 1946 1925 422 4753 274 115 1503 4479 48 67
internal_count=15083 6093 156 5937 639 5298 614 679 4619 8990 2260 335 75 260 6730 1977 1946 1925 422 4753 274 115 1503 4479 48 67
is_linear=0
shrinkage=0.0166272


Tree=4
num_leaves=27
num_cat=0
split_feature=86 101 64 110 97 1 48 106 64 95 79 65 40 106 109 103 54 108 38 66 86 49 58 48 40 86
split_gain=163.706 109.593 151.578 98.0244 168.791 87.2922 66.7256 66.2957 76.2042 190.225 100.486 62.5625 109.94 52.28 28.9852 40.0902 63.6739 28.0621 49.2277 43.5235 27.0818 22.1061 19.0853 15.557 11.1654 5.57084
threshold=-573.49999999999989 -1.8619000000000019 105.75000000000001 0.90000000000000013 2.9214500000000041 5.5000000000000009 5.9500000000000011 0.22500000000000003 50.45000000000001 -0.79499999999999915 10.500000000000002 7.5000000000000009 37.350000000000001 0.29166666666666669 1.0000000180025095e-35 9.8875655599547567 37.750000000000007 0.27798663324979117 85.000000000000014 294.50000000000006 -175.49999999999997 0.074175824175824162 -1.4999999999999998 2.4500000000000006 38.650000000000013 12.500000000000002
decision_type=2 2 2 2 2 2 2 2 2 2 2 2 2 2 2 2 2 2 2 2 2 2 2 2 2 2
left_child=1 2 11 5 22 13 -7 14 20 -10 -11 23 -13 -3 17 25 -17 19 -19 -2 21 -9 -5 -1 -22 -16
right_child=7 3 -4 4 -6 6 -8 8 9 10 -12 12 -14 -15 15 16 -18 18 -20 -21 24 -23 -24 -25 -26 -27
leaf_value=0.0012150393344646023 0.020506861323999238 -0.00025339113272780965 0.038928560978329238 0.017532368205981023 0.056186893665580072 0.0061548094634252684 0.033425559900234596 0.014439731871385655 0.053278663966143121 0.00059464866233317184 0.023245091815120515 0.039711849875645369 0.0076521833150332745 0.0067416534412513352 -0.0035487868187858555 -0.0038841939667459574 0.0305972107491113 0.00018004813648501237 0.012527525099139541 -0.0019234318707702473 -0.0018255390242139823 0.0021287183784980128 -0.00016719506666691098 0.0097199025093746578 0.002228163426668245 -0.0013801091495575961
leaf_weight=287 24 3561 44 25 24 510 26 44 24 281 67 39 122 322 3133 36 25 764 101 3157 1278 476 51 75 220 367
leaf_count=287 24 3561 44 25 24 510 26 44 24 281 67 39 122 322 3133 36 25 764 101 3157 1278 476 51 75 220 367
internal_value=0 0.00242872 0.00931885 0.00156389 0.0178355 0.00119516 0.00748451 -0.00123538 0.00118006 0.00809416 0.00496249 0.00681996 0.015441 0.000326662 -0.00199437 -0.00308847 0.0102626 -0.00103121 0.00162373 -0.00175339 -9.4492e-05 0.00317409 0.00566118 0.00298095 -0.00122967 -0.00332161
internal_weight=0 5086 567 4519 100 4419 536 9997 2390 372 348 523 161 3883 7607 3561 61 4046 865 3181 2018 520 76 362 1498 3500
internal_count=15083 5086 567 4519 100 4419 536 9997 2390 372 348 523 161 3883 7607 3561 61 4046 865 3181 2018 520 76 362 1498 3500
is_linear=0
shrinkage=0.0166272


end of trees

feature_importances:
days_since_last_race=22
current_odds=19
same_course_pr5=10
agari_df_course_5=8
father_cat=6
f_course2=5
corner_ratio_2=5
jockey_place_rate=5
same_cond_pr5=5
time_df_course1=4
agari_1=4
mf_courseout=3
f_classout=3
ninki_2=3
margin_2=3
rank_trend=3
corner_ratio_4=3
current_popularity=2
margin_4=2
result_5=2
agari_trend_5=2
mf_classout=1
ninki_1=1
agari_3=1
weight_change=1
kinryo=1
agari_df_course_1=1
agari_df_course_2=1
agari_std5=1
trainer_win_rate=1
trainer_place_rate=1
same_cond_cnt5=1

parameters:
[boosting: gbdt]
[objective: regression]
[metric: l2]
[tree_learner: serial]
[device_type: cpu]
[data_sample_strategy: bagging]
[data: ]
[valid: ]
[num_iterations: 107]
[learning_rate: 0.0166272]
[num_leaves: 32]
[num_threads: 0]
[seed: 0]
[deterministic: 0]
[force_col_wise: 1]
[force_row_wise: 0]
[histogram_pool_size: -1]
[max_depth: 5]
[min_data_in_leaf: 24]
[min_sum_hessian_in_leaf: 0.001]
[bagging_fraction: 1]
[pos_bagging_fraction: 1]
[neg_bagging_fraction: 1]
[bagging_freq: 0]
[bagging_seed: 3]
[feature_fraction: 1]
[feature_fraction_bynode: 1]
[feature_fraction_seed: 2]
[extra_trees: 0]
[extra_seed: 6]
[early_stopping_round: 0]
[first_metric_only: 0]
[max_delta_step: 0]
[lambda_l1: 0.0385558]
[lambda_l2: 0.0947357]
[linear_lambda: 0]
[min_gain_to_split: 0]
[drop_rate: 0.1]
[max_drop: 50]
[skip_drop: 0.5]
[xgboost_dart_mode: 0]
[uniform_drop: 0]
[drop_seed: 4]
[top_rate: 0.2]
[other_rate: 0.1]
[min_data_per_group: 100]
[max_cat_threshold: 32]
[cat_l2: 10]
[cat_smooth: 10]
[max_cat_to_onehot: 4]
[top_k: 20]
[monotone_constraints: ]
[monotone_constraints_method: basic]
[monotone_penalty: 0]
[feature_contri: ]
[forcedsplits_filename: ]
[refit_decay_rate: 0.9]
[cegb_tradeoff: 1]
[cegb_penalty_split: 0]
[cegb_penalty_feature_lazy: ]
[cegb_penalty_feature_coupled: ]
[path_smooth: 0]
[interaction_constraints: ]
[verbosity: -1]
[saved_feature_importance_type: 0]
[use_quantized_grad: 0]
[num_grad_quant_bins: 4]
[quant_train_renew_leaf: 0]
[stochastic_rounding: 1]
[linear_tree: 0]
[max_bin: 255]
[max_bin_by_feature: ]
[min_data_in_bin: 3]
[bin_construct_sample_cnt: 200000]
[data_random_seed: 1]
[is_enable_sparse: 1]
[enable_bundle: 1]
[use_missing: 1]
[zero_as_missing: 0]
[feature_pre_filter: 1]
[pre_partition: 0]
[two_round: 0]
[header: 0]
[label_column: ]
[weight_column: ]
[group_column: ]
[ignore_column: ]
[categorical_feature: ]
[forcedbins_filename: ]
[precise_float_parser: 0]
[parser_config_file: ]
[objective_seed: 5]
[num_class: 1]
[is_unbalance: 0]
[scale_pos_weight: 1]
[sigmoid: 1]
[boost_from_average: 1]
[reg_sqrt: 0]
[alpha: 0.9]
[fair_c: 1]
[poisson_max_delta_step: 0.7]
[tweedie_variance_power: 1.5]
[lambdarank_truncation_level: 30]
[lambdarank_norm: 1]
[label_gain: ]
[lambdarank_position_bias_regularization: 0]
[eval_at: ]
[multi_error_top_k: 1]
[auc_mu_weights: ]
[num_machines: 1]
[local_listen_port: 12400]
[time_out: 120]
[machine_list_filename: ]
[machines: ]
[gpu_platform_id: -1]
[gpu_device_id: -1]
[gpu_use_dp: 0]
[num_gpu: 1]

end of parameters

pandas_categorical:[]
