tree
version=v4
num_class=1
num_tree_per_iteration=1
label_index=0
max_feature_idx=49
objective=lambdarank
feature_names=f_course1 f_course2 f_course3 f_courseout mf_course1 mf_course2 mf_course3 mf_courseout f_mf_course1 f_mf_course2 f_mf_course3 f_mf_courseout f_len1 f_len2 f_len3 f_lenout mf_len1 mf_len2 mf_len3 mf_classout f_mf_len1 f_mf_len2 f_mf_len3 f_mf_classout f_class1 f_class2 f_class3 f_classout mf_class1 mf_class2 mf_class3 mf_classout.1 f_mf_class1 f_mf_class2 f_mf_class3 f_mf_classout.1 time_df_course1 time_df_class1 ninki_1 result_1 time_df_course2 time_df_class2 ninki_2 result_2 time_df_course3 time_df_class3 ninki_3 result_3 waku umaban
feature_infos=[0:55] [0:55] [0:59] [0:347] [0:34] [0:39] [0:41] [0:384] [0:4] [0:6] [0:4] [0:17] [0:5] [0:7] [0:6] [0:43] [0:5] [0:5] [0:5] [0:36] [0:2] [0:3] [0:2] [0:6] [0:3] [0:4] [0:3] [0:15] [0:2] [0:2] [0:3] [0:18] none none [0:1] [0:4] [-1:0] [-1:0] [-1:160] [-1:150] [-1:0] [-1:0] [-1:180] [-1:160] [-1:0] [-1:0] [-1:180] [-1:150] [1:8] [1:16]
tree_sizes=3961 4421 4461 3541 4463

Tree=0
num_leaves=37
num_cat=0
split_feature=39 43 42 46 38 27 16 38 48 47 47 0 15 3 3 15 46 39 49 27 38 27 11 0 42 48 46 49 47 3 6 19 43 7 39 47
split_gain=40.3263 28.6451 13.5926 13.4536 11.9238 6.72115 6.59693 5.64009 5.33744 4.6986 4.29048 10.6533 4.9059 4.61766 10.5386 7.78503 4.87472 5.53142 4.70656 4.21741 4.17587 4.10146 3.9457 3.9743 4.48061 5.12518 3.71329 2.44469 1.89919 1.89348 1.40153 1.79594 0.756801 0.746543 0.148898 0.0471773
threshold=3.5000000000000004 11.500000000000002 85.000000000000014 45.000000000000007 9.5000000000000018 8.5000000000000018 1.0000000180025095e-35 2.5000000000000004 7.5000000000000009 13.500000000000002 13.500000000000002 2.5000000000000004 4.5000000000000009 21.500000000000004 72.500000000000014 10.500000000000002 12.500000000000002 7.5000000000000009 5.5000000000000009 1.0000000180025095e-35 65.000000000000014 1.0000000180025095e-35 1.5000000000000002 8.5000000000000018 10.500000000000002 7.5000000000000009 75.000000000000014 15.500000000000002 5.5000000000000009 1.5000000000000002 3.5000000000000004 1.0000000180025095e-35 14.500000000000002 60.500000000000007 6.5000000000000009 4.5000000000000009
decision_type=2 2 2 2 2 2 2 2 2 2 2 2 2 2 2 2 2 2 2 2 2 2 2 2 2 2 2 2 2 2 2 2 2 2 2 2
left_child=1 4 7 8 22 27 -3 28 20 -8 13 34 -13 16 19 -16 17 -9 -18 -15 -4 26 23 24 29 -26 30 -5 -2 -1 31 -6 -14 -23 -12 -32
right_child=2 6 3 5 21 -7 9 10 -10 -11 11 12 32 14 15 -17 18 -19 -20 -21 -22 33 -24 -25 25 -27 -28 -29 -30 -31 35 -33 -34 -35 -36 -37
leaf_value=0.089645758129915612 0 -0.14453655152641623 0.054653603544980299 -0.1516853474211457 0.044462813919775315 0.079852031817711194 -0.099143580918118299 -0.081791388542445193 0.13065633912454125 0.11108833435341645 -0.068990335326966287 0.086180040394684271 -0.12871087860876743 -0.13142213273704187 0.069901741682403151 -0.044461365904761428 -0.036244082286931024 0.013145218033226708 0.066029430275424794 -0.04068309745211425 -0.11911437927214033 0.14376489229381231 -0.10141972050085926 0.12020044951064228 -0.15014295948673406 0.068537908512439905 -0.027800421502459573 -0.034145492118778806 -0.13222316162643363 0.011625836114376899 0.0044523735143537071 0.12572488760584583 -0.0037179251937938876 0.088518277771316961 -0.15409796193138922 0.043156058632355832
leaf_weight=3.7590287141501957 1.0570507645606984 5.5352026671171171 1.7483003810048132 14.447545062750581 3.5810854509472865 0.97016002982854743 1.4097889587283134 5.9259654320776489 2.0855038575828075 1.5957301668822765 0.96771855652332117 3.4421704038977623 1.0625056363642214 5.9338406138122108 10.084779702126982 7.3672055602073661 3.839763060212138 17.07173765823245 16.578259874135256 12.087552070617674 2.0861542746424675 15.633047610521318 1.642854556441306 3.1729862764477721 2.1530951820313922 1.0742609389126303 2.1006326526403418 1.807720601558686 3.8068128600716591 6.9934670589864254 1.5994666144251817 7.9287371300160885 0.91359827667474736 4.1038367189466944 4.6092254556715488 1.2972200810909269
leaf_count=22 14 88 14 231 29 5 22 85 6 7 13 17 17 94 64 90 47 155 108 146 31 51 26 13 36 7 24 20 60 67 17 33 11 25 71 11
internal_value=0 0.0546791 -0.0294957 -0.0881203 0.0773573 -0.12627 -0.0894511 -0.0149905 0.0204502 0.00753073 -0.0099502 -0.0598007 0.0229184 -0.00278983 -0.0257443 0.0207732 0.0156253 -0.0107488 0.0460346 -0.0715786 -0.0362164 0.106005 0.0212282 0.0340218 0.0131522 -0.072793 0.0723745 -0.139632 -0.104372 0.040485 0.0880509 0.101943 -0.0794103 0.133205 -0.142501 0.0272004
internal_weight=0 63.5804 117.894 23.1454 55.0397 17.2254 8.54072 94.7482 5.91996 3.00552 89.8843 10.9952 5.41827 78.8891 35.4734 17.452 43.4157 22.9977 20.418 18.0214 3.83445 36.244 18.7957 17.1528 13.9799 3.22736 16.5071 16.2553 4.86386 10.7525 14.4065 11.5098 1.9761 19.7369 5.57694 2.89669
internal_count=1777 478 1299 307 361 256 117 992 51 29 918 129 45 789 394 154 395 240 155 240 45 190 171 145 132 43 114 251 74 89 90 62 28 76 84 28
is_linear=0
shrinkage=0.0852085


Tree=1
num_leaves=42
num_cat=0
split_feature=39 43 42 46 42 47 3 46 20 7 15 2 49 7 3 15 39 19 7 12 39 3 0 5 3 19 46 46 43 43 48 46 46 46 48 42 38 47 31 42 1
split_gain=40.8005 29.4578 13.8191 12.3701 12.6227 10.8304 10.2353 11.2083 8.96708 8.66838 8.32179 11.2806 11.7374 11.1297 14.8362 10.9375 6.33138 17.4663 8.83641 6.42388 6.11471 5.12809 5.05929 4.91581 4.90105 4.81371 4.54837 4.83327 5.04283 4.47503 3.10709 2.64174 3.00757 2.56123 2.764 5.01819 2.58281 2.2177 2.071 1.40517 1.13948
threshold=4.5000000000000009 5.5000000000000009 25.000000000000004 45.000000000000007 25.000000000000004 14.500000000000002 5.5000000000000009 115.00000000000001 1.0000000180025095e-35 54.500000000000007 10.500000000000002 9.5000000000000018 13.500000000000002 9.5000000000000018 17.500000000000004 6.5000000000000009 1.5000000000000002 1.5000000000000002 21.500000000000004 1.5000000000000002 13.500000000000002 9.5000000000000018 1.5000000000000002 1.0000000180025095e-35 49.500000000000007 9.5000000000000018 3.5000000000000004 12.500000000000002 9.5000000000000018 8.5000000000000018 1.5000000000000002 55.000000000000007 25.000000000000004 65.000000000000014 2.5000000000000004 75.000000000000014 45.000000000000007 10.500000000000002 1.0000000180025095e-35 55.000000000000007 2.5000000000000004
decision_type=2 2 2 2 2 2 2 2 2 2 2 2 2 2 2 2 2 2 2 2 2 2 2 2 2 2 2 2 2 2 2 2 2 2 2 2 2 2 2 2 2
left_child=1 16 5 10 -5 26 -4 9 33 39 11 12 15 22 -15 20 17 23 21 25 -2 38 -14 -1 -23 -19 -3 -28 -29 -13 -12 32 40 36 35 -35 -6 -36 -18 -8 -20
right_child=3 2 6 4 8 -7 7 -9 -10 -11 30 29 13 14 -16 -17 18 19 31 -21 -22 24 -24 -25 -26 -27 27 28 -30 -31 -32 -33 -34 34 37 -37 -38 -39 -40 -41 -42
leaf_value=0.020392045474206987 -0.013959305170804882 0.01630638151000207 -0.08792758695652643 0.10366839250472937 0.020338104518433486 0.064709226213258253 0.13954866694858084 -0.088130177603244389 0.077872923936084248 -0.015395219437633171 0 0 0.026671339547714772 -0.15465798067494413 0.049065448683449413 -0.13255619797715038 0.03697203087634808 -0.13485611443045376 0.054729212868939302 0.060823707344653595 -0.080308971339471222 -0.060630710659551931 0.13513415687895419 0.12083336003041489 0.046625737405396127 -0.0082614856755781653 -0.13933076903052205 0 -0.1395073343764438 0.10110295910146594 -0.10847767126046284 0.054394394427116306 0.14220996129022129 0.056432812147162781 -0.15048722961126582 -0.10965580724128295 -0.087192733382755863 -0.086387272337911936 0.11542699762660011 0.078370366242903708 0.10553623546453386
leaf_weight=5.9308637008071008 76.90716246701777 2.5047441273927751 4.8906545303761986 2.6753387562930575 2.4185341186821452 3.9570963457226744 6.2413922995328965 3.7049837764352551 2.1637318376451722 5.7964329961687318 2.2766485065221778 4.5887428708374491 6.1959375180304068 4.1767085976898652 6.5962349139153957 7.2067955043166867 5.932767294347288 5.3982638865709287 7.123026758432391 2.8585759587585917 11.785083057358859 5.7698189392685872 7.2728411629796028 10.555331535637377 6.5550559349358082 4.0975047647953033 10.703848678618671 5.445922337472437 2.8734690230339766 8.5847550109028798 9.0009315125644189 8.3785288296639902 15.034124381840227 1.8842163123190427 11.708189811557533 3.7043771371245384 3.9051278606057167 8.5201744195073825 5.3850483000278473 8.7535116989165527 10.718330651521681
leaf_count=21 430 12 38 6 13 18 11 26 10 26 16 17 27 36 33 55 23 32 21 9 88 19 15 17 13 23 113 23 40 20 91 27 20 11 109 58 42 113 6 29 20
internal_value=0 0.0331046 -0.0162572 -0.0270959 -0.0711678 -0.062296 0.0231839 0.0460681 -0.0853272 0.0708051 -0.0157069 -0.0096239 -0.0179344 0.0347117 -0.0287627 -0.0314063 0.0621556 0.0280658 0.0770521 -0.0476854 -0.0229715 0.0344798 0.0865389 0.0857221 -0.00239931 -0.0820238 -0.0864009 -0.100717 -0.0488814 0.0648846 -0.0860488 0.101039 0.112404 -0.0968496 -0.109186 -0.0509861 -0.0438144 -0.124415 0.075852 0.105086 0.086231
internal_weight=0 148.609 54.8721 181.572 36.9797 25.4851 29.387 24.4963 34.3044 20.7913 144.592 133.314 120.141 24.2417 10.7729 95.899 93.7372 28.8405 64.8967 12.3543 88.6922 23.6427 13.4688 16.4862 12.3249 9.49577 21.528 19.0232 8.31939 13.1735 11.2776 41.254 32.8755 32.1406 25.817 5.58859 6.32366 20.2284 11.3178 14.9949 17.8414
internal_count=1777 587 336 1190 362 206 130 92 356 66 828 721 684 111 69 573 251 102 149 64 518 61 42 38 32 55 188 176 63 37 107 88 61 346 291 69 55 222 29 40 41
is_linear=0
shrinkage=0.0852085


Tree=2
num_leaves=42
num_cat=0
split_feature=39 43 46 27 3 13 43 1 39 3 19 18 3 3 38 15 5 1 42 39 38 16 7 31 18 47 0 38 7 2 15 42 1 5 3 15 47 7 38 42 38
split_gain=26.762 13.2331 6.86041 6.01168 9.6155 13.8494 6.28552 7.53416 5.79512 16.5078 6.57896 5.5561 7.25801 13.9015 6.72967 6.6974 6.60422 8.54118 7.65369 5.9703 8.59279 5.59652 5.4454 4.87474 4.70686 6.1313 4.64992 4.32041 6.28837 4.26068 4.14484 4.09111 3.80563 3.74755 3.73635 3.71014 3.60453 6.58905 3.73783 3.32977 1.34868
threshold=4.5000000000000009 11.500000000000002 125.00000000000001 1.0000000180025095e-35 60.500000000000007 3.5000000000000004 5.5000000000000009 1.0000000180025095e-35 2.5000000000000004 1.5000000000000002 5.5000000000000009 1.0000000180025095e-35 4.5000000000000009 72.500000000000014 65.000000000000014 10.500000000000002 1.5000000000000002 1.0000000180025095e-35 19.000000000000004 13.500000000000002 9.5000000000000018 1.5000000000000002 25.500000000000004 1.0000000180025095e-35 1.5000000000000002 1.5000000000000002 4.5000000000000009 7.5000000000000009 58.500000000000007 4.5000000000000009 11.500000000000002 25.000000000000004 8.5000000000000018 1.0000000180025095e-35 11.500000000000002 17.500000000000004 9.5000000000000018 220.50000000000003 115.00000000000001 19.000000000000004 155.00000000000003
decision_type=2 2 2 2 2 2 2 2 2 2 2 2 2 2 2 2 2 2 2 2 2 2 2 2 2 2 2 2 2 2 2 2 2 2 2 2 2 2 2 2 2
left_child=1 3 11 6 27 32 8 -8 9 -1 -11 12 16 14 26 33 17 18 -2 20 21 -13 -10 -18 25 -3 -14 29 -29 34 -27 -9 -6 -15 -5 -17 37 -22 -38 -25 -4
right_child=2 24 40 4 5 -7 7 31 22 10 -12 19 13 15 -16 35 23 -19 -20 -21 36 -23 -24 39 -26 30 -28 28 -30 -31 -32 -33 -34 -35 -36 -37 38 -39 -40 -41 -42
leaf_value=0.082635216187438409 -0.065729791251692024 0.079597800424557705 -0.12413386016841384 0.052219791602139493 -0.12042392776926933 0.10100832669984802 -0.10287040424504741 -0.059704090150806022 0.0077536552439003061 -0.1041999857181552 0.010553926246418304 -0.13963187946654698 -0.024420468401543733 0.09914065710620143 -0.11427696266999697 -0.11491293785308948 0.12050596642768216 0.097580115597608069 0.034386494556877083 -0.13730457159310794 -0.075869894791497208 0 0.10445434789211124 -0.065076121824844083 0.045084353378403282 -0.12827595772402292 -0.11154690197622869 0.1148672431963757 0.024443570481292979 0.095557969839184909 0.016440981835886815 0.064759237353030616 -0.012280131847000579 0.018298674174284019 -0.077942411464452091 0.01277903555332593 0 0.044074319231011738 0.11423057250038195 0.078227706361658947 -0.0029087900967638951
leaf_weight=11.643340863287451 13.567039970308548 1.4417945891618718 5.6660493575036517 2.9485930912196618 4.2842002324759978 6.3057207800447932 6.0511595942080012 2.8070937879383546 7.0575159005820778 8.1143295727670175 6.136527929455041 7.22929674759507 42.301431771367788 8.1376363262534195 9.3796179071068746 2.9382400661706916 6.7626984510570747 5.0198881030082694 9.119306951761244 4.7872791886329642 9.107207268476488 3.0531801469624043 12.038034778088329 2.3034040313214064 2.7349561043083659 7.7712424248456937 5.1112774927169076 24.747038224712014 7.8180201537907115 4.1133310869336128 1.5347138121724127 5.4964149259030819 6.0271485410630703 9.6671114899218065 3.3025451637804508 3.3007867075502872 6.0861293487250787 5.0333789307624093 2.97117630392313 2.3095529340207577 1.0478249099105594
leaf_count=29 88 5 91 16 22 16 59 25 26 43 27 70 277 19 110 40 18 10 53 57 85 22 24 19 13 121 57 45 23 9 10 20 26 44 28 22 47 30 9 10 12
internal_value=0 0.0285308 -0.0229043 0.0376777 0.0569195 0.000956486 0.0180966 -0.0303996 0.0339144 0.00698239 -0.0538258 -0.0191952 -0.0100091 -0.024665 -0.0477492 0.029228 0.0199165 -0.00202306 -0.0248337 -0.0475558 -0.0341516 -0.0989316 0.0695749 0.0745175 -0.0509111 -0.0767947 -0.0342009 0.0782147 0.0936663 0.0280782 -0.102829 0.0208125 -0.0589055 0.0562046 -0.0142066 -0.0452543 -0.00469134 -0.0321133 0.0364307 0.00348739 -0.107546
internal_weight=0 132.374 164.9 118.891 59.5466 16.6171 59.3444 14.3547 44.9897 25.8942 14.2509 158.186 119.918 80.8361 56.7923 24.0438 39.0819 27.7062 22.6863 38.2676 33.4804 10.2825 19.0956 11.3757 13.4827 10.7478 47.4127 42.9295 32.5651 10.3645 9.30596 8.30351 10.3113 17.8047 6.25114 6.23903 23.1979 14.1406 9.05731 4.61296 6.71387
internal_count=1777 587 1190 438 185 64 253 104 149 99 70 1087 767 569 444 125 198 151 141 320 263 92 50 47 149 136 334 121 68 53 131 45 48 63 44 62 171 115 56 29 103
is_linear=0
shrinkage=0.0852085


Tree=3
num_leaves=33
num_cat=0
split_feature=47 46 39 46 43 42 2 42 46 43 17 46 0 48 38 7 39 39 0 4 2 49 31 6 12 38 39 3 9 7 42 0
split_gain=20.7136 11.4268 10.3528 10.1679 6.74287 6.4474 6.44724 5.26667 6.59085 5.98839 5.10116 5.98351 4.53505 4.41415 8.82292 6.07937 4.16338 4.10816 3.99042 4.35123 3.21155 2.89786 2.89092 6.16704 2.67273 2.23436 2.11334 1.87564 1.6313 1.05574 0.311648 0.133946
threshold=3.5000000000000004 125.00000000000001 3.5000000000000004 12.500000000000002 1.5000000000000002 10.500000000000002 28.500000000000004 85.000000000000014 105.00000000000001 7.5000000000000009 1.5000000000000002 25.000000000000004 25.000000000000004 5.5000000000000009 75.000000000000014 72.500000000000014 1.0000000180025095e-35 1.5000000000000002 5.5000000000000009 1.0000000180025095e-35 1.0000000180025095e-35 15.500000000000002 5.5000000000000009 4.5000000000000009 1.5000000000000002 35.000000000000007 2.5000000000000004 73.500000000000014 1.0000000180025095e-35 8.5000000000000018 14.500000000000002 9.5000000000000018
decision_type=2 2 2 2 2 2 2 2 2 2 2 2 2 2 2 2 2 2 2 2 2 2 2 2 2 2 2 2 2 2 2 2
left_child=6 2 3 5 -4 20 10 8 9 -6 13 28 29 14 15 17 -5 -1 19 -18 -2 31 23 25 -20 -15 -17 -16 -12 -9 -7 -3
right_child=1 21 4 16 7 30 -8 12 -10 -11 11 -13 -14 22 27 26 18 -19 24 -21 -22 -23 -24 -25 -26 -27 -28 -29 -30 -31 -32 -33
leaf_value=-0.018405993886347283 -0.081173647371577937 -0.13729234194917581 0.076590383592843855 -0.050250316060663332 -0.065654630648503243 -0.13336910441929842 0.1290896804797074 -0.053874400956994924 0.071382580982406921 -0.016128105453259486 -0.11505496158653056 0.066076588450287146 0.079914482625441402 0.030329950036803388 -0.12836093917586947 0.0024382686770966478 -0.0041529775933963307 0.056685313203452339 -0.075062409602457289 0.070908386570331425 0.043561977163847972 0 0.11608966819325292 -0.0594406677924669 0.038237993924285611 0.083158976323467845 -0.11053625429617231 0 -0.003561766798435566 -0.12082832597640326 -0.051441845737707464 -0.06253852231287757
leaf_weight=6.2086106650531283 2.1187237333506328 6.6904390826821309 4.4332569241523734 3.4008777216076842 23.550393082201481 4.2246264666318893 4.8979217000305644 3.6514846216887218 4.9962581954896441 77.366226656362414 3.9967672266066057 2.6979965567588806 1.0030278973281372 11.751919714733964 3.3119495436549178 1.7169287651777256 6.5072538107633582 27.098683165386319 2.9980094209313384 28.585685960017145 4.8174446187913418 1.3400378562510011 5.4336202442646018 3.406818348914384 2.8143600448966026 14.451750092208384 2.6619740724563599 1.2623725570738313 1.6250432096421716 7.2502067573368549 1.1556511372327802 1.0841063540428875
leaf_count=35 18 104 20 25 182 53 11 47 21 540 39 12 5 62 37 10 38 100 18 82 27 12 12 25 10 49 23 10 8 114 12 16
internal_value=0 -0.0161247 -0.0112785 0.0186832 -0.0252798 -0.0491843 0.0334799 -0.0292609 -0.0230085 -0.0278523 0.0277876 -0.0346111 -0.0834101 0.0347092 0.015656 0.0295454 0.0379105 0.0422334 0.0456417 0.0565718 0.00310136 -0.109204 0.0572214 0.0457945 -0.0177292 0.0601065 -0.0631536 -0.0949037 -0.085691 -0.100007 -0.118968 -0.129101
internal_weight=0 187.988 178.873 56.6226 122.251 12.3164 90.5224 117.818 105.913 100.917 85.6244 8.31981 11.9047 77.3046 42.2605 37.6862 44.3062 33.3073 40.9053 35.0929 6.93617 9.11458 35.0441 29.6105 5.81237 26.2037 4.3789 4.57432 5.62181 10.9017 5.38028 7.77455
internal_count=1777 1344 1212 283 929 110 433 909 743 722 422 59 166 363 215 168 173 135 148 120 45 132 148 136 28 111 33 47 47 161 65 120
is_linear=0
shrinkage=0.0852085


Tree=4
num_leaves=42
num_cat=0
split_feature=39 43 47 42 27 7 16 47 38 46 42 11 15 13 48 48 38 43 7 17 43 46 43 4 47 0 11 39 49 38 39 27 3 38 0 46 3 13 49 1 49
split_gain=20.2734 9.25917 7.13335 6.27563 5.93233 4.88278 4.70239 4.47056 4.17568 4.2628 3.96744 4.88564 3.91723 3.9703 3.8526 6.54065 3.81772 4.69585 3.77501 4.25175 3.84011 7.23451 3.91081 3.58859 3.46942 3.33778 3.26913 2.87444 4.83519 2.66974 2.47607 2.38138 1.8062 2.81477 1.68611 1.48958 1.35534 1.25451 1.20157 0.87093 0.736689
threshold=3.5000000000000004 11.500000000000002 3.5000000000000004 85.000000000000014 1.0000000180025095e-35 181.50000000000003 1.0000000180025095e-35 1.5000000000000002 2.5000000000000004 6.5000000000000009 5.5000000000000009 1.5000000000000002 8.5000000000000018 3.5000000000000004 5.5000000000000009 2.5000000000000004 55.000000000000007 6.5000000000000009 219.00000000000003 1.0000000180025095e-35 8.5000000000000018 25.000000000000004 10.500000000000002 6.5000000000000009 5.5000000000000009 29.500000000000004 1.0000000180025095e-35 2.5000000000000004 8.5000000000000018 8.5000000000000018 12.500000000000002 2.5000000000000004 20.500000000000004 19.000000000000004 8.5000000000000018 45.000000000000007 4.5000000000000009 1.0000000180025095e-35 15.500000000000002 1.5000000000000002 7.5000000000000009
decision_type=2 2 2 2 2 2 2 2 2 2 2 2 2 2 2 2 2 2 2 2 2 2 2 2 2 2 2 2 2 2 2 2 2 2 2 2 2 2 2 2 2
left_child=1 4 14 8 5 7 -3 27 -4 24 -11 -12 31 37 15 30 17 40 19 20 21 -16 -22 26 29 35 -9 28 -1 -10 34 32 33 -6 36 -5 -2 -14 -37 -8 -17
right_child=2 6 3 25 12 -7 39 23 9 10 11 -13 13 -15 18 16 -18 -19 -20 -21 22 -23 -24 -25 -26 -27 -28 -29 -30 -31 -32 -33 -34 -35 -36 38 -38 -39 -40 -41 -42
leaf_value=-0.047221895053401158 0.01386890975980927 -0.10157835541437714 -0.092789604591085026 0 0.023223840893398979 -0.083000493334864561 0.051694480621739439 0.0086906197778077385 -0.072532976475361693 0.059315135371185657 -0.027228435562203467 0.019319659721439269 0 0.073845647597804862 -0.078978047698339784 -0.030060679203437159 -0.1206372768705628 0.043472919261055308 0.12210158964627209 -0.082663868723375167 0.12699628855306519 0.085479493272297938 0.0090888479421029778 0.078462207715211493 -0.10046195153182615 0.046363947970691793 -0.065700227627096847 0.11794841290492913 0.075261116267606856 0.055118663191849486 0.09582884240302722 0.024131897154441272 0.1097613941608942 0.10508409418535755 0.059916436259054746 -0.10801208525505386 -0.087400477010144861 -0.077064565435658983 -0.022656198998690029 -0.019863745160803237 -0.1237230763342093
leaf_weight=3.3214934617280942 1.647899404168131 5.3097836505621654 5.6169697754085055 1.2958613671362424 7.3356656413525361 3.1989395990967742 2.3343277797102928 16.532318830490119 2.2462865039706212 5.4949782416224471 61.537843495607376 21.892260679975152 3.8108870573341829 4.8301191106438637 4.3927967846393683 1.6110902652144417 4.2979252077639103 4.024355586618185 3.2147793639451256 2.4011442065238944 4.8133776336908323 3.4058919884264469 4.0478240288794041 3.9000425226986399 7.4341756366193295 1.2657593153417099 5.6570144798606625 4.7499120086431494 7.0119980219751596 2.4160378389060497 3.45105005428195 6.09693619608879 14.067286372184752 6.0800155475735664 2.2966875061392784 11.968747334554788 1.7223338522017 2.3296439275145531 1.8663442283868796 2.186688419431448 2.1043638437986374
leaf_count=21 10 88 66 14 33 25 13 77 19 23 441 145 18 13 34 14 52 19 8 26 10 10 21 14 67 8 38 9 27 12 12 24 34 12 11 223 18 16 19 16 17
internal_value=0 0.0305807 -0.0181439 -0.0286564 0.0393501 0.0168097 -0.0470843 0.0249895 -0.0209033 -0.0167286 -0.0100605 -0.0148315 0.061434 0.0154275 0.0112905 -0.0142348 -0.0559202 -0.0176899 0.0361902 0.0207274 0.0366628 -0.00518087 0.0750584 0.00301378 -0.0643485 -0.0780222 -0.00966932 0.0619172 0.0344185 -0.00326508 0.0391623 0.0759878 0.0869033 0.061607 0.00166288 -0.0894961 -0.0338224 -0.0282431 -0.0976617 0.0138959 -0.0877395
internal_weight=0 98.7531 166.467 123.035 88.9223 44.3717 9.8308 41.1728 106.639 101.022 88.9251 83.4301 44.5506 10.9707 43.4315 21.1557 12.0377 7.73981 22.2758 19.061 16.6599 7.79869 8.8612 26.0894 12.0965 16.3967 22.1893 15.0834 10.3335 4.66232 9.11797 33.5799 27.483 13.4157 5.66692 15.131 3.37023 6.14053 13.8351 4.52102 3.71545
internal_count=1777 478 1299 1037 361 211 117 186 773 707 609 586 150 47 262 153 102 50 109 101 75 44 31 129 98 264 115 57 48 31 51 103 79 45 39 256 28 34 242 29 31
is_linear=0
shrinkage=0.0852085


end of trees

feature_importances:
ninki_3=18
result_1=16
f_courseout=15
ninki_1=15
ninki_2=14
result_2=13
result_3=12
mf_courseout=11
f_course1=9
f_lenout=8
waku=7
umaban=7
f_classout=6
f_course2=5
f_course3=4
mf_classout=4
mf_course2=3
f_mf_courseout=3
f_len2=3
mf_len1=3
mf_classout.1=3
mf_course1=2
mf_course3=2
f_len1=2
mf_len2=2
mf_len3=2
f_mf_course2=1
f_mf_len1=1

parameters:
[boosting: gbdt]
[objective: lambdarank]
[metric: ndcg]
[tree_learner: serial]
[device_type: cpu]
[data_sample_strategy: bagging]
[data: ]
[valid: ]
[num_iterations: 187]
[learning_rate: 0.0852085]
[num_leaves: 42]
[num_threads: 16]
[seed: 0]
[deterministic: 0]
[force_col_wise: 1]
[force_row_wise: 0]
[histogram_pool_size: -1]
[max_depth: 7]
[min_data_in_leaf: 14]
[min_sum_hessian_in_leaf: 0.001]
[bagging_fraction: 1]
[pos_bagging_fraction: 1]
[neg_bagging_fraction: 1]
[bagging_freq: 0]
[bagging_seed: 7719]
[feature_fraction: 1]
[feature_fraction_bynode: 1]
[feature_fraction_seed: 2437]
[extra_trees: 0]
[extra_seed: 11797]
[early_stopping_round: 0]
[first_metric_only: 0]
[max_delta_step: 0]
[lambda_l1: 0.176138]
[lambda_l2: 0.033231]
[linear_lambda: 0]
[min_gain_to_split: 0]
[drop_rate: 0.1]
[max_drop: 50]
[skip_drop: 0.5]
[xgboost_dart_mode: 0]
[uniform_drop: 0]
[drop_seed: 21238]
[top_rate: 0.2]
[other_rate: 0.1]
[min_data_per_group: 100]
[max_cat_threshold: 32]
[cat_l2: 10]
[cat_smooth: 10]
[max_cat_to_onehot: 4]
[top_k: 20]
[monotone_constraints: ]
[monotone_constraints_method: basic]
[monotone_penalty: 0]
[feature_contri: ]
[forcedsplits_filename: ]
[refit_decay_rate: 0.9]
[cegb_tradeoff: 1]
[cegb_penalty_split: 0]
[cegb_penalty_feature_lazy: ]
[cegb_penalty_feature_coupled: ]
[path_smooth: 0]
[interaction_constraints: ]
[verbosity: -1]
[saved_feature_importance_type: 0]
[use_quantized_grad: 0]
[num_grad_quant_bins: 4]
[quant_train_renew_leaf: 0]
[stochastic_rounding: 1]
[linear_tree: 0]
[max_bin: 255]
[max_bin_by_feature: ]
[min_data_in_bin: 3]
[bin_construct_sample_cnt: 200000]
[data_random_seed: 38]
[is_enable_sparse: 1]
[enable_bundle: 1]
[use_missing: 1]
[zero_as_missing: 0]
[feature_pre_filter: 1]
[pre_partition: 0]
[two_round: 0]
[header: 0]
[label_column: ]
[weight_column: ]
[group_column: ]
[ignore_column: ]
[categorical_feature: ]
[forcedbins_filename: ]
[precise_float_parser: 0]
[parser_config_file: ]
[objective_seed: 8855]
[num_class: 1]
[is_unbalance: 0]
[scale_pos_weight: 1]
[sigmoid: 1]
[boost_from_average: 1]
[reg_sqrt: 0]
[alpha: 0.9]
[fair_c: 1]
[poisson_max_delta_step: 0.7]
[tweedie_variance_power: 1.5]
[lambdarank_truncation_level: 30]
[lambdarank_norm: 1]
[label_gain: ]
[lambdarank_position_bias_regularization: 0]
[eval_at: 1,3,5]
[multi_error_top_k: 1]
[auc_mu_weights: ]
[num_machines: 1]
[local_listen_port: 12400]
[time_out: 120]
[machine_list_filename: ]
[machines: ]
[gpu_platform_id: -1]
[gpu_device_id: -1]
[gpu_use_dp: 0]
[num_gpu: 1]

end of parameters

pandas_categorical:[]
