tree
version=v4
num_class=1
num_tree_per_iteration=1
label_index=0
max_feature_idx=65
feature_names=f_course1 f_course2 f_course3 f_courseout mf_course1 mf_course2 mf_course3 mf_courseout f_mf_course1 f_mf_course2 f_mf_course3 f_mf_courseout f_len1 f_len2 f_len3 f_lenout mf_len1 mf_len2 mf_len3 mf_classout f_mf_len1 f_mf_len2 f_mf_len3 f_mf_classout f_class1 f_class2 f_class3 f_classout mf_class1 mf_class2 mf_class3 mf_classout.1 f_mf_class1 f_mf_class2 f_mf_class3 f_mf_classout.1 time_df_course1 time_df_class1 ninki_1 result_1 agari_1 margin_1 corner_ratio_1 time_df_course2 time_df_class2 ninki_2 result_2 agari_2 margin_2 corner_ratio_2 time_df_course3 time_df_class3 ninki_3 result_3 agari_3 margin_3 corner_ratio_3 rank_trend weight_change dist_change jockey_win_rate jockey_place_rate waku umaban current_odds current_popularity
feature_infos=[0:55] [0:55] [0:59] [0:347] [0:32] [0:35] [0:31] [0:331] [0:6] [0:6] [0:6] [0:25] [0:13] [0:7] [0:7] [0:54] [0:8] [0:10] [0:6] [0:60] [0:3] [0:4] [0:3] [0:10] [0:4] [0:5] [0:3] [0:17] [0:3] [0:4] [0:3] [0:18] [0:2] [0:4] [0:2] [0:7] none none [-1:180] [-1:140] [-1:98.400000000000006] [-1:61.899999999999999] [-1:1] [-1:0] [-1:0] [-1:180] [-1:170] [-1:48.799999999999997] [-1:16.399999999999999] [-1:1] [-1:0] [-1:0] [-1:170] [-1:160] [-1:58.399999999999999] [-1:19.899999999999999] [-1:1] [-50:70] [-32:63] [-1470:1300] [-1:1] [-1:1] [1:8] [1:16] [-1:811.39999999999998] [-1:16]
tree_sizes=2353 2524 2522 2523 2525 2736 2734 2631 2731 2738 2731 3054 2845 2837 2953 2724 2971 3056 3071 2868 3053 2977

Tree=0
num_leaves=23
num_cat=0
split_feature=65 58 15 64 64 63 58 45 57 2 42 52 59 53 65 61 47 63 64 64 58 61
split_gain=201.24 100.179 81.736 90.0316 79.8937 79.2061 90.1364 80.2578 78.6209 72.5604 67.1995 70.9675 50.8043 49.5575 47.4367 36.7652 33.0573 17.5088 13.3337 21.6319 7.48011 2.08496
threshold=11.500000000000002 11.500000000000002 1.5000000000000002 63.350000000000001 55.45000000000001 15.500000000000002 23.500000000000004 7.5000000000000009 -1.2499999999999998 8.5000000000000018 0.17424242424242423 125.00000000000001 -249.99999999999997 4.5000000000000009 9.5000000000000018 0.38819444444444451 13.750000000000002 7.5000000000000009 10.65 10.15 14.500000000000002 0.24871134020618557
decision_type=2 2 2 2 2 2 2 2 2 2 2 2 2 2 2 2 2 2 2 2 2 2
left_child=1 2 3 14 10 6 -2 -8 -5 -7 13 -12 15 -4 16 21 -1 -10 19 20 -14 -3
right_child=5 12 4 8 -6 9 7 -9 17 -11 11 -13 18 -15 -16 -17 -18 -19 -20 -21 -22 -23
leaf_value=0.017856933036127978 -0.044987905438092522 -0.044935189026186456 0.030170903780696926 -0.044963988618608168 -0.044983600486020868 -0.044965564208648376 0.039784559292307661 -0.044970291359945361 0.013017305754043413 0.041446474560152644 -0.016280186401775105 0.028579105630256185 -0.015657115639994033 -0.016471616872721907 -0.044974655391771999 0.03949800722024021 -0.0046074135756773212 0.038195122781634498 -0.044985180593634828 0.036355719912504636 -0.042073620177343257 -0.017946182648961317
leaf_weight=39.800000667572021 145.5 3.4999999999999991 34.925000160932541 7.4999999999999991 33.75 8 13.000000000000002 9.9999999999999982 19 12.75 252.22500026226044 19.199999868869781 8.8999999761581474 17.200000077486038 12.999999999999998 8.2249999046325666 198.20000067353249 53 47 2.6249999999999991 13.949999988079069 2.5
leaf_count=55 582 14 34 30 135 32 4 40 28 3 759 18 28 52 52 6 500 20 188 2 55 9
internal_value=0 -0.00746419 -0.00459167 0.00347091 -0.0120497 -0.0333399 -0.0384467 0.00293028 0.024332 0.00812576 -0.00861375 -0.0131064 -0.0302505 0.0147784 -0.00313635 0.00861121 -0.00085029 0.0315528 -0.0378792 -0.0247628 -0.0317907 -0.0337149
internal_weight=0 774.5 687.8 330.5 357.3 189.25 168.5 23 79.5 20.75 323.55 271.425 86.7 52.125 251 14.225 238 72 72.475 25.475 22.85 6
internal_count=2646 1985 1683 685 998 661 626 44 78 35 863 777 302 86 607 29 555 48 273 85 83 23
is_linear=0
shrinkage=0.0224946


Tree=1
num_leaves=23
num_cat=0
split_feature=65 58 15 64 64 63 58 52 57 2 42 52 59 53 65 61 47 63 64 64 42 0
split_gain=192.436 95.778 78.1107 86.0534 76.3973 75.7226 86.175 77.1926 75.1507 69.3661 64.2167 67.8188 48.5669 47.3639 45.3522 35.1441 31.5888 16.7455 12.7551 20.6767 7.30371 2.07291
threshold=11.500000000000002 11.500000000000002 1.5000000000000002 63.350000000000001 55.45000000000001 15.500000000000002 23.500000000000004 7.5000000000000009 -1.2499999999999998 8.5000000000000018 0.17424242424242423 125.00000000000001 -249.99999999999997 4.5000000000000009 9.5000000000000018 0.38819444444444451 13.750000000000002 7.5000000000000009 10.65 10.15 0.97222222222222232 1.0000000180025095e-35
decision_type=2 2 2 2 2 2 2 2 2 2 2 2 2 2 2 2 2 2 2 2 2 2
left_child=1 2 3 14 10 6 -2 -8 -5 -7 13 -12 15 -4 16 21 -1 -10 19 20 -14 -3
right_child=5 12 4 8 -6 9 7 -9 17 -11 11 -13 18 -15 -16 -17 -18 -19 -20 -21 -22 -23
leaf_value=0.017456675024296864 -0.043998362783778777 -0.017244752125153841 0.029499031905146172 -0.043975249551994555 -0.043994201500488564 -0.043976773750272889 0.039015537344682862 -0.044123981167736609 0.012725066202142967 0.04053186205157569 -0.015915036576401552 0.027942057494713572 -0.036720892596632221 -0.016102246587943327 -0.043985558461197657 0.038624948848275283 -0.0045037967258127701 0.037349702848080271 -0.043995730146985934 0.035550491069667706 -0.0023553761349636914 -0.044157459865264016
leaf_weight=39.79682856798172 145.42640537023544 2.4992685988545409 34.917053297162056 7.4962104856967917 33.732933104038239 7.9959573745727548 12.994775339961054 9.9950284659862501 18.999195143580437 12.744525820016861 252.2082837074995 19.196080565452576 19.094160273671157 17.198833331465721 12.993428409099577 8.2217927575111371 198.1989486515522 52.980673551559448 46.976229965686798 2.6241327673196784 3.7491221874952307 3.4987639635801315
leaf_count=55 582 9 34 30 135 32 4 40 28 3 759 18 72 52 52 6 500 20 188 2 11 14
internal_value=0 -0.00729743 -0.00448892 0.00339319 -0.0117802 -0.0326061 -0.0376007 0.00286553 0.0237919 0.00794654 -0.00842075 -0.0128126 -0.0295827 0.0144485 -0.00306594 0.00842024 -0.000831165 0.0308518 -0.0370433 -0.0242131 -0.0310851 -0.0329683
internal_weight=0 774.382 687.718 330.465 357.253 189.157 168.416 22.9898 79.4761 20.7405 323.52 271.404 86.6635 52.1159 250.989 14.2198 237.996 71.9799 72.4436 25.4674 22.8433 5.99803
internal_count=2646 1985 1683 685 998 661 626 44 78 35 863 777 302 86 607 29 555 48 273 85 83 23
is_linear=0
shrinkage=0.0224946


Tree=2
num_leaves=23
num_cat=0
split_feature=65 58 15 64 64 63 58 52 57 2 42 52 59 47 65 61 61 63 64 64 58 64
split_gain=184.283 91.6681 74.6658 82.2998 73.1595 72.4638 82.4831 73.8498 71.8817 66.3723 61.3781 64.8244 46.4694 46.2575 43.4059 33.6179 31.4612 16.0445 12.2313 19.7742 7.12252 2.00163
threshold=11.500000000000002 11.500000000000002 1.5000000000000002 63.350000000000001 55.45000000000001 15.500000000000002 23.500000000000004 7.5000000000000009 -1.2499999999999998 8.5000000000000018 0.17424242424242423 125.00000000000001 -249.99999999999997 40.150000000000013 9.5000000000000018 0.38819444444444451 0.35531752936059152 7.5000000000000009 10.65 10.15 14.500000000000002 8.0500000000000025
decision_type=2 2 2 2 2 2 2 2 2 2 2 2 2 2 2 2 2 2 2 2 2 2
left_child=1 2 3 14 10 6 -2 -8 -5 -7 13 -12 15 -4 16 21 -1 -10 19 20 -14 -3
right_child=5 12 4 8 -6 9 7 -9 17 -11 11 -13 18 -15 -16 -17 -18 -19 -20 -21 -22 -23
leaf_value=0.0021236978990520263 -0.043072701518737155 -0.016804377554893425 -0.007649700962250849 -0.043050292717794487 -0.043068669029652305 -0.043051768072943336 0.038178948645433378 -0.043189988297841292 0.01244040827240058 0.039670351270964341 -0.015560068235012922 0.027329995553087155 -0.014665444453474301 0.034758413516585381 -0.043060287237199256 0.037799669392635134 -0.023592120235475182 0.036548751075326652 -0.043070148774436628 0.034785285258090909 -0.040453993159682462 -0.043260814480587516
leaf_weight=210.80972437560558 145.21234264969826 2.4982445016503325 25.335518524050713 7.4851879477500907 33.683287426829338 7.9841995239257821 12.980996146798136 9.9816643148660642 18.99685250222683 12.728602528572083 252.15964970737696 19.184673383831978 8.8951375633478218 26.753850474953651 12.974313378334044 8.2124631106853467 27.173759862780571 52.924455165863037 46.907090961933136 2.6216098666191092 13.930167004466055 3.4944977611303329
leaf_count=460 582 9 70 30 135 32 4 40 28 3 759 18 28 16 52 6 95 20 188 2 55 14
internal_value=0 -0.0071365 -0.00438948 0.00331789 -0.0115197 -0.0319186 -0.0368082 0.00280427 0.0232773 0.00777813 -0.00823352 -0.0125271 -0.0289525 0.0141308 -0.00299738 0.00823907 -0.000812494 0.0301827 -0.0362555 -0.0236878 -0.0304102 -0.0322563
internal_weight=0 774.04 687.481 330.364 357.117 188.888 168.175 22.9627 79.4065 20.7128 323.434 271.344 86.5592 52.0894 250.958 14.2052 237.983 71.9213 72.354 25.4469 22.8253 5.99274
internal_count=2646 1985 1683 685 998 661 626 44 78 35 863 777 302 86 607 29 555 48 273 85 83 23
is_linear=0
shrinkage=0.0224946


Tree=3
num_leaves=23
num_cat=0
split_feature=65 58 15 64 64 63 58 45 57 2 53 45 59 65 58 61 7 63 64 64 42 0
split_gain=176.725 87.8268 71.3872 78.7539 70.1553 69.411 79.0285 71.1347 68.798 63.5614 59.4847 53.2166 44.5004 41.5851 39.5222 32.1796 30.4665 15.3989 11.7532 18.9216 6.96139 1.98009
threshold=11.500000000000002 11.500000000000002 1.5000000000000002 63.350000000000001 55.45000000000001 15.500000000000002 23.500000000000004 7.5000000000000009 -1.2499999999999998 8.5000000000000018 1.5000000000000002 125.00000000000001 -249.99999999999997 9.5000000000000018 -2.4999999999999996 0.38819444444444451 1.0000000180025095e-35 7.5000000000000009 10.65 10.15 0.97222222222222232 1.0000000180025095e-35
decision_type=2 2 2 2 2 2 2 2 2 2 2 2 2 2 2 2 2 2 2 2 2 2
left_child=1 2 3 13 10 6 -2 -8 -5 -7 14 -12 15 16 -4 21 -1 -10 19 20 -14 -3
right_child=5 12 4 8 -6 9 7 -9 17 -11 11 -13 18 -15 -16 -17 -18 -19 -20 -21 -22 -23
leaf_value=-0.027772281725952225 -0.042205123578193358 -0.016205680739776747 -0.042335671273173586 -0.042183324587401226 -0.042201201137724347 -0.042184761057029688 0.037491699105685311 -0.042448867155434243 0.012163044538167427 0.038857300595939372 -0.015437989718647949 0.016927876992791489 -0.03527847823110581 -0.042193047851743055 0.022415533875283812 0.037018104823948315 0.0016066113472928761 0.03578855514066865 -0.042202639258853619 0.034056862058116137 -0.0017115172685546352 -0.042535120052707209
leaf_weight=19.44825690984726 144.86747297644615 2.4957763552665702 5.3718037307262412 7.4674299359321585 33.603307977318764 7.9652562141418466 12.957764625549318 9.9594563841819745 18.993076398968697 12.702945828437805 246.87310308218002 28.68904535472393 19.048861712217338 12.943518877029417 42.374872103333473 8.1974296271800977 218.52977706491947 52.833862543106079 46.795703768730164 2.6175440847873679 3.746394306421279 3.4882314205169678
leaf_count=66 582 9 22 30 135 32 4 40 28 3 743 40 72 52 58 6 489 20 188 2 11 14
internal_value=0 -0.0069808 -0.00429298 0.00324474 -0.0112671 -0.0312734 -0.0360649 0.00274649 0.0227862 0.00761958 -0.0080514 -0.0120679 -0.0283575 -0.00293046 0.0151272 0.00806706 -0.000794238 0.029543 -0.0355123 -0.0231864 -0.029766 -0.0315782
internal_weight=0 773.518 687.128 330.216 356.912 188.453 167.785 22.9172 79.2944 20.6682 323.309 275.562 86.3899 250.922 47.7467 14.1814 237.978 71.8269 72.2085 25.4128 22.7953 5.98401
internal_count=2646 1985 1683 685 998 661 626 44 78 35 863 783 302 607 80 29 555 48 273 85 83 23
is_linear=0
shrinkage=0.0224946


Tree=4
num_leaves=23
num_cat=0
split_feature=65 58 15 64 64 63 58 52 57 2 42 64 53 59 65 61 47 63 64 64 7 64
split_gain=169.702 84.2285 68.2565 75.3999 67.3662 66.5446 75.7951 68.158 65.8853 60.9177 57.8228 64.2789 43.7487 42.648 39.8782 30.8217 30.0561 14.8026 11.3179 18.1141 6.86772 1.91876
threshold=11.500000000000002 11.500000000000002 1.5000000000000002 63.350000000000001 55.45000000000001 15.500000000000002 23.500000000000004 7.5000000000000009 -1.2499999999999998 8.5000000000000018 0.17424242424242423 22.250000000000004 4.5000000000000009 -249.99999999999997 9.5000000000000018 0.38819444444444451 13.750000000000002 7.5000000000000009 10.65 10.15 5.5000000000000009 8.0500000000000025
decision_type=2 2 2 2 2 2 2 2 2 2 2 2 2 2 2 2 2 2 2 2 2 2
left_child=1 2 3 14 10 6 -2 -8 -5 -7 12 -12 -4 15 16 21 -1 -10 19 20 -15 -3
right_child=5 13 4 8 -6 9 7 -9 17 -11 11 -13 -14 18 -16 -17 -18 -19 -20 -21 -22 -23
leaf_value=0.017064865427419276 -0.041390507565811939 -0.015796608604711326 0.028328270488558689 -0.041369242622280075 -0.041386679938063706 -0.041370641984399908 0.036736336171809159 -0.041620073877801263 0.011892712308661638 0.038088585217896966 -0.0059037270045178602 -0.031586505317976632 -0.015518537505334674 -0.014016118620655512 -0.041378724465605879 0.036276614599300247 -0.0043586371959558595 0.035065781821039269 -0.041388086093638358 0.033362302498917973 -0.039255584223381504 -0.041736749166875343
leaf_weight=39.786525890231133 144.40092846751213 2.4936749786138526 34.852945908904076 7.4434058368206015 33.495109006762505 7.9396290779113778 12.927195042371752 9.9297344833612424 18.987965330481529 12.668234586715698 206.35330877453089 64.797382026910782 17.190433114767075 9.1181793957948738 12.901858508586882 8.1770894825458509 198.18689049780369 52.711288452148438 46.645015478134155 2.6120424270629874 13.637295246124266 3.4786331504583359
leaf_count=55 582 9 34 30 135 32 4 40 28 3 553 224 52 29 52 6 500 20 188 2 54 14
internal_value=0 -0.00682968 -0.00419906 0.00317369 -0.0110207 -0.0306666 -0.0353659 0.00269165 0.0223168 0.00747002 -0.00787312 -0.0120417 0.0138437 -0.0277939 -0.00286516 0.00790334 -0.00077639 0.0289306 -0.0348091 -0.0227058 -0.0291482 -0.0309299
internal_weight=0 772.869 686.707 330.018 356.689 187.866 167.258 22.8569 79.1427 20.6079 323.194 271.151 52.0434 86.1619 250.875 14.1494 237.973 71.6993 72.0125 25.3675 22.7555 5.97231
internal_count=2646 1985 1683 685 998 661 626 44 78 35 863 777 86 302 607 29 555 48 273 85 83 23
is_linear=0
shrinkage=0.0224946


Tree=5
num_leaves=25
num_cat=0
split_feature=65 58 45 53 55 15 64 63 58 45 2 55 59 3 45 61 31 63 64 64 58 0 61 54
split_gain=163.158 80.8477 65.9743 95.5286 79.0934 73.5835 155.981 63.8499 72.7579 65.7539 58.4274 52.0838 40.9012 39.8289 35.8313 29.5386 28.3168 42.309 10.9218 17.3479 6.78977 1.90283 0.849912 0.593458
threshold=11.500000000000002 11.500000000000002 115.00000000000001 1.5000000000000002 1.7500000000000002 1.0000000180025095e-35 25.750000000000004 15.500000000000002 23.500000000000004 7.5000000000000009 8.5000000000000018 1.8500000000000003 -249.99999999999997 2.5000000000000004 25.000000000000004 0.38819444444444451 1.5000000000000002 5.5000000000000009 10.65 10.15 14.500000000000002 1.0000000180025095e-35 0.53181818181818186 35.150000000000013
decision_type=2 2 2 2 2 2 2 2 2 2 2 2 2 2 2 2 2 2 2 2 2 2 2 2
left_child=1 2 3 13 22 11 -7 8 -2 -10 -9 -5 15 23 -15 21 17 -6 19 20 -14 -3 -4 -1
right_child=7 12 4 5 16 6 -8 10 9 -11 -12 -13 18 14 -16 -17 -18 -19 -20 -21 -22 -23 -24 -25
leaf_value=-0.045623618415567307 -0.040624318471246562 -0.015233843148827447 -0.044062791757633106 -0.013513799332558748 -0.043929289110671677 -0.0075706482784686233 -0.042502265843160775 -0.0406048825147 0.036122199287163433 -0.040972297642759239 0.037360533321991796 0.011510637152291886 -0.013170202663846156 0.026482739845817928 -0.0066498951788818688 0.03557195497244494 0.037614787439455746 0.02183094718004383 -0.040621946896471035 0.032698973485368835 -0.038403052587653877 -0.041093026114363794 -0.028080582188763307 -0.031080475586578719
leaf_weight=3.9980375468730918 143.82133823633194 2.4896667972207061 8.7338383793830854 70.497856974601746 6.2320631593465832 251.93424046039581 87.029488995671272 7.9077916145324716 12.888212740421297 9.8924621939659101 12.625107139348984 104.41336059570312 8.8694329857826286 65.712657161056995 22.054680153727531 8.1518166661262494 37.066243946552277 24.032346710562706 46.457816302776337 2.6052060574293128 13.838337391614912 3.4679414927959442 2.1473909169435492 2.3190304189920425
leaf_count=16 582 9 35 208 25 684 350 32 4 40 3 169 28 71 61 6 13 33 188 2 55 14 9 9
internal_value=0 -0.00668332 -0.00410788 -0.00660976 0.0153384 -0.0104252 -0.0165399 -0.0300952 -0.0347081 0.00263975 0.00732872 0.00142405 -0.0272591 0.0142287 0.0181561 0.00774738 0.0244331 0.00828448 -0.0341421 -0.0222436 -0.0285533 -0.0303106 -0.0409231 -0.0403114
internal_weight=0 772.051 686.171 607.959 78.2119 513.875 338.964 187.135 166.602 22.7807 20.5329 174.911 85.8802 94.0844 87.7673 14.1094 67.3307 30.2644 71.7708 25.313 22.7078 5.95761 10.8812 6.31707
internal_count=2646 1985 1683 1568 115 1411 1034 661 626 44 35 377 302 157 132 29 71 58 273 85 83 23 44 25
is_linear=0
shrinkage=0.0224946


Tree=6
num_leaves=25
num_cat=0
split_feature=65 58 45 53 55 15 64 63 58 45 2 58 59 3 45 61 31 63 64 64 42 61 61 60
split_gain=157.062 77.6767 63.1045 91.3434 75.6745 70.4004 149.793 61.3114 69.9046 63.0857 56.078 51.1502 39.2551 38.0785 34.2777 28.3241 27.1671 40.4642 10.5556 16.6225 6.62933 1.86274 0.817193 0.564804
threshold=11.500000000000002 11.500000000000002 115.00000000000001 1.5000000000000002 1.7500000000000002 1.0000000180025095e-35 25.750000000000004 15.500000000000002 23.500000000000004 7.5000000000000009 8.5000000000000018 -1.4999999999999998 -249.99999999999997 2.5000000000000004 25.000000000000004 0.38819444444444451 1.5000000000000002 5.5000000000000009 10.65 10.15 0.97222222222222232 0.24871134020618557 0.53181818181818186 0.06030303030303031
decision_type=2 2 2 2 2 2 2 2 2 2 2 2 2 2 2 2 2 2 2 2 2 2 2 2
left_child=1 2 3 13 22 11 -7 8 -2 -10 -9 -5 15 23 -15 21 17 -6 19 20 -14 -3 -4 -1
right_child=7 12 4 5 16 6 -8 10 9 -11 -12 -13 18 14 -16 -17 -18 -19 -20 -21 -22 -23 -24 -25
leaf_value=-0.044599553073784971 -0.039902527043944265 -0.040414264280585019 -0.043134767635229075 -0.019181292656932181 -0.043010957367136046 -0.0074017842999205431 -0.041672564100838354 -0.039883462651406493 0.035435349954798794 -0.040231559676313894 0.036669853986774852 0.0085867002146052269 -0.033394821428950824 0.025909824761556493 -0.0065006690388461231 0.034901202654403649 0.036845831875818323 0.021340740260418253 -0.039900203463739591 0.032064510031528264 -0.00058834288863192949 -0.014797735712661103 -0.027457387470474472 -0.030402355207215386
leaf_weight=3.9987789094448081 143.13683706521988 3.4541223347187033 8.7212325781583768 45.301394283771515 6.2220983356237438 251.88599979877472 86.768472611904144 7.8701915740966806 12.843041956424715 9.8485096395015699 12.574169903993607 129.56384320557117 18.911037877202041 65.655491158366203 22.053525671362877 8.1219661533832532 36.989491447806358 24.03142037987709 46.236731171607971 2.5971308946609488 3.7378411889076224 2.4862249717116356 2.1467889100313178 2.3161899298429489
leaf_count=16 582 14 35 146 25 684 350 32 4 40 3 231 72 71 61 6 13 33 188 2 11 9 9 9
internal_value=0 -0.00654048 -0.00401865 -0.00646569 0.0150129 -0.010198 -0.016183 -0.029556 -0.0340875 0.00259033 0.00719499 0.00139237 -0.0267517 0.0139176 0.0177597 0.00759846 0.023915 0.00810079 -0.0335103 -0.0218017 -0.0279848 -0.0297168 -0.0400522 -0.0394187
internal_weight=0 771.2 685.655 607.544 78.111 513.52 338.654 186.273 165.828 22.6916 20.4444 174.865 85.5451 94.024 87.709 14.0623 67.243 30.2535 71.4827 25.246 22.6489 5.94035 10.868 6.31497
internal_count=2646 1985 1683 1568 115 1411 1034 661 626 44 35 377 302 157 132 29 71 58 273 85 83 23 44 25
is_linear=0
shrinkage=0.0224946


Tree=7
num_leaves=24
num_cat=0
split_feature=65 58 15 64 59 64 63 58 52 2 42 64 47 59 65 61 61 38 64 64 7 0 57
split_gain=151.35 74.6857 60.5278 67.6389 61.1584 61.1041 58.9174 67.2154 60.9352 53.8584 53.6385 57.8863 41.7725 37.6992 37.4591 29.8137 27.1736 12.3273 10.2197 15.9335 6.55461 1.83819 0.104809
threshold=11.500000000000002 11.500000000000002 1.5000000000000002 63.350000000000001 265.00000000000006 55.45000000000001 15.500000000000002 23.500000000000004 7.5000000000000009 8.5000000000000018 0.17424242424242423 22.250000000000004 40.150000000000013 -249.99999999999997 9.5000000000000018 0.35531752936059152 0.38819444444444451 105.00000000000001 10.65 10.15 5.5000000000000009 1.0000000180025095e-35 -0.74999999999999989
decision_type=2 2 2 2 2 2 2 2 2 2 2 2 2 2 2 2 2 2 2 2 2 2 2
left_child=1 2 3 14 22 10 7 -2 -9 -8 12 -12 -4 16 15 -1 21 -6 19 20 -15 -3 -5
right_child=6 13 5 4 17 -7 9 8 -10 -11 11 -13 -14 18 -16 -17 -18 -19 -20 -21 -22 -23 -24
leaf_value=0.0021819916372322018 -0.039221538663573884 -0.014320844015123768 -0.0071408517751665275 -0.040276278776549386 0.020651737876153917 -0.039485492628770755 -0.039202789817654779 0.034880872025587352 -0.039659493826770982 0.036013585192523991 -0.0055807062259948872 -0.030002561441887302 0.033228626378509457 -0.012629377135333599 -0.040166719309864311 -0.022860393941014728 0.034261737337822736 0.0403185162917825 -0.039219253351413873 0.031456765808280295 -0.037370058574514232 -0.039804402911687194 -0.046618447318394499
leaf_weight=210.71345342695713 142.35514345765114 2.4814073815941802 25.282131493091583 4.4377199709415436 47.224244996905327 33.073488011956215 7.827251911163331 12.790397822856905 9.7981606870889646 12.515995562076569 206.20365508645773 64.46709468960762 26.62355874478817 9.0717007219791466 12.806874781846998 27.153421223163605 8.0878719389438611 24.524838149547577 45.984253346920013 2.5879070609807959 13.510549694299696 3.4391506463289261 2.4929567128419867
leaf_count=460 582 9 70 18 47 135 32 4 40 3 553 224 16 29 52 95 6 3 188 2 54 14 10
internal_value=0 -0.00640228 -0.00393217 0.0030161 0.0212116 -0.0103669 -0.0290468 -0.0335015 0.00254342 0.00706822 -0.00738088 -0.0113979 0.0135646 -0.0262689 -0.00269479 -0.000676559 0.00745612 0.0273764 -0.0329096 -0.0213763 -0.0274373 -0.0291476 -0.0425846
internal_weight=0 770.166 685.003 329.354 78.6798 355.65 185.287 164.944 22.5886 20.3432 322.576 270.671 51.9057 85.1628 250.674 237.867 14.0084 71.7491 71.1544 25.1702 22.5823 5.92056 6.93068
internal_count=2646 1985 1683 685 78 998 661 626 44 35 863 777 86 302 607 555 29 50 273 85 83 23 28
is_linear=0
shrinkage=0.0224946


Tree=8
num_leaves=25
num_cat=0
split_feature=65 58 45 53 55 15 65 63 58 52 2 55 3 59 45 61 31 63 64 64 58 64 61 54
split_gain=145.996 71.8629 59.7679 85.4241 71.8003 65.6788 140.871 56.6557 64.6807 58.5323 51.7587 48.5879 36.2908 36.2261 32.284 26.0824 25.3322 38.5321 9.91201 15.2778 6.52781 1.80398 0.791794 0.557383
threshold=11.500000000000002 11.500000000000002 115.00000000000001 1.5000000000000002 1.7500000000000002 1.0000000180025095e-35 6.5000000000000009 15.500000000000002 23.500000000000004 7.5000000000000009 8.5000000000000018 1.8500000000000003 2.5000000000000004 -249.99999999999997 25.000000000000004 0.38819444444444451 1.5000000000000002 5.5000000000000009 10.65 10.15 14.500000000000002 8.0500000000000025 0.53181818181818186 35.150000000000013
decision_type=2 2 2 2 2 2 2 2 2 2 2 2 2 2 2 2 2 2 2 2 2 2 2 2
left_child=1 2 3 12 22 11 -7 8 -2 -10 -9 -5 23 15 -14 21 17 -6 19 20 -15 -3 -4 -1
right_child=7 13 4 5 16 6 -8 10 9 -11 -12 -13 14 18 -16 -17 -18 -19 -20 -21 -22 -23 -24 -25
leaf_value=-0.043740782867895789 -0.038578136277605 -0.013910424309218416 -0.042059228312084619 -0.013077192529649399 -0.041882894687978789 -0.0046485140098825751 -0.034839703535306681 -0.038559657823084313 0.034252968795809101 -0.038994079871833183 0.035389083726671634 0.011105420653347943 0.025188576676472497 -0.011806213955133853 -0.0062879666505660427 0.033651184094371393 0.035908361311986575 0.021019408776512195 -0.038575885231287785 0.03087380452792449 -0.03663851490121979 -0.039195405246570357 -0.02661567716737416 -0.029629319868987702
leaf_weight=3.9956909269094458 141.48350760340691 2.4770537093281737 8.6908871680498105 70.439435794949532 6.1965371221303966 214.97165593504906 122.92137548327446 7.7793717384338388 12.7325676381588 9.7418657392263395 12.451122254133224 104.27169860899448 65.468329504132271 8.8254747539758736 22.032023161649704 8.0498513877391797 36.833069413900375 24.019842773675919 45.702724814414978 2.5776202082633963 13.683983847498892 3.4214434325695038 2.1442828774452201 2.3112172484397888
leaf_count=16 582 9 35 208 25 570 464 32 4 40 3 169 71 28 61 6 13 33 188 2 55 14 9 9
internal_value=0 -0.00626779 -0.00384783 -0.00623044 0.0147017 -0.00984223 -0.0156321 -0.0285647 -0.0329471 0.00249863 0.00694788 0.00135505 0.0135049 -0.0258084 0.0172621 0.00731985 0.023385 0.00811492 -0.0323371 -0.0209657 -0.0269082 -0.0286007 -0.039017 -0.0385956
internal_weight=0 769.034 684.296 606.411 77.8846 512.604 337.893 184.188 163.958 22.4744 20.2305 174.711 93.8073 84.7382 87.5004 13.9483 67.0494 30.2164 70.7898 25.0871 22.5095 5.8985 10.8352 6.30691
internal_count=2646 1985 1683 1568 115 1411 1034 661 626 44 35 377 157 302 132 29 71 58 273 85 83 23 44 25
is_linear=0
shrinkage=0.0224946


Tree=9
num_leaves=25
num_cat=0
split_feature=65 58 45 53 55 15 64 63 58 45 2 58 59 3 45 61 31 63 64 64 38 0 61 60
split_gain=140.959 69.1951 57.2148 81.7173 68.7919 62.8782 136.632 54.5169 62.2847 56.6086 49.7699 47.8472 34.8322 34.731 30.914 25.0464 24.3597 36.8992 9.62535 14.6555 6.47232 1.78373 0.766461 0.533775
threshold=11.500000000000002 11.500000000000002 115.00000000000001 1.5000000000000002 1.7500000000000002 1.0000000180025095e-35 25.750000000000004 15.500000000000002 23.500000000000004 7.5000000000000009 8.5000000000000018 -1.4999999999999998 -249.99999999999997 2.5000000000000004 25.000000000000004 0.38819444444444451 1.5000000000000002 5.5000000000000009 10.65 10.15 8.5000000000000018 1.0000000180025095e-35 0.53181818181818186 0.06030303030303031
decision_type=2 2 2 2 2 2 2 2 2 2 2 2 2 2 2 2 2 2 2 2 2 2 2 2
left_child=1 2 3 13 22 11 -7 8 -2 -10 -9 -5 15 23 -15 21 17 -6 19 20 -14 -3 -4 -1
right_child=7 12 4 5 16 6 -8 10 9 -11 -12 -13 18 14 -16 -17 -18 -19 -20 -21 -22 -23 -24 -25
leaf_value=-0.042837937708312478 -0.037969436976437801 -0.01346040156195598 -0.041255271751177165 -0.018584534126477242 -0.041090706806003345 -0.0069449525935284815 -0.039820794296182731 -0.03795117939768456 0.033752317285696692 -0.038490049061345913 0.034793942222800807 0.0082879722264312672 -0.039529719208570874 0.024661511413661734 -0.0061471585648575659 0.033067398066694391 0.035224807018710655 0.020555269598012894 -0.037967211332719776 0.030313859944257185 -0.015259421299868082 -0.038647562124236437 -0.026047682312561073 -0.029011321352243453
leaf_weight=3.9891452044248572 140.52880677580833 2.4712569341063491 8.6613137573003751 45.248743459582329 6.1742168217897442 251.66257084906101 85.769073680043221 7.7269282341003427 12.668097227811815 9.680231034755705 12.38006204366684 129.39846569299698 10.289137065410619 65.364564053714275 22.029819771647453 8.0082033276557905 36.704684644937515 24.009855046868324 45.394369900226593 2.5663509964942923 12.138275533914564 3.4030054360628128 2.1418338716030112 2.3061355650424957
leaf_count=16 582 9 35 146 25 684 350 32 4 40 3 231 42 71 61 6 13 33 188 2 41 14 9 9
internal_value=0 -0.00613758 -0.00376606 -0.006097 0.014407 -0.00963103 -0.0153019 -0.0281082 -0.0324222 0.00245599 0.00683348 0.00132505 -0.0253697 0.0132178 0.0168946 0.00718924 0.0229145 0.00794051 -0.0317924 -0.0205717 -0.0264007 -0.0280751 -0.0382542 -0.0377987
internal_weight=0 767.731 683.46 605.769 77.6919 512.079 337.432 182.984 162.877 22.3483 20.107 174.647 84.2706 93.6897 87.3944 13.8825 66.8888 30.1841 70.3881 24.9938 22.4274 5.87426 10.8031 6.29528
internal_count=2646 1985 1683 1568 115 1411 1034 661 626 44 35 377 302 157 132 29 71 58 273 85 83 23 44 25
is_linear=0
shrinkage=0.0224946


Tree=10
num_leaves=25
num_cat=0
split_feature=65 58 45 53 55 64 3 63 58 45 2 61 59 3 58 61 31 63 64 64 5 61 61 54
split_gain=136.207 66.6604 54.7896 78.1865 65.9459 60.437 132.259 52.4909 60.0198 54.4343 47.8839 45.4203 33.5066 33.2529 29.7396 24.0618 23.4439 35.354 9.36587 14.0605 6.38086 1.76633 0.743998 0.520572
threshold=11.500000000000002 11.500000000000002 115.00000000000001 1.5000000000000002 1.7500000000000002 25.750000000000004 6.5000000000000009 15.500000000000002 23.500000000000004 7.5000000000000009 8.5000000000000018 0.27806414662084772 -249.99999999999997 2.5000000000000004 -2.4999999999999996 0.38819444444444451 1.5000000000000002 5.5000000000000009 10.65 10.15 1.0000000180025095e-35 0.24871134020618557 0.53181818181818186 35.150000000000013
decision_type=2 2 2 2 2 2 2 2 2 2 2 2 2 2 2 2 2 2 2 2 2 2 2 2
left_child=1 2 3 13 22 11 -7 8 -2 -10 -9 -5 15 23 -15 21 17 -6 19 20 -14 -3 -4 -1
right_child=7 12 4 5 16 6 -8 10 9 -11 -12 -13 18 14 -16 -17 -18 -19 -20 -21 -22 -23 -24 -25
leaf_value=-0.042026224194088947 -0.037392835168380517 -0.03813201616095558 -0.040498724705419029 0.0010500927498682234 -0.04034487586826184 0.0030685554925873825 -0.039422629494619735 -0.037374763333861707 0.033175168617391795 -0.037889208724754285 0.034225994011825342 -0.016110221795323152 -0.011256273100293918 -0.021469888308511119 0.021074649619096279 0.032508434108774846 0.034573463062723103 0.020105506296456379 -0.037390630929877974 0.02977531936320682 -0.035782993094102974 -0.01302046716542178 -0.025499959869906452 -0.028354269218446162
leaf_weight=3.9794885218143454 139.49753665924072 3.382626071572302 8.6250881254672986 245.42822982370853 6.1472458541393307 64.525046080350876 87.090080365538597 7.6702775955200204 12.599379673600199 9.6133229881525022 12.303297340869904 114.43128590285778 9.0043095499277168 9.3024038523435575 77.968232616782188 7.9632097780704498 36.556667730212212 23.994999811053276 45.061281263828278 2.5541760474443427 13.339521735906599 2.4654594212770462 2.1387110203504553 2.2997924983501434
leaf_count=16 582 14 35 564 25 121 357 32 4 40 3 369 29 33 99 6 13 33 188 2 54 9 9 9
internal_value=0 -0.00601151 -0.00368686 -0.00596752 0.0141249 -0.00942595 -0.0213388 -0.0276749 -0.0319243 0.00241518 0.00672456 -0.00440654 -0.024949 0.01294 0.0165383 0.00706384 0.0224635 0.00777227 -0.0312702 -0.0201873 -0.0259049 -0.0275689 -0.0375324 -0.0370445
internal_weight=0 766.258 682.487 605.025 77.4627 511.475 151.615 181.684 161.71 22.2127 19.9736 359.86 83.7706 93.5499 87.2706 13.8113 66.6989 30.1422 69.9593 24.898 22.3438 5.84809 10.7638 6.27928
internal_count=2646 1985 1683 1568 115 1411 478 661 626 44 35 933 302 157 132 29 71 58 273 85 83 23 44 25
is_linear=0
shrinkage=0.0224946


Tree=11
num_leaves=28
num_cat=0
split_feature=65 58 60 64 58 54 7 65 55 64 64 63 58 52 2 28 54 59 61 53 64 64 42 0 15 64 45
split_gain=131.731 64.2622 52.8387 92.1633 89.9252 78.3357 70.3256 64.9662 56.4955 52.181 55.5467 50.5703 57.8732 52.6979 46.0934 33.2142 32.956 32.2499 23.1251 11.906 9.12245 13.4951 6.32341 1.73768 0.307424 0.0555964 0.0437758
threshold=11.500000000000002 11.500000000000002 0.062828947368421054 22.250000000000004 -1.4999999999999998 39.650000000000013 46.500000000000007 6.5000000000000009 1.8500000000000003 19.050000000000004 12.700000000000001 15.500000000000002 23.500000000000004 7.5000000000000009 8.5000000000000018 1.0000000180025095e-35 42.050000000000004 -249.99999999999997 0.38819444444444451 12.500000000000002 10.65 10.15 0.97222222222222232 1.0000000180025095e-35 1.5000000000000002 57.050000000000004 105.00000000000001
decision_type=2 2 2 2 2 2 2 2 2 2 2 2 2 2 2 2 2 2 2 2 2 2 2 2 2 2 2
left_child=1 2 4 9 6 8 16 -8 -6 10 -4 12 -2 -14 -13 -7 -1 18 23 -11 21 22 -19 -3 26 -26 -5
right_child=11 17 3 24 5 15 7 -9 -10 19 -12 14 13 -15 -16 -17 -18 20 -20 -21 -22 -23 -24 -25 25 -27 -28
leaf_value=-0.032455616705324541 -0.036845992172741059 -0.012646607262799916 -0.0049027621382632322 -0.042072473670504436 0.0018611879839758906 -0.03993569313148377 0.021016384469439722 -0.040680407208996523 0.022261875031245288 0.0039639250603866766 -0.043115912617858958 -0.036828067464129741 0.032718721624308687 -0.037440896237807032 0.033683266132536131 0.013308055524203326 0.023493996956236558 -0.03079301329041206 0.031972517080652754 0.03646189174511285 -0.036843803607197814 0.029256717797603179 0.0013546973184910564 -0.037604664701077664 -0.039707383957728506 -0.037163461128472172 -0.045339034909824057
leaf_weight=71.127116993069649 138.3958026766777 2.4595863446593267 156.95433539152145 15.087781369686128 144.96742427349091 22.982303559780124 36.596856750547886 11.300454795360563 130.55471935868263 8.7935597747564334 21.937725767493248 7.6097564697265634 12.524782419204714 9.542015001177786 12.221283763647079 7.9850552678108206 5.7550599277019492 18.540861219167716 7.9151386618614197 16.270024597644806 44.705436706542969 2.5411673486232749 3.710649460554122 3.360532820224762 18.628007873892788 8.5869027674198133 3.9533450901508322
leaf_count=269 582 9 442 61 316 92 53 46 141 18 88 32 4 40 3 14 7 72 6 8 188 2 11 14 76 36 16
internal_value=0 -0.00588865 -0.00360955 -0.0118329 0.00116127 0.00771547 -0.0149367 0.00645721 0.0115283 -0.00533061 -0.00958985 -0.0272635 -0.0314517 0.00237623 0.00662074 -0.026204 -0.0282658 -0.0245474 0.00694331 0.0250647 -0.0307722 -0.0198183 -0.0254289 -0.0270808 -0.0404996 -0.038911 -0.0427606
internal_weight=0 764.714 681.481 250.212 431.269 306.49 124.779 47.8973 275.522 203.956 178.892 180.294 160.463 22.0668 19.831 30.9674 76.8822 83.2334 13.7353 25.0636 69.4981 24.7927 22.2515 5.82012 46.256 27.2149 19.0411
internal_count=2646 1985 1683 745 938 563 375 99 457 556 530 661 626 44 35 106 276 302 29 26 273 85 83 23 189 112 77
is_linear=0
shrinkage=0.0224946


Tree=12
num_leaves=26
num_cat=0
split_feature=65 58 15 59 60 41 64 41 42 52 63 58 45 2 41 5 59 61 64 64 64 58 64 45 53
split_gain=127.531 61.9967 51.072 59.2466 61.6982 86.5231 54.1867 51.8874 48.9366 51.9747 48.7468 55.8388 50.7226 44.3918 42.3849 37.7998 31.056 22.2333 14.5796 8.89534 12.9567 6.31336 1.72352 0.0692739 0.0622061
threshold=11.500000000000002 11.500000000000002 1.5000000000000002 650.00000000000011 0.059262510974539058 1.2500000000000002 55.45000000000001 9.0500000000000025 0.17424242424242423 125.00000000000001 15.500000000000002 23.500000000000004 7.5000000000000009 8.5000000000000018 1.2500000000000002 1.0000000180025095e-35 -249.99999999999997 0.38819444444444451 3.7500000000000004 10.65 10.15 14.500000000000002 8.0500000000000025 115.00000000000001 1.5000000000000002
decision_type=2 2 2 2 2 2 2 2 2 2 2 2 2 2 2 2 2 2 2 2 2 2 2 2 2
left_child=1 2 3 4 5 -1 8 18 15 -10 11 -2 -13 -12 -6 -4 17 22 -5 20 21 -18 -3 24 -8
right_child=10 16 6 7 14 -7 23 -9 9 -11 13 12 -14 -15 -16 -17 19 -19 -20 -21 -22 -23 -24 -25 -26
leaf_value=-0.016441946464269649 -0.036326777886805203 -0.012229053132132574 -0.035216370250494879 0.008812021012799898 0.0038164014959346537 0.020563235944195655 -0.040770502024100819 0.039227278985668697 -0.013248419374338535 0.025362313856607626 -0.036308966716380148 0.032185673371117739 -0.036896027528027904 0.03316396800531677 -0.02680915834879153 0.021014622296915624 -0.010078698392348165 0.031458038877360026 -0.043082577153007916 -0.036324606343060159 0.028756711762583577 -0.034666492697846621 -0.037139499479388348 -0.040700792664442806 -0.036525224024354416
leaf_weight=39.952510163187981 137.22941538691521 2.4530195444822294 6.9951470196247092 3.0682943761348751 54.980495542287827 159.9767861366272 2.4681801497936275 5.2938164025545111 250.2081860974431 18.976023390889168 7.5456829071044931 12.446754097938539 9.4660297036170942 12.134451150894165 39.140928506851196 44.599457174539566 8.7415907233953529 7.8642413318157196 25.304637283086777 44.32870477437973 2.5273931473493567 13.410786688327788 3.3374194502830505 3.4327932000160208 26.256828248500824
leaf_count=118 582 9 29 9 133 184 10 2 759 18 32 4 40 3 137 57 28 6 102 188 2 55 14 14 111
internal_value=0 -0.00576724 -0.00353296 0.00286132 0.00609791 0.0131679 -0.00947054 -0.0254036 -0.00667936 -0.0105261 -0.0268722 -0.0310023 0.00233886 0.00652165 -0.00891892 0.013388 -0.0241629 0.00682732 -0.0374675 -0.0302961 -0.0194621 -0.0249696 -0.02661 -0.0373079 -0.0368962
internal_weight=0 763.317 680.654 327.717 294.051 199.929 352.937 33.6667 320.779 269.184 178.822 159.142 21.9128 19.6801 94.1214 51.5946 82.6632 13.6547 28.3729 69.0085 24.6798 22.1524 5.79044 32.1578 28.725
internal_count=2646 1985 1683 685 572 302 998 113 863 777 661 626 44 35 270 86 302 29 111 273 85 83 23 135 121
is_linear=0
shrinkage=0.0224946


Tree=13
num_leaves=26
num_cat=0
split_feature=65 58 45 53 55 64 42 63 58 52 2 61 3 59 45 31 63 61 64 64 38 0 61 60 45
split_gain=123.552 59.8436 49.5789 72.6275 61.4904 57.4398 122.206 47.0143 53.9061 49.1573 42.7729 41.7739 31.6813 29.9209 28.5313 21.3856 33.0526 21.3835 8.68276 12.4437 6.29985 1.69846 0.701716 0.539677 0.0151688
threshold=11.500000000000002 11.500000000000002 115.00000000000001 1.5000000000000002 1.7500000000000002 25.750000000000004 0.87083333333333346 15.500000000000002 23.500000000000004 7.5000000000000009 8.5000000000000018 0.27806414662084772 2.5000000000000004 -249.99999999999997 25.000000000000004 1.5000000000000002 5.5000000000000009 0.38819444444444451 10.65 10.15 8.5000000000000018 1.0000000180025095e-35 0.53181818181818186 0.06030303030303031 12.500000000000002
decision_type=2 2 2 2 2 2 2 2 2 2 2 2 2 2 2 2 2 2 2 2 2 2 2 2 2
left_child=1 2 3 12 22 11 -7 8 -2 -10 -9 -5 23 17 -14 16 -6 21 19 20 -15 -3 -4 -1 -11
right_child=7 13 4 5 15 6 -8 10 9 24 -12 -13 14 18 -16 -17 -18 -19 -20 -21 -22 -23 -24 -25 -26
leaf_value=-0.041340899430987774 -0.035833270963022475 -0.011875110434564821 -0.039406895726346557 0.0011479881293444392 -0.039183482167278759 -0.039131569339779057 0.0016257600128335376 -0.035815543186652067 0.03177014413427906 -0.038930770199575408 0.032666470526862404 -0.015322520769665721 0.023633439178658514 -0.037633406744476211 -0.0060044873034413348 0.033291041078671597 0.019509616495659864 0.030963521063001521 -0.035831108125471106 0.028274073148323069 -0.013477741847076782 -0.036660925662052611 -0.024805094501878327 -0.027399354571915578 -0.03575273423950303
leaf_weight=3.967234566807746 136.00381243228912 2.4465798512101156 8.5536002218723279 245.21016851067543 6.0877679139375713 82.089715674519539 68.103704735636711 7.4783558845520028 12.363507464528086 2.1505141854286176 12.043205440044403 114.20507928729057 65.002031408250332 10.07820032536984 21.990748077630997 36.161841228604317 23.92766484618187 7.8107560873031616 43.932850360870361 2.5129177272319785 11.968925431370733 3.3126701712608337 2.1315335780382147 2.2852713465690613 7.235998272895813
leaf_count=16 582 9 35 564 25 339 139 32 4 9 3 369 71 42 61 13 33 6 188 2 41 14 9 9 31
internal_value=0 -0.00564932 -0.00345844 -0.00562782 0.0135552 -0.00896769 -0.0206503 -0.0264997 -0.0305748 0.0023031 0.00642695 -0.0040854 0.0126243 -0.0237944 0.0161404 0.0216407 0.00760053 0.00671556 -0.0298404 -0.0191184 -0.0245264 -0.026155 -0.0365078 -0.0362707 -0.0364992
internal_weight=0 761.779 679.716 602.854 76.8624 509.609 150.193 177.275 157.754 21.75 19.5216 359.415 93.2453 82.0629 86.9928 66.1773 30.0154 13.57 68.4929 24.56 22.0471 5.75925 10.6851 6.25251 9.38651
internal_count=2646 1985 1683 1568 115 1411 478 661 626 44 35 933 157 302 132 71 58 29 273 85 83 23 44 25 40
is_linear=0
shrinkage=0.0224946


Tree=14
num_leaves=27
num_cat=0
split_feature=65 58 15 59 60 41 64 41 42 64 63 58 62 2 41 47 59 61 64 64 64 64 61 45 53 58
split_gain=119.765 57.7836 48.2507 56.1419 57.9188 81.5495 51.5412 49.4097 46.4248 50.0886 45.3658 52.0706 47.6133 41.2313 40.6457 36.5201 28.8366 20.5731 13.8372 8.48995 11.9517 6.22819 1.69827 0.08424 0.0768127 0.0451892
threshold=11.500000000000002 11.500000000000002 1.5000000000000002 650.00000000000011 0.059262510974539058 1.2500000000000002 55.45000000000001 9.0500000000000025 0.17424242424242423 22.250000000000004 15.500000000000002 23.500000000000004 1.5000000000000002 8.5000000000000018 1.2500000000000002 40.150000000000013 -249.99999999999997 0.38819444444444451 3.7500000000000004 10.65 10.15 5.3500000000000005 0.24871134020618557 115.00000000000001 1.5000000000000002 25.500000000000004
decision_type=2 2 2 2 2 2 2 2 2 2 2 2 2 2 2 2 2 2 2 2 2 2 2 2 2 2
left_child=1 2 3 4 5 -1 8 18 15 -10 11 -2 -13 -12 -6 -4 17 22 -5 20 21 -18 -3 24 -8 -14
right_child=10 16 6 7 14 -7 23 -9 9 -11 13 12 25 -15 -16 -17 19 -19 -20 -21 -22 -23 -24 -25 -26 -27
leaf_value=-0.015908678419677406 -0.035363718850629083 -0.036271490370212968 -0.0062861645829162798 0.0085585634978944392 0.0039018374859308984 0.020047050625883311 -0.040278916403998027 0.038388466462720545 -0.00482755393517825 -0.02775186867080898 -0.035346044809976267 0.030876451260603257 -0.039858228045337341 0.032189280149598674 -0.026112278248769483 0.031632508830219369 -0.013095823332795454 0.030487617012825263 -0.04201989097752145 -0.035361561016513082 0.027807672814313393 -0.037173882561129072 -0.011425991980604091 -0.040194027885291458 -0.035666301213141904 -0.035607825246760844
leaf_weight=39.901278272271156 134.72415393590927 3.2881399393081647 25.106682434678078 3.0666699707508114 54.942300692200661 159.46765503287315 2.4586756527423921 5.2844003587961188 205.50596279650927 63.020917937159538 7.4080591201782235 12.452668190002443 2.4056654274463636 11.947930753231049 39.055538192391396 26.321908071637154 11.928399398922926 7.7549073100090027 25.203566372394562 43.519534707069397 2.4978019744157782 10.013939410448073 2.4384760558605194 3.4105421900749198 25.84606409072876 6.722628116607666
leaf_count=118 582 14 70 9 133 184 10 2 553 224 32 5 10 3 137 16 41 6 102 188 2 42 9 14 111 29
internal_value=0 -0.00553543 -0.00338652 0.00283445 0.00598734 0.0128504 -0.00916989 -0.0247272 -0.00645814 -0.0102082 -0.0261446 -0.0301674 0.0022685 0.00633635 -0.00856834 0.0131202 -0.0234392 0.00660776 -0.0365302 -0.0294009 -0.0187814 -0.024091 -0.0257152 -0.0365219 -0.0360732 -0.036747
internal_weight=0 760.033 678.592 326.921 293.367 199.369 351.671 33.5546 319.955 268.527 175.661 156.305 21.581 19.356 93.9978 51.4286 81.4412 13.4815 28.2702 67.9597 24.4401 21.9423 5.72662 31.7153 28.3047 9.12829
internal_count=2646 1985 1683 685 572 302 998 113 863 777 661 626 44 35 270 86 302 29 111 273 85 83 23 135 121 39
is_linear=0
shrinkage=0.0224946


Tree=15
num_leaves=25
num_cat=0
split_feature=65 58 45 53 55 64 3 63 58 45 2 17 3 59 45 31 63 61 64 64 7 0 61 60
split_gain=116.166 55.8256 47.4909 68.0353 58.8077 54.3683 117.297 43.7894 50.351 45.9469 39.762 39.6353 30.2445 27.8033 26.9713 20.2543 31.5917 19.7995 8.30986 11.482 6.17927 1.66496 0.694057 0.540614
threshold=11.500000000000002 11.500000000000002 115.00000000000001 1.5000000000000002 1.7500000000000002 25.750000000000004 6.5000000000000009 15.500000000000002 23.500000000000004 7.5000000000000009 8.5000000000000018 2.5000000000000004 2.5000000000000004 -249.99999999999997 25.000000000000004 1.5000000000000002 5.5000000000000009 0.38819444444444451 10.65 10.15 5.5000000000000009 1.0000000180025095e-35 0.53181818181818186 0.06030303030303031
decision_type=2 2 2 2 2 2 2 2 2 2 2 2 2 2 2 2 2 2 2 2 2 2 2 2
left_child=1 2 3 12 22 11 -7 8 -2 -10 -9 -5 23 17 -14 16 -6 21 19 20 -15 -3 -4 -1
right_child=7 13 4 5 15 6 -8 10 9 -11 -12 -13 14 18 -16 -17 -18 -19 -20 -21 -22 -23 -24 -25
leaf_value=-0.040697804908459638 -0.034916524934780445 -0.011141624526071961 -0.03864301955290271 -0.0021764292302105096 -0.038345260081717437 0.0028798553168440412 -0.037424614955985556 -0.034898877572087941 0.030908140236125706 -0.035610133131905732 0.031731026516861653 -0.035698009328581901 0.02301051909106654 -0.0091779838244890506 -0.0058367171604795393 0.032698337755262881 0.019251056658302478 0.030029086240010598 -0.034914371306372996 0.027356469865191718 -0.033563891536100232 -0.035804020867360765 -0.024093204808167078 -0.026717928154526893
leaf_weight=3.9518318921327582 133.39530515670776 2.4325359687209112 8.4894828200340253 340.28818449378014 6.0329914391040829 64.089288949966431 84.975790098309517 7.3350596427917489 12.188086822628977 9.232461676001547 11.848989367485046 18.834186762571335 64.714241944253445 8.8643134981393867 21.960442006587982 35.903508633375168 23.895028680562973 7.6969077289104462 43.09032940864563 2.482103317975997 12.96872742474079 3.2602501958608627 2.1241517812013617 2.2738845944404602
leaf_count=16 582 9 35 860 25 121 357 32 4 40 3 73 71 29 61 13 33 6 188 2 54 14 9 9
internal_value=0 -0.00542357 -0.00331577 -0.00543972 0.0133835 -0.00867556 -0.0200957 -0.0258035 -0.0297759 0.00223359 0.00624957 -0.00393492 0.01226 -0.0230976 0.0157007 0.0213064 0.00763575 0.00650361 -0.0289789 -0.0184547 -0.0236689 -0.0252891 -0.0357448 -0.035617
internal_weight=0 758.328 677.533 601.088 76.4452 508.187 149.065 174 154.816 21.4205 19.184 359.122 92.9004 80.7952 86.6747 65.8315 29.928 13.3897 67.4055 24.3151 21.833 5.69279 10.6136 6.22572
internal_count=2646 1985 1683 1568 115 1411 478 661 626 44 35 933 157 302 132 71 58 29 273 85 83 23 44 25
is_linear=0
shrinkage=0.0224946


Tree=16
num_leaves=27
num_cat=0
split_feature=65 59 15 64 47 64 52 41 41 63 58 52 54 47 2 63 63 41 65 65 63 39 53 57 45 56
split_gain=112.738 54.4477 54.3463 78.4759 90.4488 53.5374 50.5713 48.1766 48.0121 42.2937 48.6866 44.5729 40.2495 45.6204 38.3604 37.3161 35.9315 32.5961 14.0208 12.2795 11.6311 6.56789 0.188827 0.0558692 0.0161847 0.0108072
threshold=11.500000000000002 650.00000000000011 1.5000000000000002 25.750000000000004 42.45000000000001 63.350000000000001 135.00000000000003 1.2500000000000002 9.0500000000000025 15.500000000000002 23.500000000000004 7.5000000000000009 40.550000000000004 39.050000000000004 8.5000000000000018 2.5000000000000004 7.5000000000000009 1.7500000000000002 2.5000000000000004 1.5000000000000002 13.500000000000002 1.5000000000000002 1.5000000000000002 1.7500000000000002 12.500000000000002 0.56696428571428581
decision_type=2 2 2 2 2 2 2 2 2 2 2 2 2 2 2 2 2 2 2 2 2 2 2 2 2 2
left_child=1 2 5 12 22 15 8 23 19 10 -2 -12 13 -4 -11 18 -17 -9 -1 20 -3 -21 -5 -7 -13 -14
right_child=9 6 3 4 -6 7 -8 17 -10 14 11 24 25 -15 -16 16 -18 -19 -20 21 -22 -23 -24 -25 -26 -27
leaf_value=0.0034223664697647935 -0.034490233071931629 -0.027899285021819278 -0.0072161393362790236 -0.040686659579756083 0.025318718289864216 -0.039038496288259061 0.021140782852514469 0.035679533401768777 0.03766117641992512 -0.034472588459908693 0.030539385753134328 -0.037727756771405753 -0.042038847091506341 0.013761564666186934 0.031290463277396069 0.010891939659988697 -0.0074440339291072461 0.0022809156999067906 -0.04141358906547913 -0.014729034870214085 0.03210933104243497 -0.037755272247253203 -0.036292023972461486 -0.044205877482115921 -0.034504706696270739 -0.03964264059713099
leaf_weight=4.5882457196712521 132.02183648943901 4.0447152331471434 171.22555958479643 5.863048017024993 14.100990280508993 2.9173196405172339 12.234259724617003 48.366459831595421 5.2723238021135321 7.2596087455749521 12.093839302659037 2.1071548461914045 8.9385685771703702 75.621433302760124 11.746720820665359 102.3720361739397 114.62668126821518 21.305203229188919 15.236052855849264 6.9982783943414679 2.7386273145675659 61.43249024450779 71.38708308339119 2.9440114498138428 7.0370345860719681 4.1296237111091605
leaf_count=13 582 17 487 24 11 12 13 9 2 32 4 9 36 138 3 195 308 41 62 21 6 256 305 12 31 17
internal_value=0 -0.00531609 -0.00305992 -0.00913025 -0.0270645 0.00376635 -0.0214626 0.0202563 -0.0279399 -0.02548 -0.0294051 0.00220183 -0.0028265 -0.000789235 0.00616636 -0.00149281 0.00120586 0.025468 -0.0310333 -0.0325405 -0.00365746 -0.0354022 -0.0366279 -0.0416648 -0.035266 -0.0412953
internal_weight=0 756.343 663.622 351.266 91.3511 312.356 92.7207 75.533 80.4864 172.266 153.26 21.238 259.915 246.847 19.0063 236.823 216.999 69.6717 19.8243 75.2141 6.78334 68.4308 77.2501 5.86133 9.14419 13.0682
internal_count=2646 1985 1670 1018 340 652 315 74 302 661 626 44 678 625 35 578 503 50 75 300 23 277 329 24 40 53
is_linear=0
shrinkage=0.0224946


Tree=17
num_leaves=28
num_cat=0
split_feature=65 58 60 64 58 54 7 65 55 39 64 63 58 62 2 28 54 59 61 64 64 64 58 64 15 64 58
split_gain=109.506 52.8288 44.2462 81.5402 78.5221 68.9936 64.7338 58.352 48.8026 47.7726 47.1606 40.8666 47.101 43.2486 37.0221 30.4902 29.8534 26.5593 18.9827 18.4659 8.06616 11.0859 6.12329 1.65121 0.336529 0.0944934 0.0504367
threshold=11.500000000000002 11.500000000000002 0.062828947368421054 22.250000000000004 -1.4999999999999998 39.650000000000013 46.500000000000007 6.5000000000000009 1.8500000000000003 8.5000000000000018 19.050000000000004 15.500000000000002 23.500000000000004 1.5000000000000002 8.5000000000000018 1.0000000180025095e-35 42.050000000000004 -249.99999999999997 0.38819444444444451 6.1500000000000012 10.65 10.15 14.500000000000002 8.0500000000000025 1.5000000000000002 26.450000000000003 25.500000000000004
decision_type=2 2 2 2 2 2 2 2 2 2 2 2 2 2 2 2 2 2 2 2 2 2 2 2 2 2 2
left_child=1 2 4 9 6 8 16 -8 -6 10 -4 12 -2 -14 -13 -7 -1 18 23 -11 21 22 -19 -3 -5 -26 -15
right_child=11 17 3 24 5 15 7 -9 -10 19 -12 14 13 26 -16 -17 -18 20 -20 -21 -22 -23 -24 -25 25 -27 -28
leaf_value=-0.030817573824293291 -0.034083503993892351 -0.010668983401213113 -0.0032671453927073076 -0.040457112762165896 0.001966886270886219 -0.03800534019853271 0.020405490147953172 -0.038639532034199092 0.021033025113575344 -0.0090767688618264789 0.032319517469596958 -0.034065839902524084 0.029729934598171148 -0.038782873182364654 0.030866440293878326 0.013232565272208058 0.022488260476517575 -0.0083683290700359465 0.029621045374455368 -0.03484799176468855 -0.03423635051766262 0.027142548134739299 -0.032815754769653968 -0.035317267201332811 -0.0396714620550098 -0.035735422242552918 -0.034341113771178829
leaf_weight=70.165836825966835 130.60808417201042 2.423371843993662 124.75384137034416 18.794833496212959 143.64845182001591 22.585431039333347 36.484307460486889 11.026521384716032 128.8957107514143 27.52545753121376 22.193276956677437 7.1819438934326181 12.164503931999208 2.3665576726198179 11.641447693109512 7.9392013549804679 5.7485072165727606 8.6265264749527031 7.6415362060070038 28.802541226148605 42.360747829079628 2.4742818325757971 13.035864278674124 3.2215183228254318 4.4104660451412228 21.823254764080048 6.5197674334049225
leaf_count=269 582 9 348 77 316 92 53 46 141 85 15 32 5 10 3 14 7 28 6 108 188 2 55 14 18 94 29
internal_value=0 -0.00520916 -0.00316239 -0.0107115 0.00123251 0.00739223 -0.0138918 0.0066991 0.0109843 -0.00464381 0.00210737 -0.0251707 -0.0290508 0.00217098 0.00608649 -0.0246762 -0.0267794 -0.0225188 0.00651072 -0.0222569 -0.0283202 -0.0179314 -0.0230859 -0.024759 -0.0380995 -0.0364038 -0.0355433
internal_weight=0 754.581 674.798 248.304 426.494 303.069 123.425 47.5108 272.544 203.275 146.947 170.482 151.659 21.0508 18.8234 30.5246 75.9143 79.7838 13.2864 56.328 66.4974 24.1367 21.6624 5.64489 45.0286 26.2337 8.88633
internal_count=2646 1985 1683 745 938 563 375 99 457 556 363 661 626 44 35 106 276 302 29 193 273 85 83 23 189 112 39
is_linear=0
shrinkage=0.0224946


Tree=18
num_leaves=28
num_cat=0
split_feature=65 53 55 64 2 49 64 38 49 31 7 39 63 58 45 60 45 48 40 38 3 60 0 40 48 61 64
split_gain=106.398 52.4238 66.4459 111.54 78.1185 63.7894 60.3784 52.6298 44.2372 41.7254 41.1259 40.9586 39.4982 45.6118 41.7718 35.8914 34.7619 27.8489 23.9792 23.1807 22.0909 21.7809 24.618 19.4708 11.3449 8.5458 6.0723
threshold=11.500000000000002 1.5000000000000002 1.8500000000000003 11.15 1.5000000000000002 0.97222222222222232 18.750000000000004 45.000000000000007 0.19375000000000003 1.0000000180025095e-35 110.50000000000001 11.500000000000002 15.500000000000002 23.500000000000004 7.5000000000000009 0.047394429469901155 11.500000000000002 1.6500000000000001 37.45000000000001 135.00000000000003 2.5000000000000004 0.061313999283924052 1.0000000180025095e-35 37.050000000000004 0.25000000000000006 0.19139194139194138 3.8500000000000001
decision_type=2 2 2 2 2 2 2 2 2 2 2 2 2 2 2 2 2 2 2 2 2 2 2 2 2 2 2
left_child=1 16 3 10 8 19 7 -6 -4 -7 17 -10 13 -2 -15 -14 20 -3 23 -5 -1 25 -23 -18 -20 -22 -12
right_child=12 2 4 5 6 9 -8 -9 11 -11 26 -13 15 14 -16 -17 18 -19 24 -21 21 22 -24 -25 -26 -27 -28
leaf_value=-0.032654745154065266 -0.033695123785591301 0.0074282437274065857 -0.041273541195968849 -0.038060539386146577 -0.017370773370826275 -0.038323326262497681 -0.036580992692251714 0.022906788113962226 0.012712384838458162 0.020986400944183237 -0.016907909841726673 -0.022115958546037279 -0.035805207166235371 0.029774480554963637 -0.034495621312996223 0.029310175531492219 -0.020670801236532435 -0.01541090883322109 0.0051998956538808917 0.0042974710509529014 0.017938095821655144 0.031575813577687774 -0.033223409674352514 0.03495820840153175 -0.039705678166893847 0.035893743830054871 -0.041539264425378822
leaf_weight=4.0018467754125586 129.15810692310333 113.05723448842764 9.0204288661479932 116.61344434320927 45.258255779743195 8.8022000193595904 42.821633487939835 25.755051761865616 190.83689665794373 18.853613421320915 8.5129723399877566 18.762230232357979 6.6667957305908212 11.899701148271562 8.9735533297061902 11.968966662883759 5.4347526431083697 35.493303507566452 3.7114622145891181 6.9216866791248313 24.382391542196274 5.1788568645715696 6.9373201131820679 7.6764728128910065 12.166998520493506 29.902433000504971 12.569938406348227
leaf_count=16 582 269 37 491 149 37 184 34 304 24 30 62 30 4 40 5 20 116 10 15 31 7 27 7 50 14 51
internal_value=0 -0.00510558 -0.00742127 -0.0147241 -0.000373579 -0.0287733 -0.0154847 -0.00276152 0.00749448 0.00210489 -0.00220172 0.00959413 -0.0248725 -0.0287091 0.00213969 0.00600973 0.0101138 0.00197056 -0.0106151 -0.0356865 0.0186506 0.0217449 -0.00551866 0.0118937 -0.0292051 0.0278315 -0.0316004
internal_weight=0 752.671 653.279 320.824 332.454 151.191 113.835 71.0133 218.62 27.6558 169.633 209.599 168.667 150.031 20.8733 18.6358 99.3925 148.551 28.9897 123.535 70.4028 66.401 12.1162 13.1112 15.8785 54.2848 21.0829
internal_count=2646 1985 1803 1033 770 567 367 183 403 61 466 366 661 626 44 35 182 385 87 506 95 79 34 27 60 45 81
is_linear=0
shrinkage=0.0224946


Tree=19
num_leaves=26
num_cat=0
split_feature=65 59 15 64 47 58 59 42 52 41 63 58 52 54 47 61 64 65 63 53 53 49 64 64 49
split_gain=103.421 50.8085 49.3815 72.5702 84.9025 49.737 50.5818 47.5084 46.4867 44.0762 38.227 44.1658 40.5548 37.7788 42.4987 34.9323 33.1208 11.7987 11.1147 6.19121 0.189516 0.120451 0.0618217 0.018108 0.0168366
threshold=11.500000000000002 650.00000000000011 1.5000000000000002 25.750000000000004 42.45000000000001 13.500000000000002 475.00000000000006 0.14835164835164832 135.00000000000003 9.0500000000000025 15.500000000000002 23.500000000000004 7.5000000000000009 40.550000000000004 39.050000000000004 0.23610634648370496 63.350000000000001 1.5000000000000002 13.500000000000002 3.5000000000000004 1.5000000000000002 0.91287878787878796 4.9500000000000011 16.450000000000003 0.48333333333333339
decision_type=2 2 2 2 2 2 2 2 2 2 2 2 2 2 2 2 2 2 2 2 2 2 2 2 2
left_child=1 2 5 13 20 6 7 -1 9 17 11 -2 -13 14 -4 21 -8 18 -3 -19 -5 -12 -7 -15 -14
right_child=10 8 3 4 -6 22 16 -9 -10 -11 15 12 24 23 -16 -17 -18 19 -20 -21 -22 -23 -24 -25 -26
leaf_value=-0.04138433296569044 -0.033323957209608721 -0.026934001530726427 -0.0068443532163613369 -0.039597620724671802 0.024843607500714956 -0.038904631567631881 0.00422418955779621 0.002600936253503799 0.020263548292981385 0.036083931954130934 -0.033306530494879111 0.029443310588218259 -0.036363019012957694 -0.040932134930990578 0.013433462016038764 0.029035706666297307 0.032382710331925892 -0.014486844059693726 0.031783639568159744 -0.036653519817279212 -0.035177727903976538 -0.040363678168159174 -0.034238652939339552 -0.03836657462981935 -0.033309103965865325
leaf_weight=13.26803946495056 127.67575532197952 4.0200296714901915 170.73466243594885 5.8005046248435965 13.967729866504667 2.1026255935430553 37.075158938765526 195.13547417521477 12.141510158777235 5.2320564389228812 4.608858287334443 11.797098934650423 2.5184149593114835 8.3877148777246457 75.389114066958427 11.856135189533234 49.189382046461105 7.1505713164806357 2.7412271648645401 60.146607682108879 69.74104505777359 2.0064237415790558 13.949422001838682 4.5672659426927558 6.3602508902549744
leaf_count=54 582 17 487 24 11 9 82 430 13 2 21 4 11 34 138 5 15 22 6 255 305 9 62 19 29
internal_value=0 -0.00500435 -0.00282493 -0.00863723 -0.0260986 0.00369548 0.00579637 -0.000199455 -0.0207186 -0.0269955 -0.0245852 -0.0283849 0.00211122 -0.00260399 -0.000632746 0.00592681 0.020282 -0.0314541 -0.00311328 -0.0343 -0.0355194 -0.0354731 -0.0348606 -0.0400412 -0.0341941
internal_weight=0 750.74 659.308 348.588 89.5093 310.72 294.668 208.404 91.432 79.2905 166.823 148.352 20.6758 259.079 246.124 18.4714 86.2645 74.0584 6.76126 67.2972 75.5415 6.61528 16.052 12.955 8.87867
internal_count=2646 1985 1670 1018 340 652 581 484 315 302 661 626 44 678 625 35 97 300 23 277 329 30 71 53 40
is_linear=0
shrinkage=0.0224946


Tree=20
num_leaves=28
num_cat=0
split_feature=65 53 55 64 2 49 64 38 49 62 7 39 63 58 62 2 45 48 40 38 3 60 0 40 48 61 64
split_gain=100.567 49.0506 62.756 106.415 72.9475 61.1264 57.3373 49.754 41.9445 39.8637 39.4397 38.6924 37.0131 42.7846 39.4208 33.7225 32.7442 26.6767 22.7976 22.3105 20.9094 20.6299 23.4883 18.504 10.9018 8.12462 5.82872
threshold=11.500000000000002 1.5000000000000002 1.8500000000000003 11.15 1.5000000000000002 0.97222222222222232 18.750000000000004 45.000000000000007 0.19375000000000003 3.5000000000000004 110.50000000000001 11.500000000000002 15.500000000000002 23.500000000000004 1.5000000000000002 8.5000000000000018 11.500000000000002 1.6500000000000001 37.45000000000001 135.00000000000003 2.5000000000000004 0.061313999283924052 1.0000000180025095e-35 37.050000000000004 0.25000000000000006 0.19139194139194138 3.8500000000000001
decision_type=2 2 2 2 2 2 2 2 2 2 2 2 2 2 2 2 2 2 2 2 2 2 2 2 2 2 2
left_child=1 16 3 10 8 19 7 -6 -4 -7 17 -10 13 -2 -15 -14 20 -3 23 -5 -1 25 -23 -18 -20 -22 -12
right_child=12 2 4 5 6 9 -8 -9 11 -11 26 -13 15 14 -16 -17 18 -19 24 -21 21 22 -24 -25 -26 -27 -28
leaf_value=-0.031898218947295748 -0.032968977386332282 0.007355871172380222 -0.04034432186030916 -0.037283196463210863 -0.016833470463302289 0.020053353822142843 -0.035746806518032123 0.022356790890509199 0.012402145522340551 -0.038806817878312597 -0.016513796974019088 -0.021505255501537535 -0.033087181247307362 0.028709174938099366 -0.034498256467778543 0.029782974900755845 -0.020129180908397423 -0.015018337598761752 0.0052218565220803915 0.0043125158954015214 0.017485739827895651 0.030918941592756318 -0.032397361492638416 0.034169893625457262 -0.03883694900464222 0.035053121479112395 -0.0406848797123096
leaf_weight=3.9771461635828009 126.16463711857796 113.0417585298419 8.9545287638902646 115.13904421031475 45.138616122305393 19.171282738447193 42.098172277212143 25.73489573597908 190.15804100036621 8.3585801124572736 8.4969049543142336 18.700351446866989 6.9678767174482354 11.851612508296968 8.6233733445405942 11.337383180856705 5.419776454567911 35.407778456807137 3.7104215025901786 6.9126297086477271 24.25348474085331 5.1741231083869916 6.9348543956875801 7.6593536138534546 12.085997387766836 29.645797610282898 12.506045594811438
leaf_count=16 582 269 37 491 149 26 184 34 304 35 30 62 32 5 39 3 20 116 10 15 31 7 27 7 50 14 51
internal_value=0 -0.0049059 -0.00715176 -0.0142698 -0.000286259 -0.0280973 -0.0149542 -0.00260168 0.00732119 0.00217755 -0.00206312 0.00936561 -0.0243093 -0.0280742 0.00208348 0.00584592 0.00985528 0.00201854 -0.0102968 -0.0349266 0.0181711 0.0211902 -0.00533513 0.0116635 -0.0284837 0.0271508 -0.0309131
internal_weight=0 748.68 649.819 319.034 330.785 149.582 112.972 70.8735 217.813 27.5299 169.452 208.858 164.945 146.64 20.475 18.3053 98.861 148.45 28.8755 122.052 69.9854 66.0083 12.109 13.0791 15.7964 53.8993 21.003
internal_count=2646 1985 1803 1033 770 567 367 183 403 61 466 366 661 626 44 35 182 385 87 506 95 79 34 27 60 45 81
is_linear=0
shrinkage=0.0224946


Tree=21
num_leaves=27
num_cat=0
split_feature=65 59 48 64 61 53 41 7 52 41 63 58 45 49 7 40 60 45 52 54 7 65 63 53 15 14
split_gain=97.8484 48.2471 46.7816 103.414 102.934 92.3946 48.9984 45.7579 43.9668 41.7583 35.8168 41.4832 38.0853 32.9298 91.6872 50.0425 32.8114 26.0548 22.922 22.9082 18.6444 11.3602 10.5579 6.04244 0.599901 0.121083
threshold=11.500000000000002 650.00000000000011 2.1500000000000008 19.400000000000002 0.22140522875816995 1.5000000000000002 2.6500000000000008 103.00000000000001 135.00000000000003 9.0500000000000025 15.500000000000002 23.500000000000004 7.5000000000000009 0.56696428571428581 37.500000000000007 40.850000000000001 0.047394429469901155 135.00000000000003 10.500000000000002 35.850000000000001 222.00000000000003 1.5000000000000002 13.500000000000002 3.5000000000000004 1.5000000000000002 1.0000000180025095e-35
decision_type=2 2 2 2 2 2 2 2 2 2 2 2 2 2 2 2 2 2 2 2 2 2 2 2 2 2
left_child=1 2 3 7 13 6 -5 18 9 21 11 -2 -13 14 -4 -15 25 20 -1 -9 -6 22 -3 -23 -7 -12
right_child=10 8 4 5 17 24 -8 19 -10 -11 16 12 -14 15 -16 -17 -18 -19 -20 -21 -22 23 -24 -25 -26 -27
leaf_value=-0.0042252934157158036 -0.03262922711643361 -0.026227446959799821 -0.034058482295556525 -0.040298798329439806 -0.027281797585072123 -0.039167275308063375 0.029708401901399201 0.010071327763683123 0.019731898977669859 0.035209820379255276 -0.032636107750435982 0.028755209614627675 -0.033521620544175727 0.024034665347187338 0.022616248876612687 -0.028615267945973469 0.028350744067374988 0.023796424168974487 0.0093128166667625668 -0.034209287108196818 0.022652388823895541 -0.013930346646860313 0.031031882569402716 -0.035910458361557943 -0.035223943642280459 -0.039775695154669791
leaf_weight=118.23168769478798 124.62815192341805 4.0008656010031691 24.25097382068634 6.8386168330907848 55.550006300210953 31.118049651384354 19.411870300769806 7.5590317547321311 12.080337226390837 5.2004109025001517 4.5030111074447641 11.588913246989252 8.6944867074489576 116.9684411585331 35.709548085927963 9.9052620679140073 11.639772027730942 6.4213230311870566 136.15128518640995 27.068946793675423 4.0566052645444861 7.1025309413671485 2.7451418191194534 59.355084732174873 56.824322521686554 1.9646540880203245
leaf_count=319 582 17 98 28 209 130 9 19 13 2 21 4 40 111 43 37 5 7 297 107 6 22 6 255 250 9
internal_value=0 -0.00481005 -0.00268616 -0.00744309 0.00489875 -0.0255664 0.0114655 -0.000281846 -0.0202082 -0.0263636 -0.0240467 -0.0277739 0.00205545 0.013431 -0.0003049 0.0199231 0.00577711 -0.0192427 0.0030203 -0.0245408 -0.0238813 -0.0307399 -0.00291233 -0.0335632 -0.0366212 -0.0348313
internal_weight=0 746.55 656.066 403.204 252.862 114.193 26.2505 289.011 90.4844 78.404 163.019 144.912 20.2834 186.834 59.9605 126.874 18.1074 66.0279 254.383 34.628 59.6066 73.2036 6.74601 66.4576 87.9424 6.46767
internal_count=2646 1985 1670 1159 511 417 37 742 315 302 661 626 44 289 141 148 35 222 616 126 215 300 23 277 380 30
is_linear=0
shrinkage=0.0224946


end of trees

feature_importances:
current_odds=86
weight_change=54
umaban=39
jockey_place_rate=36
current_popularity=35
ninki_2=32
dist_change=24
f_course3=21
result_3=21
f_lenout=17
ninki_3=17
corner_ratio_1=13
margin_3=13
margin_1=12
jockey_win_rate=12
f_courseout=11
mf_courseout=11
f_course1=10
agari_2=10
agari_3=10
mf_classout.1=8
ninki_1=7
corner_ratio_2=7
rank_trend=7
agari_1=5
margin_2=5
result_1=4
waku=4
mf_course2=2
mf_class1=2
f_len3=1
mf_len2=1
corner_ratio_3=1

parameters:
[boosting: gbdt]
[objective: custom]
[metric: custom]
[tree_learner: serial]
[device_type: cpu]
[data_sample_strategy: bagging]
[data: ]
[valid: ]
[num_iterations: 363]
[learning_rate: 0.0224946]
[num_leaves: 28]
[num_threads: 0]
[seed: 0]
[deterministic: 0]
[force_col_wise: 1]
[force_row_wise: 0]
[histogram_pool_size: -1]
[max_depth: 6]
[min_data_in_leaf: 9]
[min_sum_hessian_in_leaf: 0.001]
[bagging_fraction: 1]
[pos_bagging_fraction: 1]
[neg_bagging_fraction: 1]
[bagging_freq: 0]
[bagging_seed: 3]
[feature_fraction: 1]
[feature_fraction_bynode: 1]
[feature_fraction_seed: 2]
[extra_trees: 0]
[extra_seed: 6]
[early_stopping_round: 0]
[first_metric_only: 0]
[max_delta_step: 0]
[lambda_l1: 0.00357073]
[lambda_l2: 0.00241985]
[linear_lambda: 0]
[min_gain_to_split: 0]
[drop_rate: 0.1]
[max_drop: 50]
[skip_drop: 0.5]
[xgboost_dart_mode: 0]
[uniform_drop: 0]
[drop_seed: 4]
[top_rate: 0.2]
[other_rate: 0.1]
[min_data_per_group: 100]
[max_cat_threshold: 32]
[cat_l2: 10]
[cat_smooth: 10]
[max_cat_to_onehot: 4]
[top_k: 20]
[monotone_constraints: ]
[monotone_constraints_method: basic]
[monotone_penalty: 0]
[feature_contri: ]
[forcedsplits_filename: ]
[refit_decay_rate: 0.9]
[cegb_tradeoff: 1]
[cegb_penalty_split: 0]
[cegb_penalty_feature_lazy: ]
[cegb_penalty_feature_coupled: ]
[path_smooth: 0]
[interaction_constraints: ]
[verbosity: -1]
[saved_feature_importance_type: 0]
[use_quantized_grad: 0]
[num_grad_quant_bins: 4]
[quant_train_renew_leaf: 0]
[stochastic_rounding: 1]
[linear_tree: 0]
[max_bin: 255]
[max_bin_by_feature: ]
[min_data_in_bin: 3]
[bin_construct_sample_cnt: 200000]
[data_random_seed: 1]
[is_enable_sparse: 1]
[enable_bundle: 1]
[use_missing: 1]
[zero_as_missing: 0]
[feature_pre_filter: 1]
[pre_partition: 0]
[two_round: 0]
[header: 0]
[label_column: ]
[weight_column: ]
[group_column: ]
[ignore_column: ]
[categorical_feature: ]
[forcedbins_filename: ]
[precise_float_parser: 0]
[parser_config_file: ]
[objective_seed: 5]
[num_class: 1]
[is_unbalance: 0]
[scale_pos_weight: 1]
[sigmoid: 1]
[boost_from_average: 1]
[reg_sqrt: 0]
[alpha: 0.9]
[fair_c: 1]
[poisson_max_delta_step: 0.7]
[tweedie_variance_power: 1.5]
[lambdarank_truncation_level: 30]
[lambdarank_norm: 1]
[label_gain: ]
[lambdarank_position_bias_regularization: 0]
[eval_at: ]
[multi_error_top_k: 1]
[auc_mu_weights: ]
[num_machines: 1]
[local_listen_port: 12400]
[time_out: 120]
[machine_list_filename: ]
[machines: ]
[gpu_platform_id: -1]
[gpu_device_id: -1]
[gpu_use_dp: 0]
[num_gpu: 1]

end of parameters

pandas_categorical:[]
