tree
version=v4
num_class=1
num_tree_per_iteration=1
label_index=0
max_feature_idx=50
objective=lambdarank
feature_names=f_course1 f_course2 f_course3 f_courseout mf_course1 mf_course2 mf_course3 mf_courseout f_mf_course1 f_mf_course2 f_mf_course3 f_mf_courseout f_len1 f_len2 f_len3 f_lenout mf_len1 mf_len2 mf_len3 mf_classout f_mf_len1 f_mf_len2 f_mf_len3 f_mf_classout f_class1 f_class2 f_class3 f_classout mf_class1 mf_class2 mf_class3 mf_classout.1 f_mf_class1 f_mf_class2 f_mf_class3 f_mf_classout.1 time_df_course1 time_df_class1 ninki_1 result_1 time_df_course2 time_df_class2 ninki_2 result_2 time_df_course3 time_df_class3 ninki_3 result_3 waku umaban self_popularity
feature_infos=[-1:147] [-1:130] [-1:110] [-1:754] [-1:107] [-1:85] [-1:85] [-1:633] [-1:17] [-1:16] [-1:13] [-1:71] [-1:29] [-1:24] [-1:19] [-1:135] [-1:17] [-1:12] [-1:8] [-1:81] [-1:4] [-1:5] [-1:3] [-1:15] [-1:9] [-1:8] [-1:5] [-1:46] [-1:8] [-1:4] [-1:3] [-1:27] [-1:2] [-1:3] [-1:2] [-1:10] none none [-1:180] [-1:110] [-1:0] [-1:0] [-1:180] [-1:160] [-1:0] [-1:0] [-1:180] [-1:160] [1:8] [1:18] [-1:18]
tree_sizes=4439 3666 4476 2233 1481 3340 2006 3956 4180

Tree=0
num_leaves=42
num_cat=0
split_feature=46 49 50 1 47 1 17 29 49 9 11 28 46 6 14 12 19 48 47 42 0 6 13 46 3 27 11 48 43 49 49 0 3 12 13 0 12 38 0 48 27
split_gain=12.3136 12.5532 11.4974 5.54218 5.18521 4.33643 4.32327 7.7204 5.37436 4.27397 4.41147 4.94098 4.2172 3.95317 5.13272 3.8925 7.06863 5.32297 5.70777 4.75993 4.38638 3.69136 3.59287 4.49592 3.41277 3.1265 3.08938 4.65503 3.07996 2.51563 2.38826 2.22616 2.18956 2.16617 2.0537 3.8999 2.1795 1.80567 2.66518 1.80184 1.66529
threshold=11.500000000000002 2.5000000000000004 7.5000000000000009 1.5000000000000002 2.5000000000000004 67.500000000000014 1.5000000000000002 1.5000000000000002 16.500000000000004 1.5000000000000002 5.5000000000000009 1.5000000000000002 105.00000000000001 18.500000000000004 5.5000000000000009 1.0000000180025095e-35 17.500000000000004 4.5000000000000009 8.5000000000000018 11.500000000000002 4.5000000000000009 1.0000000180025095e-35 1.0000000180025095e-35 6.5000000000000009 150.50000000000003 15.500000000000002 7.5000000000000009 6.5000000000000009 13.500000000000002 8.5000000000000018 8.5000000000000018 17.000000000000004 6.5000000000000009 1.0000000180025095e-35 1.5000000000000002 2.5000000000000004 4.5000000000000009 65.000000000000014 15.500000000000002 1.5000000000000002 4.5000000000000009
decision_type=2 2 2 2 2 2 2 2 2 2 2 2 2 2 2 2 2 2 2 2 2 2 2 2 2 2 2 2 2 2 2 2 2 2 2 2 2 2 2 2 2
left_child=1 3 6 -1 25 9 8 29 12 22 -11 -12 34 14 39 16 24 18 19 -17 -21 -14 23 -6 26 32 27 -4 -19 31 -27 -8 -3 -24 35 -2 -36 -34 -39 -5 -20
right_child=2 4 15 13 5 -7 7 -9 -10 10 11 -13 21 -15 -16 17 -18 28 40 20 -22 -23 33 -25 -26 30 -28 -29 -30 -31 -32 -33 37 -35 36 -37 -38 38 -40 -41 -42
leaf_value=0.11164568829574904 -0.08148575939343089 -0.0023072178746470088 -0.0005021038084458045 -0.13242830027703553 0.060486710200132465 -0.14275207835514273 0.10435693286727885 -0.11928408759423731 0.12156195989816014 0.11621415798463196 -0.089348096310111827 0.091079384632444318 0.11949790484510132 0.08841967821872837 0.070173544041746375 0.085449655548336889 -0.12736328208971973 0.11160607724184567 0 0.071800094362184014 -0.14530938031547413 -0.037919934831648419 -0.14425438350012201 -0.049750866119249407 -0.075932929914822742 0.069439156316976017 0.15176551183151718 0.092403627886451109 0 -0.025637887436390935 -0.080034450709579721 0.0089399355959420973 -0.12729817401165405 -0.047613141764670588 -0.13484454511395946 0.0022433325494548369 -0.042931839311842537 -0.13592833020410919 0.022867274236071815 -0.003967651060943371 0.10352008918794664
leaf_weight=5.2529028621502212 6.6807752312161126 1.8131883712485457 9.9436189029365902 2.7059940919280034 4.8976196316070908 2.1905107295606276 6.3512901247013342 2.0764086414128533 1.5399175267666567 3.0354443755932143 2.6878046342171729 1.7791693378239868 2.095018057152628 2.6217202609404922 2.044525720179081 1.3507263124920443 2.0657697301357976 15.246320191072302 1.5681774201802907 0.75259218364954028 2.9057973427698016 1.9767238013446329 2.2870866076555094 5.8663576634135097 1.6692737829871465 1.5323455650359386 1.8995426455512632 6.1055439906194797 1.8335172219667573 1.9274794394150365 1.4953030999749897 2.9694424541667104 10.963784573599694 10.746190530015154 3.9251520251855236 9.3025830790866149 4.9311952302232385 1.2369285328313702 1.616809216327965 1.4701742045581339 4.5141269038431346
leaf_count=27 99 25 138 50 54 39 43 45 7 16 41 15 10 22 17 12 46 112 23 6 56 26 44 111 28 17 7 56 26 27 23 34 193 168 68 125 72 27 18 22 33
internal_value=0 -0.0281061 0.019888 0.0426096 -0.0475226 -0.0267602 -0.0116988 0.0281624 -0.0296449 -0.0180207 0.0369678 -0.0140079 -0.0383475 0 -0.0356436 0.0479134 0.0197512 0.0690092 0.0212131 -0.0441006 -0.0963365 0.0397312 -0.0360138 0 0.0361952 -0.0838725 0.0475791 0.0340265 0.0990689 0.0569825 0 0.0757028 -0.0992143 -0.0660442 -0.0517856 -0.0319134 -0.0857079 -0.110811 -0.041535 -0.0911589 0.0774041
internal_weight=0 66.2439 93.631 14.0953 52.1485 33.4902 43.776 13.3246 30.4514 31.2997 7.50242 4.46697 28.9114 8.84241 6.22069 49.855 21.6837 28.1713 11.0914 5.00912 3.65839 4.07174 23.7973 10.764 19.618 18.6584 17.9487 16.0492 17.0798 11.2482 3.02765 9.32073 15.6307 13.0333 24.8397 15.9834 8.85635 13.8175 2.85374 4.17617 6.0823
internal_count=2028 929 1099 138 791 488 556 149 407 449 72 56 400 111 89 543 275 268 130 74 62 36 377 165 229 303 201 194 138 104 40 77 263 212 364 224 140 238 45 72 56
is_linear=0
shrinkage=0.0852085


Tree=1
num_leaves=34
num_cat=0
split_feature=49 49 43 43 16 12 6 2 27 49 4 11 4 48 20 6 42 39 27 0 49 0 47 6 42 3 24 15 5 39 31 15 1
split_gain=19.971 13.9907 13.9111 16.0516 15.437 12.6822 11.4597 15.8909 13.7228 11.2401 10.1237 11.9096 9.99449 9.74132 10.8057 9.58521 9.1601 16.3269 9.14945 9.02731 8.66813 7.63512 5.01714 4.83222 6.1392 6.08435 4.76533 3.01294 2.94977 2.54321 1.70372 1.15697 0.869973
threshold=14.500000000000002 17.500000000000004 11.500000000000002 10.500000000000002 1.5000000000000002 3.5000000000000004 5.5000000000000009 16.500000000000004 1.0000000180025095e-35 13.500000000000002 1.0000000180025095e-35 3.5000000000000004 13.500000000000002 6.5000000000000009 1.0000000180025095e-35 24.500000000000004 95.000000000000014 5.5000000000000009 11.500000000000002 1.5000000000000002 8.5000000000000018 1.0000000180025095e-35 5.5000000000000009 3.5000000000000004 105.00000000000001 14.500000000000002 1.0000000180025095e-35 88.500000000000014 7.5000000000000009 10.500000000000002 2.5000000000000004 26.500000000000004 28.500000000000004
decision_type=2 2 2 2 2 2 2 2 2 2 2 2 2 2 2 2 2 2 2 2 2 2 2 2 2 2 2 2 2 2 2 2 2
left_child=2 21 3 9 6 29 7 8 20 13 -11 -12 -3 16 18 23 19 -18 -15 -1 -4 -2 -16 24 25 -5 -10 -23 -25 -6 -8 -9 -32
right_child=1 12 4 15 5 -7 30 31 26 10 11 -13 -14 14 22 -17 17 -19 -20 -21 -22 27 -24 28 -26 -27 -28 -29 -30 -31 32 -33 -34
leaf_value=-0.038627744465300526 0.01678597020202954 -0.074688805952485324 -0.12089254549521203 0.090795893843864744 -0.10230944674199756 0.12196384208134507 -0.14715451047264805 -0.070883563457260393 0.013673005338657417 0.14606346381524549 -0.15238305660751747 0.11271202190062242 0.12313851793838373 -0.029260551849216169 -0.0090978835647092769 -0.048728143983462084 -0.081020235783235667 0.098318440202487992 -0.14962581831679894 0.011953618964787745 0.030317243829628492 -0.15574743561246618 0.12045898965208772 0.15226338696925934 0.13050525183698228 -0.029928928524176942 0.11827883056843282 -0.023523447471393399 0.070710275195398631 0.0055898768079223051 -0.11098204007853012 -0.15150234016725467 -0.01298458663667295
leaf_weight=30.232648991979659 2.4157294705510202 3.6594214495271435 7.1642883028835076 4.8461775109171885 2.834628548473118 7.3615897558629513 9.141944617033003 2.8592040725052339 7.1906525921076518 7.5113805849105102 2.2795271212235093 2.576137775555253 3.6229735184460878 54.166198201477528 3.6015938445925695 4.6002324074506751 4.5167450029402998 17.96751525439322 5.0785617008805266 164.78461277578026 4.2221948355436325 12.761960469186304 4.7444112375378609 8.2912010811269266 4.774092771112918 7.7458609715104103 6.1999022290110588 1.7048573493957508 6.9869306962937108 3.000185277312994 1.6575956568121903 6.0354340225458145 1.7534560114145277
leaf_count=153 16 19 54 16 20 16 58 22 42 13 23 10 10 252 22 16 32 55 28 798 27 110 13 11 10 51 14 2 23 24 17 37 14
internal_value=0 -0.0751369 0.00461281 0.0113919 -0.0333048 0.0472763 -0.0566514 -0.0301003 0.00443021 0.00473144 0.0841654 -0.00885875 0.0217905 0.00122362 -0.0269628 0.0641328 0.0100546 0.0615591 -0.0399098 0.00403003 -0.0635835 -0.117795 0.0629452 0.0805298 0.0481392 0.0154612 0.063397 -0.14129 0.116182 -0.0445539 -0.126411 -0.127629 -0.0655751
internal_weight=0 24.1649 394.125 334.704 59.4211 13.1964 46.2247 33.6717 24.777 297.459 12.367 4.85566 7.28239 285.092 67.5908 37.2445 217.502 22.4843 59.2448 195.017 11.3865 16.8825 8.34601 32.6443 17.3661 12.592 13.3906 14.4668 15.2781 5.83481 12.553 8.89464 3.41105
internal_count=2028 157 1871 1526 345 60 285 196 137 1399 46 33 29 1353 315 127 1038 87 280 951 81 128 35 111 77 67 56 112 34 44 89 59 31
is_linear=0
shrinkage=0.0852085


Tree=2
num_leaves=42
num_cat=0
split_feature=47 38 46 29 7 3 11 2 47 0 8 46 1 0 49 50 46 19 7 39 7 31 7 39 7 7 15 50 48 46 7 4 42 38 49 8 42 8 49 15 49
split_gain=11.6683 11.3216 20.132 13.4416 10.9083 14.2874 12.5696 22.2779 11.1271 10.3345 10.0687 9.54874 9.41371 10.1467 13.5921 15.5579 12.3428 10.0493 9.11289 9.63992 8.40156 8.35207 8.30332 8.51958 7.32685 20.6829 11.7906 7.57934 6.82601 10.0374 6.76252 14.7763 6.20251 6.06819 5.70571 4.92262 4.66918 4.48135 9.43534 4.2997 4.06975
threshold=7.5000000000000009 35.000000000000007 11.500000000000002 1.5000000000000002 8.5000000000000018 27.500000000000004 14.500000000000002 5.5000000000000009 2.5000000000000004 25.500000000000004 6.5000000000000009 14.500000000000002 67.500000000000014 18.500000000000004 2.5000000000000004 4.5000000000000009 9.5000000000000018 17.500000000000004 12.500000000000002 1.5000000000000002 24.500000000000004 1.5000000000000002 7.5000000000000009 5.5000000000000009 2.5000000000000004 10.500000000000002 2.5000000000000004 4.5000000000000009 3.5000000000000004 85.000000000000014 17.500000000000004 8.5000000000000018 8.5000000000000018 85.000000000000014 4.5000000000000009 1.0000000180025095e-35 9.5000000000000018 1.0000000180025095e-35 1.5000000000000002 14.500000000000002 6.5000000000000009
decision_type=2 2 2 2 2 2 2 2 2 2 2 2 2 2 2 2 2 2 2 2 2 2 2 2 2 2 2 2 2 2 2 2 2 2 2 2 2 2 2 2 2
left_child=1 2 3 24 5 -3 7 8 20 -8 12 -4 13 14 37 32 36 -17 19 -13 -6 -11 23 -7 35 26 -26 -27 29 -18 -20 -32 -16 -10 -14 -1 40 38 -2 -30 -15
right_child=10 4 11 -5 6 22 9 -9 33 21 -12 18 34 16 15 17 28 -19 30 -21 -22 -23 -24 -25 25 27 -28 -29 39 -31 31 -33 -34 -35 -36 -37 -38 -39 -40 -41 -42
leaf_value=-0.12189709066546671 0.094137507845845278 -0.12358500564376275 0.12277408823735099 0.078848686655157874 -0.099376582553439841 -0.10580278735865795 0.12232886270069475 -0.12913532455546775 -0.13407016729470536 0.084711485795816471 -0.13471509363523945 0.044893788621611343 0.033291424592151973 -0.096040250029873972 0.0010554564506756582 0.012859994978499588 -0.08831951540008727 -0.1249279379753933 0.12278298660731232 -0.12236303985852831 0.066766534037056874 -0.1321374047068633 0.1464352977249431 0.048067230858128654 0.1138776137080869 -0.02671574678875438 -0.01329833118864408 -0.10238325494434775 0.0293333738670911 0.072460249419043402 -0.074931708709484679 0.055768675551482134 -0.15399244626158853 -0.0086233161364118478 -0.14606358129087879 0.0087923135356742718 -0.13386519188125645 0.11735551455789728 -0.027045913979753852 0.10499954870648213 0.057663223726416253
leaf_weight=10.286589914001523 9.8616825304925477 4.5048721879720715 8.5383210033178312 7.9620043933391562 2.6519018821418312 3.3214441780000952 4.7256193496286851 25.748729215934873 6.3672010712325555 1.9693701714277265 3.0465032197535029 4.3238926529884321 1.7339330539107312 1.8986525125801543 2.3027703128755075 61.561604810878634 4.3407285027205926 4.0581229999661437 6.4811000358313313 5.577685534954071 11.377268692478536 3.3587986025959253 4.426888830959796 11.457613116130231 9.504943862557413 22.666230438277125 11.47336272895336 17.67299253679812 7.5647400058805934 7.7714278399944305 7.9001713525503865 29.053952153772116 6.9194982685148716 5.4687522538006306 3.8360384106636047 2.3568153195083132 2.6784496232867241 7.5298917833715668 8.5327547751367092 27.723029125481844 3.4947538357228041
leaf_count=86 34 40 18 30 18 31 10 177 53 4 18 19 9 16 15 296 30 41 17 42 48 28 7 36 19 147 72 154 33 17 52 100 60 28 38 11 30 19 41 65 19
internal_value=0 -0.0124355 0.00206024 -0.0255334 -0.0370169 0.0115679 -0.0559368 -0.0729941 -0.016432 0.0300955 0.0172865 0.0388308 0.0202682 0.0242307 0.00793817 -0.0103133 0.0535337 0.00405125 0.0250436 -0.0479076 0.034133 -0.0491592 0.0442076 0.0123135 -0.0370034 -0.0244674 0.0436978 -0.0602951 0.0702357 0.0135206 0.0420429 0.0273791 -0.113791 -0.0775589 -0.0876855 -0.0963926 -0.0425786 0.061153 0.0371615 0.0892465 0.000532186
internal_weight=0 229.177 143.798 81.9229 85.3785 23.7108 61.6676 51.6139 25.8651 10.0538 164.855 61.8751 161.808 156.238 100.766 74.842 55.4718 65.6197 53.3368 9.90158 14.0292 5.32817 19.2059 14.7791 73.9609 61.3175 20.9783 40.3392 47.3999 12.1122 43.4352 36.9541 9.22227 11.836 5.56997 12.6434 8.07186 25.9243 18.3944 35.2878 5.39341
internal_count=2028 1247 767 519 480 114 366 324 147 42 781 248 763 716 506 412 210 337 230 61 66 32 74 67 489 392 91 301 145 47 169 152 75 81 47 97 65 94 75 98 35
is_linear=0
shrinkage=0.0852085


Tree=3
num_leaves=20
num_cat=0
split_feature=49 26 46 3 11 42 3 43 43 14 12 1 27 30 46 46 38 2 47
split_gain=8.0014 6.16834 6.73964 10.4248 12.0383 13.694 9.27769 8.86302 7.47101 13.3741 7.62533 7.44797 6.12129 7.66131 7.27064 4.72883 4.98481 4.02074 0.517151
threshold=14.500000000000002 3.5000000000000004 3.5000000000000004 204.00000000000003 9.5000000000000018 5.5000000000000009 2.5000000000000004 1.0000000180025095e-35 3.5000000000000004 1.0000000180025095e-35 1.0000000180025095e-35 1.5000000000000002 4.5000000000000009 1.0000000180025095e-35 85.000000000000014 11.500000000000002 10.500000000000002 1.5000000000000002 7.5000000000000009
decision_type=2 2 2 2 2 2 2 2 2 2 2 2 2 2 2 2 2 2 2
left_child=1 2 3 4 5 6 -1 -4 9 11 -11 -9 13 -10 -14 -2 -17 -18 -7
right_child=15 -3 7 -5 -6 18 -8 8 12 10 -12 -13 14 -15 -16 16 17 -19 -20
leaf_value=0.12838036087491042 -0.13067454139515003 0.10160728393974258 0.1134183808636562 -0.13513864216042984 0.096965793557305779 -0.14636350832782694 -0.028102715687376854 -0.050193614600292501 0.0074683549471485835 -0.14251216363685057 -0.037277405991296544 0.044318972388596244 0.014530815927446022 -0.056258221218874582 0.074789771262735269 0.029879032951172065 0.028197970677068359 -0.13041604765421241 -0.067483084900116369
leaf_weight=3.4589124694466689 4.8006072007119647 4.4867354221642008 5.3985996879637232 6.0806914437562218 5.796004017814993 6.1380117610096923 12.793953485786913 7.9677282813936499 139.87942831590772 6.0735581927001467 33.004840582609177 23.752438919618726 55.461277328431606 15.139493979513643 20.149601120501757 5.3202164284884912 1.4319633841514585 3.8969865124672651 1.6539806500077245
leaf_count=8 76 13 13 61 20 64 97 61 708 55 204 96 297 106 59 20 9 52 9
internal_value=0 0.00267212 0.00132351 -0.0335215 -0.0121852 -0.0392169 0.00447225 0.00545506 0.00345935 -0.0206731 -0.0541239 0.0200782 0.0109345 0.00113716 0.0308135 -0.059933 -0.0263307 -0.0850847 -0.131895
internal_weight=0 347.235 342.749 35.9216 29.8409 24.0449 16.2529 306.827 301.428 70.7986 39.0784 31.7202 230.63 155.019 75.6109 15.4498 10.6492 5.32895 7.79199
internal_count=2028 1871 1858 259 198 178 105 1599 1586 416 259 157 1170 814 356 157 81 61 73
is_linear=0
shrinkage=0.0852085


Tree=4
num_leaves=13
num_cat=0
split_feature=23 16 28 22 42 14 7 42 47 47 39 48
split_gain=4.92933 11.1194 5.53084 5.20343 5.21403 12.084 11.0861 7.35239 16.7894 7.40156 4.40316 2.41759
threshold=8.5000000000000018 15.000000000000002 2.5000000000000004 1.5000000000000002 115.00000000000001 1.0000000180025095e-35 1.0000000180025095e-35 45.000000000000007 7.5000000000000009 14.500000000000002 5.5000000000000009 3.5000000000000004
decision_type=2 2 2 2 2 2 2 2 2 2 2 2
left_child=1 2 3 4 7 6 -6 9 -9 -1 -7 -4
right_child=-2 -3 11 -5 5 10 -8 8 -10 -11 -12 -13
leaf_value=0.0067907469693754318 0.083718584450656788 -0.14194745513331433 0.1047997652685573 -0.11361538869502064 0.11766250288731341 0 -0.086577681507097132 -0.073338716692932793 0.0085204434240013869 -0.073494158552177044 0.095942709263291251 0.015033598513332077
leaf_weight=219.78944410104305 5.0004762560129157 3.9961379133164874 5.0709087401628476 2.9411942437291136 2.4321348425000933 4.923449786379936 8.3000725805759412 32.229808550328016 41.055412627756596 8.6140250656753761 14.8674334064126 4.601982619613409
leaf_count=1299 15 33 10 28 6 26 58 268 171 50 40 24
internal_value=0 -0.00120799 0.000393017 -0.0013994 -0.000349478 0.0331411 -0.0386783 -0.00379088 -0.0272923 0.00368692 0.072844 0.0638365
internal_weight=0 348.822 344.826 335.153 332.212 30.5231 10.7322 301.689 73.2852 228.403 19.7909 9.67289
internal_count=2028 2013 1980 1946 1918 130 64 1788 439 1349 66 34
is_linear=0
shrinkage=0.0852085


Tree=5
num_leaves=31
num_cat=0
split_feature=25 49 43 50 27 48 19 43 39 50 46 39 49 7 5 31 43 15 8 42 8 42 4 3 3 35 6 4 49 4
split_gain=4.2588 5.59462 5.01034 9.08693 9.22293 8.04514 6.82457 5.64466 7.80473 6.53003 13.6731 6.08755 5.11448 4.57491 6.93874 6.18605 4.28371 4.1028 3.79266 3.6292 3.21431 2.98111 2.03718 1.95021 2.51052 1.76493 1.32021 0.640184 0.571738 0.263149
threshold=4.5000000000000009 14.500000000000002 11.500000000000002 9.5000000000000018 1.5000000000000002 5.5000000000000009 15.500000000000002 10.500000000000002 7.5000000000000009 13.500000000000002 10.500000000000002 1.0000000180025095e-35 9.5000000000000018 321.50000000000006 4.5000000000000009 6.5000000000000009 8.5000000000000018 3.5000000000000004 1.0000000180025095e-35 75.000000000000014 1.0000000180025095e-35 125.00000000000001 2.5000000000000004 46.500000000000007 8.5000000000000018 1.5000000000000002 7.5000000000000009 13.500000000000002 17.500000000000004 6.5000000000000009
decision_type=2 2 2 2 2 2 2 2 2 2 2 2 2 2 2 2 2 2 2 2 2 2 2 2 2 2 2 2 2 2
left_child=1 2 7 6 5 29 21 11 23 10 -10 -1 -7 14 -13 -15 28 26 22 -20 -2 27 -6 24 -9 -8 -18 -4 -3 -5
right_child=20 16 3 4 18 12 25 8 9 -11 -12 13 -14 15 -16 -17 17 -19 19 -21 -22 -23 -24 -25 -26 -27 -28 -29 -30 -31
leaf_value=-0.11190527275280367 0.0036463115647932995 -0.12273129644031232 -0.12725298780278127 -0.14267146535038314 0.017835034197376844 0.10426886464775115 -0.026419918118175987 0.093635756771640266 0.065306603737385699 0.084508480711573741 -0.11747548149636892 0.0094415036160379086 -0.058999803111127971 0.081734672575167325 -0.02235308681971265 0 -0.003665624941540103 -0.12189372221029933 -0.093331918977252265 0.063028958527052814 0.11316831469329428 -0.022415931576884145 0.0980905382620125 0.10319793900587651 -0.0033377276004948873 0.069934364227983714 0.084250889047620264 -0.047120263579033636 -0.050456155371401371 -0.065264499236559859
leaf_weight=3.4119688458740702 4.2046464458107931 4.692039927467702 10.09106481075287 4.0537845473736542 3.9403697121888426 2.6414576414972544 3.1027752719819537 3.37886914610863 5.1515212841331977 4.3292265906929961 6.7517966460436583 138.17534743435681 2.7831534296274185 11.706778753548862 77.762825587764382 15.431718533858655 2.0534581560641527 1.5264525813981888 2.2747953962534657 1.9046952612698076 4.140903927385807 3.4936020597815505 8.0153742879629117 9.9965314604341966 3.834709357470274 2.2995697036385536 2.2458457052707672 1.5166635923087586 2.0517660211771727 1.3457289300858972
leaf_count=33 22 82 113 40 20 10 24 10 20 12 35 733 20 43 474 94 20 30 24 6 7 24 23 24 25 8 9 12 15 16
internal_value=0 -0.00147896 0.000620161 -0.0249166 0.00710228 -0.052995 -0.0676909 0.00500603 0.0378431 -0.00367608 -0.0371521 0.000485436 0.0179031 0.00213983 -0.00194043 0.0351211 -0.0572021 -0.00098147 0.0483721 -0.0185767 0.0600136 -0.0971586 0.0730146 0.077806 0.0402351 0.01201 0.0390895 -0.118237 -0.103312 -0.126659
internal_weight=0 339.964 327.394 47.463 26.9594 10.8241 20.5037 279.931 33.4427 16.2325 11.9033 246.489 5.42461 243.077 215.938 27.1385 12.5696 5.82576 16.1352 4.17949 8.34555 15.1013 11.9557 17.2101 7.21358 5.40234 4.2993 11.6077 6.74381 5.39951
internal_count=2028 1999 1843 340 159 86 181 1503 126 67 55 1377 30 1344 1207 137 156 59 73 30 29 149 43 59 35 32 29 125 97 56
is_linear=0
shrinkage=0.0852085


Tree=6
num_leaves=18
num_cat=0
split_feature=9 9 38 4 10 9 27 42 43 49 27 46 3 19 50 47 16
split_gain=4.45201 8.27665 7.60398 7.47428 6.46593 6.12489 9.13102 6.19963 6.25692 7.16334 4.95928 4.94646 3.5377 5.45884 2.6264 2.49193 1.01086
threshold=10.500000000000002 3.5000000000000004 16.500000000000004 24.000000000000004 3.5000000000000004 1.5000000000000002 8.5000000000000018 115.00000000000001 16.500000000000004 2.5000000000000004 27.000000000000004 55.000000000000007 32.500000000000007 4.5000000000000009 3.5000000000000004 11.500000000000002 2.5000000000000004
decision_type=2 2 2 2 2 2 2 2 2 2 2 2 2 2 2 2 2
left_child=1 4 3 -3 5 7 11 8 9 -1 16 14 13 -9 -7 -14 -8
right_child=-2 2 -4 -5 -6 6 10 12 -10 -11 -12 -13 15 -15 -16 -17 -18
leaf_value=0.019380923833026992 0.074438652615461176 -0.12533300274379855 -0.14119294032518154 0.047004608410547946 -0.10966319311001514 0.11234979377676829 -0.13593272592527497 -0.13829554285461043 0.08552456657529052 -0.014708307766404803 0.050421388468605409 -0.021325698558096823 0.069352413203461541 0.054513760076377323 0.046546098951243467 0.0030963001770373888 -0.030224820527337121
leaf_weight=57.466178834438324 5.7021048702299586 2.7307779714465124 5.701398991048336 5.2612843886017799 3.7184318527579299 10.186423514038333 2.8005030527710906 1.9148775748908544 5.3687527924776068 198.29020361881703 2.1500449739396572 3.8634603545069686 16.220382437109951 2.1974912546575069 9.8013660255819541 6.1762110367417327 1.4240152612328527
leaf_count=261 21 28 48 26 29 30 34 23 22 1317 9 25 56 12 47 28 12
internal_value=0 -0.00127326 -0.0660934 -0.0102858 0.00144679 0.00280513 0.0392832 -0.000980057 -0.00501838 -0.00698856 -0.0498078 0.0637585 0.0381902 -0.0320343 0.0809622 0.051782 -0.104339
internal_weight=0 335.272 13.6935 7.99206 321.578 317.86 30.2258 287.634 261.125 255.756 6.37456 23.8512 26.509 4.11237 19.9878 22.3966 4.22452
internal_count=2028 2007 102 54 1905 1876 157 1719 1600 1578 55 102 119 35 77 84 46
is_linear=0
shrinkage=0.0852085


Tree=7
num_leaves=37
num_cat=0
split_feature=46 48 11 50 46 13 2 11 27 16 15 13 27 46 42 14 27 38 27 9 7 50 49 35 39 27 16 3 46 1 42 46 38 3 7 48
split_gain=4.94627 5.84759 8.85082 5.41327 8.9541 8.5488 7.66798 6.93327 4.4832 6.18441 5.54516 6.79216 5.86712 4.25746 4.88652 4.13757 5.64491 4.01347 4.68131 5.2663 3.8854 3.42197 5.89227 3.19899 4.65162 5.73668 3.24674 3.14535 2.46484 2.02077 1.6673 1.18733 0.749781 0.647422 0.688374 0.517653
threshold=3.5000000000000004 1.5000000000000002 14.500000000000002 2.5000000000000004 45.000000000000007 1.0000000180025095e-35 12.500000000000002 3.5000000000000004 14.500000000000002 13.500000000000002 84.000000000000014 9.5000000000000018 12.500000000000002 35.000000000000007 85.000000000000014 2.5000000000000004 5.5000000000000009 5.5000000000000009 9.5000000000000018 1.5000000000000002 1.0000000180025095e-35 1.5000000000000002 6.5000000000000009 3.5000000000000004 7.5000000000000009 27.000000000000004 1.0000000180025095e-35 5.5000000000000009 75.000000000000014 50.000000000000007 6.5000000000000009 65.000000000000014 5.5000000000000009 8.5000000000000018 2.5000000000000004 3.5000000000000004
decision_type=2 2 2 2 2 2 2 2 2 2 2 2 2 2 2 2 2 2 2 2 2 2 2 2 2 2 2 2 2 2 2 2 2 2 2 2
left_child=1 27 17 4 5 7 31 21 9 10 11 12 -5 23 -15 -7 -17 18 19 30 -19 22 -2 24 26 -26 -10 -1 -13 -8 -3 -6 -29 -22 -35 -18
right_child=3 2 -4 8 6 15 29 -9 13 -11 -12 28 -14 14 -16 16 35 20 -20 -21 33 -23 -24 -25 25 -27 -28 32 -30 -31 -32 -33 -34 34 -36 -37
leaf_value=0.11182757373194421 0.094767438451921829 -0.11369085094038031 0.054306244896959933 0.0057372758905739757 -0.0027831248291087071 -0.14665070749928569 0.034321107664146942 0.074441041662913293 0.11010766234497131 -0.12291391537873536 -0.10940596825064841 0.037775169242762488 -0.10897564961108228 -0.10628821394093448 0.045340862111788643 0.017761941470354758 -0.056387813663215977 0.0095235900315206925 0.090691083909413425 0.060419322088528488 -0.050562853245153493 -0.11134187289391562 -0.1000635215659052 0.12732042184844827 -0.10492658804733886 0.078344154221425627 0.0071791674187464162 0.029634894064441766 0.12342105996731161 0.12862468845635558 -0.00079845809793414305 -0.12095364676349439 -0.041753387472259831 -0.055486943429162695 -0.13788377223309256 -0.13831456228790182
leaf_weight=2.6745801232755175 2.2808892726898211 5.2757435292005592 5.0521675087511531 214.27351306471974 1.4174296781420692 6.4917170591652384 3.7608620040118694 5.336641799658536 6.6099514290690475 2.6977433748543254 2.9410091768950215 7.5237978175282461 3.244284324347972 2.6567571870982638 3.4517449177801609 4.0855389349162561 1.6660826392471788 1.8133577108383168 1.8948044404387463 2.0530408509075642 1.720471616834401 3.6311211213469505 2.1637734174728394 4.3430144451558581 2.8450646623969069 2.0767966844141483 3.8447564914822578 1.9983523488044737 4.281715914607048 4.0230202078819275 1.4882050752639768 1.6377759352326391 2.0912649538367987 1.5968951638787974 8.5042936615645868 3.3035994786769152
leaf_count=5 7 57 26 1210 11 57 20 13 17 33 27 37 35 32 16 20 13 14 9 8 23 27 23 7 35 8 24 9 7 8 13 17 19 12 94 35
internal_value=0 -0.0297578 -0.0464268 0.003583 -0.0255848 -0.0505262 0.0396228 0 0.00809445 0.00431629 0.00587605 0.00743558 0.00394096 0.0418349 -0.0183814 -0.093458 -0.0532759 -0.0679909 -0.0268851 -0.0540942 -0.099042 -0.0503801 0 0.0612473 0.0413771 -0.0245592 0.073829 0.0403548 0.0703649 0.0853205 -0.0911856 -0.0716091 -0.00327219 -0.116941 -0.126563 -0.114406
internal_weight=0 36.1632 29.399 300.589 39.7985 28.9594 10.8391 13.4124 260.79 234.962 232.264 229.323 217.518 25.8281 6.1085 15.5469 9.05522 24.3468 10.7118 8.81699 13.635 8.07578 4.44466 19.7196 15.3766 4.92186 10.4547 6.7642 11.8055 7.78388 6.76395 3.05521 4.08962 11.8217 10.1012 4.96968
internal_count=2028 289 256 1739 251 195 56 70 1488 1349 1316 1289 1245 139 48 125 68 230 87 78 143 57 30 91 84 43 41 33 44 28 70 28 28 129 106 48
is_linear=0
shrinkage=0.0852085


Tree=8
num_leaves=39
num_cat=0
split_feature=25 11 38 7 42 38 15 47 19 48 43 42 42 39 50 49 31 15 19 12 38 3 22 19 43 3 0 7 3 25 14 39 49 42 50 19 12 43
split_gain=3.71498 3.55187 12.3882 9.28125 8.03155 8.14082 12.087 7.56173 7.18364 7.05674 9.1243 6.62016 10.8345 6.29323 6.26359 6.53337 10.8292 6.57176 5.97957 5.70178 5.37566 4.57756 4.43095 4.41339 4.02555 3.56621 2.79187 2.28577 5.52283 2.01214 1.96709 1.94362 1.93259 1.60019 1.53767 1.36183 0.720375 0.494859
threshold=4.5000000000000009 1.0000000180025095e-35 55.000000000000007 2.5000000000000004 19.000000000000004 12.500000000000002 8.5000000000000018 8.5000000000000018 8.5000000000000018 1.5000000000000002 6.5000000000000009 25.000000000000004 115.00000000000001 7.5000000000000009 14.500000000000002 3.5000000000000004 2.5000000000000004 3.5000000000000004 6.5000000000000009 1.0000000180025095e-35 125.00000000000001 13.500000000000002 1.0000000180025095e-35 1.0000000180025095e-35 6.5000000000000009 15.500000000000002 5.5000000000000009 1.5000000000000002 5.5000000000000009 1.0000000180025095e-35 4.5000000000000009 1.5000000000000002 2.5000000000000004 95.000000000000014 10.500000000000002 2.5000000000000004 6.5000000000000009 9.5000000000000018
decision_type=2 2 2 2 2 2 2 2 2 2 2 2 2 2 2 2 2 2 2 2 2 2 2 2 2 2 2 2 2 2 2 2 2 2 2 2 2 2
left_child=1 2 4 36 5 6 19 11 9 10 13 27 30 -5 15 16 -10 -17 25 -1 22 35 -11 -22 32 31 -20 -4 -29 -16 -13 -6 -7 -23 -2 -9 -3 -8
right_child=34 3 7 8 18 24 37 21 14 20 -12 12 -14 -15 29 17 -18 -19 26 -21 23 33 -24 -25 -26 -27 -28 28 -30 -31 -32 -33 -34 -35 -36 -37 -38 -39
leaf_value=-0.029482613554708201 0.012721771572856552 -0.12611465072059597 0.10967944942581721 -0.092393561482062722 0.024117217573315908 0.044612291862314996 -0.13040582847280213 -0.052752101470305908 -0.086213239086285684 0.024477860119683406 -0.14685724501920544 -0.10770167603610153 0.068586915931553347 0.077329977888645429 0.011611247617758259 -0.12141272595817931 0.051698232374281741 -0.025560653265807431 -0.065009573424634273 0.062593513169100459 0.041766282246559691 0.12048074934850299 0.079793125736050699 -0.12137089617942962 0.079321019757913822 -0.14121524517021875 0.056021099063675882 0.10612743325913258 -0.05963052335257036 0.11032248408107551 0 -0.091063340570827184 -0.047748360431109402 0.050269688319932261 0.098849773578117833 0.040344499996217198 -0.032301173400481949 -0.075278552043913025
leaf_weight=20.108446277678016 3.2667540349066249 3.9527614489197722 3.0786796100437659 2.4327036254107934 1.6695969477295904 2.6069829091429693 7.3120259847491962 2.2514508739113834 5.4003254361450699 99.406048182398081 3.9898570403456688 8.595013337209819 4.21295416727662 4.2966707423329353 3.2839088384062043 6.0819566734135142 16.781019851565361 41.068966856226325 2.8233205135911694 6.369555424898862 1.7543394789099682 7.479259951040147 12.113076966255901 3.1129913181066513 7.5881037451326847 9.6836296375840885 2.6088928207755089 2.6612704358994961 3.0692654810845852 3.4940810278058052 1.4012154005467881 2.2573129944503307 4.0807076897472143 4.9164283089339733 3.7553365156054497 2.1729093492031097 1.287408050149679 3.6150640621781349
leaf_count=145 20 40 8 27 10 11 76 20 31 562 29 91 15 16 24 66 73 293 23 26 9 18 48 25 24 89 10 5 28 8 9 26 37 19 9 10 14 34
internal_value=0 -0.00135241 -0.0137328 0.0051431 -0.03522 -0.0173971 -0.0384784 0.0240339 0.00810654 0.0205463 -0.0449967 -0.00712058 -0.0436316 0.0136022 -0.0124708 -0.0202874 0.0173676 -0.0383194 -0.082689 -0.00671594 0.0267228 0.0674896 0.0306427 -0.059624 0.0367519 -0.112849 -0.00414973 0.0500167 0.0149119 0.0649908 -0.0924935 -0.0385109 -0.00946885 0.0940498 0.061158 -0.00370328 -0.106261 -0.113821
internal_weight=0 319.018 110.562 208.456 70.7236 51.6809 37.4051 39.8384 203.216 127.106 10.7192 23.0184 14.2092 6.72937 76.1103 69.3323 22.1813 47.1509 19.0428 26.478 116.386 16.82 111.519 4.86733 14.2758 13.6105 5.43221 8.80922 5.73054 6.77799 9.99623 3.92691 6.68769 12.3957 7.02209 4.42436 5.24017 10.9271
internal_count=2028 1999 734 1265 511 353 281 223 1211 716 72 156 115 43 495 463 104 359 158 171 644 67 610 34 72 125 33 41 33 32 100 36 48 37 29 30 54 110
is_linear=0
shrinkage=0.0852085


end of trees

feature_importances:
umaban=20
ninki_2=17
ninki_3=17
f_courseout=14
mf_courseout=13
f_classout=13
result_2=12
ninki_1=10
result_1=10
result_3=10
waku=10
self_popularity=10
f_course1=9
f_mf_courseout=8
f_lenout=8
mf_classout=8
mf_course1=7
f_len1=7
f_course2=6
mf_course3=6
f_mf_course1=5
f_mf_course2=5
f_len3=5
mf_len1=5
f_course3=4
f_len2=4
mf_classout.1=4
f_class2=3
mf_course2=2
f_mf_len3=2
mf_class1=2
mf_class2=2
f_mf_classout.1=2
f_mf_course3=1
mf_len2=1
f_mf_len1=1
f_mf_classout=1
f_class1=1
f_class3=1
mf_class3=1

parameters:
[boosting: gbdt]
[objective: lambdarank]
[metric: ndcg]
[tree_learner: serial]
[device_type: cpu]
[data_sample_strategy: bagging]
[data: ]
[valid: ]
[num_iterations: 187]
[learning_rate: 0.0852085]
[num_leaves: 42]
[num_threads: 16]
[seed: 0]
[deterministic: 0]
[force_col_wise: 1]
[force_row_wise: 0]
[histogram_pool_size: -1]
[max_depth: 7]
[min_data_in_leaf: 14]
[min_sum_hessian_in_leaf: 0.001]
[bagging_fraction: 1]
[pos_bagging_fraction: 1]
[neg_bagging_fraction: 1]
[bagging_freq: 0]
[bagging_seed: 7719]
[feature_fraction: 1]
[feature_fraction_bynode: 1]
[feature_fraction_seed: 2437]
[extra_trees: 0]
[extra_seed: 11797]
[early_stopping_round: 0]
[first_metric_only: 0]
[max_delta_step: 0]
[lambda_l1: 0.176138]
[lambda_l2: 0.033231]
[linear_lambda: 0]
[min_gain_to_split: 0]
[drop_rate: 0.1]
[max_drop: 50]
[skip_drop: 0.5]
[xgboost_dart_mode: 0]
[uniform_drop: 0]
[drop_seed: 21238]
[top_rate: 0.2]
[other_rate: 0.1]
[min_data_per_group: 100]
[max_cat_threshold: 32]
[cat_l2: 10]
[cat_smooth: 10]
[max_cat_to_onehot: 4]
[top_k: 20]
[monotone_constraints: ]
[monotone_constraints_method: basic]
[monotone_penalty: 0]
[feature_contri: ]
[forcedsplits_filename: ]
[refit_decay_rate: 0.9]
[cegb_tradeoff: 1]
[cegb_penalty_split: 0]
[cegb_penalty_feature_lazy: ]
[cegb_penalty_feature_coupled: ]
[path_smooth: 0]
[interaction_constraints: ]
[verbosity: -1]
[saved_feature_importance_type: 0]
[use_quantized_grad: 0]
[num_grad_quant_bins: 4]
[quant_train_renew_leaf: 0]
[stochastic_rounding: 1]
[linear_tree: 0]
[max_bin: 255]
[max_bin_by_feature: ]
[min_data_in_bin: 3]
[bin_construct_sample_cnt: 200000]
[data_random_seed: 38]
[is_enable_sparse: 1]
[enable_bundle: 1]
[use_missing: 1]
[zero_as_missing: 0]
[feature_pre_filter: 1]
[pre_partition: 0]
[two_round: 0]
[header: 0]
[label_column: ]
[weight_column: ]
[group_column: ]
[ignore_column: ]
[categorical_feature: ]
[forcedbins_filename: ]
[precise_float_parser: 0]
[parser_config_file: ]
[objective_seed: 8855]
[num_class: 1]
[is_unbalance: 0]
[scale_pos_weight: 1]
[sigmoid: 1]
[boost_from_average: 1]
[reg_sqrt: 0]
[alpha: 0.9]
[fair_c: 1]
[poisson_max_delta_step: 0.7]
[tweedie_variance_power: 1.5]
[lambdarank_truncation_level: 30]
[lambdarank_norm: 1]
[label_gain: ]
[lambdarank_position_bias_regularization: 0]
[eval_at: 1,3,5]
[multi_error_top_k: 1]
[auc_mu_weights: ]
[num_machines: 1]
[local_listen_port: 12400]
[time_out: 120]
[machine_list_filename: ]
[machines: ]
[gpu_platform_id: -1]
[gpu_device_id: -1]
[gpu_use_dp: 0]
[num_gpu: 1]

end of parameters

pandas_categorical:[]
