tree
version=v4
num_class=1
num_tree_per_iteration=1
label_index=0
max_feature_idx=112
objective=regression
feature_names=f_course1 f_course2 f_course3 f_courseout mf_course1 mf_course2 mf_course3 mf_courseout f_mf_course1 f_mf_course2 f_mf_course3 f_mf_courseout f_len1 f_len2 f_len3 f_lenout mf_len1 mf_len2 mf_len3 mf_classout f_mf_len1 f_mf_len2 f_mf_len3 f_mf_classout f_class1 f_class2 f_class3 f_classout mf_class1 mf_class2 mf_class3 mf_classout.1 f_mf_class1 f_mf_class2 f_mf_class3 f_mf_classout.1 time_df_course1 time_df_class1 ninki_1 result_1 agari_1 margin_1 corner_ratio_1 time_df_course2 time_df_class2 ninki_2 result_2 agari_2 margin_2 corner_ratio_2 time_df_course3 time_df_class3 ninki_3 result_3 agari_3 margin_3 corner_ratio_3 rank_trend weight_change dist_change jockey_win_rate jockey_place_rate waku umaban current_odds current_popularity father_cat mother_father_cat paternal_gf_cat time_df_course4 time_df_class4 ninki_4 result_4 agari_4 margin_4 corner_ratio_4 time_df_course5 time_df_class5 ninki_5 result_5 agari_5 margin_5 corner_ratio_5 rank_trend_5 win_rate_recent5 kinryo days_since_last_race n_horses_today n_horses_1 horse_weight_abs_1 corner_chase_1 corner_chase_2 corner_chase_3 corner_chase_4 corner_chase_5 agari_trend_5 time_diff_trend_5 agari_df_course_1 agari_df_course_2 agari_df_course_3 agari_df_course_4 agari_df_course_5 corner_ratio_std5 agari_std5 kinryo_diff_1 same_course_cnt5 same_course_pr5 trainer_win_rate trainer_place_rate same_cond_cnt5 same_cond_pr5 f_ground_delta mf_ground_delta
feature_infos=[0:145] [0:121] [0:105] [0:714] [0:82] [0:66] [0:64] [0:480] [0:13] [0:15] [0:12] [0:71] [0:44] [0:32] [0:26] [0:194] [0:29] [0:24] [0:22] [0:147] [0:7] [0:7] [0:5] [0:22] [0:13] [0:8] [0:9] [0:80] [0:12] [0:8] [0:9] [0:55] [0:4] [0:3] [0:4] [0:11] [-1:0] [-1:0] [-1:180] [-1:150] [-1:66.799999999999997] [-1:32.799999999999997] [-1:1] [-1:0] [-1:0] [-1:180] [-1:180] [-1:50.399999999999999] [-1:20.699999999999999] [-1:1] [-1:0] [-1:0] [-1:180] [-1:180] [-1:52] [-1:22.800000000000001] [-1:1] [-70:80] [-42:61] [-2500:1000] [-1:1] [-1:1] [1:8] [1:18] [-1:999.89999999999998] [-1:18] [4:1736] [1:1736] [1:1721] [-1:0] [-1:0] [-1:180] [-1:180] [-1:46.799999999999997] [-1:19.199999999999999] [-1:1] [-1:0] [-1:0] [-1:180] [-1:170] [-1:51.100000000000001] [-1:12.800000000000001] [-1:1] [-40:80] [-1:1] [49:59] [-1742:546] [6:18] [-1:18] [-1:566] [-1:0.9375] [-1:0.8571428571428571] [-1:0.8571428571428571] [-1:0.9375] [-1:0.8125] [-11.75:12] [-1:0] [-4.0317000000000007:29.834200000000003] [-4.3321000000000041:14.269999999999996] [-3.8316999999999979:15.125300000000005] [-3.5592000000000041:10.936600000000006] [-4.0166000000000039:11.5533] [-1:0.46875] [-1:18.396847556035244] [-8:8] [0:5] [-1:1] [-1:1] [-1:1] [0:5] [-1:1] [-1:0.59999999999999998] [-1:0.67999999999999994]
tree_sizes=3911 4089 4118 4114 4113

Tree=0
num_leaves=45
num_cat=0
split_feature=106 64 86 86 64 63 64 86 19 57 65 86 40 63 94 101 60 63 71 36 85 63 38 88 87 61 85 31 64 57 86 48 74 12 38 64 66 101 0 84 90 61 90 12
split_gain=96.2908 328.007 619.054 148.288 302.523 220.592 45.227 32.1602 68.8514 79.6495 242.103 46.0079 142.676 66.714 29.4284 25.8318 58.5346 24.731 17.7341 17.5348 70.9054 105.459 16.3053 16.2904 16.4636 15.9345 14.687 10.0229 9.23879 10.7259 9.19452 15.4737 7.85617 7.65987 8.66561 13.8478 7.3947 7.68244 4.92396 2.08764 2.01604 1.91923 1.76232 0.323633
threshold=0.22500000000000003 132.95000000000002 -29.999999999999996 -104.49999999999999 44.750000000000007 8.5000000000000018 245.50000000000003 -528.49999999999989 12.500000000000002 -0.74999999999999989 10.500000000000002 13.500000000000002 39.750000000000007 16.500000000000004 0.34523809523809529 0.64349999999999963 0.055728088336783957 10.500000000000002 11.500000000000002 -1.0000000180025095e-35 54.500000000000007 10.500000000000002 145.00000000000003 17.500000000000004 16.500000000000004 0.1993589743589744 51.500000000000007 3.5000000000000004 4.0500000000000007 -4.2499999999999991 -325.49999999999994 1.4500000000000002 0.65000000000000002 6.5000000000000009 3.5000000000000004 4.4500000000000011 1299.0000000000002 1.0822499999999986 65.000000000000014 0.22500000000000003 -0.14835164835164827 0.059262510974539058 -0.14835164835164827 23.500000000000004
decision_type=2 2 2 2 2 2 2 2 2 2 2 2 2 2 2 2 2 2 2 2 2 2 2 2 2 2 2 2 2 2 2 2 2 2 2 2 2 2 2 2 2 2 2 2
left_child=6 3 -3 4 23 -6 7 8 14 10 17 19 13 22 18 32 -17 -10 26 20 21 -9 -13 28 25 -25 -1 -20 39 -30 31 -21 -11 34 35 -5 42 -38 -32 -2 -35 -22 -36 -42
right_child=1 2 -4 33 5 -7 -8 11 9 15 -12 12 -14 -15 -16 16 -18 -19 27 30 41 -23 -24 24 -26 -27 -28 -29 29 -31 38 -33 -34 40 36 -37 37 -39 -40 -41 43 -43 -44 -45
leaf_value=0.23628042949994144 0.22524357199987349 0.34270304804612955 0.21704303774370495 0.21922510610380716 0.2360077616612799 0.30504622260466457 0.21692329711787867 0.2237873384621519 0.224097958170384 0.22524198427247935 0.27799771975599091 0.22110534759999312 0.26308761648195639 0.25136904039224606 0.23981119247033233 0.22061404242085605 0.2458905062805723 0.23892179585220374 0.21823366610799072 0.22208702547326739 0.22256789393553028 0.26024202644427846 0.23658011695124703 0.23994212588711888 0.24681207652672682 0.22108162229246819 0.22185115297276697 0.22997806732873505 0.23627572551185394 0.22580586774886977 0.21725279096862588 0.21731316144756682 0.21880880088666441 0.22182762494804961 0.22296966536471974 0.23918653771880644 0.22141143260274773 0.23032694354617067 0.2222483466959933 0.21975603132948685 0.21718090897747763 0.21757091640344295 0.21773464883136764 0.21953167076368191
leaf_weight=31 40 29 40 30 41 39 1252 133 185 110 50 1160 38 33 35 104 63 66 999 606 34 46 30 33 32 45 1400 32 49 323 1911 560 312 48 29 29 721 44 87 115 328 453 301 36
leaf_count=31 40 29 40 30 41 39 1252 133 185 110 50 1160 38 33 35 104 63 66 999 606 34 46 30 33 32 45 1400 32 49 323 1911 560 312 48 29 29 721 44 87 115 328 453 301 36
internal_value=0.221511 0.225275 0.269804 0.223927 0.231736 0.269736 0.220601 0.221145 0.22271 0.227661 0.236338 0.220103 0.223536 0.222302 0.220947 0.223218 0.230122 0.228016 0.220677 0.218972 0.222023 0.233186 0.2215 0.226955 0.23423 0.229001 0.222167 0.218603 0.225426 0.227199 0.218328 0.219798 0.220497 0.220355 0.221226 0.228957 0.220805 0.221918 0.217473 0.221204 0.217928 0.21793 0.21821 0.2174
internal_weight=0 2352 69 2283 717 80 9730 8478 3387 890 301 5091 1261 1223 2497 589 167 251 2462 3830 666 179 1190 637 110 78 1431 1031 527 372 3164 1166 422 1566 1154 59 1095 765 1998 155 412 487 330 364
internal_count=12082 2352 69 2283 717 80 9730 8478 3387 890 301 5091 1261 1223 2497 589 167 251 2462 3830 666 179 1190 637 110 78 1431 1031 527 372 3164 1166 422 1566 1154 59 1095 765 1998 155 412 487 330 364
is_linear=0
shrinkage=1


Tree=1
num_leaves=45
num_cat=0
split_feature=106 64 86 86 64 63 48 85 42 65 62 15 5 92 86 64 67 86 95 64 57 86 86 64 38 15 88 65 3 49 64 8 66 60 67 89 97 64 100 12 38 64 66 101
split_gain=92.3424 314.533 593.691 142.221 290.124 212.409 43.968 42.4431 50.0617 92.5623 144.226 191.84 39.4892 47.8102 37.6437 144.174 30.3442 30.1965 47.7539 36.4244 25.683 24.8358 23.9818 39.5531 15.894 22.7939 15.6193 16.1234 14.4311 20.2686 14.3749 11.643 11.5666 13.5235 12.4132 10.6701 17.6798 8.86043 10.6935 7.3455 8.30663 13.2833 7.08993 7.36753
threshold=0.22500000000000003 132.95000000000002 -29.999999999999996 -104.49999999999999 44.750000000000007 6.5000000000000009 1.1500000000000001 54.500000000000007 0.12132352941176471 9.5000000000000018 4.5000000000000009 8.5000000000000018 14.500000000000002 -0.20714285714285707 -615.49999999999989 149.15000000000001 79.500000000000014 76.500000000000014 0.25000000000000111 84.15000000000002 -5.7499999999999991 -398.49999999999994 -559.49999999999989 76.050000000000011 115.00000000000001 10.500000000000002 17.500000000000004 4.5000000000000009 60.500000000000007 0.36931818181818182 35.150000000000013 4.5000000000000009 1172.5000000000002 0.040875999522616009 1541.5000000000002 485.50000000000006 -1.8694999999999982 4.0500000000000007 -1.2736500000000033 6.5000000000000009 3.5000000000000004 4.4500000000000011 1299.0000000000002 1.0822499999999986
decision_type=2 2 2 2 2 2 2 2 2 2 2 2 2 2 2 2 2 2 2 2 2 2 2 2 2 2 2 2 2 2 2 2 2 2 2 2 2 2 2 2 2 2 2 2
left_child=6 3 -3 4 26 -6 7 8 9 32 -11 -12 24 -14 15 28 -8 19 -19 22 -16 -15 23 -18 30 -26 37 -28 -9 -30 -10 -24 33 -1 -34 -22 -37 -2 -39 40 41 -5 -42 -44
right_child=1 2 -4 39 5 -7 16 14 12 10 11 -13 13 21 20 -17 17 18 -20 -21 35 -23 31 -25 25 -27 27 -29 29 -31 -32 -33 34 -35 -36 36 -38 38 -40 -41 42 -43 43 -45
leaf_value=0.02148118699633849 -0.0003004674370875664 0.11868091155567896 -0.0043757134380148213 -0.0022388667507775265 0.0034425931496483084 0.073389108341844311 0.012926363618900205 -0.0023163035332865018 0.0012368247355956791 -0.0044541041499135308 0.084259556506927985 0.010524933660356893 0.031510108906006147 0.012132237793599301 0.012620893471180138 0.035143478520624293 0.00032272285605745415 -0.0044502407024178785 0.03141342093002554 -0.0044397838626362039 -0.0031693861275701399 -0.0041100264827310619 -0.0033681662872920132 0.019294560912086704 -0.00094059242466091859 0.023111190692230603 0.0061164114579170762 0.022594909163205903 0.016559925278106208 0.00084972181161238798 -0.0036104931752106999 0.0087285065747068798 -0.0016256462373370729 0.0027251926330441314 0.01314567315167736 0.013364429339378281 -0.00091719523681997096 0.011231450503163359 0.0033538932825020137 -0.0035094757125468923 -0.0032330866653213627 0.017309011190828831 -9.7835566014942125e-05 0.0086329279060497963
leaf_weight=29 155 29 40 30 30 50 56 318 647 38 30 31 36 93 50 57 1312 35 29 2371 1785 71 1163 49 38 30 68 42 48 136 442 35 154 40 29 40 538 104 268 412 330 29 721 44
leaf_count=29 155 29 40 30 30 50 56 318 647 38 30 31 36 93 50 57 1312 35 29 2371 1785 71 1163 49 38 30 68 42 48 136 442 35 154 40 29 40 538 104 268 412 330 29 721 44
internal_value=0 0.00368627 0.0472905 0.00236592 0.0100131 0.0472266 -0.00089092 0.000555819 0.00316061 0.0101409 0.0271306 0.0468816 0.00135141 0.00985689 -0.000939518 0.0039047 -0.00223262 -0.00240363 0.0117286 -0.00258812 -0.00206377 0.00507116 -0.000870562 0.00100958 -0.000114777 0.00960218 0.00533069 0.0124551 0.000346845 0.0049757 -0.000726146 -0.00301057 0.00344555 0.0106822 0.000689614 -0.00237665 6.31109e-05 0.00383402 0.00556974 -0.00113235 -0.000279416 0.00728924 -0.000691783 0.000398151
internal_weight=0 2352 69 2283 717 80 9730 4680 1708 351 99 61 1357 200 2972 559 5050 4994 64 4930 2413 164 2559 1361 1157 68 637 110 502 184 1089 1198 252 69 183 2363 578 527 372 1566 1154 59 1095 765
internal_count=12082 2352 69 2283 717 80 9730 4680 1708 351 99 61 1357 200 2972 559 5050 4994 64 4930 2413 164 2559 1361 1157 68 637 110 502 184 1089 1198 252 69 183 2363 578 527 372 1566 1154 59 1095 765
is_linear=0
shrinkage=0.0207303


Tree=2
num_leaves=45
num_cat=0
split_feature=106 64 86 86 64 63 64 86 19 57 64 95 86 40 63 49 94 91 101 31 36 85 63 38 65 88 64 64 100 95 86 48 12 38 64 66 42 98 56 0 82 90 61 90
split_gain=88.5543 301.613 569.368 136.403 278.233 204.929 42.3898 29.7087 65.9352 53.5905 120.602 44.9284 43.5355 135.91 63.6838 25.9948 39.1517 25.7028 23.9043 54.2728 16.4134 65.8798 99.6558 15.5882 15.0684 17.9789 15.0484 13.8482 12.9895 12.7212 8.81106 14.535 7.04363 7.96264 12.742 6.79887 7.15608 4.68666 5.94914 4.68079 2.27902 1.93357 1.84065 1.69002
threshold=0.22500000000000003 132.95000000000002 -29.999999999999996 -104.49999999999999 44.750000000000007 8.5000000000000018 245.50000000000003 -528.49999999999989 23.500000000000004 -0.74999999999999989 80.750000000000014 0.97000000000000008 13.500000000000002 39.750000000000007 16.500000000000004 0.54195804195804198 0.31009615384615391 -0.074175824175824134 0.92290000000000216 7.5000000000000009 -1.0000000180025095e-35 54.500000000000007 10.500000000000002 145.00000000000003 3.5000000000000004 17.500000000000004 34.45000000000001 31.950000000000003 -1.2736500000000033 -0.12000000000000059 -325.49999999999994 1.4500000000000002 6.5000000000000009 3.5000000000000004 4.4500000000000011 1299.0000000000002 0.88562091503267981 -0.5345499999999993 0.23303167420814477 65.000000000000014 0.97222222222222232 -0.14835164835164827 0.059262510974539058 -0.14835164835164827
decision_type=2 2 2 2 2 2 2 2 2 2 2 2 2 2 2 2 2 2 2 2 2 2 2 2 2 2 2 2 2 2 2 2 2 2 2 2 2 2 2 2 2 2 2 2
left_child=6 3 -3 4 24 -6 7 8 15 10 11 -10 20 14 23 16 17 -1 29 -20 21 22 -9 -14 37 28 27 -17 -26 -11 31 -22 33 34 -5 43 -37 38 -2 -32 -28 -34 -23 -35
right_child=1 2 -4 32 5 -7 -8 12 9 18 -12 -13 13 -15 -16 26 -18 -19 19 -21 30 42 -24 -25 25 -27 40 -29 -30 -31 39 -33 41 35 -36 36 -38 -39 -40 -41 -42 -43 -44 -45
leaf_value=0.0099784990896053857 0.010753420775151536 0.11622212863697129 -0.0042850439662245202 -0.0021924819831751967 0.013735843561899361 0.080283284473170735 -0.0044332572620281495 0.0021267461770727997 0.0033749146407981651 0.013231252026548866 0.056124571841127409 0.031692920914474967 -0.00038210352030231166 0.040594369390322071 0.029186532790326326 -0.00062188821083745873 0.025076612088094231 0.00052619175072987265 0.035504063820052195 -0.0024802097479249357 0.00058653024856586183 0.001100331460045457 0.03756519791294053 0.014748677998341519 0.01397797239853475 0.019384427960231484 -0.0045653007816321024 0.012871785831603482 0.0033785385167409486 -0.0013450918767670685 -0.0041226064618892725 -0.0040401979715845139 0.00038245713521559258 0.0014950951521657885 0.016950410786507403 -0.00022979967118553896 0.0068103312936851398 -0.0011596557957980209 0.002076539038884643 0.00074719985004340409 0.00026472304682314147 -0.0039537228457655589 -0.0037930400109780181 -0.0036313840880292476
leaf_weight=138 44 29 40 30 41 39 1252 133 110 29 29 31 1160 38 33 831 31 1201 29 36 606 34 46 30 68 54 619 34 192 226 1911 560 48 29 29 697 68 120 159 87 43 364 453 301
leaf_count=138 44 29 40 30 41 39 1252 133 110 29 29 31 1160 38 33 831 31 1201 29 36 606 34 46 30 68 54 619 34 192 226 1911 560 48 29 29 697 68 120 159 87 43 364 453 301
internal_value=0 0.00360998 0.0463093 0.00231698 0.00980616 0.0462492 -0.000872345 -0.0003459 0.00115783 0.00819059 0.0176022 0.00963859 -0.00134728 0.00199151 0.00078752 -3.00568e-05 0.00204138 0.00150412 0.00317475 0.0143968 -0.00244782 0.000503811 0.0112639 0 0.00522053 0.00845917 -0.00189171 -8.56193e-05 0.00617019 0.000294327 -0.00307066 -0.00163142 -0.00110894 -0.000273617 0.00713652 -0.00067744 0.00038977 0.00205676 0.003982 -0.00390812 -0.00424422 -0.00343673 -0.00344138 -0.00316607
internal_weight=0 2352 69 2283 717 80 9730 8478 3387 490 170 141 5091 1261 1223 2897 1370 1339 320 65 3830 666 179 1190 637 314 1527 865 260 255 3164 1166 1566 1154 59 1095 765 323 203 1998 662 412 487 330
internal_count=12082 2352 69 2283 717 80 9730 8478 3387 490 170 141 5091 1261 1223 2897 1370 1339 320 65 3830 666 179 1190 637 314 1527 865 260 255 3164 1166 1566 1154 59 1095 765 323 203 1998 662 412 487 330
is_linear=0
shrinkage=0.0207303


Tree=3
num_leaves=45
num_cat=0
split_feature=106 64 86 86 64 63 48 101 86 31 64 85 102 63 67 86 40 64 74 71 86 64 80 57 88 87 61 64 89 8 64 64 57 12 38 64 66 101 84 90 103 14 90 49
split_gain=84.9264 289.221 546.041 130.825 266.828 197.318 41.0908 41.4358 43.0478 111.944 262.713 35.0073 62.3469 148.458 29.0292 28.4502 45.8371 34.0059 22.7815 51.7046 22.1533 37.9042 20.5475 15.4914 14.4622 15.4572 15.0852 13.9415 11.2627 11.0992 10.8381 8.31139 10.3025 6.75347 7.63264 12.2228 6.51861 7.06484 2.02787 1.85582 1.67834 1.85288 1.62215 0.315015
threshold=0.22500000000000003 132.95000000000002 -29.999999999999996 -104.49999999999999 44.750000000000007 6.5000000000000009 1.1500000000000001 3.4579500000000007 -615.49999999999989 3.5000000000000004 69.250000000000014 54.500000000000007 0.049560793161781309 13.500000000000002 79.500000000000014 76.500000000000014 36.250000000000007 84.15000000000002 2.4500000000000006 9.5000000000000018 -559.49999999999989 76.050000000000011 34.050000000000004 -5.7499999999999991 17.500000000000004 16.500000000000004 0.1993589743589744 60.250000000000007 485.50000000000006 4.5000000000000009 21.450000000000003 4.0500000000000007 -4.2499999999999991 6.5000000000000009 3.5000000000000004 4.4500000000000011 1299.0000000000002 1.0822499999999986 0.22500000000000003 -0.14835164835164827 0.34871191548325375 1.0000000180025095e-35 -0.14835164835164827 0.86190476190476206
decision_type=2 2 2 2 2 2 2 2 2 2 2 2 2 2 2 2 2 2 2 2 2 2 2 2 2 2 2 2 2 2 2 2 2 2 2 2 2 2 2 2 2 2 2 2
left_child=6 3 -3 4 24 -6 7 8 9 18 22 12 13 -10 -8 17 -17 20 30 -20 21 -16 -11 -13 31 26 -26 -14 -25 -22 -1 38 -33 34 35 -5 42 -38 -2 -35 41 -19 -36 -41
right_child=1 2 -4 33 5 -7 14 -9 11 10 -12 23 27 -15 15 16 -18 40 19 -21 29 -23 -24 28 25 -27 -28 -29 -30 -31 -32 32 -34 39 36 -37 37 -39 -40 43 -42 -43 -44 -45
leaf_value=0.0017574898228354828 0.0036488052775559645 0.11381428516101746 -0.0041962530401346045 -0.0021470580833591159 0.0030866901070172965 0.070507959842008056 0.012675536346320161 0.021820316676978209 0.0048511897882764126 0.021784488747816511 0.069238858995177704 0.0094513874619258798 0.0013157497202885152 0.049195795423151535 0.00029651204000911096 -0.0044499931036890246 0.030685275505667679 -0.004241767714224548 0.030531658623957215 -0.0045580050774799239 -0.0032440389188623615 0.018868704889400487 0.0038569295854765547 -0.00324100552490605 0.017549655355410188 0.024159197959952507 -0.00080376811490788698 -0.0044899591997504488 8.4330884728802332e-05 0.0085664356697522179 -0.0028961846128151515 0.014248099680919717 0.003988212551105234 0.00037453174226843172 0.0014641203191787285 0.016599239050920908 -0.0001039980243672155 0.0084455374645516189 -0.001758595692632326 -0.0040797051112101274 -0.0043776517981598592 0.002900671047998116 -0.0035561088857997735 -0.0017093340298322153
leaf_weight=517 40 29 40 30 30 50 56 39 266 34 35 48 479 37 1312 35 29 33 34 38 1163 49 149 1777 33 32 45 282 577 35 368 49 323 48 29 29 721 44 115 330 2309 29 301 34
leaf_count=517 40 29 40 30 30 50 56 39 266 34 35 48 479 37 1312 35 29 33 34 38 1163 49 149 1777 33 32 45 282 577 35 368 49 323 48 29 29 721 44 115 330 2309 29 301 34
internal_value=0 0.0035354 0.0453484 0.00226919 0.00960366 0.0452921 -0.000854147 0.000544431 0.00036451 0.00379422 0.0172011 -0.000796798 0.00233127 0.0102848 -0.00215122 -0.00231849 0.0113987 -0.0024976 0.000734858 0.011948 -0.000837963 0.00096898 0.00721613 -0.00218445 0.00511281 0.0119689 0.00690097 -0.000829301 -0.00242385 -0.00289481 -0.000172116 0.00367215 0.00535335 -0.00108588 -0.000267852 0.00698696 -0.000663303 0.000381561 -0.000331474 -0.00336524 -0.00428675 -0.000822577 -0.00310013 -0.00387176
internal_weight=0 2352 69 2283 717 80 9730 4680 4641 1175 218 3466 1064 303 5050 4994 64 4930 957 72 2559 1361 183 2402 637 110 78 761 2354 1198 885 527 372 1566 1154 59 1095 765 155 412 2371 62 330 364
internal_count=12082 2352 69 2283 717 80 9730 4680 4641 1175 218 3466 1064 303 5050 4994 64 4930 957 72 2559 1361 183 2402 637 110 78 761 2354 1198 885 527 372 1566 1154 59 1095 765 155 412 2371 62 330 364
is_linear=0
shrinkage=0.0207303


Tree=4
num_leaves=45
num_cat=0
split_feature=106 64 86 86 64 63 48 101 86 31 64 85 102 63 67 86 102 64 74 71 86 64 80 57 65 88 64 100 89 0 64 85 4 108 108 42 68 52 98 56 45 2 67 103
split_gain=81.4439 277.339 523.671 125.473 255.892 190.377 39.4076 39.7358 41.2833 107.365 251.927 33.5717 59.7927 142.365 27.8392 27.2781 45.3216 32.6119 21.842 49.5897 21.2446 36.3491 19.7016 14.8569 14.0866 16.6898 13.3699 12.4656 10.8017 10.7746 10.3935 6.69369 8.18419 13.4317 5.65458 5.43502 8.77367 4.69359 4.48368 5.6503 4.43299 2.80695 1.86718 1.60909
threshold=0.22500000000000003 132.95000000000002 -29.999999999999996 -104.49999999999999 44.750000000000007 8.5000000000000018 1.1500000000000001 3.4579500000000007 -615.49999999999989 3.5000000000000004 69.250000000000014 54.500000000000007 0.049560793161781309 13.500000000000002 79.500000000000014 76.500000000000014 0.15859273302471627 84.15000000000002 2.4500000000000006 9.5000000000000018 -559.49999999999989 76.050000000000011 34.050000000000004 -5.7499999999999991 3.5000000000000004 17.500000000000004 60.250000000000007 -1.2736500000000033 485.50000000000006 65.000000000000014 21.450000000000003 54.500000000000007 1.0000000180025095e-35 0.18441295546558703 0.38138528138528138 0.88562091503267981 1315.0000000000002 105.00000000000001 -0.5345499999999993 0.23303167420814477 3.5000000000000004 1.5000000000000002 1175.5000000000002 0.34871191548325375
decision_type=2 2 2 2 2 2 2 2 2 2 2 2 2 2 2 2 2 2 2 2 2 2 2 2 2 2 2 2 2 2 2 2 2 2 2 2 2 2 2 2 2 2 2 2
left_child=6 3 -3 4 24 -6 7 8 9 18 22 12 13 -10 -8 17 -17 20 30 -20 21 -16 -11 -13 38 27 -14 -26 -25 -22 -1 32 33 -5 41 37 42 40 39 -2 -33 -34 -37 -19
right_child=1 2 -4 31 5 -7 14 -9 11 10 -12 23 26 -15 15 16 -18 43 19 -21 29 -23 -24 28 25 -27 -28 -29 -30 -31 -32 35 34 -35 -36 36 -38 -39 -40 -41 -42 -43 -44 -45
leaf_value=0.001721057837560949 0.010430340036386678 0.11145633102449905 -0.0041093020637206577 0.017458271906108217 0.013012438462774627 0.077158761939929391 0.012412851950123944 0.021368181215633112 0.0047506299378489384 0.021333125724189557 0.067804246166461274 0.009255529727912255 0.0012884748169019601 0.048176441869355068 0.00029036533889370385 0.029748654111148326 -0.0051037254634205345 -0.00080390592789787902 0.029899059596199283 -0.0044635605478623094 -0.0032304840960070409 0.018477692881015424 0.0037769839986358513 -0.003173819099988328 0.013580609765164441 0.018666337111610799 -0.0043968868968899252 0.0031970384510781429 8.2582715614555531e-05 0.0069684771283978703 -0.0028361487205345285 0.00060940493761444726 0.0027086688354458544 0.00045101651142150431 0.0058782514719898215 0.0021462807552530896 0.011803712155540652 0.0043505702978619935 -0.0011981635667979028 0.0019733996663954209 -0.0030099123366691973 -0.0033739433952204622 -0.0044816002363109427 -0.0042869024691714469
leaf_weight=517 44 29 40 33 41 39 56 39 266 34 35 48 479 37 1312 30 34 62 34 38 1152 49 149 1777 68 54 282 192 577 46 368 170 41 52 49 35 32 45 120 159 925 147 37 2309
leaf_count=517 44 29 40 33 41 39 56 39 266 34 35 48 479 37 1312 30 34 62 34 38 1152 49 149 1777 68 54 282 192 577 46 368 170 41 52 49 35 32 45 120 159 925 147 37 2309
internal_value=0 0.00346228 0.0444074 0.00222231 0.0094052 0.0443548 -0.000836326 0.000533289 0.000357076 0.00371578 0.0168456 -0.000780157 0.00228305 0.010072 -0.00210656 -0.00227039 0.011161 -0.00244578 0.000719528 0.011699 -0.00082047 0.000948972 0.00706714 -0.00213908 0.00500717 0.00813859 -0.000811978 0.00593221 -0.00237356 -0.00283471 -0.000168434 -0.00106337 0.00159259 0.00711337 -0.000367275 -0.00175477 0.00276095 -0.00217104 0.00194765 0.00383116 -0.00244356 -0.00202139 -0.00119238 -0.00419788
internal_weight=0 2352 69 2283 717 80 9730 4680 4641 1175 218 3466 1064 303 5050 4994 64 4930 957 72 2559 1361 183 2402 637 314 761 260 2354 1198 885 1566 322 85 237 1244 104 1140 323 203 1095 188 72 2371
internal_count=12082 2352 69 2283 717 80 9730 4680 4641 1175 218 3466 1064 303 5050 4994 64 4930 957 72 2559 1361 183 2402 637 314 761 260 2354 1198 885 1566 322 85 237 1244 104 1140 323 203 1095 188 72 2371
is_linear=0
shrinkage=0.0207303


end of trees

feature_importances:
current_odds=36
days_since_last_race=26
umaban=12
ninki_1=7
rank_trend=7
kinryo=7
agari_df_course_5=7
corner_chase_1=6
f_len1=5
margin_2=5
current_popularity=5
father_cat=5
mother_father_cat=5
n_horses_1=5
same_course_pr5=5
mf_classout.1=4
jockey_place_rate=4
f_course1=3
agari_1=3
corner_ratio_1=3
corner_ratio_2=3
ninki_4=3
margin_4=3
horse_weight_abs_1=3
agari_trend_5=3
agari_df_course_4=3
corner_ratio_std5=3
f_mf_course1=2
f_lenout=2
mf_classout=2
time_df_course1=2
corner_ratio_3=2
jockey_win_rate=2
agari_5=2
win_rate_recent5=2
n_horses_today=2
corner_chase_5=2
agari_df_course_2=2
agari_std5=2
trainer_place_rate=2
f_course3=1
f_courseout=1
mf_course1=1
mf_course2=1
f_len3=1
ninki_2=1
ninki_3=1
waku=1
paternal_gf_cat=1
corner_ratio_5=1
corner_chase_2=1
corner_chase_3=1
agari_df_course_1=1

parameters:
[boosting: gbdt]
[objective: regression]
[metric: l2]
[tree_learner: serial]
[device_type: cpu]
[data_sample_strategy: bagging]
[data: ]
[valid: ]
[num_iterations: 275]
[learning_rate: 0.0207303]
[num_leaves: 45]
[num_threads: 0]
[seed: 0]
[deterministic: 0]
[force_col_wise: 1]
[force_row_wise: 0]
[histogram_pool_size: -1]
[max_depth: 7]
[min_data_in_leaf: 29]
[min_sum_hessian_in_leaf: 0.001]
[bagging_fraction: 1]
[pos_bagging_fraction: 1]
[neg_bagging_fraction: 1]
[bagging_freq: 0]
[bagging_seed: 3]
[feature_fraction: 1]
[feature_fraction_bynode: 1]
[feature_fraction_seed: 2]
[extra_trees: 0]
[extra_seed: 6]
[early_stopping_round: 0]
[first_metric_only: 0]
[max_delta_step: 0]
[lambda_l1: 0.23484]
[lambda_l2: 0.0177849]
[linear_lambda: 0]
[min_gain_to_split: 0]
[drop_rate: 0.1]
[max_drop: 50]
[skip_drop: 0.5]
[xgboost_dart_mode: 0]
[uniform_drop: 0]
[drop_seed: 4]
[top_rate: 0.2]
[other_rate: 0.1]
[min_data_per_group: 100]
[max_cat_threshold: 32]
[cat_l2: 10]
[cat_smooth: 10]
[max_cat_to_onehot: 4]
[top_k: 20]
[monotone_constraints: ]
[monotone_constraints_method: basic]
[monotone_penalty: 0]
[feature_contri: ]
[forcedsplits_filename: ]
[refit_decay_rate: 0.9]
[cegb_tradeoff: 1]
[cegb_penalty_split: 0]
[cegb_penalty_feature_lazy: ]
[cegb_penalty_feature_coupled: ]
[path_smooth: 0]
[interaction_constraints: ]
[verbosity: -1]
[saved_feature_importance_type: 0]
[use_quantized_grad: 0]
[num_grad_quant_bins: 4]
[quant_train_renew_leaf: 0]
[stochastic_rounding: 1]
[linear_tree: 0]
[max_bin: 255]
[max_bin_by_feature: ]
[min_data_in_bin: 3]
[bin_construct_sample_cnt: 200000]
[data_random_seed: 1]
[is_enable_sparse: 1]
[enable_bundle: 1]
[use_missing: 1]
[zero_as_missing: 0]
[feature_pre_filter: 1]
[pre_partition: 0]
[two_round: 0]
[header: 0]
[label_column: ]
[weight_column: ]
[group_column: ]
[ignore_column: ]
[categorical_feature: ]
[forcedbins_filename: ]
[precise_float_parser: 0]
[parser_config_file: ]
[objective_seed: 5]
[num_class: 1]
[is_unbalance: 0]
[scale_pos_weight: 1]
[sigmoid: 1]
[boost_from_average: 1]
[reg_sqrt: 0]
[alpha: 0.9]
[fair_c: 1]
[poisson_max_delta_step: 0.7]
[tweedie_variance_power: 1.5]
[lambdarank_truncation_level: 30]
[lambdarank_norm: 1]
[label_gain: ]
[lambdarank_position_bias_regularization: 0]
[eval_at: ]
[multi_error_top_k: 1]
[auc_mu_weights: ]
[num_machines: 1]
[local_listen_port: 12400]
[time_out: 120]
[machine_list_filename: ]
[machines: ]
[gpu_platform_id: -1]
[gpu_device_id: -1]
[gpu_use_dp: 0]
[num_gpu: 1]

end of parameters

pandas_categorical:[]
