tree
version=v4
num_class=1
num_tree_per_iteration=1
label_index=0
max_feature_idx=65
feature_names=f_course1 f_course2 f_course3 f_courseout mf_course1 mf_course2 mf_course3 mf_courseout f_mf_course1 f_mf_course2 f_mf_course3 f_mf_courseout f_len1 f_len2 f_len3 f_lenout mf_len1 mf_len2 mf_len3 mf_classout f_mf_len1 f_mf_len2 f_mf_len3 f_mf_classout f_class1 f_class2 f_class3 f_classout mf_class1 mf_class2 mf_class3 mf_classout.1 f_mf_class1 f_mf_class2 f_mf_class3 f_mf_classout.1 time_df_course1 time_df_class1 ninki_1 result_1 agari_1 margin_1 corner_ratio_1 time_df_course2 time_df_class2 ninki_2 result_2 agari_2 margin_2 corner_ratio_2 time_df_course3 time_df_class3 ninki_3 result_3 agari_3 margin_3 corner_ratio_3 rank_trend weight_change dist_change jockey_win_rate jockey_place_rate waku umaban current_odds current_popularity
feature_infos=[0:145] [0:121] [0:105] [0:714] [0:82] [0:66] [0:64] [0:480] [0:13] [0:15] [0:12] [0:71] [0:44] [0:32] [0:26] [0:194] [0:29] [0:24] [0:22] [0:147] [0:7] [0:7] [0:5] [0:22] [0:13] [0:8] [0:9] [0:80] [0:12] [0:8] [0:9] [0:55] [0:4] [0:3] [0:4] [0:11] [-1:0] [-1:0] [-1:180] [-1:150] [-1:66.799999999999997] [-1:32.799999999999997] [-1:1] [-1:0] [-1:0] [-1:180] [-1:180] [-1:50.399999999999999] [-1:20.699999999999999] [-1:1] [-1:0] [-1:0] [-1:180] [-1:180] [-1:52] [-1:22.800000000000001] [-1:1] [-70:80] [-42:61] [-2500:1000] [-1:1] [-1:1] [1:8] [1:18] [-1:999.89999999999998] [-1:18]
tree_sizes=937 999 999 998 1000 1000 1000 998 995 1000 1001 1001 1000 999 1001 1004 1002 1005 1008 1004 1000 1007 1003 1002

Tree=0
num_leaves=8
num_cat=0
split_feature=40 64 64 3 58 38 21
split_gain=1224.45 313.162 162.399 135.054 129.065 117.04 73.4781
threshold=38.050000000000004 225.75000000000003 31.150000000000002 39.500000000000007 -11.499999999999998 135.00000000000003 1.5000000000000002
decision_type=2 2 2 2 2 2 2
left_child=1 3 6 -1 -3 -4 -2
right_child=2 4 5 -5 -6 -7 -8
leaf_value=0.00011558807545075925 -0.0056087093646885761 0.0050791494726569898 -0.0095076590606399825 -0.0021267500841539188 -0.010571096386105242 0.0043999229979739983 0.0045028400005964232
leaf_weight=1516.1250001788139 418.19999957084656 16.5 726.75 1489.0749997198582 133 17.25 21.024999856948853
leaf_count=3370 1354 18 2763 3996 532 21 28
internal_value=0 -0.0013673 -0.00767732 -0.000995295 -0.00883875 -0.00918415 -0.0051229
internal_weight=0 3154.7 1183.22 3005.2 149.5 744 439.225
internal_count=12082 7916 4166 7366 550 2784 1382
is_linear=0
shrinkage=0.00528947


Tree=1
num_leaves=8
num_cat=0
split_feature=40 64 64 3 58 54 21
split_gain=1211.56 309.866 160.695 133.629 127.711 116.175 72.7053
threshold=38.050000000000004 225.75000000000003 31.150000000000002 39.500000000000007 -11.499999999999998 44.400000000000006 1.5000000000000002
decision_type=2 2 2 2 2 2 2
left_child=1 3 6 -1 -3 -4 -2
right_child=2 4 5 -5 -6 -7 -8
leaf_value=0.00011497661558911308 -0.005579089103947458 0.0050523805049316273 -0.0094580905209707064 -0.0021155036362475389 -0.010515491905619633 0.0043980203980293637 0.0044790897989390706
leaf_weight=1516.1250001788139 418.19670894742012 16.499893486499786 726.73367190361023 1489.0733102485538 132.99628204107285 17.249827921390533 21.024893403053284
leaf_count=3370 1354 18 2763 3996 532 21 28
internal_value=0 -0.00136007 -0.00763684 -0.00099003 -0.00879221 -0.00913577 -0.00509584
internal_weight=0 3154.69 1183.21 3005.2 149.496 743.983 439.222
internal_count=12082 7916 4166 7366 550 2784 1382
is_linear=0
shrinkage=0.00528947


Tree=2
num_leaves=8
num_cat=0
split_feature=40 64 64 3 58 54 21
split_gain=1198.87 306.626 159.03 132.22 126.38 114.962 71.9418
threshold=38.050000000000004 225.75000000000003 31.150000000000002 39.500000000000007 -11.499999999999998 44.400000000000006 1.5000000000000002
decision_type=2 2 2 2 2 2 2
left_child=1 3 6 -1 -3 -4 -2
right_child=2 4 5 -5 -6 -7 -8
leaf_value=0.00011436856392562477 -0.0055497117327366454 0.0050258170907673694 -0.0094086959225493458 -0.0021043207011463201 -0.010460759089926308 0.0043748355884423475 0.0044555095805550119
leaf_weight=1516.1250001788139 418.18691315501928 16.499576106667519 726.68505239486694 1489.0683235004544 132.98521536588669 17.249729752540588 21.024576008319855
leaf_count=3370 1354 18 2763 3996 532 21 28
internal_value=0 -0.00135288 -0.00759682 -0.000984794 -0.00874635 -0.00908804 -0.00506899
internal_weight=0 3154.68 1183.15 3005.19 149.485 743.935 439.211
internal_count=12082 7916 4166 7366 550 2784 1382
is_linear=0
shrinkage=0.00528947


Tree=3
num_leaves=8
num_cat=0
split_feature=40 64 64 3 58 38 21
split_gain=1186.38 303.439 157.402 130.826 125.07 114.124 71.1874
threshold=38.050000000000004 225.75000000000003 31.150000000000002 39.500000000000007 -11.499999999999998 135.00000000000003 1.5000000000000002
decision_type=2 2 2 2 2 2 2
left_child=1 3 6 -1 -3 -4 -2
right_child=2 4 5 -5 -6 -7 -8
leaf_value=0.00011376349791858252 -0.0055205739006631612 0.0049994551481711853 -0.0093604678725972487 -0.0020932020612540658 -0.010406879770219807 0.00437288617045973 0.0044320972963246552
leaf_weight=1516.1250001788139 418.17071101814508 16.499051988124847 726.60476434230804 1489.0600047186017 132.9669109582901 17.249207139015198 21.024050951004028
leaf_count=3370 1354 18 2763 3996 532 21 28
internal_value=0 -0.00134573 -0.00755726 -0.000979587 -0.00870118 -0.00904095 -0.00504237
internal_weight=0 3154.65 1183.05 3005.19 149.466 743.854 439.195
internal_count=12082 7916 4166 7366 550 2784 1382
is_linear=0
shrinkage=0.00528947


Tree=4
num_leaves=8
num_cat=0
split_feature=40 64 64 3 58 54 21
split_gain=1174.08 300.304 155.812 129.448 123.782 112.946 70.4421
threshold=38.050000000000004 225.75000000000003 31.150000000000002 39.500000000000007 -11.499999999999998 44.400000000000006 1.5000000000000002
decision_type=2 2 2 2 2 2 2
left_child=1 3 6 -1 -3 -4 -2
right_child=2 4 5 -5 -6 -7 -8
leaf_value=0.00011316183305081725 -0.0054916718660939622 0.004973293801543965 -0.0093123944474934259 -0.0020821465346074564 -0.010353832472686579 0.0043498805448233535 0.0044088513930213031
leaf_weight=1516.1248997300863 418.14820258319378 16.498323798179626 726.49300110340118 1489.0484681650996 132.94149565696716 17.248929560184479 21.023321688175201
leaf_count=3370 1354 18 2763 3996 532 21 28
internal_value=0 -0.00133863 -0.00751815 -0.000974408 -0.00865665 -0.00899448 -0.00501595
internal_weight=0 3154.61 1182.91 3005.17 149.44 743.742 439.172
internal_count=12082 7916 4166 7366 550 2784 1382
is_linear=0
shrinkage=0.00528947


Tree=5
num_leaves=8
num_cat=0
split_feature=40 64 64 3 58 38 21
split_gain=1161.97 297.221 154.257 128.084 122.514 112.136 69.7056
threshold=38.050000000000004 225.75000000000003 31.150000000000002 39.500000000000007 -11.499999999999998 135.00000000000003 1.5000000000000002
decision_type=2 2 2 2 2 2 2
left_child=1 3 6 -1 -3 -4 -2
right_child=2 4 5 -5 -6 -7 -8
leaf_value=0.00011256307831843203 -0.005463002468572363 0.0049473292711422695 -0.0092654556180193238 -0.0020711541571661902 -0.010301601160694292 0.0043480406005443487 0.0043857690066807422
leaf_weight=1516.1248911470175 418.11950927227736 16.497394904494286 726.3507364988327 1489.0338025987148 132.90906459093094 17.248061418533325 21.022390902042389
leaf_count=3370 1354 18 2763 3996 532 21 28
internal_value=0 -0.00133157 -0.00747948 -0.000969258 -0.00861278 -0.00894863 -0.00498975
internal_weight=0 3154.57 1182.74 3005.16 149.406 743.599 439.142
internal_count=12082 7916 4166 7366 550 2784 1382
is_linear=0
shrinkage=0.00528947


Tree=6
num_leaves=8
num_cat=0
split_feature=40 64 64 3 58 38 21
split_gain=1150.05 294.187 152.737 126.735 121.268 110.99 68.9778
threshold=38.050000000000004 225.75000000000003 31.150000000000002 39.500000000000007 -11.499999999999998 135.00000000000003 1.5000000000000002
decision_type=2 2 2 2 2 2 2
left_child=1 3 6 -1 -3 -4 -2
right_child=2 4 5 -5 -6 -7 -8
leaf_value=0.00011196772648976852 -0.0054345626950050002 0.0049215590899251219 -0.0092186492960539389 -0.0020602237186705921 -0.010250167116333898 0.0043252084624292577 0.004362848385450215
leaf_weight=1516.1248190104961 418.08468925952911 16.496268481016159 726.17781573534012 1489.0159754380584 132.86974459886551 17.247608006000519 21.021262943744659
leaf_count=3370 1354 18 2763 3996 532 21 28
internal_value=0 -0.00132455 -0.00744123 -0.000964136 -0.00856953 -0.00890338 -0.00496376
internal_weight=0 3154.51 1182.53 3005.14 149.366 743.425 439.106
internal_count=12082 7916 4166 7366 550 2784 1382
is_linear=0
shrinkage=0.00528947


Tree=7
num_leaves=8
num_cat=0
split_feature=40 64 64 3 58 54 21
split_gain=1138.3 291.202 151.251 125.4 120.041 110.205 68.2587
threshold=38.050000000000004 225.75000000000003 31.150000000000002 39.500000000000007 -11.499999999999998 44.400000000000006 1.5000000000000002
decision_type=2 2 2 2 2 2 2
left_child=1 3 6 -1 -3 -4 -2
right_child=2 4 5 -5 -6 -7 -8
leaf_value=0.00011137590010978428 -0.0054063483272616588 0.0048959813387040195 -0.0091729430607204385 -0.0020493552024937107 -0.010199512002195689 0.0043233297236957551 0.0043400879311401262
leaf_weight=1516.1247436851263 418.04388330131769 16.494947895407677 725.97554671764374 1488.9950500205159 132.82364666461945 17.246405243873596 21.019940972328186
leaf_count=3370 1354 18 2763 3996 532 21 28
internal_value=0 -0.00131757 -0.00740341 -0.000959041 -0.0085269 -0.00885871 -0.00493797
internal_weight=0 3154.44 1182.29 3005.12 149.319 743.222 439.064
internal_count=12082 7916 4166 7366 550 2784 1382
is_linear=0
shrinkage=0.00528947


Tree=8
num_leaves=8
num_cat=0
split_feature=40 64 64 3 58 54 41
split_gain=1126.73 288.265 149.797 124.08 118.834 109.09 67.6183
threshold=38.050000000000004 225.75000000000003 31.150000000000002 39.500000000000007 -11.499999999999998 44.400000000000006 1.4500000000000002
decision_type=2 2 2 2 2 2 2
left_child=1 3 6 -1 -3 -4 -2
right_child=2 4 5 -5 -6 -7 -8
leaf_value=0.00011078691545027291 -0.0083678555060005041 0.004870592471363744 -0.0091273515624020838 -0.0020385483638201301 -0.010149619735185408 0.0043006709774220716 -0.003659648796038307
leaf_weight=1516.1247050911188 116.61875660717487 16.493436068296432 725.74344682693481 1488.9711514860392 132.77087384462357 17.245776772499084 322.39683941751719
leaf_count=3370 435 18 2763 3996 532 21 947
internal_value=0 -0.00131064 -0.00736601 -0.000953975 -0.00848488 -0.00881462 -0.00491239
internal_weight=0 3154.36 1182 3005.1 149.264 742.989 439.016
internal_count=12082 7916 4166 7366 550 2784 1382
is_linear=0
shrinkage=0.00528947


Tree=9
num_leaves=8
num_cat=0
split_feature=40 64 64 55 58 38 21
split_gain=1115.32 285.374 148.381 123.332 117.645 108.33 67.4933
threshold=38.050000000000004 225.75000000000003 31.150000000000002 2.1500000000000008 -11.499999999999998 135.00000000000003 1.5000000000000002
decision_type=2 2 2 2 2 2 2
left_child=1 3 6 -1 -3 -4 -2
right_child=2 4 5 -5 -6 -7 -8
leaf_value=-0.00068453557749240503 -0.0053527969924302239 0.0048453908833497377 -0.0090828308298195343 -0.0052966889880688185 -0.010100473388203204 0.0042988989538461607 0.0043388776655816043
leaf_weight=2832.9755267202854 417.94856921583414 16.491736620664597 725.48310977220535 172.09335894137621 132.7115450501442 17.244243919849396 21.019854366779327
leaf_count=6818 1354 18 2763 548 532 21 28
internal_value=0 -0.00130374 -0.00732897 -0.000948937 -0.00844345 -0.00877109 -0.00488694
internal_weight=0 3154.27 1181.7 3005.07 149.203 742.727 438.968
internal_count=12082 7916 4166 7366 550 2784 1382
is_linear=0
shrinkage=0.00528947


Tree=10
num_leaves=8
num_cat=0
split_feature=40 64 64 3 58 38 41
split_gain=1104.09 282.528 146.991 122.813 116.476 107.246 66.8838
threshold=38.050000000000004 225.75000000000003 31.150000000000002 39.500000000000007 -11.499999999999998 135.00000000000003 1.4500000000000002
decision_type=2 2 2 2 2 2 2
left_child=1 3 6 -1 -3 -4 -2
right_child=2 4 5 -5 -6 -7 -8
leaf_value=0.00011537774229326416 -0.0082990332040675796 0.0048203738495748187 -0.009038404839178539 -0.002022965390489493 -0.010052058205936959 0.0042764105104330357 -0.0036157591568020792
leaf_weight=1516.1245564520359 116.57887129485607 16.489851966500282 725.19373500347137 1488.9307357296348 132.6457554101944 17.243444561958313 322.33023335039616
leaf_count=3370 435 18 2763 3996 532 21 947
internal_value=0 -0.00129688 -0.00729237 -0.000943923 -0.00840259 -0.00872811 -0.00486175
internal_weight=0 3154.19 1181.35 3005.06 149.136 742.437 438.909
internal_count=12082 7916 4166 7366 550 2784 1382
is_linear=0
shrinkage=0.00528947


Tree=11
num_leaves=8
num_cat=0
split_feature=40 64 64 55 58 54 21
split_gain=1093.01 279.727 145.636 122.074 115.325 106.508 66.7402
threshold=38.050000000000004 225.75000000000003 31.150000000000002 2.1500000000000008 -11.499999999999998 44.400000000000006 1.5000000000000002
decision_type=2 2 2 2 2 2 2
left_child=1 3 6 -1 -3 -4 -2
right_child=2 4 5 -5 -6 -7 -8
leaf_value=-0.00067589061308051513 -0.0053000659644048195 0.0047955394109918982 -0.0089950193076314463 -0.0052645382006951185 -0.010004356700032616 0.0042746015484522353 0.0043374373450773508
leaf_weight=2832.937354311347 417.83127076923847 16.487784072756767 724.87717717885971 172.08678393065929 132.5736238360405 17.241592764854431 21.019732594490051
leaf_count=6818 1354 18 2763 548 532 21 28
internal_value=0 -0.00129006 -0.00725612 -0.000938939 -0.0083623 -0.00868567 -0.00483668
internal_weight=0 3154.09 1180.97 3005.02 149.061 742.119 438.851
internal_count=12082 7916 4166 7366 550 2784 1382
is_linear=0
shrinkage=0.00528947


Tree=12
num_leaves=8
num_cat=0
split_feature=40 64 64 3 58 38 41
split_gain=1082.1 276.969 144.305 121.559 114.191 105.452 66.1694
threshold=38.050000000000004 225.75000000000003 31.150000000000002 39.500000000000007 -11.499999999999998 135.00000000000003 1.4500000000000002
decision_type=2 2 2 2 2 2 2
left_child=1 3 6 -1 -3 -4 -2
right_child=2 4 5 -5 -6 -7 -8
leaf_value=0.00011989101984470656 -0.0082315549480071193 0.0047708838816404179 -0.0089517122234204632 -0.0020075257554627995 -0.0099573554082061488 0.0042522837078154399 -0.0035724820520256586
leaf_weight=1516.1228501349688 116.52870789170265 16.485538721084595 724.5323714017868 1488.8835199698806 132.49524545669556 17.2406245470047 322.25224231928587
leaf_count=3370 435 18 2763 3996 532 21 947
internal_value=0 -0.00128328 -0.00722029 -0.00093398 -0.00832257 -0.00864377 -0.00481186
internal_weight=0 3153.99 1180.55 3005.01 148.981 741.773 438.781
internal_count=12082 7916 4166 7366 550 2784 1382
is_linear=0
shrinkage=0.00528947


Tree=13
num_leaves=8
num_cat=0
split_feature=40 64 64 55 58 54 21
split_gain=1071.34 274.254 143.008 120.831 113.075 104.737 65.9989
threshold=38.050000000000004 225.75000000000003 31.150000000000002 2.1500000000000008 -11.499999999999998 44.400000000000006 1.5000000000000002
decision_type=2 2 2 2 2 2 2
left_child=1 3 6 -1 -3 -4 -2
right_child=2 4 5 -5 -6 -7 -8
leaf_value=-0.00066734529816770023 -0.0052481336354419051 0.0047464065176973111 -0.008909419572857678 -0.005232704291432212 -0.0099110393122425738 0.0042505785558048436 0.0043357712479719108
leaf_weight=2832.8942182511091 417.69265702366829 16.483117118477821 724.16144418716431 172.07697472721338 132.41072332859039 17.238456249237061 21.019576489925385
leaf_count=6818 1354 18 2763 548 532 21 28
internal_value=0 -0.00127655 -0.0071848 -0.00092905 -0.00828338 -0.00860238 -0.00478718
internal_weight=0 3153.87 1180.11 3004.97 148.894 741.4 438.712
internal_count=12082 7916 4166 7366 550 2784 1382
is_linear=0
shrinkage=0.00528947


Tree=14
num_leaves=8
num_cat=0
split_feature=40 64 64 3 58 54 23
split_gain=1060.75 271.58 141.733 120.318 111.976 103.709 65.5685
threshold=38.050000000000004 225.75000000000003 31.150000000000002 39.500000000000007 -11.499999999999998 44.400000000000006 1.0000000180025095e-35
decision_type=2 2 2 2 2 2 2
left_child=1 3 6 -1 -3 -4 -2
right_child=2 4 5 -5 -6 -7 -8
leaf_value=0.00012432735737830862 -0.006248816008185081 0.0047221047922722569 -0.0088671873481377325 -0.001992227826529188 -0.0098653931022597129 0.0042284250542021628 -0.0019400762863098528
leaf_weight=1516.1196537315845 287.17047959566116 16.480521231889725 723.76302397251129 1488.8296539708972 132.32016843557358 17.237322390079498 151.46130959689617
leaf_count=3370 985 18 2763 3996 532 21 397
internal_value=0 -0.00126984 -0.00714971 -0.000924144 -0.00824472 -0.0085615 -0.00476272
internal_weight=0 3153.75 1179.63 3004.95 148.801 741 438.632
internal_count=12082 7916 4166 7366 550 2784 1382
is_linear=0
shrinkage=0.00528947


Tree=15
num_leaves=8
num_cat=0
split_feature=40 64 64 55 58 38 41
split_gain=1050.29 268.946 140.491 119.604 110.894 103.015 65.449
threshold=38.050000000000004 225.75000000000003 31.150000000000002 2.1500000000000008 -11.499999999999998 135.00000000000003 1.4500000000000002
decision_type=2 2 2 2 2 2 2
left_child=1 3 6 -1 -3 -4 -2
right_child=2 4 5 -5 -6 -7 -8
leaf_value=-0.00065889833865811717 -0.0081407525167269817 0.0046979754961532479 -0.0088259415417062531 -0.0052011824904701597 -0.0098204047994694624 0.0042266900835441741 -0.0035056482657345152
leaf_weight=2832.8462050259113 116.44327884912491 16.477755635976791 723.3394883275032 172.06398662179708 132.22366797924042 17.234851539134979 322.10996938496828
leaf_count=6818 435 18 2763 548 532 21 947
internal_value=0 -0.00126318 -0.00711495 -0.000919267 -0.00820659 -0.00852112 -0.00473839
internal_weight=0 3153.61 1179.13 3004.91 148.701 740.574 438.553
internal_count=12082 7916 4166 7366 550 2784 1382
is_linear=0
shrinkage=0.00528947


Tree=16
num_leaves=8
num_cat=0
split_feature=40 64 64 3 58 38 21
split_gain=1039.99 266.353 139.275 119.091 109.828 102.013 65.0795
threshold=38.050000000000004 225.75000000000003 31.150000000000002 39.500000000000007 -11.499999999999998 135.00000000000003 1.5000000000000002
decision_type=2 2 2 2 2 2 2
left_child=1 3 6 -1 -3 -4 -2
right_child=2 4 5 -5 -6 -7 -8
leaf_value=0.00012868811168780059 -0.0051722574197335331 0.0046740168926151853 -0.0087847425316814661 -0.0019770696050044226 -0.009776059660070939 0.0042047007215257962 0.0043446705876341906
leaf_weight=1516.1151027083397 417.44963703304529 16.474822998046875 722.88921844959259 1488.7692849710584 132.12133294343948 17.233554065227509 21.020062610507011
leaf_count=3370 1354 18 2763 3996 532 21 28
internal_value=0 -0.00125655 -0.00708054 -0.000914414 -0.00816896 -0.00848123 -0.00471424
internal_weight=0 3153.48 1178.59 3004.88 148.596 740.123 438.47
internal_count=12082 7916 4166 7366 550 2784 1382
is_linear=0
shrinkage=0.00528947


Tree=17
num_leaves=8
num_cat=0
split_feature=40 64 64 55 58 54 41
split_gain=1029.84 263.798 138.079 118.393 108.778 101.34 64.7759
threshold=38.050000000000004 225.75000000000003 31.150000000000002 2.1500000000000008 -11.499999999999998 44.400000000000006 1.4500000000000002
decision_type=2 2 2 2 2 2 2
left_child=1 3 6 -1 -3 -4 -2
right_child=2 4 5 -5 -6 -7 -8
leaf_value=-0.00065054875540289424 -0.0080763324833079304 0.0046502279188478587 -0.0087445064638313717 -0.0051699667948611168 -0.0097323443850591447 0.0042030671799399089 -0.0034638647359410343
leaf_weight=2832.7934708297253 116.36988136172295 16.471725985407829 722.41483986377716 172.04789304733276 132.01325845718384 17.230779051780701 322.00458505749702
leaf_count=6818 435 18 2763 548 532 21 947
internal_value=0 -0.00124997 -0.00704652 -0.000909589 -0.00813184 -0.00844183 -0.00469032
internal_weight=0 3153.33 1178.02 3004.84 148.485 739.646 438.374
internal_count=12082 7916 4166 7366 550 2784 1382
is_linear=0
shrinkage=0.00528947


Tree=18
num_leaves=8
num_cat=0
split_feature=40 64 64 3 58 54 23
split_gain=1019.82 261.281 136.913 117.877 107.744 100.363 64.6779
threshold=38.050000000000004 225.75000000000003 31.150000000000002 39.500000000000007 -11.499999999999998 44.400000000000006 1.0000000180025095e-35
decision_type=2 2 2 2 2 2 2
left_child=1 3 6 -1 -3 -4 -2
right_child=2 4 5 -5 -6 -7 -8
leaf_value=0.00013297365866300431 -0.0061432911593250475 0.0046266054115165203 -0.0087042997569036773 -0.0019620500871597155 -0.0096892459778690921 0.0041812400458655537 -0.0018624938881954853
leaf_weight=1516.1091076880693 286.90839347988367 16.468467012047768 721.91444379091263 1488.7025821581483 131.8995475769043 17.229321181774139 151.37272262573242
leaf_count=3370 985 18 2763 3996 532 21 397
internal_value=0 -0.00124342 -0.00701281 -0.000904788 -0.00809521 -0.00840289 -0.00466652
internal_weight=0 3153.18 1177.42 3004.81 148.368 739.144 438.281
internal_count=12082 7916 4166 7366 550 2784 1382
is_linear=0
shrinkage=0.00528947


Tree=19
num_leaves=8
num_cat=0
split_feature=40 64 64 55 58 38 21
split_gain=1009.94 258.801 135.771 117.196 106.725 99.7082 64.1794
threshold=38.050000000000004 225.75000000000003 31.150000000000002 2.1500000000000008 -11.499999999999998 135.00000000000003 1.5000000000000002
decision_type=2 2 2 2 2 2 2
left_child=1 3 6 -1 -3 -4 -2
right_child=2 4 5 -5 -6 -7 -8
leaf_value=-0.00064229521603881095 -0.0050980428534857201 0.0046031473598620639 -0.0086650317263457528 -0.0051390519938967682 -0.0096467540688367718 0.0041795760927101789 0.0043528954274707488
leaf_weight=2832.7362307161093 417.16320348531008 16.465047791600227 721.39093261957169 172.02875285595655 131.78027957677841 17.226258397102356 21.020455256104469
leaf_count=6818 1354 18 2763 548 532 21 28
internal_value=0 -0.00123691 -0.00697943 -0.000900016 -0.00805905 -0.00836441 -0.00464289
internal_weight=0 3153.01 1176.8 3004.76 148.245 738.617 438.184
internal_count=12082 7916 4166 7366 550 2784 1382
is_linear=0
shrinkage=0.00528947


Tree=20
num_leaves=8
num_cat=0
split_feature=40 64 64 3 58 54 41
split_gain=1000.2 256.358 134.648 116.677 105.721 98.7557 64.103
threshold=38.050000000000004 225.75000000000003 31.150000000000002 39.500000000000007 -11.499999999999998 44.400000000000006 1.4500000000000002
decision_type=2 2 2 2 2 2 2
left_child=1 3 6 -1 -3 -4 -2
right_child=2 4 5 -5 -6 -7 -8
leaf_value=0.00013718550715511929 -0.0079896848269383081 0.0045798522378113814 -0.0086257806878566913 -0.0019471669628703871 -0.0096048548633141766 0.0041579110673909299 -0.0033992612455664437
leaf_weight=1516.1017758846283 116.25348280370235 16.461472898721695 720.84204918146133 1488.6297575980425 131.655557513237 17.224642157554626 321.8208851441741
leaf_count=3370 435 18 2763 3996 532 21 947
internal_value=0 -0.00123043 -0.00694642 -0.000895266 -0.00802337 -0.00832639 -0.00461948
internal_weight=0 3152.85 1176.14 3004.73 148.117 738.067 438.074
internal_count=12082 7916 4166 7366 550 2784 1382
is_linear=0
shrinkage=0.00528947


Tree=21
num_leaves=8
num_cat=0
split_feature=40 64 64 55 58 38 23
split_gain=990.59 253.949 133.552 116.014 104.731 98.1207 63.8413
threshold=38.050000000000004 225.75000000000003 31.150000000000002 2.1500000000000008 -11.499999999999998 135.00000000000003 1.0000000180025095e-35
decision_type=2 2 2 2 2 2 2
left_child=1 3 6 -1 -3 -4 -2
right_child=2 4 5 -5 -6 -7 -8
leaf_value=-0.00063413675176989339 -0.0060641340759642406 0.0045567178886382334 -0.0085874463976689814 -0.0051084335793323762 -0.0095635360700050201 0.0041563467146623102 -0.0018098550161709287
leaf_weight=2832.6745348572731 286.66808015108109 16.457744747400284 720.27100908756256 172.00663857907057 131.52548444271088 17.221287608146667 151.2992432564497
leaf_count=6818 985 18 2763 548 532 21 397
internal_value=0 -0.00122399 -0.0069137 -0.000890545 -0.00798816 -0.00828881 -0.00459618
internal_weight=0 3152.66 1175.46 3004.68 147.983 737.492 437.967
internal_count=12082 7916 4166 7366 550 2784 1382
is_linear=0
shrinkage=0.00528947


Tree=22
num_leaves=8
num_cat=0
split_feature=40 64 64 3 58 38 41
split_gain=981.11 251.576 132.479 115.488 103.756 97.1916 63.4806
threshold=38.050000000000004 225.75000000000003 31.150000000000002 39.500000000000007 -11.499999999999998 135.00000000000003 1.4500000000000002
decision_type=2 2 2 2 2 2 2
left_child=1 3 6 -1 -3 -4 -2
right_child=2 4 5 -5 -6 -7 -8
leaf_value=0.00014132435894108426 -0.007928385319534801 0.0045337425612894822 -0.0085491144525829919 -0.0019324193241667905 -0.0095227873454164988 0.0041348376926652565 -0.0033587220950131039
leaf_weight=1516.0931277424097 116.15929678082466 16.453864350914955 719.67532032728195 1488.5508901849389 131.39013963937759 17.219516217708588 321.69693241268396
leaf_count=3370 435 18 2763 3996 532 21 947
internal_value=0 -0.00121759 -0.00688129 -0.000885847 -0.00795339 -0.00825167 -0.00457305
internal_weight=0 3152.49 1174.75 3004.64 147.844 736.895 437.856
internal_count=12082 7916 4166 7366 550 2784 1382
is_linear=0
shrinkage=0.00528947


Tree=23
num_leaves=8
num_cat=0
split_feature=40 64 64 55 58 54 21
split_gain=971.758 249.237 131.426 114.847 102.795 96.5736 63.2564
threshold=38.050000000000004 225.75000000000003 31.150000000000002 2.1500000000000008 -11.499999999999998 44.400000000000006 1.5000000000000002
decision_type=2 2 2 2 2 2 2
left_child=1 3 6 -1 -3 -4 -2
right_child=2 4 5 -5 -6 -7 -8
leaf_value=-0.00062607220444728536 -0.0050024503363390602 0.0045109236126063459 -0.0085116761307120932 -0.005078106878603072 -0.0094825979681237849 0.0041332496254942383 0.0043803043092778679
leaf_weight=2832.6085607409477 416.71853533387184 16.449836030602455 719.05841392278671 171.9816023260355 131.24961030483246 17.215886533260345 21.021644577383995
leaf_count=6818 1354 18 2763 548 532 21 28
internal_value=0 -0.00121123 -0.00684921 -0.000881176 -0.00791907 -0.00821495 -0.00455008
internal_weight=0 3152.29 1174.01 3004.59 147.699 736.274 437.74
internal_count=12082 7916 4166 7366 550 2784 1382
is_linear=0
shrinkage=0.00528947


end of trees

feature_importances:
current_odds=48
agari_1=24
weight_change=24
f_courseout=16
f_mf_len2=14
ninki_1=12
agari_3=12
margin_3=8
margin_1=7
f_mf_classout=3

parameters:
[boosting: gbdt]
[objective: custom]
[metric: custom]
[tree_learner: serial]
[device_type: cpu]
[data_sample_strategy: bagging]
[data: ]
[valid: ]
[num_iterations: 390]
[learning_rate: 0.00528947]
[num_leaves: 8]
[num_threads: 0]
[seed: 0]
[deterministic: 0]
[force_col_wise: 1]
[force_row_wise: 0]
[histogram_pool_size: -1]
[max_depth: 3]
[min_data_in_leaf: 27]
[min_sum_hessian_in_leaf: 0.001]
[bagging_fraction: 1]
[pos_bagging_fraction: 1]
[neg_bagging_fraction: 1]
[bagging_freq: 0]
[bagging_seed: 3]
[feature_fraction: 1]
[feature_fraction_bynode: 1]
[feature_fraction_seed: 2]
[extra_trees: 0]
[extra_seed: 6]
[early_stopping_round: 0]
[first_metric_only: 0]
[max_delta_step: 0]
[lambda_l1: 0.118031]
[lambda_l2: 0.0396186]
[linear_lambda: 0]
[min_gain_to_split: 0]
[drop_rate: 0.1]
[max_drop: 50]
[skip_drop: 0.5]
[xgboost_dart_mode: 0]
[uniform_drop: 0]
[drop_seed: 4]
[top_rate: 0.2]
[other_rate: 0.1]
[min_data_per_group: 100]
[max_cat_threshold: 32]
[cat_l2: 10]
[cat_smooth: 10]
[max_cat_to_onehot: 4]
[top_k: 20]
[monotone_constraints: ]
[monotone_constraints_method: basic]
[monotone_penalty: 0]
[feature_contri: ]
[forcedsplits_filename: ]
[refit_decay_rate: 0.9]
[cegb_tradeoff: 1]
[cegb_penalty_split: 0]
[cegb_penalty_feature_lazy: ]
[cegb_penalty_feature_coupled: ]
[path_smooth: 0]
[interaction_constraints: ]
[verbosity: -1]
[saved_feature_importance_type: 0]
[use_quantized_grad: 0]
[num_grad_quant_bins: 4]
[quant_train_renew_leaf: 0]
[stochastic_rounding: 1]
[linear_tree: 0]
[max_bin: 255]
[max_bin_by_feature: ]
[min_data_in_bin: 3]
[bin_construct_sample_cnt: 200000]
[data_random_seed: 1]
[is_enable_sparse: 1]
[enable_bundle: 1]
[use_missing: 1]
[zero_as_missing: 0]
[feature_pre_filter: 1]
[pre_partition: 0]
[two_round: 0]
[header: 0]
[label_column: ]
[weight_column: ]
[group_column: ]
[ignore_column: ]
[categorical_feature: ]
[forcedbins_filename: ]
[precise_float_parser: 0]
[parser_config_file: ]
[objective_seed: 5]
[num_class: 1]
[is_unbalance: 0]
[scale_pos_weight: 1]
[sigmoid: 1]
[boost_from_average: 1]
[reg_sqrt: 0]
[alpha: 0.9]
[fair_c: 1]
[poisson_max_delta_step: 0.7]
[tweedie_variance_power: 1.5]
[lambdarank_truncation_level: 30]
[lambdarank_norm: 1]
[label_gain: ]
[lambdarank_position_bias_regularization: 0]
[eval_at: ]
[multi_error_top_k: 1]
[auc_mu_weights: ]
[num_machines: 1]
[local_listen_port: 12400]
[time_out: 120]
[machine_list_filename: ]
[machines: ]
[gpu_platform_id: -1]
[gpu_device_id: -1]
[gpu_use_dp: 0]
[num_gpu: 1]

end of parameters

pandas_categorical:[]
