tree
version=v4
num_class=1
num_tree_per_iteration=1
label_index=0
max_feature_idx=49
objective=lambdarank
feature_names=f_course1 f_course2 f_course3 f_courseout mf_course1 mf_course2 mf_course3 mf_courseout f_mf_course1 f_mf_course2 f_mf_course3 f_mf_courseout f_len1 f_len2 f_len3 f_lenout mf_len1 mf_len2 mf_len3 mf_classout f_mf_len1 f_mf_len2 f_mf_len3 f_mf_classout f_class1 f_class2 f_class3 f_classout mf_class1 mf_class2 mf_class3 mf_classout.1 f_mf_class1 f_mf_class2 f_mf_class3 f_mf_classout.1 time_df_course1 time_df_class1 ninki_1 result_1 time_df_course2 time_df_class2 ninki_2 result_2 time_df_course3 time_df_class3 ninki_3 result_3 waku umaban
feature_infos=[0:147] [0:130] [0:110] [0:754] [0:107] [0:85] [0:85] [0:633] [0:17] [0:16] [0:13] [0:87] [0:22] [0:29] [0:24] [0:146] [0:13] [0:18] [0:11] [0:95] [0:4] [0:5] [0:3] [0:17] [0:7] [0:8] [0:9] [0:52] [0:5] [0:9] [0:4] [0:31] [0:2] [0:3] [0:1] [0:6] [-1:0] [-1:0] [-1:180] [-1:120] [-1:0] [-1:0] [-1:180] [-1:180] [-1:0] [-1:0] [-1:180] [-1:160] [1:8] [1:18]
tree_sizes=3144 3134 3132 3157 3146 3155 3148 3146 3147 3143

Tree=0
num_leaves=29
num_cat=0
split_feature=43 39 0 38 0 39 46 0 7 5 49 0 48 23 18 43 42 19 43 42 39 0 24 29 5 15 11 7
split_gain=81.9921 32.1713 12.7975 10.9897 10.3908 8.86797 11.8517 9.60482 6.29931 9.083 7.02485 6.79662 6.26773 6.0477 4.90685 4.81808 4.83067 4.61585 4.42304 4.48678 3.98459 5.47981 3.88291 3.82261 3.78317 3.12734 3.06105 2.88749
threshold=7.5000000000000009 4.5000000000000009 23.500000000000004 85.000000000000014 33.500000000000007 1.0000000180025095e-35 10.500000000000002 5.5000000000000009 37.500000000000007 1.5000000000000002 14.500000000000002 1.0000000180025095e-35 6.5000000000000009 2.5000000000000004 1.5000000000000002 4.5000000000000009 9.5000000000000018 43.500000000000007 6.5000000000000009 3.5000000000000004 3.5000000000000004 1.5000000000000002 2.5000000000000004 2.5000000000000004 2.5000000000000004 1.0000000180025095e-35 1.0000000180025095e-35 16.500000000000004
decision_type=2 2 2 2 2 2 2 2 2 2 2 2 2 2 2 2 2 2 2 2 2 2 2 2 2 2 2 2
left_child=1 5 8 12 14 7 -7 -1 9 10 -2 -11 13 15 -4 16 26 22 19 -17 21 -8 -6 -14 -13 -5 -3 -18
right_child=2 3 4 25 17 6 20 -9 -10 11 -12 24 23 -15 -16 18 27 -19 -20 -21 -22 -23 -24 -25 -26 -27 -28 -29
leaf_value=-0.098350191771315182 -0.21771833317765704 0.062532576611519924 0.1272379148703994 -0.00095249059089336382 -0.25707238032796281 0.21089984960781355 -0.093590578516702536 0.11400549618636778 -0.25405070814353164 -0.18355632719965087 0.078681968806386934 0.15184535888683151 -0.12408769734373008 -0.14505925117517565 -0.097835928506374931 0.067557635528295759 0.21870966250218477 0.037324782595552983 0.061777652465246982 -0.19099909712384974 -0.055441134658785127 0.12860739789304634 -0.0030191483884166046 0.10178131473017694 -0.04724888928594672 -0.2368833684952216 -0.11568658701038406 0.063901442302755018
leaf_weight=9.2946844100952166 21.232528008520607 6.9944439157843608 10.578952539712192 2.4780865758657438 6.592817008495329 51.751203831285238 2.9367884583771291 16.808891247957945 25.71690983697772 3.0336358100175849 1.972514260560273 5.709827456623314 12.876670144498346 3.643046546727418 2.7407215014100066 2.076940190047023 8.8370096981525439 2.8772347010672084 8.1631736643612385 4.9274494275450706 5.9355059117078772 20.265986826270819 2.7592462971806526 1.5132667012512673 4.0370147973299026 7.0954790562391281 3.1786345206201077 9.9029087163507921
leaf_count=102 263 55 65 20 96 268 36 111 331 40 12 29 149 50 34 14 38 24 57 66 65 141 26 7 43 97 43 74
internal_value=0 0.0695018 -0.140977 -0.0230755 -0.0307913 0.131093 0.160096 0.0364274 -0.184339 -0.125097 -0.188284 -0.000771727 0.00602281 0.0377656 0.0741044 0.0579439 0.099179 -0.141478 -0.0216755 -0.114115 0.0628341 0.0954471 -0.195371 -0.091237 0.0730046 -0.186457 -0.000109621 0.149548
internal_weight=0 178.68 87.2514 71.6871 25.549 106.993 80.8895 26.1036 61.7024 35.9855 23.205 12.7805 62.1135 47.7236 13.3197 44.0806 28.913 12.2293 15.1676 7.00439 29.1383 23.2028 9.35206 14.3899 9.74684 9.57357 10.1731 18.7399
internal_count=2356 1393 963 670 245 723 510 213 718 387 275 112 553 397 99 347 210 146 137 80 242 177 122 156 72 117 98 112
is_linear=0
shrinkage=0.179372


Tree=1
num_leaves=29
num_cat=0
split_feature=47 38 25 14 0 2 11 43 11 5 42 1 27 3 3 2 25 48 15 43 31 39 19 0 46 19 16 10
split_gain=52.9359 13.9568 14.9464 13.6275 21.2612 21.1561 16.6768 14.7629 13.9854 13.1657 11.4346 13.7623 11.4011 11.2544 11.1709 10.064 15.2681 16.1499 9.63761 9.6204 8.32847 11.2338 9.62074 8.27498 8.21175 8.35112 8.0701 8.04886
threshold=5.5000000000000009 75.000000000000014 3.5000000000000004 2.5000000000000004 54.500000000000007 10.500000000000002 2.5000000000000004 2.5000000000000004 1.0000000180025095e-35 1.0000000180025095e-35 75.000000000000014 1.0000000180025095e-35 4.5000000000000009 9.5000000000000018 82.500000000000014 13.500000000000002 1.0000000180025095e-35 5.5000000000000009 49.000000000000007 5.5000000000000009 9.5000000000000018 7.5000000000000009 4.5000000000000009 4.5000000000000009 5.5000000000000009 3.5000000000000004 2.5000000000000004 2.5000000000000004
decision_type=2 2 2 2 2 2 2 2 2 2 2 2 2 2 2 2 2 2 2 2 2 2 2 2 2 2 2 2
left_child=1 2 3 5 8 6 7 9 14 23 11 -2 -3 -13 -5 -10 -17 -18 -4 -8 21 -15 -23 -1 25 -9 -11 -6
right_child=10 12 18 4 27 -7 19 24 15 26 -12 13 -14 20 -16 16 17 -19 -20 -21 -22 22 -24 -25 -26 -27 -28 -29
leaf_value=-0.13584515067830868 -0.22674094707319092 0.00605224557230626 0.24504612115975086 0.051591901090171567 0.037624236045447158 0.17732023479518988 -0.24766464435559243 -0.20008462161331714 0.13401873404559514 0.16412120669518815 -0.18557122711385229 0.14905327435722726 -0.22567329470433836 -0.1297794554006102 -0.18928992256121055 -0.13135051396871961 0.16640678362922509 -0.10308075984333541 0.033266787110955008 0.048525821240345532 0.10501114073388318 0.045514276989632917 -0.11322917045547393 0.10322615355589097 0.038435940648795137 0.023158430885847778 0.0027937524303246566 0.22266626613424778
leaf_weight=9.9863754846155661 12.905182886868714 17.189326002262536 17.594177022576336 6.972883988171815 19.700019134208564 41.177587650716305 8.472659398801623 11.472535807639362 12.568686302751301 52.01140483468771 29.151472811587155 7.7393284495919934 9.4488337617367488 49.452881606295705 27.336604717653245 25.357071613892913 15.783469387330117 10.613421587273477 12.025949953123925 4.564753519371151 7.9969882238656274 33.518542667850852 17.206057334318757 6.1805807426571837 25.207265980541706 8.410852197557686 12.589409634470938 11.880828108638523
leaf_count=38 152 121 27 14 66 92 29 55 36 131 264 31 68 278 89 91 40 36 38 25 40 173 160 16 131 40 53 22
internal_value=0 0.0374019 0.0473205 0.0351262 -0.00894295 0.0668776 0.032314 0.0529194 -0.0501588 0.0981754 -0.0862735 -0.0616057 -0.0839301 -0.040146 -0.139742 0 -0.035776 0.0577606 0.165909 -0.149018 -0.0558768 -0.0703831 -0.00988359 -0.0424006 -0.0283875 -0.110337 0.133792 0.115362
internal_weight=0 366.545 339.907 310.286 130.213 180.073 138.896 125.858 98.6321 80.7678 157.97 128.819 26.6382 115.914 34.3095 64.3226 51.754 26.3969 29.6201 13.0374 108.174 100.177 50.7246 16.167 45.0907 19.8834 64.6008 31.5808
internal_count=2356 1258 1069 1004 394 610 518 464 306 238 1098 834 189 682 103 203 167 76 65 54 651 611 333 54 226 95 184 88
is_linear=0
shrinkage=0.179372


Tree=2
num_leaves=29
num_cat=0
split_feature=39 38 8 42 39 43 12 3 38 19 12 7 16 15 15 13 42 46 47 7 3 1 0 15 16 26 49 19
split_gain=33.2228 11.4015 14.6287 9.40606 10.1876 9.31674 9.08074 11.8631 7.15552 6.17836 6.53074 5.79924 9.59174 6.74642 6.57899 6.28109 5.51462 5.27323 5.06021 4.94788 4.58131 5.13176 4.34484 4.1389 4.05421 4.00292 3.99241 4.59478
threshold=3.5000000000000004 9.5000000000000018 1.0000000180025095e-35 45.000000000000007 1.5000000000000002 9.5000000000000018 5.5000000000000009 1.0000000180025095e-35 105.00000000000001 15.500000000000002 3.5000000000000004 5.5000000000000009 1.0000000180025095e-35 60.500000000000007 22.500000000000004 3.5000000000000004 4.5000000000000009 75.000000000000014 11.500000000000002 3.5000000000000004 43.500000000000007 1.5000000000000002 23.500000000000004 25.500000000000004 3.5000000000000004 3.5000000000000004 7.5000000000000009 18.500000000000004
decision_type=2 2 2 2 2 2 2 2 2 2 2 2 2 2 2 2 2 2 2 2 2 2 2 2 2 2 2 2
left_child=1 2 6 26 -5 8 7 -1 11 -4 -11 -2 15 14 20 17 -17 -13 25 -9 21 -14 23 -16 -24 -7 -3 -28
right_child=5 3 9 4 -6 18 -8 19 -10 10 -12 12 13 -15 22 16 -18 -19 -20 -21 -22 -23 24 -25 -26 -27 27 -29
leaf_value=0.076133643310773547 0.043945482339844404 0.13897787971574388 0.18286485325582555 -0.19206326645564362 0.058874437864048328 -0.088872278480289529 0.083511606584055889 -0.016856888151194599 -0.17424263410487451 0.13171144350875849 -0.091031209035479482 -0.19772556894777532 -0.049742524750852946 -0.13635433751418954 0.10709263554640464 0.11602558118323771 -0.1031216920466998 0.0097652006328883302 -0.19993610007911874 -0.18692215928815398 -0.080680935425969699 0.12515674225364243 0.16915009586067203 -0.10721125809339754 -0.014602504931709588 0.083018612347985868 0.087249893893204714 -0.074780357912901538
leaf_weight=8.7920477613806707 38.94633612409234 63.468539612367749 13.266370441764595 5.757549578323963 15.814885325729845 43.712483776733279 10.178083684295414 7.8458366040140417 7.9791965689510098 6.2629178874194604 7.4385622590780258 19.281843427568678 9.5248872786760348 8.344222726300357 3.3565439097583312 5.3150858432054502 6.2096403893083334 4.4802412576973429 13.518819268792866 22.824729634448886 20.866088004782796 8.8993127178400737 15.177311750128867 5.2186610754579306 4.4787766654044381 3.429076872766017 25.759801685810093 5.6175792142748824
leaf_count=41 176 177 38 45 82 386 39 42 95 15 32 136 78 59 14 21 58 29 184 158 144 40 62 36 37 21 81 30
internal_value=0 0.0539942 0 0.0889598 -0.0162754 -0.0476951 -0.0572264 -0.0958358 -0.0241113 0.102837 0.0129002 -0.0142072 -0.0350787 0.00117278 0.0212662 -0.110041 0 -0.159847 -0.106611 -0.14703 -0.0256983 0.0372441 0.0850002 -0.0179195 0.128602 -0.0736322 0.11294 0.055437
internal_weight=0 193.027 76.6085 116.418 21.5724 218.739 49.6407 39.4626 158.078 26.9679 13.7015 150.099 111.153 75.8658 67.5216 35.2868 11.5247 23.7621 60.6604 30.6706 39.2903 18.4242 28.2313 8.5752 19.6561 47.1416 94.8459 31.3774
internal_count=2356 780 365 415 127 1576 280 241 985 85 47 890 714 470 411 244 79 165 591 200 262 118 149 50 99 407 288 111
is_linear=0
shrinkage=0.179372


Tree=3
num_leaves=29
num_cat=0
split_feature=47 39 0 43 14 3 1 5 8 2 4 28 43 49 49 42 4 35 49 42 38 4 46 8 46 10 26 46
split_gain=19.3708 7.05235 6.70496 6.35433 5.80301 5.22799 7.52254 7.81647 7.2208 6.84811 6.39148 4.58294 4.39567 4.52035 4.34976 5.76805 6.87145 4.85263 4.55318 4.06011 6.51644 6.07127 5.11544 4.90315 4.79586 4.2741 4.22498 3.95164
threshold=5.5000000000000009 4.5000000000000009 12.500000000000002 10.500000000000002 1.0000000180025095e-35 168.00000000000003 50.000000000000007 1.5000000000000002 3.5000000000000004 22.500000000000004 1.0000000180025095e-35 1.0000000180025095e-35 3.5000000000000004 14.500000000000002 7.5000000000000009 9.5000000000000018 15.500000000000002 1.5000000000000002 10.500000000000002 65.000000000000014 11.500000000000002 2.5000000000000004 5.5000000000000009 2.5000000000000004 13.500000000000002 1.0000000180025095e-35 2.5000000000000004 5.5000000000000009
decision_type=2 2 2 2 2 2 2 2 2 2 2 2 2 2 2 2 2 2 2 2 2 2 2 2 2 2 2 2
left_child=1 2 11 14 12 -4 7 -7 9 -9 -8 -1 -2 -14 15 27 -17 18 -16 20 22 26 -6 -23 -24 -26 -22 -3
right_child=4 3 5 -5 19 6 10 8 -10 -11 -12 -13 13 -15 17 16 -18 -19 -20 -21 21 23 24 -25 25 -27 -28 -29
leaf_value=-0.014277222055699309 0.0073745742543227348 0.0043086351175799925 0.13940313846342064 -0.14342551660167743 0.041667079697182419 0.10180835494794191 -0.056145081675238025 0.032060154286815398 0.054810786992464305 -0.22174887154853212 0.14375960028247622 0.085615824451853187 -0.15594993247433636 0.057451420994614665 -0.15083105006923297 0.13382979862794575 -0.073994646177064277 0.1168054667096106 0.0026224671791126451 -0.11766086582179694 -0.14058592836710482 0.12803226109468596 -0.15587548554453864 -0.052387575420820849 -0.10216315545445125 0.13188969043006973 0.073738482235864475 -0.17790482325433982
leaf_weight=61.323835087940097 7.7950599044561377 19.463425765745345 31.014479499310255 9.1074648033827525 9.0865500513464195 10.922882430255411 5.2439551912248161 4.2491559535264996 7.8563617914915076 9.4123431704938394 26.059760715812445 17.624172411859035 31.887324523180723 2.5727916806936255 12.254274718463426 21.181277165189389 5.3206560853868714 3.0900300256907931 10.770562246441839 12.074989839456974 6.5511983186006528 19.642079668119553 16.755431476980451 5.1193913854658595 3.3726762756705275 3.3515827544033527 3.2270135581493378 3.0437489114701739
leaf_count=277 54 111 88 98 57 38 23 17 28 51 78 73 384 14 99 101 45 17 84 161 50 98 181 41 32 14 12 30
internal_value=0 0.0277891 0.0483179 -0.0144646 -0.0586063 0.0800905 0.0481782 -0.0120887 -0.0737754 -0.146762 0.108621 0.00911142 -0.111238 -0.137647 0.0037012 0.0351009 0.0896091 -0.0531969 -0.082996 -0.0286085 -0.00989399 0.0431347 -0.0659978 0.0891451 -0.108338 0.0154802 -0.0679376 -0.0301209
internal_weight=0 257.938 173.707 84.2314 121.436 94.7589 63.7445 32.4407 21.5179 13.6615 31.3037 78.948 42.2552 34.4601 75.124 49.0091 26.5019 26.1149 23.0248 79.1809 67.1059 34.5397 32.5662 24.7615 23.4797 6.72426 9.77821 22.5072
internal_count=2356 1258 673 585 1098 323 235 134 96 68 101 350 452 398 487 287 146 200 183 646 485 201 284 139 227 46 62 141
is_linear=0
shrinkage=0.179372


Tree=4
num_leaves=29
num_cat=0
split_feature=47 43 43 26 38 39 39 0 15 1 15 39 11 19 2 27 2 47 47 42 33 19 6 7 12 15 12 46
split_gain=17.5213 6.3444 5.28448 5.87722 5.73239 10.7247 6.69765 4.96144 6.15196 4.70042 6.20208 6.11296 4.232 4.18809 4.11863 4.93548 4.38683 3.32264 4.52356 4.51449 4.31602 4.17773 3.93042 3.13461 4.6041 5.48982 3.43212 3.28917
threshold=2.5000000000000004 6.5000000000000009 3.5000000000000004 2.5000000000000004 25.000000000000004 1.0000000180025095e-35 2.5000000000000004 6.5000000000000009 25.500000000000004 1.5000000000000002 2.5000000000000004 6.5000000000000009 2.5000000000000004 73.500000000000014 6.5000000000000009 4.5000000000000009 28.500000000000004 13.500000000000002 8.5000000000000018 13.500000000000002 1.0000000180025095e-35 8.5000000000000018 24.500000000000004 4.5000000000000009 1.5000000000000002 1.5000000000000002 5.5000000000000009 35.000000000000007
decision_type=2 2 2 2 2 2 2 2 2 2 2 2 2 2 2 2 2 2 2 2 2 2 2 2 2 2 2 2
left_child=2 13 3 4 5 14 -6 -4 -9 -3 11 -11 -7 23 -1 -16 -17 18 20 21 -12 -20 -21 -2 25 27 -26 -25
right_child=1 9 7 -5 6 12 -8 8 -10 10 17 -13 -14 -15 15 16 -18 -19 19 22 -22 -23 -24 24 26 -27 -28 -29
leaf_value=-0.074059058475814177 0.051859288615715343 -0.15117699500597045 -0.10320339929433479 0.16130243790614909 0.091585466531282689 0.14731426689122459 -0.075064807459282887 0.10889672543611381 -0.04488235780710078 0.17389568101300351 -0.11739027388361141 -0.10144867238189031 0.010407583954683421 0.13355396753747698 0.098558890159365878 0.054834729907203832 -0.16762004336496211 -0.18846992053602651 0.10431614898423841 -0.14441550413462109 0.077730900846317952 -0.075038852918915364 0.073092380477490643 -0.074710136730900989 0.048333602045135642 -0.16352081435674734 -0.047536930331735741 0.092620132839796115
leaf_weight=14.745462425053118 16.271454835310578 18.009045979008079 12.249923080205916 14.281362246721981 9.9072676785290259 38.555961836129427 21.943014793097973 13.561697311699392 16.985851818695664 5.7516670227050763 29.092036075890068 2.5818148422986269 9.5198921300470811 4.8743243105709544 15.320414960384371 4.3402555957436544 4.0473735705018044 5.3627967666834584 12.971213474869733 7.5044681746512634 2.878510143607854 4.3778623994439831 2.4761781170964241 6.8501660637557524 23.744811072945595 13.216469168663023 21.112824263051152 5.1498160995543003
leaf_count=97 84 283 108 44 30 115 143 62 106 27 254 41 34 23 55 17 24 91 74 100 15 58 20 32 138 116 134 31
internal_value=0 -0.0387835 0.0402653 0.0577971 0.043119 0.0667724 -0.0207597 -0.0138259 0.0249485 -0.0718593 -0.0491487 0.0842216 0.121792 -0.00491111 -0.00377836 0.0412441 -0.0607478 -0.0682637 -0.0522971 0.00122007 -0.0963598 0.0555749 -0.0862774 -0.0152828 -0.0319457 -0.0906863 0.00276086 0
internal_weight=0 182.225 175.458 132.661 118.38 86.5294 31.8503 42.7975 30.5475 91.0056 72.9965 8.33348 48.0759 91.2199 38.4535 23.708 8.38763 64.6631 59.3003 27.3297 31.9705 17.3491 9.98065 86.3455 70.0741 25.2165 44.8576 12
internal_count=2356 1521 835 559 515 342 173 276 168 963 680 68 149 558 193 96 41 612 521 252 269 132 120 535 451 179 272 63
is_linear=0
shrinkage=0.179372


Tree=5
num_leaves=29
num_cat=0
split_feature=47 39 38 38 14 42 38 15 27 7 23 0 39 47 3 35 39 24 15 42 13 43 1 1 47 24 46 42
split_gain=10.3047 4.7917 4.05327 4.92158 3.80732 3.84745 3.93879 3.36864 6.85281 5.6766 4.15477 3.04812 2.9295 2.67545 6.91848 4.75728 3.76175 2.90998 2.58244 2.54074 5.40866 2.59747 2.50078 5.32682 3.23677 4.8827 2.95153 2.71368
threshold=5.5000000000000009 4.5000000000000009 9.5000000000000018 2.5000000000000004 1.0000000180025095e-35 65.000000000000014 35.000000000000007 40.500000000000007 14.500000000000002 4.5000000000000009 3.5000000000000004 5.5000000000000009 14.500000000000002 1.0000000180025095e-35 38.500000000000007 1.0000000180025095e-35 12.500000000000002 1.0000000180025095e-35 27.500000000000004 25.000000000000004 2.5000000000000004 3.5000000000000004 14.500000000000002 7.5000000000000009 7.5000000000000009 2.5000000000000004 7.5000000000000009 9.5000000000000018
decision_type=2 2 2 2 2 2 2 2 2 2 2 2 2 2 2 2 2 2 2 2 2 2 2 2 2 2 2 2
left_child=1 2 3 11 -2 6 12 18 9 -9 -11 -1 22 17 -15 16 -16 -3 19 20 -4 -21 23 26 -24 -26 -6 -25
right_child=4 13 7 -5 5 -7 -8 8 -10 10 -12 -13 -14 14 15 -17 -18 -19 -20 21 -22 -23 24 27 25 -27 -28 -29
leaf_value=-0.039071577332143628 -0.092946721086823239 -0.11677536957525156 0.11861770317460081 -0.11127237287007817 0.042911860818524203 -0.1149914049303422 0.081224873226163896 0.11922176421019597 0.1119709949191407 -0.1621360563978583 0.035049373705805235 0.054933502881475887 0.090597949867495434 0.088665634707381633 -0.11801103753111236 0.0517282164223168 0.037190042516575796 0.0095347889226264741 0.16338880475578993 0.069045074566796011 -0.044133777184408723 -0.06049348551850682 0.0070384904344384606 0.15113132270795507 -0.17657465379258713 0.033860468260448397 -0.15128711770002559 -0.017531691694109265
leaf_weight=14.742232926189898 35.145757264457643 12.502887634560468 32.43040762282908 8.6244727335870248 2.7587405927479285 9.9980686595663411 12.487216781824825 3.0356878042221132 10.777132619172333 10.123965851962565 3.955993775278329 32.889823071658611 4.5041142329573622 19.459121063351631 19.095588413998488 11.114223560318349 5.5591946355998507 9.2309117186814529 10.393152683973311 8.3147222474217433 7.0468859225511542 8.2729694694280607 8.9568117037415522 6.1372237503528577 11.52989433519542 4.0406512022018424 5.632927468046546 4.280447905883193
leaf_count=109 452 123 100 58 24 161 76 9 39 52 20 126 27 114 175 69 38 66 31 40 24 65 59 30 121 27 77 44
internal_value=0 0.0214632 0.039953 0.00137181 -0.0459262 -0.0205968 -0.00202922 0.0623607 0.00862795 -0.0596728 -0.107796 0.0251603 -0.0260897 -0.0145834 0.00648673 -0.03971 -0.0822342 -0.0655227 0.0839069 0.0646206 0.0885476 0.00388297 -0.041478 0.00701005 -0.0774034 -0.122974 -0.0892037 0.0875186
internal_weight=0 227.569 150.607 56.2565 105.472 70.3261 60.328 94.3509 27.8928 17.1156 14.08 47.6321 47.8408 76.9619 55.2281 35.769 24.6548 21.7338 66.4581 56.065 39.4773 16.5877 43.3367 18.8093 24.5274 15.5705 8.39167 10.4177
internal_count=2356 1258 673 293 1098 646 485 380 120 81 72 235 409 585 396 282 213 189 260 229 124 105 382 175 207 148 101 74
is_linear=0
shrinkage=0.179372


Tree=6
num_leaves=29
num_cat=0
split_feature=47 16 4 6 19 39 38 46 15 3 13 43 46 7 5 42 42 46 25 43 9 3 38 12 47 12 39 39
split_gain=8.89386 3.3265 5.77455 3.89434 4.81593 3.275 3.01916 5.09547 4.85175 7.75658 3.98619 3.79868 3.49062 3.5711 4.14393 3.48261 4.13583 3.23492 2.99307 2.91739 2.4964 2.73842 2.45924 3.06852 2.79241 2.72639 2.40864 4.73414
threshold=2.5000000000000004 4.5000000000000009 54.500000000000007 7.5000000000000009 16.500000000000004 4.5000000000000009 16.500000000000004 55.000000000000007 11.500000000000002 88.500000000000014 12.500000000000002 7.5000000000000009 6.5000000000000009 59.500000000000007 2.5000000000000004 19.000000000000004 1.5000000000000002 45.000000000000007 1.5000000000000002 3.5000000000000004 1.0000000180025095e-35 240.50000000000003 11.500000000000002 3.5000000000000004 1.0000000180025095e-35 1.5000000000000002 6.5000000000000009 1.5000000000000002
decision_type=2 2 2 2 2 2 2 2 2 2 2 2 2 2 2 2 2 2 2 2 2 2 2 2 2 2 2 2
left_child=1 3 -3 5 -5 18 8 10 15 -10 26 -9 -11 14 -14 16 -2 -17 19 20 21 -1 23 -7 -24 -26 27 -8
right_child=6 2 -4 4 -6 22 7 11 9 12 -12 -13 13 -15 -16 17 -18 -19 -20 -21 -22 -23 24 -25 25 -27 -28 -29
leaf_value=0.038575498287908246 0.064609598369006233 -0.1293811918769803 0.049076609198796445 0.15957016220986986 0.02298519195413817 -0.16308694070639029 -0.024466169660278116 -0.0085230773012809936 0.14099184005265339 0.01228076050845528 -0.11770509969030585 -0.13784562420604116 -0.093694082026500161 -0.16388450456642628 0.078222390291427066 0.1342175750638184 -0.13965300641554293 -0.087644998188006196 0.1189956297162552 -0.072879327596323706 0.12026512696484196 -0.080032757512014066 -0.049742368620756407 0.0084826359129823968 0.14080467150498838 -0.034592019784801684 -0.011070821719565948 0.12648442387671857
leaf_weight=36.164118448272347 2.4802450314164188 9.1503556352108735 11.135271191596983 15.933252517133949 17.616978956386447 5.6610375754535216 8.7940523978322762 20.586210163310174 7.0670082103461018 19.637409653514624 3.2847157604992381 10.167652758769689 9.5357836820185202 9.5082979537546617 5.9223878905177108 2.6143753044307223 29.289404608309269 2.5547096114605665 12.228491798043249 6.9571404680609694 8.5226804353296739 5.8480110801756373 9.4951159469783324 5.5806618612259626 5.791772209107874 3.5347340404987335 12.329665804281829 19.719730300828815
leaf_count=166 11 68 58 52 102 39 40 161 33 132 29 197 89 138 43 10 394 27 39 56 32 31 103 32 21 36 120 97
internal_value=0 0.0308195 -0.0343335 0.0411566 0.0927799 0.0224028 -0.0289772 -0.00206648 -0.0510766 -0.0142551 0.0362785 -0.0566534 -0.0433792 -0.0858383 -0.0256448 -0.099327 -0.120792 0.0274172 0.0435266 0.02431 0.0398999 0.019272 -0.0257669 -0.0864355 0.0136957 0.0775882 0.0531588 0.0805783
internal_weight=0 153.62 20.2856 133.334 33.5502 99.7838 163.492 74.882 88.6096 51.6709 44.1282 30.7539 44.6039 24.9665 15.4582 36.9387 31.7696 5.16908 69.7204 57.492 50.5348 42.0121 30.0633 11.2417 18.8216 9.32651 40.8434 28.5138
internal_count=2356 835 126 709 154 555 1521 644 877 435 286 358 402 270 132 442 405 37 324 285 229 197 231 71 160 57 257 137
is_linear=0
shrinkage=0.179372


Tree=7
num_leaves=29
num_cat=0
split_feature=38 47 38 19 39 42 9 0 10 16 38 3 27 42 49 2 14 27 15 27 39 3 43 12 49 38 15 11
split_gain=5.86742 5.09223 4.43 3.74559 4.29603 6.261 3.36909 4.30325 4.15639 3.35939 2.9314 2.87125 5.84866 2.84887 2.70148 4.49179 6.36903 3.4627 4.76805 2.66148 2.59501 2.56003 2.52074 2.13871 2.01251 1.85327 1.73722 1.58418
threshold=105.00000000000001 2.5000000000000004 9.5000000000000018 9.5000000000000018 10.500000000000002 5.5000000000000009 1.5000000000000002 33.500000000000007 1.5000000000000002 1.0000000180025095e-35 75.000000000000014 192.50000000000003 1.5000000000000002 3.5000000000000004 7.5000000000000009 26.500000000000004 1.5000000000000002 4.5000000000000009 4.5000000000000009 4.5000000000000009 3.5000000000000004 5.5000000000000009 11.500000000000002 9.5000000000000018 3.5000000000000004 12.500000000000002 42.500000000000007 10.500000000000002
decision_type=2 2 2 2 2 2 2 2 2 2 2 2 2 2 2 2 2 2 2 2 2 2 2 2 2 2 2 2
left_child=1 6 3 4 5 13 8 -8 14 11 22 12 24 -3 23 16 17 18 -16 -14 -5 -12 -11 26 -4 -24 -1 -9
right_child=-2 2 9 20 -6 -7 7 27 -10 10 21 -13 19 -15 15 -17 -18 -19 -20 -21 -22 -23 25 -25 -26 -27 -28 -29
leaf_value=0.044714787825843663 -0.11422230410626734 -0.057179946357232003 0.0063241982466774828 -0.018072267173529284 0.067184423599585763 -0.14247542831890758 -0.15186706721275911 -0.055664580754678887 0.14831251766569331 0.060897746010351451 0.071640357720236442 -0.11917251998524317 0.11368667755844694 0.10910171938655752 0.00026386636816985417 -0.10326448310156654 0.11777965421087727 0.11556925243507481 -0.18421944669165552 -0.047390005404970653 -0.17540926281021141 -0.13464105272002053 0.048708113555482768 0.12750728082883583 -0.10480808332236333 -0.12805996433087991 -0.066762313371831472 0.056693361942646049
leaf_weight=57.325518429279327 12.158833304420112 4.52517311088741 7.3552137985825565 5.6160634253174093 9.9854200845584256 12.647402068600057 5.3792847208678749 4.6167570091783992 9.123361758887766 45.321475022472441 1.5217062979936589 8.0407755672931653 11.070057968609033 5.6327907051891088 12.155009118840104 9.6915774010121805 12.906645871698855 2.4756343364715567 5.3402516935020676 3.2431136965751639 10.392082424834369 4.2106574308127165 1.9465340673923481 8.9743322730064374 13.365351751446722 2.8808509781956673 3.3059889301657668 9.6214327774941903
leaf_count=309 205 35 61 61 65 184 41 27 39 289 7 92 69 32 95 69 55 10 36 32 158 67 21 31 143 55 28 40
internal_value=0 0.0054342 -0.0176688 -0.0609515 -0.0231383 -0.0652474 0.0297012 -0.0365695 0.0409045 0.00415822 0.0329065 -0.0325964 -0.00778844 0.0359575 0.0299925 -0.00520811 0.0267669 -0.0357772 -0.0662082 0.0750005 -0.12803 -0.073809 0.0473984 0.0513793 -0.0670502 -0.0599268 0.0367534 0.017194
internal_weight=0 288.67 147.755 48.7989 32.7908 22.8054 140.916 19.6175 121.298 98.9557 55.8812 43.0745 35.0337 10.158 112.175 42.5691 32.8775 19.9709 17.4953 14.3132 16.0081 5.73236 50.1489 69.6058 20.7206 4.82739 60.6315 14.2382
internal_count=2356 2151 1371 535 316 251 780 108 672 836 439 397 305 67 633 265 196 141 131 101 219 74 365 368 204 76 337 67
is_linear=0
shrinkage=0.179372


Tree=8
num_leaves=29
num_cat=0
split_feature=43 47 46 47 38 39 20 15 6 4 43 42 7 49 46 14 39 13 47 2 38 4 11 26 46 39 23 39
split_gain=4.78994 2.71174 3.39969 5.43132 3.32876 2.06087 3.38041 5.35307 3.24734 2.82634 2.63326 2.07605 5.73441 4.37999 3.81268 3.36344 3.01767 2.80104 2.45124 2.28247 2.15191 2.11299 2.09484 1.89028 1.86055 1.79679 2.10772 2.61836
threshold=11.500000000000002 1.5000000000000002 25.000000000000004 1.0000000180025095e-35 1.5000000000000002 3.5000000000000004 1.0000000180025095e-35 42.500000000000007 1.0000000180025095e-35 5.5000000000000009 1.5000000000000002 19.000000000000004 31.500000000000004 5.5000000000000009 85.000000000000014 5.5000000000000009 11.500000000000002 6.5000000000000009 10.500000000000002 38.500000000000007 65.000000000000014 24.000000000000004 1.5000000000000002 1.0000000180025095e-35 12.500000000000002 9.5000000000000018 1.5000000000000002 1.5000000000000002
decision_type=2 2 2 2 2 2 2 2 2 2 2 2 2 2 2 2 2 2 2 2 2 2 2 2 2 2 2 2
left_child=1 2 3 25 -3 6 7 8 -6 -10 -11 12 13 18 17 16 -15 -13 -7 -17 -16 22 -14 -9 -2 26 27 -1
right_child=24 4 -4 -5 5 11 -8 23 9 10 -12 14 21 15 20 19 -18 -19 -20 -21 -22 -23 -24 -25 -26 -27 -28 -29
leaf_value=0 -0.028010207124068705 -0.15526186252076185 -0.10200953469955373 0.11269549501884729 -0.084235929060150719 -0.11434658830030604 0.11629714773240746 0.012592597238799304 0.10146398079482057 -0.13405855769149874 0.035982004650353575 0.069258964260509009 -0.03511064290640193 0.037474202106711089 0.015726798864429622 0.18571838512104566 -0.13704781351733877 -0.062618917755320427 0.039528841160953128 0.0063682965004027651 -0.1419247872275686 -0.0015270153097819389 -0.17714641553193661 -0.15849574072069383 -0.12798412918267874 -0.082461301890832769 -0.048391596656481045 0.067227728239813558
leaf_weight=38.680832149460912 16.720624215900902 3.1476450972259036 4.4947978574782601 21.485376781783998 4.6099471133202305 9.5623599141836149 8.8779039178043586 2.3102178461849672 17.123454891145233 2.3010072857141486 9.573383402079342 24.688450687564913 6.295080164447433 11.043859886005523 3.9496835079044086 5.5060960724949819 2.5942767821252337 4.947262715548276 3.5631033591926089 3.8261988628655672 5.0653948485851288 5.1998692713677874 11.186204173602162 5.8855131361633539 9.6333319339901191 4.1282313857227555 10.58858443982899 33.718218427151442
leaf_count=213 232 23 50 91 38 87 36 15 87 14 67 186 76 87 34 16 30 53 29 30 93 52 152 53 213 48 62 189
internal_value=0 0.00742893 0.0282687 0.0352633 -0.00817953 -0.00326086 0.0254359 0.00205888 0.035009 0.0580403 -0.0080746 -0.0185351 -0.0394189 0.00526873 0.0131173 0.0517862 -0.00584553 0.0445566 -0.0716795 0.125754 -0.0795344 -0.106759 -0.134338 -0.114532 -0.0705577 0.0142319 0.020759 0.031956
internal_weight=0 264.353 113.096 108.601 151.257 148.109 50.6814 41.8035 33.6078 28.9978 11.8744 97.4278 58.777 36.0959 38.6508 22.9704 13.6381 29.6357 13.1255 9.33229 9.01508 22.6812 17.4813 8.19573 26.354 87.1159 82.9876 72.3991
internal_count=2356 1911 653 603 1258 1235 310 274 206 168 81 925 559 279 366 163 117 239 116 46 127 280 228 68 445 512 464 402
is_linear=0
shrinkage=0.179372


Tree=9
num_leaves=29
num_cat=0
split_feature=49 43 23 16 5 7 16 31 7 18 6 1 23 24 3 0 20 43 31 25 13 49 7 38 46 48 5 19
split_gain=3.84144 3.96576 3.29642 3.27972 4.90118 3.37079 3.00008 2.91632 3.92884 2.84151 3.18127 4.40884 3.22402 2.7082 2.6186 2.54204 2.5036 2.74665 2.22775 2.22262 2.20132 1.97703 2.35626 1.95508 1.81386 3.08787 1.74417 4.64362
threshold=9.5000000000000018 10.500000000000002 8.5000000000000018 2.5000000000000004 2.5000000000000004 64.500000000000014 4.5000000000000009 3.5000000000000004 3.5000000000000004 3.5000000000000004 4.5000000000000009 32.000000000000007 3.5000000000000004 1.5000000000000002 15.500000000000002 9.5000000000000018 1.0000000180025095e-35 14.500000000000002 14.500000000000002 1.5000000000000002 1.0000000180025095e-35 10.500000000000002 104.50000000000001 65.000000000000014 9.5000000000000018 2.5000000000000004 10.500000000000002 17.500000000000004
decision_type=2 2 2 2 2 2 2 2 2 2 2 2 2 2 2 2 2 2 2 2 2 2 2 2 2 2 2 2
left_child=1 2 7 4 16 -6 23 8 20 10 13 15 -13 14 -10 -12 17 -2 26 -15 24 -7 -23 -3 25 -1 27 -9
right_child=3 6 -4 -5 5 21 -8 18 9 -11 11 12 -14 19 -16 -17 -18 -19 -20 -21 -22 22 -24 -25 -26 -27 -28 -29
leaf_value=0.072272933102875941 -0.12010273418976966 -0.10942868845398168 -0.13247474892924166 -0.12520223591295085 0.094862360904490406 0.073628449241289279 0.071926415361281179 0.089047552590925103 0.017619358227709835 -0.11460573868599921 0.011625426997897915 -0.17110309769155768 0.057692776239072707 0.10236236945920399 -0.066089934053316091 0.11500039805242487 0.056547939570092562 0.050907924548885479 -0.024410787387630844 -0.030200635227767281 0.088494365156983071 0.018418362708550629 -0.14684236471116938 0.0078149527341999005 0.064171336146088415 -0.12445913895985478 0.10105645803882037 -0.12850645529357396
leaf_weight=2.6951723489910346 17.966048012487597 15.84362761676312 2.8345228661783031 10.261887718923388 12.84028438664973 2.6085029533132902 3.6496153287589541 7.1973951142281276 16.140353838913143 5.7332105785608283 14.92488465504721 3.3467439739033571 2.0692778825759888 7.4283371567726117 37.270067376084626 16.033350817859173 2.8068352676928034 2.4686077479273072 7.0333494367077938 6.030022582039237 24.850809864699841 4.3232838287949544 4.2524294666945934 5.5594114651903501 6.1167136747390032 4.9956942275166512 27.891716625541449 3.2444067029282451
leaf_count=12 193 281 22 150 93 23 39 48 123 50 136 37 9 36 291 84 18 26 61 52 114 31 40 96 39 44 167 41
internal_value=0 0.0108013 0.019564 -0.0406166 -0.0182947 0.0369383 -0.0540327 0.0229903 0.0103341 -0.00712362 0.000395993 0.0421504 -0.0882437 -0.0225388 -0.0407163 0.0687994 -0.0747302 -0.0964124 0.0620046 0.0450409 0.0582405 -0.0318962 -0.0723633 -0.0798637 0 -0.0531145 0.0786373 0.0117233
internal_weight=0 220.889 195.836 57.5279 47.266 24.0245 25.0527 193.002 147.635 108.976 103.243 36.3743 5.41602 66.8688 53.4104 30.9582 23.2415 20.4347 45.3669 13.4584 38.6584 11.1842 8.57571 21.403 13.8076 7.69087 38.3335 10.4418
internal_count=2356 1782 1366 574 424 187 416 1344 1027 818 768 266 46 502 414 220 237 219 317 88 209 94 71 377 95 56 256 89
is_linear=0
shrinkage=0.179372


end of trees

feature_importances:
result_1=22
ninki_1=18
result_2=18
ninki_2=16
ninki_3=15
result_3=15
f_lenout=14
f_course1=13
f_courseout=11
mf_courseout=11
mf_classout=10
umaban=10
f_course2=7
f_course3=7
mf_course2=7
f_len1=7
mf_len1=7
mf_course1=6
f_mf_courseout=6
f_classout=6
f_len2=5
f_len3=5
f_mf_classout=5
mf_course3=4
f_class1=4
f_class2=4
f_class3=4
f_mf_course1=3
f_mf_course3=3
mf_classout.1=3
waku=3
f_mf_course2=2
mf_len3=2
f_mf_len1=2
f_mf_classout.1=2
mf_class1=1
mf_class2=1
f_mf_class2=1

parameters:
[boosting: gbdt]
[objective: lambdarank]
[metric: ndcg]
[tree_learner: serial]
[device_type: cpu]
[data_sample_strategy: bagging]
[data: ]
[valid: ]
[num_iterations: 273]
[learning_rate: 0.179372]
[num_leaves: 29]
[num_threads: 16]
[seed: 0]
[deterministic: 0]
[force_col_wise: 1]
[force_row_wise: 0]
[histogram_pool_size: -1]
[max_depth: 9]
[min_data_in_leaf: 17]
[min_sum_hessian_in_leaf: 0.001]
[bagging_fraction: 1]
[pos_bagging_fraction: 1]
[neg_bagging_fraction: 1]
[bagging_freq: 0]
[bagging_seed: 7719]
[feature_fraction: 1]
[feature_fraction_bynode: 1]
[feature_fraction_seed: 2437]
[extra_trees: 0]
[extra_seed: 11797]
[early_stopping_round: 0]
[first_metric_only: 0]
[max_delta_step: 0]
[lambda_l1: 0.0944408]
[lambda_l2: 1.65353]
[linear_lambda: 0]
[min_gain_to_split: 0]
[drop_rate: 0.1]
[max_drop: 50]
[skip_drop: 0.5]
[xgboost_dart_mode: 0]
[uniform_drop: 0]
[drop_seed: 21238]
[top_rate: 0.2]
[other_rate: 0.1]
[min_data_per_group: 100]
[max_cat_threshold: 32]
[cat_l2: 10]
[cat_smooth: 10]
[max_cat_to_onehot: 4]
[top_k: 20]
[monotone_constraints: ]
[monotone_constraints_method: basic]
[monotone_penalty: 0]
[feature_contri: ]
[forcedsplits_filename: ]
[refit_decay_rate: 0.9]
[cegb_tradeoff: 1]
[cegb_penalty_split: 0]
[cegb_penalty_feature_lazy: ]
[cegb_penalty_feature_coupled: ]
[path_smooth: 0]
[interaction_constraints: ]
[verbosity: -1]
[saved_feature_importance_type: 0]
[use_quantized_grad: 0]
[num_grad_quant_bins: 4]
[quant_train_renew_leaf: 0]
[stochastic_rounding: 1]
[linear_tree: 0]
[max_bin: 255]
[max_bin_by_feature: ]
[min_data_in_bin: 3]
[bin_construct_sample_cnt: 200000]
[data_random_seed: 38]
[is_enable_sparse: 1]
[enable_bundle: 1]
[use_missing: 1]
[zero_as_missing: 0]
[feature_pre_filter: 1]
[pre_partition: 0]
[two_round: 0]
[header: 0]
[label_column: ]
[weight_column: ]
[group_column: ]
[ignore_column: ]
[categorical_feature: ]
[forcedbins_filename: ]
[precise_float_parser: 0]
[parser_config_file: ]
[objective_seed: 8855]
[num_class: 1]
[is_unbalance: 0]
[scale_pos_weight: 1]
[sigmoid: 1]
[boost_from_average: 1]
[reg_sqrt: 0]
[alpha: 0.9]
[fair_c: 1]
[poisson_max_delta_step: 0.7]
[tweedie_variance_power: 1.5]
[lambdarank_truncation_level: 30]
[lambdarank_norm: 1]
[label_gain: ]
[lambdarank_position_bias_regularization: 0]
[eval_at: 1,3,5]
[multi_error_top_k: 1]
[auc_mu_weights: ]
[num_machines: 1]
[local_listen_port: 12400]
[time_out: 120]
[machine_list_filename: ]
[machines: ]
[gpu_platform_id: -1]
[gpu_device_id: -1]
[gpu_use_dp: 0]
[num_gpu: 1]

end of parameters

pandas_categorical:[]
