tree
version=v4
num_class=1
num_tree_per_iteration=1
label_index=0
max_feature_idx=49
objective=lambdarank
feature_names=f_course1 f_course2 f_course3 f_courseout mf_course1 mf_course2 mf_course3 mf_courseout f_mf_course1 f_mf_course2 f_mf_course3 f_mf_courseout f_len1 f_len2 f_len3 f_lenout mf_len1 mf_len2 mf_len3 mf_classout f_mf_len1 f_mf_len2 f_mf_len3 f_mf_classout f_class1 f_class2 f_class3 f_classout mf_class1 mf_class2 mf_class3 mf_classout.1 f_mf_class1 f_mf_class2 f_mf_class3 f_mf_classout.1 time_df_course1 time_df_class1 ninki_1 result_1 time_df_course2 time_df_class2 ninki_2 result_2 time_df_course3 time_df_class3 ninki_3 result_3 waku umaban
feature_infos=[-1:147] [-1:130] [-1:110] [-1:754] [-1:107] [-1:85] [-1:85] [-1:633] [-1:17] [-1:16] [-1:13] [-1:71] [-1:29] [-1:24] [-1:19] [-1:135] [-1:17] [-1:12] [-1:8] [-1:81] [-1:4] [-1:5] [-1:3] [-1:15] [-1:9] [-1:8] [-1:5] [-1:46] [-1:8] [-1:4] [-1:3] [-1:27] [-1:2] [-1:3] [-1:2] [-1:10] none none [-1:180] [-1:110] [-1:0] [-1:0] [-1:180] [-1:160] [-1:0] [-1:0] [-1:180] [-1:160] [1:8] [1:18]
tree_sizes=2368 2353 2350 2359 2363 2372 2378 2356 2347 2372 2367 2362 2363 2356 2362 2359 2382 2355 2377 2365

Tree=0
num_leaves=21
num_cat=0
split_feature=46 27 29 27 47 29 31 46 5 47 27 1 38 39 39 49 1 43 48 14
split_gain=11.6236 8.00807 6.97369 6.09632 5.40599 6.23772 6.18388 9.04426 8.4769 5.32413 5.56779 5.28644 4.85541 4.81936 5.56577 4.65054 4.60171 4.27617 5.90142 5.48311
threshold=11.500000000000002 7.5000000000000009 1.0000000180025095e-35 15.500000000000002 11.500000000000002 1.5000000000000002 1.0000000180025095e-35 75.000000000000014 8.5000000000000018 3.5000000000000004 12.500000000000002 1.0000000180025095e-35 175.00000000000003 3.5000000000000004 11.500000000000002 15.500000000000002 32.000000000000007 10.500000000000002 5.5000000000000009 4.5000000000000009
decision_type=2 2 2 2 2 2 2 2 2 2 2 2 2 2 2 2 2 2 2 2
left_child=1 15 -3 -4 5 6 7 8 12 10 11 -8 -2 -11 16 17 -15 -1 19 -19
right_child=4 2 3 -5 -6 -7 9 -9 -10 13 -12 -13 -14 14 -16 -17 -18 18 -20 -21
leaf_value=-0.0025928686073642729 -0.0085007789187341223 -0.014414298465587195 -0.01205632784391745 0.01129235812634679 0.0065288151530246506 -0.013141305235719342 -0.012083200434009561 0.0056288376022052954 0.012581268022663059 -0.007501836532817348 -0.012436608338189131 0.011401593370122944 0.017539047833164075 0.0019243218475358066 -0.011092579972449992 -0.016442187085972233 0.013431216537206254 0.0098558561110496674 -0.0050229045671120881 -0.016797599181759281
leaf_weight=41.274742498993874 19.315330883953727 9.9960722704417986 1.9770538751035918 2.437697347253561 22.952732672216371 2.9810078572481862 0.9652080275118412 11.345671026036142 2.3007602989673606 5.1670153290033367 1.1370121687650669 15.217146452749146 0.66792607307433982 11.663463209755724 2.2743520699441424 1.9277274943888176 5.0346675654873243 10.009412507060915 5.4161675591021767 0.76402499899268228
leaf_count=517 273 164 28 22 228 53 14 113 18 74 20 105 1 126 37 36 37 79 74 9
internal_value=0 -0.00304738 -0.00978032 0.000797782 0.00222712 0.000955433 0.00153219 -0.00168613 -0.00541958 0.00414076 0.00840055 0.00993362 -0.00754571 0.00106168 0.00342195 -0.00139963 0.00545456 -0.000866741 0.00352203 0.00782563
internal_weight=0 73.8029 14.4108 4.41475 101.022 78.0696 75.0886 33.6297 22.284 41.4589 17.3194 16.1824 19.9833 24.1395 18.9725 59.3921 16.6981 57.4643 16.1896 10.7734
internal_count=2028 929 214 50 1099 871 818 405 292 413 139 119 274 274 200 715 163 679 162 88
is_linear=0
shrinkage=0.0101092


Tree=1
num_leaves=21
num_cat=0
split_feature=31 19 48 4 17 46 49 17 38 8 19 2 49 6 15 10 15 49 27 27
split_gain=22.488 24.0206 22.4419 16.4769 15.9743 15.4631 16.8849 14.6064 13.3127 10.2887 12.115 10.563 12.7877 13.8349 14.6207 11.7105 10.932 9.82407 10.397 11.6621
threshold=2.5000000000000004 21.500000000000004 3.5000000000000004 31.000000000000004 1.5000000000000002 11.500000000000002 10.500000000000002 6.5000000000000009 8.5000000000000018 3.5000000000000004 20.500000000000004 28.500000000000004 1.5000000000000002 2.5000000000000004 39.500000000000007 1.0000000180025095e-35 28.500000000000004 6.5000000000000009 27.000000000000004 7.5000000000000009
decision_type=2 2 2 2 2 2 2 2 2 2 2 2 2 2 2 2 2 2 2 2
left_child=5 -2 4 -4 -3 6 17 -6 -5 10 11 16 15 -14 -15 -13 -7 18 19 -1
right_child=1 2 3 8 7 9 -8 -9 -10 -11 -12 12 13 14 -16 -17 -18 -19 -20 -21
leaf_value=-0.0040098339984672073 0.0064195571689974491 -0.016157589844230609 -0.014241966370777043 0.0086852502322410825 0.011648959175063268 0.00086641963263671732 -0.012035740917347047 -0.010367791044139631 -0.0053492543310174707 0.0094126826889430592 -0.01404218719635752 0.015372810170807294 -0.012864053141257359 -0.011051503791082204 0.0050633172112952811 -0.011192156439544817 0.013192856215459948 0.00089420276024794508 0.015463752539453271 -0.017111741138155157
leaf_weight=73.214118164032698 95.760241083800793 2.8861269354820278 14.632226746529339 9.4694706797599775 21.849440217018131 160.89243631996214 21.675542928278446 3.5007761865854254 24.729730904102325 11.945147775113581 6.159601964056491 5.7540454268455488 17.711000707000494 9.225552938878538 14.920130692422388 2.3022662922739983 7.6051335707306853 54.269026163965464 2.4557166025042525 7.5885437019169322
leaf_count=274 250 8 69 28 45 551 166 20 107 24 23 11 90 35 40 10 14 203 4 56
internal_value=0 0.00304121 -0.00115931 -0.00530398 0.00600134 -0.00132867 -0.00376331 0.0085789 -0.00144871 0.000310993 -0.000177118 0.00022019 -0.0038598 -0.00610509 -0.00111383 0.00773519 0.00143044 -0.00245152 -0.00463088 -0.00526034
internal_weight=0 172.828 77.0678 48.8314 28.2363 395.718 159.203 25.3502 34.1992 236.515 224.57 218.411 49.913 41.8567 24.1457 8.05631 168.498 137.527 83.2584 80.8027
internal_count=2028 527 277 204 73 1501 703 65 135 798 774 751 186 165 75 21 565 537 334 330
is_linear=0
shrinkage=0.0101092


Tree=2
num_leaves=21
num_cat=0
split_feature=31 17 46 48 19 46 38 39 14 39 47 39 4 2 25 43 20 7 29 13
split_gain=23.3721 21.6143 15.2823 13.8953 20.9545 17.4775 14.2172 17.0226 12.9878 12.9141 25.505 16.02 16.2704 12.0863 12.2764 13.2182 11.774 11.0813 11.0727 10.7203
threshold=2.5000000000000004 7.5000000000000009 11.500000000000002 3.5000000000000004 21.500000000000004 4.5000000000000009 6.5000000000000009 2.5000000000000004 1.0000000180025095e-35 8.5000000000000018 11.500000000000002 12.500000000000002 20.000000000000004 22.500000000000004 1.5000000000000002 3.5000000000000004 1.0000000180025095e-35 123.50000000000001 1.0000000180025095e-35 10.500000000000002
decision_type=2 2 2 2 2 2 2 2 2 2 2 2 2 2 2 2 2 2 2 2
left_child=2 3 8 16 5 -5 7 -6 -1 10 -7 -11 -13 -10 15 -15 19 -17 -16 -2
right_child=1 -3 -4 4 6 9 -8 -9 13 11 -12 12 -14 14 18 17 -18 -19 -20 -21
leaf_value=-0.00058472143958477913 0.0024577446383094526 -0.016660549435318604 0.00012150025264266007 -0.010985611421400841 -0.017638713758359119 -0.0069994887984811361 -0.0085159765426596166 0.011498329967941026 -0.011180413346638806 0.014926796739719802 0.010873768324359788 -0.01690950341615681 0.011122136404832209 -0.013656706366025357 -0.014789468829135857 0.0074108519117816705 0.014020830702944239 -0.016654921077763379 0.0029304935523138424 0.016103226933388955
leaf_weight=60.539458684623241 38.784757055342197 5.4440355673432341 237.99966413155198 6.5238954201340666 2.558725379407405 16.59702730178833 27.250184517353773 8.8710843399167043 35.421797201037407 24.10398405790329 15.857441186904905 3.6897934079170209 4.6887630671262741 4.7641369253397015 12.380222901701929 18.334290806204084 18.931780368089676 2.0909002646803847 5.0237510055303565 6.8477734476327887
leaf_count=271 102 37 798 29 12 64 149 19 206 33 21 19 7 35 95 66 26 12 18 9
internal_value=0 0.0029937 -0.00143265 0.00361553 0.00143001 0.00467197 -0.00455575 0.00487688 -0.00410049 0.00625985 0.00173982 0.0107562 -0.00127589 -0.00682427 -0.00318338 0.00133022 0.00733557 0.00487662 -0.00968654 0.00453684
internal_weight=0 180.149 376.554 174.705 110.141 71.4609 38.68 11.4298 138.555 64.937 32.4545 32.4825 8.37856 78.0151 42.5933 25.1893 64.5643 20.4252 17.404 45.6325
internal_count=2028 527 1501 490 353 173 180 31 703 144 85 59 26 432 226 113 137 78 113 111
is_linear=0
shrinkage=0.0101092


Tree=3
num_leaves=21
num_cat=0
split_feature=31 17 39 38 24 25 4 19 49 46 48 42 3 46 46 11 27 3 3 18
split_gain=25.8876 18.1963 11.6387 19.7039 10.659 10.2895 10.1586 14.5545 9.8325 12.7024 16.2202 13.5656 9.58251 9.51198 11.8761 13.0211 9.94693 9.3452 18.8489 9.28297
threshold=2.5000000000000004 7.5000000000000009 2.5000000000000004 65.000000000000014 2.5000000000000004 3.5000000000000004 27.000000000000004 16.500000000000004 6.5000000000000009 3.5000000000000004 5.5000000000000009 55.000000000000007 37.500000000000007 145.00000000000003 75.000000000000014 5.5000000000000009 23.500000000000004 16.500000000000004 9.5000000000000018 1.5000000000000002
decision_type=2 2 2 2 2 2 2 2 2 2 2 2 2 2 2 2 2 2 2 2
left_child=2 4 3 17 19 -6 7 8 13 -10 -11 -12 -5 14 16 -16 -4 18 -1 -2
right_child=1 -3 6 12 5 -7 -8 -9 9 10 11 -13 -14 -15 15 -17 -18 -19 -20 -21
leaf_value=-0.013535549276440533 0.006774427183028519 -0.016784285443849932 -0.0045581133176121639 -0.016419856625381962 -0.017989218572562953 0.0032131096029921202 0.0089224207190380708 -0.016257811953578793 -0.0080040189072284346 0.0085337171249482893 0.0026652831523273513 -0.0053547350783359959 0.010828494281271601 -0.018205716766333906 0.0047586068992535946 -0.017273821131169181 0.010096736763375393 -0.0096298836716327031 0.010753480249680716 0.0017737927019574275
leaf_weight=5.7326679527759534 83.466343708336353 4.3828250542283049 97.412439566105604 1.4341041818261135 4.2526111379265767 4.9978864192962646 10.892221331596373 6.1325129345059386 13.77338135242462 31.106783274561167 69.845897305756807 31.052195016294718 9.6013791263103467 3.7538316398859015 32.693924821913242 2.8919082805514327 4.8806244879961005 46.098077684640884 7.3137148283421993 69.668098889291286
leaf_count=34 214 37 449 8 27 14 23 31 86 95 268 113 25 11 79 12 14 234 19 235
internal_value=0 0.00331202 -0.00147491 -0.00518304 0.00386463 -0.00662217 -0.00061862 -0.000975646 -0.000643911 0.00119871 0.00216441 0.000194052 0.00716921 -0.00254004 -0.00210039 0.00292382 -0.00384948 -0.0074963 5.78035e-05 0.00450215
internal_weight=0 166.768 374.616 70.1799 162.385 9.2505 304.436 293.543 287.411 145.778 132.005 100.898 11.0355 141.633 137.879 35.5858 102.293 59.1445 13.0464 153.134
internal_count=2028 527 1501 320 490 41 1181 1158 1127 562 476 381 33 565 554 91 463 287 53 449
is_linear=0
shrinkage=0.0101092


Tree=4
num_leaves=21
num_cat=0
split_feature=31 46 19 39 48 49 20 8 46 34 49 14 19 27 31 1 43 7 10 18
split_gain=20.5017 16.2392 15.3333 14.9116 12.3746 11.7902 11.3847 10.9982 10.7793 10.4147 10.3747 10.5532 9.86722 9.74585 9.66253 9.07782 8.4535 15.0744 11.075 12.2388
threshold=2.5000000000000004 11.500000000000002 30.500000000000004 3.5000000000000004 3.5000000000000004 10.500000000000002 3.5000000000000004 3.5000000000000004 1.5000000000000002 1.0000000180025095e-35 6.5000000000000009 1.0000000180025095e-35 20.500000000000004 27.000000000000004 11.500000000000002 25.500000000000004 10.500000000000002 45.500000000000007 1.0000000180025095e-35 1.5000000000000002
decision_type=2 2 2 2 2 2 2 2 2 2 2 2 2 2 2 2 2 2 2 2
left_child=1 3 9 -1 14 8 -6 12 -5 16 13 -12 -3 -10 -4 -13 18 -18 19 -2
right_child=2 7 4 5 6 -7 -8 -9 10 -11 11 15 -14 -15 -16 -17 17 -19 -20 -21
leaf_value=-0.01063620014085926 0.0027488788286072125 1.7391500486075299e-05 0.0086383899835143375 -0.012716575394871213 -0.010989340774415938 -0.010987740867359713 0.010337548741227947 0.0088856470220913548 -0.004256821133286892 -0.011324506466829377 0.0096959445615125428 -0.011558407107185899 -0.015894961637251102 0.016641461813138005 -0.012888280511067964 0.0032794000637413178 -0.017694013010834841 0.009526976790336027 0.0067719189802281522 -0.0093309749057772645
leaf_weight=28.386349657550454 30.495224878191948 209.53325774520636 10.786287292838095 7.362176001071929 17.927828609943393 14.039411738514898 2.8982597738504401 14.155358478426932 44.770267497748137 4.0555365420877925 17.276931174099445 5.8407340347766903 3.958269588649272 2.303672343492507 2.5544264316558829 14.390942417085169 2.0859712511301032 45.975181668996811 40.101557105779648 11.80602280050516
leaf_count=182 92 751 24 51 107 121 6 24 228 20 38 35 23 3 14 45 10 87 109 58
internal_value=0 -0.00135628 0.00290977 -0.0041417 -0.00313078 -0.00239363 -0.00798515 0.000288907 -0.00107058 0.0044453 -4.27559e-05 0.00391768 -0.000284989 -0.00320031 0.0044496 -0.00103991 0.00494401 0.00831052 0.00297257 -0.00063653
internal_weight=0 362.017 168.686 134.37 34.1668 105.984 20.8261 227.647 91.9447 134.519 84.5825 37.5086 213.492 47.0739 13.3407 20.2317 130.464 48.0612 82.4028 42.3012
internal_count=2028 1501 527 703 151 521 113 798 400 376 349 118 774 231 38 80 356 97 259 150
is_linear=0
shrinkage=0.0101092


Tree=5
num_leaves=21
num_cat=0
split_feature=31 17 46 39 30 21 48 19 46 38 17 20 3 5 39 47 13 29 5 16
split_gain=15.8354 12.9722 12.1378 14.27 12.1412 13.7508 11.4049 20.1139 20.4951 17.5741 12.5175 11.3648 11.2136 11.0665 10.6003 24.8948 10.5131 12.6082 12.1132 10.7254
threshold=2.5000000000000004 7.5000000000000009 14.500000000000002 3.5000000000000004 1.0000000180025095e-35 1.0000000180025095e-35 3.5000000000000004 21.500000000000004 4.5000000000000009 8.5000000000000018 6.5000000000000009 1.0000000180025095e-35 296.00000000000006 11.500000000000002 8.5000000000000018 11.500000000000002 1.0000000180025095e-35 1.0000000180025095e-35 1.5000000000000002 2.5000000000000004
decision_type=2 2 2 2 2 2 2 2 2 2 2 2 2 2 2 2 2 2 2 2
left_child=2 6 3 -1 5 11 -2 8 -8 10 -9 13 -6 -4 15 -10 18 19 -5 -18
right_child=1 -3 4 16 12 -7 7 9 14 -11 -12 -13 -14 -15 -16 -17 17 -19 -20 -21
leaf_value=-0.0099872763568727031 0.0064695241405979178 -0.01565448522913071 -0.00045460116610122859 0.0048325565728869558 -0.018334500946563262 0.0095227370539026773 -0.013430846520488574 -0.002581817870081216 -0.0078226554531375513 -0.010896812613503471 0.018535081251974752 -0.011979503349706535 0.0044821290055223209 0.0068259824767358691 0.009828199188914543 0.010904759120721648 -0.0071677280302795566 0.0060183107606386101 -0.0048476918783465798 0.014805676950166914
leaf_weight=27.168024737387896 60.46779628098011 3.8053853064775458 133.14446947723627 36.11481225118041 6.3272317163646203 17.538191266357899 6.0644486993551245 9.4752443954348546 14.598222736269237 21.605253379791975 4.0004138946533194 7.4531714096665374 3.2950567081570625 25.303447656333447 32.796504244208336 14.222491502761839 57.299444980919361 9.8054684400558454 20.698816556483507 2.2709508240222922
leaf_count=198 137 37 503 135 39 42 29 36 64 140 4 30 8 65 59 21 328 33 114 6
internal_value=0 0.00255578 -0.00123273 -0.0033549 0.000453829 0.00103686 0.00298984 0.000937842 0.00415608 -0.00526489 0.00377781 0.00013444 -0.0105548 0.00071163 0.00590641 0.00142443 -0.00192002 -0.00455782 0.00130322 -0.00630613
internal_weight=0 167.036 346.419 153.358 193.062 183.439 163.23 102.763 67.6817 35.0809 13.4757 165.901 9.62229 158.448 61.6172 28.8207 126.189 69.3759 56.8136 59.5704
internal_count=2028 527 1501 814 687 640 490 353 173 180 40 598 47 568 144 85 616 367 249 334
is_linear=0
shrinkage=0.0101092


Tree=6
num_leaves=21
num_cat=0
split_feature=31 19 42 21 13 39 15 30 9 19 48 31 24 49 20 39 42 2 49 15
split_gain=16.3571 12.7828 11.4668 13.8876 13.6717 13.5122 17.7138 10.5184 12.4472 10.5651 10.3247 10.1677 9.88791 9.81892 9.42338 9.38815 14.3598 13.9198 18.9558 14.0387
threshold=2.5000000000000004 30.500000000000004 15.500000000000002 1.0000000180025095e-35 1.0000000180025095e-35 4.5000000000000009 1.0000000180025095e-35 1.0000000180025095e-35 1.0000000180025095e-35 1.5000000000000002 3.5000000000000004 1.5000000000000002 1.0000000180025095e-35 2.5000000000000004 3.5000000000000004 9.5000000000000018 35.000000000000007 9.5000000000000018 4.5000000000000009 47.500000000000007
decision_type=2 2 2 2 2 2 2 2 2 2 2 2 2 2 2 2 2 2 2 2
left_child=2 -2 3 4 5 -1 -7 8 15 -9 12 -8 -3 -5 -12 16 17 18 -4 -19
right_child=1 10 7 13 -6 6 11 9 -10 -11 14 -13 -14 -15 -16 -17 -18 19 -20 -21
leaf_value=-0.0084226381373257563 0.0040558934634758632 0.0094049093478614822 -0.015296186830468414 -0.016680683357369667 -0.0078436544672377123 -0.0058615628016126181 0.0079383862596857455 0.011541393002290694 0.0056012265446187806 -0.016054751511232625 -0.011345362801206332 -0.01204878230140481 -0.0096364940296592982 0.0067863647570642581 0.0092461918413276334 0.0034299717532798486 -0.0049180852138285859 -0.01602039022390573 0.013318897058455615 0.0089556727036933896
leaf_weight=20.175366319715977 129.46326798945665 9.0315420180559176 2.7062604203820291 1.9233473092317606 63.63528199493885 20.990518059581518 28.39735006168485 1.7042660862207393 44.434909734874964 6.8159164153039455 14.914615321904423 2.7720154151320449 3.9167067930102339 18.466295592486858 2.5965291783213607 41.468853585422039 65.520120941102505 5.688860457390545 15.331686921417711 3.7301401495933533
leaf_count=120 376 24 14 13 398 103 94 4 135 45 107 17 14 57 6 137 284 38 30 12
internal_value=0 0.00266996 -0.00124253 -0.00326291 -0.00442967 -0.00141936 0.00130038 0.000444002 0.000969188 -0.0104627 -0.0032143 0.00612719 0.00361412 0.00450059 -0.00825579 -0.000564706 -0.00234829 0.0037791 0.00896361 -0.00613811
internal_weight=0 159.923 343.761 156.36 135.971 72.3352 52.1599 187.401 178.881 8.52018 30.4594 31.1694 12.9482 20.3896 17.5111 134.446 92.9771 27.4569 18.0379 9.419
internal_count=2028 527 1501 802 732 334 214 699 650 49 151 111 38 70 113 515 378 94 44 50
is_linear=0
shrinkage=0.0101092


Tree=7
num_leaves=21
num_cat=0
split_feature=31 46 13 8 17 24 27 11 16 6 25 19 43 38 43 16 42 48 42 17
split_gain=13.9441 12.1536 15.3937 12.2865 12.0901 10.3275 9.62012 9.25701 10.1189 9.53201 8.58562 8.2521 11.7815 8.05925 7.90861 11.735 13.4805 11.7126 15.5667 13.7661
threshold=2.5000000000000004 3.5000000000000004 10.500000000000002 2.5000000000000004 7.5000000000000009 2.5000000000000004 34.000000000000007 6.5000000000000009 1.0000000180025095e-35 35.000000000000007 5.5000000000000009 14.500000000000002 1.5000000000000002 1.5000000000000002 10.500000000000002 1.5000000000000002 12.500000000000002 6.5000000000000009 75.000000000000014 1.0000000180025095e-35
decision_type=2 2 2 2 2 2 2 2 2 2 2 2 2 2 2 2 2 2 2 2
left_child=1 10 3 11 5 14 -7 -5 -9 -10 -1 13 -13 -3 17 16 -16 18 -2 -19
right_child=4 2 -4 7 -6 6 -8 8 9 -11 -12 12 -14 -15 15 -17 -18 19 -20 -21
leaf_value=-0.0083217445822909037 0.00544566487297339 -0.013650660994654222 -0.012983783499924507 0.017534309995130663 -0.015571815347446843 -0.016441725685165935 0.0061287974850384019 0.010756225456184872 -0.012871219617419711 0.013149887481387078 0.018097151539260753 0.0075160270643388942 -0.015337020534730095 -0.00011085953529769185 -0.017945251052894115 0.012296104292555156 0.0048532251909928614 0.0068751360563538517 -0.0094885175723229843 -0.0093456108826358714
leaf_weight=29.523169931024317 66.825961101800203 4.4712047576904288 9.7559173703193647 6.2135650888085392 3.6106165237724772 5.1213303692638856 2.991627499461174 7.8201561048626882 5.1743678562343121 1.8858650922775266 1.2194036245346058 3.1064974963665 8.2929976731538755 257.24479188397527 2.8895426765084293 21.964891888201237 23.25540778785944 7.7576318904757526 7.890454299747943 16.689022962003946
leaf_count=209 192 36 63 9 37 32 9 17 25 4 1 8 53 1076 12 43 58 18 35 91
internal_value=0 -0.00117091 -0.000557137 -0.000140703 0.00246409 0.00289314 -0.00814467 0.00727389 0.00289905 -0.00583138 -0.00721743 -0.000715893 -0.00909698 -0.000347416 0.00350645 0.00686587 0.00227352 0.00187113 0.00385767 -0.00419071
internal_weight=0 334.708 303.965 294.209 158.996 155.386 8.11296 21.094 14.8804 7.06023 30.7426 273.115 11.3995 261.716 147.273 48.1098 26.145 99.1631 74.7164 24.4467
internal_count=2028 1501 1291 1228 527 490 41 55 46 29 210 1173 61 1112 449 113 70 336 227 109
is_linear=0
shrinkage=0.0101092


Tree=8
num_leaves=21
num_cat=0
split_feature=31 46 1 17 8 43 48 39 7 42 16 17 4 48 47 12 39 47 42 43
split_gain=13.3272 11.5641 13.6904 11.3833 11.2191 9.56655 14.1334 25.3654 18.7491 17.6067 13.482 9.97639 19.8811 13.9739 10.2016 9.22705 9.19642 8.72729 8.64562 8.60382
threshold=2.5000000000000004 3.5000000000000004 83.500000000000014 7.5000000000000009 2.5000000000000004 10.500000000000002 3.5000000000000004 8.5000000000000018 358.00000000000006 75.000000000000014 3.5000000000000004 1.5000000000000002 9.5000000000000018 1.5000000000000002 2.5000000000000004 1.0000000180025095e-35 5.5000000000000009 1.5000000000000002 9.5000000000000018 3.5000000000000004
decision_type=2 2 2 2 2 2 2 2 2 2 2 2 2 2 2 2 2 2 2 2
left_child=1 -1 4 5 -3 6 9 8 -8 11 -9 12 -2 15 -14 -13 -7 -10 -18 -6
right_child=3 2 -4 -5 19 16 7 10 17 -11 -12 13 14 -15 -16 -17 18 -19 -20 -21
leaf_value=-0.0072457838248854043 0.015501213865416846 -0.00070272255120836663 -0.01258980765171938 -0.015766494263443218 -0.0085149244538034879 0.014753660628731811 -0.012913586378842556 0.0082498008233373131 -0.016009662902322204 -0.015883239903128059 -0.011622038477483911 0.010514236614669941 0.0034013557432740226 0.014060691156351543 -0.019500114652979749 -0.018698536745484939 -0.017113952365569843 0.0073174178830970544 0.0052717376142391442 0.010144917276364821
leaf_weight=28.909361444413662 5.1477874517440778 273.33420187421143 9.2712655588984472 3.3358312249183646 2.9062833189964321 10.792101316154001 23.215461231768131 23.123365137726072 1.9010812900960434 3.5148263573646537 4.0140023641288272 1.9082199931144739 3.4185210764408112 22.772833213210106 4.5606034249067307 2.3713865429162979 1.7576889321207989 8.9809848703443986 35.354753628373146 16.241108153015375
leaf_count=210 7 1168 74 37 11 17 134 57 14 19 29 4 8 38 18 10 11 36 88 38
internal_value=0 -0.00114944 -0.000563111 0.00243292 -0.000177612 0.00284041 0.0011289 -0.00200426 -0.0077986 0.00551457 0.00527774 0.00742196 0.000183823 0.01092 -0.00976746 -0.00572858 0.00657873 0.00313102 0.00416748 0.00728213
internal_weight=0 330.662 301.753 156.169 292.482 152.834 104.929 61.2349 34.0975 43.6942 27.1374 40.1794 13.1269 27.0524 7.97912 4.27961 47.9045 10.8821 37.1124 19.1474
internal_count=2028 1501 1291 527 1217 490 374 270 184 104 86 85 33 52 26 14 116 50 99 49
is_linear=0
shrinkage=0.0101092


Tree=9
num_leaves=21
num_cat=0
split_feature=46 49 29 25 21 24 28 38 28 13 7 43 14 38 39 3 47 46 7 47
split_gain=13.488 16.1964 13.4709 14.3324 11.0801 13.2725 10.3064 9.62848 8.9899 8.7919 11.4544 10.6266 14.1642 10.8938 12.5001 10.7026 10.4985 9.47744 8.74579 8.60721
threshold=11.500000000000002 10.500000000000002 1.0000000180025095e-35 1.5000000000000002 1.0000000180025095e-35 2.5000000000000004 1.5000000000000002 85.000000000000014 2.5000000000000004 5.5000000000000009 5.5000000000000009 3.5000000000000004 1.0000000180025095e-35 145.00000000000003 9.5000000000000018 58.500000000000007 11.500000000000002 95.000000000000014 35.000000000000007 15.500000000000002
decision_type=2 2 2 2 2 2 2 2 2 2 2 2 2 2 2 2 2 2 2 2
left_child=1 2 3 -1 5 9 -3 -6 -5 11 -11 12 17 14 16 -16 -13 -2 -14 -9
right_child=4 6 -4 8 7 -7 -8 19 -10 10 -12 13 18 -15 15 -17 -18 -19 -20 -21
leaf_value=-0.0013186676400334767 0.0019836603815873914 -0.012416861370742407 0.0045809945723980158 -0.014417201063990776 0.0082182985798299503 -0.011538651498323246 0.0067661284432105106 -0.017163504574894468 0.017081132409844532 -0.015746266637626953 0.0068172986385665844 -0.0022119155486553903 -0.017431287738824398 -0.01260754800828758 0.0090806310895228982 6.5082320271007697e-05 0.0051418356797485309 -0.017505310905032198 -0.0038762515441480676 0.014755021402598423
leaf_weight=105.62096662446856 29.755150599405169 21.108686242252592 34.379062537103891 12.920121364295479 33.489721953868866 8.8313012383878213 3.242187049239873 2.9164578244090071 0.91278737783432085 2.3580419719219199 36.56732053309679 72.700754508376122 9.5420360118150729 5.3317011520266524 35.883654795587063 21.500992566347122 27.170905597507954 2.6867882236838332 9.9722695127129537 1.1203805357217786
leaf_count=494 116 201 115 102 90 53 16 19 1 17 105 306 59 27 88 85 81 10 41 2
internal_value=0 -0.00220207 -0.000986507 -0.00259146 0.00130897 0.00057276 -0.00984483 0.00643915 -0.0122288 0.000999231 0.00541278 0.000196238 -0.00377927 0.00146827 0.00195339 0.00570893 -0.000207971 0.000319758 -0.0105608 -0.00815772
internal_weight=0 178.184 153.833 119.454 299.827 262.301 24.3509 37.5266 13.8329 253.47 38.9254 214.544 51.9562 162.588 157.256 57.3846 99.8717 32.4419 19.5143 4.03684
internal_count=2028 929 712 597 1099 988 217 111 103 935 122 813 226 587 560 173 387 126 100 21
is_linear=0
shrinkage=0.0101092


Tree=10
num_leaves=21
num_cat=0
split_feature=31 17 46 1 3 3 1 46 39 33 42 48 19 38 46 38 13 27 7 49
split_gain=14.0208 10.9903 9.92967 11.4499 8.87961 11.412 18.2255 14.8177 12.019 10.6409 9.54231 8.09562 17.1979 14.7281 12.4935 11.3854 9.88758 13.8088 7.78892 7.49474
threshold=2.5000000000000004 7.5000000000000009 3.5000000000000004 83.500000000000014 8.5000000000000018 34.500000000000007 4.5000000000000009 45.000000000000007 7.5000000000000009 1.0000000180025095e-35 125.00000000000001 3.5000000000000004 21.500000000000004 8.5000000000000018 4.5000000000000009 5.5000000000000009 1.5000000000000002 1.0000000180025095e-35 143.50000000000003 6.5000000000000009
decision_type=2 2 2 2 2 2 2 2 2 2 2 2 2 2 2 2 2 2 2 2
left_child=2 11 -1 4 -4 6 10 8 -7 -10 19 16 14 15 -13 -14 17 -2 -19 -6
right_child=1 -3 3 -5 5 7 -8 -9 9 -11 -12 12 13 -15 -16 -17 -18 18 -20 -21
leaf_value=-0.0069610485745744133 0.0091159948634187849 -0.01551115187951816 -0.0055874002559258909 -0.012196701453532173 0.0017419875867892265 -0.0065950257944267414 -0.015442894030420701 0.0026309113788283234 -0.0013952056707489055 0.01371953525449549 -0.01323643175135969 -0.010766479327409205 -0.011494822346415929 -0.0099785684921289922 0.0059458982708860747 0.010461644406461612 0.010166544724256914 -0.015952395065954653 6.7837683004796513e-05 0.0087685918477278524
leaf_weight=27.584594573825598 12.705276370048525 3.2488954514265052 28.994347978383303 8.3967216275632364 26.426456332206726 55.926320254802704 4.6318905241787425 71.304346226155758 56.384428363293409 5.0966775566339484 2.6903305798768988 4.9221796393394461 3.2796480730175999 20.300832401961088 51.54187548160553 8.3766486346721631 28.592082977294922 4.6475184336304656 8.9343245252966863 37.689896635711193
leaf_count=210 30 37 142 74 97 326 25 250 263 9 14 29 22 140 144 18 59 20 28 91
internal_value=0 0.00259502 -0.00117014 -0.000631048 -0.000290986 0.000301216 0.00373956 -0.00100165 -0.00320826 -0.000121512 0.00509109 0.00301628 0.00112064 -0.00479608 0.00447213 0.00423712 0.00606262 0.00157651 -0.00549087 0.00587997
internal_weight=0 146.549 325.126 297.541 289.145 260.15 71.4386 188.712 117.407 61.4811 66.8067 143.3 88.4212 31.9571 56.4641 11.6563 54.8792 26.2871 13.5818 64.1164
internal_count=2028 527 1501 1291 1217 1075 227 848 598 272 202 490 353 180 173 40 137 78 48 188
is_linear=0
shrinkage=0.0101092


Tree=11
num_leaves=21
num_cat=0
split_feature=46 39 11 15 15 38 23 3 42 25 27 39 15 3 43 47 48 42 7 3
split_gain=10.2893 13.2213 12.5505 13.4111 16.9541 14.0833 11.1613 12.244 10.3797 10.8996 9.83056 10.5384 15.7495 12.9223 9.56939 16.4862 9.95925 11.1184 9.33516 9.01577
threshold=3.5000000000000004 9.5000000000000018 1.0000000180025095e-35 4.5000000000000009 22.500000000000004 75.000000000000014 3.5000000000000004 209.50000000000003 12.500000000000002 1.5000000000000002 1.5000000000000002 6.5000000000000009 19.500000000000004 8.5000000000000018 5.5000000000000009 4.5000000000000009 7.5000000000000009 165.00000000000003 5.5000000000000009 91.500000000000014
decision_type=2 2 2 2 2 2 2 2 2 2 2 2 2 2 2 2 2 2 2 2
left_child=6 2 10 -4 -5 8 -1 -8 9 -6 11 13 -13 -2 -3 -16 19 -18 -10 -17
right_child=1 14 3 4 5 -7 7 -9 18 -11 -12 12 -14 -15 15 16 17 -19 -20 -21
leaf_value=-0.0070783990601133431 -0.0088928032609419446 0.0072271630131125683 0.0042176022341181745 -0.0056825448674298036 0.0039335997729283614 -0.01137645263409527 0.01562017872407922 -0.010809982919486391 -0.017014738421059595 -0.012067190191905436 -0.0087583631259885702 -0.011411740622718582 0.019071635061304212 0.0038863038750106887 -0.012588448753409795 0.0063956394894199532 -0.012974296132644642 0.017884641411663609 0.0071119058007988022 -0.00035697601075632785
leaf_weight=35.517292052507401 10.386263590306042 39.603338077664375 70.1086291000247 52.039911974221468 9.9539299011230487 7.1282739825546733 4.9625537246465674 2.6835218891501427 1.6108923330903042 7.5777936801314345 28.518348682671785 16.037487160414461 1.8478132486343373 35.2310357876122 7.8734445162117472 49.104139778763056 7.0362871401011926 1.3404697179794309 41.978842321783304 34.264375887811184
leaf_count=264 64 123 243 268 45 45 8 17 13 54 173 81 2 121 50 142 47 1 128 139
internal_value=0 0.000481641 -0.000775254 0.000706438 -0.00134172 0.00197149 -0.00469501 0.00632257 0.00354463 -0.00301148 -0.00383851 -0.00161844 -0.00817198 0.000963213 0.00303011 0.00135581 0.00256518 -0.00788002 0.00618261 0.00362313
internal_weight=0 421.641 282.419 190.398 120.29 68.2497 43.1634 7.64608 61.1215 17.5317 92.0209 63.5026 17.8853 45.6173 139.222 99.6187 91.7453 8.37676 43.5897 83.3685
internal_count=2028 1739 1237 796 553 285 289 25 240 99 441 268 83 185 502 379 329 48 141 281
is_linear=0
shrinkage=0.0101092


Tree=12
num_leaves=21
num_cat=0
split_feature=31 17 39 46 43 19 8 27 27 23 49 46 43 9 39 38 17 8 1 3
split_gain=10.222 9.76681 9.4265 14.1675 9.52084 8.00812 9.32549 8.77072 9.86974 8.66164 8.28434 11.0856 13.8872 9.84593 9.63364 7.96029 7.61821 7.46388 8.00763 9.85558
threshold=2.5000000000000004 7.5000000000000009 2.5000000000000004 19.000000000000004 6.5000000000000009 14.500000000000002 2.5000000000000004 8.5000000000000018 27.000000000000004 7.5000000000000009 6.5000000000000009 75.000000000000014 10.500000000000002 1.5000000000000002 15.500000000000002 65.000000000000014 1.5000000000000002 1.0000000180025095e-35 1.0000000180025095e-35 235.00000000000003
decision_type=2 2 2 2 2 2 2 2 2 2 2 2 2 2 2 2 2 2 2 2
left_child=2 -2 3 16 15 6 7 10 -9 -7 11 14 -13 -12 -4 17 -1 18 -5 -20
right_child=1 -3 5 4 -6 9 -8 8 -10 -11 13 12 -14 -15 -16 -17 -18 -19 19 -21
leaf_value=-0.014874106723560744 0.0026454491704690254 -0.015229848196733564 -0.0048051688155675868 -0.013176097018318669 -0.0096655511987610802 -0.013075111920313189 0.0076819362322144797 -0.0091352801767618612 0.0082649854081753935 0.01720668955505391 0.0012251097705152857 0.0065467104189091477 -0.013958395725667708 0.011761266667830674 0.010039486716328368 0.014221160032503554 0.001901389416591908 -0.010773767448573428 0.0096587157223734857 -0.013025633126209874
leaf_weight=15.478649508208038 139.51293367147446 3.0953829027712336 69.461026787757874 2.5710921585559943 9.5706296712160093 7.9929780736565572 15.537151642143725 19.651372045278553 3.9238673672080031 1.0071557760238645 102.72378783673048 23.683811664581302 3.8363236188888541 9.8446327894926053 4.6803085431456557 4.4504425302147856 3.3364774957299224 5.3177180215716353 11.694640651345251 2.2548346668481818
leaf_count=143 490 37 365 15 50 52 50 142 17 3 427 65 21 26 13 10 20 35 31 16
internal_value=0 0.00224683 -0.00101112 -0.0048255 -0.00108781 -0.000214571 0.000120048 -0.00037703 -0.00621572 -0.00953127 0.000268082 -0.00182278 0.00364714 0.0021564 -0.00385549 0.00205972 -0.0119045 -0.000472453 0.00288823 0.00592362
internal_weight=0 142.608 317.017 54.6745 35.8594 262.342 253.342 237.805 23.5752 9.00013 214.23 101.661 27.5201 112.568 74.1413 26.2887 18.8151 21.8383 16.5206 13.9495
internal_count=2028 527 1501 320 157 1181 1126 1076 159 55 917 464 86 453 378 107 163 97 62 47
is_linear=0
shrinkage=0.0101092


Tree=13
num_leaves=21
num_cat=0
split_feature=7 1 43 6 7 47 43 38 5 39 18 7 4 17 19 1 11 1 42 48
split_gain=10.028 15.2804 17.3174 10.8414 10.6622 8.90578 14.4163 9.10693 8.89369 13.9948 9.78488 9.37925 11.1683 9.18693 8.87978 8.72081 11.3608 8.64126 8.61407 8.37133
threshold=12.500000000000002 4.5000000000000009 1.5000000000000002 3.5000000000000004 3.5000000000000004 9.5000000000000018 3.5000000000000004 135.00000000000003 11.500000000000002 3.5000000000000004 1.5000000000000002 44.500000000000007 11.500000000000002 1.5000000000000002 25.500000000000004 15.500000000000002 38.500000000000007 52.000000000000007 7.5000000000000009 3.5000000000000004
decision_type=2 2 2 2 2 2 2 2 2 2 2 2 2 2 2 2 2 2 2 2
left_child=1 -1 4 -4 -3 8 -7 18 9 13 14 -11 -13 -2 17 -12 -17 -10 -8 -15
right_child=5 2 3 -5 -6 6 7 -9 10 11 15 12 -14 19 -16 16 -18 -19 -20 -21
leaf_value=0.001180263531692893 -0.011488838797272477 -0.013685143744182076 -0.0097295496850648665 0.008617602227497469 0.007432658779411145 -0.014081598241497207 -0.0045763770301281113 -0.010427049999647237 0.0068856385739481472 0.0026382734360405093 -0.0052759843602314125 -0.0086266721234013743 0.0042660645298156705 0.015842742347340909 -0.013576181888672866 0.005267453105496916 -0.012883792757121003 -0.014148647289418516 0.0057050536170259103 -0.0073981473188810517
leaf_weight=64.658783327788115 21.779661193490032 2.9041092433035365 48.615328907966614 3.4528608024120322 13.036648556590078 4.5451639741659156 9.1070764213800413 4.1197891682386389 46.529296964406967 49.172524388879538 26.435325246304274 21.025771576911215 10.09631749242544 2.6144172549247733 2.3965530246496192 25.064901251345876 3.9992004781961432 1.9924749210476864 89.298509940505028 3.7039339318871498
leaf_count=261 151 26 333 10 48 27 40 28 142 190 149 122 33 6 14 101 24 14 282 27
internal_value=0 -0.00233779 -0.00567949 -0.00849828 0.00352251 0.000963987 0.00334426 0.00413004 -0.000223409 -0.00226057 0.00185163 -0.000108626 -0.00444352 -0.00838721 0.00504749 -0.00108409 0.00273336 0.00599396 0.0047497 0.00231515
internal_weight=0 132.668 68.0089 52.0682 15.9408 321.881 107.071 102.525 214.81 108.393 106.418 80.2946 31.1221 28.098 50.9183 55.4994 29.0641 48.5218 98.4056 6.31835
internal_count=2028 678 417 343 74 1350 377 350 973 529 444 345 155 184 170 274 125 156 322 33
is_linear=0
shrinkage=0.0101092


Tree=14
num_leaves=21
num_cat=0
split_feature=46 39 11 15 15 38 23 3 27 43 38 42 3 19 39 7 43 47 49 7
split_gain=10.2331 10.4247 10.3778 11.5886 15.5872 12.1135 10.3118 11.143 9.12787 9.20041 10.9506 8.77259 10.2192 8.43926 19.604 8.97024 8.3209 12.4333 8.75064 12.0784
threshold=3.5000000000000004 9.5000000000000018 1.0000000180025095e-35 4.5000000000000009 22.500000000000004 75.000000000000014 3.5000000000000004 209.50000000000003 1.5000000000000002 4.5000000000000009 45.000000000000007 12.500000000000002 296.00000000000006 9.5000000000000018 2.5000000000000004 2.5000000000000004 5.5000000000000009 4.5000000000000009 2.5000000000000004 11.500000000000002
decision_type=2 2 2 2 2 2 2 2 2 2 2 2 2 2 2 2 2 2 2 2
left_child=6 2 8 13 -5 11 -1 -8 9 -2 -11 12 -6 15 -15 -4 -3 -18 -19 -20
right_child=1 16 3 4 5 -7 7 -9 -10 10 -12 -13 -14 14 -16 -17 17 18 19 -21
leaf_value=-0.0071153751247970271 0.002494056213507968 0.0067241660762515885 -0.01652174284128323 -0.0055486125571481736 0.0030408762867057304 -0.011071107912439688 0.014987653173691627 -0.010058905382778479 -0.0087482541425995698 -0.00050544382593142303 -0.013008280684278612 0.0057504400300189768 -0.01345036357425744 0.0080908406334767209 -0.013913650625226094 0.0066115427933548347 -0.011852307254307142 0.0084223527628092473 -0.0065981165951597229 0.0029637236939564693
leaf_weight=34.260581471025944 30.052092663943768 38.771457519382238 1.6765688955783833 49.81669232994318 10.60082917660475 6.4994107149541369 4.8364031612873069 2.7822278290987015 24.701401725411415 18.266266059130434 11.683121293783186 43.238633118569851 5.8947312310338011 8.5783398002386111 7.8096426241099826 51.975289091467857 6.8386782072484484 18.251573842018843 17.818571507930756 54.650448191910982
leaf_count=264 114 123 13 268 48 45 8 17 173 81 73 141 51 25 49 156 50 50 88 191
internal_value=0 0.000489897 -0.000657927 0.000677412 -0.00128226 0.00193003 -0.00475216 0.00582756 -0.00358906 -0.00145377 -0.00541055 0.00336118 -0.00289783 0.00392174 -0.00241575 0.00585864 0.00276869 0.00119126 0.00218677 0.000606587
internal_weight=0 407.124 270.793 186.09 116.05 66.2336 41.8792 7.61863 84.7029 60.0015 29.9494 59.7342 16.4956 70.0398 16.388 53.6519 136.331 97.5593 90.7206 72.469
internal_count=2028 1739 1237 796 553 285 289 25 441 268 154 240 99 243 74 169 502 379 329 279
is_linear=0
shrinkage=0.0101092


Tree=15
num_leaves=21
num_cat=0
split_feature=46 23 3 39 42 7 9 3 1 46 3 49 39 31 7 49 7 19 34 31
split_gain=8.98443 10.3313 10.2458 8.44567 8.08426 7.62788 7.62146 12.9819 12.1117 13.2652 11.5268 11.958 11.4482 10.8686 8.11254 8.7082 7.85868 7.44306 11.5085 9.63468
threshold=3.5000000000000004 3.5000000000000004 209.50000000000003 9.5000000000000018 2.5000000000000004 12.500000000000002 1.0000000180025095e-35 28.500000000000004 1.0000000180025095e-35 65.000000000000014 75.500000000000014 1.5000000000000002 2.5000000000000004 1.0000000180025095e-35 22.500000000000004 7.5000000000000009 5.5000000000000009 17.500000000000004 1.0000000180025095e-35 5.5000000000000009
decision_type=2 2 2 2 2 2 2 2 2 2 2 2 2 2 2 2 2 2 2 2
left_child=1 4 -3 6 -1 -5 7 8 13 -10 -9 -12 -11 -2 -15 -16 -8 18 19 -18
right_child=3 2 -4 5 -6 -7 16 10 9 12 11 -13 -14 14 15 -17 17 -19 -20 -21
leaf_value=-0.0015391595663185249 -0.011116973186513572 0.014740965627783362 -0.0095122490792161948 -0.0014196468151653461 -0.011531482262201433 0.003960858257311491 -0.011479854041868312 -0.008940409245257552 0.0087923457585846413 0.010462755504113127 0.0077385445484394397 -0.0033579345721493218 -0.015066771008429977 0.013854121781901986 -0.011578336853700702 0.0055101685128977618 0.0037775115693509382 -0.0021989177653772033 -0.015166046633254403 0.016208428865849053
leaf_weight=15.381115511059759 10.708486132323744 4.8667488843202582 2.6874814704060555 36.854907505214214 17.905165988951921 99.39773091301322 4.2327813543379298 32.216492008417845 28.87169075012207 2.6870169863104811 11.428919687867163 71.300870779901743 4.9812853410840034 4.2106185182929066 5.4925416074693185 6.6014668941497803 51.352415312081575 24.762265164405107 2.8431454412639132 7.1962924078106871
leaf_count=104 70 8 17 159 160 343 33 189 86 7 34 393 30 9 24 21 186 123 21 11
internal_value=0 -0.00451314 0.00609954 0.000455968 -0.0069332 0.00250543 -0.000583069 -0.0017939 0.00187053 0.00565853 -0.00381991 -0.00181725 -0.00609987 -0.003255 0.00194469 -0.00228149 0.00180734 0.002473 0.00435811 0.00533098
internal_weight=0 40.8405 7.55423 405.139 33.2863 136.253 268.886 178.499 63.5531 36.54 114.946 82.7298 7.6683 27.0131 16.3046 12.094 90.3869 86.1541 61.3919 58.5487
internal_count=2028 289 25 1739 264 502 1237 863 247 123 616 427 37 124 54 45 374 341 218 197
is_linear=0
shrinkage=0.0101092


Tree=16
num_leaves=21
num_cat=0
split_feature=46 48 39 21 48 42 13 18 39 15 0 15 18 3 15 18 3 0 34 0
split_gain=8.87318 9.29524 10.7421 7.55862 10.0627 8.10661 12.7502 14.6627 11.4775 10.6187 11.5628 9.46361 9.34602 8.52032 10.506 8.15289 9.16153 14.6646 8.10586 8.06271
threshold=3.5000000000000004 3.5000000000000004 8.5000000000000018 1.0000000180025095e-35 1.5000000000000002 14.500000000000002 1.0000000180025095e-35 1.0000000180025095e-35 4.5000000000000009 1.0000000180025095e-35 1.0000000180025095e-35 6.5000000000000009 1.0000000180025095e-35 7.5000000000000009 1.0000000180025095e-35 2.5000000000000004 33.500000000000007 30.500000000000004 1.0000000180025095e-35 12.500000000000002
decision_type=2 2 2 2 2 2 2 2 2 2 2 2 2 2 2 2 2 2 2 2
left_child=1 2 -1 5 -5 6 8 -8 -2 10 -10 -11 -13 -7 15 16 -15 -18 -6 -9
right_child=3 -3 -4 4 18 13 7 19 9 11 -12 12 -14 14 -16 -17 17 -19 -20 -21
leaf_value=0.0059895814077266839 -0.0061040666947565041 -0.008380726287568906 -0.014774499221399421 -0.017229550833976797 0.0061016500040880096 -0.0053663770233596132 -0.0097195121076935724 -0.014310633866524688 0.0039524302725318563 0.0092556709261991665 -0.011989300674093071 0.0072500356810174067 -0.013262367240909664 0.010050985311500501 0.0006068094601302266 -0.011899991300161327 -0.014452117061349901 0.016836002449897244 -0.0097965167490809482 0.0023301927066813554
leaf_weight=12.080953527241943 18.227761823683977 24.57251213863492 3.1185327209532252 2.0778440237045279 46.151644222438335 18.742773376405239 34.876769080758095 3.3051625490188625 10.525834992527964 27.351201388984919 8.1760029010474664 4.5874716714024526 4.3050190508365631 29.517456576228142 159.62818515300751 2.2251258157193652 4.1438974514603606 2.295300617814064 3.4370389245450488 23.415433242917061
leaf_count=56 107 202 31 16 146 98 245 24 33 74 53 16 26 70 664 15 24 3 23 102
internal_value=0 -0.00454918 0.00165894 0.00045 0.00405629 -8.13368e-05 -0.00202707 -0.00541214 0.000825889 0.00313206 -0.00304341 0.00631852 -0.00271675 0.00112991 0.00174793 0.00650414 0.00767363 -0.00320944 0.00498177 0.000225098
internal_weight=0 39.772 15.1995 402.99 51.6665 351.323 134.771 61.5974 73.1733 54.9455 18.7018 36.2437 8.89249 216.553 197.81 38.1818 35.9567 6.4392 49.5887 26.7206
internal_count=2028 289 87 1739 185 1554 680 371 309 202 86 116 42 874 776 112 97 27 169 126
is_linear=0
shrinkage=0.0101092


Tree=17
num_leaves=21
num_cat=0
split_feature=46 23 3 39 43 27 7 25 27 9 3 49 2 1 46 0 7 31 7 49
split_gain=8.19465 9.17219 8.99402 7.39772 7.42626 7.67805 10.2245 7.13722 7.1144 7.10871 9.86299 11.2734 11.4381 10.1901 10.3902 9.61189 8.26684 7.81254 8.42159 7.99813
threshold=3.5000000000000004 3.5000000000000004 209.50000000000003 9.5000000000000018 1.0000000180025095e-35 7.5000000000000009 22.500000000000004 5.5000000000000009 21.500000000000004 1.0000000180025095e-35 28.500000000000004 1.5000000000000002 12.500000000000002 1.0000000180025095e-35 65.000000000000014 4.5000000000000009 5.5000000000000009 1.0000000180025095e-35 22.500000000000004 7.5000000000000009
decision_type=2 2 2 2 2 2 2 2 2 2 2 2 2 2 2 2 2 2 2 2
left_child=1 7 -3 9 -5 -6 -7 -1 -8 10 13 12 -12 17 -15 -16 -11 -2 -19 -20
right_child=3 2 -4 4 5 6 8 -9 -10 16 11 -13 -14 14 15 -17 -18 18 19 -21
leaf_value=-0.0076347867606568632 -0.010268470520423912 0.014288323849293813 -0.0089560207947783459 0.014278741434540681 0.0030060280783755474 -0.015782656444441993 -0.0044737938969278889 0.017658479838395993 0.0091902818751442555 -0.012549352475022715 -0.010282262372310979 -0.0047718576679739956 0.010117066250282299 0.0076658944517816923 -0.010916047179015316 0.017972621611967391 0.0024166130943353067 0.013065287028614092 -0.012291699032184399 0.0042953322763261657
leaf_weight=30.901499159634117 10.081332080066206 4.571110099554061 2.5890332721173763 5.0425347015261641 107.28857247158885 5.1947389654815224 11.022517859935762 1.089692711830138 5.8902761936187735 3.8449486196041098 3.7128920480608931 97.324408318847418 10.634132765233515 28.948365919291973 6.2092123851180068 1.3509266078472135 85.87948440387845 4.2552100867033031 5.4112037364393455 6.3602856323122978
leaf_count=263 70 8 17 9 386 40 50 1 17 33 21 568 27 86 35 2 341 9 24 21
internal_value=0 -0.00440707 0.00587421 0.000434045 0.00236345 0.00188821 -0.00352508 -0.00671982 0.00031081 -0.000548921 -0.00173884 -0.00353851 0.00480201 0.00147108 0.00491418 -0.00558291 0.00176171 -0.0033436 0.00104887 -0.00336845
internal_weight=0 39.1513 7.16014 398.451 134.439 129.396 22.1075 31.9912 16.9128 264.012 174.288 111.671 14.347 62.6165 36.5085 7.56014 89.7244 26.108 16.0267 11.7715
internal_count=2028 289 25 1739 502 493 107 264 67 1237 863 616 48 247 123 37 374 124 54 45
is_linear=0
shrinkage=0.0101092


Tree=18
num_leaves=21
num_cat=0
split_feature=46 48 13 23 8 18 21 42 17 42 13 18 39 15 4 25 5 16 19 49
split_gain=7.55656 8.40751 9.4378 7.0225 6.6789 7.50315 7.02054 7.66413 9.03063 6.80167 10.8143 12.6167 9.69736 10.531 8.8779 7.91115 7.57076 6.35074 6.30569 9.02123
threshold=3.5000000000000004 3.5000000000000004 2.5000000000000004 5.5000000000000009 10.500000000000002 6.5000000000000009 1.0000000180025095e-35 25.000000000000004 1.5000000000000002 14.500000000000002 1.0000000180025095e-35 1.0000000180025095e-35 4.5000000000000009 1.0000000180025095e-35 13.500000000000002 2.5000000000000004 1.0000000180025095e-35 2.5000000000000004 19.000000000000004 2.5000000000000004
decision_type=2 2 2 2 2 2 2 2 2 2 2 2 2 2 2 2 2 2 2 2
left_child=1 2 -1 -3 5 6 9 18 17 10 12 16 14 -14 -2 -13 -12 -9 19 -8
right_child=4 3 -4 -5 -6 -7 7 8 -10 -11 11 15 13 -15 -16 -17 -18 -19 -20 -21
leaf_value=-0.0073576043400280771 -0.011389284157119451 -0.0097898484699721344 0.0088413122858718492 0.0087988263995474342 0.014757940880096847 -0.013281180625074031 -0.013311216210148375 -0.0039484465108163098 -0.013192242870516607 0.001047844922221212 -0.0030313771033732089 0.0019441035402101852 -0.0033595228560986861 0.0060740762756415524 0.0031718323230395351 -0.016949969176186391 -0.013083653662995494 0.014376099230003075 -0.0034860163100751381 0.009630714055230194
leaf_weight=6.4751179106533518 10.829264521598818 21.371667806059126 8.2366241998970491 2.2203448787331572 3.1886949762701979 4.0159181281924239 1.7792514152824903 4.3041931539773923 4.9659996181726456 211.08052765950561 12.415316957980393 23.672425545752052 18.193154335021973 35.653523504734039 6.9708756804466239 2.4018173664808264 20.214156407862902 3.3577777147293091 5.4857418760657302 28.417603299021721
leaf_count=57 77 195 30 7 6 36 14 20 33 856 80 103 86 113 29 19 165 7 26 69
internal_value=0 -0.00428189 0.00170934 -0.00800975 0.000414174 0.000294219 0.000437547 0.00404029 -0.00271154 -7.32376e-05 -0.00188813 -0.00510103 0.000747695 0.00288622 -0.0057006 0.000144339 -0.0092804 0.00416357 0.00643097 0.00823854
internal_weight=0 38.3038 14.7117 23.592 396.946 393.758 389.742 48.3106 12.628 341.431 130.351 58.7037 71.6468 53.8467 17.8001 26.0742 32.6295 7.66197 35.6826 30.1969
internal_count=2028 289 87 202 1739 1733 1697 169 60 1528 672 367 305 199 106 122 245 27 109 83
is_linear=0
shrinkage=0.0101092


Tree=19
num_leaves=21
num_cat=0
split_feature=46 23 3 39 11 27 15 15 46 38 39 15 3 7 3 49 49 27 16 43
split_gain=7.21756 7.99562 7.79926 6.41028 7.62377 10.2187 9.44581 16.0563 9.29459 8.7848 8.0503 11.921 8.65837 7.29655 7.2327 8.48577 7.8045 7.12149 6.84928 6.49158
threshold=3.5000000000000004 3.5000000000000004 209.50000000000003 9.5000000000000018 1.0000000180025095e-35 1.5000000000000002 4.5000000000000009 22.500000000000004 95.000000000000014 75.000000000000014 6.5000000000000009 19.500000000000004 8.5000000000000018 35.000000000000007 401.50000000000006 11.500000000000002 12.500000000000002 7.5000000000000009 1.0000000180025095e-35 5.5000000000000009
decision_type=2 2 2 2 2 2 2 2 2 2 2 2 2 2 2 2 2 2 2 2
left_child=1 -1 -3 4 5 8 18 -8 10 14 12 -12 -2 -7 15 -9 -16 -15 -6 -5
right_child=3 2 -4 19 6 13 7 9 -10 -11 11 -13 -14 17 16 -17 -18 -19 -20 -21
leaf_value=-0.0064454181600597897 -0.0066411750010089299 0.01369074152329613 -0.0081480492390324406 0.0056761545320171093 0.0061231542810640692 -0.011815142121100393 -0.0056864497716590532 0.0059815774127041773 -0.014847776030876449 -0.009291366021127857 -0.0097589696161666326 0.018579530800955358 0.0049712992553049016 -0.010490915136559982 -0.0088081716080983131 -0.012692074386214553 0.011456932077177419 0.012473028926786226 -0.00050881939783818631 0.0007720061031036672
leaf_weight=30.624196581542492 8.1398569941520673 4.3376481980085364 2.5946660712361336 38.900543063879013 42.163398206233978 17.878128301352266 46.512759119272232 45.517040457576513 4.3573258295655242 6.1724419109523287 12.187210679054258 1.6355128288269032 32.211337458342314 2.5226759761571875 8.3302958756685239 2.5366177000105372 2.4287780523300162 2.8117399998009205 25.498314090073109 94.385824859142303
leaf_count=264 56 8 17 123 134 148 268 155 27 45 73 2 110 16 56 23 6 9 109 379
internal_value=0 -0.00422841 0.00551561 0.000403847 -0.000517587 -0.00307392 0.000649791 -0.00115829 -0.000817817 0.00208636 0.000336076 -0.00629426 0.00261772 -0.008734 0.00329458 0.00497097 -0.00416821 0.00161811 0.00362671 0.00220662
internal_weight=0 37.5565 6.93231 394.19 260.903 81.7438 179.16 111.498 58.5312 64.9852 54.1739 13.8227 40.3512 23.2125 58.8127 48.0537 10.7591 5.33442 67.6617 133.286
internal_count=2028 289 25 1739 1237 441 796 553 268 285 241 75 166 173 240 178 62 25 243 502
is_linear=0
shrinkage=0.0101092


end of trees

feature_importances:
ninki_3=31
result_1=30
f_courseout=23
umaban=20
mf_courseout=19
f_classout=17
result_2=17
f_lenout=16
mf_classout=16
mf_classout.1=16
ninki_1=16
ninki_2=16
waku=16
mf_len2=15
f_course2=12
result_3=11
f_len2=9
mf_len3=8
f_mf_course1=7
f_mf_classout=7
f_class2=7
mf_course1=6
f_mf_courseout=6
mf_len1=6
mf_course2=5
f_mf_len2=5
mf_class2=5
f_course1=4
f_course3=4
f_mf_course2=4
f_len3=4
f_mf_len1=4
f_class1=4
mf_course3=3
f_mf_class3=3
f_mf_course3=2
mf_class1=2
mf_class3=2
f_len1=1
f_mf_class2=1

parameters:
[boosting: gbdt]
[objective: lambdarank]
[metric: ndcg]
[tree_learner: serial]
[device_type: cpu]
[data_sample_strategy: bagging]
[data: ]
[valid: ]
[num_iterations: 106]
[learning_rate: 0.0101092]
[num_leaves: 21]
[num_threads: 16]
[seed: 0]
[deterministic: 0]
[force_col_wise: 1]
[force_row_wise: 0]
[histogram_pool_size: -1]
[max_depth: 8]
[min_data_in_leaf: 6]
[min_sum_hessian_in_leaf: 0.001]
[bagging_fraction: 1]
[pos_bagging_fraction: 1]
[neg_bagging_fraction: 1]
[bagging_freq: 0]
[bagging_seed: 7719]
[feature_fraction: 1]
[feature_fraction_bynode: 1]
[feature_fraction_seed: 2437]
[extra_trees: 0]
[extra_seed: 11797]
[early_stopping_round: 0]
[first_metric_only: 0]
[max_delta_step: 0]
[lambda_l1: 0.00108336]
[lambda_l2: 0.101413]
[linear_lambda: 0]
[min_gain_to_split: 0]
[drop_rate: 0.1]
[max_drop: 50]
[skip_drop: 0.5]
[xgboost_dart_mode: 0]
[uniform_drop: 0]
[drop_seed: 21238]
[top_rate: 0.2]
[other_rate: 0.1]
[min_data_per_group: 100]
[max_cat_threshold: 32]
[cat_l2: 10]
[cat_smooth: 10]
[max_cat_to_onehot: 4]
[top_k: 20]
[monotone_constraints: ]
[monotone_constraints_method: basic]
[monotone_penalty: 0]
[feature_contri: ]
[forcedsplits_filename: ]
[refit_decay_rate: 0.9]
[cegb_tradeoff: 1]
[cegb_penalty_split: 0]
[cegb_penalty_feature_lazy: ]
[cegb_penalty_feature_coupled: ]
[path_smooth: 0]
[interaction_constraints: ]
[verbosity: -1]
[saved_feature_importance_type: 0]
[use_quantized_grad: 0]
[num_grad_quant_bins: 4]
[quant_train_renew_leaf: 0]
[stochastic_rounding: 1]
[linear_tree: 0]
[max_bin: 255]
[max_bin_by_feature: ]
[min_data_in_bin: 3]
[bin_construct_sample_cnt: 200000]
[data_random_seed: 38]
[is_enable_sparse: 1]
[enable_bundle: 1]
[use_missing: 1]
[zero_as_missing: 0]
[feature_pre_filter: 1]
[pre_partition: 0]
[two_round: 0]
[header: 0]
[label_column: ]
[weight_column: ]
[group_column: ]
[ignore_column: ]
[categorical_feature: ]
[forcedbins_filename: ]
[precise_float_parser: 0]
[parser_config_file: ]
[objective_seed: 8855]
[num_class: 1]
[is_unbalance: 0]
[scale_pos_weight: 1]
[sigmoid: 1]
[boost_from_average: 1]
[reg_sqrt: 0]
[alpha: 0.9]
[fair_c: 1]
[poisson_max_delta_step: 0.7]
[tweedie_variance_power: 1.5]
[lambdarank_truncation_level: 30]
[lambdarank_norm: 1]
[label_gain: ]
[lambdarank_position_bias_regularization: 0]
[eval_at: 1,3,5]
[multi_error_top_k: 1]
[auc_mu_weights: ]
[num_machines: 1]
[local_listen_port: 12400]
[time_out: 120]
[machine_list_filename: ]
[machines: ]
[gpu_platform_id: -1]
[gpu_device_id: -1]
[gpu_use_dp: 0]
[num_gpu: 1]

end of parameters

pandas_categorical:[]
