,2016100742
peds_0,ナカヤマフェスタ
peds_1,マイネジャンヌ
peds_2,ステイゴールド
peds_3,ディアウィンク
peds_4,ロージズインメイ Roses in May(米)
peds_5,イットウリョウダン
peds_6,サンデーサイレンス Sunday Silence(米)
peds_7,ゴールデンサッシュ
peds_8,タイトスポット Tight Spot(米)
peds_9,セイレイ
peds_10,Devil His Due
peds_11,Tell a Secret
peds_12,フサイチコンコルド
peds_13,サクラユウビ
peds_14,Halo
peds_15,Wishing Well
peds_16,ディクタス
peds_17,ダイナサッシュ
peds_18,His Majesty
peds_19,Premium Win
peds_20,デインヒル
peds_21,センスオブリズム
peds_22,Devil's Bag
peds_23,Plenty O'Toole
peds_24,Speak John
peds_25,Secret Retreat
peds_26,Caerleon
peds_27,バレークイーン
peds_28,トニービン
peds_29,サクラシラユキ
peds_30,Hail to Reason
peds_31,Cosmah
peds_32,Understanding
peds_33,Mountain Flower
peds_34,Sanctus
peds_35,Doronic
peds_36,ノーザンテースト
peds_37,ロイヤルサッシュ
peds_38,Ribot
peds_39,Flower Bowl
peds_40,Lyphard
peds_41,Classic Perfection
peds_42,Danzig
peds_43,Razyana
peds_44,Cure the Blues
peds_45,Sensibility
peds_46,Halo
peds_47,Ballade
peds_48,Raise a Cup
peds_49,Li'l Puss
peds_50,Prince John
peds_51,Nuit de Folies
peds_52,Clandestine
peds_53,Retirement
peds_54,Nijinsky
peds_55,Foreseer
peds_56,Sadler's Wells
peds_57,Sun Princess
peds_58,カンパラ
peds_59,Severn Bridge
peds_60,リィフォー
peds_61,サクラジョオー
