,2017104261
peds_0,ジョーカプチーノ
peds_1,ハチノヨウニサス
peds_2,マンハッタンカフェ
peds_3,ジョープシケ
peds_4,War Chant
peds_5,Bridey O.
peds_6,サンデーサイレンス Sunday Silence(米)
peds_7,サトルチェンジ Subtle Change(愛)
peds_8,フサイチコンコルド
peds_9,ジョーユーチャリス
peds_10,Danzig
peds_11,Hollywood Wildcat
peds_12,Cryptoclearance
peds_13,Honey El
peds_14,Halo
peds_15,Wishing Well
peds_16,Law Society
peds_17,Santa Luciana
peds_18,Caerleon
peds_19,バレークイーン
peds_20,トウショウボーイ
peds_21,ジョーバブーン
peds_22,Northern Dancer
peds_23,Pas de Nom
peds_24,Kris S.
peds_25,Miss Wildcatter
peds_26,Fappiano
peds_27,Naval Orange
peds_28,Honey Jay
peds_29,Strumming Along
peds_30,Hail to Reason
peds_31,Cosmah
peds_32,Understanding
peds_33,Mountain Flower
peds_34,Alleged
peds_35,Bold Bikini
peds_36,Luciano
peds_37,Suleika
peds_38,Nijinsky
peds_39,Foreseer
peds_40,Sadler's Wells
peds_41,Sun Princess
peds_42,テスコボーイ
peds_43,ソシアルバターフライ
peds_44,フォルティノ
peds_45,ハードゲイ
peds_46,Nearctic
peds_47,Natalma
peds_48,Admiral's Voyage
peds_49,Petitioner
peds_50,Roberto
peds_51,Sharp Queen
peds_52,Mr. Prospector
peds_53,Elizabeth K.
peds_54,Mr. Prospector
peds_55,Killaloe
peds_56,Hoist the Flag
peds_57,Mock Orange
peds_58,Double Jay
peds_59,Roman Honey
peds_60,Plunk
peds_61,Say Yore Mine
