,2021101950
peds_0,ダノンレジェンド
peds_1,キャンティユッキ
peds_2,Macho Uno (米)
peds_3,マイグッドネス
peds_4,マヤノトップガン
peds_5,サルール
peds_6,Holy Bull
peds_7,Primal Force
peds_8,Storm Cat (米)
peds_9,Caressing
peds_10,ブライアンズタイム Brian's Time(米)
peds_11,アルプミープリーズ Alp Me Please(米)
peds_12,サンデーサイレンス Sunday Silence(米)
peds_13,シャルウォーカミーズ Shalwar Kameez(愛)
peds_14,Great Above
peds_15,Sharon Brown
peds_16,Blushing Groom
peds_17,Prime Prospect
peds_18,Storm Bird
peds_19,Terlingua
peds_20,Honour and Glory
peds_21,Lovin Touch
peds_22,Roberto
peds_23,Kelley's Day
peds_24,Blushing Groom
peds_25,Swiss
peds_26,Halo
peds_27,Wishing Well
peds_28,Sadler's Wells
peds_29,Sequel
peds_30,Minnesota Mac
peds_31,Ta Wee
peds_32,Al Hattab
peds_33,Agathea's Dawn
peds_34,Red God
peds_35,Runaway Bride
peds_36,Mr. Prospector
peds_37,Square Generation
peds_38,Northern Dancer
peds_39,South Ocean
peds_40,Secretariat
peds_41,Crimson Saint
peds_42,Relaunch
peds_43,Fair to All
peds_44,Majestic Prince
peds_45,Forest Princess
peds_46,Hail to Reason
peds_47,Bramalea
peds_48,Graustark
peds_49,Golden Trail
peds_50,Red God
peds_51,Runaway Bride
peds_52,Vaguely Noble
peds_53,Gala Host
peds_54,Hail to Reason
peds_55,Cosmah
peds_56,Understanding
peds_57,Mountain Flower
peds_58,Northern Dancer
peds_59,Fairy Bridge
peds_60,Law Society
peds_61,Where You Lead
