,2021105799
peds_0,キタサンブラック
peds_1,ミスエリカ
peds_2,ブラックタイド
peds_3,シュガーハート
peds_4,Blame
peds_5,Le Relais
peds_6,サンデーサイレンス Sunday Silence(米)
peds_7,ウインドインハーヘア Wind in Her Hair(愛)
peds_8,サクラバクシンオー
peds_9,オトメゴコロ
peds_10,Arch (米)
peds_11,Liable
peds_12,コロナドズクエスト Coronado's Quest(米)
peds_13,Malbay
peds_14,Halo
peds_15,Wishing Well
peds_16,Alzao
peds_17,Burghclere
peds_18,サクラユタカオー
peds_19,サクラハゴロモ
peds_20,ジャッジアンジェルーチ
peds_21,テイズリー
peds_22,Kris S.
peds_23,Aurora
peds_24,Seeking the Gold
peds_25,Bound
peds_26,フォーティナイナー
peds_27,Laughing Look
peds_28,Apalachee
peds_29,Sawmill Lady
peds_30,Hail to Reason
peds_31,Cosmah
peds_32,Understanding
peds_33,Mountain Flower
peds_34,Lyphard
peds_35,Lady Rebecca
peds_36,Busted
peds_37,Highclere
peds_38,テスコボーイ
peds_39,アンジェリカ
peds_40,ノーザンテースト
peds_41,クリアアンバー
peds_42,Honest Pleasure
peds_43,Victorian Queen
peds_44,Lyphard
peds_45,Tizna
peds_46,Roberto
peds_47,Sharp Queen
peds_48,Danzig
peds_49,Althea
peds_50,Mr. Prospector
peds_51,Con Game
peds_52,Nijinsky
peds_53,Special
peds_54,Mr. Prospector
peds_55,File
peds_56,Damascus
peds_57,Laughter
peds_58,Round Table
peds_59,Moccasin
peds_60,Marshua's Dancer
peds_61,Bobisque
