tree
version=v4
num_class=1
num_tree_per_iteration=1
label_index=0
max_feature_idx=49
objective=lambdarank
feature_names=f_course1 f_course2 f_course3 f_courseout mf_course1 mf_course2 mf_course3 mf_courseout f_mf_course1 f_mf_course2 f_mf_course3 f_mf_courseout f_len1 f_len2 f_len3 f_lenout mf_len1 mf_len2 mf_len3 mf_classout f_mf_len1 f_mf_len2 f_mf_len3 f_mf_classout f_class1 f_class2 f_class3 f_classout mf_class1 mf_class2 mf_class3 mf_classout.1 f_mf_class1 f_mf_class2 f_mf_class3 f_mf_classout.1 time_df_course1 time_df_class1 ninki_1 result_1 time_df_course2 time_df_class2 ninki_2 result_2 time_df_course3 time_df_class3 ninki_3 result_3 waku umaban
feature_infos=[-1:68] [-1:37] [-1:45] [-1:331] [-1:53] [-1:45] [-1:43] [-1:419] [-1:8] [-1:6] [-1:5] [-1:24] [-1:20] [-1:20] [-1:19] [-1:154] [-1:34] [-1:26] [-1:22] [-1:232] [-1:7] [-1:6] [-1:5] [-1:17] [-1:11] [-1:11] [-1:10] [-1:68] [-1:15] [-1:11] [-1:10] [-1:112] [-1:5] [-1:3] [-1:3] [-1:10] [-1:0] [-1:0] [-1:180] [-1:140] [-1:0] [-1:0] [-1:180] [-1:180] [-1:0] [-1:0] [-1:180] [-1:180] [1:8] [1:16]
tree_sizes=4579 4554 4523 4570 4579 4574 4581 4575 4577 4542 4582 4571 4562 4584 4576 4578 4574 4576

Tree=0
num_leaves=42
num_cat=0
split_feature=43 39 39 47 49 39 42 38 46 46 3 43 47 38 39 42 46 9 47 42 38 12 3 43 31 28 6 38 32 39 38 36 27 43 29 4 46 0 7 47 5
split_gain=336.681 76.7782 64.8343 48.0823 29.1208 28.7983 23.3179 19.6679 19.037 17.4853 16.067 15.9266 14.5143 13.8302 13.5685 12.9814 16.6106 11.8303 11.4092 11.3124 11.0712 10.6189 10.1651 9.01274 8.55361 10.5729 11.521 8.92634 8.18051 7.99244 7.81376 10.5715 7.71723 7.56319 7.48602 7.10307 7.84595 7.04011 6.90002 6.62188 6.53304
threshold=5.5000000000000009 5.5000000000000009 6.5000000000000009 4.5000000000000009 11.500000000000002 1.5000000000000002 105.00000000000001 75.000000000000014 6.5000000000000009 1.0000000180025095e-35 2.5000000000000004 1.0000000180025095e-35 2.5000000000000004 13.500000000000002 4.5000000000000009 145.00000000000003 12.500000000000002 3.5000000000000004 1.5000000000000002 115.00000000000001 4.5000000000000009 4.5000000000000009 111.50000000000001 7.5000000000000009 1.0000000180025095e-35 1.0000000180025095e-35 14.000000000000002 95.000000000000014 1.0000000180025095e-35 6.5000000000000009 10.500000000000002 -1.0000000180025095e-35 4.5000000000000009 3.5000000000000004 1.0000000180025095e-35 4.5000000000000009 75.000000000000014 2.5000000000000004 8.5000000000000018 7.5000000000000009 7.5000000000000009
decision_type=2 2 2 2 2 2 2 2 2 2 2 2 2 2 2 2 2 2 2 2 2 2 2 2 2 2 2 2 2 2 2 2 2 2 2 2 2 2 2 2 2
left_child=2 3 5 22 6 30 8 14 9 29 -6 -4 21 15 -7 16 -5 23 -11 35 -16 -13 -2 -10 27 38 -27 37 -18 -3 31 -1 -32 -22 -21 36 -15 -12 -26 -37 -14
right_child=1 4 11 13 10 7 -8 -9 17 18 24 12 40 19 20 -17 28 -19 -20 34 33 -23 -24 -25 25 26 -28 -29 -30 -31 32 -33 -34 -35 -36 39 -38 -39 -40 -41 -42
leaf_value=0.02559176546778889 0.065105732537796668 0.047433057144611809 -0.048321812539626446 -0.030994357834004553 -0.13724020109254648 0.11449410368429633 -0.14222092664397226 0.0054017826515620057 -0.046112555292448947 0.088013927638177919 -0.011283113348627624 0.089517039809803592 -0.020032188180027426 0.086034851415868682 -0.11631918223585913 0.064743675671714532 -0.11591015077195675 0.088152223431135324 -0.023413653060015888 -0.11407883046369138 0.089315434478102959 -0.043043591327448602 -0.066561184732860115 -0.099739544642564043 -0.005908782667754158 0.029366879451354157 -0.086544731298666133 -0.087450498046581129 0.073979686927342095 -0.15190343929894234 0.014532233643524128 0.086563181469912015 -0.12910901714942191 0.0031965312361777725 0.0040002160359751031 -0.10689850892442949 -0.0094965463848123797 0.080944173186179649 -0.098169928753415098 0.023155099047692775 0.036195573261184125
leaf_weight=51.60209658741951 62.346602577716112 1.5882914252579201 31.338169548660517 65.874466724693775 9.0618282556533796 148.13526716828346 41.906520616263151 17.085266351699829 29.306383851915598 8.4846054837107641 10.119576647877699 27.172244384884834 44.862335093319416 18.043143332004551 2.3312424831092349 6.7853662297129622 30.91080866381526 2.6537880524992934 30.720266696065664 7.9692765288054925 35.128180246800184 5.0449796430766574 4.430818159133195 125.5260369554162 8.6179736033082026 23.266785137355331 8.4572635106742364 4.5707571990787974 1.6198332272469986 9.267507638782261 17.079117536544803 35.583735913038254 3.1787370629608622 9.845948249101637 7.1367399953305721 4.4725257754325849 9.1188416294753534 13.875564794987438 21.347601022571325 7.3524270802736282 22.475369915366173
leaf_count=446 447 13 355 716 141 746 611 174 338 45 103 156 484 105 38 41 423 14 332 114 206 60 61 1650 82 194 113 64 9 141 156 214 50 105 66 70 92 82 291 66 188
internal_value=0 -0.0432339 0.0551206 -0.0044812 -0.0683062 0.0757883 -0.0838733 0.0940158 -0.0719989 -0.0257767 -0.0290406 0.00447721 0.0212587 -0.0299864 0.101683 -0.0479999 -0.0559457 -0.0865879 0.000372803 0.004774 0.0611975 0.0682707 0.056116 -0.0896981 -0.0179645 -0.0358966 -0.00111944 0.0202329 -0.105928 -0.121305 0.0395764 0.050672 -0.00744194 0.0708116 -0.0574155 0.0292832 0.0534387 0.0414623 -0.0721722 -0.0249309 -0.00103363
internal_weight=0 574.832 450.863 226.061 348.771 319.97 249.453 212.526 207.547 50.0607 99.3174 130.893 99.5549 159.283 195.441 105.19 98.4051 157.486 39.2049 54.093 47.3054 32.2172 66.7774 154.832 90.2555 61.6896 31.724 28.5659 32.5306 10.8558 107.444 87.1858 20.2579 44.9741 15.106 38.9869 27.162 23.9951 29.9656 11.825 67.3377
internal_count=9802 6424 3378 2210 4214 2135 3144 1269 2533 531 1070 1243 888 1702 1095 1189 1148 2002 377 513 349 216 508 1988 929 680 307 249 432 154 866 660 206 311 180 333 197 185 373 136 672
is_linear=0
shrinkage=0.0852085


Tree=1
num_leaves=42
num_cat=0
split_feature=43 38 47 23 46 39 39 42 33 42 43 15 12 17 39 16 33 2 46 15 47 3 1 15 42 43 15 42 19 27 38 7 39 39 47 43 39 42 24 42 14
split_gain=238.271 54.8086 48.4207 25.9957 20.5246 20.906 40.9408 18.1871 16.4301 17.7767 19.5042 15.8392 19.3752 15.3352 14.7818 13.4798 12.0998 11.5373 11.145 10.9487 10.7212 10.3908 9.72598 8.78396 8.73142 8.3025 8.12552 11.3117 8.1229 8.02422 7.91315 10.3247 10.8804 9.73514 9.10609 7.43156 6.77974 9.31639 6.44277 6.90501 6.24643
threshold=5.5000000000000009 75.000000000000014 5.5000000000000009 4.5000000000000009 135.00000000000003 1.5000000000000002 4.5000000000000009 45.000000000000007 1.0000000180025095e-35 6.5000000000000009 6.5000000000000009 33.500000000000007 4.5000000000000009 4.5000000000000009 3.5000000000000004 5.5000000000000009 1.0000000180025095e-35 9.5000000000000018 11.500000000000002 69.500000000000014 65.000000000000014 197.50000000000003 9.5000000000000018 38.500000000000007 9.5000000000000018 7.5000000000000009 3.5000000000000004 4.5000000000000009 8.5000000000000018 3.5000000000000004 3.5000000000000004 1.5000000000000002 5.5000000000000009 1.5000000000000002 1.0000000180025095e-35 9.5000000000000018 9.5000000000000018 75.000000000000014 1.0000000180025095e-35 65.000000000000014 6.5000000000000009
decision_type=2 2 2 2 2 2 2 2 2 2 2 2 2 2 2 2 2 2 2 2 2 2 2 2 2 2 2 2 2 2 2 2 2 2 2 2 2 2 2 2 2
left_child=1 3 11 4 5 13 7 -7 9 23 24 12 30 19 22 -5 -16 -10 -15 -1 29 -8 25 26 -11 -13 27 -4 -26 -12 33 32 -32 -2 -33 -24 37 40 -38 -40 -3
right_child=2 36 8 15 -6 6 21 -9 17 10 20 14 -14 18 16 -17 -18 -19 -20 -21 -22 -23 35 -25 28 -27 -28 -29 -30 -31 31 34 -34 -35 -36 -37 38 -39 39 -41 -42
leaf_value=0.0032271791511292035 0.019651560209354626 0.015396974811549819 0.045780154289932394 0.057962675193304718 -0.09513635849890395 0.066190995005795797 0.01689031485690581 0.027064517923776114 0.050671277118268507 -0.1233875420604406 -0.049111630820146378 0.024701553701307551 0.085209707201569632 0.05869180437588481 -0.085579861929477252 -0.096789152411145676 0.052810481198214097 -0.11984761882173732 -0.024693063924293976 -0.089201629419004613 -0.13127661186973719 -0.13652350671645253 -0.032042999101885239 -0.11324092731799185 0.057877617553093182 -0.14741691969171186 0.042091571486224617 -0.12913906317837662 -0.021264189553793118 -0.073037042071283823 0.089293844877532141 -0.048937869974512938 -0.0091483353998497875 -0.098213948723692962 0.0043319479964594905 0.11480837362985613 -0.086008056631503821 -0.076544385988832869 -0.065046910752051032 0.055858906336046066 -0.11144821644509506
leaf_weight=145.38691700436175 8.0989716276526469 36.333793599158525 4.9238480646163207 5.2425131984055069 8.7653516046702844 366.89214466884732 258.54265207517892 114.76553839445114 18.408054489642385 3.7705096174031487 271.00455786567181 4.3073163703084019 20.156420007348061 64.128593491390347 39.514016255736351 16.803342271596193 5.0269560143351546 3.3472907133400431 13.916153861209748 9.8973086848855001 15.528542716056107 3.1931680254638186 3.408117711544036 4.2108934447169295 16.235861145891249 3.6214816533029079 25.968464747071266 5.617973331362009 21.998573528602719 171.46750549785793 18.676157247275114 29.03747315518558 13.985275943763552 12.824512522667645 115.65203434601426 8.0278902314603311 27.408760461956263 13.457702618092297 8.0913534909486753 5.8177450746297827 3.0105079002678385
leaf_count=530 35 206 28 16 32 522 1072 184 88 36 2338 16 59 186 364 70 31 33 59 50 177 22 29 38 75 23 131 51 160 1602 47 255 108 70 608 22 189 104 76 30 30
internal_value=0 0.0261065 -0.0340429 0.0319234 0.0339808 0.0351581 0.0421509 0.0569019 -0.048498 -0.0514279 -0.055838 -0.00518933 0.00566787 0.0128118 -0.0425178 -0.0592775 -0.0695965 0.0236035 0.043627 -0.00258512 -0.0609342 0.0149442 0.0190048 0.00235508 0 -0.0523158 0.0161888 -0.0461319 0.0119714 -0.058422 -0.00235553 0.00341554 0.0467165 -0.0519161 -0.00626375 0.0697696 -0.0359927 -0.0153673 -0.0619544 -0.0133867 0.00522416
internal_weight=0 1101.65 844.819 1007.53 985.488 976.722 743.394 481.658 562.482 540.727 500.006 282.337 218.431 233.329 63.9058 22.0459 44.541 21.7553 78.0447 155.284 458.001 261.736 19.3648 40.7212 42.0049 7.9288 36.5103 10.5418 38.2344 442.472 198.274 177.351 32.6614 20.9235 144.69 11.436 94.1199 52.802 41.3179 13.9091 39.3443
internal_count=9802 3378 6424 2743 2657 2625 1800 706 4757 4636 4388 1667 1182 825 485 86 395 121 245 580 4117 1094 90 248 271 39 210 79 235 3940 1123 1018 155 105 863 51 635 340 295 106 236
is_linear=0
shrinkage=0.0852085


Tree=2
num_leaves=42
num_cat=0
split_feature=43 39 39 38 38 7 47 46 49 39 2 28 43 48 47 47 31 48 46 15 46 46 9 24 39 3 15 7 19 15 3 25 15 6 48 3 49 0 46 16 14
split_gain=170.028 46.5483 38.8419 22.4377 19.8512 23.0219 19.8035 19.3351 13.9977 13.6554 13.3177 13.2381 12.8769 15.2986 14.4021 12.4691 12.3534 16.1515 11.8335 11.4938 11.3079 15.8498 11.2213 10.9853 11.1899 10.9251 10.6865 10.6279 9.46102 9.26733 9.2459 8.86746 8.84361 10.6923 8.72504 13.811 13.391 9.94885 8.58605 8.36046 8.9643
threshold=5.5000000000000009 5.5000000000000009 5.5000000000000009 7.5000000000000009 45.000000000000007 37.500000000000007 4.5000000000000009 65.000000000000014 11.500000000000002 8.5000000000000018 8.5000000000000018 1.0000000180025095e-35 1.0000000180025095e-35 6.5000000000000009 2.5000000000000004 7.5000000000000009 1.5000000000000002 7.5000000000000009 19.000000000000004 34.500000000000007 6.5000000000000009 1.0000000180025095e-35 3.5000000000000004 1.0000000180025095e-35 2.5000000000000004 2.5000000000000004 36.500000000000007 62.500000000000007 22.500000000000004 34.500000000000007 4.5000000000000009 1.5000000000000002 48.500000000000007 22.500000000000004 3.5000000000000004 27.500000000000004 1.5000000000000002 1.0000000180025095e-35 7.5000000000000009 12.500000000000002 1.5000000000000002
decision_type=2 2 2 2 2 2 2 2 2 2 2 2 2 2 2 2 2 2 2 2 2 2 2 2 2 2 2 2 2 2 2 2 2 2 2 2 2 2 2 2 2
left_child=2 6 3 15 10 16 -2 8 20 -9 11 19 13 -4 27 34 17 -6 38 -5 21 -3 -22 24 -17 -10 -12 28 -14 -13 -16 -28 33 -32 35 37 -37 -1 -8 40 -29
right_child=1 7 12 4 5 -7 18 9 25 -11 26 29 14 -15 30 23 -18 -19 -20 -21 22 -23 -24 -25 -26 -27 31 39 -30 -31 32 -33 -34 -35 -36 36 -38 -39 -40 -41 -42
leaf_value=-0.010486366912642042 0.019253559298665183 -0.10063079033120928 -0.075450492130694713 0.0412680969472521 0.034386648069650839 -0.030699656254066909 -0.0045159002104664513 -0.038275302855982185 -0.11232559653798803 -0.11501945744980081 -0.080091694116994211 0.090672623438632985 0.035754777974424848 0.024680838799513261 -0.063036293059737861 0 0.082658089359394449 -0.12520814671461189 0.00098876255808400459 0.12742215826816544 -0.067673268767861797 -0.0065259262467228943 0.077349195018762112 0.031641788745283846 -0.15336826756634028 -0.0057592427900396504 0.059851385545072903 0 0.12587134875316633 -0.003694680308561106 0.015167554265228237 -0.0012674980116948878 -0.048807340684597626 -0.14850698248732982 0.030433811477382465 0.11361198555654807 -0.0030873230236660417 -0.10910920481830171 -0.053642633487001351 0.05271448127553683 -0.1386863692688439
leaf_weight=20.925234600901604 131.97579010948539 16.250874267891049 34.135468099266291 170.14144686236978 30.818719908595085 49.540216473862529 37.271882697939873 26.838276598602533 7.542332896962761 48.73391187004745 6.7615167535841456 109.09296533837914 48.699169520288706 16.092191852629185 21.749781001359224 5.5429244935512569 33.339976724237204 5.3616449423134318 89.357343792915344 12.235037282109259 161.2374486932531 66.498855961486697 3.8465858735144129 7.6275298669934264 8.7644307464361173 95.936447780579329 36.860877213999629 8.6908060349524039 10.500379122793673 7.7879096493124953 87.923304412513971 31.459427118301392 23.6354312710464 2.9518369548022738 136.33125411719084 9.9749252870678884 24.086532060056925 11.834145389497278 89.574348121881485 7.9120760634541503 5.6751453392207614
leaf_count=68 508 237 312 418 108 187 250 286 114 723 25 191 152 94 137 13 76 21 608 19 1756 384 13 19 24 701 90 32 20 32 459 73 158 20 420 14 80 51 844 27 38
internal_value=0 -0.0298647 0.0234652 0.0337929 0.0439736 0.0134943 -0.00669193 -0.048728 -0.0402314 -0.0879923 0.0536256 0.0617023 -0.00417098 -0.0430762 0.00473993 0.0114066 0.0452023 0.0102283 -0.0225996 0.0471523 -0.0512432 -0.0252211 -0.0641884 -0.0493974 -0.0936208 -0.0137052 0.0212211 0.0331217 0.052054 0.0842572 -0.0121249 0.0315015 -0.00230848 0.00963359 0.0180527 -0.00698605 0.0307254 -0.0466455 -0.0393307 -0.016517 -0.0557224
internal_weight=0 775.064 986.452 718.487 493.4 119.061 348.179 426.885 351.313 75.5722 374.339 299.257 267.966 50.2277 217.738 225.087 69.5203 36.1804 216.204 182.376 247.834 82.7497 165.084 21.9349 14.3074 103.479 75.0818 81.4776 59.1995 116.881 136.26 68.3203 114.511 90.8751 203.152 66.8208 34.0615 32.7594 126.846 22.278 14.366
internal_count=9802 6424 3378 1929 1240 392 2210 4214 3205 1009 848 660 1449 406 1043 689 205 129 1702 437 2390 621 1769 56 37 815 188 269 172 223 774 163 637 479 633 213 94 119 1094 97 70
is_linear=0
shrinkage=0.0852085


Tree=3
num_leaves=42
num_cat=0
split_feature=43 39 39 39 47 39 46 38 42 42 38 5 48 13 48 3 15 3 42 48 12 22 21 46 2 46 16 11 27 0 4 7 49 0 46 38 46 27 39 9 15
split_gain=150.63 39.2804 33.764 21.454 18.3918 18.3448 15.0109 14.8998 15.4129 16.9028 13.8452 13.1381 11.9573 11.7081 10.7584 14.7319 10.6823 10.4573 10.4462 9.98799 13.5182 9.92881 8.71875 8.71628 8.66789 8.63759 8.43821 8.33893 7.97704 18.3752 11.3428 13.4318 8.28263 7.92673 7.78607 7.78313 10.0462 7.60228 7.55148 7.51223 7.51147
threshold=5.5000000000000009 6.5000000000000009 5.5000000000000009 1.5000000000000002 1.5000000000000002 2.5000000000000004 95.000000000000014 13.500000000000002 6.5000000000000009 145.00000000000003 45.000000000000007 1.0000000180025095e-35 3.5000000000000004 1.0000000180025095e-35 5.5000000000000009 119.50000000000001 22.500000000000004 19.500000000000004 115.00000000000001 4.5000000000000009 1.5000000000000002 1.0000000180025095e-35 1.0000000180025095e-35 4.5000000000000009 1.0000000180025095e-35 1.0000000180025095e-35 1.0000000180025095e-35 1.0000000180025095e-35 5.5000000000000009 5.5000000000000009 2.5000000000000004 8.5000000000000018 11.500000000000002 20.500000000000004 7.5000000000000009 3.5000000000000004 2.5000000000000004 12.500000000000002 1.0000000180025095e-35 4.5000000000000009 31.500000000000004
decision_type=2 2 2 2 2 2 2 2 2 2 2 2 2 2 2 2 2 2 2 2 2 2 2 2 2 2 2 2 2 2 2 2 2 2 2 2 2 2 2 2 2
left_child=1 3 4 21 12 11 19 8 38 22 14 37 27 -14 15 -7 17 -12 -9 23 -21 28 -10 25 -11 -4 -16 -2 30 -30 31 -1 -32 -18 -15 36 -3 -5 -6 40 -25
right_child=2 35 6 5 7 10 -8 18 9 24 16 -13 13 34 26 -17 33 -19 -20 20 -22 -23 -24 39 -26 -27 -28 -29 29 -31 32 -33 -34 -35 -36 -37 -38 -39 -40 -41 -42
leaf_value=0.02271613659553175 0.0057854798237943874 0.11253673325944133 -0.086932394520894241 0.0032916790175692352 -0.093724996244196834 0.037011774259739436 -0.094169942648029845 0.017324729241788718 -0.06480035330251474 0.11733486334828187 -0.0041302378952876341 0.081296720887765697 0.092389822217391934 -0.07101578163377531 0.03095561192343765 -0.054531860695420306 -0.068655480170621563 0.070841571191820718 -0.04988545642315987 -0.04723188184567461 -0.0039624926535754418 -0.07504683629054866 0.0059753366749813177 -0.05964606840546554 -0.036796018431626429 0.014719601950440931 0.084272129252902353 -0.1423950564725727 -0.12702537444529546 0.013934627755469419 0.023768893378515277 -0.055420483074071762 0.076605798756223267 0.054599116640429435 0.043196488438704821 -0.012935323342112616 -0.037632108888535028 0.10473602367765547 0.030819425119114108 0.05406144939549315 -0.1148501532049649
leaf_weight=50.064485739916563 9.1846232227981073 8.2454214468598348 8.5084132384508866 29.701775498688221 3.9216355606913558 107.04066598787904 41.286503329873085 96.412593834102154 107.1301399609074 6.4217853620648366 38.259813901036978 121.630415501073 26.258957646787167 6.464738009497526 35.434215208515525 14.340521577745674 19.864305619150404 20.564555339515209 20.241925878450274 116.99278519582003 96.443100299686193 9.1205603256821615 13.886161848902701 86.241610920056701 4.2751399502158165 20.431882318109274 59.906373709440231 3.8023890554904929 8.8972240760922414 26.520461853593588 63.705266308039427 23.39476739987731 33.596495904028416 4.5166542008519164 12.883926108479498 194.2630071695894 5.0938485637307158 6.6089817583560935 30.665573203936219 3.397682696580886 23.77247155085206
leaf_count=199 42 19 150 78 27 287 678 478 1037 15 161 239 72 33 101 57 117 71 185 1153 785 48 96 989 26 106 128 23 50 135 217 132 85 19 42 1193 31 11 134 8 345
internal_value=0 0.0237977 -0.0283773 0.0337948 -0.00867857 0.0442369 -0.0452815 -0.0177119 -0.0340985 -0.0474182 0.0317599 0.0678238 0.034673 0.0553374 0.0431055 0.0260608 0.00202258 0.0218495 0.00552289 -0.0395579 -0.0277542 0.0115148 -0.0565557 -0.0571398 0.0544129 -0.0147134 0.0646316 -0.0366994 0.0154283 -0.0211382 0.0231031 -0.00197783 0.0421866 -0.0451642 0.00420542 -0.00854659 0.0541186 0.0222476 0.0161882 -0.0678264 -0.0717423
internal_weight=0 880.77 738.624 673.168 341.55 457.868 397.074 282.955 166.3 131.713 299.927 157.941 58.5946 45.6076 216.722 121.381 83.2053 58.8244 116.655 355.788 213.436 215.299 121.016 142.352 10.6969 28.9403 95.3406 12.987 206.179 35.4177 170.761 73.4593 97.3018 24.381 19.3487 207.602 13.3393 36.3108 34.5872 113.412 110.014
internal_count=9802 3378 6424 2135 2210 1269 4214 1998 1335 1174 941 328 212 147 573 344 368 232 663 3536 1938 866 1133 1598 41 256 229 65 818 185 633 331 302 136 75 1243 50 89 161 1342 1334
is_linear=0
shrinkage=0.0852085


Tree=4
num_leaves=42
num_cat=0
split_feature=43 47 39 33 39 39 42 39 47 23 6 7 31 49 43 47 42 9 49 39 39 3 42 38 6 42 42 19 35 7 48 3 3 0 46 47 30 35 20 25 1
split_gain=127.586 31.5096 26.1208 21.0283 15.529 15.3804 14.3041 13.5905 11.8131 10.5367 11.2452 13.5009 10.584 9.66534 9.4717 14.33 13.2263 10.8392 9.05239 12.0963 8.95677 9.43216 9.21402 8.87506 8.71742 8.64391 8.52488 11.1508 8.4475 8.44141 8.39558 8.09685 7.70031 8.54843 7.76442 7.59306 14.9047 7.33066 7.15393 6.94569 8.56186
threshold=6.5000000000000009 5.5000000000000009 6.5000000000000009 1.0000000180025095e-35 1.5000000000000002 2.5000000000000004 6.5000000000000009 5.5000000000000009 1.0000000180025095e-35 1.0000000180025095e-35 3.5000000000000004 1.5000000000000002 24.500000000000004 9.5000000000000018 1.0000000180025095e-35 2.5000000000000004 65.000000000000014 1.0000000180025095e-35 9.5000000000000018 1.0000000180025095e-35 2.5000000000000004 3.5000000000000004 115.00000000000001 2.5000000000000004 14.000000000000002 65.000000000000014 4.5000000000000009 40.500000000000007 1.0000000180025095e-35 4.5000000000000009 6.5000000000000009 26.500000000000004 65.500000000000014 5.5000000000000009 4.5000000000000009 12.500000000000002 1.0000000180025095e-35 1.0000000180025095e-35 1.5000000000000002 1.0000000180025095e-35 10.500000000000002
decision_type=2 2 2 2 2 2 2 2 2 2 2 2 2 2 2 2 2 2 2 2 2 2 2 2 2 2 2 2 2 2 2 2 2 2 2 2 2 2 2 2 2
left_child=2 7 4 6 9 23 -3 18 -9 10 11 -1 30 25 -4 16 17 -16 19 -2 21 -8 38 31 -21 37 27 -11 -18 -13 -12 -6 33 34 -10 36 -5 -7 -22 -17 -41
right_child=1 3 14 35 5 13 20 8 32 26 12 29 -14 -15 15 39 28 -19 -20 24 22 -23 -24 -25 -26 -27 -28 -29 -30 -31 -32 -33 -34 -35 -36 -37 -38 -39 -40 40 -42
leaf_value=0.04847476393766996 -0.097448869790954712 0.0064870468709001044 -0.044323661022131741 0.076985052860622766 -0.064386855508142521 0.028492184474772999 0.027592587135927649 -0.090209967225500259 0.035479484590049723 0.094104692665719303 0.028612986909369656 -0.084636727512635845 -0.078882148097709312 0.044335822658857972 0.064204453370687378 -0.027977256580577346 -0.10236062567023833 -0.063419016670447595 0.044462761181035128 0.019201880380010295 -0.056424710502994364 -0.044344850532834067 -0.1009161232112631 0.066525623654866001 -0.084533270617462811 -0.029608257138300516 -0.062095191737412236 -0.031302356263238365 0.075817970637821974 -0.0065329013510869796 0.088625851059510832 0.054400614101693577 -0.066848282604464335 0.08399733270951916 -0.037506550782486929 0.093409730300885799 -0.11763319542631141 -0.029693771830872549 0.023336962612886907 0.033221448216580261 -0.05075384222570644
leaf_weight=28.274588448926806 8.6912047825753671 31.340154280886054 36.300577158108354 6.4366676956415194 7.5491844639182117 133.40004701539874 18.059612113982439 18.102304564788938 16.156385852023959 7.7145176958292749 46.502718567848206 12.615225709974764 4.7175415493547908 127.70120997354388 50.245219390839338 83.69521302729845 7.2459260858595353 5.2017698362469664 47.056360928341746 61.347518598660827 246.33052166271955 47.381874283775687 35.270073934458196 138.64617148786783 6.4407390076667062 28.161698035895824 23.539127081632614 15.128451885655521 2.5060291588306427 51.558171756565571 27.694963665679097 9.2093908041715604 14.839609220623968 7.9156381059437981 29.983694206923246 9.7947993911802751 5.0628030523657799 17.546429973095655 8.1557003650814277 36.171469118446112 11.525782667100428
leaf_count=107 34 208 355 26 24 444 126 298 77 21 171 73 25 412 177 627 53 35 180 257 2824 470 635 314 43 160 134 83 9 269 68 24 178 40 296 34 55 93 62 179 102
internal_value=0 -0.0298834 0.0202434 -0.043705 0.0286814 0.0375309 -0.0482639 -0.00303501 -0.0288861 0.00982476 0.0196262 -0.000382247 0.0432461 0.0263757 -0.00432892 0.00298601 0.0356958 0.0519301 0.0150515 -0.00286 -0.0531371 -0.0242594 -0.0596038 0.0594471 0.00908785 0.0134809 -0.0260523 0.0104692 -0.054937 -0.0221562 0.0512452 0 -0.0125197 0.00214927 -0.0116176 0.0382912 -0.00748904 0.021624 -0.0538069 -0.0131358 0.0125936
internal_weight=0 618.366 912.851 407.832 679.959 462.214 386.538 210.533 86.9976 217.745 171.363 92.448 78.9152 306.809 232.892 196.591 65.1989 55.447 123.536 76.4795 355.198 65.4415 289.756 155.405 67.7883 179.108 46.3821 22.843 9.75196 64.1734 74.1977 16.7586 68.8953 54.0557 46.1401 21.2943 11.4995 150.946 254.486 131.392 47.6973
internal_count=9802 5843 3959 4440 2422 1471 4325 1403 889 951 713 449 264 1109 1537 1182 274 212 514 334 4117 596 3521 362 300 697 238 104 62 342 239 48 591 413 373 115 81 537 2886 908 281
is_linear=0
shrinkage=0.0852085


Tree=5
num_leaves=42
num_cat=0
split_feature=43 39 38 47 39 49 46 11 38 46 13 39 49 3 1 49 43 3 27 42 46 19 43 46 2 31 8 47 47 42 6 33 5 9 31 18 6 16 43 46 42
split_gain=97.537 28.1955 27.0508 15.3424 12.2923 10.2834 11.7498 9.63292 9.16387 9.01079 8.92282 8.77695 10.1054 9.794 14.1367 8.88313 11.0055 8.58003 9.17014 8.57348 12.8536 8.2745 7.9149 7.84212 7.00327 6.93742 6.89224 11.2104 9.55208 6.74985 9.38263 7.03304 6.70926 6.75135 6.60326 6.33401 8.495 7.06515 6.24255 7.79561 5.99831
threshold=5.5000000000000009 5.5000000000000009 75.000000000000014 2.5000000000000004 9.5000000000000018 11.500000000000002 6.5000000000000009 12.500000000000002 13.500000000000002 1.0000000180025095e-35 3.5000000000000004 1.0000000180025095e-35 1.5000000000000002 1.0000000180025095e-35 3.5000000000000004 13.500000000000002 2.5000000000000004 7.5000000000000009 1.5000000000000002 145.00000000000003 12.500000000000002 4.5000000000000009 6.5000000000000009 45.000000000000007 3.5000000000000004 3.5000000000000004 1.0000000180025095e-35 11.500000000000002 7.5000000000000009 105.00000000000001 1.0000000180025095e-35 1.0000000180025095e-35 6.5000000000000009 1.0000000180025095e-35 7.5000000000000009 1.0000000180025095e-35 5.5000000000000009 9.5000000000000018 1.0000000180025095e-35 1.5000000000000002 6.5000000000000009
decision_type=2 2 2 2 2 2 2 2 2 2 2 2 2 2 2 2 2 2 2 2 2 2 2 2 2 2 2 2 2 2 2 2 2 2 2 2 2 2 2 2 2
left_child=2 3 4 10 11 6 9 -8 19 -3 -2 12 24 -14 -15 26 -17 -7 -19 20 40 -12 -20 38 -1 -18 28 -28 -13 32 -31 -32 33 -10 -34 -4 -37 -38 -6 -40 -5
right_child=1 5 35 8 23 17 7 -9 29 -11 21 15 13 14 -16 16 25 18 22 -21 -22 -23 -24 -25 -26 -27 27 -29 -30 30 31 -33 34 -35 -36 36 37 -39 39 -41 -42
leaf_value=0.002357541601829861 0.040636955414232789 -0.0884016898301207 -0.057881965728335968 0.012508025116423127 -0.07708901009792174 -0.068306929271294781 -0.064294943597631632 0.067061097615662105 0.019259743837032411 -0.0060017314449716981 0.056978454040785935 0.038352231312126714 0.055272594548504368 -0.052422993524514835 0.021395485003000685 0.082994327408864491 -0.03061579177878096 0.045492287382619873 0.051002635023420798 0.043717010113524711 -0.080358158996467088 -0.10416444304814539 -0.032459816100562935 -0.096943963135649153 0.14452449803421952 0.053134565142611619 -0.0071335104586128361 0.11117445924765214 -2.0827647774388765e-05 -0.13756175365035098 -0.02987671943403292 0.11123522112900534 -0.13020055741972567 0.10463658200491582 -0.0017913520483484092 0.024052460489032829 -0.09337313562734588 0.0057391695984182088 0.072358605412739418 -0.0081304431271166117 -0.033143121381978072
leaf_weight=4.6635117791593057 63.71957353502512 11.615067180246113 30.204590685665607 29.279335156083107 6.6430934723466626 20.097093565389514 175.42121739964932 4.0119666922837487 49.226996008306742 58.850406974554062 3.4656377695500833 342.03651574626565 16.957305427640676 38.512630544602871 36.464674131944776 52.214489696547389 12.403591964393856 19.153837820515037 9.4072793461382371 10.591946970671414 34.26638000831008 6.3699515275657177 60.177554382011294 6.777639538049697 6.0536642074584961 16.564976792782545 62.472661321982741 6.3686348497867575 53.713239567354321 5.0945436526089933 16.067168671637777 3.0019280090928069 3.5633882731199291 7.9340229555964461 16.51723051443696 26.487747251987457 11.429126248694958 9.0901735331863147 11.399351891130207 36.12230640463531 69.523852391168475
leaf_count=25 222 237 278 139 65 277 2501 22 240 384 13 1149 61 215 174 130 63 144 49 41 448 54 600 61 8 55 255 15 221 56 164 8 30 22 106 163 124 70 36 210 667
internal_value=0 -0.0237005 0.0204096 -0.00519893 0.0256339 -0.0400895 -0.0496443 -0.0612624 -0.0154825 -0.0198322 0.028851 0.0290788 0.00603892 -0.00294311 -0.0163282 0.0333841 0.0595624 -0.0180043 -0.00642162 -0.0293361 -0.0352731 -0.0458632 -0.0209419 -0.0107693 0.084256 0.0167633 0.0287735 0.00364183 0.0331066 0.0039991 -0.0350788 -0.0067218 0.0164279 0.0314265 -0.0255017 -0.0273835 -0.00744051 -0.0487973 0 0.0108985 -0.0194634
internal_weight=0 677.356 786.58 318.622 709.368 358.734 249.899 179.433 245.067 70.4655 73.5552 648.426 102.652 91.9346 74.9773 545.774 81.1831 108.836 88.7387 143.662 133.07 9.83559 69.5848 60.9424 10.7172 28.9686 464.591 68.8413 395.75 101.405 24.1636 19.0691 77.2416 57.161 20.0806 77.2116 47.007 20.5193 54.1648 47.5217 98.8032
internal_count=9802 6424 3378 2210 2743 4214 3144 2523 1921 621 289 2371 483 450 389 1888 248 1070 793 1295 1254 67 649 372 33 118 1640 270 1370 626 228 172 398 262 136 635 357 194 311 246 806
is_linear=0
shrinkage=0.0852085


Tree=6
num_leaves=42
num_cat=0
split_feature=43 47 38 46 33 39 39 39 39 46 43 20 43 19 47 47 38 49 19 38 12 22 38 46 47 3 42 7 49 19 4 1 19 3 47 12 39 3 39 12 23
split_gain=89.2697 25.2561 19.2867 12.5045 12.159 11.1008 10.7222 9.17067 8.30015 7.71882 11.972 8.6207 7.42779 9.62208 7.16424 9.67938 13.1811 7.15272 6.98822 6.7469 6.61391 6.60529 6.45688 7.79529 9.88326 7.67277 7.90081 7.62201 6.20086 6.05293 5.89101 5.68985 6.47789 5.62191 5.15651 5.09441 5.07536 7.11071 4.87085 4.80901 8.96537
threshold=5.5000000000000009 4.5000000000000009 85.000000000000014 135.00000000000003 1.0000000180025095e-35 3.5000000000000004 6.5000000000000009 6.5000000000000009 1.5000000000000002 14.500000000000002 7.5000000000000009 1.5000000000000002 3.5000000000000004 72.500000000000014 1.0000000180025095e-35 1.5000000000000002 13.500000000000002 13.500000000000002 8.5000000000000018 7.5000000000000009 11.500000000000002 1.0000000180025095e-35 25.000000000000004 75.000000000000014 7.5000000000000009 1.0000000180025095e-35 8.5000000000000018 1.0000000180025095e-35 6.5000000000000009 4.5000000000000009 4.5000000000000009 1.0000000180025095e-35 1.0000000180025095e-35 15.500000000000002 11.500000000000002 8.5000000000000018 6.5000000000000009 15.500000000000002 2.5000000000000004 4.5000000000000009 1.0000000180025095e-35
decision_type=2 2 2 2 2 2 2 2 2 2 2 2 2 2 2 2 2 2 2 2 2 2 2 2 2 2 2 2 2 2 2 2 2 2 2 2 2 2 2 2 2
left_child=2 5 3 7 6 39 22 8 21 11 18 19 17 -14 36 16 -16 -10 -11 -8 31 28 25 30 -25 27 -27 -3 -1 -18 -24 32 -9 -33 38 -12 37 -7 -6 40 -2
right_child=1 4 -4 -5 34 14 9 20 12 10 35 -13 13 -15 15 -17 29 -19 -20 -21 -22 -23 23 24 -26 26 -28 -29 -30 -31 -32 33 -34 -35 -36 -37 -38 -39 -40 -41 -42
leaf_value=-0.0045882219098396645 0.027611804405530297 0.1055764630005067 -0.029800206781718973 -0.1028795483012488 0.062151453055500648 -0.089382183595367162 -0.073884367760589209 0.034383242087705018 0.037165385546756038 0.040458701127961148 -0.096701887706065442 0.057406199929778426 0.028369850623467061 -0.042582930849099393 0.079479956396279805 -0.024560033917142704 0.032606854077088299 0.073590645524752057 -0.069989521639678365 -0.031409563694580006 -0.072232827774360062 -0.069335047407023315 0.054118913124838089 -0.11174002498074742 -0.0015132733286237281 -0.0019237080141244428 -0.052252095596097968 -0.017931548721028014 0.02918230403875359 -0.08356466758421302 -0.034102336498590034 0.057401642407303513 -0.040727442059631636 0.0091181894720080599 0.067236913117598163 -0.0015626934696874857 -0.086041761771823058 0.043470472830707096 -0.052265059716095678 0.060871225394780494 -0.062103710169337571
leaf_weight=59.682448028586805 51.963199656456709 5.2702437043190029 52.819184649735689 5.5673641338944426 3.9986995197832602 4.9182890914380568 38.337503034621477 11.770804598927496 241.06486809626222 9.3635297641158122 56.881614080630243 6.3262848742306224 75.228891050443053 16.846312656998634 19.037778696045283 55.472710655070841 5.6531870979815704 48.162695869803429 7.3682116698473683 102.2462863298133 7.496280923485755 6.5266927294433108 21.852845966815952 7.8702581953257313 24.519190380349755 30.420583479106426 96.407581022009254 11.04285237751901 112.61078320629895 7.2213918454945087 7.0928247906267634 23.149181101471186 27.295432429760695 76.225666521117091 11.177104232832788 4.750105742365121 15.163424777798353 7.0069574639201164 7.8879281245172024 21.451772512868047 9.4733751229941827
leaf_count=315 193 21 506 37 18 38 468 63 683 82 1068 36 262 71 66 451 37 102 115 1112 74 47 106 93 231 229 1124 99 488 103 74 89 206 435 41 66 298 47 77 77 54
internal_value=0 -0.0232092 0.01974 0.0234394 -0.0342978 0.00215692 -0.0375468 0.0244615 0.0294241 -0.0504272 -0.0722492 -0.0386712 0.0365522 0.0152145 -0.0149542 -0.00289722 0.0342754 0.0432906 -0.00732684 -0.043114 0.00530934 0.0141366 -0.0232771 0 -0.0288471 -0.0331869 -0.0403025 0.0211853 0.0173985 -0.0314388 0.031969 0.00963279 -0.0177025 0.0205321 0.0255592 -0.0896175 -0.0532442 -0.0101626 -0.0124499 0.025966 0.0135076
internal_weight=0 650.176 764.447 711.627 452.814 197.362 429.75 706.06 560.123 225.274 78.3635 146.91 381.303 92.0752 114.474 87.3851 31.9124 289.228 16.7317 140.584 145.937 178.82 204.476 61.3351 32.3894 143.141 126.828 16.3131 172.293 12.8746 28.9457 138.441 39.0662 99.3748 23.0637 61.6317 27.0887 11.9252 11.8866 82.8883 61.4366
internal_count=9802 6424 3378 2872 5060 1364 4924 2835 1968 2947 1331 1616 1118 333 1040 657 206 785 197 1580 867 850 1977 504 324 1473 1353 120 803 140 180 793 269 524 136 1134 383 85 95 324 247
is_linear=0
shrinkage=0.0852085


Tree=7
num_leaves=42
num_cat=0
split_feature=43 47 39 33 39 46 38 47 5 38 39 49 42 47 26 15 42 1 2 3 31 48 3 15 47 7 1 46 38 42 38 39 19 38 42 20 43 0 49 0 13
split_gain=68.2816 22.1209 16.0707 10.1553 9.85834 10.968 8.45223 8.85305 10.1495 7.78242 7.5837 8.97992 14.8613 7.21303 8.9623 7.09836 7.2854 7.0001 7.30527 11.5601 6.82984 6.46328 8.3449 11.613 6.81154 9.5745 6.30101 7.72702 6.14102 6.03901 6.49719 5.95594 5.9224 5.84867 5.69411 5.61668 6.7538 11.4424 11.2674 5.51934 6.94314
threshold=5.5000000000000009 4.5000000000000009 4.5000000000000009 1.0000000180025095e-35 8.5000000000000018 65.000000000000014 85.000000000000014 2.5000000000000004 1.0000000180025095e-35 13.500000000000002 1.5000000000000002 2.5000000000000004 55.000000000000007 11.500000000000002 1.5000000000000002 66.500000000000014 135.00000000000003 18.500000000000004 13.500000000000002 57.500000000000007 3.5000000000000004 7.5000000000000009 7.5000000000000009 9.5000000000000018 7.5000000000000009 1.0000000180025095e-35 2.5000000000000004 2.5000000000000004 125.00000000000001 6.5000000000000009 12.500000000000002 4.5000000000000009 17.500000000000004 105.00000000000001 55.000000000000007 1.0000000180025095e-35 1.0000000180025095e-35 1.0000000180025095e-35 11.500000000000002 4.5000000000000009 1.0000000180025095e-35
decision_type=2 2 2 2 2 2 2 2 2 2 2 2 2 2 2 2 2 2 2 2 2 2 2 2 2 2 2 2 2 2 2 2 2 2 2 2 2 2 2 2 2
left_child=2 15 10 4 9 29 7 35 34 13 21 12 26 31 -15 16 39 18 19 -13 -19 24 -23 -24 -1 -26 27 -12 -11 -6 -31 -3 -22 -17 -9 36 38 -38 -4 40 -2
right_child=1 3 6 -5 5 -7 -8 8 -10 28 11 17 -14 14 -16 33 -18 20 -20 -21 32 22 23 -25 25 -27 -28 -29 -30 30 -32 -33 -34 -35 -36 -37 37 -39 -40 -41 -42
leaf_value=0.010106663864667799 0.014716081110423945 -0.032932536504180751 -0.039542511967244114 0.025055054439837333 0.0050743104080673059 -0.10073739254601115 -0.035143909513132149 -0.072081445231802793 0.0060748957142227125 0.0020100086154544072 0.052251899094681531 0.048171876722672403 -0.13041120847712395 -0.0038760280420087286 -0.11934550241011828 -0.10012220162783603 -0.11907270059315274 -0.10485493753088648 0.10171390899691773 -0.0056073265062026815 0.10251996751996723 0.099122537937141889 -0.13021704430293504 0.040493697830192202 0.081754960468422136 -0.10441317106003649 0.054786364271969507 -0.076538385595639025 -0.086462668859283692 -0.069252918109415862 -0.027134093412263284 -0.076853513958242206 -0.025065954943936552 0.051673557052185452 0.0046905090048641358 -0.069658858865392331 -0.011192917347638536 0.066404401357518683 0.062807539644558041 0.033821329341068004 -0.027130270549780622
leaf_weight=131.7948097391054 83.487188243307173 60.833923444151878 21.177746377885342 21.557508621364832 17.371790517121553 27.508883511647582 40.246723715215921 22.956444608047605 93.871681122109294 84.060661545023322 5.6261534914374378 196.95708313211799 5.7056115977466098 61.831068398430943 5.3005242180079213 7.9934986513107997 3.2025716789066783 4.3437701761722556 15.361941020935772 33.451899684965611 4.0615155845880491 13.225605450570582 3.4156987033784416 17.463449310511351 2.5182959437370291 8.3635299243032915 16.489849332720041 8.1240568831562978 6.0598149364814153 54.5505376663059 55.18400562601164 37.545082796365023 7.1206935308873653 2.2260450161993504 9.5770273413509113 4.2126193270087233 18.702125921845436 49.373762037605047 12.314876299351452 49.487248781137168 43.886372996494174
leaf_count=674 522 655 166 136 140 662 433 163 529 744 13 514 28 618 91 103 55 19 34 126 7 33 21 75 6 57 43 27 100 732 708 474 24 21 62 34 73 170 47 312 351
internal_value=0 -0.0208483 0.0173748 -0.0315172 -0.0345283 -0.0515981 0.000825772 0.00712945 -0.00800052 -0.0241399 0.0268535 0.0351937 -0.00435793 -0.0351201 -0.0132712 0.00328494 0.00728546 0.040692 0.0442122 0.0402991 -0.0140416 0.0127414 0.0460966 0.0116863 0.00465426 -0.059837 0.0190467 -0.0227537 -0.00380221 -0.0408216 -0.0482233 -0.0498672 0.0201031 -0.0655335 -0.0490392 0.025348 0.0294577 0.0448711 -0.00143688 0.00968032 0.000176867
internal_weight=0 622.087 746.457 431.804 410.246 154.615 272.433 232.186 126.405 255.631 474.024 297.243 35.9457 165.511 67.1316 190.283 180.063 261.297 245.771 230.409 15.526 176.781 34.1048 20.8791 142.677 10.8818 30.2401 13.7502 90.1205 127.106 109.735 98.379 11.1822 10.2195 32.5335 105.781 101.569 68.0759 33.4926 176.861 127.374
internal_count=9802 6424 3378 5060 4924 2242 1677 1244 754 2682 1701 835 111 1838 709 1364 1240 724 674 640 50 866 129 96 737 63 83 40 844 1580 1440 1129 31 124 225 490 456 243 213 1185 873
is_linear=0
shrinkage=0.0852085


Tree=8
num_leaves=42
num_cat=0
split_feature=43 39 47 33 42 39 27 24 39 20 6 39 20 0 28 15 49 11 20 7 3 39 38 35 17 29 47 46 3 7 47 43 39 46 18 26 15 9 15 46 39
split_gain=61.0157 16.7869 16.2833 11.1705 9.55035 8.43591 7.24245 9.95652 7.17441 7.13875 7.8262 6.91405 9.28276 6.40819 6.68931 6.11521 8.68394 8.57038 7.07967 5.63488 5.63434 5.56999 7.21174 11.2758 7.67924 6.12481 6.23819 8.21924 6.74045 5.46265 5.33684 8.65619 5.80668 5.32827 6.78239 5.45226 5.49797 5.30318 4.96295 4.83972 4.77802
threshold=6.5000000000000009 4.5000000000000009 4.5000000000000009 1.0000000180025095e-35 6.5000000000000009 1.5000000000000002 7.5000000000000009 6.5000000000000009 8.5000000000000018 1.5000000000000002 11.500000000000002 3.5000000000000004 1.0000000180025095e-35 1.0000000180025095e-35 1.5000000000000002 51.000000000000007 14.500000000000002 4.5000000000000009 1.5000000000000002 1.0000000180025095e-35 1.5000000000000002 2.5000000000000004 35.000000000000007 1.0000000180025095e-35 4.5000000000000009 1.0000000180025095e-35 4.5000000000000009 35.000000000000007 5.5000000000000009 1.0000000180025095e-35 2.5000000000000004 1.0000000180025095e-35 9.5000000000000018 75.000000000000014 4.5000000000000009 1.0000000180025095e-35 28.500000000000004 1.0000000180025095e-35 3.5000000000000004 65.000000000000014 1.5000000000000002
decision_type=2 2 2 2 2 2 2 2 2 2 2 2 2 2 2 2 2 2 2 2 2 2 2 2 2 2 2 2 2 2 2 2 2 2 2 2 2 2 2 2 2
left_child=1 5 11 4 40 6 33 19 9 29 -11 -2 20 14 -3 17 18 30 -17 -8 -13 25 -23 24 -24 26 27 -7 -28 -6 31 -15 -32 35 -35 36 -1 -37 -22 -10 -4
right_child=2 13 3 -5 8 21 7 -9 39 10 -12 12 -14 15 -16 16 -18 -19 -20 -21 38 22 23 -25 -26 -27 28 -29 -30 -31 32 -33 -34 34 -36 37 -38 -39 -40 -41 -42
leaf_value=0.017302826271393658 0.022748699257877768 -0.032835967146094033 -0.1034826407828132 0.026652815033766826 0.0057880556687750356 0.023654305861792398 0.058092660263779586 0.12098316061461842 -0.048090484021309297 0.095443986060949934 -0.078281032585371585 -0.073800467628011859 -0.11641057827378269 -0.0077997606685420448 0.02996170018221914 -0.051144459818263321 0.079550174964792594 -0.069716797017721183 0.068851620633240754 -0.077469475455804376 0.042689697386787462 0.035642883890741821 0.030299585675695941 -0.097658350906965299 -0.049297427647456392 0.065271027913088045 -0.017538058652268051 -0.079431562719761248 0.079286570873276396 -0.03877564157312377 0.019572417048601728 0.053458791771896851 -0.024836766395810072 -0.11364991972744483 0.055778180322367456 -0.046350324194225433 0.061721338977316541 0.06318618283861975 -0.010277590297228679 -0.092763999883709133 0.017516028915014914
leaf_weight=111.83641368150711 62.321422476321459 66.823795227333903 2.5174149423837653 21.92704058624804 21.966884853318334 34.571918718516827 2.4291842095553937 2.4676280692219725 97.003594755195081 6.3333196733146888 2.5561026893556118 8.2048630723729712 5.9752500969916573 23.807167707942426 14.82596058398485 32.25156064517796 5.1472328417003146 8.4468757044523937 3.8847709558904162 16.078327216207981 15.962400563061236 112.25480710342526 41.176568392664194 7.607611507177352 11.056364376097916 65.312009900808334 6.3816275671124485 6.6430644690990439 23.597476445138454 170.16156150680035 61.042198861017823 53.37401088885963 32.712104693055153 4.83956947736442 2.4877987056970596 15.046483144164087 25.264100072905421 3.9530779086053363 65.127053036354482 22.844554899260402 30.391569744795561
leaf_count=526 256 504 23 128 183 99 9 6 1366 26 31 111 90 197 88 307 24 72 21 142 116 335 158 51 61 157 22 27 57 2088 358 210 260 42 13 109 88 16 585 625 215
internal_value=0 0.0149524 -0.0222986 -0.0319417 -0.035618 0.0246468 0.010108 -0.0367723 -0.0401089 -0.0301024 0.0437028 0.000597639 -0.0137381 -0.000808284 -0.0212419 0.00668651 -0.0227342 0.0135441 -0.0377781 -0.0587947 -0.00665883 0.0332838 0.0229074 -0.0007389 0.0131432 0.0462467 0.0285612 0.00662438 0.0581789 -0.0336023 0.017759 0.0343735 0.00391414 0.0162229 -0.0540943 0.0196306 0.0256104 -0.0227009 0 -0.0567544 0.00770943
internal_weight=0 795.32 533.293 375.702 353.775 493.004 184.403 20.9751 320.866 201.018 8.88942 157.591 95.2696 302.316 81.6498 220.666 41.2836 179.382 36.1363 18.5075 89.2943 308.601 172.095 59.8405 52.2329 136.506 71.1941 41.215 29.9791 192.128 170.935 77.1812 93.7543 163.427 7.32737 156.1 137.101 18.9996 81.0895 119.848 32.909
internal_count=9802 3959 5843 4685 4557 1918 951 157 4319 2328 57 1158 902 2041 592 1449 352 1097 328 151 812 967 605 270 219 362 205 126 79 2271 1025 407 618 794 55 739 614 125 701 1991 238
is_linear=0
shrinkage=0.0852085


Tree=9
num_leaves=42
num_cat=0
split_feature=43 39 39 15 47 42 23 47 47 15 27 3 39 20 15 49 31 6 15 47 48 1 12 31 31 25 25 14 24 27 35 0 2 7 46 42 49 48 43 42 19
split_gain=54.0482 17.3299 13.2279 7.49161 7.46528 7.26996 6.59966 5.92507 8.72834 9.12087 5.50535 8.3104 5.84808 6.31012 5.6522 5.17487 6.53598 6.46076 6.2373 6.20767 5.13617 5.00784 6.30397 7.17068 7.07136 5.32504 5.1272 4.79593 4.72956 8.47766 5.72148 4.68992 4.67037 4.66531 5.18006 4.71073 4.61398 6.31406 7.82807 6.65927 6.28467
threshold=6.5000000000000009 4.5000000000000009 6.5000000000000009 1.0000000180025095e-35 5.5000000000000009 125.00000000000001 1.0000000180025095e-35 1.0000000180025095e-35 1.5000000000000002 29.500000000000004 1.5000000000000002 18.500000000000004 1.5000000000000002 1.0000000180025095e-35 17.500000000000004 9.5000000000000018 13.500000000000002 1.5000000000000002 17.500000000000004 1.5000000000000002 4.5000000000000009 18.500000000000004 1.5000000000000002 44.500000000000007 7.5000000000000009 3.5000000000000004 1.0000000180025095e-35 1.0000000180025095e-35 1.5000000000000002 13.500000000000002 1.5000000000000002 16.500000000000004 22.500000000000004 1.5000000000000002 35.000000000000007 1.5000000000000002 11.500000000000002 6.5000000000000009 1.0000000180025095e-35 4.5000000000000009 10.500000000000002
decision_type=2 2 2 2 2 2 2 2 2 2 2 2 2 2 2 2 2 2 2 2 2 2 2 2 2 2 2 2 2 2 2 2 2 2 2 2 2 2 2 2 2
left_child=1 6 4 -4 15 7 21 -5 9 -9 11 27 13 14 -12 31 17 19 -19 -17 -10 22 23 24 -1 26 -24 -8 30 -30 -6 33 -23 34 -2 -35 37 38 -3 -40 -39
right_child=2 36 3 5 28 -7 10 8 20 -11 12 -13 -14 -15 -16 16 -18 18 -20 -21 -22 32 25 -25 -26 -27 -28 -29 29 -31 -32 -33 -34 35 -36 -37 -38 40 39 -41 -42
leaf_value=0.017056158593725189 -0.01237009909294075 -0.045023880040753583 -0.085408056432792506 -0.10015259043029 -0.022303177326374303 -0.08888531510974014 -0.037848551621064305 0.056409065441643716 -0.048132071298484062 -0.092976589083252167 -0.10637983922611631 -0.079869441494916399 0.030341976480865254 -0.12085164742955558 0.019789841257779436 0.084534843868810244 0.081485391567666293 0 -0.13734671739865578 -0.0088628350768754603 -0.018316707788850393 -0.071706363594854494 0.033686501835141248 -0.070417164516966405 0.052388597381219947 -0.029106540028511631 0.070254420543184024 0.06239729581331023 0.061382753966931713 -0.045526540807647314 -0.11360510501917813 0.072481534916743515 0.029466505125207296 0.086810469014389227 0.10882039764256309 -0.029526835390759638 0.014878596563831319 -0.0077592387866632136 0.040248866556631985 -0.0047234097125182133 -0.11027733585505928
leaf_weight=170.40945176593959 5.6000598929822427 28.810904777608812 20.482211294583976 7.8077530516311517 135.05996000859886 14.935789114795623 6.1850059404969233 16.432915110141042 69.737042895518243 3.5296438056975594 3.0259071290493074 12.107561673969029 61.4995062276721 3.7135940175503483 16.355521734803915 10.498274572193628 13.144207850098608 8.4512282367795688 3.3651793003082267 9.620392292737959 111.96056511625648 6.6603961512446386 59.721524685621262 5.6584295518696299 55.284345500171185 5.9891002811491481 56.544724062085152 7.5472836513072252 12.824953189119698 9.1067542620003206 5.2439585812389842 4.9771051611751309 6.2829002700746059 2.573555923998355 4.4034812077879906 49.384817590937018 85.046181092038751 9.5820623710751551 28.85961022041738 136.95821909140795 8.4698084406554681
leaf_count=668 31 325 406 164 1450 416 33 77 1075 54 33 69 242 30 106 39 54 37 24 64 1294 38 229 27 184 23 182 26 88 126 80 26 28 7 11 320 516 57 130 958 55
internal_value=0 0.014256 -0.0212737 -0.0356853 -0.00834792 -0.031068 0.0243262 -0.0268604 -0.0239323 0.0291345 0.00589378 -0.028293 0.0165207 -0.0196258 0 0.008475 0.0308388 0.00946051 -0.039855 0.039188 -0.0298494 0.0298375 0.0317605 0.0233563 0.0257839 0.0475309 0.0516149 0.016174 -0.0200554 0.0163056 -0.0258487 -0.00636933 -0.021489 -0.0129806 0.0396653 -0.023424 -0.00182793 -0.00858033 -0.00402152 0.00301975 -0.0568041
internal_weight=0 774.712 519.14 244.886 274.254 224.404 476.985 209.468 201.66 19.9626 110.434 25.8399 84.5945 23.095 19.3814 112.018 45.0793 31.9351 11.8164 20.1187 181.698 366.551 353.608 231.352 225.694 122.255 116.266 13.7323 162.236 21.9317 140.304 66.939 12.9433 61.9619 10.0035 51.9584 297.727 212.681 194.629 165.818 18.0519
internal_count=9802 3959 5843 3486 2357 3080 1918 2664 2500 131 539 128 411 169 139 613 218 164 61 103 2369 1379 1313 879 852 434 411 59 1744 214 1530 395 66 369 42 327 2041 1525 1413 1088 112
is_linear=0
shrinkage=0.0852085


Tree=10
num_leaves=42
num_cat=0
split_feature=43 39 38 47 49 46 9 38 46 6 7 38 9 43 31 0 38 27 42 38 42 42 27 27 3 38 2 5 27 30 6 46 30 38 46 49 13 43 15 30 49
split_gain=43.9597 12.2994 10.3511 8.90052 7.3472 8.03903 8.25447 6.45353 8.0339 8.39377 7.16054 7.05613 6.37173 5.73565 6.17497 5.54753 6.33257 6.1794 5.37177 6.38801 8.70325 5.84355 8.63093 6.08749 5.3187 5.26729 5.23428 5.22502 6.47779 8.58339 5.22397 5.17807 5.17378 5.1041 5.05762 4.9458 5.48739 4.87781 4.74952 4.53226 4.68742
threshold=5.5000000000000009 5.5000000000000009 85.000000000000014 1.5000000000000002 11.500000000000002 6.5000000000000009 3.5000000000000004 9.5000000000000018 3.5000000000000004 6.5000000000000009 118.50000000000001 45.000000000000007 1.5000000000000002 7.5000000000000009 1.0000000180025095e-35 2.5000000000000004 10.500000000000002 1.5000000000000002 1.5000000000000002 15.500000000000002 145.00000000000003 45.000000000000007 1.0000000180025095e-35 4.5000000000000009 124.00000000000001 1.5000000000000002 1.0000000180025095e-35 15.500000000000002 1.0000000180025095e-35 1.0000000180025095e-35 16.500000000000004 25.000000000000004 3.5000000000000004 4.5000000000000009 1.0000000180025095e-35 9.5000000000000018 1.0000000180025095e-35 7.5000000000000009 3.5000000000000004 4.5000000000000009 10.500000000000002
decision_type=2 2 2 2 2 2 2 2 2 2 2 2 2 2 2 2 2 2 2 2 2 2 2 2 2 2 2 2 2 2 2 2 2 2 2 2 2 2 2 2 2
left_child=2 3 7 35 5 34 13 8 12 -10 -11 32 24 14 -7 16 -6 -17 -5 20 25 22 -21 -23 -1 -20 -22 28 29 -13 -19 -30 -9 -12 -3 -2 -37 -36 -29 -34 -41
right_child=1 4 -4 18 15 6 -8 11 9 10 33 27 -14 -15 -16 17 -18 30 19 21 26 23 -24 -25 -26 -27 -28 38 31 -31 -32 -33 39 -35 37 36 -38 -39 -40 40 -42
leaf_value=0.023636067360350864 0.0035498065051682739 -0.06886840215165084 -0.023116080417593381 0.069896704680264612 -0.076966193635966559 -0.095034270278690228 0.072950095434170234 0.026122089235747718 -0.040158318006220252 0.075852090236425793 -0.1172603122877578 -0.05166805837153491 -0.10332488439879838 -0.061746448513354091 0.00035440959334962337 0.067315588943544419 -0.0074287292949874115 0.0042000677723196198 -0.070558500470985247 -0.066603139975505071 0.10608332718044962 0.0090340642010002907 0.063953237626070691 -0.044283633715160503 -0.042297876997232524 -0.023220001278824138 -0.022986252875328773 0.057485929132626408 0.047675723123093532 0.068698347998498457 -0.10066172717818486 0.0020131536783205427 0.099360201963242217 0.016712081385441644 -0.063016647367689194 0.087689486966615687 -0.0053137417330272625 0.0094150932242968114 -0.067353122151989728 -0.017235028078608695 0.072468488691481148
leaf_weight=129.28680385276675 25.654701646417379 9.6292540654540044 48.949488963931799 5.6782196983695021 14.820885122753678 6.0922615993768003 3.7693159766495219 292.05783497169614 45.141586054116488 10.204114314168693 3.0441495254635793 19.721472660079602 3.0916906818747512 110.93093687947839 23.62880433909595 10.650375599041579 28.022144680842757 35.861944377422333 21.060077427886426 4.3773936592042473 5.5625133737921697 45.300237607210875 19.829798048362136 23.411666337400675 9.3559518754482252 102.7004740331322 3.5606015659868717 2.5804175343364468 36.195650672540069 5.3819324336946002 3.7640330512076607 37.333356991410255 14.084187718108298 5.8318822607398033 7.9282800406217566 15.01268280297518 6.2080792598426333 43.967177173122764 11.5432814322412 7.3784081228077438 9.2122398130595666
leaf_count=561 140 237 506 17 213 96 15 1147 253 30 23 132 18 2131 281 61 375 350 286 33 15 317 88 196 73 1020 26 14 167 22 71 201 35 32 63 40 32 321 93 44 27
internal_value=0 -0.0173488 0.0145101 -0.00439423 -0.0293544 -0.0383576 -0.0493787 0.0174059 0.00488432 -0.0200054 0.0268758 0.0232924 0.0162701 -0.0527802 -0.0187784 -0.00927493 -0.0318752 0.0096939 -0.0112983 -0.0134165 -0.0254128 0.00358093 0.0396666 -0.00892676 0.0190694 -0.0314135 0.0541699 0.00478175 0.011846 -0.0252089 -0.00545822 0.0247066 0.029712 -0.0278169 -0.0122304 0.0293632 0.0598097 -0.00139482 -0.0434033 0.0633376 0.0317168
internal_weight=0 577.422 690.394 278.356 299.065 205.946 144.421 641.445 205.956 64.2217 19.0801 435.489 141.734 140.652 29.7211 93.1194 42.843 50.2764 231.481 225.803 132.884 92.9191 24.2072 68.7119 138.643 123.761 9.12311 112.756 98.6324 25.1034 39.626 73.529 322.733 8.87603 61.5247 46.8755 21.2208 51.8955 14.1237 30.6748 16.5906
internal_count=9802 6424 3378 2210 4214 3144 2523 2872 990 338 85 1882 652 2508 377 1070 588 482 1998 1981 1347 634 121 513 634 1306 41 629 522 154 421 368 1253 55 621 212 72 384 107 106 71
is_linear=0
shrinkage=0.0852085


Tree=11
num_leaves=42
num_cat=0
split_feature=43 39 39 38 39 42 47 13 43 12 12 27 49 38 47 14 3 28 25 27 15 42 38 5 38 19 15 49 7 18 14 38 42 26 22 3 3 3 7 7 15
split_gain=39.6066 15.1461 8.82187 8.80688 11.7291 8.75588 8.14297 7.98254 7.52254 6.94961 7.8386 6.4187 5.62772 5.49746 10.3 7.4016 6.64688 5.64898 5.37759 7.57901 5.36484 5.66799 6.23454 5.25472 6.6977 8.32175 8.14063 6.4338 8.35487 11.5639 6.82867 5.16751 8.5931 6.08225 5.02674 5.00467 6.08116 4.77686 5.65336 7.03222 4.72372
threshold=3.5000000000000004 3.5000000000000004 8.5000000000000018 1.5000000000000002 1.0000000180025095e-35 145.00000000000003 2.5000000000000004 1.5000000000000002 1.0000000180025095e-35 2.5000000000000004 13.500000000000002 1.0000000180025095e-35 9.5000000000000018 12.500000000000002 1.0000000180025095e-35 1.0000000180025095e-35 6.5000000000000009 3.5000000000000004 2.5000000000000004 14.500000000000002 31.500000000000004 115.00000000000001 12.500000000000002 1.0000000180025095e-35 8.5000000000000018 1.0000000180025095e-35 14.500000000000002 9.5000000000000018 83.500000000000014 3.5000000000000004 6.5000000000000009 12.500000000000002 6.5000000000000009 1.5000000000000002 1.0000000180025095e-35 2.5000000000000004 3.5000000000000004 1.0000000180025095e-35 4.5000000000000009 12.500000000000002 46.500000000000007
decision_type=2 2 2 2 2 2 2 2 2 2 2 2 2 2 2 2 2 2 2 2 2 2 2 2 2 2 2 2 2 2 2 2 2 2 2 2 2 2 2 2 2
left_child=2 3 23 5 12 -2 13 8 -4 20 31 -10 -5 14 17 16 -15 -3 19 -9 21 22 -8 24 25 -1 -27 28 35 -30 -31 32 -11 -33 -20 -25 -37 -26 -39 -40 -21
right_child=1 6 7 4 -6 -7 9 18 11 10 -12 -13 -14 15 -16 -17 -18 -19 34 40 -22 -23 -24 27 37 26 -28 -29 29 30 -32 33 -34 -35 -36 36 -38 38 39 -41 -42
leaf_value=0.018973228489128652 -0.068577288087348739 -0.11860598967026623 -0.042280148451275146 -0.090832536753953586 0.0162125389366112 0.038021897022667374 -0.040885592645518158 -0.09788566196169067 -0.013630825895262428 0.022708507200937596 -0.10285082772897343 0.071065147763835407 0.0021166176558149326 -0.035353926080221088 0.046744906019673134 -0.045337529183239612 0.051471339156266387 0.066310318762462142 -0.036501929429213847 0.07582871335639331 -0.08734863108720245 -0.075672366151554135 -0.012011831843408502 -0.013292546702630191 0.069556649065474874 -0.10084359967161838 0.0039837017483767894 0.041823592310754359 -0.089788122280707164 0.019324008828291713 -0.060631126134082169 -0.0087880826791029189 -0.048773298378804661 0.04406673326025904 0.10835989684415114 0.10762310429484306 0.032842872051795882 -0.013238246282458305 0.067579683569909982 -0.016818034337171509 -0.093227439450981706
leaf_weight=19.639210365712643 20.983507565222684 4.7507126573473206 11.672465662471948 11.552148178219797 201.30973431654274 7.4021920189261428 123.84432187955827 15.407424997538333 10.046698350459339 17.784540772438049 6.3719181208871296 17.047284821048379 7.4679329842329016 10.466182292439045 31.055746188387275 29.410872689448297 15.945770142599939 1.463695455342531 4.5089354962110511 3.5791815975680938 13.820127368904648 20.242629123385996 99.976477274671197 14.184892849996684 12.853946849703787 12.724787913262846 8.8344678785651904 142.1938352547586 9.8457809425890428 59.598337821662426 8.8272397890686971 44.92950183711946 37.328598485328257 24.103546040132642 2.7222092226147652 8.9617276526987535 83.533789860084653 31.185222037136555 20.231246948242191 10.693602176383136 1.7197056487202642
leaf_count=80 267 74 153 113 1179 32 1556 160 83 110 93 80 61 146 135 347 113 9 48 19 219 477 1129 72 44 86 47 534 57 271 68 532 489 234 10 22 337 171 70 50 25
internal_value=0 -0.0127255 0.0182194 0.00429858 0.0101098 -0.0402392 -0.0215502 -0.0105133 0.0142139 -0.0269761 -0.0107845 0.0391276 -0.0536098 0.000928228 0.026408 -0.0158203 0.0164966 -0.0725289 -0.045338 -0.0675481 -0.0351103 -0.0320793 -0.028059 0.0225771 0.0068349 -0.020566 -0.0572528 0.0281197 0.0174972 -0.00347256 0.00876574 -0.00591196 -0.0254348 0.0094617 0.0162124 0.0330197 0.0402864 0.0220964 0.0120008 0.037924 0.0179093
internal_weight=0 730.21 510.012 248.716 220.33 28.3857 481.495 66.7039 38.7664 388.402 130.518 27.094 19.0201 93.093 37.2702 55.8228 26.412 6.21441 27.9375 20.7063 257.884 244.063 223.821 443.308 116.162 41.1985 21.5593 327.146 184.952 78.2714 68.4256 124.146 55.1131 69.033 7.23114 106.68 92.4955 74.964 62.1101 30.9248 5.29889
internal_count=9802 7315 2487 1652 1353 299 5663 578 316 4839 1458 163 174 824 218 606 259 83 262 204 3381 3162 2685 1909 548 213 133 1361 827 396 339 1365 599 766 58 431 359 335 291 120 44
is_linear=0
shrinkage=0.0852085


Tree=12
num_leaves=42
num_cat=0
split_feature=43 47 39 39 46 22 49 38 38 46 42 26 1 42 38 39 21 47 38 5 39 48 42 18 5 43 3 15 38 19 15 29 20 49 9 2 42 28 42 42 47
split_gain=37.9402 13.4303 9.49113 8.74302 8.17332 6.99888 6.84349 5.78621 6.82627 5.86447 6.5498 6.19686 5.96868 5.25157 5.22941 5.06202 4.76642 4.67416 4.64253 5.0536 4.60718 5.90098 8.48705 5.50749 10.8929 6.81804 4.52041 9.33897 7.2726 6.33493 5.11063 4.65814 4.50335 7.43091 4.53875 4.43734 4.43215 6.13359 5.63834 4.72564 4.42363
threshold=7.5000000000000009 5.5000000000000009 8.5000000000000018 6.5000000000000009 7.5000000000000009 1.0000000180025095e-35 9.5000000000000018 8.5000000000000018 45.000000000000007 2.5000000000000004 1.0000000180025095e-35 1.0000000180025095e-35 3.5000000000000004 15.500000000000002 2.5000000000000004 2.5000000000000004 1.0000000180025095e-35 1.0000000180025095e-35 3.5000000000000004 1.0000000180025095e-35 1.5000000000000002 5.5000000000000009 10.500000000000002 4.5000000000000009 7.5000000000000009 2.5000000000000004 18.500000000000004 3.5000000000000004 55.000000000000007 29.500000000000004 23.500000000000004 1.5000000000000002 1.5000000000000002 12.500000000000002 3.5000000000000004 8.5000000000000018 13.500000000000002 3.5000000000000004 1.5000000000000002 95.000000000000014 1.0000000180025095e-35
decision_type=2 2 2 2 2 2 2 2 2 2 2 2 2 2 2 2 2 2 2 2 2 2 2 2 2 2 2 2 2 2 2 2 2 2 2 2 2 2 2 2 2
left_child=2 3 7 5 -3 36 -4 9 20 10 11 12 -1 18 -15 -6 -8 -5 -11 -20 21 40 -23 24 -22 -25 27 28 -10 30 -28 -29 34 -34 -17 -13 37 38 -2 -38 -9
right_child=1 4 6 17 15 -7 16 8 26 13 -12 35 -14 14 -16 32 -18 -19 19 -21 23 22 -24 25 -26 -27 29 31 -30 -31 -32 -33 33 -35 -36 -37 39 -39 -40 -41 -42
leaf_value=-0.0050184882854612195 0.046137370640491171 -0.0016647431027187764 -0.026361825701309762 -0.082994517988571687 -0.014208410808164562 0.081944681108037765 0.019515164204194538 -0.078951925622657571 -0.069101874212804337 -0.0014713247265450537 0.049667769118484015 -0.094707726563937916 0.04629402270431477 -0.057809036957899705 0.08507449488554325 -0.050188380911540105 -0.075431900013845907 -0.014332644653311039 -0.094802950682483109 -0.02251542252751737 0.030063252008403294 0.07827786393559831 -0.0055866363536523468 0.078191512738062449 -0.059651772764808965 0.023436578091078714 0.065225530254587563 -0.076292156206921327 0.030829412095690782 -0.010651671885852828 0.011676576327954121 0.014895721725650455 -0.073906269644991307 0.10198502708773187 0.050241015430801339 0 0.038730056350665523 0.10142217844519774 -0.054732055483071494 -0.025292724846512859 -0.0014701555054012327
leaf_weight=43.367879765108228 4.9188373833894792 54.940877955406904 76.656440153717995 8.6984524270519596 49.954895839095116 10.875223951414226 53.086403839290142 7.0345633849501636 6.2982103154063216 40.127760525792837 30.098682124167681 7.1412532255053502 26.070433780550957 2.4005359895527345 6.7983843870460987 165.90980453789234 4.0565636660903683 46.963246457278728 10.311503700911997 24.62474234867841 169.14441316947341 15.508465893566607 19.379833802580833 37.512388803064823 10.297171622514723 31.292906068265438 23.971901817247272 17.78882555291057 30.617490295320749 34.574815597385168 29.931602027267218 4.9218749031424514 3.1098801121115676 3.7827735096216202 3.1582878716289988 7.8020487781614065 36.835548616945744 2.6622945480048648 18.962543332949281 10.50743676163256 23.76372610218823
leaf_count=236 13 555 786 244 534 44 409 42 37 197 104 66 93 24 30 2934 42 463 91 173 610 47 95 113 51 138 108 134 186 286 180 30 45 13 16 65 178 9 149 83 149
internal_value=0 -0.0206707 0.0109598 0.000741347 -0.0314286 0.0180719 -0.00966537 0.0151591 0.0203938 0.00291267 0.0155307 0.00316159 0.0140436 -0.0140517 0.0460883 -0.0385992 0.0124725 -0.0253753 -0.0216386 -0.0443502 0.0275183 0.00715295 0.0313019 0.0328449 0.0248213 0.0535301 0.00518811 -0.0127965 0.0133271 0.017478 0.0357946 -0.0558771 -0.0454344 0.0204842 -0.048214 -0.0463214 0.00843496 -0.0191068 -0.0332932 0.0241961 -0.0197204
internal_weight=0 421.28 794.581 140.424 280.857 84.7619 133.799 660.781 462.038 198.743 114.48 84.3816 69.4383 84.2629 9.19892 225.916 57.143 55.6617 75.064 34.9362 313.933 65.6866 34.8883 248.247 179.442 68.8053 148.105 59.6264 36.9157 88.4783 53.9035 22.7107 175.961 6.89265 169.068 14.9433 73.8867 26.5437 23.8814 47.343 30.7983
internal_count=9802 5280 4522 1183 4097 476 1237 3285 2206 1079 564 460 329 515 54 3542 451 707 461 264 1245 333 142 912 661 251 961 387 223 574 288 164 3008 58 2950 131 432 171 162 261 191
is_linear=0
shrinkage=0.0852085


Tree=13
num_leaves=42
num_cat=0
split_feature=43 47 39 39 0 18 42 21 30 29 39 39 38 38 38 0 27 5 6 17 17 31 15 12 3 12 15 16 30 49 17 3 39 49 49 42 42 47 38 26 17
split_gain=34.3267 10.3066 7.55186 5.93211 5.79235 6.18519 5.53212 6.73934 5.19307 6.39442 5.15567 8.21591 7.94617 7.3883 5.56345 5.79017 5.46504 7.44496 6.32831 5.56726 6.827 5.0667 4.99502 6.08871 4.88952 5.06194 4.82596 5.26299 4.66051 10.3487 4.65396 7.0749 4.47752 7.08854 4.06744 5.88766 3.9648 4.74436 3.90919 4.8562 4.40494
threshold=7.5000000000000009 4.5000000000000009 4.5000000000000009 3.5000000000000004 1.0000000180025095e-35 1.0000000180025095e-35 6.5000000000000009 1.0000000180025095e-35 1.0000000180025095e-35 1.0000000180025095e-35 1.5000000000000002 2.5000000000000004 10.500000000000002 2.5000000000000004 19.000000000000004 1.0000000180025095e-35 1.0000000180025095e-35 26.500000000000004 3.5000000000000004 11.500000000000002 2.5000000000000004 1.0000000180025095e-35 17.500000000000004 3.5000000000000004 35.500000000000007 2.5000000000000004 15.500000000000002 1.0000000180025095e-35 1.5000000000000002 10.500000000000002 1.0000000180025095e-35 10.500000000000002 11.500000000000002 11.500000000000002 4.5000000000000009 12.500000000000002 12.500000000000002 5.5000000000000009 2.5000000000000004 1.0000000180025095e-35 2.5000000000000004
decision_type=2 2 2 2 2 2 2 2 2 2 2 2 2 2 2 2 2 2 2 2 2 2 2 2 2 2 2 2 2 2 2 2 2 2 2 2 2 2 2 2 2
left_child=2 3 10 -2 5 -4 -3 -8 30 -10 12 13 16 -12 -14 21 17 18 -1 20 -18 -16 28 36 26 -26 27 -13 34 -30 -7 -32 -25 -34 -6 -36 -24 -38 -9 -40 -41
right_child=1 6 4 -5 22 8 7 38 9 -11 11 24 14 -15 15 -17 19 -19 -20 -21 -22 -23 23 32 25 -27 -28 -29 29 -31 31 -33 33 -35 35 -37 37 -39 39 40 -42
leaf_value=0.01367427202096283 0.025610912931831237 0.0087459694484850158 -0.043322507938752877 -0.013784186805788258 0.05954466072411934 0.085312726638999983 -0.037622767263870996 0.069415073955266207 -0.094382576590511316 0.0033499506838740901 -0.02273945097765194 -0.0081846487750554288 -0.13678018715980492 0.047387364177370453 -0.045134675516067278 -0.045020183446571917 0.0077650691476927498 -0.09389075014941245 0.070711229302938688 0.048933694233907178 -0.051013492110519781 0.074391436474011211 -0.057611076400172309 0.019186223664523154 -0.057743873296287683 0.0045680144654890219 0.064030582456688495 0.031806189615068092 -0.11215449364821098 0.045728554955450126 -0.057715570948770729 0.069898753916509987 -0.089425352826328366 0.0362866567284547 -0.01314501109739497 0.0398112519890996 0.023686337451353297 -0.048409992791578496 -0.046343123980899306 0.091574161969663476 -0.0046584389387621192
leaf_weight=30.55614491738379 45.086756093427539 25.711387034505606 39.820077807642519 71.887371809687465 23.278345940634608 7.9280351549387005 229.59171676402912 5.2504964843392363 6.7166254501789835 16.402263976633549 11.735471514984964 41.921577047556639 3.2414711788296691 114.28158189728856 3.857928913086651 21.27280168607831 46.999064123257995 3.035979524254798 27.598634377121925 14.119981044903396 20.434517126530409 7.048618022352457 19.586487092077732 67.834962342865765 12.134607899934052 41.15041389875114 16.869594775140285 54.067177355289459 5.5968715567141754 6.305200444534421 6.700042359530924 5.8914106786251068 7.4962637405842525 5.5067814290523529 26.107834823429585 35.505527797155082 15.428947955369951 11.446365947835146 14.46751111187041 4.5935734584927586 12.620255326852201
leaf_count=155 201 207 373 785 135 34 3718 38 70 131 54 165 21 359 22 179 280 15 90 69 144 32 192 510 77 200 57 205 68 29 65 28 111 40 182 206 96 128 180 22 129
internal_value=0 -0.0199765 0.0105092 0.00127504 7.76784e-05 -0.0190299 -0.0285335 -0.0321868 0.00280954 -0.0244903 0.0172982 0.0242805 0.0057617 0.0407334 -0.0302059 -0.0188746 0.0147968 0.0340389 0.0410253 0.000167266 -0.0098406 0.0307314 0.00726259 -0.00373002 0.0117053 -0.00936794 0.0217876 0.0141877 0.021871 -0.027363 0.0342878 0.000831857 0.0102612 -0.0350783 0.0289585 0.0171333 -0.0283858 -0.00648405 0.00120391 -0.00968827 0.0202783
internal_weight=0 409.209 777.878 116.974 307.552 83.4585 292.235 266.524 43.6384 23.1189 470.326 292.16 178.165 126.017 35.4208 32.1793 142.744 61.1908 58.1548 81.5536 67.4336 10.9065 224.094 127.3 166.143 53.285 112.858 95.9888 96.7938 11.9021 20.5195 12.5915 80.838 13.003 84.8917 61.6134 46.4618 26.8753 36.9318 31.6813 17.2138
internal_count=9802 5280 4522 986 2398 701 4294 4087 328 201 2124 1117 1007 413 254 233 753 260 245 493 424 54 1697 1077 704 277 427 370 620 97 127 93 661 151 523 388 416 224 369 331 151
is_linear=0
shrinkage=0.0852085


Tree=14
num_leaves=42
num_cat=0
split_feature=43 39 49 39 26 18 42 11 15 46 19 3 43 38 27 47 39 12 3 3 38 3 22 30 28 31 49 19 43 19 7 26 14 3 49 46 46 9 3 49 5
split_gain=30.8996 8.73842 6.95337 9.43968 6.77904 9.48124 7.47026 6.94878 6.68717 6.56188 6.54698 6.99851 6.09724 6.76507 6.08158 6.00036 5.82846 5.38911 5.43644 5.58179 5.35762 5.02085 4.96496 4.88778 5.40492 4.62703 4.56182 5.9343 6.02292 5.30449 5.96836 5.19188 4.52041 4.35856 4.20621 4.1329 4.99319 4.23793 4.12871 4.08991 4.04411
threshold=7.5000000000000009 6.5000000000000009 9.5000000000000018 9.5000000000000018 1.0000000180025095e-35 2.5000000000000004 13.500000000000002 1.0000000180025095e-35 87.500000000000014 95.000000000000014 23.500000000000004 91.500000000000014 1.5000000000000002 15.500000000000002 7.5000000000000009 5.5000000000000009 5.5000000000000009 3.5000000000000004 52.500000000000007 111.50000000000001 85.000000000000014 10.500000000000002 1.0000000180025095e-35 1.0000000180025095e-35 1.0000000180025095e-35 3.5000000000000004 12.500000000000002 3.5000000000000004 9.5000000000000018 53.000000000000007 129.00000000000003 1.0000000180025095e-35 6.5000000000000009 12.500000000000002 12.500000000000002 6.5000000000000009 1.0000000180025095e-35 3.5000000000000004 44.500000000000007 11.500000000000002 8.5000000000000018
decision_type=2 2 2 2 2 2 2 2 2 2 2 2 2 2 2 2 2 2 2 2 2 2 2 2 2 2 2 2 2 2 2 2 2 2 2 2 2 2 2 2 2
left_child=2 15 3 8 5 7 25 12 17 26 -8 40 16 -14 -9 23 -4 18 21 -20 -7 -1 -19 24 -2 34 35 28 -28 -29 -31 -30 -24 -25 38 36 -3 -37 -6 -27 -12
right_child=1 9 4 -5 6 20 10 14 -10 -11 11 -13 13 -15 -16 -17 -18 22 19 -21 -22 -23 32 33 -26 39 27 29 31 30 -32 -33 -34 -35 -36 37 -38 -39 -40 -41 -42
leaf_value=-0.0042026394794564565 0.0056675260943745802 -0.088950318592941446 0.057122987191870638 -0.029871640288118419 0.021512455823799129 0.05450405102253375 0.047503431741869412 -0.051519160174792154 -0.057442747781320962 -0.084469168000450581 -0.077908849775209843 -0.10056600654465274 -0.023487627352854961 0.028525787504175081 0.063015856715016 -0.01854277285005506 -0.013433966691202202 0.034789591507538367 -0.05025332120447433 0.033382128954134595 -0.037676254398007203 0.019863310314900896 0.014457160409834907 -0.026114793485654507 -0.082859287498580347 -0.061361194967577311 -0.10480730187821266 -0.060534907687333932 0.079875610281505208 0.093977151241360898 -0.031994240947446406 -0.03402575827576363 -0.10573616143231357 0.060016290861929972 -0.11681976003593592 -0.050473674105481807 -0.0041089045582297862 0.050499205148664982 -0.08025426502561718 0.016746383478000733 0.044377686033682584
leaf_weight=121.55613011354581 50.696726033464074 5.7719532507471731 43.431633034721017 55.161517984233797 5.7432389408350009 82.655482014641166 29.561432503163815 18.044027358293537 10.978623766452072 16.226928615942597 2.4095899239182499 5.2226150892674914 32.328172424808145 41.012063163332641 4.0021020676940671 127.46527946181595 10.149832266382871 80.855535557493567 23.517606021836404 7.4341928251087657 4.6280494825914493 128.6728249154985 5.7252028100192529 5.1100710919126895 5.5087564159184685 6.459384715184572 1.8981208894401813 15.91139868553728 12.075763206928967 4.3299864456057531 7.0651122154667974 3.5915715210139743 3.552717562764883 20.239538331516087 6.1983286440372458 81.313258968293667 41.83989249356091 2.9602853655815116 5.4659215621650219 19.203246185556054 9.1176487784832698
leaf_count=705 280 194 142 625 33 334 126 140 113 540 24 51 196 204 20 1596 81 415 168 31 58 659 37 41 48 58 33 253 90 26 106 44 35 107 60 1586 324 12 44 118 45
internal_value=0 -0.0191174 0.0100717 0.003013 0.019507 0.0270691 -0.000315617 0.0138573 0.00779941 -0.0322118 0.0232618 -0.0186367 0.0215966 0.00539362 -0.029984 -0.0069527 0.0434775 0.0097738 0.00389843 -0.0296666 0.049432 0.00811359 0.027928 0.010978 -0.00278604 -0.0260139 -0.0273145 -0.00347001 0.0347435 -0.0286129 0.014694 0.0527923 -0.0301687 0.0420509 -0.0599192 -0.0353106 -0.014764 -0.0467303 -0.0268676 -0.00238345 0.0173669
internal_weight=0 402.005 763.087 437.454 325.633 236.251 89.3814 148.968 382.293 192.984 46.3113 16.7499 126.922 73.3402 22.0461 209.02 53.5815 371.314 281.181 30.9518 87.2835 250.229 90.1335 81.5551 56.2055 43.0701 176.757 44.872 17.5655 27.3065 11.3951 15.6673 9.27792 25.3496 17.4075 131.885 47.6118 84.2735 11.2092 25.6626 11.5272
internal_count=9802 5280 4522 2788 1734 1175 559 783 2163 3208 246 120 623 400 160 2072 223 2050 1563 199 392 1364 487 476 328 313 2668 552 167 385 132 134 72 148 137 2116 518 1598 77 176 69
is_linear=0
shrinkage=0.0852085


Tree=15
num_leaves=42
num_cat=0
split_feature=43 47 38 23 38 42 43 19 0 26 13 31 27 46 39 20 7 49 17 39 26 10 1 27 11 27 24 49 6 38 16 48 8 20 14 49 7 38 39 46 48
split_gain=27.2555 10.2971 8.00249 7.81441 9.8314 6.99771 7.10016 5.8471 5.34225 6.89531 6.25585 5.59827 5.22042 5.219 5.16541 5.41596 5.83714 4.98662 5.6582 5.57396 4.96579 3.89351 3.88844 7.09977 5.05615 3.68601 4.71957 6.27422 4.49421 4.04532 4.10382 3.97539 3.52928 7.31995 5.60177 4.4788 3.44531 4.34045 3.0698 4.33846 3.13415
threshold=3.5000000000000004 2.5000000000000004 12.500000000000002 1.0000000180025095e-35 5.5000000000000009 115.00000000000001 7.5000000000000009 4.5000000000000009 3.5000000000000004 1.0000000180025095e-35 6.5000000000000009 4.5000000000000009 6.5000000000000009 135.00000000000003 2.5000000000000004 1.5000000000000002 164.50000000000003 7.5000000000000009 19.500000000000004 13.500000000000002 1.5000000000000002 1.5000000000000002 1.0000000180025095e-35 11.500000000000002 1.5000000000000002 1.0000000180025095e-35 1.5000000000000002 7.5000000000000009 10.500000000000002 7.5000000000000009 1.0000000180025095e-35 3.5000000000000004 1.5000000000000002 1.0000000180025095e-35 1.0000000180025095e-35 1.5000000000000002 233.00000000000003 95.000000000000014 13.500000000000002 35.000000000000007 4.5000000000000009
decision_type=2 2 2 2 2 2 2 2 2 2 2 2 2 2 2 2 2 2 2 2 2 2 2 2 2 2 2 2 2 2 2 2 2 2 2 2 2 2 2 2 2
left_child=13 3 14 8 -5 20 12 -6 9 36 11 -10 -7 17 25 22 -17 19 -19 32 38 -22 24 -24 -16 29 28 -28 -27 31 -31 -3 33 35 -35 -1 37 -2 39 -4 -40
right_child=1 2 5 4 7 6 -8 -9 10 -11 -12 -13 -14 -15 15 16 -18 18 -20 -21 21 -23 23 -25 -26 26 27 -29 -30 30 -32 -33 -34 34 -36 -37 -38 -39 40 -41 -42
leaf_value=0.039455368068707905 0.025526701946336119 -0.033742411133646566 0.016241363253986441 0.047278608418180129 0.034727102729260058 -0.060758033530093694 -0.065626372305756603 -0.066859445411610804 0.023509922444804793 -0.075186528035645753 -0.051161980984539834 0.093995001846750859 0.065307665097777745 -0.088221662467200201 -0.062134151872261137 0.082238713985952588 -0.067186305119195724 0.025981049883996795 -0.089631486622800141 -0.089519516935634563 0.037087598436134711 -0.080562649122471131 -0.017658768159583667 -0.068582455278584253 0.038811938043801703 -0.057492025693770731 0.067796492047189155 -0.080540522925041325 0.013248012478500604 -0.14506132082598946 0.016790000583498964 0.048573194117838128 0.07417031758228039 0.05086917657279702 -0.082132774801850938 0.0047616809192058086 -0.087569608455682874 -0.050599180976526707 -0.068120454094922969 -0.012169351176511592 -0.0075954104290730275
leaf_weight=33.461922954767942 59.879269488155842 5.2522301152348581 62.263398710638285 10.111755009740589 4.7245578747242716 3.66708438657224 25.200660998933017 24.181144540198147 17.689210775308311 6.7418802371248594 4.115592570975422 16.496749605983496 6.4104028940200806 3.3944211490452281 56.456553025171161 5.6084610968828184 2.7333747278898954 254.88935419358313 3.0227688923478118 4.2269360767677417 31.992659606039524 2.0774851702153674 94.622565004043281 25.67853469401598 3.639067953452467 24.682938176207244 7.4974032137542945 2.754351980984211 8.4134874250739795 2.0658127553760997 2.159306887537241 18.859584655612707 5.8225255943834773 2.7549132108688346 10.688813436776398 147.55853245034814 2.2253241222351781 5.8334731543436638 10.8277246914804 104.0356716113165 16.066504181362689
leaf_count=153 352 61 558 41 28 59 682 274 111 69 48 65 44 35 812 24 35 1248 28 67 257 26 1170 415 40 320 46 39 78 16 13 118 25 11 81 839 23 92 225 950 224
internal_value=0 -0.0109413 -0.0166248 0.00851375 -0.0241757 -0.00605206 -0.0413468 -0.049716 0.0199394 0.00642879 0.0458624 0.05802 0.0179004 0.0158534 -0.0272237 -0.0346409 0.0314122 0.0166561 0.0245565 0.00661712 -0.00050197 0.0294021 -0.0377837 -0.0286692 -0.0557537 -0.00747887 -0.0232366 0.0263519 -0.0390608 0.0160963 -0.0593349 0.0299992 0.00873547 0.00668675 -0.0537059 0.0112638 0.0147815 0.0185184 -0.00585745 -0.00144085 -0.0325744
internal_weight=0 674.964 522.965 151.999 39.0175 262.542 35.2781 28.9057 112.981 74.6799 38.3016 34.186 10.0775 465.82 260.424 188.739 8.34184 462.426 257.912 204.514 227.263 34.0701 180.397 120.301 60.0956 71.6851 43.3482 10.2518 33.0964 28.3369 4.22512 24.1118 200.287 194.464 13.4437 181.02 67.9381 65.7127 193.193 166.299 26.8942
internal_count=9802 7315 6212 1103 343 3025 785 302 760 536 224 176 103 2487 3187 2496 59 2452 1276 1176 2240 283 2437 1585 852 691 483 85 398 208 29 179 1109 1084 92 992 467 444 1957 1508 449
is_linear=0
shrinkage=0.0852085


Tree=16
num_leaves=42
num_cat=0
split_feature=43 47 39 3 43 3 12 38 46 39 47 6 49 31 3 42 10 48 0 28 43 47 2 18 24 15 3 38 17 12 46 19 2 31 35 38 5 48 19 48 1
split_gain=24.1436 6.22883 5.84666 5.95866 7.58613 6.26395 6.54739 5.93691 5.31574 4.8055 4.45797 4.37789 4.1475 5.62366 4.46655 4.14484 4.12178 4.10846 4.04645 4.56429 3.94496 5.2856 5.69465 4.66404 4.44919 4.30357 3.83943 4.64624 4.05737 3.8641 3.9696 3.78888 3.69767 3.59874 5.02576 6.89189 5.61042 4.22294 5.1388 3.43119 3.35353
threshold=7.5000000000000009 6.5000000000000009 4.5000000000000009 3.5000000000000004 1.5000000000000002 11.500000000000002 1.5000000000000002 7.5000000000000009 7.5000000000000009 5.5000000000000009 2.5000000000000004 2.5000000000000004 10.500000000000002 7.5000000000000009 8.5000000000000018 85.000000000000014 1.0000000180025095e-35 1.5000000000000002 1.0000000180025095e-35 1.5000000000000002 1.0000000180025095e-35 2.5000000000000004 1.5000000000000002 1.0000000180025095e-35 1.0000000180025095e-35 51.000000000000007 34.500000000000007 65.000000000000014 2.5000000000000004 2.5000000000000004 65.000000000000014 57.500000000000007 2.5000000000000004 1.0000000180025095e-35 1.0000000180025095e-35 25.000000000000004 2.5000000000000004 2.5000000000000004 3.5000000000000004 3.5000000000000004 2.5000000000000004
decision_type=2 2 2 2 2 2 2 2 2 2 2 2 2 2 2 2 2 2 2 2 2 2 2 2 2 2 2 2 2 2 2 2 2 2 2 2 2 2 2 2 2
left_child=2 9 3 4 7 6 12 -1 40 16 11 15 13 -5 -14 -6 -2 -10 19 -4 24 22 -22 -24 -20 -26 27 28 -7 30 -28 -21 -29 37 35 -35 -36 -19 -39 -11 -3
right_child=1 8 18 5 10 26 -8 -9 17 39 -12 -13 14 -15 -16 -17 -18 33 20 31 21 -23 23 -25 25 -27 29 32 -30 -31 -32 -33 -34 34 36 -37 -38 38 -40 -41 -42
leaf_value=0.023905773974523481 0.0019745483923232819 0.019104620099948563 -0.027280597899554483 -0.063368682928867825 -0.033841640738839086 0.016191485918844128 0.05178208071016413 0.084128405054126637 -0.072979205251150689 -0.05193895894974887 0.028224602966520292 -0.12788989927900998 0.029708401802577892 0.0071077945972477146 -0.059296242999313555 0.078887568679802317 0.055922399770737811 0.047671699012563067 -0.078314246463463077 0.063477692404757452 0.070098143648463077 0.00014300283614171894 0.047809682795889104 -0.0089890346302265375 0.016100822694422933 -0.089371900868450815 -0.032654434178236644 -0.097959526015922158 0.04970188171770841 0.014478272005891737 0.029519794892196881 -0.02429098017226558 0.032405225340697154 -0.06434624308293635 -0.070629477036609753 -0.010406010946790296 0.0095927451936850573 -0.0067950283619188619 -0.081157253698661461 -0.0080626751351558432 -0.02767082841765885
leaf_weight=22.635699715465307 70.451212322339416 27.44334136787802 61.861119102686644 25.681646790355444 9.9711233377456647 58.771738618612289 9.5199337489902955 27.274627473205328 16.701985099818558 18.51778361806646 29.536072129383683 2.6181624270975581 15.490019738674166 11.542146893218158 5.4849626049399367 3.0420586019754401 12.149093190208076 7.7525242092087856 7.9047500286251333 8.2751574553549272 18.576384332031012 130.6208297945559 17.116966858506203 26.22858898434788 15.914222624152901 3.3678324101492754 28.52453401684761 3.6876390352845183 50.267378579825163 124.70152829773724 9.8276700973510724 5.9299037773162118 2.4955572411417961 57.737656907178462 8.1915727676823717 25.523485461249948 26.661236519459635 41.034961252007633 8.1946044974029046 46.583937851712108 18.668819509446621
leaf_count=98 440 283 599 169 47 259 38 74 363 325 140 20 66 67 33 9 58 113 104 43 70 1075 87 182 124 55 180 35 186 634 56 59 13 1041 176 508 385 580 180 616 212
internal_value=0 -0.017274 0.00904006 0.0152557 0.0342108 0.0100008 -0.0131152 0.0571504 -0.0258158 -0.00341104 0.00850708 -0.0277727 -0.0240121 -0.041126 0.00566228 -0.00620502 0.0101103 -0.03206 -0.000178307 -0.0171613 0.00563431 0.00998083 0.0304797 0.013114 -0.024572 -0.00166624 0.0156809 0.0276311 0.0317879 0.00714035 -0.0163197 0.0258134 -0.0430376 -0.0280581 -0.0365911 -0.0480019 -0.00888126 -0.0100964 -0.0195242 -0.0207936 0
internal_weight=0 385.612 736.868 441.072 95.0777 345.995 67.7187 49.9103 237.91 147.702 45.1674 15.6313 58.1988 37.2238 20.975 13.0132 82.6003 191.798 295.796 76.0662 219.73 192.543 61.9219 43.3456 27.1868 19.2821 278.276 115.222 109.039 163.054 38.3522 14.2051 6.1832 175.096 118.114 83.2611 34.8528 56.9821 49.2296 65.1017 46.1122
internal_count=9802 5280 4522 2124 388 1736 373 172 3841 1439 216 76 335 236 99 56 498 3346 2398 701 1697 1414 339 269 283 179 1363 493 445 870 236 102 48 2983 2110 1549 561 873 760 941 495
is_linear=0
shrinkage=0.0852085


Tree=17
num_leaves=42
num_cat=0
split_feature=43 47 12 38 46 7 39 38 42 39 43 15 12 43 44 3 30 11 48 15 44 49 38 39 42 7 27 30 13 14 0 3 47 18 49 43 16 12 13 39 30
split_gain=19.3856 8.89672 5.95052 5.85211 6.86981 6.16767 4.94541 5.57553 5.49014 5.35144 5.10199 4.86741 9.65589 4.6361 10.0592 5.19184 4.62905 4.62214 5.1844 4.40571 4.26173 3.84393 4.81881 4.18417 3.8344 3.8144 6.09802 3.65881 3.60369 4.94462 4.64679 5.37829 4.7981 3.94573 4.66059 3.93228 3.6544 3.46212 3.36966 7.57939 3.6573
threshold=3.5000000000000004 1.5000000000000002 1.0000000180025095e-35 35.000000000000007 2.5000000000000004 1.5000000000000002 3.5000000000000004 6.5000000000000009 6.5000000000000009 1.0000000180025095e-35 14.500000000000002 35.500000000000007 3.5000000000000004 1.0000000180025095e-35 -1.0000000180025095e-35 3.5000000000000004 2.5000000000000004 1.5000000000000002 7.5000000000000009 70.500000000000014 -1.0000000180025095e-35 11.500000000000002 5.5000000000000009 9.5000000000000018 115.00000000000001 78.500000000000014 3.5000000000000004 1.5000000000000002 1.0000000180025095e-35 1.0000000180025095e-35 1.5000000000000002 11.500000000000002 8.5000000000000018 2.5000000000000004 3.5000000000000004 1.5000000000000002 1.5000000000000002 1.0000000180025095e-35 1.5000000000000002 4.5000000000000009 3.5000000000000004
decision_type=2 2 2 2 2 2 2 2 2 2 2 2 2 2 2 2 2 2 2 2 2 2 2 2 2 2 2 2 2 2 2 2 2 2 2 2 2 2 2 2 2
left_child=13 3 38 4 5 -2 7 10 11 -9 -4 12 -8 14 15 37 20 18 19 -17 24 23 -23 -10 -5 -19 -27 -20 30 -30 31 32 35 34 -32 -15 -35 -1 40 -40 -3
right_child=1 2 6 16 -6 -7 8 9 21 -11 -12 -13 -14 28 -16 17 -18 25 27 -21 -22 22 -24 -25 -26 26 -28 -29 29 -31 33 -33 -34 36 -36 -37 -38 -39 39 -41 -42
leaf_value=0.036977323732480694 0.052890752177833691 -0.030434782945268513 -0.0078777300125446436 0.0358168236472736 0.052934178641068974 -0.034307955939630125 -0.001890226169743705 -0.065577860940964017 -0.016642438292382274 0.029496485577507513 -0.12440229567460584 -0.034666954962866071 0.1039515663321189 0.040048960853684527 -0.099569276785147376 -0.018129446451279341 -0.093081074533941002 0.093374556322350435 0.0051312618658689415 -0.11323389929591916 -0.034597317346531355 -0.084470779603282239 0.0055638187832168767 -0.050023291326734762 -0.054337666728574346 -0.10687808586961053 0.03055092287448375 0.097437831175998538 0.053787445347485342 0.019671053961943526 0.029515042768145001 0.059229976664748392 -0.07988347947838248 0.091858314119928161 -0.09506802067549576 -0.0046685054635911237 -0.029752657477167793 -0.051651477814047671 0.056277102175185868 -0.049517257284753494 0.024070324389490652
leaf_weight=43.22748080920428 8.9413939593359846 192.89862483553588 34.713686497882009 21.037210515234623 37.446477274410427 16.96905528055504 17.43134882114828 4.4867286905646315 80.359775526914746 64.360478147864342 2.9735187124460927 9.7676997762173396 9.5010993480682355 21.804632116109133 6.7397275045514098 64.522965604439378 4.3879220318049184 5.2688838988542583 13.821729874238374 3.798252794891595 16.705455933697522 4.6578949186950913 53.026265497785062 43.051318331621587 3.9483112730085841 2.6756005883216885 16.48739412240684 4.1543860249221316 39.996902264654636 149.10739049687982 2.6950874403119114 16.440571285784245 4.4841502252966157 2.8379144594073287 8.4575088545680028 39.872163018211722 4.525462344288826 3.2914864942431441 10.948563385754825 8.7932451847009343 9.0387410102412087
leaf_count=221 46 2442 355 171 159 170 131 64 1106 353 51 95 30 98 65 488 72 21 71 57 184 85 598 837 78 24 113 11 150 751 12 62 39 8 60 195 28 13 63 129 96
internal_value=0 -0.00937519 -0.0138327 0.012725 0.0295837 -0.00360899 -0.00641478 0.00854087 -0.0137994 0.023054 -0.0175709 0.0160157 0.0349736 0.0135285 0.00197379 0.00644152 -0.0101344 -0.00347402 -0.0128586 -0.0236887 -0.000977492 -0.0199263 -0.00149073 -0.0284191 0.0209171 0.0290327 0.010429 0.0274377 0.0200047 0.0269744 0.00681745 0.0155885 0.00449291 -0.03146 -0.0636218 0.0109103 0.0152904 0.0303515 -0.0246152 0.00839201 -0.0279173
internal_weight=0 655.445 546.009 109.436 63.3569 25.9104 324.33 106.534 217.795 68.8472 37.6872 36.7001 26.9324 454.21 163.988 157.248 46.0789 110.729 86.2973 68.3212 41.691 181.095 57.6842 123.411 24.9855 24.4319 19.163 17.9761 290.222 189.104 101.117 82.6015 66.1609 18.516 11.1526 61.6768 7.36338 46.519 221.679 19.7418 201.937
internal_count=9802 7315 6435 880 375 216 3705 823 2882 417 406 256 161 2487 1084 1019 505 785 627 545 433 2626 683 1943 249 158 137 82 1403 901 502 394 332 108 72 293 36 234 2730 192 2538
is_linear=0
shrinkage=0.0852085


end of trees

feature_importances:
result_1=74
ninki_1=58
ninki_2=49
result_3=49
result_2=46
ninki_3=45
f_courseout=41
umaban=36
f_lenout=31
mf_courseout=21
f_classout=20
mf_classout=18
f_len1=17
waku=17
f_course1=15
mf_classout.1=15
mf_course3=13
mf_course2=11
f_course2=10
f_course3=10
f_mf_course2=10
f_mf_len1=10
mf_class3=10
f_class3=9
f_len2=8
f_len3=8
mf_len2=8
mf_len3=8
mf_len1=7
mf_class1=7
f_mf_class2=7
f_mf_courseout=6
f_class1=6
f_mf_len3=5
f_mf_classout=5
f_class2=5
f_mf_classout.1=5
mf_class2=4
mf_course1=3
f_mf_len2=3
f_mf_course1=2
f_mf_course3=2
time_df_course3=2
f_mf_class1=1
time_df_course1=1

parameters:
[boosting: gbdt]
[objective: lambdarank]
[metric: ndcg]
[tree_learner: serial]
[device_type: cpu]
[data_sample_strategy: bagging]
[data: ]
[valid: ]
[num_iterations: 187]
[learning_rate: 0.0852085]
[num_leaves: 42]
[num_threads: 16]
[seed: 0]
[deterministic: 0]
[force_col_wise: 1]
[force_row_wise: 0]
[histogram_pool_size: -1]
[max_depth: 7]
[min_data_in_leaf: 14]
[min_sum_hessian_in_leaf: 0.001]
[bagging_fraction: 1]
[pos_bagging_fraction: 1]
[neg_bagging_fraction: 1]
[bagging_freq: 0]
[bagging_seed: 7719]
[feature_fraction: 1]
[feature_fraction_bynode: 1]
[feature_fraction_seed: 2437]
[extra_trees: 0]
[extra_seed: 11797]
[early_stopping_round: 0]
[first_metric_only: 0]
[max_delta_step: 0]
[lambda_l1: 0.176138]
[lambda_l2: 0.033231]
[linear_lambda: 0]
[min_gain_to_split: 0]
[drop_rate: 0.1]
[max_drop: 50]
[skip_drop: 0.5]
[xgboost_dart_mode: 0]
[uniform_drop: 0]
[drop_seed: 21238]
[top_rate: 0.2]
[other_rate: 0.1]
[min_data_per_group: 100]
[max_cat_threshold: 32]
[cat_l2: 10]
[cat_smooth: 10]
[max_cat_to_onehot: 4]
[top_k: 20]
[monotone_constraints: ]
[monotone_constraints_method: basic]
[monotone_penalty: 0]
[feature_contri: ]
[forcedsplits_filename: ]
[refit_decay_rate: 0.9]
[cegb_tradeoff: 1]
[cegb_penalty_split: 0]
[cegb_penalty_feature_lazy: ]
[cegb_penalty_feature_coupled: ]
[path_smooth: 0]
[interaction_constraints: ]
[verbosity: -1]
[saved_feature_importance_type: 0]
[use_quantized_grad: 0]
[num_grad_quant_bins: 4]
[quant_train_renew_leaf: 0]
[stochastic_rounding: 1]
[linear_tree: 0]
[max_bin: 255]
[max_bin_by_feature: ]
[min_data_in_bin: 3]
[bin_construct_sample_cnt: 200000]
[data_random_seed: 38]
[is_enable_sparse: 1]
[enable_bundle: 1]
[use_missing: 1]
[zero_as_missing: 0]
[feature_pre_filter: 1]
[pre_partition: 0]
[two_round: 0]
[header: 0]
[label_column: ]
[weight_column: ]
[group_column: ]
[ignore_column: ]
[categorical_feature: ]
[forcedbins_filename: ]
[precise_float_parser: 0]
[parser_config_file: ]
[objective_seed: 8855]
[num_class: 1]
[is_unbalance: 0]
[scale_pos_weight: 1]
[sigmoid: 1]
[boost_from_average: 1]
[reg_sqrt: 0]
[alpha: 0.9]
[fair_c: 1]
[poisson_max_delta_step: 0.7]
[tweedie_variance_power: 1.5]
[lambdarank_truncation_level: 30]
[lambdarank_norm: 1]
[label_gain: ]
[lambdarank_position_bias_regularization: 0]
[eval_at: 1,3,5]
[multi_error_top_k: 1]
[auc_mu_weights: ]
[num_machines: 1]
[local_listen_port: 12400]
[time_out: 120]
[machine_list_filename: ]
[machines: ]
[gpu_platform_id: -1]
[gpu_device_id: -1]
[gpu_use_dp: 0]
[num_gpu: 1]

end of parameters

pandas_categorical:[]
