tree
version=v4
num_class=1
num_tree_per_iteration=1
label_index=0
max_feature_idx=50
objective=lambdarank
feature_names=f_course1 f_course2 f_course3 f_courseout mf_course1 mf_course2 mf_course3 mf_courseout f_mf_course1 f_mf_course2 f_mf_course3 f_mf_courseout f_len1 f_len2 f_len3 f_lenout mf_len1 mf_len2 mf_len3 mf_classout f_mf_len1 f_mf_len2 f_mf_len3 f_mf_classout f_class1 f_class2 f_class3 f_classout mf_class1 mf_class2 mf_class3 mf_classout.1 f_mf_class1 f_mf_class2 f_mf_class3 f_mf_classout.1 time_df_course1 time_df_class1 ninki_1 result_1 time_df_course2 time_df_class2 ninki_2 result_2 time_df_course3 time_df_class3 ninki_3 result_3 waku umaban self_popularity
feature_infos=[-1:68] [-1:37] [-1:45] [-1:331] [-1:53] [-1:45] [-1:43] [-1:419] [-1:8] [-1:6] [-1:5] [-1:24] [-1:20] [-1:20] [-1:19] [-1:154] [-1:34] [-1:26] [-1:22] [-1:232] [-1:7] [-1:6] [-1:5] [-1:17] [-1:11] [-1:11] [-1:10] [-1:68] [-1:15] [-1:11] [-1:10] [-1:112] [-1:5] [-1:3] [-1:3] [-1:10] [-1:0] [-1:0] [-1:180] [-1:140] [-1:0] [-1:0] [-1:180] [-1:180] [-1:0] [-1:0] [-1:180] [-1:180] [1:8] [1:16] [-1:16]
tree_sizes=4668 4691 4681 4662 4693 4673 4688 4677 4682 4677 4700 4689 4654

Tree=0
num_leaves=43
num_cat=0
split_feature=50 43 50 50 21 50 39 42 49 39 29 26 14 50 38 47 50 31 38 15 47 47 15 39 38 30 15 49 39 42 38 39 15 14 1 39 19 46 47 14 46 39
split_gain=328.126 69.7883 27.358 26.9189 18.3727 15.5369 13.9725 13.1622 13.0582 15.3064 13.857 10.4568 11.3382 9.81665 9.74696 12.2634 12.3191 9.07708 8.25049 7.95677 7.98832 7.89424 9.00782 7.83107 7.25767 7.2222 7.12269 10.3687 6.64511 6.55963 9.1862 10.094 9.6489 9.45645 6.53629 6.16255 6.12795 6.02544 5.80585 6.7833 10.9928 5.68686
threshold=8.5000000000000018 7.5000000000000009 3.5000000000000004 12.500000000000002 1.0000000180025095e-35 11.500000000000002 16.500000000000004 8.5000000000000018 2.5000000000000004 9.5000000000000018 1.0000000180025095e-35 1.5000000000000002 2.5000000000000004 7.5000000000000009 12.500000000000002 2.5000000000000004 6.5000000000000009 1.5000000000000002 10.500000000000002 1.0000000180025095e-35 13.500000000000002 14.500000000000002 6.5000000000000009 6.5000000000000009 115.00000000000001 2.5000000000000004 81.000000000000014 9.5000000000000018 14.500000000000002 105.00000000000001 16.500000000000004 2.5000000000000004 17.500000000000004 1.5000000000000002 1.0000000180025095e-35 15.500000000000002 16.500000000000004 13.500000000000002 13.500000000000002 8.5000000000000018 8.5000000000000018 10.500000000000002
decision_type=2 2 2 2 2 2 2 2 2 2 2 2 2 2 2 2 2 2 2 2 2 2 2 2 2 2 2 2 2 2 2 2 2 2 2 2 2 2 2 2 2 2
left_child=2 3 23 4 25 8 13 36 10 11 18 12 17 14 15 -4 37 21 -3 -15 24 22 -10 -1 41 28 29 -28 38 30 31 32 -9 -32 35 -25 -7 -17 39 40 -2 -21
right_child=1 5 6 -5 -6 7 -8 26 9 -11 -12 -13 -14 19 -16 16 -18 -19 -20 20 -22 -23 -24 34 -26 -27 27 -29 -30 -31 33 -33 -34 -35 -36 -37 -38 -39 -40 -41 -42 -43
leaf_value=0.0516839576032554 0.030250515254406293 -0.04899158080814732 0.040822069299402367 -0.063083849735971087 -0.10984713436662051 0.031641471545788946 -0.081468445144337875 -0.097635588921437394 -0.0133621201033404 -0.10208922596598229 -0.12337435726638155 -0.1219834951671746 0.018151915648669727 -0.092807700791617181 0.03417599909384305 -0.00020784407080933311 -0.047957837463970573 -0.088751545681250654 0.057399642045501235 0.020771407917019181 -0.10750720085618051 0.058118828347903974 -0.12096903597576145 -0.030699153589314129 -0.094099108903867149 -0.056387716689163501 -0.12293910740405711 0.046791338294455982 -0.079428690400524318 -0.12041391713261011 -0.014473673950779321 -0.108067829104307 0.021039611910678564 -0.12388272364778566 0.036740676032342712 0.072293683104626694 -0.10152290974833439 0.045255155067771162 0.07817530039725612 0.064844419432846759 -0.021095120254114082 -0.037208947279325305
leaf_weight=173.94774520024657 36.47727586235851 4.030930399894717 36.183405801653862 30.450533766299486 5.1640880312770596 5.2142671383917323 5.5010305410251013 5.5495126806199533 11.138562390580775 25.645768170244992 2.9473734609782687 5.7929083742201319 12.415911309421061 3.6827668081969014 154.21323717571795 50.936512679792941 18.380862878635526 14.620268343016503 9.5117954257875663 43.697059656493366 2.4721394162625066 3.7260279320180407 4.1792454384267321 11.708820573054252 2.6203981209546319 5.7591496277600518 2.3570863083004943 3.3924195058643818 2.7360751554369918 28.933429660275578 11.978746341541411 50.140503287315369 5.1195926144719124 4.1556075084954491 51.80066707637161 2.7847046917304388 1.7891366928815839 14.656912798993288 6.0022186413407317 9.1070148386061174 29.471563598141074 7.7622353155165902
leaf_count=1386 300 53 307 439 93 42 90 87 121 407 53 101 109 65 1363 569 251 227 57 394 45 20 72 168 43 86 43 26 40 501 130 827 46 79 469 17 31 120 28 53 346 98
internal_value=0 -0.0490233 0.0285365 -0.0119411 0.00450518 -0.0708409 0.0171111 -0.0859186 -0.0517789 -0.0625303 -0.00114638 -0.0428984 -0.0328518 0.018743 0.0237645 0.0103871 -0.00272463 -0.0516952 0.0256086 -0.00411205 0.0016952 -0.0230836 -0.0429911 0.044702 0.0067704 0.0111499 -0.0911377 -0.0229047 0.0158254 -0.0948242 -0.0851395 -0.0962942 -0.0406961 -0.042918 0.0263489 -0.0107145 -0.00253684 0.00995164 0.0190855 0.0143129 0.00728897 0.0119856
internal_weight=0 337.807 580.348 125.168 94.7174 212.639 340.107 118.63 94.0088 77.5187 16.4901 51.8729 46.08 334.606 274.371 120.158 83.9743 33.6641 13.5427 60.2346 56.5518 19.0438 15.3178 240.242 54.0797 89.5533 111.627 5.74951 83.7941 105.877 76.944 60.8096 10.6691 16.1344 66.2942 14.4935 7.0034 65.5934 81.0581 75.0559 65.9488 51.4593
internal_count=9802 4417 5385 1385 946 3032 3345 1812 1220 1057 163 650 549 3255 2610 1247 940 440 110 645 580 213 193 2040 535 853 1739 69 767 1670 1169 960 133 209 654 185 73 689 727 699 646 492
is_linear=0
shrinkage=0.0625684


Tree=1
num_leaves=43
num_cat=0
split_feature=50 39 42 38 49 43 42 13 50 47 31 3 11 38 13 11 6 47 39 47 43 27 15 19 3 50 38 47 4 46 38 43 49 50 43 42 47 39 49 31 35 19
split_gain=38.5167 25.8544 23.7118 25.1744 23.186 23.1016 18.2583 21.6543 17.2443 16.2326 17.0175 15.7794 17.9571 14.9716 21.0422 19.2396 18.1673 19.1826 24.1343 18.9739 17.4386 17.0184 17.6009 16.2492 23.4098 16.2151 14.866 16.2618 16.6763 19.6165 15.7638 14.842 26.51 25.6273 20.5156 17.8507 14.3741 15.8094 14.9051 15.0787 14.2571 14.2369
threshold=12.500000000000002 9.5000000000000018 11.500000000000002 16.500000000000004 7.5000000000000009 7.5000000000000009 85.000000000000014 10.500000000000002 8.5000000000000018 10.500000000000002 35.500000000000007 2.5000000000000004 1.0000000180025095e-35 10.500000000000002 7.5000000000000009 5.5000000000000009 1.0000000180025095e-35 13.500000000000002 1.5000000000000002 11.500000000000002 13.500000000000002 6.5000000000000009 44.500000000000007 136.50000000000003 149.50000000000003 10.500000000000002 125.00000000000001 1.0000000180025095e-35 1.0000000180025095e-35 35.000000000000007 15.500000000000002 5.5000000000000009 1.5000000000000002 5.5000000000000009 8.5000000000000018 12.500000000000002 3.5000000000000004 2.5000000000000004 12.500000000000002 15.500000000000002 1.0000000180025095e-35 1.5000000000000002
decision_type=2 2 2 2 2 2 2 2 2 2 2 2 2 2 2 2 2 2 2 2 2 2 2 2 2 2 2 2 2 2 2 2 2 2 2 2 2 2 2 2 2 2
left_child=1 13 -2 -4 9 11 -5 -8 -7 26 -11 -6 41 14 31 16 17 18 -15 20 -18 -21 -23 -17 -25 -16 27 -3 29 30 -29 33 -33 36 40 -35 38 -38 -1 -40 -34 -13
right_child=2 4 3 6 5 8 7 -9 -10 10 -12 12 -14 15 25 23 19 -19 -20 21 -22 22 -24 24 -26 -27 -28 28 -30 -31 -32 32 34 35 -36 -37 37 -39 39 -41 -42 -43
leaf_value=-0.001839051504000635 0.0073466685875929107 -0.081172235594002815 -0.094502972731810714 0.025267701118609827 -0.065973125711553698 -0.0072191463767364954 -0.082076301035273191 0.073444430088605059 -0.07924279245302307 -0.069889816618232264 0.063254116672630589 -0.024467850180327218 -0.0046731689258321281 -0.055842779899710468 -0.049222279439933549 -0.068688291547378003 0.016686152566754722 -0.080003920443831367 0.0095473715314677854 0.065782486118227998 -0.070251496638463529 -0.10693181234156299 0.043858579411020851 -0.057947467711182941 0.072670834348250765 0.049655728769239099 0.035338309924288373 6.5781551670469627e-05 -0.035660036664850951 -0.098019744037212378 0.09419018103699256 -0.085270618164302467 -0.021383232910641876 0.045480950072178027 0.0063609749709552608 -0.050927460954905968 0.054844404083979441 -0.0056464815084321497 -0.087056712275964496 0.01146187123668657 -0.10817499642151629 0.068810912865778839
leaf_weight=135.14042583107948 34.934716647025198 17.486673416569829 34.556691446341574 17.999060374684632 6.8223312189802519 79.978731315582991 21.529621019959453 4.1509619746357194 15.523490332067011 46.517195401713252 4.05395284295082 7.4503755681216708 31.228711921721697 24.572553243488073 51.947874677367508 21.241854124702513 501.19384685251862 11.419913247227667 216.49458302743733 54.301151648163795 9.1615391112864 4.9160064458847028 7.7759902290999889 10.524752540513875 10.8978827111423 7.3814980927854768 18.028466111049056 16.72685109637678 57.7388900462538 4.7062602685764423 11.932623349130152 16.252970715984702 74.204144114628434 92.615912950597703 226.56683021504432 8.1448110388591868 33.174114402383566 34.400329196825624 17.501049362123016 9.2725804150104505 8.213712487369774 44.320380860473961
leaf_count=334 392 114 761 162 52 408 511 23 331 339 15 47 164 108 222 106 1585 47 676 138 59 42 27 54 35 26 73 104 358 29 25 110 333 348 1132 56 62 106 69 19 62 138
internal_value=0 0.00205993 -0.0354808 -0.0546137 -0.0130146 0.0024526 -0.0229827 -0.0568328 -0.0189613 -0.0291956 -0.0591602 0.0252317 0.0327652 0.00550359 -0.00120841 0.0110037 0.0131117 -0.000883342 0.00287063 0.0192336 0.0151189 0.0505402 -0.014586 -0.0299496 0.00845694 -0.0368808 -0.0172068 -0.0259487 -0.0153113 0.0198691 0.0393575 0.00202036 -0.00746445 0.0113644 -0.00335946 0.0376628 -0.000181218 0.024046 -0.0103021 -0.052923 -0.0300863 0.0553585
internal_weight=0 1949.83 113.171 78.2363 362.515 185.324 43.6796 25.6806 95.5022 177.191 50.5711 89.8218 82.9995 1587.32 714.816 872.5 829.836 252.487 241.067 577.349 510.355 66.9931 12.692 42.6645 21.4226 59.3294 126.62 108.591 91.1046 33.3657 28.6595 655.487 325.238 330.249 308.985 100.761 229.488 67.5744 161.914 26.7736 82.4179 51.7708
internal_count=9802 7953 1849 1457 2197 1140 696 534 739 1057 354 401 349 5756 2879 2877 2682 831 784 1851 1644 207 69 195 89 248 703 630 516 158 129 2631 1637 994 1527 404 590 168 422 88 395 185
is_linear=0
shrinkage=0.0625684


Tree=2
num_leaves=43
num_cat=0
split_feature=50 24 30 47 39 38 13 12 3 49 49 0 15 11 48 42 39 12 13 50 19 28 2 31 49 17 30 38 27 2 26 43 6 2 19 13 42 15 31 4 48 0
split_gain=40.4192 23.8698 21.1172 18.044 17.7179 17.8875 15.3243 14.5994 21.37 14.4826 17.9718 14.4781 11.9809 11.4991 11.3757 11.2981 29.1707 19.7756 17.7218 22.3957 25.0986 16.2583 35.6551 15.9075 13.9087 23.2838 21.859 17.1458 16.0656 18.0953 13.3637 12.1573 11.9516 10.9242 10.817 10.8121 12.775 10.3615 10.3349 13.5684 12.6536 10.4689
threshold=12.500000000000002 6.5000000000000009 1.5000000000000002 7.5000000000000009 17.500000000000004 15.500000000000002 7.5000000000000009 1.5000000000000002 46.500000000000007 6.5000000000000009 2.5000000000000004 1.0000000180025095e-35 27.500000000000004 8.5000000000000018 5.5000000000000009 125.00000000000001 9.5000000000000018 12.500000000000002 3.5000000000000004 5.5000000000000009 55.500000000000007 1.5000000000000002 1.0000000180025095e-35 20.500000000000004 6.5000000000000009 1.0000000180025095e-35 1.0000000180025095e-35 35.000000000000007 23.500000000000004 13.500000000000002 1.5000000000000002 15.500000000000002 1.0000000180025095e-35 5.5000000000000009 1.0000000180025095e-35 12.500000000000002 7.5000000000000009 2.5000000000000004 1.5000000000000002 3.5000000000000004 3.5000000000000004 2.5000000000000004
decision_type=2 2 2 2 2 2 2 2 2 2 2 2 2 2 2 2 2 2 2 2 2 2 2 2 2 2 2 2 2 2 2 2 2 2 2 2 2 2 2 2 2 2
left_child=1 4 3 11 5 6 7 -1 -9 10 -8 14 -10 35 -2 18 17 38 19 20 23 22 31 34 25 32 28 -27 29 -26 -23 -21 -20 -28 -7 36 -5 -24 41 -40 -41 -17
right_child=2 -3 -4 13 -6 15 9 8 12 -11 -12 -13 -14 -15 -16 16 -18 -19 24 21 -22 30 37 -25 26 27 33 -29 -30 -31 -32 -33 -34 -35 -36 -37 -38 -39 39 40 -42 -43
leaf_value=-0.0094709968415455422 -0.11696269291017508 0.055589093076822832 -0.10049050638526294 0.035038277574535655 -0.07055495623968927 -0.019727449226450148 -0.10896545181002625 0.02542398127445614 -0.067903960101392907 -0.079121839190815446 0.023158467620182109 0.024277778755320698 -0.0030766094016689578 0.09072659237327968 0.013461758708712053 -0.021729547266964685 -0.11402976632176819 0.10181105273521868 -0.029198201020280423 -0.023198972939401707 -0.030991356940911572 0.06603705406032917 0.07421713279065463 0.071451359769870881 -0.038582206351425077 -0.0040484134917929907 -0.030158271888815692 -0.084938564929305654 -0.10393671709246548 0.039736837024704222 -0.029132570287654522 0.08977003885735059 0.064303133151248845 0.041258989718872853 0.01341322867884172 0.043402499303768896 -0.072516501757075635 0.029213611481729063 -0.12106492631169233 -0.10075578673658628 0.019218831481972374 0.054918739132746822
leaf_weight=486.38721360918134 5.8825101852416974 32.306504244916141 16.760039359331131 4.748581124469637 13.282468575984238 45.588876850903034 5.1766896191984442 143.77641867147759 12.119354947470127 20.527889260090888 17.754116671159863 34.645554014015943 137.44672908913344 2.1986423125490537 4.6604170962236822 15.378928139805796 10.21184606477618 6.6410315297543994 9.5524985641241091 68.425325908698142 65.476056311279535 54.425338818691671 23.190071575343609 16.448506411164999 30.813892021775246 15.993542743846772 9.8629197767004353 28.740013201721013 8.1571203991770727 18.419871558435261 6.4255245281383386 3.9086114000529042 12.063972050324081 54.563684153370559 248.30229563824832 4.0731138791888943 44.965727645438164 148.72193025704473 6.3625320531427887 4.7305970545858171 12.343590902164577 12.698410626500843
leaf_count=2470 117 83 358 24 157 167 47 581 94 197 101 314 644 11 52 68 111 11 51 400 241 170 56 30 142 55 56 176 44 61 45 10 34 168 679 20 953 626 50 37 55 36
internal_value=0 0.00231746 -0.0354837 -0.0246747 0.00134563 0.00189001 -0.0048391 -0.00282132 0.00820046 -0.0409867 -0.00673441 0.00471455 -0.00835087 -0.0484045 -0.0593426 0.00780011 -0.0166786 0.000451975 0.00972759 0.0144248 0.00419657 0.0270185 0.0197971 0.0116267 -0.00726374 -0.0303081 0.00528344 -0.0560672 -0.0227805 -0.00925104 0.055959 -0.017041 0.0229512 0.0302988 0.00826697 -0.0541647 -0.0622043 0.0353039 -0.0126503 -0.0433062 -0.014087 0.0129201
internal_weight=0 1806.22 117.935 101.175 1773.92 1760.64 823.188 779.73 293.343 43.4587 22.9308 45.1885 149.566 55.9861 10.5429 937.447 68.3669 58.1551 869.08 680.913 375.816 305.097 244.246 310.34 188.168 66.35 121.817 44.7336 57.3909 49.2338 60.8509 72.3339 21.6165 64.4266 293.891 53.7874 49.7143 171.912 51.5141 23.4367 17.0742 28.0773
internal_count=9802 7953 1849 1491 7870 7713 4134 3789 1319 345 148 483 738 1008 169 3579 368 257 3211 2424 1117 1307 1092 876 787 316 471 231 247 203 215 410 85 224 846 997 977 682 246 142 92 104
is_linear=0
shrinkage=0.0625684


Tree=3
num_leaves=43
num_cat=0
split_feature=43 50 12 26 39 48 42 47 3 30 47 39 47 7 15 42 7 0 19 42 27 47 27 15 13 27 46 46 39 3 31 3 1 48 23 47 50 7 38 48 13 31
split_gain=26.7069 25.8396 19.1601 26.2062 20.8458 18.7482 15.8528 16.241 17.6902 46.9042 13.9967 19.4157 16.6836 15.0714 13.8226 13.5815 17.9694 13.1542 25.962 20.7875 18.0127 15.2613 14.8809 21.4847 14.5327 15.5972 17.0203 13.7387 13.1125 12.1745 12.0047 11.576 11.418 12.77 11.2742 11.4794 11.2698 11.1742 10.5674 9.9566 9.92065 9.7187
threshold=7.5000000000000009 7.5000000000000009 9.5000000000000018 1.5000000000000002 9.5000000000000018 1.5000000000000002 95.000000000000014 12.500000000000002 13.500000000000002 2.5000000000000004 11.500000000000002 2.5000000000000004 2.5000000000000004 1.0000000180025095e-35 1.5000000000000002 11.500000000000002 1.5000000000000002 5.5000000000000009 3.5000000000000004 115.00000000000001 16.500000000000004 8.5000000000000018 1.5000000000000002 30.500000000000004 1.5000000000000002 1.0000000180025095e-35 145.00000000000003 95.000000000000014 3.5000000000000004 225.00000000000003 14.500000000000002 112.50000000000001 1.0000000180025095e-35 1.5000000000000002 1.5000000000000002 6.5000000000000009 13.500000000000002 1.5000000000000002 1.5000000000000002 5.5000000000000009 1.5000000000000002 32.500000000000007
decision_type=2 2 2 2 2 2 2 2 2 2 2 2 2 2 2 2 2 2 2 2 2 2 2 2 2 2 2 2 2 2 2 2 2 2 2 2 2 2 2 2 2 2
left_child=6 5 3 17 -4 -2 29 8 9 -8 11 38 30 -14 -15 39 -17 19 -19 21 28 22 32 27 25 26 -23 -24 -20 36 -13 -26 33 -3 -30 -36 -1 -38 -7 -12 -25 -10
right_child=1 2 4 -5 -6 10 7 -9 41 -11 15 12 13 14 -16 16 -18 18 20 -21 -22 24 23 40 31 -27 -28 -29 34 -31 -32 -33 -34 -35 35 -37 37 -39 -40 -41 -42 -43
leaf_value=0.0053465092168564245 -0.048946219693097821 0.068888867612733745 0.051041875360763302 -0.09828614292076189 -0.10747742889691603 -0.040941507756885723 -0.10730366565839491 0.080028180353651654 0.044508209848011855 0.091745030905159869 -0.068421884736656627 -0.00081790934865031155 0.027536549764824666 -0.073703459267305788 -0.020836182899600059 -0.05128405270976058 0.04207689623698916 -0.11799949611778386 0.078796357040476758 -0.079931878760143932 -0.11633203582705602 -0.079245141813226339 -0.095860326660046832 0.10136931479614769 -0.11349239524020073 -0.0088061769783093664 0.066656073226566234 0.03015341819167058 0.031694747680991849 -0.091010894122859481 0.061375718575704875 0.071015961358829607 0.048168359046508805 -0.035495828213243243 0.030000965211131221 -0.11596247555813632 0.044105715500211175 -0.073584561367179155 0.035193173373992526 0.013528671262277532 -0.026337448675340665 -0.040679600389597774
leaf_weight=968.73753135371953 27.866482587531209 5.971252819523218 22.574833030812446 19.063546499237418 3.7573283826932302 8.0574049912393075 12.467600198462607 20.468210764229298 49.01908647082746 7.3295196406543246 9.696996636688711 44.56624636426568 20.994702657684684 22.926870740950108 124.83956016041338 8.8856680728495103 84.375759368762374 5.919433611445128 15.014479449018834 27.674600871745497 3.4559548944234839 28.473290526308123 17.064580707810826 5.0866058282554132 13.305193175561724 58.018281421158463 3.4826179556548587 4.1915289163589469 20.940368837676946 5.2239282093942156 16.652552179992199 1.4488521143794049 25.948172501288354 19.384574647061527 3.6576532758772355 4.8834240296855569 4.1113067343831089 13.197963751852511 60.083161305636168 14.322023278102277 4.4116280786693096 5.8306890260428181
leaf_count=3867 185 26 101 355 74 41 93 51 183 12 69 176 69 121 595 54 284 77 40 523 46 407 248 12 214 590 16 28 143 38 44 6 138 204 22 81 30 213 185 67 39 35
internal_value=0 -0.00902181 -0.0227615 -0.0274442 0.0282741 0.000701117 0.0062865 0.0306835 0.0171089 -0.0335233 0.00403794 -0.00316282 -0.0118578 -0.0220094 -0.0290611 0.0223471 0.0331548 -0.0223956 0.00522486 -0.0293386 0.0205304 -0.0218238 -0.00160307 -0.0360073 -0.0376514 -0.0281739 -0.0632573 -0.0709509 0.0312639 0.00394347 0.0161057 -0.09518 0.0190089 -0.0108119 0.00695737 -0.0534504 0.00445069 -0.0455357 0.0261587 -0.0195589 0.0420513 0.0354132
internal_weight=0 756.996 313.728 287.396 26.3322 443.267 1086.39 95.1151 74.6469 19.7971 415.401 298.12 229.98 168.761 147.766 117.28 93.2614 268.332 53.8713 214.461 47.9519 186.787 82.0583 30.7543 104.728 89.9742 31.9559 21.2561 44.4959 991.271 61.2188 14.754 51.304 25.3558 29.4814 8.54108 986.047 17.3093 68.1406 24.019 9.49823 54.8498
internal_count=9802 5280 3390 3215 175 1890 4522 374 323 105 1705 1231 1005 785 716 474 338 2860 409 2451 332 1928 695 327 1233 1013 423 276 286 4148 220 220 368 230 246 103 4110 243 226 136 51 218
is_linear=0
shrinkage=0.0625684


Tree=4
num_leaves=43
num_cat=0
split_feature=39 38 42 42 15 47 47 25 31 50 46 42 2 28 29 49 49 12 13 0 31 4 7 42 48 42 9 2 38 3 22 15 31 12 43 50 42 46 18 46 0 18
split_gain=25.2498 16.2677 16.1264 21.8036 19.9093 19.8649 14.5835 15.7885 14.3564 14.0181 27.1553 19.3907 16.5481 12.797 13.8786 12.8765 18.7691 14.0263 12.5565 21.6544 19.9442 16.0816 12.0969 13.8033 12.0122 11.7322 10.8327 10.6534 15.3731 20.4883 22.819 15.1302 11.8452 11.5778 14.604 15.754 14.7265 12.9368 13.1757 11.3455 10.5507 10.2838
threshold=10.500000000000002 10.500000000000002 85.000000000000014 55.000000000000007 38.500000000000007 7.5000000000000009 5.5000000000000009 3.5000000000000004 32.500000000000007 6.5000000000000009 8.5000000000000018 9.5000000000000018 4.5000000000000009 1.5000000000000002 1.0000000180025095e-35 7.5000000000000009 2.5000000000000004 1.0000000180025095e-35 1.5000000000000002 1.5000000000000002 1.0000000180025095e-35 1.5000000000000002 13.500000000000002 6.5000000000000009 1.5000000000000002 12.500000000000002 2.5000000000000004 5.5000000000000009 85.000000000000014 57.500000000000007 1.0000000180025095e-35 51.000000000000007 3.5000000000000004 2.5000000000000004 11.500000000000002 8.5000000000000018 75.000000000000014 135.00000000000003 5.5000000000000009 115.00000000000001 21.500000000000004 5.5000000000000009
decision_type=2 2 2 2 2 2 2 2 2 2 2 2 2 2 2 2 2 2 2 2 2 2 2 2 2 2 2 2 2 2 2 2 2 2 2 2 2 2 2 2 2 2
left_child=1 6 3 4 8 -5 25 9 13 11 22 -8 -13 14 15 16 17 -2 19 20 21 -12 23 -11 -22 41 40 31 29 -29 -31 33 -32 34 36 37 39 38 -36 -3 -20 -1
right_child=2 27 -4 5 -6 -7 7 -9 -10 10 18 12 -14 -15 -16 -17 -18 -19 26 -21 24 -23 -24 -25 -26 -27 -28 28 -30 30 32 -33 -34 -35 35 -37 -38 -39 -40 -41 -42 -43
leaf_value=0.015962943615475036 0.046706631210783237 -0.00034371051227183059 -0.051564514256568744 0.054439476586402497 -0.062103194698764935 -0.044094277562242067 -0.030530474189762246 -0.10741258775978917 -0.10178196628155751 0.050479830065720738 -0.046535271164278927 5.0141182338909257e-06 0.052693213024337736 0.038194295641658937 -0.060070301990524134 0.012528008393055599 -0.058505726170864768 -0.07506103036770187 -0.11084546104080584 0.01034848692479986 0.015712030777408795 0.075927790921632571 0.032773439644695535 -0.08031637213053891 -0.11210753551264706 -0.023344660122064934 0.049459011020097823 0.057246045803216794 0.044627706344486109 0.012841660915243825 -0.11796045453368478 -0.067309764321426005 -0.025860212127767544 0.025448286567802431 -0.042026933808542097 -0.092149086221167256 0.022029689163348555 0.079557112430308441 0.066928410888258974 -0.075343338280344063 0.054683396756839184 -0.011119599597948643
leaf_weight=227.69981097336859 15.717879897914829 288.29800510639325 44.36375269619748 32.216090190224349 34.918846061453223 10.616935445927082 52.375212801620364 6.8614511527121058 6.4235494118183842 4.7362242005765429 15.546152788214387 79.116850322112441 33.091192755848169 21.592772231437266 21.241040697321296 68.821817308664322 32.02628375031054 4.8051793659105888 19.537421048153199 29.04920603800565 3.279587592463943 5.7101103626191607 34.311972098890692 9.3009589994326216 22.240996863692999 49.799320886377245 2.1125006899237624 30.084345137700438 70.314770204015076 120.67775919428095 7.2012866828590658 11.250576568767427 22.708760446868837 98.077740737237036 27.757409991696477 12.098659992218016 143.19086117716506 5.3569359350949517 5.1129708066582671 8.0864512566477043 1.6044584829360236 72.243890234269202
leaf_count=894 71 1089 645 129 330 94 256 81 71 16 200 313 102 113 208 432 332 55 313 214 40 31 166 107 370 290 14 77 262 477 44 87 111 392 148 237 592 11 12 50 7 319
internal_value=0 0.00324307 -0.0168244 -0.0106088 -0.0190748 0.029975 -0.00405762 -0.0137353 -0.0102522 -0.0116605 -0.0256709 0.000885521 0.0155641 -0.0066451 -0.0134493 -0.00526686 -0.0285865 0.0180674 -0.0444268 -0.0320433 -0.0583818 -0.0135186 0.0127461 -0.036091 -0.0956391 0.00476319 -0.0846555 0.00898563 0.019808 0.0101361 0.000706566 0.00444997 -0.0481777 0.00582865 0.00189709 -0.0300151 0.00555517 -0.0102584 -0.0249949 -0.00240191 -0.0981651 0.00943568
internal_weight=0 1518.83 292.744 248.38 205.547 42.833 668.617 318.874 170.629 312.013 147.43 164.583 112.208 164.205 142.612 121.371 52.5493 20.5231 99.0804 75.8261 46.7768 21.2563 48.3492 14.0372 25.5206 349.743 23.2544 850.217 250.987 180.672 150.588 599.23 29.91 587.979 489.901 50.326 439.575 38.2273 32.8704 296.384 21.1419 299.944
internal_count=9802 7322 2480 1835 1612 223 3733 2230 1282 2149 1478 671 415 1211 1098 890 458 126 1189 855 641 231 289 123 410 1503 334 3589 971 709 632 2618 155 2531 2139 408 1731 171 160 1139 320 1213
is_linear=0
shrinkage=0.0625684


Tree=5
num_leaves=43
num_cat=0
split_feature=50 26 13 12 43 39 50 15 39 0 7 49 39 42 7 16 26 42 35 38 16 31 4 14 43 1 23 2 30 47 50 19 28 46 12 28 0 23 27 2 11 1
split_gain=18.0923 22.1321 21.2102 18.9203 14.8157 14.6584 13.6926 13.4137 13.3687 13.2546 17.7221 11.5137 23.7564 11.419 9.24826 13.6299 9.21029 8.84176 15.35 11.7617 10.4962 10.2642 14.5684 10.0409 15.6675 18.3226 14.5973 14.1357 18.3871 10.1907 9.63283 9.33936 24.1478 18.2613 17.4065 12.4973 18.2968 16.1556 14.8615 10.5558 8.65744 8.54768
threshold=11.500000000000002 1.0000000180025095e-35 2.5000000000000004 7.5000000000000009 9.5000000000000018 11.500000000000002 13.500000000000002 1.0000000180025095e-35 17.500000000000004 2.5000000000000004 1.5000000000000002 9.5000000000000018 2.5000000000000004 105.00000000000001 32.500000000000007 1.5000000000000002 4.5000000000000009 65.000000000000014 2.5000000000000004 125.00000000000001 19.500000000000004 50.500000000000007 40.500000000000007 4.5000000000000009 6.5000000000000009 5.5000000000000009 2.5000000000000004 3.5000000000000004 1.0000000180025095e-35 12.500000000000002 5.5000000000000009 138.00000000000003 3.5000000000000004 55.000000000000007 10.500000000000002 1.5000000000000002 2.5000000000000004 2.5000000000000004 10.500000000000002 1.5000000000000002 1.5000000000000002 4.5000000000000009
decision_type=2 2 2 2 2 2 2 2 2 2 2 2 2 2 2 2 2 2 2 2 2 2 2 2 2 2 2 2 2 2 2 2 2 2 2 2 2 2 2 2 2 2
left_child=8 2 6 -3 -5 11 7 -2 16 13 -11 12 -4 -9 15 -8 17 18 19 21 31 23 -23 27 25 -25 -26 29 -29 -1 -21 32 35 -33 -35 36 38 -38 -19 -37 -41 -22
right_child=1 3 5 4 -6 -7 14 9 -10 10 -12 -13 -14 -15 -16 -17 -18 20 -20 30 41 22 -24 24 26 -27 -28 28 -30 -31 -32 33 -34 34 -36 39 37 -39 -40 40 -42 -43
leaf_value=-6.4571962342941665e-05 -0.071756990448013022 -0.083408822122480644 0.074085462089442888 0.028405749815053078 -0.1081739768987643 -0.070069160556776061 -0.049784285602922466 0.025682819900437838 -0.070561017302580964 0.10151638684570352 -0.11064350234511598 0.077971088863595647 -0.11026770910162154 -0.10346208683840244 -0.095543804255530509 0.066806691908193105 0.034727187489583963 -0.002993716435397227 -0.06731566387995741 -0.022200145309489605 0.0038188392539978328 -0.071616498431919765 0.04358631647370282 -0.072959848475274772 -0.066565590893888651 0.0094514100125049003 0.014586947203295602 0.00037626012213690449 0.036042345109313985 -0.028205423262678084 0.057730371605465104 0.093145822795259486 -0.078900472423707138 -0.098684207231250196 0.074791660234737864 0.07662917603444086 0.030285877163525494 -0.055879682848563456 -0.11650618493406871 -0.04621699424574157 0.049052422079218921 -0.097534203171331366
leaf_weight=665.41304058535025 9.6847591297700983 31.400135335512459 6.7310412228107435 13.704380813054742 3.9853443000465623 4.4759681541472665 21.968352034687999 51.099138068035245 9.7834456721320731 1.9487730395048837 6.8976835496723652 20.775872657075524 4.5624972237274051 2.7934584626927963 11.829486105591057 4.7405845392495385 34.311373737640679 149.81876857671887 13.372758921235798 7.8269208818674114 6.7294959425926191 17.023038529790941 5.7068812102079383 12.097301596775649 34.024128522723913 81.602767394855618 11.601870330050586 132.89170640148222 98.6005834126845 54.478205222636461 23.575084732845426 14.694646228104832 11.630465898662804 4.9348767306655628 4.124256432056427 20.670813541859388 132.11482752300799 9.0670960675924999 4.6237665722146621 6.545329997316002 8.5944880601018649 6.2398129664361477
leaf_count=3026 127 582 22 81 86 85 435 333 149 9 101 83 85 88 308 32 128 730 111 42 27 135 24 64 275 368 69 560 362 367 77 28 60 39 7 48 444 69 38 31 30 37
internal_value=0 -0.0178994 -0.00577594 -0.0542776 -0.0024462 0.0355351 -0.0193983 -0.00334263 0.00222458 0.00723272 -0.0635777 0.0503661 -0.000398008 0.0189087 -0.0495134 -0.0289918 0.00267966 0.00196325 -0.0007525 2.59672e-05 0.0102476 -0.00103861 -0.0426219 -0.000169742 -0.0158559 -0.00119856 -0.04591 0.00212673 0.0155755 -0.00219689 0.03777 0.0122072 0.00957342 0.0501328 -0.0196005 0.012689 0.00845301 0.0247324 -0.00642353 0.0475869 0.00778071 -0.0449828
internal_weight=0 196.597 147.508 49.0899 17.6897 36.5454 110.962 72.4238 1582.1 62.7391 8.84646 32.0694 11.2935 53.8926 38.5384 26.7089 1572.31 1538 1158.21 1144.84 379.789 1113.44 22.7299 1090.71 139.326 93.7001 45.626 951.384 231.492 719.891 31.402 366.819 343.066 23.7538 9.05913 331.435 295.624 141.182 154.443 35.8106 15.1398 12.9693
internal_count=9802 2457 1708 749 167 275 1433 658 7345 531 110 190 107 421 775 467 7196 7068 5480 5369 1588 5250 159 5091 776 432 344 4315 922 3393 119 1524 1450 74 46 1390 1281 513 768 109 61 64
is_linear=0
shrinkage=0.0625684


Tree=6
num_leaves=43
num_cat=0
split_feature=50 30 47 46 39 3 3 19 38 24 4 3 0 0 19 39 50 25 15 3 3 42 46 5 12 27 3 42 49 11 3 50 3 30 48 29 39 42 30 3 2 11
split_gain=12.6202 15.3756 14.6976 12.8198 9.96666 9.3704 10.0133 13.4789 9.27221 12.6656 10.2198 12.6564 9.80715 17.9865 13.8808 14.3679 13.3909 11.3265 10.3824 9.87002 15.4442 9.37856 10.8953 9.27837 9.26293 17.1371 9.62408 9.19306 13.4932 11.4746 9.96198 9.0348 8.87119 15.2653 11.3344 10.0501 9.76789 9.51828 9.33095 20.2379 11.3177 10.8657
threshold=12.500000000000002 1.5000000000000002 7.5000000000000009 11.500000000000002 17.500000000000004 53.500000000000007 35.500000000000007 94.500000000000014 10.500000000000002 6.5000000000000009 1.5000000000000002 1.0000000180025095e-35 7.5000000000000009 12.500000000000002 1.0000000180025095e-35 9.5000000000000018 11.500000000000002 1.0000000180025095e-35 35.500000000000007 32.500000000000007 14.500000000000002 125.00000000000001 65.000000000000014 2.5000000000000004 1.0000000180025095e-35 7.5000000000000009 36.500000000000007 11.500000000000002 15.500000000000002 1.0000000180025095e-35 1.5000000000000002 4.5000000000000009 2.5000000000000004 3.5000000000000004 7.5000000000000009 7.5000000000000009 15.500000000000002 13.500000000000002 1.0000000180025095e-35 178.50000000000003 5.5000000000000009 1.0000000180025095e-35
decision_type=2 2 2 2 2 2 2 2 2 2 2 2 2 2 2 2 2 2 2 2 2 2 2 2 2 2 2 2 2 2 2 2 2 2 2 2 2 2 2 2 2 2
left_child=4 2 3 5 8 6 7 -2 9 10 12 -12 14 31 15 19 18 -15 23 20 -1 22 24 -16 25 -13 -26 29 30 -4 -29 -14 33 34 -10 36 38 -38 39 41 -40 -34
right_child=1 -3 27 -5 -6 -7 -8 -9 32 -11 11 21 13 17 16 -17 -18 -19 -20 -21 -22 -23 -24 -25 26 -27 -28 28 -30 -31 -32 -33 35 -35 -36 -37 37 -39 40 -41 -42 -43
leaf_value=-0.00027195565354612341 -0.063685228341184785 -0.08489534407745343 -0.074355030430598754 0.040202154101889084 -0.068079381939363567 -0.11157348450343917 0.067975158860297896 0.11987962035279853 -0.011753743158377048 0.059735911382415435 0.045866173511124313 -0.028822664576676805 -0.013944239677524227 0.01687826540604891 -0.018300981644033053 -0.072670691509218718 -0.11901069912097011 -0.11447416705243803 -0.10675054541388852 -0.071663119044196949 0.069010712748899597 0.063120531679201911 -0.076996959407063928 -0.078415690288206094 0.018289678908304807 0.05201679997967102 -0.006629906480480896 0.0048237281134775756 0.041364305529078868 0.059689400374355342 -0.083880068044108788 0.069319828269753664 0.012071139154552607 0.062551131132520754 -0.086010253803660064 -0.056108988756694678 -0.0017153373701119289 -0.11218438391020921 0.008051973394887316 -0.07987335678265442 0.031961760427838957 -0.007597454027775374
leaf_weight=49.458983144722879 10.25475234072656 12.80878614541143 3.7757991934195143 27.652749217115343 8.014397473074494 3.9031075816601506 5.1756249405443659 1.8125213216990221 94.084920566529036 11.918204968795179 23.407168278470635 80.152814735658467 7.1557347439229515 4.7753044757992011 123.42147902771831 9.0673037525266391 6.4372180029749861 5.4809328224509954 6.0690620243549338 5.228231379762291 16.851948193274438 8.5142450276762229 7.6304137259721747 10.931820170953868 112.29643466696143 11.734192018397151 131.82200216781348 6.1067347060889032 5.223553590476512 7.2311666589230299 25.679640643298626 17.482369277626276 349.13394295889884 10.044006343930958 8.7774782441556436 9.5144134359434229 7.6776224300265294 5.0607911180704832 194.41858630813658 10.973083443939684 129.07016966771334 160.40111504588276
leaf_count=245 187 358 68 190 157 74 27 5 505 30 109 464 37 23 697 79 69 51 48 43 52 19 64 79 451 38 772 109 54 52 725 52 1404 30 63 68 57 42 826 80 503 796
internal_value=0 -0.0205489 -0.0119983 0.0121639 0.00137648 -0.0244549 -0.00449436 -0.0357692 0.00172025 -0.00407308 -0.00527 0.0013466 -0.0147446 0.0161122 -0.0194847 0.00136504 -0.0309338 -0.0533507 -0.0268611 0.0107936 0.0173441 -0.00161346 -0.00322653 -0.0232187 -0.00154053 -0.0184722 0.00482967 -0.0365685 -0.0514943 0.0135213 -0.0668162 0.0451058 0.00556624 -0.0109236 -0.0181266 0.00771713 0.00842939 -0.0458672 0.00925197 0.00406236 0.0175976 0.00587721
internal_weight=0 109.624 96.8157 48.7988 1637.01 21.146 17.2429 12.0673 1628.99 649.836 637.918 375.557 262.36 34.8943 227.466 80.6065 146.86 10.2562 140.422 71.5392 66.3109 352.15 343.636 134.353 336.005 91.887 244.118 48.0169 37.0099 11.007 31.7864 24.6381 979.156 112.906 102.862 866.25 856.735 12.7384 843.997 520.508 323.489 509.535
internal_count=9802 1849 1491 483 7953 293 219 192 7796 3422 3392 1917 1475 163 1312 419 893 74 824 340 297 1808 1789 776 1725 502 1223 1008 888 120 834 89 4374 598 568 3776 3708 99 3609 2280 1329 2200
is_linear=0
shrinkage=0.0625684


Tree=7
num_leaves=43
num_cat=0
split_feature=50 47 42 3 7 26 50 43 47 47 46 39 29 18 5 42 50 4 7 7 14 25 3 27 15 12 39 38 2 39 49 42 46 1 49 42 4 31 38 23 7 7
split_gain=12.2167 14.0765 15.2193 11.8425 14.0913 10.7776 9.29028 19.0492 14.9005 13.388 14.5661 12.6558 23.8648 11.9396 26.0192 15.8386 15.3728 16.6107 12.9843 14.7218 11.2299 11.0788 10.4936 10.764 10.2946 9.76303 17.9949 9.33819 8.45282 13.0313 10.6402 8.1272 13.202 8.0613 7.88894 15.5841 8.78665 11.9754 8.31925 7.80468 7.75268 7.74225
threshold=13.500000000000002 7.5000000000000009 7.5000000000000009 6.5000000000000009 24.500000000000004 2.5000000000000004 4.5000000000000009 6.5000000000000009 11.500000000000002 3.5000000000000004 65.000000000000014 6.5000000000000009 1.0000000180025095e-35 4.5000000000000009 8.5000000000000018 9.5000000000000018 6.5000000000000009 5.5000000000000009 58.500000000000007 38.500000000000007 6.5000000000000009 3.5000000000000004 25.500000000000004 15.500000000000002 1.5000000000000002 1.5000000000000002 13.500000000000002 1.0000000180025095e-35 3.5000000000000004 5.5000000000000009 15.500000000000002 125.00000000000001 11.500000000000002 3.5000000000000004 12.500000000000002 1.5000000000000002 16.500000000000004 10.500000000000002 95.000000000000014 1.0000000180025095e-35 1.0000000180025095e-35 124.50000000000001
decision_type=2 2 2 2 2 2 2 2 2 2 2 2 2 2 2 2 2 2 2 2 2 2 2 2 2 2 2 2 2 2 2 2 2 2 2 2 2 2 2 2 2 2
left_child=6 3 -3 -2 -5 -6 8 -8 27 10 11 -9 25 14 16 20 24 18 19 -18 -15 28 39 -24 40 26 -13 -1 29 -17 -31 32 -26 -20 38 -36 37 -37 -29 -10 -11 -30
right_child=1 2 -4 4 5 -7 7 9 22 13 -12 12 -14 15 -16 21 17 -19 33 -21 -22 -23 23 -25 31 -27 -28 34 41 30 -32 -33 -34 -35 35 36 -38 -39 -40 -41 -42 -43
leaf_value=-0.045510651405146062 -0.10228878045249036 0.061846665285429231 -0.069146954549121745 0.051283197184726556 -0.076994530634223887 0.078212281992875748 0.013394991948247295 0.026945853988951357 0.0051202263664576067 0.043836895928938198 0.06985253534375481 -0.070684784069385151 -0.11208615049874229 -0.1018400638278129 -0.11125086640618213 0.034025922064299594 -0.018387199498206972 -0.10860306984306183 -0.021123965227935883 -0.097387159696551359 0.03814534185222683 -0.093895853164423448 0.052972843069003232 -0.028068849383262349 -0.0090431694050663609 0.037870502996419947 0.062716206240963523 -0.0087852844694383259 0.070868531589347902 -0.071776551251685153 0.065999227743982966 -0.053501413919130457 0.044775141366120548 0.076732402378807948 0.064789631662182906 -0.0099961551110349239 -0.067368283075295882 0.044929953066665751 -0.052756284808616417 -0.085628840370043854 -0.064154759575591025 0.02092862156761886
leaf_weight=25.565202506259084 3.6007760968059328 3.8854928668588391 30.342598489951342 17.699529868550602 7.6715081115253252 2.2313007526099682 504.01660966873169 51.911379149183631 30.854200260713696 3.3384339921176425 16.382595684379339 12.312599278055133 8.5763527723029238 7.8643327411264163 10.682183310389517 15.805363232269885 158.4654753068462 8.2944604353979212 5.2594550531357518 9.7852404993027431 3.0995339248329401 3.3584995092824093 38.74396494589746 7.647077325731515 29.778704235330224 17.16706274356693 5.7894888212904325 402.80988943111151 16.769948445260525 12.322785432450472 2.6327675879001609 5.8039275333285323 44.343003294430673 8.6749509861692768 16.259987864643335 60.353143889456987 7.3036696873605242 20.885952610522509 17.56204692274332 4.1816054321825495 11.316048743203281 44.498721822164953
leaf_count=152 96 17 887 123 152 13 2089 192 143 12 49 108 106 92 134 95 1538 119 47 137 19 45 130 42 163 83 24 1703 59 138 10 26 144 31 45 271 41 64 91 28 90 254
internal_value=0 -0.0265083 -0.054199 0.00385644 0.0178494 -0.0417674 0.00105144 0.00475074 -0.00490531 -0.00371992 0.0153903 0.00604014 -0.0186877 -0.00905316 -0.0155196 0.00891737 -0.0119158 -0.0221547 -0.0181938 -0.0230066 -0.0621687 0.0171183 0.0200675 0.0395795 0.00869366 0.00407611 -0.027922 -0.00860054 0.021214 -0.00551322 -0.0473562 0.0175445 0.023144 0.0397549 -0.00679891 0.00855152 -0.00178382 0.00412378 -0.0106289 -0.00574972 -0.0394341 0.0346468
internal_weight=0 65.4312 34.2281 31.2031 27.6023 9.90281 1650.42 1018.25 632.167 514.233 112.139 95.7569 43.8455 402.094 295.742 106.352 285.06 190.48 182.185 168.251 10.9639 95.3881 81.4268 46.391 94.5801 35.2692 18.1021 550.74 92.0296 30.7609 14.9556 79.9256 74.1217 13.9344 525.175 104.803 88.5428 81.2391 420.372 35.0358 14.6545 61.2687
internal_count=9802 1288 904 384 288 165 8514 5804 2710 3715 562 513 321 3153 2441 712 2307 1872 1753 1675 111 601 343 172 435 215 132 2367 556 243 148 333 307 78 2215 421 376 335 1794 171 102 313
is_linear=0
shrinkage=0.0625684


Tree=8
num_leaves=43
num_cat=0
split_feature=50 17 19 19 6 13 5 11 3 43 0 42 31 38 38 38 3 0 47 2 13 43 15 6 0 48 47 42 16 4 31 46 15 15 23 46 46 39 6 46 39 7
split_gain=12.5339 14.0659 23.695 21.5451 12.9415 10.5192 10.8933 10.2026 22.339 19.8315 19.5847 14.7407 19.9908 21.7986 14.2199 13.5203 13.4044 13.2757 13.2863 13.0655 13.0306 17.9923 12.0735 10.3247 9.72204 9.45343 33.8389 12.113 11.1303 13.5097 9.42153 13.0917 10.1945 11.7235 12.5851 11.8292 10.9789 10.3256 9.96086 9.27432 12.38 16.8402
threshold=8.5000000000000018 9.5000000000000018 186.50000000000003 94.500000000000014 12.500000000000002 1.0000000180025095e-35 20.500000000000004 1.5000000000000002 140.50000000000003 4.5000000000000009 9.5000000000000018 8.5000000000000018 5.5000000000000009 95.000000000000014 105.00000000000001 7.5000000000000009 4.5000000000000009 1.0000000180025095e-35 11.500000000000002 1.5000000000000002 3.5000000000000004 7.5000000000000009 1.0000000180025095e-35 10.500000000000002 11.500000000000002 1.5000000000000002 8.5000000000000018 65.000000000000014 2.5000000000000004 2.5000000000000004 8.5000000000000018 11.500000000000002 52.500000000000007 32.500000000000007 1.5000000000000002 12.500000000000002 45.000000000000007 3.5000000000000004 1.0000000180025095e-35 9.5000000000000018 4.5000000000000009 4.5000000000000009
decision_type=2 2 2 2 2 2 2 2 2 2 2 2 2 2 2 2 2 2 2 2 2 2 2 2 2 2 2 2 2 2 2 2 2 2 2 2 2 2 2 2 2 2
left_child=25 3 5 7 -5 6 -3 8 10 -9 11 12 13 22 15 19 -14 18 -13 -11 21 -19 -2 -21 -4 26 28 30 29 -1 31 -27 33 34 35 -33 -36 -34 -37 40 41 -29
right_child=1 2 24 4 -6 -7 -8 9 -10 14 -12 17 16 -15 -16 -17 -18 20 -20 23 -22 -23 -24 -25 -26 27 -28 39 -30 -31 -32 32 37 -35 36 38 -38 -39 -40 -41 -42 -43
leaf_value=-0.00081171238025849659 -0.032327065742932766 0.027738948741294119 -0.048723402748261327 0.092453586783830075 -0.0012119222583095719 -0.087853714496718402 -0.1044100204203925 -0.11779830680623637 -0.11529654303988053 0.092656087021120048 0.039531308267967635 -0.060217926743701473 0.017921218432173834 -0.082652653730848083 0.035572077290732369 -0.071893450008805079 -0.093364315826890379 0.03269287976794847 -0.0047388592440837469 -0.071848787940548081 -0.068388182833373959 -0.018610799988572603 0.043092809486163813 0.063939851218108135 0.065559368401434739 -0.010983664939373297 -0.089171394959246045 0.072378998748168166 -0.031855536024604475 0.066596492372683655 0.011110446383434218 0.053423818970295807 0.0046990615795977448 0.049669003080134118 -0.098331758981451772 -0.014704202699434274 0.017941062853461084 -0.085966993626186358 0.017540645176557075 0.011010749450957544 0.058306279507177143 -0.073238450036642727
leaf_weight=42.841090010479093 9.4184627253562194 7.5345243737101537 4.1641674526035777 13.704952580388637 9.9210062436759454 25.728781518526375 3.5691051781177521 8.9857299886643869 6.9078012127429238 4.6958458553999654 39.410703280940652 44.024542293511331 7.0354502508416799 6.7947509828954926 14.340041547082363 20.089808028656989 10.530255479039623 43.91744633205235 27.497587848920375 7.5073719378560764 11.498262451030312 68.380817555822432 68.281596194021404 3.0534564200788736 9.4688384165056032 338.25015431363136 19.373145185410976 5.2818245738744718 25.715520339086652 15.931628005579112 269.59343033842742 22.302085906267166 11.276744827628137 28.176838219165802 7.9946174044162017 62.139189625158906 5.2254125289618969 8.6527644321322423 94.434112827293575 208.47245323006064 38.672088613733649 7.4518524818122387
leaf_count=196 55 61 57 37 89 358 66 92 76 18 209 619 35 68 116 313 89 192 403 108 153 895 267 13 28 1659 156 18 148 46 1158 69 57 91 51 316 17 71 350 825 113 44
internal_value=0 -0.00859728 -0.0398235 -0.00489266 0.0531279 -0.0659007 -0.0148225 -0.0083063 -0.00418468 -0.0324156 -0.00189129 -0.00738842 0.0118735 0.0245099 -0.0168837 -0.0382098 -0.0487789 -0.0174594 -0.0389159 0.00613119 -0.00504706 0.00144678 0.0339266 -0.0324061 0.0305371 0.0033805 -0.0146633 0.0050734 0.00243644 0.017469 0.00145012 -0.00305062 0.00811597 0.0119983 0.00645931 0.0108215 -0.0523592 -0.0346868 0.00473614 0.016891 0.0406941 -0.0127193
internal_weight=0 476.461 50.4654 425.996 23.626 36.8324 11.1036 402.37 343.698 58.6723 336.79 297.379 102.061 84.4948 49.6865 35.3465 17.5657 195.319 71.5221 15.2567 123.797 112.298 77.7001 10.5608 13.633 1211.78 103.861 1107.92 84.4882 58.7727 848.045 578.452 240.202 220.272 192.095 178.875 13.22 19.9295 156.573 259.878 51.4058 12.7337
internal_count=9802 4417 570 3847 126 485 127 3721 3061 660 2985 2776 514 390 568 452 124 2262 1022 139 1240 1087 322 121 85 5385 546 4839 390 242 3839 2681 1022 894 803 735 68 128 666 1000 175 62
is_linear=0
shrinkage=0.0625684


Tree=9
num_leaves=43
num_cat=0
split_feature=39 42 27 50 23 38 47 27 43 43 49 3 3 24 18 27 12 15 16 49 50 4 39 43 39 10 3 7 0 31 31 38 11 5 1 3 38 42 50 42 26 50
split_gain=13.0135 13.0799 11.7083 11.6007 16.6051 16.2117 11.6063 10.9487 10.8187 10.0377 24.4995 9.91375 15.499 8.58939 8.34529 12.7809 13.7029 14.0748 10.5249 13.1029 10.6087 9.7788 11.0614 9.50733 13.4351 18.957 14.2322 13.2779 16.9702 14.7627 12.2298 11.9155 9.92916 9.84658 13.4014 9.71313 23.4608 14.7767 13.9753 13.3594 8.87949 11.9712
threshold=10.500000000000002 115.00000000000001 18.500000000000004 7.5000000000000009 1.5000000000000002 16.500000000000004 15.500000000000002 16.500000000000004 15.500000000000002 5.5000000000000009 9.5000000000000018 13.500000000000002 3.5000000000000004 6.5000000000000009 8.5000000000000018 16.500000000000004 5.5000000000000009 78.500000000000014 10.500000000000002 9.5000000000000018 3.5000000000000004 27.500000000000004 1.5000000000000002 7.5000000000000009 1.5000000000000002 1.0000000180025095e-35 133.50000000000003 137.50000000000003 16.500000000000004 14.500000000000002 14.500000000000002 85.000000000000014 1.0000000180025095e-35 1.0000000180025095e-35 12.500000000000002 9.5000000000000018 115.00000000000001 95.000000000000014 6.5000000000000009 95.000000000000014 1.5000000000000002 5.5000000000000009
decision_type=2 2 2 2 2 2 2 2 2 2 2 2 2 2 2 2 2 2 2 2 2 2 2 2 2 2 2 2 2 2 2 2 2 2 2 2 2 2 2 2 2 2
left_child=13 3 -3 6 5 -5 8 9 -2 10 -7 12 -11 14 23 18 -17 -18 20 -20 -16 22 -21 24 25 26 30 29 31 35 33 -29 -31 34 -1 37 39 38 -26 -37 -25 -42
right_child=1 2 -4 4 -6 7 -8 -9 -10 11 -12 -13 -14 -15 15 16 17 -19 19 21 -22 -23 -24 40 27 -27 -28 28 -30 32 -32 -33 -34 -35 -36 36 -38 -39 -40 -41 41 -43
leaf_value=-0.03248373653435347 0.0024540531603861496 -0.088320303492334273 0.03285269609067016 -0.047289364275432982 -0.090577951258535169 -0.091583082839808913 -0.076902716973220028 -0.10835823245170004 0.073494311713171362 0.042407130550244546 0.036461598635708761 0.055141230972345232 -0.10799118172288454 0.037453190984324362 -0.011199823862910957 -0.10761649979277253 0.024869268151668341 -0.093327176262994471 -0.01739456010894146 0.046849991537811012 0.05053656576978479 0.047981526141480553 -0.10298359632991982 -0.0047289352969306035 -0.016940646668980718 -0.10315460716377124 -0.10861981597520559 -0.070685848916756278 0.059473487783895641 0.012263989602218523 -0.094601857601940717 0.036444348944746151 0.059198837786098593 0.012008962194349972 0.086576307715088785 0.011065113907582165 -0.073689141139716127 -0.10427914890057534 0.023040364085805874 0.048156674844083834 -0.0045387358663994551 -0.074890047045590047
leaf_weight=44.590775437653065 124.77807901985943 14.827209300361575 3.9178153388202182 37.864168797619641 12.86592062236741 10.518508475273849 6.7063408885151139 3.1456622416153541 8.9680982306599599 6.8439307408407313 13.08527967892587 23.658363742288202 4.3615035293623805 26.873420840129256 13.370499353855847 6.0379456756636527 17.503886329010133 5.0549104297533622 43.661734193563461 3.6883483864366999 57.951703686267138 31.326921718195081 3.9641455514356494 398.7242205357179 92.859040428884327 8.3961535440757853 5.1584459044970563 22.37494335509837 6.7154267393052569 32.944502824917436 5.4880864769220343 4.928388542495667 38.193710267543793 95.012321963207796 3.9999177809804669 269.95038591511548 11.730710830539463 5.7382172755897036 54.154640168882906 44.25532241538167 21.057157108560205 17.233846005517989
leaf_count=252 682 361 44 557 256 113 79 47 27 53 55 141 65 76 64 71 84 55 290 15 204 127 41 2790 391 52 63 136 22 127 44 23 105 423 10 1028 65 62 237 110 96 259
internal_value=0 -0.0125294 -0.0629219 -0.00878062 -0.0237653 -0.0150856 0.00319996 0.00470176 0.00724284 0.0108615 -0.0205999 0.0321929 -0.0161791 0.00244273 0.0017523 0.0142026 -0.0241727 -0.00166448 0.0213412 0.00612326 0.0389477 0.032487 -0.0307312 -0.000167608 0.00412215 -0.0117768 -0.00677462 0.00855355 -0.0293532 0.0109026 -0.00322007 -0.0512869 0.0374945 0.000285509 -0.0226078 0.00694606 0.0130482 -0.00606718 -0.00220362 0.0162975 -0.00749749 -0.0362685
internal_weight=0 271.541 18.745 252.796 112.343 99.4774 140.453 61.6132 133.746 58.4676 23.6038 34.8638 11.2054 1392.94 1366.07 182.56 28.5967 22.5588 153.963 82.6411 71.3222 38.9794 7.65249 1183.51 746.491 162.646 154.25 583.845 34.0188 549.827 149.091 27.3033 71.1382 143.603 48.5907 478.688 325.936 152.752 147.014 314.206 437.015 38.291
internal_count=9802 2480 405 2075 1287 1031 788 474 709 427 168 259 118 7322 7246 951 210 139 741 473 268 183 56 6295 3150 844 792 2306 181 2125 729 159 232 685 262 1893 1203 690 628 1138 3145 355
is_linear=0
shrinkage=0.0625684


Tree=10
num_leaves=43
num_cat=0
split_feature=50 50 31 16 35 46 5 31 26 25 27 38 46 2 24 39 0 10 42 18 39 3 39 43 46 23 19 49 38 47 7 39 17 7 38 27 38 4 46 19 7 43
split_gain=12.5284 11.9718 10.6091 13.051 12.545 12.9429 9.86142 13.7856 8.67628 13.5476 9.32768 9.84484 8.58987 8.45997 7.63024 7.08683 6.89869 6.17717 8.13619 7.67077 21.7517 25.9634 17.0325 16.4839 15.2221 12.4372 8.5306 9.31702 17.8502 10.0678 8.7549 16.3224 12.2744 8.55868 8.23419 11.2202 8.4439 8.37612 7.64486 7.63846 8.42194 7.25848
threshold=1.0000000180025095e-35 12.500000000000002 2.5000000000000004 4.5000000000000009 4.5000000000000009 10.500000000000002 3.5000000000000004 15.500000000000002 1.0000000180025095e-35 1.0000000180025095e-35 1.0000000180025095e-35 65.000000000000014 165.00000000000003 1.0000000180025095e-35 6.5000000000000009 17.500000000000004 20.500000000000004 1.5000000000000002 10.500000000000002 1.0000000180025095e-35 5.5000000000000009 2.5000000000000004 15.500000000000002 2.5000000000000004 45.000000000000007 1.5000000000000002 7.5000000000000009 5.5000000000000009 85.000000000000014 8.5000000000000018 27.500000000000004 4.5000000000000009 3.5000000000000004 14.500000000000002 35.000000000000007 11.500000000000002 14.500000000000002 3.5000000000000004 65.000000000000014 1.5000000000000002 39.500000000000007 9.5000000000000018
decision_type=2 2 2 2 2 2 2 2 2 2 2 2 2 2 2 2 2 2 2 2 2 2 2 2 2 2 2 2 2 2 2 2 2 2 2 2 2 2 2 2 2 2
left_child=-1 14 3 8 5 6 -4 -8 9 10 -3 13 -7 -12 15 17 -10 19 -19 20 34 22 -22 24 -23 -25 27 41 33 -30 31 32 -28 -29 35 36 -2 -37 -33 -36 -41 -21
right_child=1 2 4 -5 -6 12 7 -9 16 -11 11 -13 -14 -15 -16 -17 -18 18 -20 26 21 23 -24 25 -26 -27 30 28 29 -31 -32 38 -34 -35 39 37 -38 -39 -40 40 -42 -43
leaf_value=-0.11621080319279223 0.010917608621179724 -0.065937037540896887 -0.099784110892411668 0.08716363262445706 0.091451047731711352 -0.089849368481264069 0.051515755824919941 -0.092960511195114531 -0.087309215592334261 0.056971040451126685 0.065943348936152404 -0.080865535021447679 0.11182528548584848 -0.020963451973823575 0.033550029041704711 -0.059944646854698934 0.042205755287023798 0.0096281313236659428 -0.053726875823258705 0.051126187509571493 -0.072681373878430197 0.032709062283941256 0.068044030027246447 -0.013683473927299157 -0.065071138687295402 -0.090231671450824322 -0.06799223068461481 -0.023503307992037821 0.0014750107036039404 0.092178193138609379 0.0055667147245264254 -0.0058881851149059734 0.020075938809894934 0.041194369878057767 0.041676944510913951 -0.089177153697233419 -0.020439086823709672 0.044853217499571184 0.051483540335155925 -0.0021972658725276603 0.069393305482930351 0.00023462824615124868
leaf_weight=3.5906251296401015 156.04018263937905 11.714604962151496 3.7851460902020362 5.6099809641018501 2.4868325688876203 22.640679941512648 9.9642320661805552 3.4521433515474191 8.6786047732457501 11.760697091929613 9.0823903027921968 4.3304681004956356 0.82609505951404472 8.3997961091808957 28.78296404518187 7.3878909242339423 1.9412495717406262 14.142270239070056 17.948408742900938 44.84361781552434 39.573236980475485 51.313226917758584 3.6459506396204224 171.59407006343827 7.0564834466204038 8.7081070272251946 27.559909420087934 46.717619881033897 7.9652684517204788 12.087574634701012 645.17793868388981 42.719543254002929 7.9496287144720545 9.6173397954553348 45.073907919228077 8.6110936235636455 42.802400875836611 2.2797549050301305 11.50931302923709 49.243851833045483 7.3620960824191561 14.580358075909315
leaf_count=30 761 272 86 19 13 692 84 98 206 67 73 98 3 127 82 157 11 76 119 130 383 165 13 1075 46 94 163 270 41 22 3236 238 25 36 156 92 195 11 43 192 18 84
internal_value=0 0.000257247 -0.0202109 -0.00350185 -0.0439831 -0.0523597 -0.0110225 0.0141209 -0.0126656 -0.000689352 -0.0209849 0.00316932 -0.0825551 0.0241623 0.00165659 0.00104456 -0.0634726 0.00134779 -0.0257907 0.00194398 -0.00354133 -0.0161336 -0.0607412 -0.00804398 0.0208389 -0.0174026 0.00568287 0.0200887 0.00561257 0.0562668 0.00301839 -0.0152858 -0.0482445 -0.0124209 0.00785409 0.000763663 0.00415997 -0.0609682 0.00629162 0.0224634 0.00712916 0.0386652
internal_weight=0 1636.97 104.673 61.5178 43.1551 40.6683 17.2015 13.4164 55.9078 45.288 33.5273 21.8127 23.4668 17.4822 1532.29 1503.51 10.6199 1496.12 32.0907 1464.03 593.304 281.891 43.2192 238.672 58.3697 180.302 870.728 135.812 76.3878 20.0528 734.916 89.7384 35.5095 56.335 311.413 209.733 198.843 10.8908 54.2289 101.68 56.6059 59.424
internal_count=9802 9772 1849 873 976 963 268 182 854 637 570 298 695 200 7923 7841 217 7684 195 7489 3201 1776 396 1380 211 1169 4288 583 369 63 3705 469 188 306 1425 1059 956 103 281 366 210 214
is_linear=0
shrinkage=0.0625684


Tree=11
num_leaves=43
num_cat=0
split_feature=47 43 42 50 30 16 25 31 20 43 42 49 39 46 17 30 17 43 50 46 46 48 3 28 4 42 4 7 4 43 0 50 18 39 50 18 42 16 46 49 43 11
split_gain=9.5138 10.3764 9.23776 9.85888 11.8302 25.7273 13.1196 12.9888 10.9885 10.5418 19.9027 17.1537 10.4872 9.96533 9.11865 10.6291 9.90042 10.3385 11.5503 13.9635 12.3404 12.264 10.9091 10.4805 17.9759 10.0009 10.2881 11.6698 9.31431 11.3565 8.84878 14.3994 8.83533 10.2918 10.4958 9.31058 8.80027 8.67056 12.91 8.57992 7.87016 8.29819
threshold=3.5000000000000004 1.0000000180025095e-35 135.00000000000003 4.5000000000000009 2.5000000000000004 6.5000000000000009 1.0000000180025095e-35 23.500000000000004 1.0000000180025095e-35 4.5000000000000009 12.500000000000002 14.500000000000002 10.500000000000002 65.000000000000014 15.500000000000002 1.5000000000000002 12.500000000000002 7.5000000000000009 6.5000000000000009 5.5000000000000009 6.5000000000000009 1.5000000000000002 122.50000000000001 3.5000000000000004 17.500000000000004 95.000000000000014 1.5000000000000002 1.5000000000000002 14.500000000000002 5.5000000000000009 19.500000000000004 2.5000000000000004 8.5000000000000018 13.500000000000002 6.5000000000000009 11.500000000000002 75.000000000000014 1.5000000000000002 35.000000000000007 3.5000000000000004 1.0000000180025095e-35 2.5000000000000004
decision_type=2 2 2 2 2 2 2 2 2 2 2 2 2 2 2 2 2 2 2 2 2 2 2 2 2 2 2 2 2 2 2 2 2 2 2 2 2 2 2 2 2 2
left_child=2 -2 3 -1 7 -6 -7 8 9 10 40 -12 -10 -11 16 -16 17 25 20 -20 -19 -22 23 24 -21 30 27 -27 -18 -30 32 -32 33 34 -3 -34 -17 39 -39 -23 41 -5
right_child=1 14 -4 4 5 6 -8 -9 12 13 11 -13 -14 -15 15 36 28 18 19 22 21 37 -24 -25 -26 26 -28 -29 29 -31 31 -33 35 -35 -36 -37 -38 38 -40 -41 -42 -43
leaf_value=-0.0029027678879333732 -0.09249654650785076 -0.0095463818228729118 -0.077746510015470935 0.0019643842166089239 -0.10154540215950408 0.045200638320537896 -0.055154232688503592 0.05678645015359296 -0.064228935107381938 0.021500076858579027 -0.075010964780526213 0.072006262013685624 0.046068188793006171 0.068313241804317387 -0.097654865696688825 -0.055278647642745003 0.08190820708870418 -0.029518132390724285 0.040439648815157943 -0.028949232153288838 -0.067156873612617782 0.057446053374765514 0.025864350262592442 -0.10160861387631279 0.048562266205518102 0.056887029079257648 0.042714646785260921 -0.047648551557021759 -0.060585587611042553 0.033850250379862119 0.03582410529784625 -0.10021385275258696 0.062472770878707465 -0.070236000350116193 0.01335940101017249 -0.0073266407913106183 0.02581418500143743 0.0077535536750301367 -0.056741832041523457 0.012761076991206328 0.040281531694443512 0.069972450341848499
leaf_weight=253.09323796909302 5.1091052200645199 185.58852331992239 5.0836277762427917 111.79619472194463 10.835033006966112 16.635586526244882 7.3096160469576708 28.795517551712692 12.860047582536938 99.821228022687137 18.141252207569782 3.7125665731728068 4.5325533617287865 21.695952729322016 8.2855051029473561 10.236208502668889 9.745673753321169 44.912858013063669 14.333405343815683 195.56905416306108 8.3300782525911909 20.42677465826273 16.487656513229012 7.0827193260192862 12.419448127970098 6.2552943602204349 44.572245644871145 12.421274839900432 6.5890201823785928 20.098326677456498 4.7425487861037245 8.3660408556461316 17.919586430303756 8.3188515389338118 135.43130005383864 12.77099823579192 10.646344138309358 50.832284549251199 15.923855373635886 95.526397552806884 34.255444709211588 7.4651796258985987
leaf_count=1225 54 780 60 515 94 62 63 99 87 520 124 9 24 65 101 97 30 289 97 2604 91 62 144 133 63 19 151 73 46 125 16 72 56 79 684 75 62 210 79 429 105 29
internal_value=0 -0.00383936 0.00596954 0.00664986 0.013051 -0.0216915 0.0144856 0.0165781 0.0128849 0.0157203 0.00589613 -0.0499135 -0.0353885 0.0298837 -0.00337473 -0.0378185 -0.00231992 -0.00359063 -0.00990907 -0.0193975 -1.48732e-05 0.00691935 -0.0231114 -0.0268746 -0.0243085 0.00338367 0.0263835 -0.0125386 0.0296497 0.0104466 -0.000513925 -0.0509458 0.00132371 -0.0016665 0.000113986 0.0334149 -0.0139073 0.0103143 -0.00763485 0.0206567 0.0138572 0.00624891
internal_weight=0 988.941 636.033 630.949 377.856 34.7802 23.9452 343.076 314.28 296.888 175.371 21.8538 17.3926 121.517 983.832 29.1681 954.664 918.231 481.845 245.892 235.952 191.039 231.559 215.071 207.989 436.387 63.2488 18.6766 36.433 26.6873 373.138 13.1086 360.029 329.339 321.02 30.6906 20.8826 182.709 66.7561 115.953 153.517 119.261
internal_count=9802 6721 3081 3021 1796 219 125 1577 1478 1367 782 133 111 585 6667 260 6407 6206 4201 3041 1160 871 2944 2800 2667 2005 243 92 201 171 1762 88 1674 1543 1464 131 159 780 289 491 649 544
is_linear=0
shrinkage=0.0625684


Tree=12
num_leaves=43
num_cat=0
split_feature=50 42 49 49 17 17 4 24 38 26 27 13 39 12 49 14 42 46 3 48 47 31 38 46 48 30 39 48 12 1 43 49 16 16 31 23 12 23 3 3 47 19
split_gain=8.97748 10.7759 12.747 10.6019 11.3506 18.6079 18.3088 13.2313 10.2524 17.0936 13.0782 14.7241 16.5812 13.4044 11.671 10.9766 13.8872 10.6271 13.1451 14.7662 17.6517 10.8668 10.4649 10.3585 9.72409 8.83636 8.35437 8.38173 7.8441 9.58808 7.09492 19.1595 7.37031 11.6045 10.3493 7.84669 7.03726 13.9706 7.34996 13.5281 6.81779 6.5128
threshold=8.5000000000000018 4.5000000000000009 8.5000000000000018 1.5000000000000002 3.5000000000000004 5.5000000000000009 1.0000000180025095e-35 1.0000000180025095e-35 45.000000000000007 1.5000000000000002 19.500000000000004 1.0000000180025095e-35 2.5000000000000004 1.5000000000000002 9.5000000000000018 6.5000000000000009 115.00000000000001 5.5000000000000009 36.500000000000007 4.5000000000000009 11.500000000000002 1.5000000000000002 65.000000000000014 10.500000000000002 2.5000000000000004 1.0000000180025095e-35 13.500000000000002 1.5000000000000002 3.5000000000000004 3.5000000000000004 2.5000000000000004 1.5000000000000002 4.5000000000000009 9.5000000000000018 12.500000000000002 1.5000000000000002 4.5000000000000009 4.5000000000000009 14.500000000000002 4.5000000000000009 12.500000000000002 165.50000000000003
decision_type=2 2 2 2 2 2 2 2 2 2 2 2 2 2 2 2 2 2 2 2 2 2 2 2 2 2 2 2 2 2 2 2 2 2 2 2 2 2 2 2 2 2
left_child=-1 2 3 -2 6 -6 7 24 9 10 11 17 13 -13 26 16 30 -3 19 20 -19 -21 -18 41 -5 -25 -14 -28 -24 -30 31 -10 34 -34 35 40 38 -38 39 -4 -32 -16
right_child=1 8 36 4 5 -7 -8 -9 15 -11 -12 12 14 -15 23 -17 22 18 -20 21 -22 -23 28 25 -26 -27 27 -29 29 -31 32 -33 33 -35 -36 -37 37 -39 -40 -41 -42 -43
leaf_value=0.0029284279579750478 0.04333690100856661 0.044484138558567365 0.047278778426249286 0.019930414308144264 0.071931742426008818 -0.081546235709637108 -0.1173916328326027 0.067466295096812109 0.08284528021642644 -0.089805029753792273 0.052518140346395369 -0.081841128710907859 -0.10024399016649109 0.032807516247769446 -0.10713777376797783 0.030572286432105786 0.029514957479898043 -0.040371674887996159 0.059793531012743775 -0.026866538864950936 0.041856817596645501 -0.10193788347625851 -0.091273893382814983 0.022754029280470631 -0.11699359658994238 -0.099460128674727574 0.055994937155488596 -0.094889329966036759 0.085483128828051674 -0.089106621077295542 -0.00030499523941228526 -0.11359552703200342 -0.096569779789872037 0.015967413155167136 0.075039361761762374 -0.089850839296596222 -0.11171259250451354 0.072435814547471944 0.064042287822183963 -0.067320565367091328 0.050575334273910658 0.018555385808517365
leaf_weight=1156.4427690408193 10.456562545150517 14.59304350428283 13.184287120588126 3.5743959881365317 8.7635760102421028 4.7331519573926917 10.134216864593325 5.5739860795438281 2.8109858101233822 13.500722748227416 10.000204317271708 5.2182358088903156 25.231780265457932 16.603905097581446 7.3924939548596758 34.617882039397955 5.1420567231252816 19.125390312168747 8.5911226561292988 22.388047771062702 21.867187146097422 11.430361564736812 15.799741449300202 13.732330595143141 4.6064372807741165 2.750959873199462 2.9778934232890597 2.727247592061758 2.4702248740941277 2.3904678816907108 46.246908625587821 6.099755191244185 6.3707003928720942 8.1070658117532712 9.772654986009 3.1467700079083434 3.5159022053703657 2.9196597449481487 25.022316168062389 5.7664712611585847 13.218733055517076 2.032299816608429
leaf_count=5385 31 98 52 19 31 44 95 19 9 298 59 87 423 91 99 192 53 242 52 254 204 239 416 130 46 61 20 65 6 62 346 65 97 74 44 56 39 7 82 42 66 2
internal_value=0 -0.00744907 0.0108881 -0.0122246 -0.0278191 0.0179587 -0.0537181 -0.00655516 -0.0125085 -0.0218822 -0.0169486 -0.0208962 -0.0410526 0.00525877 -0.0588433 -0.000486696 -0.00934557 -0.00469565 -0.0133283 -0.021763 0.00346376 -0.0523478 -0.0500562 -0.0277476 -0.0571935 0.00213149 -0.084791 -0.0160701 -0.0699295 -0.000173908 0.00162422 -0.0514246 0.00709649 -0.0335833 0.0152599 0.00587691 0.0328398 -0.0280537 0.0417914 0.0122925 0.0110084 -0.0799464
internal_weight=0 454.608 98.251 47.8423 37.3858 13.4967 23.889 13.7548 356.357 200.163 186.663 176.662 78.6671 21.8221 56.845 156.194 121.576 97.9952 83.4021 74.811 40.9926 33.8184 25.8025 25.9081 8.18083 16.4833 30.9369 5.70514 20.6604 4.86069 95.7736 8.91074 86.8628 14.4778 72.3851 62.6124 50.4086 6.43556 43.9731 18.9508 59.4656 9.42479
internal_count=9802 4417 507 285 254 75 179 84 3910 2424 2126 2067 978 178 800 1486 1294 1089 991 939 446 493 537 292 65 191 508 85 484 68 757 74 683 171 512 468 222 46 176 94 412 101
is_linear=0
shrinkage=0.0625684


end of trees

feature_importances:
result_1=38
ninki_2=37
self_popularity=37
f_courseout=29
ninki_1=29
result_3=29
ninki_3=27
result_2=24
umaban=23
mf_classout.1=21
f_lenout=18
mf_courseout=17
f_course1=15
mf_course1=14
mf_classout=14
f_classout=14
f_len1=13
f_len2=12
waku=12
f_course3=11
mf_class3=11
f_mf_courseout=9
mf_len1=9
f_mf_classout=9
f_class3=9
f_course2=7
mf_len2=7
mf_len3=7
f_len3=6
mf_course2=5
mf_course3=5
f_class1=5
f_class2=5
mf_class1=5
mf_class2=4
f_mf_classout.1=3
f_mf_course3=2
f_mf_course2=1
f_mf_len1=1
f_mf_len2=1
f_mf_len3=1

parameters:
[boosting: gbdt]
[objective: lambdarank]
[metric: ndcg]
[tree_learner: serial]
[device_type: cpu]
[data_sample_strategy: bagging]
[data: ]
[valid: ]
[num_iterations: 205]
[learning_rate: 0.0625684]
[num_leaves: 43]
[num_threads: 16]
[seed: 0]
[deterministic: 0]
[force_col_wise: 1]
[force_row_wise: 0]
[histogram_pool_size: -1]
[max_depth: 10]
[min_data_in_leaf: 21]
[min_sum_hessian_in_leaf: 0.001]
[bagging_fraction: 1]
[pos_bagging_fraction: 1]
[neg_bagging_fraction: 1]
[bagging_freq: 0]
[bagging_seed: 7719]
[feature_fraction: 1]
[feature_fraction_bynode: 1]
[feature_fraction_seed: 2437]
[extra_trees: 0]
[extra_seed: 11797]
[early_stopping_round: 0]
[first_metric_only: 0]
[max_delta_step: 0]
[lambda_l1: 0.0177849]
[lambda_l2: 0.0330836]
[linear_lambda: 0]
[min_gain_to_split: 0]
[drop_rate: 0.1]
[max_drop: 50]
[skip_drop: 0.5]
[xgboost_dart_mode: 0]
[uniform_drop: 0]
[drop_seed: 21238]
[top_rate: 0.2]
[other_rate: 0.1]
[min_data_per_group: 100]
[max_cat_threshold: 32]
[cat_l2: 10]
[cat_smooth: 10]
[max_cat_to_onehot: 4]
[top_k: 20]
[monotone_constraints: ]
[monotone_constraints_method: basic]
[monotone_penalty: 0]
[feature_contri: ]
[forcedsplits_filename: ]
[refit_decay_rate: 0.9]
[cegb_tradeoff: 1]
[cegb_penalty_split: 0]
[cegb_penalty_feature_lazy: ]
[cegb_penalty_feature_coupled: ]
[path_smooth: 0]
[interaction_constraints: ]
[verbosity: -1]
[saved_feature_importance_type: 0]
[use_quantized_grad: 0]
[num_grad_quant_bins: 4]
[quant_train_renew_leaf: 0]
[stochastic_rounding: 1]
[linear_tree: 0]
[max_bin: 255]
[max_bin_by_feature: ]
[min_data_in_bin: 3]
[bin_construct_sample_cnt: 200000]
[data_random_seed: 38]
[is_enable_sparse: 1]
[enable_bundle: 1]
[use_missing: 1]
[zero_as_missing: 0]
[feature_pre_filter: 1]
[pre_partition: 0]
[two_round: 0]
[header: 0]
[label_column: ]
[weight_column: ]
[group_column: ]
[ignore_column: ]
[categorical_feature: ]
[forcedbins_filename: ]
[precise_float_parser: 0]
[parser_config_file: ]
[objective_seed: 8855]
[num_class: 1]
[is_unbalance: 0]
[scale_pos_weight: 1]
[sigmoid: 1]
[boost_from_average: 1]
[reg_sqrt: 0]
[alpha: 0.9]
[fair_c: 1]
[poisson_max_delta_step: 0.7]
[tweedie_variance_power: 1.5]
[lambdarank_truncation_level: 30]
[lambdarank_norm: 1]
[label_gain: ]
[lambdarank_position_bias_regularization: 0]
[eval_at: 1,3,5]
[multi_error_top_k: 1]
[auc_mu_weights: ]
[num_machines: 1]
[local_listen_port: 12400]
[time_out: 120]
[machine_list_filename: ]
[machines: ]
[gpu_platform_id: -1]
[gpu_device_id: -1]
[gpu_use_dp: 0]
[num_gpu: 1]

end of parameters

pandas_categorical:[]
