tree
version=v4
num_class=1
num_tree_per_iteration=1
label_index=0
max_feature_idx=49
objective=lambdarank
feature_names=f_course1 f_course2 f_course3 f_courseout mf_course1 mf_course2 mf_course3 mf_courseout f_mf_course1 f_mf_course2 f_mf_course3 f_mf_courseout f_len1 f_len2 f_len3 f_lenout mf_len1 mf_len2 mf_len3 mf_classout f_mf_len1 f_mf_len2 f_mf_len3 f_mf_classout f_class1 f_class2 f_class3 f_classout mf_class1 mf_class2 mf_class3 mf_classout.1 f_mf_class1 f_mf_class2 f_mf_class3 f_mf_classout.1 time_df_course1 time_df_class1 ninki_1 result_1 time_df_course2 time_df_class2 ninki_2 result_2 time_df_course3 time_df_class3 ninki_3 result_3 waku umaban
feature_infos=[-1:76] [-1:67] [-1:58] [-1:427] [-1:68] [-1:54] [-1:48] [-1:485] [-1:12] [-1:10] [-1:10] [-1:59] [-1:19] [-1:23] [-1:16] [-1:152] [-1:21] [-1:20] [-1:18] [-1:125] [-1:4] [-1:5] [-1:4] [-1:22] [-1:9] [-1:9] [-1:6] [-1:71] [-1:9] [-1:7] [-1:8] [-1:58] [-1:2] [-1:3] [-1:2] [-1:9] [-1:0] [-1:0] [-1:180] [-1:140] [-1:0] [-1:0] [-1:180] [-1:180] [-1:0] [-1:0] [-1:180] [-1:180] [1:8] [1:18]
tree_sizes=5155 3501 2436 2547 5164 2862 5201 4021 4446 4346 5185 3417

Tree=0
num_leaves=48
num_cat=0
split_feature=0 1 28 43 11 0 31 6 27 46 48 38 49 21 23 38 7 49 13 7 38 47 15 47 39 12 38 42 14 46 46 7 49 42 6 15 38 46 31 5 14 11 16 6 11 49 38
split_gain=7.30018 5.84403 5.45116 5.9789 4.8123 4.75873 4.53865 6.53835 5.09717 4.4831 3.90251 3.51487 7.12748 4.01637 3.46496 5.51237 4.84901 4.11969 3.95702 3.93785 6.04121 3.9424 3.39365 3.28477 3.17124 3.03592 3.02673 2.76223 2.60654 2.53667 2.4763 2.36322 4.63121 2.63684 2.288 2.28005 2.12037 2.33198 2.08531 1.90878 1.891 2.14393 1.83061 3.20764 2.09144 1.76132 1.73044
threshold=8.5000000000000018 8.5000000000000018 1.0000000180025095e-35 13.500000000000002 1.5000000000000002 12.500000000000002 4.5000000000000009 17.500000000000004 16.500000000000004 4.5000000000000009 1.5000000000000002 3.5000000000000004 9.5000000000000018 1.0000000180025095e-35 1.0000000180025095e-35 3.5000000000000004 133.50000000000003 7.5000000000000009 1.0000000180025095e-35 2.5000000000000004 4.5000000000000009 13.500000000000002 21.500000000000004 3.5000000000000004 2.5000000000000004 2.5000000000000004 12.500000000000002 13.500000000000002 1.0000000180025095e-35 12.500000000000002 2.5000000000000004 104.50000000000001 10.500000000000002 7.5000000000000009 10.500000000000002 2.5000000000000004 6.5000000000000009 25.000000000000004 4.5000000000000009 1.0000000180025095e-35 3.5000000000000004 2.5000000000000004 3.5000000000000004 17.500000000000004 12.500000000000002 7.5000000000000009 19.000000000000004
decision_type=2 2 2 2 2 2 2 2 2 2 2 2 2 2 2 2 2 2 2 2 2 2 2 2 2 2 2 2 2 2 2 2 2 2 2 2 2 2 2 2 2 2 2 2 2 2 2
left_child=1 14 3 4 5 25 40 27 -9 -3 23 12 -7 -13 15 31 18 36 -16 21 -21 45 -22 -6 -19 -2 -5 34 -20 -30 -27 32 33 -1 -8 -23 -18 -38 -33 -34 41 -4 44 -44 -12 -17 -11
right_child=2 9 6 26 10 11 7 8 -10 46 42 13 -14 -15 16 19 17 24 28 20 22 35 -24 -25 -26 30 -28 -29 29 -31 -32 38 39 -35 -36 -37 37 -39 -40 -41 -42 -43 43 -45 -46 -47 -48
leaf_value=-0.038519872743659291 -0.11737733670959306 -0.032225172162984296 -0.1197559258655601 -0.033567537440612576 0.0069346228214470203 0.080362115797879927 0.049546256635408993 -0.1040904806949025 0.01654432594102025 0.048368895229769143 0.023172203697398076 -0.031379974048507835 -0.084122954050636176 0.06308665463177883 -0.076637573586421481 -0.0022966815391370098 0.12985087649800153 0.04577286187801427 0.037409346496505479 0.10326046688022289 0.015248572942473726 -0.0016906634563778572 0.07496441430305302 -0.14449436001281449 -0.096168525686007852 -0.10373279402833496 -0.14454802947865339 0.07674806572847459 0.00034472997766313805 -0.096360320589565632 -0.0022462503367694209 0.06852026111961787 -0.030563075442219163 -0.11258304159033483 -0.0835473432722528 0.10314089268434626 -0.041599929090453402 0.076301639799393264 -0.021782297677307803 0.044180562414614877 -0.12814454449723678 0.0018481775686472383 0.038276623855585293 -0.093335939937485318 0.081885595768307257 -0.0420732811968762 0.11222957774096666
leaf_weight=12.6155684911646 4.6819472620263687 3.0055851619690648 1.7994901882484571 4.0521726161241522 2.2016832549124947 7.2480776947922987 1.6724622354377081 7.6910687338095141 3.5805315468460321 5.7991580953821522 34.687870681053028 25.181454317877073 2.4534928817301989 3.5820584939792743 11.172820842126386 18.022017732029784 2.3164759799838048 1.8579240422695873 5.1540768793784064 6.2099317517131558 114.67947196064051 2.6593358553946009 7.0653296506498 1.8126694574020801 2.6501456669066101 2.383326690644024 3.0130430413410068 4.4595072688534856 4.6379470122046769 3.1861973863560706 5.6719767916947603 3.4365779720246783 4.0422353069297952 4.612412145594134 1.9233432989567516 3.1574935005046427 1.8400147585198281 3.168253256008029 3.692332811653614 5.7955203475430608 5.3667207844555378 2.2799878250807524 2.7924087755382052 2.3865552144125104 4.8411253197118631 13.762733372626824 6.2699269391596317
leaf_count=227 84 44 40 67 34 65 23 132 59 64 481 389 48 36 194 278 14 25 60 49 1559 39 77 39 56 54 68 40 67 64 79 36 68 92 38 29 34 40 59 73 102 36 39 50 46 244 50
internal_value=0 0.00846048 -0.015629 -0.00692413 -0.00165207 -0.0195674 -0.0479543 -0.0246406 -0.0657588 0.058945 0.0171648 -0.00486215 0.0386316 -0.0195652 0.00522562 0.00953358 -0.0186668 0.0251668 -0.0401673 0.0158532 0.0228497 -0.00794116 0.018729 -0.0616572 -0.0376064 -0.0638646 -0.0812191 0.0328494 -0.00866718 -0.0391021 -0.0325033 -0.0210402 -0.0323343 -0.0584765 -0.0215623 0.0552692 0.0638691 0.0328882 0.0217402 0.0134168 -0.0954605 -0.0519591 0.024276 -0.0223873 0.0304103 -0.0195504 0.0817065
internal_weight=0 250.809 135.763 106.99 99.9246 51.2023 28.7731 19.3269 11.2716 15.0747 48.7223 38.4651 9.70157 28.7635 235.735 199.751 35.9839 11.8328 24.151 165.556 127.955 37.6016 121.745 4.01435 4.50807 12.7373 7.06522 8.05531 12.9782 7.82414 8.0553 34.1946 27.0657 17.228 3.59581 5.81683 7.32474 5.00827 7.12891 9.83776 9.4462 4.07948 44.708 5.17896 39.529 31.7848 12.0691
internal_count=5591 3542 2049 1579 1444 755 470 292 191 158 689 538 113 425 3384 2830 554 169 385 2275 1685 590 1636 73 81 217 135 101 191 131 133 555 460 319 61 68 88 74 95 141 178 76 616 89 527 522 114
is_linear=0
shrinkage=0.083682


Tree=1
num_leaves=32
num_cat=0
split_feature=8 2 31 6 19 47 42 5 18 2 18 31 11 12 4 11 39 0 23 5 47 42 39 18 38 14 3 5 42 15 31
split_gain=8.63715 14.7576 10.0342 9.44134 13.1604 10.0516 7.13397 13.886 14.1905 11.1072 11.3156 11.547 10.8974 10.4744 15.2944 9.54853 9.44587 14.1304 8.29721 8.00935 9.86677 9.75426 7.57854 12.9063 8.87729 4.17967 3.49527 2.46034 1.84484 0.985795 0.347279
threshold=2.5000000000000004 46.500000000000007 10.500000000000002 21.500000000000004 17.500000000000004 2.5000000000000004 35.000000000000007 24.500000000000004 5.5000000000000009 1.0000000180025095e-35 1.0000000180025095e-35 3.5000000000000004 2.5000000000000004 11.500000000000002 8.5000000000000018 14.500000000000002 15.500000000000002 6.5000000000000009 4.5000000000000009 4.5000000000000009 5.5000000000000009 85.000000000000014 8.5000000000000018 1.5000000000000002 45.000000000000007 1.0000000180025095e-35 4.5000000000000009 1.0000000180025095e-35 105.00000000000001 1.0000000180025095e-35 23.500000000000004
decision_type=2 2 2 2 2 2 2 2 2 2 2 2 2 2 2 2 2 2 2 2 2 2 2 2 2 2 2 2 2 2 2
left_child=6 2 3 4 -2 -5 15 9 -9 19 11 12 -11 14 -12 16 18 27 22 20 21 -8 24 -24 -1 -10 -22 -18 29 -21 -4
right_child=1 -3 30 5 -6 -7 7 8 25 10 13 -13 -14 -15 -16 -17 17 -19 -20 28 26 -23 23 -25 -26 -27 -28 -29 -30 -31 -32
leaf_value=0.0040262574182446283 -0.0077319116569502981 0.097638267778941093 -0.11891322861767613 0.11418748184327389 -0.14765093909305221 -0.052898508764953216 -0.044095157132565441 0.10307209171117585 -0.082783017651070837 0.014143440775375007 -0.063696911720615187 0.10097062189464472 -0.057704801022839716 0.06423045953842528 0.00023129982702057447 0.069871001554923262 0.11243587322331766 -0.047774679069847996 -0.095112328842414884 -0.097763125728519432 -0.093468901587911421 0.057797070849157223 -0.021629253206334621 0.024309135594102371 0.033847638990167732 0.020931361498974944 -0.022721054513211502 0.058161832624887423 -0.13488131036829062 -0.048881535304958 -0.15651361389955723
leaf_weight=438.22901555197313 11.305627774447208 5.0162054579704991 4.5498772915452701 5.21813992038369 8.0605332534760219 4.8424833929166198 12.960788356140258 14.945329140871765 4.5730049498379213 106.65468842722476 53.319125404581428 9.2621076088398677 17.141632536426187 8.4922837093472463 51.488502226769924 15.897876538336275 9.7939039468765277 8.0480714589357358 6.0335145201534024 6.2838367968797701 14.034913724288346 13.3221775945276 164.44363778736442 57.880049046128988 83.165886220987886 6.6539267664775252 7.5557711776345959 14.882326338440178 5.2828873898833981 5.5783272013068199 3.7263479232788086
leaf_count=2101 44 12 53 21 46 52 63 35 25 549 287 24 71 29 214 55 23 53 37 34 88 45 841 244 319 49 51 54 37 23 12
internal_value=0 -0.0369312 -0.0548872 -0.0319274 -0.0660792 0.0337621 0.00138946 -0.00880865 0.0497091 -0.0137315 -0.00560836 0.0109377 0.00418368 -0.0250431 -0.0322916 0.00570193 0.00439592 0.048393 0.00247377 -0.0444924 -0.0268816 0.00753601 0.00326845 -0.00966625 0.00878497 -0.0213335 -0.0687743 0.0797909 -0.0935559 -0.0749295 -0.136211
internal_weight=0 42.7192 37.703 29.4268 19.3662 10.0606 1135.92 337.549 26.1723 311.377 246.358 133.058 123.796 113.3 104.808 798.374 782.476 32.7243 749.752 65.0187 47.8737 26.283 743.719 222.324 521.395 11.2269 21.5907 24.6762 17.1451 11.8622 8.27623
internal_count=5591 240 228 163 90 73 5351 1624 109 1515 1174 644 620 530 501 3727 3672 130 3542 341 247 108 3505 1085 2420 74 139 77 94 57 65
is_linear=0
shrinkage=0.083682


Tree=2
num_leaves=22
num_cat=0
split_feature=30 12 12 47 4 4 19 31 49 42 43 7 39 31 42 38 38 43 42 19 27
split_gain=8.04 6.178 7.00605 8.59847 5.29082 15.3056 9.19585 9.22852 9.32322 8.87884 8.04809 12.3667 7.22053 9.73482 5.17157 5.0301 4.6094 6.83764 4.452 3.36461 0.598373
threshold=3.5000000000000004 18.000000000000004 13.000000000000002 6.5000000000000009 5.5000000000000009 4.5000000000000009 13.500000000000002 1.5000000000000002 1.5000000000000002 9.5000000000000018 3.5000000000000004 50.500000000000007 15.500000000000002 3.5000000000000004 14.500000000000002 6.5000000000000009 9.5000000000000018 3.5000000000000004 25.000000000000004 85.500000000000014 2.5000000000000004
decision_type=2 2 2 2 2 2 2 2 2 2 2 2 2 2 2 2 2 2 2 2 2
left_child=1 2 4 18 5 12 10 9 -9 -8 11 -6 13 -1 -14 -12 20 -18 -4 -2 -7
right_child=19 -3 3 -5 6 16 7 8 -10 -11 15 -13 14 -15 -16 -17 17 -19 -20 -21 -22
leaf_value=-0.0066473941127452307 -0.1399673554582343 -0.085228576471725048 0.030732455112660921 -0.038810106529818061 -0.11680718872223271 -0.14155935136962655 0.021455436388966371 0.053718527652151335 0.0014680560021757372 -0.08593323881638254 -0.007592568616133652 0.034296701088077072 0.055070489725445107 0.037812814830096818 -0.0063275014099421004 0.069953435360984847 0.0047777212209954862 -0.095804626105715454 0.11734177986881696 -0.028722434600509113 -0.094657131651817258
leaf_weight=575.57757863868028 3.8782350309193125 5.820859955623745 7.717798922210938 6.0106924548745146 5.2594029419124153 4.0331578981131333 8.3126529753208178 26.438808653503656 249.05992722511292 15.256643529981373 6.9672275632619849 13.459815990179775 25.81564074754715 36.664003787562251 15.266295863315461 36.266410917043686 9.9730182029306906 8.970758277922867 9.0822493545711023 3.7735844543203712 4.2342490181326866
leaf_count=3118 28 28 43 44 43 31 35 98 1270 101 38 55 72 172 81 137 46 67 23 34 27
internal_value=0 0.000611843 0.00108323 0.0469415 7.75995e-05 -0.00426591 0.00826648 0.00218511 0.00648748 -0.048049 0.0376058 -0.00820232 -0.00170304 -0.00398301 0.0322493 0.0574467 -0.0657375 -0.0428715 0.0776612 -0.0853713 -0.117861
internal_weight=0 1070.19 1064.37 22.8107 1041.56 680.535 361.021 299.068 275.499 23.5693 61.9529 18.7192 653.324 612.242 41.0819 43.2336 27.2112 18.9438 16.8 7.65182 8.26741
internal_count=5591 5529 5501 110 5391 3614 1777 1504 1368 136 273 98 3443 3290 153 175 171 113 66 62 58
is_linear=0
shrinkage=0.083682


Tree=3
num_leaves=23
num_cat=0
split_feature=47 27 39 3 26 3 29 23 47 5 6 7 42 15 49 30 31 3 24 0 49 42
split_gain=4.82092 9.52004 6.54519 9.53644 10.2483 8.00276 7.50039 6.31406 13.3547 11.2883 8.3939 8.91476 8.01078 6.0592 10.4616 6.96688 15.3802 5.24066 4.79892 3.87356 3.55533 0.509634
threshold=65.000000000000014 1.0000000180025095e-35 15.500000000000002 24.500000000000004 1.0000000180025095e-35 50.500000000000007 4.5000000000000009 1.5000000000000002 7.5000000000000009 1.0000000180025095e-35 13.500000000000002 58.500000000000007 85.000000000000014 86.500000000000014 5.5000000000000009 2.5000000000000004 18.500000000000004 46.500000000000007 1.0000000180025095e-35 1.0000000180025095e-35 10.500000000000002 11.500000000000002
decision_type=2 2 2 2 2 2 2 2 2 2 2 2 2 2 2 2 2 2 2 2 2 2
left_child=2 -2 6 19 5 -5 7 13 9 -9 11 -10 -11 15 -15 16 -1 -17 -16 -4 -12 -7
right_child=1 -3 3 4 -6 21 -8 8 10 12 20 -13 -14 14 18 17 -18 -19 -20 -21 -22 -23
leaf_value=-0.0049494582244160581 0.027388803034517618 -0.12734166773729558 0.033499999479785332 0.0086364632478804701 0.066134699206513436 -0.083759226071793896 -0.099582029429955671 0.11064158260230471 -0.070103894771261652 0.028162059533493034 -0.046170594109164027 0.042314329678295702 -0.070270919538084314 0.0892640565430904 0.033608903610117709 -0.030314744527197408 0.08077159843492468 -0.14972190863845905 -0.077710905234316494 0.10155086296747945 -0.13268730389684524 -0.12871252588439705
leaf_weight=796.1079676784575 5.2324848212301713 5.9099212363362312 11.357780262827875 9.4448427073657566 9.3163939584046584 3.8582084700465193 5.3462754078209391 11.165176659822462 7.3498120512813356 88.055576330982149 9.7746289651840907 14.966391090303658 6.1772739626467219 12.939476348459722 5.3898312225937826 8.336048034951089 14.91344905272126 3.7241477426141492 5.4166707303375006 12.201590251177548 5.0751498974859706 3.793862434104085
leaf_count=4297 28 51 30 34 42 23 52 28 62 414 78 63 46 37 18 57 48 39 41 27 42 34
internal_value=0 -0.0547074 0.000584425 0.0301308 -0.00437946 -0.0428635 -0.000899901 -0.000364319 0.0159267 0.0311368 -0.0271874 0.00523941 0.0216916 -0.00310782 0.0385481 -0.00431105 -0.00337076 -0.0674 -0.0221782 0.0688172 -0.0759 -0.106367
internal_weight=0 11.1424 1044.71 49.9727 26.4133 17.0969 994.738 989.392 142.564 105.398 37.166 22.3162 94.2329 846.828 23.746 823.082 811.021 12.0602 10.8065 23.5594 14.8498 7.65207
internal_count=5591 79 5512 190 133 91 5322 5270 733 488 245 125 460 4537 96 4441 4345 96 59 57 120 57
is_linear=0
shrinkage=0.083682


Tree=4
num_leaves=48
num_cat=0
split_feature=11 22 42 47 1 0 48 48 28 38 46 22 21 39 42 5 6 38 31 7 38 39 39 0 4 0 43 4 47 43 42 38 15 11 7 1 43 48 47 43 3 48 48 4 7 43 39
split_gain=4.40745 17.0075 9.90085 6.44152 6.56138 11.3057 8.41695 11.6299 7.83034 9.79596 6.89347 8.97887 5.8661 5.86087 9.72412 11.5752 5.80484 8.31633 5.71561 10.411 10.2863 9.37799 12.6819 10.0044 9.14032 14.8278 12.1602 7.55643 14.4912 10.7659 6.43273 6.31547 6.15441 5.22118 5.06771 4.68166 6.24461 4.48267 4.44166 4.23981 4.12033 5.44844 2.96661 2.137 2.10685 1.97606 1.65711
threshold=5.5000000000000009 1.0000000180025095e-35 85.000000000000014 9.5000000000000018 14.500000000000002 28.500000000000004 6.5000000000000009 5.5000000000000009 1.0000000180025095e-35 75.000000000000014 2.5000000000000004 1.0000000180025095e-35 1.0000000180025095e-35 15.500000000000002 14.500000000000002 1.0000000180025095e-35 12.500000000000002 7.5000000000000009 3.5000000000000004 84.500000000000014 7.5000000000000009 6.5000000000000009 7.5000000000000009 40.500000000000007 9.5000000000000018 19.000000000000004 3.5000000000000004 1.0000000180025095e-35 10.500000000000002 11.500000000000002 5.5000000000000009 9.5000000000000018 6.5000000000000009 7.5000000000000009 54.500000000000007 11.500000000000002 4.5000000000000009 2.5000000000000004 6.5000000000000009 3.5000000000000004 20.500000000000004 6.5000000000000009 6.5000000000000009 17.500000000000004 44.500000000000007 7.5000000000000009 9.5000000000000018
decision_type=2 2 2 2 2 2 2 2 2 2 2 2 2 2 2 2 2 2 2 2 2 2 2 2 2 2 2 2 2 2 2 2 2 2 2 2 2 2 2 2 2 2 2 2 2 2 2
left_child=1 13 38 4 10 6 7 37 39 42 11 -2 35 18 40 -16 33 -18 21 20 30 27 32 -24 25 -21 -26 29 -29 -1 -20 -22 -23 -5 -17 36 -12 -6 44 -7 -15 -42 -10 -19 -3 -40 -45
right_child=3 2 -4 16 5 8 -8 -9 9 -11 12 -13 -14 14 15 34 17 43 19 24 31 22 23 -25 26 -27 -28 28 -30 -31 -32 -33 -34 -35 -36 -37 -38 -39 45 -41 41 -43 -44 46 -46 -47 -48
leaf_value=0.023440977192906925 -0.07248938181627966 -0.087687638609942706 0.051304417135813962 0.057017842540288154 0.012887499665201505 0.087023910248648681 -0.11485492113194626 0.077164343578154382 -0.1434424679025342 0.073391666998444099 0.11118970839731163 0.066365187659311334 0.0061078820852349704 0.098421195530376093 0.059675731466739101 -0.11664609498443276 0.048013391683443721 -0.14865602108562645 -0.10242445595191646 -0.072857254640171676 0.12045049764278923 -0.10176294730169634 -0.0071680002534916425 -0.11380128068887546 -0.02727347255622499 0.072970854918703157 0.036252602872200779 -0.016137252572353874 0.043410188764038592 -0.058318563316637775 0.015871320304883491 0.042995399415156905 -0.032966975312745679 -0.037296964597846996 -0.01058342394690767 0.12442656651235354 0.008840936349787748 -0.079708077489647061 -0.0013909124966432745 0.015777025583166009 -0.01001327309861506 0.089570557166510995 -0.024437878267977938 -0.016931044617561869 -0.1519102768108625 -0.08086301025498277 -0.11322526681820166
leaf_weight=143.37820232659578 6.9404177572578174 8.6003382876515442 4.2288902997970572 8.4253266807645613 5.4980895072221854 16.419162115082148 6.7390803005546323 7.4952007792890063 3.4657497359439713 4.1673107743263245 7.5166134461760583 6.1179313771426678 9.467834232375024 11.765284124761822 8.7480224594473857 6.5209573134779912 3.3758443985134354 4.2659637909382564 4.7191584315150967 23.919992795214061 9.1305023580789548 16.213312510401011 215.2336914697662 6.3257806152105323 35.579684739001095 6.1148054823279372 51.783035131171346 187.59932456351817 33.748436883091927 12.220503819175063 10.015611629933117 38.475946865044534 20.876019354909658 7.9870004784315816 6.1252799313515425 11.163708001375197 9.3953272905200702 10.860925162211059 4.5336009263992292 9.1249068882316333 8.9324290016666037 6.7251157164573661 2.569314843043685 2.4112549517303705 6.3563517071306697 4.2477092407643795 2.6336194258183241
leaf_count=709 40 64 25 35 32 47 54 28 45 11 19 21 50 23 39 51 27 28 34 141 23 110 1285 60 203 16 238 1018 147 95 52 151 125 54 43 27 52 71 29 42 47 17 21 23 55 27 37
internal_value=0 -0.00220615 -0.0664111 0.0134753 0.0222439 0.00492022 -0.0324023 -0.00901711 0.0368771 -0.0250276 0.0449354 -0.00739355 0.0631451 -0.0001263 0.0280319 -0.0142279 -0.0217378 -0.0642121 -0.00181346 0.0113603 0.038993 -0.00553988 -0.0178106 -0.0102239 -0.00331277 -0.0431246 0.0103745 0.00287898 -0.00705302 0.0170103 -0.0220601 0.0579018 -0.0630897 0.0110978 -0.0654039 0.0823446 0.0544316 -0.0485763 -0.087427 0.0616225 0.0610079 0.0327805 -0.0930896 -0.104972 -0.115167 -0.0399798 -0.0675287
internal_weight=0 892.118 27.9669 146.041 116.942 66.3397 30.5933 23.8542 35.7464 10.2024 50.6018 13.0583 37.5435 864.151 48.8171 21.3943 29.099 12.6867 815.334 179.739 62.3412 635.595 258.649 221.559 117.398 30.0348 87.3627 376.946 221.348 155.599 14.7348 47.6064 37.0893 16.4123 12.6462 28.0756 16.9119 16.359 23.738 25.5441 27.4228 15.6575 6.03506 9.31084 14.9567 8.78131 5.04487
internal_count=5591 4827 200 764 560 351 185 131 166 77 209 61 148 4627 220 133 204 115 4407 858 260 3549 1580 1345 598 157 441 1969 1165 804 86 174 235 89 94 98 71 103 175 89 87 64 66 88 119 56 60
is_linear=0
shrinkage=0.083682


Tree=5
num_leaves=26
num_cat=0
split_feature=3 2 31 17 3 24 11 48 17 3 7 16 17 0 39 17 43 12 6 39 38 49 42 26 27
split_gain=5.20085 7.222 5.65582 8.6992 12.4264 7.55263 7.61448 9.35042 7.30373 6.08009 9.82841 7.82726 11.1781 10.3098 9.81057 11.1141 8.28907 7.25602 6.55344 5.15938 3.86011 3.80166 4.23833 2.08375 1.71583
threshold=384.50000000000006 42.000000000000007 4.5000000000000009 3.5000000000000004 24.500000000000004 2.5000000000000004 5.5000000000000009 5.5000000000000009 1.0000000180025095e-35 105.50000000000001 76.500000000000014 4.5000000000000009 3.5000000000000004 5.5000000000000009 4.5000000000000009 6.5000000000000009 3.5000000000000004 1.5000000000000002 11.500000000000002 9.5000000000000018 4.5000000000000009 6.5000000000000009 19.000000000000004 1.0000000180025095e-35 11.500000000000002
decision_type=2 2 2 2 2 2 2 2 2 2 2 2 2 2 2 2 2 2 2 2 2 2 2 2 2
left_child=1 2 3 5 -5 6 8 -8 -1 11 -11 12 13 -4 16 -16 -13 -12 -19 -14 -6 -7 -23 -22 -3
right_child=-2 24 9 4 20 21 7 -9 -10 10 17 14 19 -15 15 -17 -18 18 -20 -21 23 22 -24 -25 -26
leaf_value=-0.00090832509939570887 -0.08405223367783389 0.081778587461336705 -0.0027442725628963804 0.073362797856827006 -0.014725091475281747 0.00078129071589877843 -0.0085804126298584422 0.064038779720798147 -0.021118931465783849 -0.10592921721723857 -0.079579911234672493 -0.021728607349256954 0.044652700219550805 0.066998429101716314 0.008771722783814195 -0.11339176107780023 0.079343751338460472 0.048998271303895176 -0.0094326717934085404 0.11370934908283169 -0.080480867641310558 0.028650695156066754 0.12832529986952093 -0.15011371209676186 0.028010701520151352
leaf_weight=497.0350032504648 5.1106333285570136 8.3446403518319148 55.834856253117323 4.5871083252131966 5.1503539811819818 7.0205315835773972 24.641732926480472 24.97817056812346 167.389160040766 6.5870850291103116 6.9725230578333131 11.302663341164591 17.023736035451297 20.19214984588325 10.732627388089897 10.108122603967784 11.383669480681418 20.395143710076809 39.31571430247277 13.746063858270643 12.288871150463821 6.0286938920617086 5.9623588174581528 4.0655467426404348 8.3981940113008005
leaf_count=2771 40 26 303 18 25 46 135 88 1031 47 50 80 71 64 48 81 36 69 295 34 100 41 17 34 41
internal_value=0 0.000431303 -0.00049713 -0.00394296 -0.0514083 -0.00225157 -0.00363879 0.027975 -0.00600123 0.0111992 -0.00855977 0.0208334 0.0330234 0.0157836 -0.00906501 -0.050502 0.0289881 0.001077 0.0105255 0.0755687 -0.0780863 0.0497766 0.0783747 -0.09797 0.0548992
internal_weight=0 999.485 982.742 759.148 26.0919 733.056 714.044 49.6199 664.424 223.594 73.2705 150.324 106.797 76.027 43.5271 20.8407 22.6863 66.6834 59.7109 30.7698 21.5048 19.0116 11.9911 16.3544 16.7428
internal_count=5591 5551 5484 4306 177 4129 4025 223 3802 1178 461 717 472 367 245 129 116 414 364 105 159 104 58 134 67
is_linear=0
shrinkage=0.083682


Tree=6
num_leaves=48
num_cat=0
split_feature=4 16 31 18 42 47 12 39 21 22 42 5 42 16 26 3 3 48 49 14 11 31 31 46 48 39 49 15 39 39 7 6 3 23 3 2 5 14 25 43 42 46 7 49 39 31 43
split_gain=7.04388 5.40142 6.53516 5.36907 11.568 11.4075 9.10999 6.6248 8.07592 9.41845 9.99568 11.9825 9.25599 6.92503 6.55708 8.54231 13.2787 7.4356 6.03641 9.00187 5.85562 9.99872 8.66027 5.72772 5.20382 4.40818 7.03636 6.47765 5.77736 5.1435 8.22627 8.28812 6.29823 6.27652 5.83685 10.1578 10.8904 5.56111 5.40766 5.02175 5.84497 4.16678 4.18763 3.03391 2.25134 2.27295 1.75852
threshold=5.5000000000000009 1.5000000000000002 3.5000000000000004 3.5000000000000004 115.00000000000001 6.5000000000000009 8.5000000000000018 4.5000000000000009 1.0000000180025095e-35 1.0000000180025095e-35 17.500000000000004 6.5000000000000009 4.5000000000000009 3.5000000000000004 1.0000000180025095e-35 32.500000000000007 72.000000000000014 3.5000000000000004 4.5000000000000009 1.5000000000000002 1.5000000000000002 2.5000000000000004 5.5000000000000009 105.00000000000001 3.5000000000000004 15.500000000000002 6.5000000000000009 2.5000000000000004 16.500000000000004 6.5000000000000009 55.500000000000007 3.5000000000000004 79.500000000000014 1.5000000000000002 1.5000000000000002 2.5000000000000004 1.0000000180025095e-35 1.0000000180025095e-35 1.0000000180025095e-35 6.5000000000000009 15.500000000000002 3.5000000000000004 70.500000000000014 10.500000000000002 8.5000000000000018 6.5000000000000009 8.5000000000000018
decision_type=2 2 2 2 2 2 2 2 2 2 2 2 2 2 2 2 2 2 2 2 2 2 2 2 2 2 2 2 2 2 2 2 2 2 2 2 2 2 2 2 2 2 2 2 2 2 2
left_child=1 25 43 7 5 6 20 8 9 10 12 -12 -2 14 15 17 -17 -9 -15 -20 21 -5 -22 44 -10 29 27 -27 -28 30 31 33 -33 -1 39 36 -36 -37 -32 -31 -41 -16 -43 46 45 -7 -3
right_child=3 2 -4 4 -6 23 -8 13 24 -11 11 -13 -14 18 41 16 -18 -19 19 -21 22 -23 -24 -25 -26 26 28 -29 -30 34 38 32 -34 -35 35 37 -38 -39 -40 40 -42 42 -44 -45 -46 -47 -48
leaf_value=-0.0026663258607091747 -0.015319523629388659 -0.11219395097046538 0.038611269143913496 0.083568022558961785 0.074906361058393475 -0.021257402092626193 -0.11135809409872482 -0.020483895237937328 0.10418227697632035 -0.11311441206728903 0.027300903483091186 -0.10711603370689091 0.054175006308819794 0.045306097616403924 0.10493648413239925 -0.084674774619113546 0.024860404925999439 0.072178995629709919 0.014860796574318075 -0.10120482199277235 -0.051351503499454998 -0.060104797201124022 0.041625882447166286 0.035105255683828947 0.0020636514719028832 0.032374281855535418 0.091543122871387619 -0.084880184026089447 -0.00057300854417876505 -0.037569746577788915 -0.10194497370941286 0.06952048233333355 -0.018818499901450677 0.05626854221290991 -0.076528880414442141 0.026477083965215691 -0.013218852329576435 -0.01450965509552651 -0.0045811639387828128 0.0017092083077168462 0.094209104838229474 0.079943046703501441 0.016370749662332745 -0.017004469422793947 -0.12878307353840826 -0.097011253967616923 -0.046643689156858889
leaf_weight=290.25383616425097 30.222994631156325 8.4651141278445774 5.2143905814737073 4.2902248334139612 10.983280159533022 4.7194962166249805 4.7771558691747478 7.7441207319498053 7.6584394723176938 5.8450090866535893 7.6262563914060619 11.813591022044418 24.103829534724355 9.480242598801853 12.135823914781211 10.603559033945201 28.644152626395226 27.688939554616809 10.571792360395195 8.3626283444464189 8.5883144750259799 15.913883617147802 37.874890346080065 3.0680007170885792 6.4349040314555168 7.1575840152800065 12.636651491746308 6.0857481453567743 7.6318745967000714 7.1112245572730926 8.6859324611723441 21.660766648128632 7.6243577618151894 13.212898176163433 36.818891069851816 29.465612033382058 39.420579304452986 108.35784872435033 7.4076749850064507 10.330361228436233 8.9110699184238893 13.788777664303781 15.371045978739856 5.8582782335579386 6.287990376353263 6.8242023624479771 4.4381227735429993
leaf_count=1541 168 78 25 12 55 32 58 46 17 47 38 89 87 39 39 84 128 102 48 81 64 123 179 21 44 28 40 41 45 55 69 84 54 47 294 150 253 677 38 71 41 40 84 48 76 70 41
internal_value=0 -0.00513332 -0.0440959 0.00972365 -0.00620148 -0.0158668 3.90672e-05 0.0166369 -0.000685342 -0.0110305 -0.00290878 -0.0543814 0.0155122 0.0278806 0.0369515 0.0221357 -0.00474502 0.0519122 -0.00912429 -0.0364216 0.00805736 -0.0295234 0.0244153 -0.0702176 0.0576552 -0.00363123 0.0258803 -0.0215114 0.0568629 -0.00531121 0.00117791 0.00400674 0.0465064 -9.53861e-05 -0.0147285 -0.0193049 -0.0438114 -0.0057409 -0.0572176 0.0224132 0.044623 0.0637108 0.046481 -0.0671254 -0.0883851 -0.0661672 -0.0897851
internal_weight=0 646.749 23.9759 341.424 103.327 92.3442 71.4445 238.096 93.705 79.6117 73.7667 19.4398 54.3268 144.391 115.976 74.6808 39.2477 35.4331 28.4147 18.9344 66.6673 20.2041 46.4632 20.8997 14.0933 622.773 33.5119 13.2433 20.2685 589.261 348.845 332.752 29.2851 303.467 240.416 214.063 76.2395 137.823 16.0936 26.3527 19.2414 41.2956 29.1598 18.7615 17.8317 11.5437 12.9032
internal_count=5591 3720 192 1871 690 635 436 1181 490 429 382 127 255 691 523 360 212 148 168 129 378 135 243 199 61 3528 154 69 85 3374 1833 1726 138 1588 1541 1374 547 827 107 167 112 163 124 167 178 102 119
is_linear=0
shrinkage=0.083682


Tree=7
num_leaves=37
num_cat=0
split_feature=1 46 2 46 27 27 23 38 23 27 38 29 11 5 38 38 26 0 42 46 43 14 43 46 15 1 46 38 49 49 17 31 42 38 5 48
split_gain=4.6555 9.60304 13.8893 9.09317 8.7598 7.56565 8.65547 12.9138 10.6306 7.90968 6.99957 6.60745 9.72841 7.2149 6.25706 6.21439 7.27135 8.46328 6.06594 5.72018 5.63671 5.49292 10.8785 5.17736 3.71443 6.86827 4.14155 3.53893 2.65339 2.04229 1.66352 1.52891 1.38657 1.33735 0.761435 0.0547714
threshold=1.5000000000000002 125.00000000000001 1.5000000000000002 135.00000000000003 3.5000000000000004 4.5000000000000009 1.0000000180025095e-35 10.500000000000002 1.5000000000000002 2.5000000000000004 65.000000000000014 1.0000000180025095e-35 3.5000000000000004 3.5000000000000004 135.00000000000003 55.000000000000007 1.5000000000000002 8.5000000000000018 4.5000000000000009 10.500000000000002 12.500000000000002 1.5000000000000002 9.5000000000000018 55.000000000000007 24.500000000000004 8.5000000000000018 85.000000000000014 115.00000000000001 10.500000000000002 10.500000000000002 1.0000000180025095e-35 1.5000000000000002 105.00000000000001 6.5000000000000009 1.5000000000000002 5.5000000000000009
decision_type=2 2 2 2 2 2 2 2 2 2 2 2 2 2 2 2 2 2 2 2 2 2 2 2 2 2 2 2 2 2 2 2 2 2 2 2
left_child=3 2 18 5 31 6 9 8 33 14 15 12 13 -12 23 16 17 -4 -2 -18 29 -17 -23 -1 26 -26 -13 -14 -11 30 -20 -3 -5 -8 -9 -36
right_child=1 4 10 32 -6 -7 7 34 -10 28 11 24 27 -15 -16 21 19 -19 20 -21 -22 22 -24 -25 25 -27 -28 -29 -30 -31 -32 -33 -34 -35 35 -37
leaf_value=0.0062476050926547934 -0.0036787934538358518 0.054223607452737431 0.0065829630415657116 -0.1255487466733762 -0.039226081370410192 0.079424396738775688 -0.024381801392403264 -0.084499244944939753 0.084217281508924921 -0.10498804802161726 -0.015190555653217837 -0.13461823270030446 0.0089594818229580854 -0.085399480111672477 0.070673475084397863 0.072091786814549461 0.040687989860237264 -0.01971582104856515 -0.1427937055822058 -0.0091371204092254247 0.0022691580058225424 -0.042886952889244913 0.094355262404465526 0.037946469392117092 0.06069345639101268 -0.06818901274608255 -0.019208498078368882 0.072424432050760906 -0.010934450141900054 -0.053047858808326839 -0.08253433699924799 0.10357590570221518 -0.052593517944704821 -0.096525451106879198 -0.15215608156405117 -0.12759099918176481
leaf_weight=238.02048726938665 9.4394084215164202 9.8108554594218784 172.72142299637198 3.0542360022664061 6.0819422081112853 10.597822412848471 3.4625539779663104 2.5645943377166969 6.5618269145488739 5.1971749253571016 51.684307135641575 7.0127184074372071 18.504328217357401 12.78023333661258 12.882015373557804 15.698289126157759 45.541393176652491 169.99043152434751 8.5213506203144842 24.951446103863418 4.3123398497700682 11.750073472037913 6.1435446217656127 42.528545767068863 3.9767537452280513 10.491559796035288 3.1802649926394224 9.221475448459385 3.5466974768787622 4.3008770868182173 5.3966647963970891 8.1881120614707452 4.7133611906319857 3.8198199011385441 3.092119699344039 2.7847004644572735
leaf_count=1283 50 43 907 25 49 44 29 26 17 47 326 68 97 99 52 52 259 1112 78 160 33 77 23 211 15 83 20 40 27 36 37 23 48 31 33 31
internal_value=0 -0.00432864 -0.00642457 0.00782437 0.0474564 0.00990269 0.007626 -0.0426766 0.00705381 0.0113399 -0.00337926 -0.0216126 -0.0113083 -0.0291378 0.0136801 0.00138888 -0.00142448 -0.00646049 -0.0600654 0.0230469 -0.0836434 0.0359926 0.0042524 0.0110568 -0.0600752 -0.032697 -0.0987588 0.0301199 -0.0669989 -0.103989 -0.119604 0.0767856 -0.0815724 -0.0624404 -0.124137 -0.141033
internal_weight=0 619.7 595.619 342.826 24.0809 335.058 324.461 22.2856 13.8442 302.175 563.648 116.852 92.1903 64.4645 293.431 446.797 413.205 342.712 31.9706 70.4928 22.5312 33.5919 17.8936 280.549 24.6613 14.4683 10.193 27.7258 8.74387 18.2189 13.918 17.999 7.7676 7.28237 8.44141 5.87682
internal_count=5591 3687 3572 1904 115 1831 1787 167 77 1620 3338 748 562 425 1546 2590 2438 2019 234 419 184 152 100 1494 186 98 88 137 74 151 115 66 73 60 90 64
is_linear=0
shrinkage=0.083682


Tree=8
num_leaves=41
num_cat=0
split_feature=46 47 38 0 12 29 19 7 12 15 24 18 9 48 43 7 47 48 31 31 17 14 26 42 39 3 14 26 2 49 7 9 46 3 18 12 13 48 1 49
split_gain=3.7416 4.38143 3.31509 12.5586 9.91314 6.94886 7.49913 6.18901 5.33265 6.29683 8.69633 5.80674 8.76198 7.45336 8.81151 6.25442 5.66284 5.14292 5.12025 5.10385 7.84493 5.89703 4.72243 7.52702 4.50701 5.78524 5.58047 4.36644 8.49946 10.9637 8.01708 8.13131 5.30343 3.83381 3.27934 2.97984 3.01654 2.90743 1.46998 1.16791
threshold=145.00000000000003 11.500000000000002 1.5000000000000002 15.500000000000002 1.5000000000000002 1.0000000180025095e-35 22.500000000000004 4.5000000000000009 3.5000000000000004 63.500000000000007 1.0000000180025095e-35 1.5000000000000002 1.0000000180025095e-35 3.5000000000000004 13.500000000000002 1.0000000180025095e-35 2.5000000000000004 2.5000000000000004 2.5000000000000004 3.5000000000000004 1.5000000000000002 13.500000000000002 1.5000000000000002 10.500000000000002 11.500000000000002 6.5000000000000009 1.0000000180025095e-35 1.5000000000000002 33.500000000000007 11.500000000000002 1.5000000000000002 1.0000000180025095e-35 9.5000000000000018 12.500000000000002 5.5000000000000009 7.5000000000000009 5.5000000000000009 2.5000000000000004 1.5000000000000002 8.5000000000000018
decision_type=2 2 2 2 2 2 2 2 2 2 2 2 2 2 2 2 2 2 2 2 2 2 2 2 2 2 2 2 2 2 2 2 2 2 2 2 2 2 2 2
left_child=2 -2 3 4 5 6 33 -5 11 27 16 12 13 15 -15 -4 -11 -14 -19 21 -21 -12 24 -24 26 -26 -13 30 32 -30 -10 -32 -29 -1 -7 36 -9 -6 -3 -39
right_child=1 38 8 7 37 34 -8 35 9 10 19 22 17 14 -16 -17 -18 18 -20 20 -22 -23 23 -25 25 -27 -28 28 29 -31 31 -33 -34 -35 -36 -37 -38 39 -40 -41
leaf_value=-0.043077437536077769 0.0042257243271969242 -0.051892038001271873 -0.057734883407347219 -0.044252195117165771 -0.02823056695071105 -0.12663727484475071 0.074403741593016354 0.023235129015972085 0.049629893005355384 0.10766056166126101 -0.0073879781299058291 -0.0036517492857506737 0.015259894152482143 0.016320579928075448 -0.030119210142116683 -0.0050582221275812626 0.0093726296539881036 -0.082372340939585398 0.0041489410981998924 0.1024609636360177 -0.021816390423954987 -0.11489805887659618 0.045330095384233784 -0.13056452541378663 0.095759360952521702 0.025590434495041784 0.030755423570423292 0.062531554774994239 -0.11710725557000606 0.05378968649441155 -0.056463710682518917 -0.0077500752563889989 -0.024735788596651799 0.0078055992633282367 -0.021113574813489515 0.0051542905997880384 0.095456980632426205 -0.149048384225095 -0.1324660398025215 -0.092073403711835602
leaf_weight=21.566173449158669 6.4028640156611782 3.1708485763520002 18.3525919187814 6.1317016221582916 3.4182136859744778 5.3615471739321929 7.08529033884406 6.5092612933367553 8.6497037000954133 9.4061026275157946 11.005239080637699 64.02412155084312 8.6349206678569299 271.75371674355119 31.953850600868464 112.3586808918044 7.3009680695831767 18.230609862133864 6.4767656028270713 5.6963532250374547 9.395592447370289 5.282202770933508 3.1468013264238825 3.6706158686429262 11.65722970291972 28.051204022020102 68.06310148537159 16.023501148447398 6.9731005299836379 4.1942764297127724 52.891953291371465 43.969916720874608 6.9846567483618847 19.919740557670593 3.3791740350425243 7.4574383161962023 10.86148947291076 4.6717800702899677 3.2939737625420094 5.9890792071819305
leaf_count=157 35 38 119 30 29 45 32 40 49 20 73 351 45 1429 218 655 41 145 36 15 76 47 21 41 27 159 341 84 61 17 429 297 54 118 27 42 40 38 22 48
internal_value=0 -0.0447854 0.000616218 -0.0135952 -0.0328999 -0.0174193 -0.00503423 0.0308964 0.00236085 -0.0100513 0.0160567 0.00596762 0.00106504 0.00423971 0.0114313 -0.0124653 0.0647967 -0.0402622 -0.0596844 -0.00989951 0.0251238 -0.0423757 0.0188024 -0.0493942 0.0215166 0.0462374 0.0140758 -0.0190435 0.00693781 -0.0528918 -0.0274636 -0.0343614 0.0360184 -0.0186404 -0.0860293 0.0494951 0.068476 -0.0957766 -0.0932825 -0.117301
internal_weight=0 12.8677 936.499 102.351 71.391 57.3119 48.5712 30.9599 834.148 187.774 48.0865 646.374 467.761 434.419 303.708 130.711 16.7071 33.3423 24.7074 31.3794 15.0919 16.2874 178.613 6.81742 171.796 39.7084 132.087 139.687 34.1755 11.1674 105.512 96.8619 23.0082 41.4859 8.74072 24.8282 17.3708 14.0791 6.46482 10.6609
internal_count=5591 95 5496 646 494 379 307 152 4850 1263 272 3587 2647 2421 1647 774 61 226 181 211 91 120 940 62 878 186 692 991 216 78 775 726 138 275 72 122 80 115 60 86
is_linear=0
shrinkage=0.083682


Tree=9
num_leaves=40
num_cat=0
split_feature=22 33 39 17 43 27 25 4 23 43 16 47 49 47 38 5 12 7 7 7 38 6 47 38 43 38 46 42 38 42 42 11 11 10 30 16 19 27 43
split_gain=3.38167 7.04149 9.63181 5.2783 4.96727 6.33382 7.13686 3.52294 6.89687 6.19376 7.43877 8.41226 6.93615 6.9088 6.52373 7.27178 6.27892 5.92661 8.00703 5.91306 5.47993 6.16221 5.23132 4.08695 3.59695 3.35681 7.28396 7.08818 9.63325 6.37593 5.82178 5.48108 3.19204 2.90069 3.03404 4.20716 2.41044 0.726026 0.0668101
threshold=1.0000000180025095e-35 1.0000000180025095e-35 6.5000000000000009 9.5000000000000018 1.5000000000000002 1.0000000180025095e-35 1.5000000000000002 9.5000000000000018 3.5000000000000004 3.5000000000000004 1.5000000000000002 4.5000000000000009 10.500000000000002 11.500000000000002 55.000000000000007 10.500000000000002 1.0000000180025095e-35 104.50000000000001 167.00000000000003 182.00000000000003 5.5000000000000009 8.5000000000000018 12.500000000000002 9.5000000000000018 1.5000000000000002 11.500000000000002 65.000000000000014 45.000000000000007 55.000000000000007 19.000000000000004 16.500000000000004 5.5000000000000009 3.5000000000000004 2.5000000000000004 1.0000000180025095e-35 1.0000000180025095e-35 16.500000000000004 4.5000000000000009 2.5000000000000004
decision_type=2 2 2 2 2 2 2 2 2 2 2 2 2 2 2 2 2 2 2 2 2 2 2 2 2 2 2 2 2 2 2 2 2 2 2 2 2 2 2
left_child=7 2 3 33 -4 -6 36 8 17 10 -9 14 20 16 15 -12 -14 25 22 -16 -11 -22 24 -23 -19 26 31 30 -29 -28 -27 -1 -18 34 35 -2 -7 -36 -35
right_child=1 -3 4 -5 5 6 -8 9 -10 12 11 -13 13 -15 19 -17 32 18 -20 -21 21 23 -24 -25 -26 27 29 28 -30 -31 -32 -33 -34 38 37 -37 -38 -39 -40
leaf_value=-0.010532135938315097 -0.088923960560593332 0.055125617988167279 0.068862473197641105 0.010398600399701603 0.065470619161571278 -0.04410801749418989 0.054353093763061508 0.043752392308812574 -0.097214867354026402 0.079622067267404686 -0.13026742179733941 -0.11990465410986322 -0.050965246532717695 -0.093086872616222435 0.10138937725584685 -0.015439118604842749 0.077645299273720589 -0.028585569992992759 0.050637785177889846 -0.015682459529812863 0.09095020093686923 -0.038645563669126151 0.017116827418663182 0.024637169668786239 -0.12299726684895958 0.0054223026781908129 0.11218875162313566 -0.043664005440754779 0.0048154722761050038 -0.0053018177883610174 0.033676009882571849 0.048554735274268394 -0.00087935398818857625 -0.14762319767245058 -0.076823152999759559 0.028534287417658882 -0.1266982119577289 -0.13609682397731412 -0.12204807724695016
leaf_weight=287.50210386328399 4.4881711006164604 7.6620913725346318 6.4853300563991096 4.9406294897198668 4.8977530300617245 5.5361893177032453 3.6773905977606764 14.255110159516333 5.1952499952167264 16.27090011164546 4.5511019490659264 5.7463475782424203 7.870343014597899 5.8107631783932439 5.7169966790825111 25.102535090409219 7.8951013982295972 4.0834700446575942 4.9287058413028708 6.3619003463536501 8.7051270455121976 8.3399901874363405 3.7479621581733218 49.140043294988573 9.3749120365828258 141.04945660196245 6.72254456207156 39.032925795763731 108.25032013561577 6.1996753271669149 80.096551649272442 11.410432226955889 6.6650524269789457 3.0791668966412535 2.7429938428103915 4.0368276908993721 4.5434558019042015 3.47579575330019 2.6882273461669683
leaf_count=1777 42 46 27 34 24 43 17 54 43 52 33 54 51 54 22 192 27 29 22 41 27 51 24 264 97 769 12 264 654 48 386 49 46 24 29 26 62 37 38
internal_value=0 -0.0195229 -0.0308543 -0.0671252 0.00586762 -0.0160505 -0.0451592 0.00129271 -0.00132039 0.0120179 -0.00921199 -0.0251356 0.0238617 -0.0119112 -0.0120275 -0.0331489 0.0091531 -0.000607878 -0.0432032 0.0397544 0.0361202 0.025399 -0.0701388 0.0154369 -0.094467 0.000778483 -0.00561003 0.00618707 -0.00803282 0.0558521 0.0156597 -0.00827206 0.041708 -0.0858167 -0.0659244 -0.0333011 -0.0815484 -0.110335 -0.136213
internal_weight=0 58.254 50.5919 25.4518 25.1401 18.6548 13.757 880.026 707.594 172.431 61.734 47.4789 110.697 28.2413 41.7325 29.6536 22.4305 702.399 22.1351 12.0789 82.4561 66.1852 17.2063 57.48 13.4584 680.264 311.835 368.429 147.283 12.9222 221.146 298.913 14.5602 20.5112 14.7438 8.525 10.0796 6.21879 5.76739
internal_count=5591 449 403 230 173 146 122 5142 4174 968 396 342 572 178 288 225 124 4131 172 63 394 342 150 315 126 3959 1886 2073 918 60 1155 1826 73 196 134 68 105 66 62
is_linear=0
shrinkage=0.083682


Tree=10
num_leaves=48
num_cat=0
split_feature=18 4 7 47 43 48 18 46 47 25 48 49 38 30 6 19 15 42 19 2 2 31 4 5 42 39 38 4 14 1 11 47 42 46 38 4 43 39 7 27 7 43 47 7 6 49 30
split_gain=2.58818 5.44944 6.38484 5.69747 5.99332 5.31627 5.28173 6.14215 7.84275 9.29319 4.39291 7.16737 6.97548 5.91138 4.33635 8.15291 13.1119 11.5173 8.50815 10.2315 8.77143 8.9601 11.5419 8.34169 7.88431 7.53979 7.10981 7.09203 6.73966 14.3857 8.50611 8.24771 7.18234 6.73637 7.49486 6.78745 5.93634 5.22049 5.30663 4.89684 4.53091 3.94653 3.9176 7.28976 3.52434 3.38455 3.30215
threshold=1.5000000000000002 2.5000000000000004 58.500000000000007 11.500000000000002 4.5000000000000009 4.5000000000000009 5.5000000000000009 75.000000000000014 3.5000000000000004 1.5000000000000002 2.5000000000000004 3.5000000000000004 14.500000000000002 1.5000000000000002 1.5000000000000002 5.5000000000000009 30.500000000000004 11.500000000000002 10.500000000000002 8.5000000000000018 42.000000000000007 4.5000000000000009 9.5000000000000018 4.5000000000000009 45.000000000000007 6.5000000000000009 8.5000000000000018 2.5000000000000004 1.0000000180025095e-35 4.5000000000000009 1.0000000180025095e-35 15.500000000000002 125.00000000000001 14.500000000000002 95.000000000000014 1.5000000000000002 14.500000000000002 14.500000000000002 29.500000000000004 1.5000000000000002 35.500000000000007 8.5000000000000018 10.500000000000002 38.500000000000007 13.500000000000002 9.5000000000000018 1.0000000180025095e-35
decision_type=2 2 2 2 2 2 2 2 2 2 2 2 2 2 2 2 2 2 2 2 2 2 2 2 2 2 2 2 2 2 2 2 2 2 2 2 2 2 2 2 2 2 2 2 2 2 2
left_child=14 3 5 4 -2 -3 10 8 9 -8 12 -12 44 -13 28 16 17 -16 19 42 21 23 -23 -20 40 41 -18 -28 29 32 -31 36 33 35 -35 -1 37 38 -30 -27 -21 -19 43 -17 -4 -38 -7
right_child=1 2 6 -5 -6 46 7 -9 -10 -11 11 13 -14 -15 15 18 26 25 20 24 -22 22 -24 -25 -26 39 27 -29 31 30 -32 -33 -34 34 -36 -37 45 -39 -40 -41 -42 -43 -44 -45 -46 -47 -48
leaf_value=-0.015097061409495691 0.065946996194328478 -0.00013640318170278444 0.096167190888311452 0.10474336354797714 -0.056674163968125003 -0.12285279538599721 0.0084075022998238297 0.037927879265890405 -0.091288742663302488 -0.1340718908573805 -0.07547713741053852 0.018325071278608215 -0.0024221508923803563 -0.033713836664867061 -0.10510825216608087 -0.01699477459101921 0.085222256556747922 0.022629892593155513 -0.011475216746170367 -0.015482112140584346 0.094250241595795398 -0.044275798999022571 0.048706259322601447 -0.092408593502615682 0.054231568014437508 -0.097804353227899321 -0.10452510775542347 0.02534151847920239 -0.010137836122143038 0.080568300918137117 -0.011082147485621986 -0.10389884971672665 -0.076555349413750223 0.039029267135379887 -0.043252418449161896 0.03770013316998469 -0.13976191403553359 0.052483131931565452 0.06417911906586575 -0.0016751102786982783 -0.11759439398918529 -0.053006623855517604 0.089575885336457592 0.065687956101483924 0.032098484082041009 -0.015550386221347936 -0.023864229484432453
leaf_weight=99.377956345677376 6.2997078821063059 10.846491344273092 13.230414146557452 7.8141380548477164 4.9802505970001221 6.1334891412407142 26.469417378306392 11.592217504978178 11.030072243884204 3.6284427624195805 6.9623340629041186 116.41457392089069 17.342526903375983 17.573409914970398 19.855755556374788 12.768759209662678 8.0310125201940554 17.924048736691478 16.657928552478552 6.0948503278195876 4.5687502995133391 18.119973288848996 19.271453531458974 19.229516531340778 5.4454599469900122 12.499321384355428 4.1790331304073325 9.842444494366644 164.22135612461716 29.223760915920138 9.3436168506741506 6.2439618278294793 7.7316471077501765 55.369352160021663 8.9925832636654359 20.560557408258319 3.5540640894323579 10.940306901931761 6.9962883256375781 5.2910314723849288 6.0980100836604834 6.5916898325085631 10.979467222467063 17.917200097814202 11.113703288137911 2.7219501808285713 3.8692965805530548
leaf_count=640 31 60 46 16 36 48 184 67 142 48 51 639 110 118 171 75 36 85 99 42 13 119 70 190 32 106 44 61 1030 106 50 51 71 269 63 98 40 45 30 38 56 43 40 76 51 24 31
internal_value=0 0.00679499 0.00357703 0.0499023 0.0117582 -0.0407831 0.00751175 -0.0158124 -0.0309822 -0.00882242 0.0142483 0.00718354 0.0381094 0.0114923 -0.00289299 -0.012391 -0.0328827 -0.0525482 0.000190227 0.0240697 -0.0179957 -0.0250227 0.00363346 -0.0548809 -0.0293133 -0.0278331 0.0225249 -0.0134129 0.00205004 0.0117299 0.0583562 -0.00941332 0.00235825 0.00567881 0.0275159 -0.0060376 -0.00626997 -0.00350583 -0.00709158 -0.0692745 -0.0666929 0.00224773 0.0466838 0.0312762 0.0669853 -0.0861733 -0.0847263
internal_weight=0 275.3 256.206 19.0941 11.28 20.8493 235.357 52.7201 41.1279 30.0979 182.637 140.95 41.6866 133.988 646.643 221.366 84.2143 62.1618 137.151 59.3037 77.8476 73.2789 37.3914 35.8874 17.6383 42.3061 22.0525 14.0215 425.277 230.599 38.5674 194.678 192.032 184.3 64.3619 119.939 188.434 182.158 171.218 17.7904 12.1929 24.5157 41.6654 30.686 24.3441 6.27601 10.0028
internal_count=5591 1678 1595 83 67 139 1456 441 374 232 1015 808 207 757 3913 1396 584 443 812 321 491 478 189 289 130 272 141 105 2517 1297 156 1220 1141 1070 332 738 1169 1105 1060 144 98 128 191 151 97 64 79
is_linear=0
shrinkage=0.083682


Tree=11
num_leaves=31
num_cat=0
split_feature=39 1 2 27 14 46 43 6 31 46 47 42 17 46 27 25 31 38 49 18 46 2 47 47 1 2 13 47 47 47
split_gain=2.63916 3.09029 8.48317 6.35193 6.75696 6.18109 5.80922 5.93823 7.20064 9.43633 6.30605 4.88095 4.79931 4.12238 4.12718 8.66742 8.88845 4.03554 3.82289 3.68418 4.37852 3.46693 3.39468 10.4462 6.63609 3.26257 5.29169 2.89173 1.20518 0.684917
threshold=65.000000000000014 1.5000000000000002 2.5000000000000004 4.5000000000000009 1.5000000000000002 135.00000000000003 5.5000000000000009 1.5000000000000002 1.0000000180025095e-35 95.000000000000014 3.5000000000000004 25.000000000000004 1.0000000180025095e-35 125.00000000000001 1.0000000180025095e-35 1.0000000180025095e-35 7.5000000000000009 12.500000000000002 8.5000000000000018 2.5000000000000004 105.00000000000001 35.000000000000007 6.5000000000000009 4.5000000000000009 1.0000000180025095e-35 6.5000000000000009 5.5000000000000009 7.5000000000000009 12.500000000000002 3.5000000000000004
decision_type=2 2 2 2 2 2 2 2 2 2 2 2 2 2 2 2 2 2 2 2 2 2 2 2 2 2 2 2 2 2
left_child=1 3 6 4 5 22 11 8 9 -8 -9 12 18 14 15 16 -4 -12 -3 20 -16 -21 23 -1 -24 -15 -27 -6 -7 -13
right_child=-2 2 13 -5 27 28 7 10 -10 -11 17 29 -14 25 19 -17 -18 -19 -20 21 -22 -23 24 -25 -26 26 -28 -29 -30 -31
leaf_value=0.0056041787448690601 -0.061672644448017268 -0.13445781196822462 -0.023351831442535713 0.065526538114556124 -0.10042741006646663 -0.12961965119347876 -0.047190182464750999 0.03300899897545416 0.072194439264225266 0.095822531388771601 -0.036550826079353338 -0.087331128484175499 0.011513060708965336 0.082553035210560705 0.0070681940350930256 -0.10876180333126316 0.087962843664206147 -0.12675500860981059 -0.029995643084762352 -0.0077395009958103455 -0.056916259827425909 -0.060760027552805899 -0.01598229121451911 0.056371549313835853 0.026343710195732176 -0.059496080701791111 0.062429348458533908 -0.0072828681424915694 -0.046301662512092855 -0.13873128528665427
leaf_weight=147.80494083371013 4.8148770537227383 4.3761009573936516 40.728581244125962 12.383437748998402 5.9391521364450437 2.3258823510259381 15.506843870505696 4.8608531467616585 9.2196493819355947 4.0607569739222518 7.7369612064212543 3.4471211675554505 7.808660063892602 7.3981299493461874 335.70089636463672 7.10851952061057 5.7105518020689479 6.3482374995946884 5.6223700307309628 72.988173682242632 7.6406851205974808 9.7849512584507448 82.812231555581093 35.121029946953058 37.745288528501987 4.3912504725158197 5.7133691981434822 3.8631873335689306 2.6491171345114708 4.464610580354929
leaf_count=831 37 39 257 47 49 29 126 25 40 14 57 33 53 21 2036 49 20 59 37 553 63 86 526 148 190 41 28 27 34 36
internal_value=0 0.000330716 -0.0033987 0.00676824 0.00447674 0.00665345 -0.0299404 -0.0126429 0.0112876 -0.0174237 -0.049007 -0.0619921 -0.0375828 0.000522526 -0.000932709 -0.0228263 -0.00962341 -0.0773538 -0.0759291 0.00181818 0.00563984 -0.0140255 0.00817395 0.0153588 -0.00272419 0.0403924 0.00938029 -0.0638525 -0.0856878 -0.116653
internal_weight=0 901.262 570.617 330.644 318.261 308.458 73.4522 47.7333 28.7873 19.5676 18.9461 25.7189 17.8071 497.165 479.662 53.5477 46.4391 14.0852 9.99847 426.115 343.342 82.7731 303.483 182.926 120.558 17.5027 10.1046 9.80234 4.975 7.91173
internal_count=5591 5554 3673 1881 1834 1758 519 321 180 140 141 198 129 3154 3064 326 277 116 76 2738 2099 639 1695 979 716 90 69 76 63 69
is_linear=0
shrinkage=0.083682


end of trees

feature_importances:
ninki_1=30
ninki_2=28
result_3=26
result_2=22
mf_courseout=21
result_1=21
ninki_3=21
mf_classout.1=20
umaban=19
waku=15
f_courseout=14
f_mf_courseout=13
mf_course1=12
mf_course2=12
mf_course3=12
f_classout=12
f_course3=11
f_course1=10
f_len1=10
f_len3=10
f_course2=9
f_lenout=9
mf_len3=9
mf_len2=8
mf_classout=7
f_mf_classout=7
mf_len1=6
f_class3=6
mf_class3=5
f_mf_len3=4
f_class2=4
f_len2=3
f_mf_len2=3
f_class1=3
mf_class2=3
f_mf_course2=2
mf_class1=2
f_mf_course1=1
f_mf_course3=1
f_mf_class2=1

parameters:
[boosting: gbdt]
[objective: lambdarank]
[metric: ndcg]
[tree_learner: serial]
[device_type: cpu]
[data_sample_strategy: bagging]
[data: ]
[valid: ]
[num_iterations: 58]
[learning_rate: 0.083682]
[num_leaves: 48]
[num_threads: 16]
[seed: 0]
[deterministic: 0]
[force_col_wise: 1]
[force_row_wise: 0]
[histogram_pool_size: -1]
[max_depth: 7]
[min_data_in_leaf: 28]
[min_sum_hessian_in_leaf: 0.001]
[bagging_fraction: 1]
[pos_bagging_fraction: 1]
[neg_bagging_fraction: 1]
[bagging_freq: 0]
[bagging_seed: 7719]
[feature_fraction: 1]
[feature_fraction_bynode: 1]
[feature_fraction_seed: 2437]
[extra_trees: 0]
[extra_seed: 11797]
[early_stopping_round: 0]
[first_metric_only: 0]
[max_delta_step: 0]
[lambda_l1: 0.00619372]
[lambda_l2: 0.0181756]
[linear_lambda: 0]
[min_gain_to_split: 0]
[drop_rate: 0.1]
[max_drop: 50]
[skip_drop: 0.5]
[xgboost_dart_mode: 0]
[uniform_drop: 0]
[drop_seed: 21238]
[top_rate: 0.2]
[other_rate: 0.1]
[min_data_per_group: 100]
[max_cat_threshold: 32]
[cat_l2: 10]
[cat_smooth: 10]
[max_cat_to_onehot: 4]
[top_k: 20]
[monotone_constraints: ]
[monotone_constraints_method: basic]
[monotone_penalty: 0]
[feature_contri: ]
[forcedsplits_filename: ]
[refit_decay_rate: 0.9]
[cegb_tradeoff: 1]
[cegb_penalty_split: 0]
[cegb_penalty_feature_lazy: ]
[cegb_penalty_feature_coupled: ]
[path_smooth: 0]
[interaction_constraints: ]
[verbosity: -1]
[saved_feature_importance_type: 0]
[use_quantized_grad: 0]
[num_grad_quant_bins: 4]
[quant_train_renew_leaf: 0]
[stochastic_rounding: 1]
[linear_tree: 0]
[max_bin: 255]
[max_bin_by_feature: ]
[min_data_in_bin: 3]
[bin_construct_sample_cnt: 200000]
[data_random_seed: 38]
[is_enable_sparse: 1]
[enable_bundle: 1]
[use_missing: 1]
[zero_as_missing: 0]
[feature_pre_filter: 1]
[pre_partition: 0]
[two_round: 0]
[header: 0]
[label_column: ]
[weight_column: ]
[group_column: ]
[ignore_column: ]
[categorical_feature: ]
[forcedbins_filename: ]
[precise_float_parser: 0]
[parser_config_file: ]
[objective_seed: 8855]
[num_class: 1]
[is_unbalance: 0]
[scale_pos_weight: 1]
[sigmoid: 1]
[boost_from_average: 1]
[reg_sqrt: 0]
[alpha: 0.9]
[fair_c: 1]
[poisson_max_delta_step: 0.7]
[tweedie_variance_power: 1.5]
[lambdarank_truncation_level: 30]
[lambdarank_norm: 1]
[label_gain: ]
[lambdarank_position_bias_regularization: 0]
[eval_at: 1,3,5]
[multi_error_top_k: 1]
[auc_mu_weights: ]
[num_machines: 1]
[local_listen_port: 12400]
[time_out: 120]
[machine_list_filename: ]
[machines: ]
[gpu_platform_id: -1]
[gpu_device_id: -1]
[gpu_use_dp: 0]
[num_gpu: 1]

end of parameters

pandas_categorical:[]
