tree
version=v4
num_class=1
num_tree_per_iteration=1
label_index=0
max_feature_idx=50
objective=lambdarank
feature_names=f_course1 f_course2 f_course3 f_courseout mf_course1 mf_course2 mf_course3 mf_courseout f_mf_course1 f_mf_course2 f_mf_course3 f_mf_courseout f_len1 f_len2 f_len3 f_lenout mf_len1 mf_len2 mf_len3 mf_classout f_mf_len1 f_mf_len2 f_mf_len3 f_mf_classout f_class1 f_class2 f_class3 f_classout mf_class1 mf_class2 mf_class3 mf_classout.1 f_mf_class1 f_mf_class2 f_mf_class3 f_mf_classout.1 time_df_course1 time_df_class1 ninki_1 result_1 time_df_course2 time_df_class2 ninki_2 result_2 time_df_course3 time_df_class3 ninki_3 result_3 waku umaban self_popularity
feature_infos=[-1:76] [-1:67] [-1:58] [-1:427] [-1:68] [-1:54] [-1:48] [-1:485] [-1:12] [-1:10] [-1:10] [-1:59] [-1:28] [-1:24] [-1:19] [-1:145] [-1:18] [-1:16] [-1:18] [-1:163] [-1:5] [-1:3] [-1:5] [-1:25] [-1:7] [-1:8] [-1:6] [-1:41] [-1:8] [-1:5] [-1:4] [-1:54] [-1:2] [-1:3] [-1:4] [-1:8] [-1:0] [-1:0] [-1:180] [-1:120] [-1:0] [-1:0] [-1:180] [-1:160] [-1:0] [-1:0] [-1:180] [-1:160] [1:8] [1:16] [-1:16]
tree_sizes=1610 1488 1275 1096 1293 1095 1097 1415

Tree=0
num_leaves=15
num_cat=0
split_feature=50 50 43 47 27 2 38 19 33 39 2 11 27 39
split_gain=126.687 27.7435 20.8882 15.2821 13.0579 4.01135 4.01695 3.61444 3.51378 3.26971 2.9253 2.40355 1.51954 0.608009
threshold=8.5000000000000018 12.500000000000002 6.5000000000000009 7.5000000000000009 22.500000000000004 15.500000000000002 10.500000000000002 11.500000000000002 1.0000000180025095e-35 9.5000000000000018 42.000000000000007 35.000000000000007 17.500000000000004 13.500000000000002
decision_type=2 2 2 2 2 2 2 2 2 2 2 2 2 2
left_child=2 3 9 7 8 6 -4 -2 -3 11 -7 -1 -5 -11
right_child=1 4 5 12 -6 10 -8 -9 -10 13 -12 -13 -14 -15
leaf_value=0.0069620712601056864 0.0019226503280148565 -0.015895112890045762 -0.0010217866023597014 -0.0088504215952744311 0 -0.0064779887429298882 0.0031781677885135153 -0.0035294564009233716 0 0 0 0 0 0.002774752211073169
leaf_weight=150.4699434125796 31.290437199175358 45.170792307704687 29.444022040814161 40.202573090791702 2.5535281077027312 13.388957992196081 49.474557117559016 19.728698058053851 0.95847795531153579 9.4097662745043653 1.9567715153098095 1.2748098615556944 1.7195763261988748 7.4276835508644572
leaf_count=1257 299 769 355 542 14 188 463 242 8 113 13 21 18 63
internal_value=0 -0.00772382 0.00417146 -0.00396335 -0.0141446 1.7097e-05 0.00124706 0 -0.0154837 0.00631077 -0.00425005 0.00681453 -0.00845537 3.11453e-06
internal_weight=0 141.624 262.847 92.9413 48.6828 94.2643 78.9186 51.0191 46.1293 168.582 15.3457 151.745 41.9221 16.8374
internal_count=4365 1892 2473 1101 791 1019 818 541 777 1454 201 1278 560 176
is_linear=0
shrinkage=0.0101605


Tree=1
num_leaves=13
num_cat=0
split_feature=43 50 12 38 50 31 27 23 42 0 4 5
split_gain=123.75 54.7937 44.2401 25.8476 20.1399 17.1966 10.3937 12.2793 7.7347 6.81985 4.69261 2.15101
threshold=6.5000000000000009 12.500000000000002 12.500000000000002 5.5000000000000009 13.500000000000002 3.5000000000000004 15.500000000000002 1.5000000000000002 2.5000000000000004 41.500000000000007 1.0000000180025095e-35 1.0000000180025095e-35
decision_type=2 2 2 2 2 2 2 2 2 2 2 2
left_child=4 3 -3 8 6 -5 7 -1 -2 -8 11 -6
right_child=1 2 -4 5 10 -7 9 -9 -10 -11 -12 -13
leaf_value=0.0022856659453495639 0 -0.017623617316148178 0.0084707195880834776 -0.00015043533083741075 -0.0072588876470724359 -0.0055568425449508884 -0.0041089153957028952 0.0059815023639974594 -0.011440318750647388 0.0020308103601458885 -0.01457370967189309 0.0033484884094790229
leaf_weight=562.39150400646031 3.472416713833808 47.426011278294027 5.723280915990471 225.72851296979934 2.6956365481019002 89.071402435190976 35.957135148346424 130.1921524964273 41.9875045157969 31.211370427161455 7.216189056634903 3.0060491859912872
leaf_count=1470 12 567 12 964 33 449 126 264 281 81 97 9
internal_value=0 -0.00448223 -0.0141919 -0.00294271 0.00240012 -0.00178257 0.00264795 0.00302834 -0.0101858 -0.000831762 -0.00938714 0
internal_weight=0 413.409 53.1493 360.26 772.67 314.8 759.752 692.584 45.4599 67.1685 12.9179 5.70169
internal_count=4365 2285 579 1706 2080 1413 1941 1734 293 207 139 42
is_linear=0
shrinkage=0.0101605


Tree=2
num_leaves=11
num_cat=0
split_feature=50 43 27 38 13 31 36 50 42 26
split_gain=74.3677 42.2291 19.9266 19.582 13.9261 12.0632 11.6641 10.9866 6.78041 6.1862
threshold=13.500000000000002 6.5000000000000009 15.500000000000002 5.5000000000000009 16.500000000000004 1.5000000000000002 -1.0000000180025095e-35 3.5000000000000004 2.5000000000000004 1.0000000180025095e-35
decision_type=2 2 2 2 2 2 2 2 2 2
left_child=1 2 7 8 6 -5 -2 -1 -3 -4
right_child=4 3 9 5 -6 -7 -8 -9 -10 -11
leaf_value=0.00054734209183204038 0 0 3.068666807690239e-05 0.00011056381636235564 0.0018926194119147726 -0.0038039949761768275 -0.018204924295831586 0.0033134175017465969 -0.010662164571198994 -0.0068691132723058329
leaf_weight=267.52329290099442 5.9000950064510098 3.4153297170996657 9.2078885510563833 182.51288577355444 1.8914727400988329 128.43429424241185 29.604763139970601 436.73837246000767 35.295967795886099 32.444405557587743
leaf_count=575 61 12 38 823 3 725 492 1159 308 169
internal_value=0 0.000485108 0.00187263 -0.0023887 -0.0139508 -0.00141708 -0.0156272 0.00230603 -0.0092783 -0.0046757
internal_weight=0 1095.57 745.914 349.658 37.3963 310.947 35.5049 704.262 38.7113 41.6523
internal_count=4365 3809 1941 1868 556 1548 553 1734 320 207
is_linear=0
shrinkage=0.0101605


Tree=3
num_leaves=9
num_cat=0
split_feature=50 43 38 42 46 42 38 15
split_gain=50.3154 28.5451 15.9867 15.7861 12.9958 10.3321 12.0745 9.12915
threshold=14.500000000000002 4.5000000000000009 14.500000000000002 3.5000000000000004 125.00000000000001 85.000000000000014 8.5000000000000018 13.500000000000002
decision_type=2 2 2 2 2 2 2 2
left_child=1 5 3 -3 -4 7 -7 -1
right_child=-2 2 4 -5 -6 6 -8 -9
leaf_value=0.0033005485271674394 -0.017235680391125257 0.0033431607691813661 0.00067332741400517317 -0.0046325757396605705 -0.0091710845849140091 0.0072590936071157564 -0.010053802720364118 0.00059358156296719601
leaf_weight=301.51837699860334 16.486681926995516 24.632774420082569 252.93944335076958 191.62599037121981 13.86150451377034 3.1227473616600063 14.692858591675757 279.00548525853083
leaf_count=776 350 71 1040 1190 102 3 60 773
internal_value=0 0.000274138 -0.00152936 -0.0035805 2.85249e-05 0.00177933 -0.00526853 0.00205249
internal_weight=0 1081.4 483.06 216.259 266.801 598.339 17.8156 580.524
internal_count=4365 4015 2403 1261 1142 1612 63 1549
is_linear=0
shrinkage=0.0101605


Tree=4
num_leaves=11
num_cat=0
split_feature=50 43 38 8 27 36 27 19 6 39
split_gain=40.4322 18.6636 13.3017 12.6911 12.0455 11.7875 9.42636 9.19009 14.5955 14.4822
threshold=13.500000000000002 4.5000000000000009 4.5000000000000009 1.5000000000000002 31.500000000000004 -1.0000000180025095e-35 3.5000000000000004 7.5000000000000009 2.5000000000000004 6.5000000000000009
decision_type=2 2 2 2 2 2 2 2 2 2
left_child=1 7 3 -3 5 -2 -4 8 -1 -9
right_child=4 2 6 -5 -6 -7 -8 9 -10 -11
leaf_value=0.0017984270541875941 0 -0.0096718338195493914 0.00040245315813846775 0.0038584296407650426 0.0022613461433881512 -0.017312539326802517 -0.002769747344751623 -0.00096618611292744675 0.0089078922522052434 0.0042306955696324953
leaf_weight=253.67182540614158 5.1414685798808994 32.316891566384584 280.95721827726811 5.1975416690111151 1.8872635215520848 20.994004770647734 138.46107204537839 228.13707628380507 37.396645814180374 71.425587080419064
leaf_count=668 61 288 1235 16 2 493 712 628 70 192
internal_value=0 0.000326003 -0.00117877 -0.00699091 -0.0118878 -0.0140374 -0.00057778 0.00153988 0.00283245 0.000182251
internal_weight=0 1047.56 456.933 37.5144 28.0227 26.1355 419.418 590.631 291.068 299.563
internal_count=4365 3809 2251 304 556 554 1947 1558 738 820
is_linear=0
shrinkage=0.0101605


Tree=5
num_leaves=9
num_cat=0
split_feature=50 47 38 14 14 3 1 7
split_gain=33.5783 20.0914 27.695 25.8697 20.3957 7.4846 13.6484 12.2291
threshold=14.500000000000002 3.5000000000000004 14.500000000000002 2.5000000000000004 2.5000000000000004 67.500000000000014 5.5000000000000009 1.5000000000000002
decision_type=2 2 2 2 2 2 2 2
left_child=1 5 4 -4 -3 7 -7 -1
right_child=-2 2 3 -5 -6 6 -8 -9
leaf_value=-0.0018441518488060973 -0.016138929369729004 -0.002041344558635254 -0.0018516720843357848 0.0043005114584806917 -0.0098254852366983798 -0.010278399318778374 0.0005552223460516143 0.0030573578463744333
leaf_weight=53.757975811138749 12.419242599979041 164.00898251868784 156.21640830673277 123.39973284630105 49.971974759362638 12.200213328003882 148.8328198986128 340.02914569014683
leaf_count=163 350 895 663 435 363 51 527 918
internal_value=0 0.000202195 -0.00125546 0.000762642 -0.00402315 0.00155186 -0.000126209 0.00231156
internal_weight=0 1048.42 493.597 279.616 213.981 554.82 161.033 393.787
internal_count=4365 4015 2356 1098 1258 1659 578 1081
is_linear=0
shrinkage=0.0101605


Tree=6
num_leaves=9
num_cat=0
split_feature=50 39 23 43 50 2 2 1
split_gain=29.0881 19.6957 16.3871 15.0694 14.6713 9.00572 14.8242 13.1959
threshold=14.500000000000002 5.5000000000000009 1.5000000000000002 7.5000000000000009 9.5000000000000018 4.5000000000000009 2.5000000000000004 8.5000000000000018
decision_type=2 2 2 2 2 2 2 2
left_child=1 5 4 -4 -3 6 -1 -7
right_child=-2 2 3 -5 -6 7 -8 -9
leaf_value=0.0010503119294568747 -0.015687616447596288 -0.001094690084579999 0.0046829508610664976 -0.0026571536329906475 -0.0060521463413836744 -0.0042586386952460703 0.0058994897379501376 0.0013673471351554939
leaf_weight=260.48478760896251 11.337488281540571 265.21290726121515 75.001536033116281 40.706856584642082 89.793908337596804 58.43510527908802 97.35657865088433 154.32197759998962
leaf_count=854 350 1021 186 251 669 247 237 550
internal_value=0 0.000181595 -0.00132321 0.00184773 -0.00244102 0.00147454 0.00246085 -4.93828e-05
internal_weight=0 1041.31 470.715 115.708 355.007 570.598 357.841 212.757
internal_count=4365 4015 2127 437 1690 1888 1091 797
is_linear=0
shrinkage=0.0101605


Tree=7
num_leaves=12
num_cat=0
split_feature=50 27 43 47 38 27 43 18 13 21 7
split_gain=27.824 26.138 17.9313 17.0665 20.1422 29.3407 11.9501 6.57589 11.3407 7.70035 5.44433
threshold=12.500000000000002 22.500000000000004 5.5000000000000009 3.5000000000000004 8.5000000000000018 1.0000000180025095e-35 6.5000000000000009 5.5000000000000009 3.5000000000000004 1.0000000180025095e-35 30.500000000000004
decision_type=2 2 2 2 2 2 2 2 2 2 2
left_child=3 2 10 7 5 -5 -6 9 -9 -1 -2
right_child=1 -3 -4 4 6 -7 -8 8 -10 -11 -12
leaf_value=0.0014493260724543345 0.00057606514715550811 0.0093690616369828551 -0.015711973325109065 -0.014456489677434556 0.0019230044929397802 -0.0011554222183542944 -0.0017695740013480231 0.0063954614058638667 -0.00051840414637053145 -0.003320756995782321 -0.010810183972163028
leaf_weight=410.28676051367074 14.275258275680246 6.0987396948039523 26.294242921750993 25.62137961667031 177.48927783034742 66.350331066176295 182.78723718039691 67.831548869609833 26.511912133544683 34.303902419283986 4.1363464267924419
leaf_count=1144 108 14 589 214 504 378 948 156 110 120 80
internal_value=0 -0.00727945 -0.0103109 0.000378166 -0.00103715 -0.005262 0 0.0016201 0.00415422 0.00101046 -0.000758418
internal_weight=0 50.8046 44.7058 991.182 452.248 91.9717 360.277 538.934 94.3435 444.591 18.4116
internal_count=4365 791 777 3574 2044 592 1452 1530 266 1264 188
is_linear=0
shrinkage=0.0101605


end of trees

feature_importances:
self_popularity=12
f_classout=8
ninki_1=8
result_2=8
f_course3=4
result_1=4
ninki_2=4
result_3=3
f_course2=2
mf_courseout=2
f_len2=2
f_len3=2
mf_classout=2
f_mf_classout=2
mf_classout.1=2
time_df_course1=2
f_course1=1
f_courseout=1
mf_course1=1
mf_course2=1
mf_course3=1
f_mf_course1=1
f_mf_courseout=1
f_len1=1
f_lenout=1
mf_len3=1
f_mf_len2=1
f_class3=1
f_mf_class2=1
ninki_3=1

parameters:
[boosting: gbdt]
[objective: lambdarank]
[metric: ndcg]
[tree_learner: serial]
[device_type: cpu]
[data_sample_strategy: bagging]
[data: ]
[valid: ]
[num_iterations: 99]
[learning_rate: 0.0101605]
[num_leaves: 16]
[num_threads: 16]
[seed: 0]
[deterministic: 0]
[force_col_wise: 1]
[force_row_wise: 0]
[histogram_pool_size: -1]
[max_depth: 4]
[min_data_in_leaf: 6]
[min_sum_hessian_in_leaf: 0.001]
[bagging_fraction: 1]
[pos_bagging_fraction: 1]
[neg_bagging_fraction: 1]
[bagging_freq: 0]
[bagging_seed: 7719]
[feature_fraction: 1]
[feature_fraction_bynode: 1]
[feature_fraction_seed: 2437]
[extra_trees: 0]
[extra_seed: 11797]
[early_stopping_round: 0]
[first_metric_only: 0]
[max_delta_step: 0]
[lambda_l1: 2.89313]
[lambda_l2: 0.724812]
[linear_lambda: 0]
[min_gain_to_split: 0]
[drop_rate: 0.1]
[max_drop: 50]
[skip_drop: 0.5]
[xgboost_dart_mode: 0]
[uniform_drop: 0]
[drop_seed: 21238]
[top_rate: 0.2]
[other_rate: 0.1]
[min_data_per_group: 100]
[max_cat_threshold: 32]
[cat_l2: 10]
[cat_smooth: 10]
[max_cat_to_onehot: 4]
[top_k: 20]
[monotone_constraints: ]
[monotone_constraints_method: basic]
[monotone_penalty: 0]
[feature_contri: ]
[forcedsplits_filename: ]
[refit_decay_rate: 0.9]
[cegb_tradeoff: 1]
[cegb_penalty_split: 0]
[cegb_penalty_feature_lazy: ]
[cegb_penalty_feature_coupled: ]
[path_smooth: 0]
[interaction_constraints: ]
[verbosity: -1]
[saved_feature_importance_type: 0]
[use_quantized_grad: 0]
[num_grad_quant_bins: 4]
[quant_train_renew_leaf: 0]
[stochastic_rounding: 1]
[linear_tree: 0]
[max_bin: 255]
[max_bin_by_feature: ]
[min_data_in_bin: 3]
[bin_construct_sample_cnt: 200000]
[data_random_seed: 38]
[is_enable_sparse: 1]
[enable_bundle: 1]
[use_missing: 1]
[zero_as_missing: 0]
[feature_pre_filter: 1]
[pre_partition: 0]
[two_round: 0]
[header: 0]
[label_column: ]
[weight_column: ]
[group_column: ]
[ignore_column: ]
[categorical_feature: ]
[forcedbins_filename: ]
[precise_float_parser: 0]
[parser_config_file: ]
[objective_seed: 8855]
[num_class: 1]
[is_unbalance: 0]
[scale_pos_weight: 1]
[sigmoid: 1]
[boost_from_average: 1]
[reg_sqrt: 0]
[alpha: 0.9]
[fair_c: 1]
[poisson_max_delta_step: 0.7]
[tweedie_variance_power: 1.5]
[lambdarank_truncation_level: 30]
[lambdarank_norm: 1]
[label_gain: ]
[lambdarank_position_bias_regularization: 0]
[eval_at: 1,3,5]
[multi_error_top_k: 1]
[auc_mu_weights: ]
[num_machines: 1]
[local_listen_port: 12400]
[time_out: 120]
[machine_list_filename: ]
[machines: ]
[gpu_platform_id: -1]
[gpu_device_id: -1]
[gpu_use_dp: 0]
[num_gpu: 1]

end of parameters

pandas_categorical:[]
