tree
version=v4
num_class=1
num_tree_per_iteration=1
label_index=0
max_feature_idx=50
objective=lambdarank
feature_names=f_course1 f_course2 f_course3 f_courseout mf_course1 mf_course2 mf_course3 mf_courseout f_mf_course1 f_mf_course2 f_mf_course3 f_mf_courseout f_len1 f_len2 f_len3 f_lenout mf_len1 mf_len2 mf_len3 mf_classout f_mf_len1 f_mf_len2 f_mf_len3 f_mf_classout f_class1 f_class2 f_class3 f_classout mf_class1 mf_class2 mf_class3 mf_classout.1 f_mf_class1 f_mf_class2 f_mf_class3 f_mf_classout.1 time_df_course1 time_df_class1 ninki_1 result_1 time_df_course2 time_df_class2 ninki_2 result_2 time_df_course3 time_df_class3 ninki_3 result_3 waku umaban self_popularity
feature_infos=[-1:73] [-1:64] [-1:55] [-1:401] [-1:68] [-1:54] [-1:48] [-1:485] [-1:12] [-1:10] [-1:9] [-1:59] [-1:12] [-1:10] [-1:11] [-1:107] [-1:8] [-1:7] [-1:8] [-1:54] [-1:5] [-1:3] [-1:4] [-1:13] [-1:6] [-1:5] [-1:3] [-1:35] [-1:3] [-1:4] [-1:3] [-1:17] [-1:2] [-1:2] [-1:2] [-1:8] [-1:0] [-1:0] [-1:180] [-1:120] [-1:0] [-1:0] [-1:180] [-1:180] [-1:0] [-1:0] [-1:180] [-1:160] [1:8] [1:16] [-1:16]
tree_sizes=3042 2618 1993 3156 3564 2522 3142 2736 4280 3875 2426 2846 3057

Tree=0
num_leaves=28
num_cat=0
split_feature=50 50 42 7 38 39 1 4 43 42 48 1 42 42 46 48 14 38 49 7 13 30 39 19 38 47 46
split_gain=57.6611 22.0953 10.9336 17.0946 16.1843 9.30551 8.18547 8.16258 7.78103 8.78578 5.15917 6.17508 4.69507 4.68422 7.35675 4.64842 8.06276 6.25406 4.82662 3.46587 3.23523 3.19711 2.56024 2.4458 2.13633 1.24612 3.56615
threshold=12.500000000000002 7.5000000000000009 11.500000000000002 61.500000000000007 9.5000000000000018 4.5000000000000009 32.500000000000007 17.500000000000004 7.5000000000000009 12.500000000000002 7.5000000000000009 1.0000000180025095e-35 17.500000000000004 10.500000000000002 25.000000000000004 4.5000000000000009 1.0000000180025095e-35 9.5000000000000018 12.500000000000002 11.500000000000002 1.5000000000000002 1.0000000180025095e-35 3.5000000000000004 14.500000000000002 1.5000000000000002 8.5000000000000018 85.000000000000014
decision_type=2 2 2 2 2 2 2 2 2 2 2 2 2 2 2 2 2 2 2 2 2 2 2 2 2 2 2
left_child=1 5 15 4 -4 10 8 13 9 -2 20 -12 -6 19 -15 17 18 23 -17 -7 21 -1 -5 -3 -22 26 -10
right_child=6 2 3 22 12 7 -8 -9 25 -11 11 -13 -14 14 -16 16 -18 -19 -20 -21 24 -23 -24 -25 -26 -27 -28
leaf_value=0.14040378000768089 -0.36140097162891754 0.093564571028715751 -0.36185204286472356 -0.11453914848981235 -0.16464508267614558 0.1274820745484343 0.098854218568070501 0.21549079973698776 -0.36160024258430018 0.022854254623094147 0.14782152681628832 -0.23699693307381245 0.033791531262108973 -0.14480137220864842 0.032660068276025057 -0.3377317858846165 0.093320344794313975 -0.057428940615820927 0.00022916683209328091 -0.0093074150851430795 0.18408190526432633 0.25709973884402432 -0.36041080970548944 0.26880589142390415 0.0062369575783643031 -0.36249351598007362 -0.050328028473974419
leaf_weight=38.60264809243381 3.1135083530098253 4.8687050659209508 4.5461176969110957 1.7166911847889403 4.5978032350540188 13.776498520746829 2.1778873763978472 6.9733232259750357 3.6174461022019413 5.2393295504152775 2.7939130868762723 2.6748672481626272 26.381236802786589 12.774201594293116 19.273216992616653 3.3418286349624378 6.9149386491626501 5.0035335458815089 2.3742944225668907 10.920720817521213 3.0582736227661362 9.6920357495546323 7.8045483566820621 5.7263228446245193 8.0696700885891897 13.081108162179587 1.8271099776029585
leaf_count=299 54 38 78 19 59 114 16 42 65 49 19 43 242 182 195 58 55 57 24 127 23 47 136 21 96 235 20
internal_value=0 0.0343948 -0.0451109 -0.100578 -0.0426706 0.0796952 -0.238894 0.0304357 -0.266299 -0.120661 0.128047 -0.0404681 0.00428229 0.00765072 -0.0380977 0.0433967 -0.0383836 0.109611 -0.197608 0.0670123 0.143564 0.163884 -0.316298 0.18849 0.055275 -0.331835 -0.257514
internal_weight=0 201.885 73.276 45.0464 35.5252 128.609 29.0564 63.718 26.8785 8.35284 64.8914 5.46878 30.979 56.7446 32.0474 28.2296 12.6311 15.5986 5.71612 24.6972 59.4226 48.2947 9.52124 10.595 11.1279 18.5257 5.44456
internal_count=2413 1974 787 534 379 1187 439 660 423 103 527 62 301 618 377 253 137 116 82 241 465 346 155 59 119 320 85
is_linear=0
shrinkage=0.181418


Tree=1
num_leaves=24
num_cat=0
split_feature=25 49 43 47 49 4 42 27 46 27 16 50 7 46 4 30 10 15 0 31 47 7 39
split_gain=13.3514 13.8931 22.4811 15.6511 17.1171 14.9617 12.7547 12.5046 10.308 13.6532 9.38545 10.226 10.1184 11.8063 8.94951 7.86 9.4911 7.17731 6.6879 6.08132 6.09644 5.59637 5.53227
threshold=1.5000000000000002 7.5000000000000009 5.5000000000000009 4.5000000000000009 8.5000000000000018 1.0000000180025095e-35 65.000000000000014 5.5000000000000009 3.5000000000000004 1.5000000000000002 3.5000000000000004 5.5000000000000009 130.50000000000003 19.000000000000004 8.5000000000000018 1.0000000180025095e-35 1.0000000180025095e-35 7.5000000000000009 2.5000000000000004 7.5000000000000009 4.5000000000000009 5.5000000000000009 9.5000000000000018
decision_type=2 2 2 2 2 2 2 2 2 2 2 2 2 2 2 2 2 2 2 2 2 2 2
left_child=1 10 7 6 5 -5 22 8 18 -10 11 15 14 -14 -13 16 -1 -12 -3 20 -2 -6 -4
right_child=19 2 3 4 21 -7 -8 -9 9 -11 17 12 13 -15 -16 -17 -18 -19 -20 -21 -22 -23 -24
leaf_value=-0.02073535466226125 -0.07705736977032715 -0.23054855436163194 -0.0061475673277036165 0.17338641450743122 -0.29473944510503258 -0.18754484433465454 -0.21593680771036541 0.20141813760340357 0.082712200738937813 -0.12723751573758607 0.22308710925304759 0.05958470771946147 -0.35698842142319887 0.10762916536275217 0.26181304209099532 0.10703039517700247 -0.2264853716829677 0.039478085731548644 -0.015876562243963034 0.011682173668361981 -0.34293919551932212 -0.15934196601604952 0.18196232820222166
leaf_weight=78.642904683947563 4.9168955096974987 8.5854881629347819 10.455865697935229 8.7420965638011676 14.954543865751473 6.6408409159630528 5.9001624565571538 12.17898586206138 50.226563619449735 12.77807282656431 14.381095767021181 94.42408001376316 3.9630778366699806 3.2811085702851415 7.7879953216761342 13.857987849041818 8.1321296002715808 13.672675890848039 10.756345166824756 4.793241871520876 6.7373343808576465 30.846743059810251 10.114848465658723
leaf_count=303 37 69 50 32 162 49 53 42 187 75 37 533 36 29 32 48 39 50 58 27 62 354 49
internal_value=0 0.00627643 -0.0314318 -0.0976057 -0.148021 0.0175345 0.0189297 0.0299349 0.00454501 0.0401129 0.0351243 0.0219586 0.060334 -0.146689 0.0750238 -0.0197817 -0.0400477 0.133662 -0.111258 -0.160287 -0.230973 -0.203619 0.0863898
internal_weight=0 420.324 182.181 87.6551 61.1842 15.3829 26.4709 94.5255 82.3465 63.0046 238.143 210.089 109.456 7.24419 102.212 100.633 86.775 28.0538 19.3418 16.4475 11.6542 45.8013 20.5707
internal_count=2413 2287 1180 749 597 81 152 431 389 262 1107 1020 630 65 565 390 342 87 127 126 99 516 99
is_linear=0
shrinkage=0.181418


Tree=2
num_leaves=18
num_cat=0
split_feature=20 7 1 2 11 39 43 43 31 8 50 19 15 12 50 11 31
split_gain=10.7524 19.0459 12.1594 12.0949 15.8214 10.9832 10.2196 7.54179 7.0689 6.9747 5.56155 4.5631 2.04609 1.53265 1.32236 0.0404383 0.0244974
threshold=1.0000000180025095e-35 73.500000000000014 37.500000000000007 24.000000000000004 5.5000000000000009 4.5000000000000009 12.500000000000002 7.5000000000000009 6.5000000000000009 1.5000000000000002 8.5000000000000018 17.500000000000004 10.500000000000002 2.5000000000000004 3.5000000000000004 1.5000000000000002 3.5000000000000004
decision_type=2 2 2 2 2 2 2 2 2 2 2 2 2 2 2 2 2
left_child=2 9 3 4 5 6 -1 12 -7 14 -5 -9 -3 16 -2 -16 -6
right_child=1 7 -4 10 13 8 -8 11 -10 -11 -12 -13 -14 -15 15 -17 -18
leaf_value=0.062526189272254354 -0.21172830199866988 0.18352246493768748 -0.25464623275639997 0.031886731541562741 -0.30325652411802367 -0.027972375205177671 -0.1537845038630424 0.037776089832783445 0.11075636661482798 -0.062233239565428297 0.24548850174552289 -0.30307431084157732 0.043082985701077714 -0.13307323768919199 -0.34777500471227402 -0.31125381463969631 -0.34616134849296409
leaf_weight=131.32190763950348 4.6495342496782568 6.5407564546912926 5.5993219800293437 6.5062099834904101 2.3820630507543674 162.02675731526688 7.5932079143822184 2.387765320017933 13.0512687722221 6.5948641048744312 10.479093614965675 2.7984169283881783 7.1588434362784028 1.9568988522514699 5.0599029185250384 3.5132312579080462 2.338084427639842
leaf_count=546 34 17 55 45 40 1227 69 16 76 37 29 45 43 29 39 34 32
internal_value=0 -0.0906332 0.010222 0.0146237 0.00671786 0.0125994 0.050689 0.0397201 -0.0176229 -0.214818 0.163759 -0.146376 0.110249 -0.269371 -0.290781 -0.333281 -0.325362
internal_weight=0 38.7033 343.255 337.655 320.67 313.993 138.915 18.8858 175.078 19.8175 16.9853 5.18618 13.6996 6.67705 13.2227 8.57313 4.72015
internal_count=2413 265 2148 2093 2019 1918 615 121 1303 144 74 61 60 101 107 73 72
is_linear=0
shrinkage=0.181418


Tree=3
num_leaves=29
num_cat=0
split_feature=23 3 18 50 16 16 39 38 7 19 38 46 42 7 42 46 0 47 47 42 3 42 39 50 3 50 18 43
split_gain=7.7175 8.48184 9.40751 7.0605 9.88456 15.6735 18.7619 9.28501 13.8984 8.47651 8.34324 7.83818 7.5615 8.52293 6.09069 6.05084 7.54545 5.81293 4.16811 4.06717 4.96733 3.91593 3.56893 4.58838 1.83519 0.927457 0.157105 0.107248
threshold=1.5000000000000002 221.50000000000003 1.0000000180025095e-35 3.5000000000000004 3.5000000000000004 1.0000000180025095e-35 12.500000000000002 65.000000000000014 1.0000000180025095e-35 2.5000000000000004 13.500000000000002 15.500000000000002 25.000000000000004 11.500000000000002 55.000000000000007 10.500000000000002 5.5000000000000009 4.5000000000000009 7.5000000000000009 10.500000000000002 28.500000000000004 85.000000000000014 11.500000000000002 1.5000000000000002 8.5000000000000018 4.5000000000000009 1.0000000180025095e-35 7.5000000000000009
decision_type=2 2 2 2 2 2 2 2 2 2 2 2 2 2 2 2 2 2 2 2 2 2 2 2 2 2 2 2
left_child=3 2 19 12 5 7 9 8 -5 -7 -6 -9 15 18 -15 22 24 -4 -14 -2 -21 -3 23 -1 -17 -19 -8 -27
right_child=1 21 17 4 10 6 26 11 -10 -11 -12 -13 13 14 -16 16 -18 25 -20 20 -22 -23 -24 -25 -26 27 -28 -29
leaf_value=0.0095420748699287083 0.11740503890090166 -0.026332518930861831 -0.078747327821072952 -0.14084409403197504 0.22565428928756273 -0.30489182037532908 -0.27559649867400904 -0.056676302553350578 0.041289040746563477 -0.0028319568072060876 -0.0064617424823113457 0.13798164143369862 0.046922734338534632 0.037374944464147151 -0.18024829195980202 -0.33935480139554081 -0.0054192476745621304 -0.20073556648832799 0.22942805954871262 -0.26378259555061861 0.018667623582313875 0.19891627146236679 0.056245926703872413 -0.13476245997746319 -0.1826833091361651 -0.34049896806042251 -0.33580335701216885 -0.29061092453126475
leaf_weight=13.291506398469211 5.4046857347711912 5.8493713918142003 7.4873126680031445 16.34437302313745 14.089693482965233 3.2754903798922888 2.5657213442027551 8.0816409224644286 87.85666678706184 43.798595503438264 7.9777407040819517 42.95787126943469 9.6143885068595427 9.8375600930303353 7.4115776689723125 5.263864139094947 5.8021971909329286 3.1283361800014955 7.2082564309239379 3.1687482921406609 5.7542289206758142 4.4733819467946887 10.019874138757585 15.938008686527608 4.7359286043792963 4.4703202974051237 5.848602241370827 3.4473058842122555
leaf_count=57 32 50 50 129 40 61 47 77 574 324 52 215 42 44 52 34 35 18 26 34 46 18 53 94 30 42 67 70
internal_value=0 -0.0720045 -0.117061 0.00966128 0.0262854 0.0141834 -0.0685627 0.0437639 0.0127061 -0.0239252 0.141773 0.107149 -0.0337576 0.0334014 -0.0561808 -0.0753247 -0.170077 -0.202366 0.125242 -0.00662616 -0.0818306 0.0713759 -0.0371322 -0.0691589 -0.265478 -0.285967 -0.317881 -0.319268
internal_weight=0 43.1837 32.8609 321.92 232.796 210.729 55.4884 155.241 104.201 47.0741 22.0674 51.0395 89.1232 34.0718 17.2491 55.0514 15.802 18.5333 16.8226 14.3277 8.92298 10.3228 39.2494 29.2295 9.99979 11.046 8.41432 7.91763
internal_count=2413 360 292 2053 1586 1494 499 995 703 385 92 292 467 164 96 303 99 180 68 112 80 68 204 151 64 130 114 112
is_linear=0
shrinkage=0.181418


Tree=4
num_leaves=33
num_cat=0
split_feature=50 47 14 11 5 43 42 0 46 39 43 7 50 39 7 19 25 23 42 50 3 43 43 43 42 48 31 39 49 43 11 46
split_gain=9.15826 7.71623 8.57796 9.6728 7.56129 11.8638 10.6827 10.4547 8.98091 9.37429 8.76428 8.44746 8.1202 8.98928 8.0469 7.74137 7.31084 7.1185 6.99002 6.57089 6.464 5.1855 11.9884 6.20643 4.3782 4.29092 7.96914 2.06332 0.112485 0.0829765 0.0167764 0.00547025
threshold=12.500000000000002 12.500000000000002 1.5000000000000002 1.0000000180025095e-35 1.5000000000000002 15.500000000000002 11.500000000000002 3.5000000000000004 35.000000000000007 11.500000000000002 3.5000000000000004 26.500000000000004 11.500000000000002 2.5000000000000004 11.500000000000002 2.5000000000000004 1.0000000180025095e-35 1.0000000180025095e-35 95.000000000000014 8.5000000000000018 74.500000000000014 5.5000000000000009 14.500000000000002 3.5000000000000004 17.500000000000004 3.5000000000000004 3.5000000000000004 4.5000000000000009 6.5000000000000009 8.5000000000000018 4.5000000000000009 13.500000000000002
decision_type=2 2 2 2 2 2 2 2 2 2 2 2 2 2 2 2 2 2 2 2 2 2 2 2 2 2 2 2 2 2 2 2
left_child=4 2 3 18 6 7 15 11 9 20 16 14 13 -10 -6 21 -9 -13 31 -12 -8 23 -23 -1 -11 -5 -27 -17 -7 -3 -4 -2
right_child=1 29 30 25 5 28 8 10 12 24 19 17 -14 -15 -16 27 -18 -19 -20 -21 -22 22 -24 -25 -26 26 -28 -29 -30 -31 -32 -33
leaf_value=0.053877198207679382 -0.27662319440136252 -0.33068454214905668 -0.27920367333027757 0.21660234972708925 -0.019587949214901153 -0.33287704538208135 -0.18155183251713899 0.13949911988157515 0.13303499366102961 -0.081271567531319797 0.016893561020495225 -0.063655453886865374 0.21955798940667895 -0.029661290390516546 -0.24737281845604447 0.2656770742044216 -0.069387544589358474 0.067997243718821349 0.11431457043334496 -0.16795046136517774 0.067021230238602764 -0.10042147040244427 0.18136331085557686 0.244312413814808 0.15816820963218495 -0.28435346918488863 0.19937352370033884 0.13723715952703242 -0.26853150537609316 -0.27008140697043109 -0.3227695746034917 -0.31091610585344437
leaf_weight=19.416218238882724 2.7377060102298953 1.3170112781226624 1.8686090172268444 5.8360401904210431 8.6429958036169428 2.4430359322577706 20.007248578593138 30.111224901862442 15.396058578044174 4.0813155600335431 28.690390172414482 42.038631709758192 7.1977690001949659 40.692453191615641 12.470045623369513 7.9764503128826645 6.7412084592506281 19.908797038719058 2.0079526202753186 8.1083602402359229 4.1505951359868041 15.186515837442132 7.3713170457631341 7.9306159839034072 6.5034883730113506 2.0309129687957466 2.4720485992729664 8.6238239072263223 2.2748238714411855 4.6384347672574222 1.7814045418053863 1.8236940335482357
leaf_count=108 71 16 40 26 56 23 175 130 57 48 199 273 22 207 89 15 55 102 26 114 26 123 21 21 29 51 16 43 38 138 24 31
internal_value=0 -0.10251 -0.0497505 0.00475403 0.00834156 -0.0195522 0.0357097 -0.0110063 -0.00236539 -0.0764641 0.0387502 -0.0551278 0.0383166 0.0150132 -0.154198 0.0918262 0.101273 -0.0213365 -0.167201 -0.023871 -0.138824 0.0560967 -0.00828593 0.109193 0.0658379 0.114099 -0.0189247 0.19911 -0.302642 -0.284145 -0.301493 -0.291145
internal_weight=0 26.5138 20.5584 16.9084 325.963 161.43 164.534 156.712 98.0289 34.7426 73.6512 83.0605 63.2863 56.0885 21.113 66.5049 36.8524 61.9474 6.56935 36.7988 24.1578 49.9047 22.5578 27.3468 10.5848 10.339 4.50296 16.6003 4.71786 5.95545 3.65001 4.5614
internal_count=2413 439 285 221 1974 1079 895 1018 564 278 498 520 286 264 145 331 185 375 128 313 201 273 144 129 77 93 67 58 61 154 64 102
is_linear=0
shrinkage=0.181418


Tree=5
num_leaves=23
num_cat=0
split_feature=46 46 15 50 17 49 28 46 43 43 19 19 38 3 3 50 5 31 42 50 7 42
split_gain=4.82909 11.3924 8.62321 7.75566 6.72837 6.99521 6.48324 5.47783 10.3694 9.42207 7.49806 10.467 5.44466 8.00556 6.72444 6.33164 3.60448 3.52545 3.48087 2.50688 0.932169 0.458184
threshold=6.5000000000000009 8.5000000000000018 20.500000000000004 2.5000000000000004 2.5000000000000004 10.500000000000002 1.0000000180025095e-35 19.000000000000004 14.500000000000002 6.5000000000000009 13.500000000000002 8.5000000000000018 75.000000000000014 18.500000000000004 25.500000000000004 4.5000000000000009 2.5000000000000004 7.5000000000000009 10.500000000000002 5.5000000000000009 131.50000000000003 8.5000000000000018
decision_type=2 2 2 2 2 2 2 2 2 2 2 2 2 2 2 2 2 2 2 2 2 2
left_child=2 19 6 -4 7 20 12 8 9 -3 11 -9 14 -14 16 -16 -1 -12 -10 -2 -6 -21
right_child=1 4 3 -5 5 -7 -8 10 18 -11 17 -13 13 -15 15 -17 -18 -19 -20 21 -22 -23
leaf_value=0.032185877481866562 -0.10125819664826873 0.0002668026567906425 0.049373935105409827 -0.28621991797102081 -0.1722591763930334 0.040705510264958188 0.16757294453797281 0.013836405877683571 0.19847391142079224 -0.14803824152419753 0.13191627463434558 -0.216461047760627 0.056121791975094516 -0.32688334814975062 0.0022560834026042927 0.19977712048464394 -0.10731922453460022 -0.0028548733018250155 0.023213757776498714 -0.3354361741731724 -0.30183168227452173 -0.22904145691632127
leaf_weight=25.612429006490856 4.9304702766239625 27.7465252969414 4.2279989756643754 4.8639215221628547 3.4171519791707379 4.570671608671546 14.105280783027409 112.55994095187634 6.1127049140632144 28.647840332705528 25.030066932551563 6.8813287932425728 3.9824207490310064 3.2546166619285941 8.495154535397889 14.386335383169351 7.9865756407380095 8.5714749563485366 9.5559940547682327 2.6056391810998321 4.124617506749928 3.1043174378573895
leaf_count=151 36 156 18 54 48 42 53 655 17 389 131 84 42 38 59 70 65 58 127 23 55 42
internal_value=0 -0.0129029 0.0367924 -0.130276 -0.00465996 -0.136309 0.0563301 0.00242967 -0.0388077 -0.0750825 0.0218498 0.000546597 0.0316745 -0.116347 0.0506648 0.126492 -0.000995004 0.0975424 0.0916973 -0.196443 -0.24351 -0.27822
internal_weight=0 247.859 86.9147 9.09192 237.218 12.1124 77.8228 225.106 72.0631 56.3944 153.043 119.441 63.7175 7.23704 56.4805 22.8815 33.599 33.6015 15.6687 10.6404 7.54177 5.70996
internal_count=2413 1863 550 72 1762 145 478 1617 689 545 928 739 425 80 345 129 216 189 144 101 103 65
is_linear=0
shrinkage=0.181418


Tree=6
num_leaves=29
num_cat=0
split_feature=48 47 43 43 15 38 46 50 7 31 16 42 47 10 47 46 43 47 50 50 3 48 0 2 47 7 7 23
split_gain=7.38788 8.50076 5.67488 10.7795 6.29856 4.47138 4.92691 3.60393 6.65936 8.08586 5.71066 8.14117 8.18013 7.82259 7.47004 10.5102 7.09065 5.14486 3.50743 2.98302 4.54871 2.3607 3.03115 1.72797 1.6645 0.464306 0.20079 0.00998263
threshold=7.5000000000000009 5.5000000000000009 15.500000000000002 17.500000000000004 6.5000000000000009 55.000000000000007 19.000000000000004 5.5000000000000009 75.500000000000014 1.5000000000000002 1.5000000000000002 10.500000000000002 6.5000000000000009 1.5000000000000002 8.5000000000000018 10.500000000000002 9.5000000000000018 1.5000000000000002 5.5000000000000009 7.5000000000000009 8.5000000000000018 6.5000000000000009 3.5000000000000004 1.0000000180025095e-35 2.5000000000000004 16.500000000000004 7.5000000000000009 1.0000000180025095e-35
decision_type=2 2 2 2 2 2 2 2 2 2 2 2 2 2 2 2 2 2 2 2 2 2 2 2 2 2 2 2
left_child=2 5 7 18 -5 6 23 8 9 17 14 12 -12 -13 16 -16 -9 -1 -4 20 -3 22 -10 -2 -11 -20 -21 -28
right_child=1 19 3 4 -6 -7 -8 10 21 24 11 13 -14 -15 15 -17 -18 -19 25 26 -22 -23 -24 -25 -26 -27 27 -29
leaf_value=0.056647656183111607 0.038164658741363162 0.057171926978463884 -0.076973933777093162 -0.1052224083578524 0.1789643675453706 -0.16079168731156379 0.16165999142454243 0.043440540108791115 -0.03899069396403617 -0.096497384453122587 -0.10135049009374701 -0.22782482685815586 0.20238184510516419 0.10778331059370326 0.11683022094943031 -0.068998654994403524 0.1534840098386519 -0.048013451647240663 -0.33160023957920082 -0.32478981535461787 -0.23911284991777945 0.16260034792719535 0.085078273073842775 -0.12546715513621454 -0.25025997571351122 -0.22705413706777094 -0.26494994531193167 -0.2277162421579258
leaf_weight=22.543273360934108 4.0204941444098967 3.0166863687336427 3.9411066174507159 4.7156989360228163 5.604788064956665 4.6403223904781035 6.4908691383898249 57.755699600093067 10.536016922444107 3.8187389187514764 5.4181186468340474 9.599775977432726 6.2986383307725191 2.9903342071920624 14.653102504089473 31.594029190950096 28.927526807412505 49.115715226624161 4.1371709611266851 2.4782342873513699 3.897738547064364 6.0310726501047602 16.798141367733479 4.4777801260352135 5.9913901975378394 2.343183140270412 2.7171375732868914 1.2397780902683733
leaf_count=117 21 21 19 42 26 46 32 353 69 30 41 131 19 35 97 341 159 331 46 34 46 24 88 41 64 47 58 35
internal_value=0 -0.0813882 0.00916952 -0.082272 0.0491209 -0.00539714 0.0427852 0.0161448 -0.00828603 -0.0362451 0.0339877 -0.046844 0.0619509 -0.148071 0.0487725 -0.0101009 0.0801819 -0.0150813 -0.212319 -0.193009 -0.109941 0.0599655 0.0372521 -0.0480848 -0.190614 -0.294311 -0.281867 -0.254047
internal_weight=0 32.979 292.814 20.7419 10.3205 19.6295 14.9891 272.072 114.834 81.4691 157.237 24.3069 11.7168 12.5901 132.93 46.2471 86.6832 71.659 10.4215 13.3496 6.91442 33.3652 27.3342 8.49827 9.81013 6.48035 6.43515 3.95692
internal_count=2413 334 2079 180 68 140 94 1899 723 542 1176 226 60 166 950 438 512 448 112 194 67 181 157 62 94 93 127 93
is_linear=0
shrinkage=0.181418


Tree=7
num_leaves=25
num_cat=0
split_feature=50 23 23 9 49 38 31 49 43 16 50 1 49 38 42 43 19 0 49 47 0 31 7 46
split_gain=4.21954 9.68001 3.59035 3.26826 7.91821 6.69046 4.53662 3.95715 7.67788 8.04273 7.82344 5.92737 4.50854 4.36113 5.22912 4.35727 3.60109 3.54583 3.38252 3.26617 3.00512 1.4391 0.147332 0.00205195
threshold=13.500000000000002 1.0000000180025095e-35 1.5000000000000002 1.0000000180025095e-35 12.500000000000002 115.00000000000001 4.5000000000000009 8.5000000000000018 5.5000000000000009 1.0000000180025095e-35 6.5000000000000009 18.500000000000004 9.5000000000000018 115.00000000000001 105.00000000000001 10.500000000000002 44.000000000000007 1.5000000000000002 3.5000000000000004 4.5000000000000009 1.0000000180025095e-35 2.5000000000000004 5.5000000000000009 19.000000000000004
decision_type=2 2 2 2 2 2 2 2 2 2 2 2 2 2 2 2 2 2 2 2 2 2 2 2
left_child=3 23 -3 7 5 16 -6 11 9 20 -11 13 22 14 -1 -13 18 -15 -5 -14 -9 -4 -10 -2
right_child=1 2 21 4 6 -7 -8 8 12 10 -12 15 19 17 -16 -17 -18 -19 -20 -21 -22 -23 -24 -25
leaf_value=0.035557167875952422 -0.24065252091158107 0.13303614977241038 0.011500218659718236 -0.041718795900024815 -0.015973411622674651 0.11656286444022029 0.23521110168619233 -0.0095105540192471187 -0.2094430588202818 -0.0081912546329739773 -0.30082160276525172 -0.2080113472205454 0.0074348402753645132 0.18327854316826195 -0.10095119565004668 0.033669953730785053 0.06074972013288335 0.012597642717614864 -0.19562892825052733 -0.11267558131384187 0.10821152806084154 -0.2583912499187348 -0.2817325094450232 -0.26391505030349777
leaf_weight=133.78285024920478 4.1001716726459545 5.1064036688767374 1.2477884218096735 6.6896736230701306 5.10549832228571 4.4081889772787681 4.3949238825589418 10.016353145241736 1.7998558585531998 12.164508713409306 3.9833792559802523 5.852154251188038 13.27024680376053 11.187917107716205 9.9085766170173866 4.2164800819009542 3.0163625944405785 6.243725999724119 15.876374230720101 16.969004591926932 24.772391827777028 1.3407464940100906 2.7393968282267451 2.8214475698769093
leaf_count=782 138 43 23 57 49 26 14 63 29 75 51 57 94 41 78 30 19 49 165 277 109 37 40 67
internal_value=0 -0.0951162 0.0448833 0.00469416 -0.0438861 -0.0896061 0.100352 0.0121642 -0.0196523 0.0252095 -0.0805571 0.0280961 -0.085349 0.0365381 0.026135 -0.106861 -0.125177 0.122205 -0.150057 -0.0599772 0.0743196 -0.128754 -0.253731 -0.250597
internal_weight=0 14.6166 7.69494 296.398 39.491 29.9906 9.50042 256.907 85.7151 50.9366 16.1479 171.192 34.7785 161.123 143.691 10.0686 25.5824 17.4316 22.566 30.2393 34.7887 2.58853 4.53925 6.92162
internal_count=2413 308 103 2105 330 267 63 1775 738 298 126 1037 440 950 860 87 241 90 222 371 172 60 69 205
is_linear=0
shrinkage=0.181418


Tree=8
num_leaves=40
num_cat=0
split_feature=42 42 43 3 48 42 31 5 50 6 27 46 1 49 47 31 0 2 16 47 39 47 6 48 2 7 47 50 17 17 47 46 7 15 4 49 43 46 15
split_gain=4.21291 5.40713 5.86983 8.11392 7.60361 4.63221 4.45956 5.95221 5.78967 4.23752 4.17759 4.06251 5.74533 4.49742 5.25695 6.58909 4.04546 3.92448 3.86557 7.97144 6.67897 5.21725 3.92652 4.22591 3.8108 3.31614 3.2619 3.54669 3.20035 3.94968 2.59931 2.41114 2.21158 2.02922 1.80632 0.254685 0.237887 0.102085 0.0602705
threshold=35.000000000000007 11.500000000000002 1.5000000000000002 61.500000000000007 5.5000000000000009 105.00000000000001 3.5000000000000004 1.5000000000000002 3.5000000000000004 2.5000000000000004 1.5000000000000002 85.000000000000014 19.500000000000004 3.5000000000000004 14.500000000000002 1.0000000180025095e-35 1.5000000000000002 1.5000000000000002 1.0000000180025095e-35 9.5000000000000018 7.5000000000000009 11.500000000000002 2.5000000000000004 2.5000000000000004 14.500000000000002 61.500000000000007 1.5000000000000002 6.5000000000000009 1.5000000000000002 1.0000000180025095e-35 2.5000000000000004 7.5000000000000009 6.5000000000000009 8.5000000000000018 10.500000000000002 12.500000000000002 4.5000000000000009 55.000000000000007 1.5000000000000002
decision_type=2 2 2 2 2 2 2 2 2 2 2 2 2 2 2 2 2 2 2 2 2 2 2 2 2 2 2 2 2 2 2 2 2 2 2 2 2 2 2
left_child=1 6 16 26 24 18 7 8 31 32 -10 12 37 -13 15 -15 -3 -11 21 20 25 22 23 -2 -5 -20 -4 -28 29 -8 -24 -1 -9 -22 -30 -6 -21 -7 -16
right_child=5 2 3 4 35 11 28 9 10 17 -12 13 -14 14 38 -17 -18 -19 19 36 33 -23 30 -25 -26 -27 27 -29 34 -31 -32 -33 -34 -35 -36 -37 -38 -39 -40
leaf_value=-0.023987405142468079 -0.10674761963630704 0.19011201572197303 -0.010789410976879179 0.1339898024973637 -0.2781596438501342 -0.22146771667670603 0.084418860180976829 -0.030244214232765812 0.075876667210638127 -0.15168261324545271 -0.063996088531069126 0.10984937990429643 0.092195629990414835 0.10000878984238647 -0.29953837895678059 -0.14717400053089139 -0.046370411609810341 0.019184862286345642 0.16092162336160773 -0.19426422639553037 -0.049361941338750361 0.1871931639092746 0.22842866411921223 0.048143357949411048 -0.076676274853225923 0.0053878831439569501 -0.11292362933382714 -0.257556463043286 0.16786369070279461 -0.14804010443398116 0.05908327871839146 -0.16765151532330841 -0.22076041408425043 -0.29090015303994549 0.057765293119056066 -0.17609445376006075 -0.28330918849728209 -0.27774999050120275 -0.23746141735624565
leaf_weight=10.77354107424617 7.0278301090002051 4.3788286950439197 4.2235964098945287 8.9995777253061551 1.9085979750379913 2.5085690342821172 5.2629967350512761 2.6777850836515453 37.008986833970994 6.3579827453941133 8.6634405390359444 8.5883994130417722 2.2780317775905132 8.3638327913358825 1.375538852065801 6.1477475748397401 5.1911768056452274 14.471568570472298 8.993305468931803 2.4190960414707652 2.477936516981571 10.722750501707194 5.659081729128955 32.835338825359941 4.1068649366497985 9.0491013433784229 11.297704259864988 11.092430325224994 8.6525001544505376 4.4106282824650407 6.326509727165103 5.9745065774768582 8.0547785116359574 2.1292361887171865 11.366417541168628 1.5942435178440062 1.9346024692058561 2.7952893972396851 1.6656555728986857
leaf_count=68 46 19 36 49 31 47 36 21 206 70 64 46 13 53 22 85 42 126 45 34 30 42 18 164 47 69 109 279 33 45 41 40 101 37 47 38 37 39 38
internal_value=0 -0.0179769 -0.0665753 -0.0950378 0.0044542 0.0257284 0.00277101 -0.0165919 0.0158717 -0.0807835 0.0493307 -0.0315697 -0.148378 0.00235314 -0.0502709 -0.00472959 0.0619141 -0.0330173 0.0473035 -0.0100562 0.0331845 0.0720579 0.048206 0.0208077 0.0679534 0.0829799 -0.157111 -0.184684 0.0640473 -0.0216001 0.139204 -0.0753304 -0.17333 -0.161492 0.105432 -0.232511 -0.234537 -0.251719 -0.266655
internal_weight=0 176.468 52.793 43.223 16.6093 123.298 123.675 93.9826 62.4205 31.5621 45.6724 33.7231 7.58189 26.1412 17.5528 14.5116 9.57001 20.8296 89.5748 27.0033 22.6496 62.5715 51.8488 39.8632 13.1064 18.0424 26.6137 22.3901 29.6925 9.67363 11.9856 16.748 10.7326 4.60717 20.0189 3.50284 4.3537 5.30386 3.04119
internal_count=2413 1507 650 589 165 906 857 696 378 318 270 343 99 244 198 138 61 196 563 252 181 311 269 210 96 114 424 388 161 81 59 108 122 67 80 69 71 86 60
is_linear=0
shrinkage=0.181418


Tree=9
num_leaves=36
num_cat=0
split_feature=50 19 39 0 6 0 50 3 50 43 36 47 2 2 1 47 42 42 18 3 47 15 46 6 31 6 43 42 49 38 50 49 43 46 43
split_gain=2.87096 6.4944 10.5738 10.1919 5.62285 5.11002 4.52275 5.43793 4.38431 5.53855 4.33953 4.14009 4.1335 9.29599 4.9163 3.59838 3.4794 3.47101 3.28501 2.93569 2.92573 4.7563 2.66929 2.52262 3.95457 2.25834 2.05694 1.8666 1.5886 1.2307 1.0988 0.377493 0.234414 0.135705 0.0586891
threshold=7.5000000000000009 1.0000000180025095e-35 12.500000000000002 1.5000000000000002 12.500000000000002 1.0000000180025095e-35 5.5000000000000009 9.5000000000000018 3.5000000000000004 5.5000000000000009 -1.0000000180025095e-35 12.500000000000002 16.500000000000004 6.5000000000000009 6.5000000000000009 10.500000000000002 3.5000000000000004 95.000000000000014 1.5000000000000002 9.5000000000000018 2.5000000000000004 2.5000000000000004 25.000000000000004 5.5000000000000009 1.0000000180025095e-35 1.0000000180025095e-35 3.5000000000000004 11.500000000000002 5.5000000000000009 8.5000000000000018 6.5000000000000009 6.5000000000000009 11.500000000000002 35.000000000000007 6.5000000000000009
decision_type=2 2 2 2 2 2 2 2 2 2 2 2 2 2 2 2 2 2 2 2 2 2 2 2 2 2 2 2 2 2 2 2 2 2 2
left_child=6 2 3 32 12 -6 7 8 22 -10 -9 20 13 14 -3 -11 29 -15 -18 -7 21 -8 25 24 -22 -1 -14 -5 -4 -12 -13 -23 33 -2 -21
right_child=1 4 28 27 5 19 11 10 9 15 16 30 26 17 -16 -17 18 -19 -20 34 23 31 -24 -25 -26 -27 -28 -29 -30 -31 -32 -33 -34 -35 -36
leaf_value=-0.041924927477559479 -0.29437024865180494 0.00912636759318213 0.14632808793794871 0.075077199929086541 0.086925826940523698 0.016282899561896269 -0.15726323296972428 0.13029941451384477 0.16846196627117815 -0.16483215499596576 -0.088243542639461978 -0.1641032030052319 0.19989744245634541 -0.25829897251486172 0.18705504985905083 0.10202964755515548 -0.064116337004514565 0.0068866664573373777 0.027185327091894699 -0.27978440562813717 0.11168512501389204 0.034773201675496079 -0.12474398870452964 0.17003495613813324 -0.047473049808078517 0.086914902002689379 0.036534140054352897 -0.10335068655139523 -0.025103112598811622 -0.22832368194362437 -0.0087385034164756716 0.10648567783801396 -0.24657067863649901 -0.34957485613861278 -0.23664063329991294
leaf_weight=8.8842317797243648 4.0644210753962451 52.349745499435812 4.4305343925952902 3.3506623636931172 2.7681242953985912 1.6216262504458425 4.2628342732787123 4.7455985173583022 14.178684983402492 3.3367210258729747 4.1369042545557004 2.9801755230873814 5.5405564215034229 5.6753485067747524 5.6527908095158628 3.291977402754128 38.444845707155764 2.2711839433759451 19.558499101549387 2.9638118231669068 18.657655786722902 4.6538444841280562 5.1870152819901696 11.538592166267334 7.0793648883700362 9.0027954168617708 4.6886701649054885 4.5164271360263228 2.9595171231776476 4.1700868755578995 3.0094354888424277 5.0746420696377754 2.0542412898503244 3.5661670034751296 3.0772190229035914
leaf_count=65 60 547 19 19 30 10 28 23 51 34 27 33 20 88 30 24 342 33 144 48 84 28 47 55 53 59 48 47 48 35 25 30 55 24 100
internal_value=0 -0.0226713 -0.104218 -0.180831 0.000821392 -0.124019 0.0146875 -0.00606353 0.0441415 0.104504 -0.0370732 0.0563395 0.0179345 0.0012795 0.0265049 -0.0323262 -0.0490756 -0.182584 -0.0333271 -0.200265 0.0730178 0.00225875 -0.0103087 0.0995626 0.0678968 0.0229254 0.125166 -0.0273328 0.0777171 -0.158812 -0.0862454 0.0722846 -0.305314 -0.320697 -0.258345
internal_weight=0 111.551 24.942 17.5519 86.6091 10.4308 172.194 114.937 43.8814 20.8074 71.0559 57.2565 76.1783 65.9491 58.0025 6.6287 66.3103 7.94653 58.0033 7.66266 51.2669 13.9913 23.074 37.2756 25.737 17.887 10.2292 7.86709 7.39005 8.30699 5.98961 9.72849 9.68483 7.63059 6.04103
internal_count=2413 1226 272 205 954 188 1187 851 280 109 571 336 766 698 577 58 548 121 486 158 278 86 171 192 137 124 68 66 67 62 58 58 139 84 148
is_linear=0
shrinkage=0.181418


Tree=10
num_leaves=22
num_cat=0
split_feature=25 31 50 23 1 3 25 16 5 39 3 27 50 49 18 0 35 3 14 48 6
split_gain=2.42596 2.63911 2.24526 5.08551 2.26216 4.04667 2.25549 4.20529 3.23591 3.03918 11.2651 4.78874 3.92662 2.74302 2.46042 2.17279 1.88199 3.47865 2.37873 1.52794 0.19543
threshold=1.5000000000000002 7.5000000000000009 13.500000000000002 1.0000000180025095e-35 11.500000000000002 10.500000000000002 1.0000000180025095e-35 1.0000000180025095e-35 14.500000000000002 12.500000000000002 2.5000000000000004 2.5000000000000004 9.5000000000000018 9.5000000000000018 1.0000000180025095e-35 3.5000000000000004 1.0000000180025095e-35 39.500000000000007 2.5000000000000004 3.5000000000000004 2.5000000000000004
decision_type=2 2 2 2 2 2 2 2 2 2 2 2 2 2 2 2 2 2 2 2 2
left_child=2 19 6 -4 5 -5 9 13 15 16 12 -12 -11 14 -8 -9 18 -18 -1 -2 -21
right_child=1 -3 3 4 -6 -7 7 8 -10 10 11 -13 -14 -15 -16 -17 17 -19 -20 20 -22
leaf_value=0.0096452295895135178 -0.060619734446748966 0.041395123250435033 -0.22379895214701345 0.15010211948434998 0.17201244776674934 -0.23632230842080781 -0.03752147454559155 0.011602503321452433 0.09714308995892687 -0.0095496575174372905 -0.19359704835313898 -0.021119165725888362 0.18090967589591492 0.20031592338731669 0.14875127459141391 -0.19933546742254568 0.11534111148058369 -0.034289504878745977 -0.071600094577618068 -0.29056801454637216 -0.19674217878022315
leaf_weight=154.34588788438123 2.6519451551139337 3.1699740877375007 4.5195388717111182 1.6430309764109554 2.2965599233284593 1.9234059001319108 4.973174370825296 2.7653667060658318 3.9194318428635597 7.6927141752094013 13.793495161458852 8.60714393109083 6.6193079240620136 6.9428379461169234 4.3774926625192165 3.815939792431891 13.79591677291319 8.1116561600938422 12.835832537151871 1.6932720956392588 1.5783633510582147
leaf_count=1128 38 27 201 13 15 67 40 28 24 51 184 90 29 37 19 64 92 85 120 28 33
internal_value=0 -0.0920625 0.00318743 -0.0794454 0.032023 -0.0583359 0.00658825 0.056342 -0.0331502 0.000680829 -0.0470758 -0.12738 0.0786004 0.114012 0.049738 -0.11081 0.00995643 0.0599401 0.00340159 -0.163455 -0.246234
internal_weight=0 9.09355 262.979 10.3825 5.863 3.56644 252.596 26.7942 10.5007 225.802 36.7127 22.4006 14.312 16.2935 9.35067 6.58131 189.089 21.9076 167.182 5.92358 3.27164
internal_count=2413 126 2287 296 95 80 1991 212 116 1779 354 274 80 96 59 92 1425 177 1248 99 61
is_linear=0
shrinkage=0.181418


Tree=11
num_leaves=26
num_cat=0
split_feature=50 46 42 47 7 18 42 42 46 46 11 4 19 47 4 0 19 43 19 47 3 3 38 50 43
split_gain=2.14016 3.10162 3.98798 4.2417 3.52643 6.99333 4.26598 3.04309 4.30265 5.04882 4.09868 2.63578 7.71462 3.90642 3.40051 3.66545 3.40556 5.20975 3.92105 2.3227 3.48283 0.933941 0.295339 0.0318892 0.0197293
threshold=12.500000000000002 65.000000000000014 35.000000000000007 15.500000000000002 20.500000000000004 1.0000000180025095e-35 65.000000000000014 12.500000000000002 105.00000000000001 65.000000000000014 2.5000000000000004 10.500000000000002 27.500000000000004 8.5000000000000018 7.5000000000000009 2.5000000000000004 6.5000000000000009 1.5000000000000002 2.5000000000000004 1.5000000000000002 12.500000000000002 46.500000000000007 11.500000000000002 13.500000000000002 6.5000000000000009
decision_type=2 2 2 2 2 2 2 2 2 2 2 2 2 2 2 2 2 2 2 2 2 2 2 2 2
left_child=1 11 -3 4 6 -6 -4 -2 9 10 24 14 13 22 16 -16 18 -18 -1 -14 -21 -17 -13 -10 -9
right_child=7 2 3 -5 5 -7 -8 8 23 -11 -12 12 19 -15 15 21 17 -19 -20 20 -22 -23 -24 -25 -26
leaf_value=0.0053494711232946277 -0.23153851208002921 -0.1835841687878309 0.15905789135903758 -0.16955534323459059 -0.28617449209255386 0.00065467291345244934 -0.0027256440949081175 -0.27101019137189486 -0.28070477789074583 0.16782460075133146 0.060896541519655456 -0.21315378452917527 -0.047150238359089595 -0.043835834102940369 -0.016040427926441482 0.19784558267982599 -0.22218399506639083 -0.007086055164843251 0.077308335564051991 0.23400069088272982 0.018406184959832386 0.10198900028293693 -0.30215126918759017 -0.22264394755050274 -0.21965432720716915
leaf_weight=85.255623058765195 2.908752792049202 5.3014919832348815 7.2348622456192997 5.3878559134900561 3.6902827825397244 11.446067025884984 20.640500767156482 0.64811538998037432 0.79513804009184186 4.5430297162383795 3.2018402605317533 2.3178636096417922 7.0642608357593444 5.0365844196639955 6.723133614286783 6.4411004218272847 4.5873489920049932 19.098845389671624 35.211340464651585 3.5521844178438178 8.0210401853546482 7.0849211439490318 3.1712653643917292 1.6700173132121561 2.4429074889048934
leaf_count=689 117 46 30 57 49 111 140 13 22 33 46 32 41 49 57 17 47 196 235 14 72 53 39 72 136
internal_value=0 0.00418762 -0.0343823 -0.0179945 0.0010275 -0.0694305 0.0393066 -0.0638351 -0.0269728 0.0222977 -0.0828491 0.0148906 -0.035361 -0.159435 0.0238078 0.0934031 0.0140235 -0.0488429 0.0263895 0.034757 0.0847672 0.147783 -0.265145 -0.242701 -0.231477
internal_weight=0 247.267 53.7011 48.3996 43.0117 15.1363 27.8754 16.2098 13.301 10.8359 6.29286 193.566 29.1632 10.5257 164.402 20.2492 144.153 23.6862 120.467 18.6375 11.5732 13.526 5.48913 2.46516 3.09102
internal_count=2413 1974 433 387 330 160 170 439 322 228 195 1541 247 120 1294 127 1167 243 924 127 86 70 71 94 149
is_linear=0
shrinkage=0.181418


Tree=12
num_leaves=28
num_cat=0
split_feature=9 16 47 49 48 7 49 7 31 17 23 43 38 49 3 7 43 0 47 39 18 7 2 38 50 50 42
split_gain=2.15495 3.20126 2.93091 3.13627 2.85401 3.25881 3.1547 3.34856 4.69183 5.63257 4.60493 2.8525 4.44373 5.96987 3.62625 4.22725 2.91486 2.62345 2.24908 2.69515 1.93359 1.87051 1.86658 1.83502 1.65488 0.802099 0.0239498
threshold=1.0000000180025095e-35 7.5000000000000009 11.500000000000002 11.500000000000002 5.5000000000000009 182.00000000000003 6.5000000000000009 1.5000000000000002 1.0000000180025095e-35 1.0000000180025095e-35 1.0000000180025095e-35 5.5000000000000009 105.00000000000001 5.5000000000000009 6.5000000000000009 1.5000000000000002 13.500000000000002 14.500000000000002 3.5000000000000004 9.5000000000000018 1.0000000180025095e-35 285.50000000000006 13.500000000000002 5.5000000000000009 7.5000000000000009 4.5000000000000009 35.000000000000007
decision_type=2 2 2 2 2 2 2 2 2 2 2 2 2 2 2 2 2 2 2 2 2 2 2 2 2 2 2
left_child=4 2 3 18 5 11 -6 24 9 -9 -10 14 13 -13 15 -1 -14 -16 19 -2 -4 -7 -5 -20 25 -8 -26
right_child=1 -3 20 22 6 21 7 8 10 -11 -12 12 16 -15 17 -17 -18 -19 23 -21 -22 -23 -24 -25 26 -27 -28
leaf_value=0.068941271224094228 -0.15565327796980757 0.12055970610368022 0.11390114437381159 -0.089063245698586369 0.11614268709172064 0.17458478952974599 -0.15440791087295608 0.057961346045409083 -0.127930537839477 -0.19182970878065189 0.024628130762805508 -0.082873756752793515 0.00059316784882061863 0.033031992614535932 0.088767804064258618 -0.10449986653231641 0.15684319552942094 -0.041647522878714517 -0.063485754293965191 0.089561481809741966 -0.078867610363137483 0.030396578616154482 0.10068118306563682 -0.24313615860246707 -0.23530299331259136 -0.031328357080839836 -0.28829883117045346
leaf_weight=8.5292022759094852 3.5120334429666462 3.4990880258847019 4.3521350752562276 3.3329925248399368 4.9964694809168568 6.7444233028218132 3.2520388416014594 27.87257841182873 17.463361536152664 3.3135686884634188 10.371507390867917 34.209665007423609 8.2610639925114793 25.52993612701539 37.020192521158606 10.075286002829669 7.4870912423357359 5.8737859148532143 2.5773120485246164 2.5262431027367711 2.8071200978010893 5.2889349721372128 3.4713610764592886 6.9543707366101444 1.2109941309317949 3.7663254654034972 1.1944405958056448
leaf_count=40 40 22 29 34 23 32 35 237 226 64 137 350 83 259 224 94 44 58 28 26 56 36 31 103 52 30 20
internal_value=0 -0.0432293 -0.0626819 -0.0950007 0.00642097 0.0208467 -0.0228461 -0.0330135 -0.0169631 0.0313518 -0.0710924 0.0128889 -0.010738 -0.0333409 0.0418899 -0.024982 0.0749531 0.0708979 -0.139874 -0.0530549 0.038284 0.111319 0.00771572 -0.194719 -0.133369 -0.0885506 -0.262981
internal_weight=0 33.0327 29.5336 22.3743 222.461 149.02 73.4413 68.4448 59.021 31.1861 27.8349 136.986 75.4878 59.7396 61.4985 18.6045 15.7482 42.894 15.57 6.03828 7.15926 12.0334 6.80435 9.53168 9.4238 7.01836 2.40543
internal_count=2413 369 347 262 2044 1220 824 801 664 301 363 1152 736 609 416 134 127 282 197 66 85 68 65 131 137 65 72
is_linear=0
shrinkage=0.181418


end of trees

feature_importances:
self_popularity=31
result_2=28
ninki_2=26
result_3=25
ninki_3=22
mf_courseout=21
umaban=17
f_courseout=16
mf_classout.1=13
ninki_1=13
result_1=13
f_course1=12
mf_classout=11
waku=9
mf_len1=8
f_course2=7
f_course3=7
f_lenout=7
f_mf_classout=7
mf_course1=6
mf_course3=6
mf_len3=6
f_mf_courseout=5
mf_course2=4
mf_len2=4
f_class2=4
f_classout=4
f_len3=3
f_mf_course2=2
f_mf_course3=2
mf_class3=2
f_mf_course1=1
f_len1=1
f_len2=1
f_mf_len1=1
mf_class1=1
f_mf_classout.1=1
time_df_course1=1

parameters:
[boosting: gbdt]
[objective: lambdarank]
[metric: ndcg]
[tree_learner: serial]
[device_type: cpu]
[data_sample_strategy: bagging]
[data: ]
[valid: ]
[num_iterations: 129]
[learning_rate: 0.181418]
[num_leaves: 62]
[num_threads: 16]
[seed: 0]
[deterministic: 0]
[force_col_wise: 1]
[force_row_wise: 0]
[histogram_pool_size: -1]
[max_depth: 6]
[min_data_in_leaf: 29]
[min_sum_hessian_in_leaf: 0.001]
[bagging_fraction: 1]
[pos_bagging_fraction: 1]
[neg_bagging_fraction: 1]
[bagging_freq: 0]
[bagging_seed: 7719]
[feature_fraction: 1]
[feature_fraction_bynode: 1]
[feature_fraction_seed: 2437]
[extra_trees: 0]
[extra_seed: 11797]
[early_stopping_round: 0]
[first_metric_only: 0]
[max_delta_step: 0]
[lambda_l1: 0.00109804]
[lambda_l2: 0.0118124]
[linear_lambda: 0]
[min_gain_to_split: 0]
[drop_rate: 0.1]
[max_drop: 50]
[skip_drop: 0.5]
[xgboost_dart_mode: 0]
[uniform_drop: 0]
[drop_seed: 21238]
[top_rate: 0.2]
[other_rate: 0.1]
[min_data_per_group: 100]
[max_cat_threshold: 32]
[cat_l2: 10]
[cat_smooth: 10]
[max_cat_to_onehot: 4]
[top_k: 20]
[monotone_constraints: ]
[monotone_constraints_method: basic]
[monotone_penalty: 0]
[feature_contri: ]
[forcedsplits_filename: ]
[refit_decay_rate: 0.9]
[cegb_tradeoff: 1]
[cegb_penalty_split: 0]
[cegb_penalty_feature_lazy: ]
[cegb_penalty_feature_coupled: ]
[path_smooth: 0]
[interaction_constraints: ]
[verbosity: -1]
[saved_feature_importance_type: 0]
[use_quantized_grad: 0]
[num_grad_quant_bins: 4]
[quant_train_renew_leaf: 0]
[stochastic_rounding: 1]
[linear_tree: 0]
[max_bin: 255]
[max_bin_by_feature: ]
[min_data_in_bin: 3]
[bin_construct_sample_cnt: 200000]
[data_random_seed: 38]
[is_enable_sparse: 1]
[enable_bundle: 1]
[use_missing: 1]
[zero_as_missing: 0]
[feature_pre_filter: 1]
[pre_partition: 0]
[two_round: 0]
[header: 0]
[label_column: ]
[weight_column: ]
[group_column: ]
[ignore_column: ]
[categorical_feature: ]
[forcedbins_filename: ]
[precise_float_parser: 0]
[parser_config_file: ]
[objective_seed: 8855]
[num_class: 1]
[is_unbalance: 0]
[scale_pos_weight: 1]
[sigmoid: 1]
[boost_from_average: 1]
[reg_sqrt: 0]
[alpha: 0.9]
[fair_c: 1]
[poisson_max_delta_step: 0.7]
[tweedie_variance_power: 1.5]
[lambdarank_truncation_level: 30]
[lambdarank_norm: 1]
[label_gain: ]
[lambdarank_position_bias_regularization: 0]
[eval_at: 1,3,5]
[multi_error_top_k: 1]
[auc_mu_weights: ]
[num_machines: 1]
[local_listen_port: 12400]
[time_out: 120]
[machine_list_filename: ]
[machines: ]
[gpu_platform_id: -1]
[gpu_device_id: -1]
[gpu_use_dp: 0]
[num_gpu: 1]

end of parameters

pandas_categorical:[]
