tree
version=v4
num_class=1
num_tree_per_iteration=1
label_index=0
max_feature_idx=49
objective=lambdarank
feature_names=f_course1 f_course2 f_course3 f_courseout mf_course1 mf_course2 mf_course3 mf_courseout f_mf_course1 f_mf_course2 f_mf_course3 f_mf_courseout f_len1 f_len2 f_len3 f_lenout mf_len1 mf_len2 mf_len3 mf_classout f_mf_len1 f_mf_len2 f_mf_len3 f_mf_classout f_class1 f_class2 f_class3 f_classout mf_class1 mf_class2 mf_class3 mf_classout.1 f_mf_class1 f_mf_class2 f_mf_class3 f_mf_classout.1 time_df_course1 time_df_class1 ninki_1 result_1 time_df_course2 time_df_class2 ninki_2 result_2 time_df_course3 time_df_class3 ninki_3 result_3 waku umaban
feature_infos=[-1:76] [-1:67] [-1:58] [-1:427] [-1:68] [-1:54] [-1:48] [-1:485] [-1:12] [-1:10] [-1:10] [-1:59] [-1:14] [-1:15] [-1:14] [-1:75] [-1:13] [-1:12] [-1:7] [-1:84] [-1:3] [-1:5] [-1:2] [-1:14] [-1:4] [-1:4] [-1:6] [-1:27] [-1:4] [-1:4] [-1:3] [-1:26] [-1:1] [-1:2] [-1:2] [-1:4] [-1:0] [-1:0] [-1:180] [-1:140] [-1:0] [-1:0] [-1:180] [-1:160] [-1:0] [-1:0] [-1:180] [-1:170] [1:8] [1:16]
tree_sizes=6490 5138 5360 5381 6309 6522 5802 6195 4221 5124 5993 5514 5244 5993 4447 5144 6542

Tree=0
num_leaves=61
num_cat=0
split_feature=43 13 19 39 42 47 48 46 15 7 39 38 42 43 28 42 4 39 19 49 4 8 27 12 15 3 5 42 15 0 2 47 43 43 17 43 5 30 7 27 12 47 49 49 47 19 39 1 46 49 47 46 31 19 39 43 46 2 1 43
split_gain=71.8303 21.7057 17.9794 12.0172 9.24972 8.46419 8.55539 8.38885 8.30441 7.87261 7.46446 6.60806 7.29113 5.94818 5.67589 5.12572 5.05028 5.33878 8.71759 4.76906 4.71676 4.69065 4.53897 4.5194 6.15201 4.47767 3.9925 3.98809 4.1783 3.81408 3.39168 3.38294 4.23894 3.28321 2.87625 3.30893 2.81491 2.67618 2.58145 2.40679 4.14292 2.39791 2.3048 4.39864 2.25657 2.25514 2.16373 2.16045 1.83807 4.30883 1.63865 2.06216 1.56586 1.36796 1.12255 0.90725 0.807726 0.768534 0.652451 0.402976
threshold=5.5000000000000009 1.0000000180025095e-35 2.5000000000000004 6.5000000000000009 2.5000000000000004 2.5000000000000004 4.5000000000000009 10.500000000000002 17.500000000000004 21.500000000000004 6.5000000000000009 9.5000000000000018 75.000000000000014 6.5000000000000009 1.0000000180025095e-35 105.00000000000001 1.0000000180025095e-35 2.5000000000000004 1.5000000000000002 4.5000000000000009 1.5000000000000002 2.5000000000000004 1.0000000180025095e-35 1.0000000180025095e-35 10.500000000000002 290.50000000000006 1.5000000000000002 35.000000000000007 36.500000000000007 1.5000000000000002 11.500000000000002 4.5000000000000009 1.5000000000000002 7.5000000000000009 1.0000000180025095e-35 16.500000000000004 1.5000000000000002 1.0000000180025095e-35 104.50000000000001 4.5000000000000009 5.5000000000000009 14.500000000000002 8.5000000000000018 7.5000000000000009 8.5000000000000018 25.000000000000004 11.500000000000002 2.5000000000000004 75.000000000000014 3.5000000000000004 3.5000000000000004 25.000000000000004 4.5000000000000009 1.0000000180025095e-35 1.5000000000000002 3.5000000000000004 5.5000000000000009 16.500000000000004 36.000000000000007 1.5000000000000002
decision_type=2 2 2 2 2 2 2 2 2 2 2 2 2 2 2 2 2 2 2 2 2 2 2 2 2 2 2 2 2 2 2 2 2 2 2 2 2 2 2 2 2 2 2 2 2 2 2 2 2 2 2 2 2 2 2 2 2 2 2 2
left_child=3 5 15 11 59 6 20 8 55 50 19 14 25 29 22 16 17 -3 -19 44 -2 23 42 24 -12 48 -18 56 -29 47 -14 37 -33 -28 35 -15 -10 -11 46 53 -41 -17 43 -1 57 -16 -36 -7 54 -50 51 -9 -27 -24 -13 -6 -21 -4 -25 -5
right_child=1 2 10 4 7 13 -8 9 36 31 21 12 30 34 45 41 26 18 -20 27 -22 -23 39 58 -26 52 33 28 -30 -31 -32 32 -34 -35 38 -37 -38 -39 -40 40 -42 -43 -44 -45 -46 -47 -48 -49 49 -51 -52 -53 -54 -55 -56 -57 -58 -59 -60 -61
leaf_value=-0.038051082631172475 0.059566898514671118 0.053735848950463905 0.015681080266902538 -0.077698635795891258 0.075779470374059965 -0.07706597666837578 -0.077084768973425907 0.029520484034478565 0.024098150096938123 -0.064834551668708856 -0.079546663655576375 0.039103945302034662 -0.062879649976041091 -0.089949701412325597 0.077406895353121688 -0.07815579284911725 0.056900184516338853 -0.051400001877462353 0.055631909085715206 -0.014986048735753129 -0.032240313820412161 0.0058862404093412788 0.050083058605575104 -0.089210663239577256 0.031331300301003333 -0.047202328144351859 0.03677175351151131 -0.044958188697077996 0.0573478769377678 0.04157076886724205 0.028382615955957806 0.073013705823020622 -0.0083270988157673285 -0.056531418122810463 -0.011931782386057384 -0.013301147027736033 -0.073202792679846113 0.025655699642602281 -0.083140726174574145 -0.06295080221497644 0.032549363007274304 0.015517440709933704 -0.063530756315163958 0.053581542431733263 -0.0172265680589129 0.012463648098842459 -0.072715680775824715 0.010015082432681562 0.064224065494495303 -0.044282436752637253 -0.07606956157931094 -0.055599001097543281 0.026503023787396131 0.012683697929453022 0.061707354479394988 0.032947492410718524 -0.083134969642813888 0.065538632402235703 -0.023998848680255116 -0.01581815134314089
leaf_weight=3.5843178108334603 3.905214384198187 3.2148161716759267 2.1136957034468633 3.3430182076990596 6.5378050170838851 1.5935069322586053 2.7532982863485813 1.0935576967895024 1.0035503953695291 1.6481584608554825 2.0459583774209085 12.652179192751644 1.9857394322752946 22.735245622694496 4.5163425356149665 1.6205960549414151 13.126542143523695 6.771331984549759 2.5217054672539234 0.99656505510211024 1.9901228770613668 2.665285561233758 5.5627532601356489 10.851076170802115 2.6166680566966534 1.3547801226377481 1.7326270155608647 1.719228368252516 1.7046929411590097 1.9704210273921487 1.6351886950433252 3.3975499644875526 3.0779602453112602 1.460831146687269 6.7858540713787061 1.9909722767770279 1.572241175919771 1.1595351248979566 3.7250234596431246 1.8935149796307076 2.1854976043105125 0.91006847470998753 2.6481334082782269 1.7610949389636514 1.9526117183268068 2.6044368781149387 1.8365219682455061 1.0498055815696714 1.5433853566646569 1.5142523832619188 4.1858586855232716 1.0643139295279977 0.92790042981505383 6.2747987546026707 40.919954866170883 3.6602093353867531 2.6785237640142441 2.2243035696446896 1.0391604602336872 0.76575429365038861
leaf_count=49 16 15 18 50 26 23 42 8 7 24 31 84 30 332 17 25 68 90 12 13 23 23 32 159 18 21 10 25 9 13 12 12 32 22 68 20 25 8 53 27 16 6 39 9 19 23 28 8 6 23 62 17 8 55 226 23 41 8 15 10
internal_value=0 -0.0304003 -0.00969098 0.0275738 -0.000183352 -0.056297 -0.00767392 0.0109201 0.04201 -0.0149174 -0.0370234 0.0371861 0.0471113 -0.0661101 0.0166588 0.0188107 0.0254092 0 -0.0206953 -0.00599791 0.0281512 -0.057785 0.00374157 -0.0680203 -0.020116 0.0516119 0.0443719 -0.0347341 0.0063277 -0.00775566 -0.0228283 0.0159842 0.0363796 -0.00735135 -0.0731031 -0.084273 -0.037015 -0.0287292 -0.0479962 0.0200296 -0.0135026 -0.0469787 -0.0276694 -0.00537766 0.0263112 0.0564611 -0.0286058 -0.0459822 0.0545556 0.0113277 -0.0581557 -0.014412 -0.0171707 0.0318349 0.056848 0.0630143 -0.0694084 0.046069 -0.0849597 -0.0697689
internal_weight=0 114.302 63.9663 126.074 32.5095 50.336 8.64864 28.4007 12.7738 15.6269 32.6078 93.5643 62.5334 41.6874 31.0309 31.3585 28.8279 12.5079 9.29304 13.3896 5.89534 19.2181 23.9101 16.5529 4.66263 58.9125 16.32 7.09901 3.42392 4.61373 3.62093 9.2832 6.47551 3.19346 37.0736 24.7262 2.57579 2.80769 12.3474 15.9166 4.07901 2.53066 7.99355 5.34541 6.29061 7.12078 8.62238 2.64331 56.6298 3.05764 6.34373 2.15787 2.28268 11.8376 53.5721 10.198 3.67509 4.338 11.8902 4.10877
internal_count=2234 1253 627 981 304 626 81 244 81 163 379 677 410 545 267 248 217 117 102 133 39 246 227 223 49 368 100 88 34 44 42 76 44 32 501 352 32 32 149 130 43 31 97 58 45 40 96 31 339 29 87 25 29 87 310 49 54 26 174 60
is_linear=0
shrinkage=0.053082


Tree=1
num_leaves=48
num_cat=0
split_feature=43 13 42 42 46 39 42 8 39 17 17 6 7 3 11 48 11 30 16 13 5 3 0 3 43 43 49 7 12 19 0 38 19 21 17 47 46 5 6 49 48 38 38 39 15 38 4
split_gain=64.5995 23.6555 11.5088 14.2653 17.5508 17.392 11.3364 10.7771 15.6401 10.8958 11.1118 11.5063 12.2799 13.4201 10.6575 8.88827 8.87717 7.41217 12.4477 7.24666 7.20242 7.32753 6.51073 6.28019 6.16469 9.37652 5.96957 5.69896 5.57666 5.06993 4.7969 4.32808 4.05231 3.93961 3.8772 3.28753 4.9578 3.70091 6.71504 3.28234 3.06648 2.88012 3.57567 4.13027 1.5322 0.505104 0.313747
threshold=5.5000000000000009 1.0000000180025095e-35 85.000000000000014 19.000000000000004 12.500000000000002 4.5000000000000009 12.500000000000002 1.5000000000000002 4.5000000000000009 8.5000000000000018 4.5000000000000009 1.0000000180025095e-35 1.5000000000000002 40.500000000000007 4.5000000000000009 6.5000000000000009 18.500000000000004 1.5000000000000002 1.5000000000000002 6.5000000000000009 1.0000000180025095e-35 119.50000000000001 19.000000000000004 69.000000000000014 9.5000000000000018 16.500000000000004 7.5000000000000009 1.5000000000000002 1.0000000180025095e-35 1.0000000180025095e-35 1.0000000180025095e-35 25.000000000000004 42.500000000000007 1.0000000180025095e-35 1.5000000000000002 2.5000000000000004 65.000000000000014 3.5000000000000004 4.5000000000000009 9.5000000000000018 6.5000000000000009 12.500000000000002 13.500000000000002 4.5000000000000009 1.5000000000000002 25.000000000000004 24.500000000000004
decision_type=2 2 2 2 2 2 2 2 2 2 2 2 2 2 2 2 2 2 2 2 2 2 2 2 2 2 2 2 2 2 2 2 2 2 2 2 2 2 2 2 2 2 2 2 2 2 2
left_child=7 24 3 4 6 26 15 9 22 10 11 12 13 -1 -10 -3 19 18 -13 -7 21 -4 -9 -14 28 41 -5 -8 35 -27 -19 -22 -24 -6 40 36 44 -37 -39 -11 45 -26 -43 -44 -2 -30 -16
right_child=1 2 20 5 33 16 27 8 14 39 -12 17 23 -15 46 -17 -18 30 -20 -21 31 -23 32 -25 25 29 -28 -29 34 -31 -32 -33 -34 -35 -36 37 -38 38 -40 -41 -42 42 43 -45 -46 -47 -48
leaf_value=0.013107205862859522 -0.066696557620870234 -0.0089340963803249511 -0.060898187252046522 0.077750600918728027 -0.087989115064605536 -0.067732048364905609 0.019206063375754284 0.012994453606907512 0.047026443674593479 -0.078426172788383736 0.057793261983653865 -0.0050796983504562774 0.048671497739276551 -0.070692631533806879 -0.073928852553516056 0.038342803752588965 0.069056959493957307 0 0.030015815400454827 0.026212902603272401 0.01006605077408741 0.055531342471753752 0.086446388995845294 0.01373906575910076 -0.086138042879852925 0.046333020462754997 0.010730752715995903 -0.071443017850829973 -0.060796632254007645 -0.045194629480058798 -0.078355522827433771 -0.085138456990152794 0.034681617183284413 -0.00046098902059731734 0.054119402371308974 -0.072311091423184454 0.061184051941875602 0.043930846496489859 -0.063671320025697642 -0.00660186477751385 0.026673905179951888 0.014911774771764712 0.0018580917224551854 -0.07113207042017998 -0.0029814538988309045 -0.011576701156258385 -0.030577287283806362
leaf_weight=33.385490976274014 1.8493614885956113 34.523128062486649 2.2799816615879562 12.999103222042327 9.5316237416118366 7.4952410291880351 2.1995849758386603 7.4007845260202911 3.6876017935574037 4.256288666278123 13.917336486279963 113.8762852307409 44.365563256666064 5.8637943267822257 3.6161734983325005 15.926673647016285 2.0015542283654204 3.6870358902960998 37.363679569214582 2.8755465187132359 1.380520824342965 2.777358390390873 16.105657361447815 22.505241382867098 19.317636677995324 2.9534838274121276 5.546897627413272 8.5258447155356389 2.0944687500596033 2.7952232584357262 4.7563745677471161 9.82957507483661 7.3850511759519568 1.7544262520968903 2.7257278263568878 10.627846783027055 1.5702730081975458 2.4240431115031233 3.142485162243247 3.141123466193676 2.2282306179404259 1.7670449838042284 2.4962768182158461 13.329740567132829 2.1423933543264866 1.2976558841764925 2.108507227152586
leaf_count=91 25 155 18 24 79 56 10 21 12 20 20 390 110 34 21 63 4 14 99 12 10 7 23 69 201 9 23 65 18 23 20 88 16 13 9 107 5 9 29 10 9 11 16 130 13 12 11
internal_value=0 -0.0243711 -0.0097525 -0.00309208 -0.0159717 0.0267851 -0.00445334 0.0143381 0.0398959 0.0106755 0.0123999 0.0099037 0.0234045 -0.000145598 -0.0190221 0.00619714 -0.0213164 0.000870369 0.00365256 -0.041487 -0.0505062 0.00186751 0.0579312 0.0371486 -0.0481338 -0.0611953 0.0586792 -0.0526407 -0.0288088 0.00144303 -0.0459753 -0.0733148 0.0713964 -0.0751954 0.00754882 -0.0426943 -0.00626635 -0.0544804 -0.0167346 -0.050697 -0.0174521 -0.0708868 -0.0519725 -0.0598103 -0.0373612 -0.0466451 -0.0622802
internal_weight=0 192.409 119.647 103.38 72.4613 30.9183 61.1752 327.422 40.3038 287.118 279.721 265.803 106.12 39.2493 9.41228 50.4498 12.3723 159.683 151.24 10.3708 16.2674 5.05734 30.8915 66.8708 72.7619 42.6594 18.546 10.7254 30.1025 5.74871 8.44341 11.2101 23.4907 11.286 8.34608 21.7564 5.56203 16.1944 5.56653 7.39741 5.62036 36.9107 17.5931 15.826 3.99175 3.39212 5.72468
internal_count=2234 1253 627 504 385 119 293 981 104 877 847 827 304 125 44 218 72 523 489 68 123 25 60 179 626 390 47 75 236 32 34 98 39 92 48 188 43 145 38 30 39 358 157 146 38 30 32
is_linear=0
shrinkage=0.053082


Tree=2
num_leaves=50
num_cat=0
split_feature=43 42 39 49 12 2 14 3 0 38 3 15 38 12 39 3 27 5 7 46 7 38 1 5 6 7 7 49 47 38 12 15 47 3 39 46 49 11 39 47 3 38 10 6 46 6 39 49 42
split_gain=37.1776 16.6308 14.6217 12.1873 11.2992 12.9385 12.3929 11.4022 13.6663 10.3769 10.1605 9.90719 9.91003 9.65227 9.58885 9.10537 8.95857 8.78377 11.0893 7.87967 7.86169 8.02689 7.62503 7.95963 6.48738 8.04898 6.16271 5.95439 5.78828 6.47765 5.10729 4.98502 4.20324 3.95643 4.43412 3.46587 3.32866 3.00511 2.91102 2.85348 2.08354 1.90991 1.67984 1.14966 0.756835 0.870509 0.139121 0.0339911 0.00335913
threshold=8.5000000000000018 5.5000000000000009 10.500000000000002 7.5000000000000009 1.0000000180025095e-35 6.5000000000000009 1.5000000000000002 18.500000000000004 7.5000000000000009 10.500000000000002 44.500000000000007 3.5000000000000004 6.5000000000000009 10.500000000000002 3.5000000000000004 322.00000000000006 5.5000000000000009 1.5000000000000002 131.50000000000003 12.500000000000002 8.5000000000000018 75.000000000000014 4.5000000000000009 1.0000000180025095e-35 1.5000000000000002 7.5000000000000009 8.5000000000000018 12.500000000000002 4.5000000000000009 2.5000000000000004 2.5000000000000004 2.5000000000000004 7.5000000000000009 3.5000000000000004 13.500000000000002 75.000000000000014 11.500000000000002 3.5000000000000004 8.5000000000000018 1.5000000000000002 32.500000000000007 65.000000000000014 1.0000000180025095e-35 1.5000000000000002 75.000000000000014 1.0000000180025095e-35 15.500000000000002 6.5000000000000009 6.5000000000000009
decision_type=2 2 2 2 2 2 2 2 2 2 2 2 2 2 2 2 2 2 2 2 2 2 2 2 2 2 2 2 2 2 2 2 2 2 2 2 2 2 2 2 2 2 2 2 2 2 2 2 2
left_child=2 30 4 11 5 6 17 31 19 -8 22 28 -13 -12 -14 26 -16 27 -19 36 21 24 23 33 25 -5 -10 -1 35 -30 39 43 -17 -4 -35 -3 -9 -21 -23 -2 -11 -7 -32 -6 45 -25 -31 -41 -22
right_child=1 3 10 20 7 41 9 8 15 40 13 12 14 -15 16 32 -18 18 -20 37 48 38 -24 44 -26 -27 -28 -29 29 46 42 -33 -34 34 -36 -37 -38 -39 -40 47 -42 -43 -44 -45 -46 -47 -48 -49 -50
leaf_value=-0.021696829521687926 0.028097449234371404 -0.039435198621854399 0.043696659981832808 -0.0794610915272667 0.0023615160827077327 -0.062746574047874523 -0.027301804570448562 -0.064539024230225631 0.044102414750054338 0.037867220310723614 -0.080691967451604577 -0.076427976019634525 0.057472696175935423 0.04320113539430627 0.007506349185349797 -0.068403473739374596 -0.064904508588192897 0.028449510041702434 -0.030526744748094081 -0.0081190011290018724 -0.032139451709912933 0.060828437203924904 0.067904127040018011 -0.021356419683137562 0.033900977043924509 0.046059428461258975 0.017987430110219811 0.018532518895045841 0.023278231480601014 -0.082726141568147754 0.066335041551403573 0.08172497460724408 0.010968886042374743 -0.066854634295135468 0.027691965482976762 0.048119440961488812 -0.00084308045546546836 0.051507126710778832 -0.014406964776076985 -0.021370625785662178 0.085934223987936514 -0.0051880192919681644 0.019800688432144786 0.041045723104337635 -0.018490848406955446 -0.079458740363120714 -0.041547899129254676 -0.058004437324773478 -0.07941469548762084
leaf_weight=51.320173650979996 1.8380687274038781 1.9373356066644216 5.4005109239369684 10.536422238685191 3.6971643902361411 8.9662080798298103 3.8540059588849571 9.2585356868803519 37.053832214325666 6.0083032660186273 10.543489594012497 4.0326191820204249 7.550604209303855 1.7342542298138131 21.855696296319369 3.8213714323937884 5.5964887440204611 40.467418648302555 10.998167410492895 6.0747101344168168 1.1529289633035684 2.5405504293739787 3.1499435603618613 1.6079027801752079 1.8618691265583027 1.2768908385187394 85.389508655294776 12.462920438498257 1.793445199728011 10.527945782989262 5.1608445793390256 11.117232322692869 3.0097677782177925 2.2289493046700954 2.3450343459844589 2.0860444121062756 3.1307898089289656 3.2167658880352974 2.3579202741384506 1.3193542137742045 7.8409582003951073 2.1790721528232089 4.8570809364318848 5.4106240421533585 1.9115151576697824 3.8134404271841049 2.2736007124185553 1.5981400497257707 20.811086468398571
leaf_count=222 6 20 16 106 14 55 21 48 106 21 95 41 17 7 134 29 49 133 57 32 8 7 6 10 5 5 286 44 11 129 11 15 8 17 9 6 9 10 17 11 10 11 18 12 14 31 20 16 249
internal_value=0 -0.026386 0.00859234 -0.0342849 0.0121114 0.00113135 0.00582907 0.0213098 0.0161497 0.0464858 -0.0248868 -0.0182786 -0.00283944 -0.0619548 0.00660707 0.0226966 -0.00814379 -0.000584994 0.0156218 -0.0223999 -0.0564631 -0.0295879 -0.00152676 -0.015941 -0.0500229 -0.064315 0.0260651 -0.0137152 -0.0495545 -0.0646233 0.0253412 0.0583114 -0.0349021 0.0146834 -0.020162 0.00583006 -0.0493055 0.0140005 0.0263889 -0.0182859 0.067415 -0.0524245 0.0461226 0.0265611 -0.056019 -0.066048 -0.0775333 -0.0479284 -0.0778504
internal_weight=0 112.965 348.013 98.1914 315.278 144.097 132.952 171.18 150.955 17.7033 32.735 57.6538 39.0354 12.2777 35.0028 129.274 27.4522 115.249 51.4656 21.6808 40.5377 18.5737 20.4573 17.3074 13.6752 11.8133 122.443 63.7831 18.6184 14.595 14.7735 20.225 6.83114 9.97449 4.57398 4.02338 12.3893 9.29148 4.89847 4.75556 13.8493 11.1453 10.0179 9.10779 7.33286 5.42134 12.8015 2.91749 21.964
internal_count=2234 886 1348 824 1143 574 508 569 528 52 205 427 241 102 200 429 183 456 190 99 397 140 103 97 116 111 392 266 186 160 62 41 37 42 26 26 57 42 24 33 31 66 29 26 55 41 149 27 257
is_linear=0
shrinkage=0.053082


Tree=3
num_leaves=50
num_cat=0
split_feature=43 39 38 47 11 19 0 27 2 3 27 11 38 18 35 38 18 38 26 4 6 48 4 31 18 39 19 0 13 2 11 27 43 5 4 4 1 5 2 4 1 17 9 4 3 0 7 13 49
split_gain=31.4453 14.5553 12.7872 13.1971 12.4289 17.2719 15.7602 16.2532 11.9122 15.8255 9.59975 9.52773 11.4997 11.1773 8.03418 9.97564 8.18306 7.61277 11.6617 8.48213 6.81774 7.49462 6.70601 6.1598 5.78806 6.46858 5.69239 5.16458 9.53682 5.07313 4.26544 6.33175 6.00043 5.27359 4.2212 3.69121 13.5669 3.65387 3.05789 2.81507 2.5592 2.25991 1.94056 1.84674 1.7585 1.31131 1.02858 0.947927 0.783697
threshold=3.5000000000000004 3.5000000000000004 19.000000000000004 4.5000000000000009 33.500000000000007 3.5000000000000004 7.5000000000000009 6.5000000000000009 5.5000000000000009 243.50000000000003 11.500000000000002 2.5000000000000004 85.000000000000014 3.5000000000000004 1.0000000180025095e-35 1.5000000000000002 3.5000000000000004 9.5000000000000018 1.0000000180025095e-35 11.500000000000002 1.0000000180025095e-35 7.5000000000000009 2.5000000000000004 1.0000000180025095e-35 1.5000000000000002 10.500000000000002 1.0000000180025095e-35 27.500000000000004 7.5000000000000009 1.0000000180025095e-35 1.0000000180025095e-35 1.0000000180025095e-35 11.500000000000002 4.5000000000000009 1.5000000000000002 8.5000000000000018 7.5000000000000009 7.5000000000000009 11.500000000000002 2.5000000000000004 1.5000000000000002 1.0000000180025095e-35 1.0000000180025095e-35 1.0000000180025095e-35 1.0000000180025095e-35 5.5000000000000009 18.500000000000004 1.5000000000000002 7.5000000000000009
decision_type=2 2 2 2 2 2 2 2 2 2 2 2 2 2 2 2 2 2 2 2 2 2 2 2 2 2 2 2 2 2 2 2 2 2 2 2 2 2 2 2 2 2 2 2 2 2 2 2 2
left_child=11 2 3 23 5 6 24 26 29 42 -5 12 13 17 27 -16 -17 18 19 -1 34 -22 -9 39 25 -3 -8 35 -29 44 46 32 -32 -33 -19 36 -13 -38 -37 -2 43 -20 47 -31 -4 -14 -7 -10 -44
right_child=1 4 8 10 -6 30 7 22 9 -11 -12 14 45 -15 15 16 -18 20 41 -21 21 -23 -24 -25 -26 -27 -28 28 -30 40 31 33 -34 -35 -36 38 37 -39 -40 -41 -42 -43 48 -45 -46 -47 -48 -49 -50
leaf_value=-0.0017782032535455217 0.0067593882682711222 -0.046648965992461759 0.03050880461602027 -0.083562652227956571 0.07047030359554976 -0.021111169647420332 0.00070512705661926998 -0.077531591074228107 -0.028718493777515352 0.051291636597520861 0.047405323724275673 0.072319401329838842 -0.075972021891051816 -0.073349851467900129 0.06185274867177154 -0.077072004317986526 0.027787315008223248 0.028761792608483248 -0.073025790292984755 0.064361113758689123 0.017892205986693586 -0.034349428667592441 0.025011046682310932 -0.035224348748584385 0.036335887400702517 -0.010403145603135948 0.050331038925870056 -0.057161003773560051 0.051066779628770965 0.056032079971168526 0.0078458824387772803 -0.020665822832370714 -0.074501450892832013 -0.067051172160014466 0.072498601086169137 0.030200192659937477 -0.076795196003734731 0.012581345481951323 0.078423092492624052 0.072458289475780979 0.074040093870485602 -0.0093860977999133764 -0.036687027054576063 0.0029877829526823506 -0.02712688714993515 -0.015996853961534999 -0.07858730499640261 -0.081612831045942844 0.0019564136596707487
leaf_weight=34.192611534148455 3.5709320716559905 32.547955336049199 2.2426982074975994 9.6339397523552162 3.4682069085538378 1.5675525218248356 9.7158351680263895 5.6997220851480952 2.5032930262386817 7.2358067706227294 1.485216800123452 6.7413069531321508 4.1831053104251614 3.7605378068983546 3.6933077573776227 4.9387217424809933 3.0023270659148693 39.942123163491488 6.3092578016221506 5.9483034908771506 40.974097568541765 8.9748710691928846 2.1844653896987438 3.8839264139533043 3.3404983654618254 24.852232428267598 19.856523811817169 3.3674058951437456 5.0241700448095798 3.361872851848605 12.057795120403169 11.426414374262093 2.5728715993463984 20.649740293622017 7.4389882609248152 6.1937071345746544 2.605259332805872 1.9027814120054243 16.318785730749369 3.7348210588097572 12.654252417385576 2.3698498457670212 2.4839626327157021 3.8059122487902641 2.6809462327510118 1.8759711459279058 12.068769980221985 3.8274494744837284 2.6107664033770561
leaf_count=146 19 281 9 104 8 13 48 48 13 18 5 14 36 21 6 25 11 113 36 11 142 35 13 19 10 176 66 18 16 9 71 84 30 213 14 23 19 8 26 7 21 11 10 17 15 11 133 18 14
internal_value=0 -0.013643 0.0073621 -0.0248785 -0.0221722 -0.0244427 -0.0105771 0.0163249 0.0240803 -0.00778624 -0.064515 0.0148086 0.00809093 0.0110841 0.0339779 -0.00475809 -0.0379354 0.0135311 -0.00351814 0.00869215 0.0220763 0.00819925 -0.0490928 0.0154832 -0.0271978 -0.0312331 0.0343982 0.0446426 0.00658091 0.047848 -0.0466804 -0.0381581 -0.00862396 -0.0512026 0.0364068 0.0537919 0.0267896 -0.0413385 0.0662574 0.0432685 0.0595419 -0.0574308 -0.0459951 0.0303042 -7.92247e-05 -0.0605277 -0.073175 -0.0648764 -0.0182205
internal_weight=0 227.724 65.7158 22.3088 162.009 158.54 98.1972 37.4565 43.407 18.6613 11.1192 209.757 155.97 149.911 53.7878 11.6344 7.94105 146.15 48.82 40.1409 97.3301 49.949 7.88419 11.1897 60.7407 57.4002 29.5724 42.1534 8.39158 24.7457 60.3431 46.7068 14.6307 32.0762 47.3811 33.7618 11.2493 4.50804 22.5125 7.30575 19.822 8.67911 11.4255 7.16779 4.92364 6.05908 13.6363 6.33074 5.09473
internal_count=2234 1492 298 154 1194 1186 642 175 144 73 109 742 576 529 166 42 36 508 204 157 304 177 61 45 467 457 114 124 34 71 544 398 101 297 127 90 41 27 49 26 47 47 55 26 24 47 146 31 24
is_linear=0
shrinkage=0.053082


Tree=4
num_leaves=59
num_cat=0
split_feature=43 42 39 38 43 10 47 6 7 42 5 5 2 28 13 48 39 16 15 38 42 49 16 48 4 19 7 27 23 19 0 48 7 3 39 43 5 38 26 23 19 23 3 4 43 19 8 0 46 1 47 27 0 28 39 2 38 7
split_gain=30.6216 15.0412 12.0618 10.0049 10.1038 9.36555 8.6201 8.4896 8.00592 7.85438 9.15296 9.23942 8.81516 7.16822 7.10233 7.09688 9.28852 7.16524 6.98402 6.848 5.54873 6.87764 7.88206 7.93158 7.80638 10.7963 5.07421 5.03996 4.87765 4.44682 4.10311 4.05716 3.79457 3.51764 6.67214 2.9832 2.73128 3.97158 2.62074 2.56521 2.53422 2.51709 2.14418 1.99532 1.89197 1.66109 1.51491 1.5117 1.36576 1.34207 1.29517 1.12586 0.925857 0.798886 0.692253 0.651178 0.61565 0.0751131
threshold=8.5000000000000018 5.5000000000000009 6.5000000000000009 8.5000000000000018 4.5000000000000009 2.5000000000000004 4.5000000000000009 1.5000000000000002 130.50000000000003 35.000000000000007 14.500000000000002 3.5000000000000004 18.500000000000004 1.0000000180025095e-35 1.0000000180025095e-35 2.5000000000000004 1.5000000000000002 1.0000000180025095e-35 36.500000000000007 9.5000000000000018 75.000000000000014 5.5000000000000009 2.5000000000000004 5.5000000000000009 7.5000000000000009 21.500000000000004 25.500000000000004 1.5000000000000002 1.0000000180025095e-35 1.0000000180025095e-35 27.500000000000004 4.5000000000000009 4.5000000000000009 1.0000000180025095e-35 10.500000000000002 2.5000000000000004 1.0000000180025095e-35 85.000000000000014 2.5000000000000004 1.0000000180025095e-35 1.5000000000000002 2.5000000000000004 75.500000000000014 24.500000000000004 9.5000000000000018 1.5000000000000002 1.0000000180025095e-35 10.500000000000002 45.000000000000007 7.5000000000000009 3.5000000000000004 4.5000000000000009 1.5000000000000002 1.0000000180025095e-35 65.000000000000014 15.500000000000002 75.000000000000014 2.5000000000000004
decision_type=2 2 2 2 2 2 2 2 2 2 2 2 2 2 2 2 2 2 2 2 2 2 2 2 2 2 2 2 2 2 2 2 2 2 2 2 2 2 2 2 2 2 2 2 2 2 2 2 2 2 2 2 2 2 2 2 2 2
left_child=2 27 3 4 5 8 7 31 13 10 11 12 19 -1 33 17 -17 56 36 -4 21 24 23 -23 32 -26 29 44 -24 47 -20 48 -5 34 -8 -12 37 -11 -18 -28 57 51 54 -10 -2 -29 -6 -22 -3 -19 55 -13 -39 -38 -35 -9 -16 -33
right_child=1 6 9 20 46 -7 14 50 43 18 35 41 -14 -15 15 16 38 49 30 -21 26 22 28 -25 25 -27 39 45 -30 -31 -32 40 -34 42 -36 -37 53 52 -40 -41 -42 -43 -44 -45 -46 -47 -48 -49 -50 -51 -52 -53 -54 -55 -56 -57 -58 -59
leaf_value=-0.0039328580593527059 0.016740385384142627 0.021832733933956787 -0.021097332809884291 0.024190517322787278 -0.078512267573322095 0.068097313812752247 -0.074333208560821415 -0.070804498391706772 -0.074943945969055167 -0.070215548671983485 0.0098813721335482916 -0.076043879409310317 -0.06732269909855125 0.05011878065208681 -0.069010795880618744 0.032437176802432501 -0.05504390051563858 0.06358020468845485 0.05929614645397574 0.025559202515321542 -0.056474614348978984 -0.025776212301528375 0.066369978278069702 0.016519985003322406 -0.070659061099433818 0.031611445426644222 -0.070440661639742538 0.065398342984770486 0.010674392922592526 0.046601276500110984 -0.0256613271914552 -0.018368415403144031 0.058450119948952869 -0.075751130511547402 0.02505709627476568 0.075673722462737986 -0.072234530333078903 0.029822025397278788 0.010325776209198952 -0.00042003073561571082 0.025006981563107818 0.0021866611522248403 -0.010227759252688269 -0.0049885653118229263 -0.046992448010768358 0.0189260452060953 -0.017076040654943669 0.0076839657206396886 0.071102201655477856 0.014217986632611049 -0.0011747413394272946 -0.020863404004096829 -0.014637341037521508 -0.019187361585566942 -0.014460266667137137 -0.016938604362560391 -0.010471619189448266 -0.059408282438072328
leaf_weight=41.708460219204426 1.8648927584290493 4.045182731002571 12.332415442913769 14.408554114401339 4.5289812050759783 5.3475546017289153 3.0865225903689888 3.5925100091844788 4.3075568675994864 2.2374671809375348 3.4227012954652292 5.920588228851555 3.9340495914220801 7.7257103919982901 1.6919084340333923 4.050087250769141 23.439778266474608 3.3910482339560986 2.5881660878658286 28.043076757341623 1.692052917554973 15.932180341333149 11.237282738089563 51.158988581970334 3.5554503500461569 9.5109666399657709 3.5514444671571246 5.0681888312101346 7.644219182431697 5.0315046682953835 2.7914517112076283 1.080727454274893 33.018006663769484 22.146549146622426 3.5514057725667953 4.9121254235506058 9.5962049178779107 2.3496913854032755 1.6392387114465226 2.4088821299374104 2.0646175071597099 1.8427057377994058 1.8778372742235649 1.6968982927501199 2.5145037621259689 4.7887284606695175 2.0432917214930058 1.6293617859482763 3.4824290163815022 3.44343201816082 1.4550737775862215 1.9894367903470991 1.9133108146488664 1.5025678612291802 0.90908908843994041 1.3689402863383291 1.0611297711730001 1.196435362100601
leaf_count=190 8 20 73 40 43 10 43 41 30 21 19 54 33 14 20 17 236 9 7 117 18 73 22 157 21 32 30 9 28 17 20 11 78 288 20 10 82 13 9 14 10 10 18 11 25 20 14 6 7 22 9 14 14 13 7 11 10 16
internal_value=0 -0.0250632 0.00824776 0.0146114 -0.0025248 0.00440881 -0.0332001 -0.000577124 -0.00229193 -0.00871792 0.00109393 -0.00700782 0.00343109 0.00492099 -0.0415895 -0.0256949 -0.0385762 0.0132089 -0.0348654 0.0111682 0.0217879 0.0248685 0.0150311 0.00632061 0.0385606 0.00194176 -0.00935719 0.0247897 0.0448458 0.0169028 0.0165363 0.0256474 0.0484719 -0.0602618 -0.0229749 0.0511204 -0.0507152 -0.0205447 -0.050564 -0.0448308 -0.0138619 -0.0523394 -0.0694144 -0.0575201 -0.0205702 0.0451623 -0.0624328 -0.0277779 0.0480964 0.0418353 -0.0476183 -0.0646168 0.0100342 -0.0664461 -0.0738056 -0.0594207 -0.0524626 -0.0478811
internal_weight=0 102.81 313.513 228.137 67.3585 60.7862 88.5739 18.2859 55.4386 85.376 62.3971 54.0623 44.3095 49.4342 70.288 38.7166 29.1291 9.58752 22.9789 40.3755 160.779 146.466 85.9727 67.0912 60.493 13.0664 14.3132 14.2363 18.8815 8.35292 5.37962 11.8694 47.4266 31.5714 6.63793 8.33483 17.5992 6.50047 25.079 5.96033 4.34178 9.75273 24.9335 6.00446 4.3794 9.85692 6.57227 3.32141 7.52761 6.83448 6.41652 7.91003 4.263 11.0988 23.0556 4.96145 2.75304 2.27716
internal_count=2234 886 1348 848 312 255 824 125 245 500 330 301 223 204 699 323 262 61 170 190 536 451 280 230 171 53 85 62 50 41 27 64 118 376 63 29 143 48 245 44 37 78 313 41 33 29 57 24 27 31 61 68 27 95 295 52 30 27
is_linear=0
shrinkage=0.053082


Tree=5
num_leaves=61
num_cat=0
split_feature=43 0 19 28 38 38 42 12 4 43 47 39 47 47 19 19 18 18 47 43 11 24 5 6 43 39 49 47 43 16 15 46 14 2 30 20 1 19 5 39 26 7 5 11 38 7 49 48 19 43 15 12 14 1 46 39 49 3 49 24
split_gain=25.6784 11.5214 9.51536 7.51308 8.62962 7.71947 8.88194 8.45753 7.43191 7.20966 6.86785 6.81862 7.53394 6.74205 6.72941 8.21025 6.54569 5.99432 5.89654 9.0781 5.16419 10.6646 10.0117 7.06268 5.09654 4.88297 4.83291 4.78437 6.20934 4.9953 4.77219 4.62467 4.56348 4.36871 4.33684 4.0756 3.98371 3.86881 5.45105 3.81406 3.59167 3.85466 6.63958 3.0681 2.79763 3.42866 2.60386 2.57446 5.06744 2.21337 2.08504 1.7682 1.6576 1.3045 1.23943 3.48405 1.23562 1.10485 1.30276 1.06029
threshold=5.5000000000000009 7.5000000000000009 2.5000000000000004 1.0000000180025095e-35 55.000000000000007 9.5000000000000018 35.000000000000007 1.0000000180025095e-35 1.5000000000000002 13.500000000000002 2.5000000000000004 5.5000000000000009 8.5000000000000018 4.5000000000000009 2.5000000000000004 1.0000000180025095e-35 3.5000000000000004 1.5000000000000002 10.500000000000002 9.5000000000000018 1.5000000000000002 1.0000000180025095e-35 5.5000000000000009 4.5000000000000009 6.5000000000000009 3.5000000000000004 8.5000000000000018 10.500000000000002 6.5000000000000009 1.0000000180025095e-35 33.500000000000007 45.000000000000007 1.0000000180025095e-35 31.000000000000004 1.0000000180025095e-35 1.0000000180025095e-35 17.500000000000004 11.500000000000002 5.5000000000000009 3.5000000000000004 1.0000000180025095e-35 5.5000000000000009 7.5000000000000009 2.5000000000000004 25.000000000000004 134.50000000000003 1.5000000000000002 6.5000000000000009 1.0000000180025095e-35 8.5000000000000018 36.500000000000007 1.0000000180025095e-35 1.5000000000000002 10.500000000000002 95.000000000000014 6.5000000000000009 11.500000000000002 135.50000000000003 6.5000000000000009 1.0000000180025095e-35
decision_type=2 2 2 2 2 2 2 2 2 2 2 2 2 2 2 2 2 2 2 2 2 2 2 2 2 2 2 2 2 2 2 2 2 2 2 2 2 2 2 2 2 2 2 2 2 2 2 2 2 2 2 2 2 2 2 2 2 2 2 2
left_child=3 8 9 5 16 7 20 37 10 33 26 12 13 49 15 31 57 27 51 -20 22 36 23 -7 32 -23 39 28 -12 -29 -6 -8 -10 47 -18 -21 -22 46 -39 -2 41 53 -43 -42 -16 -46 -1 48 -3 -4 -15 -13 -17 -9 -26 -56 -49 58 -5 -24
right_child=1 2 11 4 30 6 14 40 24 -11 17 18 -14 50 44 52 34 -19 19 35 21 25 59 -25 54 -27 -28 29 -30 -31 -32 -33 -34 -35 -36 -37 -38 38 -40 -41 43 42 -44 -45 45 -47 -48 56 -50 -51 -52 -53 -54 -55 55 -57 -58 -59 -60 -61
leaf_value=0.0099213870624826461 0.079737622177366949 -0.013157023907034968 -0.055780639565069061 0.029338933951161921 -0.058655933477972592 0.012886224730760541 0.0034267795233227606 0.051297955878194787 -0.059992390779920371 -0.053929223063327321 0.0050362828641016917 -0.015302813604334225 -0.061249793933603996 0.017859041756327115 0.0082747714325466619 0.016460573867750496 0.027027483982063373 0.051472350352994085 0.055099628250398075 -0.074335816659914802 0.073849549046814442 0.019614685872747843 -0.071422276968601206 0.069951639797892998 -0.063916477950479972 -0.05846803504747454 -0.036456141150918081 -0.02528426927878304 -0.063141312411487696 0.036083139668548612 0.038127657481998298 -0.071849470913842986 0.030055074499445149 -0.027212987701915443 -0.053933563026590296 0.026402722892563648 0.02419459364513243 0.059251691160235265 -0.040293634333664438 0.0037271682157640749 -0.044563052710775347 -0.041393848148008561 0.041582932019619649 0.015816063669179294 -0.063852528930744501 -0.0087154779272353364 -0.052769264689243284 0.072365365280203361 0.045050071473414811 0.0096179475391277563 0.075397568446161647 -0.069383991352597887 0.056093497012245128 0.014754349696290352 0.031057209641419163 -0.062631610998494763 0.029381271183652323 0.026460869113737063 0.064992862869699353 -0.013847690484285025
leaf_weight=1.8708128184080184 3.4710440263152105 6.9307054411619999 2.2384464442729977 5.3532642312347951 3.8192380629479876 65.323809683322906 5.3603919744491595 7.3791936784982735 1.9851705469191063 2.8510296940803519 4.6663493439555195 2.565291095525029 3.0722532458603373 3.5188628211617452 3.4370960518717792 6.814511761069296 4.117000274360179 2.1625741049647322 3.691151808947323 3.6435333136469126 14.68762949481607 5.2668337151408178 3.3278657495975486 6.2948442026972762 23.108659051358703 3.1642813980579376 2.423552505671978 16.550495723262433 16.479443728923798 4.2589803859591475 1.6719524115324018 3.3702744767069817 3.7282408103346825 3.1641310527920714 2.5707086138427258 1.2023390084505079 7.7285503931343547 2.3088269382715216 2.8641222678124905 3.6856850571930408 5.2678130939602834 5.8026115037500841 4.2162090204656124 3.576835498213768 8.3327509388327581 5.3985419124364844 15.929896794259546 5.6567903235554677 9.3530272729694826 2.703424010425806 4.6344494000077248 10.411787152290342 6.2010000944137573 5.414167657494545 1.4905221182852977 2.0644551888108253 4.7429701089859009 5.6722041592001906 17.471927486360073 1.7050783485174177
leaf_count=7 6 39 17 17 33 213 24 20 19 25 26 14 33 19 14 27 16 6 13 48 29 16 27 11 281 22 25 160 192 18 6 30 16 22 20 8 27 6 23 22 35 41 14 15 62 27 107 10 30 14 7 120 16 15 10 31 22 21 33 7
internal_value=0 -0.0167228 -0.000734797 0.010837 0.031508 0.00657178 0.0129201 -0.010365 -0.0296862 0.0200131 -0.0172346 -0.018821 0.00704225 0.024996 -0.00868506 0.0107928 0.0411466 -0.0260703 -0.0380483 -0.00305941 0.0207645 0.038994 0.0131815 0.0184135 -0.0496571 -0.0112069 0.0224759 -0.0307154 -0.0482492 -0.0120366 -0.0280752 -0.0278887 -0.00336905 0.0279716 -0.00550388 -0.0488187 0.0577855 -0.0345132 0.00516958 0.0438511 0.00737892 0.0184661 -0.00594119 -0.0204184 -0.0330519 -0.0434626 -0.045971 0.0349985 0.0205244 -0.0221924 0.0534384 -0.0598779 0.0369685 0.0372038 -0.0592377 -0.0239266 0.0553541 0.0520646 0.0575851 -0.0555005
internal_weight=0 156.455 70.3802 241.72 40.6763 201.044 146.413 54.6305 86.0752 32.6987 53.6981 37.6815 16.1674 13.0952 38.9146 21.7462 35.1851 44.1178 21.5141 8.53702 107.499 30.8473 76.6516 71.6187 32.377 8.43112 9.58028 41.9553 21.1458 20.8095 5.49119 8.73067 5.71341 29.8476 6.68771 4.84587 22.4162 22.9737 5.17295 7.15673 31.6568 22.8122 10.0188 8.84465 17.1684 13.7313 17.8007 26.6835 16.2837 4.94187 8.15331 12.9771 13.0155 12.7934 26.6636 3.55498 10.3998 28.4974 22.8252 5.03294
internal_count=2234 1253 441 981 146 835 552 283 812 148 455 293 90 57 200 97 107 402 203 69 352 94 258 224 357 38 53 396 218 178 39 54 35 123 36 56 56 143 29 28 140 90 55 50 103 89 114 101 69 31 26 134 43 35 322 41 32 71 50 34
is_linear=0
shrinkage=0.053082


Tree=6
num_leaves=54
num_cat=0
split_feature=39 38 47 42 38 42 11 42 2 43 42 5 5 7 16 4 48 38 7 20 42 7 49 15 48 7 7 38 39 8 42 14 19 47 27 5 11 0 47 47 27 47 27 46 38 46 2 49 14 43 15 27 48
split_gain=21.6971 11.0919 14.3923 7.45389 6.89106 7.91073 5.98596 5.65143 6.2598 5.16594 4.82525 4.85453 7.13468 4.70301 5.7508 4.36445 4.00203 7.38081 5.85333 4.09265 4.28953 3.76687 6.74394 7.53051 5.92926 5.0756 6.08496 4.61645 4.47042 3.96221 3.73488 3.86167 5.37187 3.7318 3.69331 3.53324 7.39684 3.49684 6.03976 3.49591 3.38877 3.00604 2.90653 2.82982 2.59584 3.72662 2.05032 0.92266 0.819148 0.628019 0.498536 0.269691 0.0766731
threshold=6.5000000000000009 8.5000000000000018 9.5000000000000018 35.000000000000007 15.500000000000002 2.5000000000000004 19.500000000000004 105.00000000000001 11.500000000000002 1.5000000000000002 5.5000000000000009 1.0000000180025095e-35 14.500000000000002 130.50000000000003 1.0000000180025095e-35 41.500000000000007 6.5000000000000009 8.5000000000000018 36.500000000000007 1.0000000180025095e-35 13.500000000000002 3.5000000000000004 4.5000000000000009 1.5000000000000002 6.5000000000000009 10.500000000000002 14.500000000000002 45.000000000000007 2.5000000000000004 3.5000000000000004 5.5000000000000009 1.0000000180025095e-35 2.5000000000000004 5.5000000000000009 1.5000000000000002 1.0000000180025095e-35 1.0000000180025095e-35 1.0000000180025095e-35 3.5000000000000004 1.5000000000000002 1.0000000180025095e-35 10.500000000000002 6.5000000000000009 7.5000000000000009 25.000000000000004 9.5000000000000018 4.5000000000000009 3.5000000000000004 1.0000000180025095e-35 2.5000000000000004 64.000000000000014 4.5000000000000009 5.5000000000000009
decision_type=2 2 2 2 2 2 2 2 2 2 2 2 2 2 2 2 2 2 2 2 2 2 2 2 2 2 2 2 2 2 2 2 2 2 2 2 2 2 2 2 2 2 2 2 2 2 2 2 2 2 2 2 2
left_child=1 2 6 4 10 -6 13 21 -9 42 11 33 41 14 40 -15 19 51 -19 20 -12 22 23 -3 27 44 46 -24 -26 -28 -7 39 -33 52 -16 36 43 38 -37 -32 -1 -13 -5 -11 45 -23 -27 -38 -46 -4 -39 -18 -2
right_child=3 7 49 9 5 30 -8 8 -10 35 16 12 -14 15 34 -17 17 18 -20 -21 -22 25 24 -25 28 26 29 -29 -30 -31 31 32 -34 -35 -36 37 47 50 -40 -41 -42 -43 -44 -45 48 -47 -48 -49 -50 -51 -52 -53 -54
leaf_value=-0.032756800404136185 -0.0010975884472888577 -0.021068072688344836 -0.018823991815891644 -0.020847696412573606 -0.058333146015066548 0.059004227273035691 0.055832076372387539 -0.07037891112864024 0.022516629993482244 0.0085145197972838135 -0.057458741240084849 -0.072840024953346294 0.040749561013253568 -0.069040029895774208 -0.0021047124599604581 0.019740581088934929 -0.067561365123283271 0.032274685288094462 -0.047128141442991642 0.014162393872468223 -0.011296535804495474 -0.020432950096760088 -0.075774136911253273 0.062298377531754545 0.030758560309715407 -0.059285058926101371 0.023129307627113124 0.0029716342163100353 -0.032379529240701574 -0.036934843361794228 0.024847654310826771 0.046624159647080624 -0.010294606833355778 0.056039118614182051 0.043393359152507097 0.044475969178034418 0.047539487485257222 -0.073174007297006377 -0.066404954325308782 -0.034085605571726262 0.0014823122538835133 0.0033078870250207036 0.054316658281158385 -0.071933627270001799 0.067712735602239782 0.038385129533786096 0.0004444085788100017 0.0024306903403008562 0.038530541809916816 -0.076420350486156821 -0.019970570049173606 -0.020600741685635606 -0.017603353705621678
leaf_weight=12.282646661624311 1.7981746345758458 4.2983984164893618 1.131406694650648 2.8194786906242362 3.8773877359926692 4.6135724112391463 4.7095002532005301 3.7408746518194667 3.4883704148232937 1.3838819358497874 20.91094578802586 4.6402514204382879 3.0109729617834091 4.7114947270601979 8.4408986270427722 1.8914866149425504 3.67251053079963 10.380187314003704 2.9147620946168891 3.4174219109117976 8.293090242892502 3.6449505090713492 5.2457676101475972 8.2505141198635084 8.3406152650713903 3.0762193277478209 80.91034908592701 3.1536223981529474 4.3711582347750655 2.7243543341755858 3.8295792937278765 11.265028133988382 7.3774909265339366 5.5738287642598152 11.435720900073646 2.1237709373235729 2.4079593271017075 14.127754112705587 2.3649202045053244 7.6643254868686199 21.92799874022603 1.9017989560961721 2.030800461769104 5.1243382431566715 9.4032566174864787 11.332673273980616 2.7978922352194786 2.5446460247039795 8.8720296174287778 7.2421983554959297 1.1314626559615124 1.2022241875529287 1.6946671083569524
leaf_count=101 11 18 6 21 39 11 12 44 17 7 225 41 12 48 41 9 41 49 36 22 69 14 38 17 21 17 328 17 27 16 12 39 57 13 38 9 8 176 32 62 102 10 5 60 21 29 11 18 24 100 10 10 13
internal_value=0 0.00985508 -0.00717752 -0.0162142 -0.00912266 0.00873437 0.00140307 0.0175442 -0.0268308 -0.0369599 -0.0190803 0.00386682 -0.0218387 -0.00323946 0.00204951 -0.043748 -0.0274851 -0.00708797 0.0135645 -0.0384853 -0.0448596 0.0196929 0.00381462 0.0338928 -0.0143666 0.0239943 0.0171979 -0.0475758 0.00846004 0.0209253 0.0170495 0.00963949 0.0243346 0.030872 0.024424 -0.044796 -0.0197725 -0.0583096 -0.0143869 -0.0140466 -0.0110675 -0.0518409 0.0125183 -0.0551903 0.0416641 0.023727 -0.0328597 0.0272412 0.0551588 -0.0704717 -0.0701719 -0.059552 -0.0108942
internal_weight=0 237.424 73.7734 144.097 108.038 38.6274 65.3997 163.651 7.22925 36.059 69.4108 18.6197 9.55302 60.6902 54.0873 6.60298 50.7911 18.1697 13.2949 32.6215 29.204 156.422 33.6601 12.5489 21.1112 122.762 89.5088 8.39939 12.7118 83.6347 34.75 30.1364 18.6425 9.06667 19.8766 31.2087 11.4608 19.7479 4.48869 11.4939 34.2106 6.54205 4.85028 6.50822 33.2529 14.9776 5.87411 4.95261 18.2753 8.37361 15.2592 4.87473 3.49284
internal_count=2234 1116 457 1118 772 220 351 659 61 346 552 100 63 339 282 57 452 136 85 316 294 598 138 35 103 460 372 55 48 344 181 170 96 37 79 320 93 227 41 74 203 51 26 67 88 43 28 26 45 106 186 51 24
is_linear=0
shrinkage=0.053082


Tree=7
num_leaves=58
num_cat=0
split_feature=43 0 19 7 28 3 38 18 49 48 38 12 26 38 12 2 46 42 48 12 31 15 49 48 46 15 42 38 48 49 15 3 5 46 48 42 42 5 7 27 31 42 39 46 4 7 42 39 49 19 46 38 7 49 47 42 5
split_gain=19.7767 10.3569 8.50369 7.21239 6.19939 5.81009 5.51744 5.67205 5.42488 5.42346 4.79121 4.75465 4.99704 4.70592 4.59752 5.84784 4.4544 4.44815 3.99616 3.72829 3.51014 3.45842 3.42121 6.07371 4.27225 3.40852 3.22902 3.19205 9.91956 7.05251 5.88332 4.89196 4.67539 3.99443 3.07803 2.57732 3.72903 3.26464 6.73799 6.19247 2.47978 2.20005 3.83406 2.15505 1.89512 5.55917 1.45313 1.37633 1.37269 1.6942 1.32555 1.31326 0.787062 0.781363 0.752891 0.713429 0.189767
threshold=5.5000000000000009 1.5000000000000002 2.5000000000000004 34.500000000000007 1.0000000180025095e-35 9.5000000000000018 55.000000000000007 3.5000000000000004 4.5000000000000009 7.5000000000000009 9.5000000000000018 1.0000000180025095e-35 1.0000000180025095e-35 95.000000000000014 8.5000000000000018 3.5000000000000004 35.000000000000007 9.5000000000000018 4.5000000000000009 1.0000000180025095e-35 5.5000000000000009 37.500000000000007 5.5000000000000009 5.5000000000000009 5.5000000000000009 42.500000000000007 35.000000000000007 19.000000000000004 6.5000000000000009 5.5000000000000009 27.500000000000004 290.50000000000006 1.0000000180025095e-35 8.5000000000000018 3.5000000000000004 14.500000000000002 105.00000000000001 1.0000000180025095e-35 26.500000000000004 1.5000000000000002 3.5000000000000004 25.000000000000004 5.5000000000000009 9.5000000000000018 10.500000000000002 19.500000000000004 25.000000000000004 8.5000000000000018 1.5000000000000002 2.5000000000000004 5.5000000000000009 19.000000000000004 13.500000000000002 9.5000000000000018 4.5000000000000009 -1.0000000180025095e-35 4.5000000000000009
decision_type=2 2 2 2 2 2 2 2 2 2 2 2 2 2 2 2 2 2 2 2 2 2 2 2 2 2 2 2 2 2 2 2 2 2 2 2 2 2 2 2 2 2 2 2 2 2 2 2 2 2 2 2 2 2 2 2 2
left_child=4 19 27 50 9 -5 7 44 25 10 11 48 18 22 15 16 17 -11 -13 35 -9 55 24 -24 -12 -7 -10 28 29 32 41 -32 -3 -30 -14 40 37 39 -39 -37 54 -29 -43 -35 45 -6 -15 -48 -1 -50 -4 -47 -31 -46 -2 -8 -17
right_child=1 2 3 5 6 8 21 20 26 14 13 12 34 46 -16 56 -18 -19 -20 -21 -22 -23 23 -25 -26 -27 -28 30 33 52 31 -33 -34 43 -36 36 -38 38 -40 -41 -42 42 -44 -45 53 51 47 -49 49 -51 -52 -53 -54 -55 -56 -57 -58
leaf_value=0.011905173292893298 -0.025344278752658461 0.01759656561482506 -0.016813528517804752 0.068472246494708261 0.065739562662937553 0.018933375858085907 -0.012410241775590167 0.029136833484941522 -0.045354558444255406 -0.027243746202441865 0.04438725296269154 -0.0047588362406524101 0.0070415483532449705 -0.062774571607149485 0.039898376213079637 -0.076604204958842917 -0.060782320831661248 0.03432311368883028 0.04315617543898876 0.022258747713521529 -0.043753228346755206 0.038349804933066035 -0.017539454631063878 0.020062757362022489 0.013894614694283528 -0.050385883675899634 -0.0059479182890781511 0.060791095931483491 0.054080786413974076 -0.074297332202737001 -0.065804248026318235 0.032535901359546496 -0.062671850760319545 0.029829189812094564 -0.060923109398566974 -0.066263107027046381 -0.07034593783582245 0.029967920339520376 -0.054792504686730789 0.047094986741475345 0 0.044168160682234746 -0.011945312261284254 -0.037352701755110296 0.069211547216118538 -0.032974570583157795 -0.041507094018305754 0.011534052678310102 -0.047249285768674862 -0.011165100977005625 -0.068058927023470259 0.014455343008331215 -0.015113298957686228 0.036040112669852395 -0.070215452807524628 -0.06485093887336521 -0.034270845087960966
leaf_weight=1.991919264197352 2.2008702568709877 8.6851425170898491 2.3271728567779055 1.9247116781771172 4.9385864809155482 13.41581419482827 1.6214238107204437 3.2502351328730574 15.29566152021289 5.3753193095326477 23.089761752635241 8.3083714134991222 3.3298556357622138 1.7016336172819126 2.9655961990356436 4.2034569904208174 2.8880062252283087 6.9638788998126984 10.872053559869526 2.4021602980792514 3.1222919002175331 1.5070794597268102 17.075808215886354 38.182496443390846 30.914283383637667 1.7980811446905125 9.7975587863475067 6.2390298843383851 7.9432883784174901 6.0083727054297915 2.9605236873030654 1.9454027861356733 2.0902317166328421 1.9206454604864118 3.371196623891592 5.7292325384914937 4.2437762394547454 7.4732055608183128 3.4050840437412262 1.2955786064267156 1.9328123070299614 7.8483767509460431 5.4120193682610989 2.433952908962965 10.658866040408613 2.6315014511346817 1.6818669512867925 3.1157218255102634 8.3593248799443227 7.2727013155817977 8.6110721044242364 2.891752190887928 1.1550457663834093 5.4430728927254668 12.422668627463279 1.9991536363959304 2.0611718259751797
leaf_count=10 23 43 17 5 10 79 13 14 171 24 63 41 18 16 7 32 19 19 34 15 22 5 99 135 125 19 86 14 20 64 27 9 21 7 27 76 64 40 46 4 18 25 46 25 20 13 15 20 66 50 106 11 9 17 174 21 15
internal_value=0 -0.0149321 -0.00619091 -0.0212139 0.0100379 -0.0108601 0.0294 0.0373368 -0.0155488 0.0059413 0.00953087 -0.00540424 0.00898446 0.0151605 -0.0170545 -0.0257873 -0.00709143 0.00732547 0.0227321 -0.037434 -0.0069036 -0.0199244 0.0178114 0.0083492 0.0272782 0.00917225 -0.0304954 0.00845427 -0.00303108 -0.0279439 0.0225253 -0.0270678 -2.74732e-05 0.0327977 -0.0288489 -0.0414451 -0.0282647 -0.0164208 0.00192743 -0.0432256 -0.0575145 0.0354961 0.0215436 -0.00727939 0.0479522 0.0277341 -0.0270719 -0.00898067 -0.0262888 -0.0315165 -0.0586319 -0.00872217 -0.0667402 0.0596464 -0.0647344 -0.0464954 -0.0667821
internal_weight=0 148.917 107.812 53.1701 221.788 42.2318 38.064 32.9363 40.3071 183.724 159.267 43.5054 25.8815 115.762 24.4574 21.4918 15.2272 12.3392 19.1804 41.1054 6.37253 5.12766 109.262 55.2583 54.004 15.2139 25.0932 54.642 30.2367 17.9388 24.4054 4.90593 10.7754 12.2979 6.70105 38.7032 22.1469 17.9031 10.8783 7.02481 16.5564 19.4994 13.2604 4.3546 26.5638 10.4618 6.49922 4.79759 17.6239 15.632 10.9382 5.52325 7.16342 16.1019 14.6235 3.62058 6.26463
internal_count=2234 1253 793 483 981 360 146 107 355 835 719 246 120 473 116 109 62 43 75 460 36 39 422 234 188 98 257 310 189 137 121 36 64 52 45 445 230 166 86 80 215 85 71 32 71 34 51 35 126 116 123 24 73 37 197 34 47
is_linear=0
shrinkage=0.053082


Tree=8
num_leaves=39
num_cat=0
split_feature=39 47 38 3 42 42 1 1 28 28 23 5 38 49 15 27 0 14 48 3 2 18 38 38 38 43 48 30 38 15 15 3 12 12 39 39 38 43
split_gain=16.7975 8.05407 5.41667 9.12244 5.03839 6.28862 4.47188 5.01155 4.44213 5.81505 6.5322 5.49417 5.45817 5.24637 5.11968 4.33441 6.60562 7.35339 4.49321 7.45158 5.83875 3.86741 3.83931 3.59017 3.09456 2.80098 3.15878 3.01888 3.15649 2.69545 7.24499 2.58121 1.94952 1.91149 2.74561 1.40785 1.30456 0.402463
threshold=6.5000000000000009 8.5000000000000018 8.5000000000000018 290.50000000000006 35.000000000000007 25.000000000000004 17.500000000000004 5.5000000000000009 2.5000000000000004 1.0000000180025095e-35 5.5000000000000009 6.5000000000000009 45.000000000000007 5.5000000000000009 36.500000000000007 8.5000000000000018 7.5000000000000009 3.5000000000000004 3.5000000000000004 16.500000000000004 4.5000000000000009 1.0000000180025095e-35 9.5000000000000018 8.5000000000000018 9.5000000000000018 1.0000000180025095e-35 1.5000000000000002 1.5000000000000002 165.00000000000003 27.500000000000004 43.500000000000007 12.500000000000002 1.0000000180025095e-35 1.5000000000000002 12.500000000000002 9.5000000000000018 75.000000000000014 2.5000000000000004
decision_type=2 2 2 2 2 2 2 2 2 2 2 2 2 2 2 2 2 2 2 2 2 2 2 2 2 2 2 2 2 2 2 2 2 2 2 2 2 2
left_child=1 8 3 37 5 15 7 21 9 10 11 13 29 -1 -13 16 18 22 20 -20 -2 31 -18 -6 -19 -25 35 28 -28 32 -31 -4 -11 34 -7 -27 -14 -3
right_child=4 2 6 -5 23 33 -8 -9 -10 12 -12 14 36 -15 -16 -17 17 24 19 -21 -22 -23 -24 25 -26 26 27 -29 -30 30 -32 -33 -34 -35 -36 -37 -38 -39
leaf_value=0.024417528813402679 -0.069225577972616484 -0.024346835559032744 -0.026230304586914839 0.049900195006484176 0.040953851815729386 -0.028628246580772333 -0.056930330315675466 0.046840406126124647 -0.045508017124063396 0.031559079126293452 0.06978087832201145 -0.031674618621931064 -0.043935180770455412 0.0027378320119951396 0.017754848300306162 -0.057995957297692448 -0.017081964064108168 0.0020678335508492098 0.0065514801181005737 -0.041594924457638648 -0.00026950443275468972 -0.063596568629257166 0.031733274161396409 0.038763898599569892 -0.059253450940674864 -0.028731618164424905 -0.054486012978578344 0.017162179514451734 0.025934496838119693 -0.048190960872428322 0.049644070831524612 0.035869089233413858 0.068448787994967994 0.053885655996263077 0.047391583726772706 0.024991385499888826 0.0096322750832065814 -0.072419792743293521
leaf_weight=55.189847860485315 9.7067071031779033 1.4294306486845032 2.8258895538747328 1.9033039063215245 1.340425357222556 2.4937368147075158 2.5685867592692366 6.3788099996745578 3.0784456729888907 9.2164001390337997 4.414912272244691 16.56334633380175 2.2070962972939006 73.122845891863108 8.5337598435580713 5.1380544174462548 5.3093356788158443 3.9141200445592386 23.775518141686916 13.924499265849589 5.3217496573925009 2.3891421556472778 21.206079352647066 0.92307087406515975 4.8239970710128546 1.881466813385489 24.048554448410876 1.7102427184581745 1.1175685077905644 2.7940944135189039 5.4400189816951752 3.765240766108036 10.924369290471075 4.7149628475308418 1.85714915394783 2.6375698484480381 2.0104388669133186 7.7073603644967079
leaf_count=213 110 8 21 4 5 21 23 20 23 34 9 109 20 369 34 59 38 29 170 133 38 26 94 3 57 19 283 13 7 15 16 19 23 16 7 16 14 116
internal_value=0 0.00897464 -0.0168801 -0.0451892 -0.0146746 -0.00869082 0.00124856 0.0127014 0.0128919 0.0139721 0.00967045 0.00768991 0.0342458 0.0121415 -0.0147671 -0.0128607 -0.00986587 0.00781249 -0.0216836 -0.0115119 -0.0457909 -0.0126062 0.0217377 -0.0323592 -0.0330339 -0.0360819 -0.0389615 -0.0457436 -0.0503677 0.0425626 0.0152936 0.00898581 0.052925 0.0322504 0.00504092 0.00154188 -0.0197635 -0.0668798
internal_weight=0 222.463 28.9678 11.0401 135.845 102.186 17.9277 15.3591 193.496 190.417 157.825 153.41 32.5924 128.313 25.0971 93.1201 87.982 35.2535 52.7285 37.7 15.0285 8.98027 26.5154 33.6589 8.73812 32.3185 31.3954 26.8764 25.1661 28.3749 8.23411 6.59113 20.1408 9.06585 4.35089 4.51904 4.21754 9.13679
internal_count=2234 1116 237 128 1118 772 109 86 879 856 734 725 122 582 143 728 669 218 451 303 148 66 132 346 86 341 338 303 290 88 31 40 57 44 28 35 34 124
is_linear=0
shrinkage=0.053082


Tree=9
num_leaves=48
num_cat=0
split_feature=43 47 13 31 5 4 38 16 3 15 35 7 7 12 1 3 49 14 42 43 18 31 19 39 47 48 42 9 46 4 39 46 7 0 23 20 43 17 4 7 42 18 42 49 46 7 43
split_gain=14.9185 8.08445 8.16068 5.86084 5.09124 4.83457 4.99586 4.56511 7.63089 5.33036 7.16032 4.30157 4.87295 3.46691 3.5825 10.8029 3.36946 4.85065 3.00111 2.94675 2.90157 3.78406 2.66877 3.1536 2.52171 2.38617 3.66346 2.31947 2.29186 2.19503 2.13999 2.0275 1.79775 1.38738 1.28881 1.25438 1.10774 0.995168 6.05496 0.525726 0.457765 0.440245 0.387753 1.11512 0.227154 0.165503 0.00741251
threshold=8.5000000000000018 4.5000000000000009 1.0000000180025095e-35 1.0000000180025095e-35 1.5000000000000002 1.0000000180025095e-35 95.000000000000014 1.5000000000000002 322.00000000000006 36.500000000000007 1.0000000180025095e-35 101.50000000000001 96.500000000000014 10.500000000000002 31.000000000000004 170.50000000000003 7.5000000000000009 2.5000000000000004 3.5000000000000004 16.500000000000004 4.5000000000000009 9.5000000000000018 1.5000000000000002 7.5000000000000009 5.5000000000000009 4.5000000000000009 8.5000000000000018 2.5000000000000004 55.000000000000007 1.0000000180025095e-35 9.5000000000000018 14.500000000000002 4.5000000000000009 7.5000000000000009 1.5000000000000002 1.5000000000000002 4.5000000000000009 1.0000000180025095e-35 1.0000000180025095e-35 16.500000000000004 35.000000000000007 2.5000000000000004 25.000000000000004 5.5000000000000009 19.000000000000004 1.5000000000000002 10.500000000000002
decision_type=2 2 2 2 2 2 2 2 2 2 2 2 2 2 2 2 2 2 2 2 2 2 2 2 2 2 2 2 2 2 2 2 2 2 2 2 2 2 2 2 2 2 2 2 2 2 2
left_child=7 3 19 25 5 6 18 11 9 10 20 12 13 14 15 -1 17 -6 -4 37 27 -22 33 -24 -16 32 -27 -9 44 -5 -19 -21 -2 -7 41 42 -12 -3 -39 -18 -15 -31 43 -11 -13 -28 -41
right_child=1 2 4 29 16 22 -8 8 -10 35 36 28 -14 40 24 -17 39 30 -20 31 21 -23 23 -25 -26 26 45 -29 -30 34 -32 -33 -34 -35 -36 -37 -38 38 -40 46 -42 -43 -44 -45 -46 -47 -48
leaf_value=0.0042466093864108991 0.0054056268295742897 -0.065373243743297907 0.015227016561292526 0.023511082614468368 -0.063113931106821092 0.010591076625653451 0.04265365270374976 0.018545206459764176 -0.069098616005589475 0.058122094117748047 -0.062986064798737265 -0.059408697159911719 0.051407895594145714 -0.065115149437021 0.0092230638027213513 -0.055045510166352576 -0.0076883931615820914 0.025440109710333319 -0.070068426970908954 0.023465108809863387 -0.054674021440768369 0.02734768671315764 0.032786468165033784 -0.060039198450759848 0.052406432177554911 0.037860063305160778 -0.011986793051362587 0.053740641905788381 0.0093222980555553586 -0.061664273730442462 -0.023045337856680261 -0.047992837308137873 0.059830762612075164 0.058770919024000896 0 0.015549838681850186 -0.01239609411876175 0.036631204240681947 -0.062222053455283234 -0.033979172574716103 -0.015719940929414988 -0.013302940293565015 0.07118919010159698 0.014645929716743864 -0.018846897720267645 -0.056476162044798064 -0.067529813998574412
leaf_weight=153.55414902232587 2.5510244667530078 15.753411239944404 1.2807398438453699 1.6088843941688518 3.2516564298421171 2.8932282477617246 1.7958713322877882 32.572078267112374 2.1952583491802207 4.4127207845449465 2.792601589113473 4.1418206430971614 5.3444572687149039 1.7101320177316659 10.042197812348606 8.6360951159149391 0.85602485015988161 6.2042867690324766 4.0815358012914658 2.3499362282454963 2.7183498144149771 2.5854448154568672 1.6862671189010137 1.3942347727715967 6.0711910389363757 2.698930572718381 0.83454616740345988 6.2362639158964148 2.081115260720253 3.4660369735211134 3.6011265553534031 1.2859548293054102 6.2802804671227932 5.4261254146695137 1.8449084907770155 3.4996155537664881 2.6291877888143063 1.9771915934979905 5.7847815118730068 2.2577598504722118 1.4470187649130819 1.1553086489439008 4.8353763967752457 3.4425460062921047 1.3281800113618372 1.329837769269943 4.9085565451532602
leaf_count=792 18 255 2 8 42 17 7 154 18 11 20 42 13 15 42 64 8 36 52 14 27 13 7 19 20 11 9 17 14 42 35 17 18 14 15 18 21 9 92 29 11 13 9 17 10 18 79
internal_value=0 -0.0187711 -0.0278803 0.0090817 -0.0121736 0.00792925 -0.0249924 0.00636354 0.0181569 0.0216386 0.0126702 0.00219303 0.0038334 0.00227343 0.00332903 0.000905699 -0.0297243 -0.0119885 -0.049816 -0.0500554 0.0198766 -0.0155002 0.0289678 -0.0113332 0.0267821 0.0298782 0 0.0249092 -0.0356946 -0.0256124 0.00716272 -0.0042385 0.0455395 0.0439051 -0.0389937 0.0476672 -0.0421253 -0.0568013 -0.036053 -0.0557884 -0.0486066 -0.0526154 0.055378 0.0414693 -0.0524665 -0.0458741 -0.060331
internal_weight=0 88.5584 66.7887 21.7698 39.6374 18.558 7.15815 262.276 67.9194 65.7242 49.5339 194.356 186.805 181.461 178.304 162.19 21.0794 13.0571 5.36228 27.1513 44.1121 5.30379 11.3999 3.0805 16.1134 13.6946 4.86331 38.8083 7.55112 8.07514 9.80541 3.63589 8.8313 8.31935 6.46625 16.1903 5.42179 23.5154 7.76197 8.02234 3.15715 4.62135 12.6906 7.85527 5.47 2.16438 7.16632
internal_count=2234 886 734 152 347 118 61 1348 325 307 252 1023 957 944 918 856 229 113 54 387 211 40 57 26 62 74 38 171 66 78 71 31 36 31 70 55 41 356 101 116 26 55 37 28 52 27 108
is_linear=0
shrinkage=0.053082


Tree=10
num_leaves=56
num_cat=0
split_feature=43 0 19 11 11 3 48 19 39 11 43 38 38 31 7 1 42 7 5 27 7 38 39 13 38 47 43 46 1 12 2 49 31 15 31 31 43 23 48 46 31 7 46 42 47 38 6 46 31 49 31 18 31 38 49
split_gain=13.7211 7.59307 6.88717 5.38187 6.27242 5.15718 4.75689 4.70819 4.51947 6.72231 3.63758 3.53667 3.50357 3.46357 4.78482 3.11881 3.07979 3.7937 6.29056 5.24115 3.01197 2.98277 5.17819 3.02589 2.95655 3.12288 3.94364 5.45618 3.45306 3.417 2.58 2.4718 2.40357 2.62201 2.37288 2.3286 2.24448 2.00529 1.95733 4.34637 2.43605 1.95363 3.11579 1.91533 1.62723 1.44225 1.31727 1.28676 1.25425 0.838809 0.787542 0.593506 0.593459 0.517182 0.345209
threshold=5.5000000000000009 1.5000000000000002 2.5000000000000004 1.5000000000000002 1.0000000180025095e-35 9.5000000000000018 6.5000000000000009 3.5000000000000004 2.5000000000000004 33.500000000000007 2.5000000000000004 3.5000000000000004 9.5000000000000018 3.5000000000000004 31.500000000000004 17.500000000000004 13.500000000000002 25.500000000000004 1.0000000180025095e-35 1.5000000000000002 285.50000000000006 135.00000000000003 8.5000000000000018 1.0000000180025095e-35 85.000000000000014 9.5000000000000018 2.5000000000000004 35.000000000000007 10.500000000000002 2.5000000000000004 3.5000000000000004 9.5000000000000018 1.0000000180025095e-35 37.500000000000007 2.5000000000000004 3.5000000000000004 1.5000000000000002 4.5000000000000009 5.5000000000000009 25.000000000000004 2.5000000000000004 14.500000000000002 10.500000000000002 7.5000000000000009 5.5000000000000009 6.5000000000000009 1.5000000000000002 75.000000000000014 7.5000000000000009 6.5000000000000009 4.5000000000000009 1.0000000180025095e-35 6.5000000000000009 4.5000000000000009 10.500000000000002
decision_type=2 2 2 2 2 2 2 2 2 2 2 2 2 2 2 2 2 2 2 2 2 2 2 2 2 2 2 2 2 2 2 2 2 2 2 2 2 2 2 2 2 2 2 2 2 2 2 2 2 2 2 2 2 2 2
left_child=3 16 11 4 24 -4 7 12 32 34 20 -3 -6 14 41 48 35 18 19 53 38 22 30 -24 25 26 27 -1 -28 -27 -13 49 -7 -34 -10 -2 -14 -22 39 40 -5 42 -12 -40 51 -16 -33 -41 -15 -20 -9 -26 -19 -18 -8
right_child=1 2 5 10 6 8 54 50 9 -11 13 21 36 15 45 -17 17 52 31 -21 37 -23 23 -25 44 29 28 -29 -30 -31 -32 46 33 -35 -36 -37 -38 -39 43 47 -42 -43 -44 -45 -46 -47 -48 -49 -50 -51 -52 -53 -54 -55 -56
leaf_value=0.0095402330026148896 -0.063521208955722566 -0.05999003317290906 0.050919454609263524 0.0083080140734635727 -0.044550355162681091 0.041718728663037011 -0.028195665180035537 -0.065071268051434428 -0.050602632389458994 0.045758523884866766 0.028341903481386457 0.047497752399206054 0.045764999588489293 0.059972845155075769 -0.001568258019640121 -0.019548996602022459 -0.0070117690309437113 -0.06544235600520866 0.013390246956123342 0.034552954624874295 0.015816588725732775 0.057801484207545918 -0.052791937908760869 -0.0019201711143058853 -0.063818468234826078 -0.058562381159563512 0.033614789072243377 -0.038711122397303517 -0.021194012289006352 0.020747714033380771 0.011007955496244681 -0.04934138795269466 -0.037715842261156207 0.026166568966441789 -0.021731644580998646 0.0003500810463610113 -0.0018894571628687669 -0.048824371356765685 0.017451154412476789 -0.058981412186084436 0.049166759284111523 0.044510229387508073 -0.052594385677857049 0.05952161973609494 0.012788483162348723 -0.066468570696767468 0.017592157310968057 0.0052326472313717152 0.014735017933287641 0.052116528679344638 -0.014586871053798535 -0.011116794539015876 -0.015877513120364013 -0.062817918867216549 -0.076883741464616587
leaf_weight=69.715762488543987 10.665296752937136 1.5174610279500473 2.2894308418035498 7.3252004981041017 2.2510393112897935 3.3611629642546159 1.6478584110736836 3.0751052647829047 18.535771824419498 2.4914983659982672 2.4224774464964884 8.1119963414967078 5.0259292274713498 4.2977938354015333 1.3603190407156942 2.8104101940989494 0.7458711974322848 4.6056176628917447 3.6290340032428485 1.7643671967089174 3.14447446912527 3.0630875863134852 3.5096770618110922 18.501056518405676 2.1188791580498214 3.2881624661386004 27.476427327841524 6.74788524955511 3.2484041675925246 2.1400538608431816 16.663162559270859 1.3932815827429297 3.6477577202022076 2.6649340651929379 16.841013714671135 1.7965601794421662 5.336951270699501 1.6018195673823354 4.9439720213413265 1.5611274801194661 10.141998685896395 2.7062575779855251 1.9149670042097566 12.43132074922323 1.4023594260215757 3.7898986376821995 1.0188164357095955 1.2819549851119516 3.6231779754161835 3.6280083414167166 1.8124774023890493 1.2605985067784784 1.4065627790987489 6.6863277163356543 3.3585418164730072
leaf_count=300 165 19 9 35 18 15 12 27 232 9 8 34 15 12 8 17 12 70 24 8 15 10 46 116 22 26 103 43 19 8 85 20 34 12 172 16 24 15 23 15 30 10 18 34 8 35 7 10 19 13 12 11 21 104 29
internal_value=0 -0.0128798 -0.0052372 0.00870385 0.00278435 -0.0192106 -0.0225357 -0.00854462 -0.0231613 -0.0313552 0.0212183 0.00833754 0.00875766 0.00394076 -0.0150261 0.0253641 -0.0331708 -0.0214695 -0.00897521 -0.0393721 0.0303394 0.0110753 0.00735169 -0.0111867 0.00773667 0.00953701 0.0115814 0.00501519 0.0274899 -0.0278968 0.0237908 0.0202849 0.0086745 -0.0105103 -0.0374462 -0.0545209 0.0221497 -0.00835418 0.0353153 0.0229381 0.0329046 0.0130957 -0.00882639 0.0485474 -0.0309598 -0.0514541 -0.022317 -0.0331864 0.0417719 0.0352705 -0.0500251 -0.0489032 -0.0564123 -0.0583249 -0.0655113
internal_weight=0 138.538 101.198 205.264 139.906 49.8316 22.5079 17.5015 47.5421 37.8683 65.3572 51.3664 12.6139 22.9253 12.1939 10.7314 37.3397 24.8779 18.8657 9.19657 42.4319 49.849 46.7859 22.0107 117.399 112.617 107.188 76.4636 30.7248 5.42822 24.7752 9.66914 9.67385 6.31269 35.3768 12.4619 10.3629 4.74629 37.6856 20.3103 17.4672 7.0437 4.33744 17.3753 4.78184 5.15022 2.4121 2.84308 7.92097 7.25704 4.88758 3.37948 6.01218 7.4322 5.0064
internal_count=2234 1253 793 981 677 483 137 96 474 413 304 310 57 127 79 48 460 279 188 124 177 291 281 162 540 499 465 343 122 34 119 64 61 46 404 181 39 30 147 90 65 36 26 57 41 43 27 25 31 37 39 33 91 116 41
is_linear=0
shrinkage=0.053082


Tree=11
num_leaves=52
num_cat=0
split_feature=39 38 42 42 38 42 42 27 11 42 7 28 2 49 42 43 38 47 5 5 7 4 38 15 12 7 7 39 38 47 3 14 47 3 38 49 2 2 14 26 47 43 38 48 4 46 4 42 13 38 38
split_gain=11.6094 6.52608 10.2706 5.12426 5.34572 6.53723 5.8597 4.9526 4.63391 4.46195 4.25085 5.21644 4.19062 4.07809 4.04625 3.32764 2.63072 2.54129 3.02728 2.8243 2.45004 4.08329 3.01814 2.78078 2.71346 2.46329 4.15475 2.41039 5.82649 4.37576 2.96868 3.33868 3.25768 2.28306 2.27814 2.44106 2.2275 2.16244 2.77314 1.95855 1.81549 1.76103 3.15338 2.1434 3.17547 1.70426 1.53542 1.31263 0.470124 0.469675 0.228707
threshold=6.5000000000000009 8.5000000000000018 8.5000000000000018 35.000000000000007 19.000000000000004 5.5000000000000009 2.5000000000000004 5.5000000000000009 19.500000000000004 105.00000000000001 130.50000000000003 1.0000000180025095e-35 11.500000000000002 9.5000000000000018 35.000000000000007 9.5000000000000018 8.5000000000000018 4.5000000000000009 1.0000000180025095e-35 1.5000000000000002 3.5000000000000004 1.5000000000000002 19.000000000000004 13.500000000000002 1.0000000180025095e-35 10.500000000000002 14.500000000000002 9.5000000000000018 8.5000000000000018 7.5000000000000009 10.500000000000002 1.0000000180025095e-35 2.5000000000000004 3.5000000000000004 25.000000000000004 4.5000000000000009 1.5000000000000002 18.500000000000004 1.0000000180025095e-35 2.5000000000000004 3.5000000000000004 9.5000000000000018 165.00000000000003 1.5000000000000002 8.5000000000000018 35.000000000000007 41.500000000000007 13.500000000000002 1.5000000000000002 45.000000000000007 65.000000000000014
decision_type=2 2 2 2 2 2 2 2 2 2 2 2 2 2 2 2 2 2 2 2 2 2 2 2 2 2 2 2 2 2 2 2 2 2 2 2 2 2 2 2 2 2 2 2 2 2 2 2 2 2 2
left_child=1 2 8 4 5 7 50 17 10 20 11 33 -11 37 45 49 -5 19 -19 -2 21 22 24 -24 -3 34 40 28 47 -30 31 -29 -32 -1 35 -22 -28 38 -8 41 -27 43 -43 -18 -45 -4 -12 -7 -36 -15 -6
right_child=3 9 14 16 6 27 13 -9 -10 12 46 -13 -14 15 -16 -17 39 18 -20 -21 25 -23 23 -25 -26 26 36 30 29 -31 32 -33 -34 -35 48 -37 -38 -39 -40 -41 -42 42 -44 44 -46 -47 -48 -49 -50 -51 -52
leaf_value=-0.032967516469149881 -0.036350447889077056 -0.059038628200376732 -0.071314431453035385 0.034042124182782255 -0.016530798527327514 -0.060254063470106985 0.0099235745796423039 -0.052398016838491539 0.056424247498844803 -0.064428575048083275 -0.058572042756102637 0.048587253329468276 0.016281689265614255 -0.01623547082969181 0.010425935521509092 0.028490001602570054 0.010875925403808185 0.063453389118058798 0 0.02405617503930425 0.045810803338405086 0.053307519437530045 0.01323238381014462 -0.040087284429708166 0.011559387566640818 -0.055442293963282249 0.03351374422453017 -0.02386739802358161 -0.048633049663475592 0.028010643984032867 0.01577917414544527 0.050304618779005487 -0.052350452095973624 0.0029608826124633367 0.03438620174985569 -0.0014173732893787488 0.012340888663487332 -0.0098377336985514523 0.053734362747587763 0.022096035065636694 0.0060289681972253246 -0.067631281708695368 0.020206038953445644 -0.049229874486462537 0.0022430553789037641 0.0010632892626817553 0 -0.0022071022161228929 0.060349846420085437 -0.065341868261699396 -0.060207913930693996
leaf_weight=5.3329277988523236 3.0992235951125675 4.0294605139643016 8.6019658120349014 1.214344516396525 1.1748465076088934 4.9228770844638374 6.8780985139310458 2.4387638494372359 3.8183610662817946 3.3562068752944461 3.8885267227888098 6.0746692642569533 3.0065770857036114 1.497772749513387 2.332402490079402 2.127988874912262 3.1917973756790259 5.402304992079733 3.374697107821703 4.912539791315794 4.2573337033391025 3.3509215712547293 17.414365492761139 2.7156646102666846 2.0141184329986572 2.721553534269332 19.165707532316446 7.6526920814067143 2.1122331656515589 9.6971971672028285 1.9166384562850023 1.625547347590327 18.440913423895836 32.237541686743498 8.6678735166788083 8.3346642330288869 55.12172101251781 2.8162147514522067 11.178209755569695 1.2556080631911744 2.0580564625561237 8.1474577691405994 1.0424522347748268 11.281849443912504 4.5600082576274863 0.93954213708639223 1.7760510630905626 1.5199239403009412 6.4221966266632071 1.820684030652046 2.1039416119456291
leaf_count=43 25 29 138 5 11 65 38 23 9 44 42 16 17 11 16 15 21 13 24 23 11 8 73 18 10 16 74 82 18 56 11 5 238 176 30 32 270 22 33 7 12 135 7 133 38 6 11 17 15 16 26
internal_value=0 0.00773394 -0.00614955 -0.0125838 -0.00647955 -0.0147471 0.0121284 0.011104 0.00393257 0.0140746 -0.000654815 0.00508723 -0.0276934 0.0207361 -0.0496451 -0.0185777 -0.0313101 0.0217848 0.0406401 0 0.0161408 0.00247162 -0.00490029 0.00508537 -0.0361747 0.019871 0.0148765 -0.0251771 -0.00945938 0.0126172 -0.0344488 -0.00862249 -0.0455972 -0.00247758 0.0335092 0.015614 0.0180321 0.0312992 0.0379246 -0.0346313 -0.0306505 -0.0375917 -0.0568909 -0.0268637 -0.0347002 -0.0643065 -0.041839 -0.0480776 0.0472611 -0.0490578 -0.0496238
internal_weight=0 207.638 65.002 127.407 96.7133 67.1156 29.5978 19.2275 53.1281 142.636 49.3097 43.6451 6.36278 26.319 11.8739 5.44645 30.6935 16.7888 8.777 8.01176 136.274 29.5245 26.1736 20.13 6.04358 106.749 79.067 47.888 18.2522 11.8094 29.6358 9.27824 20.3576 37.5705 27.6821 12.592 74.2874 20.8725 18.0563 29.4792 4.77961 28.2236 9.18991 19.0337 15.8419 9.54151 5.66458 6.4428 15.0901 3.31846 3.27879
internal_count=2234 1116 457 1118 772 600 172 108 297 659 288 235 61 135 160 42 346 85 37 48 598 138 130 91 39 460 372 492 156 74 336 87 249 219 88 43 344 93 71 341 28 334 142 192 171 144 53 82 45 27 37
is_linear=0
shrinkage=0.053082


Tree=12
num_leaves=49
num_cat=0
split_feature=43 0 19 7 49 47 3 11 8 11 38 48 49 8 7 47 42 7 5 27 42 2 23 38 42 38 49 12 43 31 20 48 47 49 46 48 49 24 46 38 47 7 7 39 3 25 49 31
split_gain=10.3276 7.0272 6.21184 4.34455 3.42723 4.05188 3.35894 3.975 3.87496 4.3316 3.33013 3.11947 4.29208 3.10345 3.5123 2.97825 2.83368 3.51127 5.65734 3.43936 2.58183 4.19552 2.54696 2.5851 2.20816 3.8755 2.5618 4.68725 2.19284 1.99996 1.76342 5.13067 2.29798 1.72862 1.24216 1.23646 1.22702 1.19924 1.09443 0.973224 0.8297 0.598321 0.447553 0.274854 0.228241 0.208428 0.166124 0.147871
threshold=5.5000000000000009 1.5000000000000002 2.5000000000000004 34.500000000000007 12.500000000000002 14.500000000000002 339.50000000000006 1.5000000000000002 1.5000000000000002 1.0000000180025095e-35 85.000000000000014 6.5000000000000009 9.5000000000000018 1.0000000180025095e-35 16.500000000000004 9.5000000000000018 13.500000000000002 25.500000000000004 1.0000000180025095e-35 1.5000000000000002 45.000000000000007 20.500000000000004 1.0000000180025095e-35 9.5000000000000018 4.5000000000000009 7.5000000000000009 2.5000000000000004 5.5000000000000009 4.5000000000000009 3.5000000000000004 1.0000000180025095e-35 4.5000000000000009 2.5000000000000004 9.5000000000000018 11.500000000000002 6.5000000000000009 11.500000000000002 1.0000000180025095e-35 3.5000000000000004 4.5000000000000009 2.5000000000000004 15.500000000000002 15.500000000000002 12.500000000000002 170.50000000000003 1.0000000180025095e-35 10.500000000000002 8.5000000000000018
decision_type=2 2 2 2 2 2 2 2 2 2 2 2 2 2 2 2 2 2 2 2 2 2 2 2 2 2 2 2 2 2 2 2 2 2 2 2 2 2 2 2 2 2 2 2 2 2 2 2
left_child=6 16 24 38 5 10 7 8 9 13 -5 12 -11 15 -15 -1 29 18 19 39 22 28 23 44 35 42 34 -28 45 -2 31 -24 -32 41 -27 -3 -35 -25 -4 -18 -40 -20 -26 -6 -9 -22 -13 -19
right_child=1 2 3 4 43 -7 -8 20 -10 11 -12 46 -14 14 -16 -17 17 47 33 -21 21 -23 30 37 25 26 27 -29 -30 -31 32 -33 -34 36 -36 -37 -38 -39 40 -41 -42 -43 -44 -45 -46 -47 -48 -49
leaf_value=0.0095157605604719638 -0.060976156797379728 0.012061314399218412 0.00010483578938433044 0.0082518309423684905 -0.062222212841094644 -0.06377346314253883 -0.047264436216530481 0.01373276468636762 0.050845957682954378 -0.02350587781662071 -0.042036541193503141 -0.026344537061000307 0.043193801898613167 -0.070764292878443255 0.016624828199075761 -0.033866493883622409 0 -0.060336023490754412 0.011895459879603143 0.026661822342210827 -0.060606493851639159 0.040058519352429822 -0.036048335210308126 0.056961271063814954 -0.057022000354511833 0.048525069216289206 0.0096672687796614445 -0.05153940677568368 0.0074663153123399337 0 0.041940034241452331 0.024087319870550909 -0.0046658819865519566 0.016071535176331277 0.005664799520946279 0.060566006686082551 -0.048867564014416449 0.019866929552543409 -0.006017574985942591 -0.058734177089883745 -0.061590339690743942 0.045625648213314836 -0.0058177061476226812 -0.011377234489285267 -0.0070542709830827355 -0.016127089981719092 -0.069932473852928653 -0.017896523994263135
leaf_weight=101.80887488089502 10.113870634697376 3.4773147776722899 1.0448932386934746 28.18986273184419 2.8479101806879039 2.3599604181945315 2.5454059168696395 2.4239405840635326 4.1533537656068793 11.716003842651846 3.7210292853415003 1.5258450359106053 2.9586423449218264 2.5389838218688956 1.8932621516287325 4.1251795105636111 0.81923527177423761 4.4928741194307795 3.2975740339606983 1.5464988499879835 2.7863525860011564 3.2363203763961792 5.7940519489347997 12.09948965907097 2.3857271559536453 5.4150026775896531 27.838638935238126 3.4866539202630511 2.5409539341926575 1.6997588537633408 9.2014371491968614 10.298424277454613 4.044399991631507 1.2205228693783285 3.2055928446352482 2.8388548716902733 1.0590012483298776 4.2651225104928008 1.0702151842415313 6.4574995953589678 7.1413374524563551 3.8687085658311844 0.84682051092386235 0.74954909458756436 2.3841777145862579 1.0235667340457437 2.6423262357711792 1.0057807862758634
leaf_count=471 165 19 7 215 46 36 22 12 10 78 53 12 12 18 9 33 12 75 21 8 30 13 41 34 36 19 175 30 15 16 32 46 23 11 18 6 16 20 11 104 105 16 7 10 12 10 28 16
internal_value=0 -0.0114392 -0.00392406 -0.0176344 -0.00927022 -0.00363924 0.0077256 0.00858849 0.00343112 0.00168709 0.00172608 -0.021453 -0.0088733 0.00574105 -0.0352584 0.00764487 -0.0314277 -0.0199708 -0.00798644 -0.037519 0.0198675 -0.00497709 0.0246261 0.0385678 0.00913789 0.00457974 0.00936237 0.00203662 -0.0295585 -0.0524414 0.0139837 0.00184729 0.027933 0.0199278 0.0340782 0.0371986 -0.0169314 0.048353 -0.0492588 -0.0523168 -0.0553962 0.0322821 -0.0468923 -0.0549784 0.00336733 -0.052597 -0.0592393 -0.055196
internal_weight=0 132.201 96.6194 47.1248 37.8683 34.2709 196.006 193.461 133.362 129.209 31.9109 18.8428 14.6746 110.366 4.43225 105.934 35.5813 23.7677 18.269 8.82323 60.0982 9.58719 50.511 21.1727 49.4946 43.1784 39.9459 31.3253 6.35087 11.8136 29.3383 16.0925 13.2458 9.44581 8.6206 6.31617 2.27952 16.3646 9.25645 7.27673 8.21155 7.16628 3.23255 3.59746 4.80812 3.80992 4.16817 5.49865
internal_count=2234 1253 793 483 360 304 981 959 671 661 268 130 90 531 27 504 460 279 188 124 288 68 220 78 310 285 242 205 55 181 142 87 55 64 37 25 27 54 123 116 116 37 43 56 24 40 40 91
is_linear=0
shrinkage=0.053082


Tree=13
num_leaves=56
num_cat=0
split_feature=39 38 46 42 42 7 5 1 48 42 49 12 1 15 3 16 4 7 38 14 12 2 27 38 7 46 3 27 0 3 38 27 4 0 42 38 4 3 7 1 2 5 47 47 46 11 43 12 39 39 47 17 2 16 49
split_gain=9.27073 6.57618 7.30276 3.74925 4.00523 4.48457 4.27309 6.35582 3.72874 3.67809 4.13903 3.60717 4.86472 5.04025 3.42479 3.78537 3.2379 4.93812 3.12762 3.02909 3.02718 3.31407 2.98087 2.70668 4.21225 3.71511 6.20185 3.08157 2.6988 3.30673 2.58819 2.58808 2.53729 2.39336 2.26209 2.1088 1.97665 1.85102 1.81737 1.83847 1.78292 1.72507 1.51332 2.79748 3.47627 3.20411 1.49188 1.43025 2.55623 1.02602 0.977494 0.808319 0.772928 0.288337 0.0896502
threshold=6.5000000000000009 8.5000000000000018 6.5000000000000009 35.000000000000007 25.000000000000004 14.500000000000002 12.500000000000002 12.500000000000002 6.5000000000000009 85.000000000000014 5.5000000000000009 5.5000000000000009 9.5000000000000018 5.5000000000000009 290.50000000000006 2.5000000000000004 7.5000000000000009 156.00000000000003 85.000000000000014 1.0000000180025095e-35 3.5000000000000004 6.5000000000000009 8.5000000000000018 15.500000000000002 2.5000000000000004 9.5000000000000018 1.0000000180025095e-35 1.0000000180025095e-35 7.5000000000000009 70.500000000000014 55.000000000000007 2.5000000000000004 2.5000000000000004 23.500000000000004 1.5000000000000002 8.5000000000000018 24.500000000000004 43.500000000000007 55.500000000000007 3.5000000000000004 11.500000000000002 4.5000000000000009 1.5000000000000002 2.5000000000000004 25.000000000000004 3.5000000000000004 11.500000000000002 1.5000000000000002 12.500000000000002 9.5000000000000018 3.5000000000000004 1.0000000180025095e-35 5.5000000000000009 1.5000000000000002 9.5000000000000018
decision_type=2 2 2 2 2 2 2 2 2 2 2 2 2 2 2 2 2 2 2 2 2 2 2 2 2 2 2 2 2 2 2 2 2 2 2 2 2 2 2 2 2 2 2 2 2 2 2 2 2 2 2 2 2 2 2
left_child=1 2 11 4 5 23 28 19 50 10 16 12 13 34 15 22 20 -18 30 -8 21 -3 -12 25 46 27 -27 -2 52 -30 41 -19 -10 53 -1 -5 -17 -15 -34 -40 -32 -11 -37 -44 -45 -46 -25 48 -6 -26 -4 -13 -7 -14 -20
right_child=3 9 8 35 47 6 7 -9 32 18 14 51 33 37 -16 36 17 31 54 -21 -22 -23 -24 24 49 26 -28 -29 29 -31 40 -33 38 -35 -36 42 -38 -39 39 -41 -42 -43 43 44 45 -47 -48 -49 -50 -51 -52 -53 -54 -55 -56
leaf_value=-0.00045820707847634622 -0.021029699766947227 0.03383934371488001 -0.013286001755929078 0.031345786548987606 -0.030730666491862808 -0.066538581294811536 -0.019456785738879517 -0.062198225746108865 -0.05345836570821777 -0.053454657201938011 0.0069194209834478248 0.011353700544558799 -0.064575042789719969 0.068520440763488843 -0.044225183667037891 0.048157060735214988 -0.053857628226627818 -0.019084339715087016 -0.058776394602022185 0.043265950859120383 0.05902129643665021 -0.0080869957921767717 -0.048247517327605793 -0.046089790660654884 0.012953246884111485 0.037210184621198773 -0.048565702261477731 0.020659129019544722 0.028732580125373067 -0.033078950642020245 -0.007774427113892644 0.041570329290031176 0.048420746132312308 0.0040142461715383972 -0.042786972807136683 -0.060628963507459804 0.0047901347641582485 0.018423998443331195 0.026848755962961986 -0.051441196268589659 0.050040330083092249 0.0061175172703466126 0.027809131501677402 0.022698978176120627 -0.054434302306659348 -0.0082239699996683405 0.011997311455927993 0.045508162075375079 0.043415906330504676 0.047950690790318301 -0.070843879504601692 0.047407493800695186 -0.027128873864304383 -0.023318118040988586 -0.016913177197163211
leaf_weight=17.266874145716436 7.2213535290211466 24.649638250470165 1.3650052659213523 1.1554851867258573 2.3450114391744119 7.3962477073073405 2.766729783266781 2.7162685692310324 1.6763797812163819 2.195650536566971 54.085293775424361 3.5892419964075071 4.1895578838884813 2.8056833297014219 2.8493781238794318 9.3126466050744039 2.7432307600975028 2.4923405274748784 2.5712564326822753 6.2189195621758699 10.339637666940687 6.4085383974015704 2.3670242242515078 2.5964978747069827 4.5669962726533395 2.6017753370106211 10.073116652667521 13.469977760687469 2.703561194241046 9.8067181278020126 2.2385829798877239 5.6050647646188736 1.8678937330842016 2.4629663191735744 3.9815281704068175 4.0206674654036787 4.5771705731749526 7.6978495344519615 1.146271347999573 1.1895834617316721 3.1325646936893463 2.44110406935215 2.1164393797516849 2.6089569628238705 12.131980719044806 6.8440707698464385 1.6898250915110109 4.6166857704520226 1.8608761653304098 6.6898143775761127 6.6807433245703578 4.602832455188036 3.3169048689305782 1.6900892853736875 0.90520509332418431
leaf_count=98 67 83 13 5 21 115 31 32 31 22 254 16 37 6 24 29 23 15 36 29 24 30 20 23 24 14 120 75 13 110 22 20 6 10 44 62 20 42 8 19 11 15 12 19 181 67 12 16 7 25 98 15 38 14 11
internal_value=0 0.0069888 -0.00728945 -0.0115456 -0.00623421 -0.00987431 -0.0242478 0.00176245 -0.0403892 0.0134015 0.0162411 0.00255356 -0.00408132 0.00548812 0.00796049 0.0104223 0.0276051 0.0014717 -0.0124762 0.0237293 0.0342931 0.0251328 0.00413755 0.000499799 0.0184695 -0.00797036 -0.0300064 0.00584887 -0.0371842 -0.0189309 0.00304785 0.0226372 -0.00676946 -0.038864 -0.009343 -0.028093 0.0347187 0.0346728 0.0153607 -0.0144686 0.0270794 -0.0243139 -0.0311916 -0.024881 -0.0306897 -0.0385578 -0.023977 0.0267179 0.00284262 0.0351621 -0.0627601 0.0335162 -0.0563963 -0.0559792 -0.0521085
internal_weight=0 201.127 62.2125 121.535 92.6573 83.8347 34.9253 11.7019 13.9259 138.914 125.43 48.2866 40.0945 31.7519 73.1915 70.3421 52.2385 10.8406 13.4844 8.98565 41.3978 31.0582 56.4523 48.9094 15.5431 33.3662 12.6749 20.6913 23.2234 12.5103 10.0079 8.09741 5.88013 8.34261 21.2484 28.8776 13.8898 10.5035 4.20375 2.33585 5.37115 4.63675 27.7221 23.7014 21.585 18.9761 4.28632 8.82257 4.20589 11.2568 8.04575 8.19207 10.7132 5.87965 3.47646
internal_count=2234 1116 457 1118 772 728 368 92 175 659 542 282 251 190 347 323 195 58 117 60 137 113 274 360 84 276 134 142 276 123 70 35 64 61 142 346 49 48 33 27 33 37 341 279 267 248 35 44 28 49 111 31 153 51 47
is_linear=0
shrinkage=0.053082


Tree=14
num_leaves=41
num_cat=0
split_feature=43 7 24 39 3 0 3 2 47 25 39 47 3 42 38 30 4 7 3 15 42 42 38 19 5 4 48 11 39 3 15 7 43 47 18 42 47 38 39 28
split_gain=8.75715 5.34847 4.92851 4.73947 4.59968 4.46485 4.29465 5.05058 3.914 3.72263 3.62407 3.33697 2.74868 5.3783 5.57874 3.47464 3.35156 2.83808 2.72377 2.89744 2.91301 2.54863 2.43387 2.57516 2.21031 2.15861 1.71427 1.70457 1.66243 1.53135 1.42111 1.41953 2.12823 1.37378 1.22132 1.21663 1.05622 0.275562 0.392808 0.150303
threshold=11.500000000000002 10.500000000000002 1.0000000180025095e-35 6.5000000000000009 1.5000000000000002 1.5000000000000002 4.5000000000000009 1.0000000180025095e-35 5.5000000000000009 1.0000000180025095e-35 10.500000000000002 6.5000000000000009 3.5000000000000004 1.5000000000000002 25.000000000000004 1.5000000000000002 1.0000000180025095e-35 15.500000000000002 322.00000000000006 43.500000000000007 9.5000000000000018 12.500000000000002 95.000000000000014 1.5000000000000002 1.0000000180025095e-35 1.0000000180025095e-35 6.5000000000000009 1.5000000000000002 85.000000000000014 221.50000000000003 52.500000000000007 2.5000000000000004 3.5000000000000004 2.5000000000000004 1.0000000180025095e-35 9.5000000000000018 5.5000000000000009 105.00000000000001 15.500000000000002 1.0000000180025095e-35
decision_type=2 2 2 2 2 2 2 2 2 2 2 2 2 2 2 2 2 2 2 2 2 2 2 2 2 2 2 2 2 2 2 2 2 2 2 2 2 2 2 2
left_child=3 2 5 12 -5 24 11 -8 27 28 -10 -6 13 14 16 18 -1 31 19 20 -14 35 23 25 37 -7 -13 -9 -3 -17 -21 32 -15 -19 -18 -11 -20 38 -2 -23
right_child=1 9 -4 4 6 22 7 8 10 21 -12 26 15 17 -16 29 34 33 36 30 -22 39 -24 -25 -26 -27 -28 -29 -30 -31 -32 -33 -34 -35 -36 -37 -38 -39 -40 -41
leaf_value=-0.050695700173890593 -0.05777381487924256 -0.06377690623917627 -0.060709975729419031 -0.055382082868845765 0.051122234901163195 -0.046399580709696818 -0.058728932561842619 -0.033746608236678251 0.018141536040530402 -0.013578016473152118 -0.012576054548532362 -0.041722181967933099 0.00079316751159046173 0.0018023013752324886 0.05570610433291897 -0.056502644029650398 0.038482621898359506 0.018930475100945796 -0.054777732148868399 0.049375024671192647 0.016995787549533719 -0.055194215548722669 0.065436947708947382 0.051968272330940195 0.012582036943674943 0.018626488054138562 0.027176903836876567 -0.0069074126495169939 0.0066565819554194891 0.0057740654429149947 0.016876678185724078 -0.078218764378093122 -0.064180661242034642 -0.028974977779925089 -0.0067416750792129235 0.037471736794523841 0.0017899208495442559 -0.010073846790731769 -0.0031320880108335783 -0.012290473570396773
leaf_weight=3.0842726454138774 2.9004260879010029 11.936292596161366 3.0136863514780989 4.5999470744281998 6.0862412024289352 2.1114683542400581 4.5905330479145041 12.486198281869294 26.173903154209256 1.9433250799775112 17.63893105275929 1.8409171886742117 51.55408576130867 2.9906642213463766 5.3525250703096381 2.5113617293536654 2.4212922714650631 3.4023815989494324 1.7742354497313493 8.2699836529791373 80.219760620966554 1.7520508915185931 3.1177345737814903 2.1808190941810608 2.7797458562999964 2.6370969526469707 1.263635443523526 14.879238434135912 0.8611163869500168 1.5201729610562322 8.6129327528178674 2.8886339776217937 1.8871740158647297 2.4064801000058651 3.4607938677072525 2.3577219545841217 1.3876262530684469 1.0349048767238853 0.5783141218125819 0.83240629732608784
leaf_count=20 60 219 40 62 24 29 57 129 175 19 172 22 282 14 12 28 10 13 18 26 397 30 6 6 23 11 8 121 6 10 40 23 26 24 21 13 7 13 7 11
internal_value=0 -0.0230145 -0.00359566 0.00340998 -0.00656385 0.00774039 -0.00356553 -0.0078003 -0.00407207 -0.0423655 0.00572583 0.0296385 0.00828747 -0.00691061 0.015437 0.0110352 -0.0101743 -0.0303185 0.0123797 0.0134675 0.0107013 -0.00948865 0.0301086 0.0103761 -0.0227624 -0.0116746 -0.0132417 -0.0196408 -0.0588062 -0.0346508 0.0339448 -0.050239 -0.027178 -0.00136396 0.0132155 0.0150339 -0.0327397 -0.0439602 -0.050835 -0.0465246
internal_weight=0 40.0371 20.3542 273.304 89.5595 17.3405 84.9596 75.7688 71.1783 19.6829 43.8128 9.19079 183.744 27.8942 14.3189 155.85 8.96636 13.5753 151.819 148.657 131.774 6.8855 10.0471 6.92938 7.29339 4.74857 3.10455 27.3654 12.7974 4.03153 16.8829 7.76647 4.87784 5.80886 5.88209 4.30105 3.16186 4.51365 3.47874 2.58446
internal_count=2234 493 195 1741 770 155 708 654 597 298 347 54 971 163 63 808 51 100 770 745 679 73 52 46 103 40 30 250 225 38 66 63 40 37 31 32 25 80 67 41
is_linear=0
shrinkage=0.053082


Tree=15
num_leaves=48
num_cat=0
split_feature=43 0 19 14 27 4 43 43 49 24 42 39 38 9 11 46 42 22 38 28 11 7 42 7 8 3 12 42 5 19 48 5 31 7 0 8 4 23 1 42 31 42 18 0 38 11 3
split_gain=9.09824 5.74617 3.66315 3.02318 2.89378 5.72213 2.6886 4.35369 4.31397 3.21729 2.44681 3.2298 6.9606 2.62528 2.3674 3.53379 3.24653 3.01534 3.11095 4.31029 2.58356 2.3641 2.74299 2.51849 2.27126 2.23897 3.19656 2.19791 2.17606 2.24389 3.87432 1.94059 3.5708 2.20177 1.58059 3.31455 1.50752 1.35601 1.07633 0.801556 0.657884 0.532186 0.48106 0.458219 0.397163 0.323829 0.180657
threshold=5.5000000000000009 7.5000000000000009 2.5000000000000004 1.5000000000000002 6.5000000000000009 2.5000000000000004 7.5000000000000009 8.5000000000000018 7.5000000000000009 1.5000000000000002 2.5000000000000004 4.5000000000000009 35.000000000000007 1.5000000000000002 4.5000000000000009 75.000000000000014 55.000000000000007 1.0000000180025095e-35 9.5000000000000018 1.0000000180025095e-35 1.0000000180025095e-35 19.500000000000004 8.5000000000000018 15.500000000000002 1.0000000180025095e-35 53.500000000000007 1.5000000000000002 25.000000000000004 1.5000000000000002 1.0000000180025095e-35 5.5000000000000009 5.5000000000000009 3.5000000000000004 3.5000000000000004 27.500000000000004 2.5000000000000004 8.5000000000000018 2.5000000000000004 11.500000000000002 85.000000000000014 7.5000000000000009 35.000000000000007 3.5000000000000004 13.500000000000002 55.000000000000007 1.5000000000000002 119.50000000000001
decision_type=2 2 2 2 2 2 2 2 2 2 2 2 2 2 2 2 2 2 2 2 2 2 2 2 2 2 2 2 2 2 2 2 2 2 2 2 2 2 2 2 2 2 2 2 2 2 2
left_child=14 3 4 10 28 43 9 -8 24 -4 -2 12 13 -12 15 17 27 18 19 20 -1 23 -23 -13 -9 -16 42 -17 29 30 -3 33 -33 -20 36 37 -28 -36 -5 -14 -38 -29 -27 -6 -10 -19 -31
right_child=1 2 6 38 5 -7 7 8 44 -11 11 21 39 -15 25 16 -18 45 31 -21 -22 22 -24 -25 -26 26 34 41 -30 46 -32 32 -34 -35 35 -37 40 -39 -40 -41 -42 -43 -44 -45 -46 -47 -48
leaf_value=-0.0027887726772376962 0.033302541748757471 -0.047548357992302462 -0.05837129486652385 -0.059149993976326497 -0.01145921232244123 0.041989713775519202 0.039023752052276366 -0.032302920813100031 -0.057079458835536064 0.026882326598076732 -0.041986517470340649 -0.024102675892806198 0.046654125014505152 0.039608004761430476 0.056423497401041613 -0.040212171167981911 -0.058071897343320321 -0.015004742339185022 0.0048316915960725307 0.036586959951587686 -0.036396367234122776 -0.00052828197729282037 -0.057448294746072 0.018108592663850783 0.017312115907404051 -0.046060780191187541 -0.0029475256214985517 0.034480132638030944 -0.015865056018945542 0.032864802146211451 0.034798192528501602 -0.034185952355187316 0.014886737382978668 0.023846957550812769 -0.00054417248176451586 -0.043217186655488543 0.044344396418406623 0.050102854693324789 -0.0079954531022901794 0.0085619707956166389 0.015149576405614944 0 -0.0045009689699271145 -0.058256461566080865 -0.020648578551836071 -0.053816672093631342 0.059583822071244477
leaf_weight=28.953491050750017 2.1355679538100949 1.8760163523256874 4.9980240184813765 6.8473461028188449 1.2185828052461136 2.8278829082846642 5.0205087512731579 2.9735012985765961 4.29287908039987 1.2277213297784326 7.5580105017870682 23.281758757308129 5.2653627023100844 0.82998347282409657 3.8184623904526225 2.0625950582325441 4.0827622432261705 1.9292831420898431 26.992124024778605 5.897830117493867 7.8563158921897402 3.1602310333400956 10.36691666767001 4.3156492635607711 9.4395698457956296 1.7921741418540507 3.0269189029932084 2.3981581628322601 2.4935964383184901 4.718197148293255 4.3003433980047703 5.8872639797627953 11.39153168350458 49.76741262152791 2.828098949044942 2.5504122339189053 10.152662817388771 2.4116751328110695 1.7090924754738805 2.7147125899791718 3.9962262511253348 2.3093183077871799 1.5584900341928003 3.0905174370855093 2.3541130181401968 1.6209766678512094 5.1078245937824249
leaf_count=180 12 21 54 94 9 12 22 36 73 7 122 277 18 2 12 18 45 11 132 23 67 32 188 35 67 17 21 9 19 19 19 43 59 204 18 23 35 6 13 19 16 15 11 36 34 16 13
internal_value=0 -0.0110699 0.00151341 -0.0213545 0.0161389 -0.0117475 -0.0108557 -0.0024041 -0.0141913 -0.0404559 -0.016765 -0.0189511 0.000878595 -0.0317858 0.0075072 0.00466979 -0.0237622 0.00696597 0.00829148 -0.00352177 -0.0104367 -0.0268025 -0.0448244 -0.0172091 0.00442193 0.0204942 0.0146184 -4.38164e-05 0.0270351 0.0341424 0.00767786 0.0136678 -0.00224428 0.0172669 0.0212764 0.00100444 0.0300457 0.0249006 -0.0502335 0.0352934 0.0370937 0.0194787 -0.0305497 -0.0481821 -0.0469702 -0.0379693 0.0493194
internal_weight=0 124.124 55.9393 68.1846 25.633 7.13698 30.3063 24.0806 19.0601 6.22575 59.6282 57.4926 16.3681 8.38799 183.284 151.149 10.8528 140.296 136.746 42.7076 36.8098 41.1246 13.5271 27.5974 12.4131 32.1351 28.3167 6.77007 18.496 16.0024 6.17636 94.0383 17.2788 76.7595 24.966 7.79019 17.1758 5.23977 8.55644 7.98008 14.1489 4.70748 3.35066 4.3091 6.64699 3.55026 9.82602
internal_count=2234 1253 441 812 148 57 293 232 210 61 705 693 161 124 981 822 87 735 708 270 247 532 220 312 103 159 147 42 91 72 40 438 102 336 119 47 72 24 107 37 51 24 28 45 107 27 32
is_linear=0
shrinkage=0.053082


Tree=16
num_leaves=61
num_cat=0
split_feature=43 0 14 43 19 19 43 14 46 0 3 49 42 11 5 11 11 48 42 48 5 31 16 46 14 6 26 7 43 0 27 27 7 35 0 12 12 14 47 18 42 3 19 15 8 42 3 31 39 38 39 3 27 48 19 24 15 47 19 17
split_gain=8.1192 4.84763 4.42055 3.25299 2.82756 4.67937 4.07389 2.8257 2.80947 2.32052 5.02323 4.58166 2.56067 2.9649 2.91469 2.17798 3.01878 2.68511 2.69447 2.54534 2.64328 3.05308 2.49307 4.06387 3.54444 2.70393 2.41049 2.40813 2.34123 2.8548 3.56615 3.05012 2.01248 1.92006 3.01191 2.80151 2.3791 1.94043 1.79573 1.73419 2.18442 1.65435 1.53455 1.48204 1.35317 1.83883 1.20209 1.3711 1.18135 1.16014 1.37938 1.14551 0.917213 0.845719 0.816539 0.75328 0.560779 0.460616 0.356594 0.344787
threshold=5.5000000000000009 7.5000000000000009 5.5000000000000009 12.500000000000002 2.5000000000000004 7.5000000000000009 7.5000000000000009 1.5000000000000002 7.5000000000000009 1.5000000000000002 16.500000000000004 3.5000000000000004 13.500000000000002 1.0000000180025095e-35 1.0000000180025095e-35 1.5000000000000002 1.0000000180025095e-35 6.5000000000000009 10.500000000000002 2.5000000000000004 2.5000000000000004 1.0000000180025095e-35 1.5000000000000002 45.000000000000007 2.5000000000000004 1.0000000180025095e-35 1.0000000180025095e-35 3.5000000000000004 2.5000000000000004 1.5000000000000002 1.5000000000000002 4.5000000000000009 7.5000000000000009 1.0000000180025095e-35 27.500000000000004 5.5000000000000009 8.5000000000000018 1.5000000000000002 15.500000000000002 1.0000000180025095e-35 8.5000000000000018 21.500000000000004 2.5000000000000004 25.500000000000004 1.0000000180025095e-35 65.000000000000014 176.00000000000003 9.5000000000000018 8.5000000000000018 2.5000000000000004 3.5000000000000004 3.5000000000000004 6.5000000000000009 4.5000000000000009 1.5000000000000002 1.0000000180025095e-35 12.500000000000002 2.5000000000000004 16.500000000000004 1.5000000000000002
decision_type=2 2 2 2 2 2 2 2 2 2 2 2 2 2 2 2 2 2 2 2 2 2 2 2 2 2 2 2 2 2 2 2 2 2 2 2 2 2 2 2 2 2 2 2 2 2 2 2 2 2 2 2 2 2 2 2 2 2 2 2
left_child=15 7 3 4 44 52 -7 9 -5 12 39 32 41 14 -14 16 19 18 26 20 21 27 23 25 -25 -21 -18 -1 33 -30 53 43 -12 34 49 37 -36 -35 -13 48 -41 -2 54 -32 45 -3 -4 57 -11 -17 -51 -24 -6 -31 -20 -33 -10 -48 -22 -53
right_child=1 2 46 8 5 6 -8 -9 56 10 11 38 13 -15 -16 28 17 -19 42 22 58 -23 51 24 -26 -27 -28 -29 29 30 31 55 -34 35 36 -37 -38 -39 -40 40 -42 -43 -44 -45 -46 -47 47 -49 -50 50 -52 59 -54 -55 -56 -57 -58 -59 -60 -61
leaf_value=-0.032036717377827782 -0.055369197348608658 0.025643375048905421 0.0015930965441885486 0.018096890583840959 -0.063426457457177454 -0.031397590650922257 0.031159371084549574 -0.049189524873727339 -0.0097166267038653869 0.055534029563834464 0.04036003014299086 -0.046764626779361926 -0.029667995037418318 -0.052928522931770514 0.014522247974103824 0.0087120245076667668 -0.059711819492015573 -0.053514111746916802 0.00466576860742445 0.020823356689494789 -0.022515802013536611 0.043251537628998846 0.0030803052490647573 -0.049795692557463536 0.022188966165961777 -0.0012621129054739783 0.0047416835707044091 0.011519861985586128 0.044012393928134316 -0.015244930505608455 0.00225669581884501 0.0011516345212236442 -0.016315108262454213 0.00987090116943138 -0.028457611598342161 0.027391726105987231 0.031345952883464874 -0.065792752198324964 0.012012729092124894 0.033244193243627242 -0.045270324033684695 0.0039634827734464839 -0.018393141310601911 0.047296951421720877 0.046423729825987262 -0.020192000895381462 -0.010837219300770863 0.010161062749262102 0.0096521394253346292 0.057739847339068673 0.027016496840634178 0.026499654190281444 -0.0073726997651971018 -0.06600299008212962 0.042755506718997728 -0.041851836710953244 -0.056779988133825773 -0.057024309484614379 -0.061011993377230747 0.053623809937888796
leaf_weight=6.7218038216233307 8.7091244887560624 11.508245289325716 2.2602339386939985 2.5968349538743487 2.6984270922839668 3.5674550198018542 9.8838360924273712 7.9427912980318061 1.3263257555663583 4.0367648210376519 3.3555381260812309 10.647020844742654 6.5612860936671558 3.8572736680507651 9.7598804347217065 3.8798451088368955 3.1831528693437603 3.7179365307092658 3.2106064297258836 35.56118993461132 2.8313590921461573 3.2077713012695304 3.2710599824786177 5.5544797405600539 2.4007693268358707 27.136644132435322 2.6880759969353676 6.5489686578512192 3.0325860269367722 2.185356572270396 4.173030596226452 1.5979395359754551 2.7537230420857668 1.3472133316099637 3.7998383678495875 3.7239190712571144 2.7582624405622482 1.7739434540271757 1.4020118713378895 1.3875753059983256 1.5386581197381017 1.3909444324672211 2.7011973038315773 3.8533281646668911 6.6735902875661841 2.6219675149768582 1.1427726335823534 1.0045485384762285 3.0152678396552801 9.3817967548966426 10.839687939733265 5.6438260339200479 1.4320528265088794 2.2952804118394852 3.2563634924590588 2.6867066919803619 3.3576280940324068 4.9311567023396492 1.8097791261970995 4.1497411988675594
leaf_count=45 159 57 21 18 38 35 59 107 11 13 14 147 100 69 85 22 32 41 15 155 19 11 17 52 12 147 18 26 12 15 28 11 35 8 27 16 13 17 14 7 21 14 22 13 21 23 12 8 27 23 51 25 15 21 9 27 63 60 18 13
internal_value=0 -0.0105953 0.00103294 0.00794885 0.0141779 -0.00143133 0.0138533 -0.0201958 -0.0233473 -0.0158066 -0.00459831 -0.0210885 -0.0258938 -0.0141744 -0.00349979 0.00711762 0.0031025 -0.0161894 -0.00530401 0.00663857 -0.00960279 0.000649045 0.0107953 0.00669422 -0.0278004 0.0113023 -0.0319565 -0.010781 0.0156292 0.000711626 -0.00811107 0.00683952 0.0152502 0.023339 0.0289303 -0.00170871 -0.00254659 -0.0359156 -0.0395414 0.0247594 -0.00806423 -0.0472172 0.0123757 0.0257293 0.0271701 0.0165704 -0.0311716 -0.0412784 0.0382574 0.0374477 0.0424942 0.0316831 -0.047516 -0.0459359 0.0259459 -0.0270449 -0.0462164 -0.0502311 -0.042693 0.040381
internal_weight=0 121.363 55.0051 45.6664 38.3856 17.5818 13.4513 66.3579 7.28079 58.4151 28.1366 18.1583 30.2785 20.1784 16.3212 180.923 123.595 18.7573 15.0394 104.837 21.1197 16.4785 83.7177 70.6531 7.95525 62.6978 5.87123 13.2708 57.3287 19.8242 16.7916 12.311 6.10926 37.5045 30.6594 6.84508 6.5581 3.12116 12.049 9.97827 2.92623 10.1001 9.16817 8.02636 20.8038 14.1302 9.33871 7.07848 7.05203 24.1013 20.2215 13.0646 4.13048 4.48064 6.46697 4.28465 4.68395 6.07393 4.64114 9.79357
internal_count=2234 1253 441 340 248 147 94 812 92 705 278 210 427 254 185 981 677 137 96 540 119 82 421 366 64 302 50 71 304 127 115 79 49 177 136 41 40 25 161 68 28 173 46 41 101 80 101 80 40 96 74 55 53 36 24 38 74 72 37 38
is_linear=0
shrinkage=0.053082


end of trees

feature_importances:
ninki_1=70
ninki_2=62
mf_courseout=54
result_2=50
result_1=47
result_3=45
f_courseout=41
umaban=41
ninki_3=35
mf_course2=33
mf_classout=32
waku=31
f_course1=27
mf_course1=27
f_lenout=25
f_mf_courseout=24
f_classout=24
f_len1=23
f_course3=22
mf_classout.1=20
f_course2=17
f_len3=15
mf_len3=13
mf_course3=10
mf_class1=10
f_mf_course1=9
f_len2=9
mf_len1=9
mf_len2=8
f_mf_classout=8
f_class1=6
f_class3=6
mf_class3=5
f_mf_len1=4
f_mf_course2=3
f_mf_classout.1=3
f_mf_course3=2
f_class2=2
f_mf_len2=1
f_mf_len3=1

parameters:
[boosting: gbdt]
[objective: lambdarank]
[metric: ndcg]
[tree_learner: serial]
[device_type: cpu]
[data_sample_strategy: bagging]
[data: ]
[valid: ]
[num_iterations: 176]
[learning_rate: 0.053082]
[num_leaves: 61]
[num_threads: 16]
[seed: 0]
[deterministic: 0]
[force_col_wise: 1]
[force_row_wise: 0]
[histogram_pool_size: -1]
[max_depth: 7]
[min_data_in_leaf: 12]
[min_sum_hessian_in_leaf: 0.001]
[bagging_fraction: 1]
[pos_bagging_fraction: 1]
[neg_bagging_fraction: 1]
[bagging_freq: 0]
[bagging_seed: 7719]
[feature_fraction: 1]
[feature_fraction_bynode: 1]
[feature_fraction_seed: 2437]
[extra_trees: 0]
[extra_seed: 11797]
[early_stopping_round: 0]
[first_metric_only: 0]
[max_delta_step: 0]
[lambda_l1: 0.0387263]
[lambda_l2: 0.536801]
[linear_lambda: 0]
[min_gain_to_split: 0]
[drop_rate: 0.1]
[max_drop: 50]
[skip_drop: 0.5]
[xgboost_dart_mode: 0]
[uniform_drop: 0]
[drop_seed: 21238]
[top_rate: 0.2]
[other_rate: 0.1]
[min_data_per_group: 100]
[max_cat_threshold: 32]
[cat_l2: 10]
[cat_smooth: 10]
[max_cat_to_onehot: 4]
[top_k: 20]
[monotone_constraints: ]
[monotone_constraints_method: basic]
[monotone_penalty: 0]
[feature_contri: ]
[forcedsplits_filename: ]
[refit_decay_rate: 0.9]
[cegb_tradeoff: 1]
[cegb_penalty_split: 0]
[cegb_penalty_feature_lazy: ]
[cegb_penalty_feature_coupled: ]
[path_smooth: 0]
[interaction_constraints: ]
[verbosity: -1]
[saved_feature_importance_type: 0]
[use_quantized_grad: 0]
[num_grad_quant_bins: 4]
[quant_train_renew_leaf: 0]
[stochastic_rounding: 1]
[linear_tree: 0]
[max_bin: 255]
[max_bin_by_feature: ]
[min_data_in_bin: 3]
[bin_construct_sample_cnt: 200000]
[data_random_seed: 38]
[is_enable_sparse: 1]
[enable_bundle: 1]
[use_missing: 1]
[zero_as_missing: 0]
[feature_pre_filter: 1]
[pre_partition: 0]
[two_round: 0]
[header: 0]
[label_column: ]
[weight_column: ]
[group_column: ]
[ignore_column: ]
[categorical_feature: ]
[forcedbins_filename: ]
[precise_float_parser: 0]
[parser_config_file: ]
[objective_seed: 8855]
[num_class: 1]
[is_unbalance: 0]
[scale_pos_weight: 1]
[sigmoid: 1]
[boost_from_average: 1]
[reg_sqrt: 0]
[alpha: 0.9]
[fair_c: 1]
[poisson_max_delta_step: 0.7]
[tweedie_variance_power: 1.5]
[lambdarank_truncation_level: 30]
[lambdarank_norm: 1]
[label_gain: ]
[lambdarank_position_bias_regularization: 0]
[eval_at: 1,3,5]
[multi_error_top_k: 1]
[auc_mu_weights: ]
[num_machines: 1]
[local_listen_port: 12400]
[time_out: 120]
[machine_list_filename: ]
[machines: ]
[gpu_platform_id: -1]
[gpu_device_id: -1]
[gpu_use_dp: 0]
[num_gpu: 1]

end of parameters

pandas_categorical:[]
