tree
version=v4
num_class=1
num_tree_per_iteration=1
label_index=0
max_feature_idx=65
objective=regression
feature_names=f_course1 f_course2 f_course3 f_courseout mf_course1 mf_course2 mf_course3 mf_courseout f_mf_course1 f_mf_course2 f_mf_course3 f_mf_courseout f_len1 f_len2 f_len3 f_lenout mf_len1 mf_len2 mf_len3 mf_classout f_mf_len1 f_mf_len2 f_mf_len3 f_mf_classout f_class1 f_class2 f_class3 f_classout mf_class1 mf_class2 mf_class3 mf_classout.1 f_mf_class1 f_mf_class2 f_mf_class3 f_mf_classout.1 time_df_course1 time_df_class1 ninki_1 result_1 agari_1 margin_1 corner_ratio_1 time_df_course2 time_df_class2 ninki_2 result_2 agari_2 margin_2 corner_ratio_2 time_df_course3 time_df_class3 ninki_3 result_3 agari_3 margin_3 corner_ratio_3 rank_trend weight_change dist_change jockey_win_rate jockey_place_rate waku umaban current_odds current_popularity
feature_infos=[0:14] [0:9] [0:10] [0:68] [0:15] [0:10] [0:13] [0:79] [0:2] [0:3] [0:2] [0:7] [0:9] [0:4] [0:4] [0:27] [0:4] [0:5] [0:5] [0:23] [0:2] [0:3] [0:2] [0:4] [0:5] [0:3] [0:3] [0:21] [0:4] [0:3] [0:4] [0:13] none none [0:2] [0:3] none none [-1:180] [-1:120] [-1:55] [-1:16] [-1:1] none none [-1:180] [-1:180] [-1:49.799999999999997] [-1:12.300000000000001] [-1:1] [-1:0] [-1:0] [-1:180] [-1:170] [-1:47] [-1:10.1] [-1:1] [-50:80] [-33:48] [-2390:200] [-1:1] [-1:1] [1:8] [1:12] [-1:450.30000000000001] [-1:12]
tree_sizes=2480 2572 2375 2333 2491

Tree=0
num_leaves=27
num_cat=0
split_feature=58 47 48 41 59 45 61 64 60 64 64 54 14 45 60 64 64 46 48 57 49 64 47 14 47 42
split_gain=126.313 97.0717 214.845 650.645 149.973 87.154 106.892 52.3787 55.4728 49.9423 72.4156 28.552 26.9733 24.969 21.0804 32.2684 18.4175 17.9385 11.5345 11.5877 22.6543 6.92484 6.09894 2.67438 4.97776 0.0902299
threshold=-18.499999999999996 37.95000000000001 1.5500000000000003 1.4500000000000002 1.0000000180025095e-35 125.00000000000001 0.39339826839826841 8.1500000000000004 0.25543478260869573 16.550000000000004 12.350000000000003 36.650000000000013 1.0000000180025095e-35 5.5000000000000009 0.11237373737373736 5.3500000000000005 5.7500000000000009 6.5000000000000009 2.8500000000000001 1.0000000180025095e-35 0.27922077922077926 5.1500000000000012 35.45000000000001 1.5000000000000002 36.150000000000013 0.42261904761904762
decision_type=2 2 2 2 2 2 2 2 2 2 2 2 2 2 2 2 2 2 2 2 2 2 2 2 2 2
left_child=-1 5 3 16 9 7 11 12 23 10 18 -7 13 25 15 17 -3 -15 19 -4 -21 -16 -14 -9 -25 -2
right_child=1 2 4 -5 -6 6 -8 8 -10 -11 -12 -13 22 14 21 -17 -18 -19 -20 20 -22 -23 -24 24 -26 -27
leaf_value=0.7228071560492858 0.68611933315797347 0.70117512216801336 0.6885554394524136 0.77299501990179198 0.71811678422092451 0.7039806421320014 0.72223886939656912 0.68487634996078395 0.70560489124092995 0.68503151225026726 0.71314151195689957 0.68577809900458375 0.6919633809814375 0.70183214090517221 0.69495303901488326 0.71073201595298241 0.68599969708065534 0.68964876448914258 0.68568057536232874 0.70725183332252384 0.69103419363991969 0.6863515140959382 0.68529956113215496 0.69261090387022606 0.68599969708065534 0.69133433467341543
leaf_weight=13.999999999999998 20 13.999999999999998 23 14.999999999999998 22 13.999999999999998 18 356 13.999999999999998 115 19 27 13.999999999999998 23 23 24 22 24 30 14.999999999999998 17 17 53 13.999999999999998 22 13.999999999999998
leaf_count=14 20 14 23 15 22 14 18 356 14 115 19 27 14 23 23 24 22 24 30 15 17 17 53 14 22 14
internal_value=0.691963 0.691517 0.696472 0.715773 0.692277 0.689341 0.701229 0.688164 0.685984 0.689799 0.694819 0.691963 0.692216 0.694841 0.697329 0.700727 0.691963 0.695054 0.691028 0.693469 0.697821 0.691952 0.686925 0.685215 0.689298 0.687494
internal_weight=0 969 292 51 241 677 59 618 406 219 104 41 212 145 111 71 36 47 85 55 32 40 67 392 36 34
internal_count=983 969 292 51 241 677 59 618 406 219 104 41 212 145 111 71 36 47 85 55 32 40 67 392 36 34
is_linear=0
shrinkage=1


Tree=1
num_leaves=27
num_cat=0
split_feature=58 47 48 41 59 45 61 64 60 64 64 54 14 49 65 56 64 40 49 48 57 49 47 46 14 63
split_gain=123.713 95.0455 210.445 637.263 146.901 85.3763 104.693 51.2596 54.3615 48.875 70.959 27.9647 26.3772 24.7402 25.7489 22.6114 18.0386 15.3745 15.586 11.2775 11.335 22.2177 5.98847 5.29305 2.60589 4.95589
threshold=-18.499999999999996 37.95000000000001 1.5500000000000003 1.4500000000000002 1.0000000180025095e-35 125.00000000000001 0.39339826839826841 8.1500000000000004 0.25543478260869573 16.550000000000004 12.350000000000003 36.650000000000013 1.0000000180025095e-35 0.63068181818181823 2.5000000000000004 0.074175824175824162 5.7500000000000009 36.45000000000001 0.32291666666666669 2.8500000000000001 1.0000000180025095e-35 0.27922077922077926 35.45000000000001 3.5000000000000004 1.5000000000000002 5.5000000000000009
decision_type=2 2 2 2 2 2 2 2 2 2 2 2 2 2 2 2 2 2 2 2 2 2 2 2 2 2
left_child=-1 5 3 16 9 7 11 12 24 10 19 -7 13 15 -15 -2 -3 18 -17 20 -4 -22 -14 -19 -9 -26
right_child=1 2 4 -5 -6 6 -8 8 -10 -11 -12 -13 22 14 -16 17 -18 23 -20 -21 21 -23 -24 -25 25 -27
leaf_value=0.030524968447356179 0.011943217615086849 0.0091165270819663323 -0.0033726994097478757 0.080194016163178894 0.025882956627872454 0.01189304863580431 0.029962471223545291 -0.0070136911724372015 0.013500509886316363 -0.0068601423913123285 0.020959159625706048 -0.0061213118923249231 0 0 0.019641177200334144 0.011725710069288115 -0.0059020147700464803 0 -0.0016173056059613448 -0.0062178228528474346 0.015130415400137941 -0.00091958101019847872 -0.0065948792032682786 -0.0065297522750712425 0.00067987806091530933 -0.0059268748606627914
leaf_weight=13.999999999999998 15.999999999999998 13.999999999999998 23 14.999999999999998 22 13.999999999999998 18 356 13.999999999999998 115 19 27 13.999999999999998 14.000000000000002 17 15.999999999999998 22 24 15.999999999999998 30 14.999999999999998 17 53 42 13.999999999999998 22
leaf_count=14 16 14 23 15 22 14 18 356 14 115 19 27 14 14 17 16 22 24 16 30 15 17 53 42 14 22
internal_value=0 -0.000441354 0.00446079 0.0235634 0.000308046 -0.00259454 0.0091697 -0.00376034 -0.00591718 -0.00214317 0.00282074 0 0.000246594 0.00284457 0.0110789 0.000373917 0 -0.00124903 0.00423741 -0.000928547 0.00148064 0.00578844 -0.00498364 -0.00430699 -0.00667817 -0.00262997
internal_weight=0 969 292 51 241 677 59 618 406 219 104 41 212 145 31 114 36 98 32 85 55 32 67 66 392 36
internal_count=983 969 292 51 241 677 59 618 406 219 104 41 212 145 31 114 36 98 32 85 55 32 67 66 392 36
is_linear=0
shrinkage=0.0103489


Tree=2
num_leaves=25
num_cat=0
split_feature=58 47 65 57 45 61 64 53 65 53 64 63 45 54 49 49 40 65 61 57 48 54 38 49
split_gain=121.163 93.0399 208.226 736.382 83.6234 102.539 73.5277 78.2858 174.452 50.7033 42.2994 32.7923 28.286 27.3895 24.1491 95.8275 23.23 19.1385 17.0401 16.3154 14.3733 9.28787 11.9747 8.40884
threshold=-18.499999999999996 37.95000000000001 10.500000000000002 1.0000000180025095e-35 125.00000000000001 0.39339826839826841 22.550000000000004 11.500000000000002 5.5000000000000009 1.5000000000000002 13.350000000000003 7.5000000000000009 25.000000000000004 36.650000000000013 0.63068181818181823 0.69375000000000009 36.550000000000004 1.5000000000000002 0.20871143375680576 1.7500000000000002 0.75000000000000011 37.150000000000013 16.500000000000004 0.12916666666666668
decision_type=2 2 2 2 2 2 2 2 2 2 2 2 2 2 2 2 2 2 2 2 2 2 2 2
left_child=-1 4 6 -4 9 13 7 16 11 12 14 -9 -2 -6 17 -16 18 20 -3 -17 -11 -19 -23 -18
right_child=1 2 3 -5 5 -7 -8 8 -10 10 -12 -13 -14 -15 15 19 23 21 -20 -21 -22 22 -24 -25
leaf_value=0.030209460985256245 0 0 0.086863533721179317 -0.0059934637200989701 0.011770120738187102 0.029652690340370491 -0.0068402086267565039 -0.0055916726552633902 0.038445204313922107 0.0081123016242824284 -0.0069528027600289262 0.01248954546124313 0.020000265925380727 -0.0060580038733897001 0.026148021758373247 -0.0053827237432992579 0.0014522955218484635 -0.0068409181570194448 0.013384817053924272 0.006923734598314869 -0.0035146708067842185 -0.0049500293306123742 0.0056474592860288452 -0.0059773341982856934
leaf_weight=13.999999999999998 14.000000000000002 14.999999999999998 13.999999999999998 25 13.999999999999998 18 85 25 21 24 321 18 13.999999999999998 27 15.999999999999998 46 15.999999999999998 103 18 13.999999999999998 18 31 17 55
leaf_count=14 14 15 14 25 14 18 85 25 21 24 321 18 14 27 16 46 16 103 18 14 18 31 17 55
internal_value=0 -0.000436029 0.00441377 0.0266911 -0.00256664 0.00907492 0.000874417 0.00493412 0.0139518 -0.00372073 -0.00439724 0.00136922 0.00959175 0 -0.00124988 0.00352782 -0.000364344 -0.00326735 0.00651834 -0.00207285 0.00250543 -0.00504687 -0.000649613 -0.00393363
internal_weight=0 969 292 39 677 59 253 168 64 618 590 43 28 41 269 76 104 193 33 60 42 151 48 71
internal_count=983 969 292 39 677 59 253 168 64 618 590 43 28 41 269 76 104 193 33 60 42 151 48 71
is_linear=0
shrinkage=0.0103489


Tree=3
num_leaves=25
num_cat=0
split_feature=58 47 48 41 59 45 61 53 64 64 64 45 54 62 39 64 64 49 3 58 48 57 49 40
split_gain=118.668 91.0871 206.187 621.939 144.071 81.9124 100.43 49.6492 48.1166 69.0002 41.4225 27.7256 26.8261 23.6818 25.061 17.4963 13.7179 15.6118 23.5025 11.2648 10.9454 11.0042 21.6663 10.9166
threshold=-18.499999999999996 37.95000000000001 1.5500000000000003 1.4500000000000002 1.0000000180025095e-35 125.00000000000001 0.39339826839826841 1.5000000000000002 16.550000000000004 12.350000000000003 13.350000000000003 25.000000000000004 36.650000000000013 1.5000000000000002 14.500000000000002 5.7500000000000009 4.0500000000000007 0.65476190476190488 4.5000000000000009 -1.0000000180025095e-35 2.8500000000000001 1.0000000180025095e-35 0.27922077922077926 36.550000000000004
decision_type=2 2 2 2 2 2 2 2 2 2 2 2 2 2 2 2 2 2 2 2 2 2 2 2
left_child=-1 5 3 15 8 7 12 11 9 20 13 -2 -7 -9 16 -3 19 -18 -19 -15 21 -4 -23 -21
right_child=1 2 4 -5 -6 6 -8 10 -10 -11 -12 -13 -14 14 -16 -17 17 18 -20 23 -22 22 -24 -25
leaf_value=0.029897210303968715 0 0.0089744770825885088 -0.0033512332938477689 0.079220242046896927 0.025586211765208228 0.011648463639892951 0.029346111632172094 0.009351346033197842 -0.0068504744213053132 0.020640923213241097 -0.0068808529230677323 0.019793540962407794 -0.0059953499062187785 -0.005163711300050707 0.0080104766704368856 -0.0058165267462544504 -0.0068276960256543218 0.0090660817482014645 -0.0060554490124957328 0.010368797628536808 -0.0061517930639301329 0.014907438398345072 -0.00093339703710004632 0
leaf_weight=13.999999999999998 14.000000000000002 13.999999999999998 23 14.999999999999998 22 13.999999999999998 18 20 115 19 321 13.999999999999998 27 21 22 22 120 19 26 17 30 14.999999999999998 17 24
leaf_count=14 14 14 23 15 22 14 18 20 115 19 321 14 27 21 22 22 120 19 26 17 30 15 17 24
internal_value=0 -0.00043104 0.00436726 0.0232747 0.000255846 -0.00253943 0.00898111 -0.00368197 -0.00217078 0.00275191 -0.00435173 0.00948832 0 -0.00123592 -0.00219226 0 -0.0032972 -0.0048757 0 0.000480767 -0.000941574 0.00142448 0.00567651 0.00401252
internal_weight=0 969 292 51 241 677 59 618 219 104 590 28 41 269 249 36 227 165 45 62 85 55 32 41
internal_count=983 969 292 51 241 677 59 618 219 104 590 28 41 269 249 36 227 165 45 62 85 55 32 41
is_linear=0
shrinkage=0.0103489


Tree=4
num_leaves=26
num_cat=0
split_feature=58 47 47 59 64 52 64 28 53 54 49 46 54 64 52 65 64 1 14 56 40 57 41 61 55
split_gain=116.222 90.2611 353.668 146.117 77.1626 115.223 220.593 61.4764 51.2011 26.6593 41.1399 86.8616 72.6414 23.1169 27.2814 21.0451 12.4734 16.9858 19.0426 9.92641 6.76772 5.80694 2.60463 0.859518 0.402539
threshold=-18.499999999999996 38.350000000000001 38.45000000000001 1.0000000180025095e-35 26.650000000000002 115.00000000000001 12.750000000000002 1.0000000180025095e-35 1.5000000000000002 36.750000000000007 0.63068181818181823 9.5000000000000018 37.550000000000004 16.550000000000004 15.500000000000002 1.5000000000000002 8.1500000000000004 1.0000000180025095e-35 1.0000000180025095e-35 0.2752525252525253 38.650000000000013 2.7500000000000004 1.1500000000000001 0.27386363636363642 2.0500000000000003
decision_type=2 2 2 2 2 2 2 2 2 2 2 2 2 2 2 2 2 2 2 2 2 2 2 2 2
left_child=-1 4 -3 7 5 8 -7 13 -2 15 16 12 -12 14 19 -10 17 22 -19 20 -4 24 -11 -13 -17
right_child=1 2 3 -5 -6 6 -8 -9 9 10 11 23 -14 -15 -16 21 -18 18 -20 -21 -22 -23 -24 -25 -26
leaf_value=0.029588190352063466 0.013916082663939344 0.042764912270967938 -0.0024144626334458917 0.033087439041625075 -0.0068564967967994174 -0.00014818837718384907 0.050128690257712931 0.019190874966842391 0.0041606116828789017 0 0.03530276768755973 0 0.002170799101678075 -0.0067632188686927441 0.010581223255369419 -0.006818711879104853 -0.0065228718830136149 0.013616605380999718 -5.7827114582593814e-05 -0.0060721153857556543 0.0070498438508133339 0 -0.0063436827875868905 -0.0058172709811504606 -0.0015428324994537712
leaf_weight=13.999999999999998 22 24 14.000000000000002 13.999999999999998 254 25 13.999999999999998 13.999999999999998 22 19 15.999999999999998 13.999999999999998 15.999999999999998 94 22 157 54 15.999999999999998 23 40 13.999999999999998 19 29 18 14.999999999999998
leaf_count=14 22 24 14 14 254 25 14 14 22 19 16 14 16 94 22 157 54 16 23 40 14 19 29 18 15
internal_value=0 -0.000425953 0.00510657 0.000716449 -0.0022431 0.000148629 0.0172417 -0.0014426 -0.00130742 -0.00217198 0.000374836 0.00736498 0.0195665 -0.00315679 0.000319016 -0.00474614 -0.00261244 0 0.00488325 -0.00261719 0.00138259 -0.0059097 -0.00430224 -0.00402097 -0.00651135
internal_weight=0 969 236 212 733 479 39 198 440 418 205 64 32 184 90 213 141 87 39 68 28 191 48 32 172
internal_count=983 969 236 212 733 479 39 198 440 418 205 64 32 184 90 213 141 87 39 68 28 191 48 32 172
is_linear=0
shrinkage=0.0103489


end of trees

feature_importances:
current_odds=21
corner_ratio_2=10
agari_2=9
ninki_2=7
margin_2=7
agari_3=7
rank_trend=6
weight_change=6
jockey_place_rate=6
f_len3=5
current_popularity=5
agari_1=4
margin_1=4
result_3=4
dist_change=4
result_2=3
jockey_win_rate=3
ninki_3=2
corner_ratio_3=2
umaban=2
f_course2=1
f_courseout=1
mf_class1=1
ninki_1=1
result_1=1
corner_ratio_1=1
margin_3=1
waku=1

parameters:
[boosting: gbdt]
[objective: regression]
[metric: l2]
[tree_learner: serial]
[device_type: cpu]
[data_sample_strategy: bagging]
[data: ]
[valid: ]
[num_iterations: 342]
[learning_rate: 0.0103489]
[num_leaves: 64]
[num_threads: 0]
[seed: 0]
[deterministic: 0]
[force_col_wise: 1]
[force_row_wise: 0]
[histogram_pool_size: -1]
[max_depth: 10]
[min_data_in_leaf: 14]
[min_sum_hessian_in_leaf: 0.001]
[bagging_fraction: 1]
[pos_bagging_fraction: 1]
[neg_bagging_fraction: 1]
[bagging_freq: 0]
[bagging_seed: 3]
[feature_fraction: 1]
[feature_fraction_bynode: 1]
[feature_fraction_seed: 2]
[extra_trees: 0]
[extra_seed: 6]
[early_stopping_round: 0]
[first_metric_only: 0]
[max_delta_step: 0]
[lambda_l1: 2.53546]
[lambda_l2: 0.0173461]
[linear_lambda: 0]
[min_gain_to_split: 0]
[drop_rate: 0.1]
[max_drop: 50]
[skip_drop: 0.5]
[xgboost_dart_mode: 0]
[uniform_drop: 0]
[drop_seed: 4]
[top_rate: 0.2]
[other_rate: 0.1]
[min_data_per_group: 100]
[max_cat_threshold: 32]
[cat_l2: 10]
[cat_smooth: 10]
[max_cat_to_onehot: 4]
[top_k: 20]
[monotone_constraints: ]
[monotone_constraints_method: basic]
[monotone_penalty: 0]
[feature_contri: ]
[forcedsplits_filename: ]
[refit_decay_rate: 0.9]
[cegb_tradeoff: 1]
[cegb_penalty_split: 0]
[cegb_penalty_feature_lazy: ]
[cegb_penalty_feature_coupled: ]
[path_smooth: 0]
[interaction_constraints: ]
[verbosity: -1]
[saved_feature_importance_type: 0]
[use_quantized_grad: 0]
[num_grad_quant_bins: 4]
[quant_train_renew_leaf: 0]
[stochastic_rounding: 1]
[linear_tree: 0]
[max_bin: 255]
[max_bin_by_feature: ]
[min_data_in_bin: 3]
[bin_construct_sample_cnt: 200000]
[data_random_seed: 1]
[is_enable_sparse: 1]
[enable_bundle: 1]
[use_missing: 1]
[zero_as_missing: 0]
[feature_pre_filter: 1]
[pre_partition: 0]
[two_round: 0]
[header: 0]
[label_column: ]
[weight_column: ]
[group_column: ]
[ignore_column: ]
[categorical_feature: ]
[forcedbins_filename: ]
[precise_float_parser: 0]
[parser_config_file: ]
[objective_seed: 5]
[num_class: 1]
[is_unbalance: 0]
[scale_pos_weight: 1]
[sigmoid: 1]
[boost_from_average: 1]
[reg_sqrt: 0]
[alpha: 0.9]
[fair_c: 1]
[poisson_max_delta_step: 0.7]
[tweedie_variance_power: 1.5]
[lambdarank_truncation_level: 30]
[lambdarank_norm: 1]
[label_gain: ]
[lambdarank_position_bias_regularization: 0]
[eval_at: ]
[multi_error_top_k: 1]
[auc_mu_weights: ]
[num_machines: 1]
[local_listen_port: 12400]
[time_out: 120]
[machine_list_filename: ]
[machines: ]
[gpu_platform_id: -1]
[gpu_device_id: -1]
[gpu_use_dp: 0]
[num_gpu: 1]

end of parameters

pandas_categorical:[]
