tree
version=v4
num_class=1
num_tree_per_iteration=1
label_index=0
max_feature_idx=50
objective=lambdarank
feature_names=f_course1 f_course2 f_course3 f_courseout mf_course1 mf_course2 mf_course3 mf_courseout f_mf_course1 f_mf_course2 f_mf_course3 f_mf_courseout f_len1 f_len2 f_len3 f_lenout mf_len1 mf_len2 mf_len3 mf_classout f_mf_len1 f_mf_len2 f_mf_len3 f_mf_classout f_class1 f_class2 f_class3 f_classout mf_class1 mf_class2 mf_class3 mf_classout.1 f_mf_class1 f_mf_class2 f_mf_class3 f_mf_classout.1 time_df_course1 time_df_class1 ninki_1 result_1 time_df_course2 time_df_class2 ninki_2 result_2 time_df_course3 time_df_class3 ninki_3 result_3 waku umaban self_popularity
feature_infos=[0:15] [0:12] [0:11] [0:81] [0:17] [0:12] [0:17] [0:89] [0:3] [0:3] [0:2] [0:7] [0:9] [0:5] [0:5] [0:27] [0:4] [0:5] [0:5] [0:23] none none none [0:4] [0:5] [0:3] [0:3] [0:21] [0:4] [0:3] [0:4] [0:13] none none none [0:3] none none [-1:180] [-1:120] none none [-1:180] [-1:140] [-1:0] [-1:0] [-1:180] [-1:120] [1:8] [1:12] [-1:12]
tree_sizes=1164 1678 1988 1482 1560 1794 1629 1392 1347 2198 1726 1744 1804

Tree=0
num_leaves=11
num_cat=0
split_feature=50 3 42 42 38 19 42 47 38 42
split_gain=10.4351 10.8315 7.50719 7.47718 2.87519 1.97096 1.89857 2.27873 0.981194 0.0253711
threshold=7.5000000000000009 12.500000000000002 6.5000000000000009 5.5000000000000009 2.5000000000000004 9.5000000000000018 95.000000000000014 7.5000000000000009 5.5000000000000009 95.000000000000014
decision_type=2 2 2 2 2 2 2 2 2 2
left_child=3 2 -2 -1 -5 6 7 -6 -3 -10
right_child=1 8 -4 4 5 -7 -8 -9 9 -11
leaf_value=-0.12491304687020062 0 0.08283763598802367 -0.21899615774531833 0 0.15672378963825123 0 0 0.012564611815172847 -0.014762899597696829 0
leaf_weight=6.1028386317193499 2.4032999686896828 5.7483080066740495 19.442304356023669 3.3993246201425782 26.675717525184155 6.9375542569905511 5.4259507041424504 16.405236763879657 4.2443255502730608 3.6143548525869846
leaf_count=94 14 32 255 46 184 73 56 148 54 23
internal_value=0 -0.084383 -0.172869 0.0461373 0.0739052 0.0879716 0.101808 0.115397 0.0158996 0
internal_weight=0 35.4526 21.8456 64.9466 58.8438 55.4445 48.5069 43.081 13.607 7.85868
internal_count=979 378 269 601 507 461 388 332 109 77
is_linear=0
shrinkage=0.193785


Tree=1
num_leaves=16
num_cat=0
split_feature=24 3 2 31 47 7 19 1 46 50 2 39 3 46 50
split_gain=11.2357 20.0274 9.2707 7.79595 6.60749 8.24501 10.2389 7.18925 7.08445 4.52758 4.40263 3.28194 2.68356 1.67486 0.753463
threshold=1.0000000180025095e-35 11.500000000000002 2.5000000000000004 2.5000000000000004 1.5000000000000002 7.5000000000000009 1.0000000180025095e-35 1.5000000000000002 4.5000000000000009 5.5000000000000009 1.5000000000000002 4.5000000000000009 1.0000000180025095e-35 45.000000000000007 2.5000000000000004
decision_type=2 2 2 2 2 2 2 2 2 2 2 2 2 2 2
left_child=1 4 10 9 -1 6 7 -6 -7 14 11 -2 -10 -8 -3
right_child=2 3 -4 -5 5 8 13 -9 12 -11 -12 -13 -14 -15 -16
leaf_value=0.081003306093536093 0 0.068521679115944215 -0.24005312607562937 0 -0.087688186459756692 0 0.0096728058556459461 0.10540697166330656 0 0.18609424890119713 0.080378572387595382 -0.1834366576053833 -0.18887433380829818 0.17834158451330867 0
leaf_weight=15.547340027987955 6.8150626588612795 12.431189224123957 12.197849160060285 17.548111471347511 46.489409838337451 6.8116728253662577 15.071200832724573 5.9750428600236765 7.8476204378530374 33.400472002103925 8.2664089538156986 6.8372240103781223 25.231703977100551 8.9812391921877843 11.784387085586784
leaf_count=47 19 30 55 57 242 27 66 17 42 82 26 45 145 32 47
internal_value=0 0.016991 -0.102831 0.0983983 -0.0250564 -0.0442521 0 -0.0545104 -0.115929 0.133021 0 -0.0897932 -0.15559 0.0971537 0.0354954
internal_weight=0 207.119 34.1165 75.1642 131.955 116.408 76.5169 52.4645 39.891 57.616 21.9187 13.6523 33.0793 24.0524 24.2156
internal_count=979 834 145 216 618 571 357 259 214 159 90 64 187 98 77
is_linear=0
shrinkage=0.193785


Tree=2
num_leaves=19
num_cat=0
split_feature=15 38 6 39 15 43 5 19 48 49 46 50 46 3 47 43 43 6
split_gain=4.80572 5.82963 6.46413 3.19092 5.25919 4.03691 2.6826 4.74097 3.96395 1.68977 2.68662 1.65038 3.50381 1.01017 0.845787 1.87022 0.957938 0.762167
threshold=4.5000000000000009 9.5000000000000018 2.5000000000000004 8.5000000000000018 9.5000000000000018 13.500000000000002 1.0000000180025095e-35 1.5000000000000002 2.5000000000000004 9.5000000000000018 65.000000000000014 3.5000000000000004 105.00000000000001 23.500000000000004 11.500000000000002 4.5000000000000009 10.500000000000002 1.0000000180025095e-35
decision_type=2 2 2 2 2 2 2 2 2 2 2 2 2 2 2 2 2 2
left_child=1 2 14 4 13 -5 7 9 -8 10 -3 -10 -13 -2 15 -1 -16 -6
right_child=3 6 -4 5 17 -7 8 -9 11 -11 -12 12 -14 -15 16 -17 -18 -19
leaf_value=0 0.16628212501473577 0.070365314584743655 0 -0.13477312499818661 0 0.055617834625902141 -0.17932318781598761 0.13669411373791809 0.051324153848619075 -0.073420566314534724 -0.023940620865955543 -0.10607892157920652 0.016801310426771448 0.016034615869976111 0 -0.20447484888872769 -0.088294137641278386 -0.077203239480774483
leaf_weight=4.3093376830220285 17.216794677078727 22.180784933269024 10.7412778660655 6.8691607601940614 4.8725810647010785 7.7980428226292133 5.7262765336781731 12.685179516673086 11.880275066941975 8.6938825100660306 10.936032220721243 14.078581747598948 7.2041773591190568 12.946421656757591 4.0949684493243677 14.61717576254159 4.4871485978364944 4.6747337076812983
leaf_count=32 50 95 53 53 25 22 43 37 53 48 77 100 31 35 21 123 44 37
internal_value=0 -0.0200195 -0.0841449 0.048396 0.0788187 0 0.0001466 0.0335182 -0.0317672 0 0.0218727 0 -0.0376482 0.121205 -0.136441 -0.169316 0 0
internal_weight=0 131.635 38.2499 54.3777 39.7105 14.6672 93.3852 54.4959 38.8893 41.8107 33.1168 33.163 21.2828 30.1632 27.5086 18.9265 8.58212 9.54731
internal_count=979 757 273 222 147 75 484 257 227 220 172 184 131 85 220 155 65 62
is_linear=0
shrinkage=0.193785


Tree=3
num_leaves=14
num_cat=0
split_feature=6 42 3 43 26 50 7 49 3 50 3 47 50
split_gain=3.67605 4.98145 3.02388 2.93896 5.43548 2.49472 3.42018 2.8439 2.20703 4.76278 4.38721 1.30035 1.04393
threshold=5.5000000000000009 55.000000000000007 46.500000000000007 5.5000000000000009 1.0000000180025095e-35 6.5000000000000009 2.5000000000000004 7.5000000000000009 14.500000000000002 8.5000000000000018 19.500000000000004 4.5000000000000009 2.5000000000000004
decision_type=2 2 2 2 2 2 2 2 2 2 2 2 2
left_child=2 -2 3 5 8 6 12 -7 9 -5 -10 -8 -1
right_child=1 -3 -4 4 -6 7 11 -9 10 -11 -12 -13 -14
leaf_value=0.079708379403169577 0 0.16747427949651603 0.099046001554767935 0 -0.1989816257387052 0 -0.12455997416051549 0.15539990234575696 0.10258198517929853 -0.14245288910834472 -0.043588881505550243 0 0
leaf_weight=9.3866830021142977 8.755428649485113 10.890278233215211 7.2392753586173049 45.794835097156465 8.3448196891695243 6.6747205685824147 9.9792643673717993 8.3333905991166812 13.846646383404734 14.110851733945308 11.61983612179756 6.6406270470470181 7.694587141275405
leaf_count=37 58 41 25 277 60 40 58 29 42 176 58 38 40
internal_value=0 0.078533 -0.0103665 -0.0200638 -0.0416937 0.00972284 -0.00479984 0.0802699 -0.0192892 -0.0428205 0.0134297 -0.0802947 0.0351351
internal_weight=0 19.6457 149.666 142.426 93.717 48.7093 33.7012 15.0081 85.3722 59.9057 25.4665 16.6199 17.0813
internal_count=979 99 880 855 613 242 173 69 553 453 100 96 77
is_linear=0
shrinkage=0.193785


Tree=4
num_leaves=15
num_cat=0
split_feature=46 50 1 43 42 43 47 42 39 38 46 5 7 39
split_gain=4.01139 4.42475 4.51961 2.62993 2.74976 2.53856 5.22943 2.50546 2.51691 2.34341 2.17215 1.26509 0.736623 0.661588
threshold=7.5000000000000009 10.500000000000002 2.5000000000000004 3.5000000000000004 4.5000000000000009 8.5000000000000018 14.500000000000002 95.000000000000014 5.5000000000000009 11.500000000000002 55.000000000000007 1.0000000180025095e-35 22.500000000000004 15.500000000000002
decision_type=2 2 2 2 2 2 2 2 2 2 2 2 2 2
left_child=3 5 -3 -1 -5 7 9 8 10 12 -2 -10 -7 -8
right_child=1 2 -4 4 -6 6 13 -9 11 -11 -12 -13 -14 -15
leaf_value=0 0 -0.18230073428921814 0 0 -0.13693821387171948 -0.0080553145603345089 -0.073793252714187518 -0.117842097362742 0 0.12575764948776022 0.11218085858324789 -0.075190585991927641 0.058034854699102204 0
leaf_weight=9.4675242286175507 20.070126868784428 7.6310578286647779 4.8138158395886421 4.5388245582580593 17.146428061649203 7.253782182466237 5.4821394868195039 5.6962828394025555 13.438264567404987 30.274441992864013 14.332146095111964 9.5738563109189254 7.9436814435757697 6.0128852678462863
leaf_count=41 95 106 22 37 132 69 45 43 71 132 50 77 32 27
internal_value=0 0.0147204 -0.0837172 -0.0624251 -0.100579 0.0298064 0.0594992 0 0.0151555 0.0928128 0.0539213 -0.017809 0 -0.0221481
internal_weight=0 132.522 12.4449 31.1528 21.6853 120.078 56.9669 63.1107 57.4144 45.4719 34.4023 23.0121 15.1975 11.495
internal_count=979 769 128 210 169 641 305 336 293 233 145 148 101 72
is_linear=0
shrinkage=0.193785


Tree=5
num_leaves=18
num_cat=0
split_feature=31 48 38 31 6 38 48 47 43 31 47 3 47 47 48 39 42
split_gain=2.84247 6.07064 5.65506 4.06782 3.65287 3.20659 2.41376 3.06601 3.46647 1.91993 1.45245 3.33651 1.42376 1.37527 0.446915 0.691146 0.823188
threshold=1.0000000180025095e-35 2.5000000000000004 35.000000000000007 2.5000000000000004 1.0000000180025095e-35 11.500000000000002 2.5000000000000004 14.500000000000002 3.5000000000000004 5.5000000000000009 10.500000000000002 2.5000000000000004 4.5000000000000009 3.5000000000000004 2.5000000000000004 4.5000000000000009 45.000000000000007
decision_type=2 2 2 2 2 2 2 2 2 2 2 2 2 2 2 2 2
left_child=2 5 6 10 14 -2 -1 8 -8 12 11 -3 -5 -10 -4 -16 -17
right_child=1 3 4 9 -6 -7 7 -9 13 -11 -12 -13 -14 -15 15 16 -18
leaf_value=0 0 0 0.0092739898237951517 0 0.12436953709239232 -0.21078409519201471 0 0 0 0.0452210460895697 0 0.14110363254569327 -0.10058000669481315 -0.19582432135946476 0 0 -0.10412557609123929
leaf_weight=8.2176672248169762 3.7431570310145599 6.8049706649035206 6.3446102179586914 4.145481180399659 9.9911611434072238 4.8515748865902424 11.289978399872778 5.4994864118052638 6.831939994357529 11.29947463236749 13.048605261836199 25.671504610218108 9.9750166265293938 16.392509973607957 5.4645188115537193 4.4463867507874948 6.6143747568130493
leaf_count=57 26 51 28 29 45 46 53 37 31 58 79 101 78 149 29 22 60
internal_value=0 0.0260076 -0.0255104 0.0504736 0.0242094 -0.1075 -0.0713063 -0.0915621 -0.114185 0 0.0855116 0.109141 -0.0584835 -0.157849 0 -0.0312154 -0.0614017
internal_weight=0 79.5398 81.0926 70.9451 32.8611 8.59473 48.2316 40.0139 34.5144 25.42 45.5251 32.4765 14.1205 23.2244 22.8699 16.5253 11.0608
internal_count=979 468 511 396 184 72 327 270 233 165 231 152 107 180 139 111 82
is_linear=0
shrinkage=0.193785


Tree=6
num_leaves=16
num_cat=0
split_feature=39 27 46 39 43 1 39 43 42 47 50 43 39 38 43
split_gain=2.21344 2.73196 3.5408 2.83941 4.2601 2.32866 2.11514 2.02155 1.4281 1.87392 1.06096 0.902256 0.823917 0.417182 1.31454
threshold=13.500000000000002 2.5000000000000004 8.5000000000000018 7.5000000000000009 12.500000000000002 2.5000000000000004 11.500000000000002 10.500000000000002 10.500000000000002 10.500000000000002 4.5000000000000009 15.500000000000002 4.5000000000000009 12.500000000000002 2.5000000000000004
decision_type=2 2 2 2 2 2 2 2 2 2 2 2 2 2 2
left_child=1 2 6 8 5 -5 13 10 12 -10 -3 -2 -4 14 -1
right_child=11 7 3 4 -6 -7 -8 -9 9 -11 -12 -13 -14 -15 -16
leaf_value=0 0.09213396721460719 0 0 -0.15417187615880623 0.0011667818951582379 0 0 0 0.01751630623017663 -0.084614813795615668 0.10817827460495591 0 0.11838621553579158 0 -0.18012216142069712
leaf_weight=3.5966542288661065 12.480537135154011 7.2475168853998246 6.9190146401524526 14.144299049396073 7.8420150377787641 3.6757137700915328 4.6736190393567076 6.6407920122146598 37.269551429897547 8.0989358583465201 13.234615566208957 5.8789140908047548 6.9648722000420094 4.412229035049676 10.641524699516593
leaf_count=14 62 39 38 148 55 21 27 49 177 77 54 40 24 27 127
internal_value=0 -0.00858238 -0.0257693 -0.000265887 -0.0596641 -0.118442 -0.0934783 0.0386046 0.0158029 0 0.0751932 0.0629001 0.0698997 -0.123057 -0.144515
internal_weight=0 135.361 108.238 84.9144 25.662 17.82 23.324 27.1229 59.2524 45.3685 20.4821 18.3595 13.8839 18.6504 14.2382
internal_count=979 877 735 540 224 169 195 142 316 254 93 102 62 168 141
is_linear=0
shrinkage=0.193785


Tree=7
num_leaves=13
num_cat=0
split_feature=24 3 46 42 31 5 47 3 7 50 19 46
split_gain=1.06383 2.48422 1.67016 3.3155 1.97177 1.91547 2.29291 5.42493 1.52989 0.79153 0.248364 0.102015
threshold=1.0000000180025095e-35 52.000000000000007 8.5000000000000018 9.5000000000000018 1.0000000180025095e-35 4.5000000000000009 7.5000000000000009 15.500000000000002 5.5000000000000009 6.5000000000000009 3.5000000000000004 5.5000000000000009
decision_type=2 2 2 2 2 2 2 2 2 2 2 2
left_child=2 9 4 -4 11 6 8 -8 -5 -2 -6 -1
right_child=1 -3 3 5 10 -7 7 -9 -10 -11 -12 -13
leaf_value=-0.12303965461989604 0 0 0.105343574409183 0.049911898774056503 0.035660562215912205 0.07194702679012846 -0.10795013415108166 0.021051429322144037 -0.0067651749528378231 -0.1851494422334308 0 0
leaf_weight=6.564039062708618 9.8327652439475077 4.1712176613509646 15.075079061090944 27.401633348315954 7.2069620937108976 13.37404529750347 23.395857341587543 13.345515074208377 14.087735878303645 4.4836353114806107 7.5054835770279169 5.0582041423767805
leaf_count=70 67 19 71 112 41 57 242 53 86 59 57 45
internal_value=0 -0.0433921 0.00606675 0.0203424 -0.0297506 0 -0.00510652 -0.0455127 0.0168235 -0.0942628 0 -0.0910792
internal_weight=0 18.4876 133.015 106.68 26.3347 91.6048 78.2307 36.7414 41.4894 14.3164 14.7124 11.6222
internal_count=979 145 834 621 213 550 493 295 198 126 98 115
is_linear=0
shrinkage=0.193785


Tree=8
num_leaves=13
num_cat=0
split_feature=39 26 39 3 49 46 50 43 3 38 49 49
split_gain=1.78923 1.61965 2.45774 1.98894 1.91241 1.57873 1.10898 1.09922 0.982845 0.95694 2.91842 0.827604
threshold=2.5000000000000004 1.0000000180025095e-35 5.5000000000000009 14.500000000000002 4.5000000000000009 55.000000000000007 9.5000000000000018 11.500000000000002 1.5000000000000002 75.000000000000014 4.5000000000000009 7.5000000000000009
decision_type=2 2 2 2 2 2 2 2 2 2 2 2
left_child=5 3 -3 6 -5 -1 9 -6 -8 11 -11 -2
right_child=1 2 -4 4 7 -7 8 -9 -10 10 -12 -13
leaf_value=-0.091209238857430056 -0.02394625970730066 0 -0.12336727068171718 0 0.11618233671845464 0 0 0 -0.13426002411335253 0.13979324215501407 0 0.026635488676348417
leaf_weight=13.820391909219326 27.82517714612186 6.7835760079324228 7.4505179263651371 8.8188887322321516 17.357617456465963 8.5621596490964276 4.628097437322138 7.863083252683281 3.7404459700919688 7.7718729674816158 8.8515720907598716 21.086708994582295
leaf_count=111 204 33 71 55 61 48 62 38 69 32 56 139
internal_value=0 0.00924086 -0.0400492 0.0211258 0.0599808 -0.0502093 0 0.0876504 -0.062144 0.0116 0.0516991 0
internal_weight=0 122.178 14.2341 107.943 34.0396 22.3826 73.9039 25.2207 8.36854 65.5353 16.6234 48.9119
internal_count=979 820 104 716 154 159 562 99 131 431 88 343
is_linear=0
shrinkage=0.193785


Tree=9
num_leaves=22
num_cat=0
split_feature=47 42 49 47 39 39 43 31 46 42 39 42 5 19 43 47 7 50 50 3 48
split_gain=0.845576 3.2063 2.38968 2.59783 1.57184 1.78867 2.42864 1.50462 1.43076 0.75166 0.55512 0.490873 0.473766 0.465286 0.438066 0.395312 2.24292 0.793922 0.972906 0.076983 0.006664
threshold=11.500000000000002 6.5000000000000009 7.5000000000000009 4.5000000000000009 12.500000000000002 5.5000000000000009 3.5000000000000004 1.0000000180025095e-35 85.000000000000014 95.000000000000014 2.5000000000000004 10.500000000000002 1.0000000180025095e-35 1.0000000180025095e-35 5.5000000000000009 14.500000000000002 6.5000000000000009 7.5000000000000009 5.5000000000000009 8.5000000000000018 6.5000000000000009
decision_type=2 2 2 2 2 2 2 2 2 2 2 2 2 2 2 2 2 2 2 2 2
left_child=2 -2 4 19 5 10 -7 14 11 -8 12 -9 -1 -12 -5 17 -17 18 -3 -4 -19
right_child=1 15 3 7 -6 6 9 8 -10 -11 13 -13 -14 -15 -16 16 -18 20 -20 -21 -22
leaf_value=-0.077294873111207557 0.15854996030941199 0 0.092197069179901878 0 0 0 -0.15577452626534039 0 0.092356735749286295 0 0.043491799542484298 -0.064066865037696943 0 0 -0.1215907950231926 -0.11571001576246043 0 -0.0099754606927766592 0.11470762588085237 0 0
leaf_weight=6.3554743472486717 5.6057447753846636 5.4055835604667681 13.091692820191385 2.3896099533885744 5.6335518397390834 6.1461017765104797 13.479802054818721 6.3221422657370585 6.0826071277260771 3.0024437904357901 9.1100816093385237 4.5490166619420052 4.3341452181339264 12.914309486746786 4.8891131989657879 6.7099965298548323 7.9613577746786177 2.3875885447487226 5.4876082502305508 7.9191723410040131 2.3859663465991616
leaf_count=42 15 43 63 23 27 31 147 38 19 28 41 39 35 77 64 73 47 47 20 40 20
internal_value=0 0.0256388 -0.00869628 0.0170109 -0.0372211 -0.0508944 -0.0962377 -0.00704863 0 -0.134833 -0.00168795 -0.00831491 -0.0439983 0 -0.0882766 0 -0.0222327 0.0218352 0.0582119 0.0719652 0
internal_weight=0 35.9438 106.219 45.2434 60.9759 55.3424 22.6283 24.2325 16.9538 16.4822 32.714 10.8712 10.6896 22.0244 7.27872 30.3381 14.6714 15.6667 10.8932 21.0109 4.77355
internal_count=979 265 714 286 428 401 206 183 96 175 195 77 77 118 87 250 120 130 63 103 67
is_linear=0
shrinkage=0.193785


Tree=10
num_leaves=17
num_cat=0
split_feature=39 31 7 46 46 7 6 7 3 19 38 42 39 43 47 43
split_gain=0.654708 1.15966 1.08621 1.75968 1.94978 1.24532 1.22746 1.43631 0.632874 1.05757 0.55524 1.13057 0.508346 0.167542 0.564529 0.125484
threshold=2.5000000000000004 1.0000000180025095e-35 10.500000000000002 75.000000000000014 13.500000000000002 1.0000000180025095e-35 2.5000000000000004 22.500000000000004 16.500000000000004 1.0000000180025095e-35 25.000000000000004 8.5000000000000018 7.5000000000000009 10.500000000000002 7.5000000000000009 14.500000000000002
decision_type=2 2 2 2 2 2 2 2 2 2 2 2 2 2 2 2
left_child=1 -1 3 4 13 -6 7 -4 9 -5 11 -8 -12 14 -2 -15
right_child=2 -3 6 8 5 -7 10 -9 -10 -11 12 -13 -14 15 -16 -17
leaf_value=-0.07642609791118217 0 0 -0.11869846671860509 -0.09829620767120606 0 0.11104831370565667 0 0 0 0 0.059437477224625876 -0.077752951475802246 0 -0.030516657705850995 0.056632027934378111 0
leaf_weight=10.918735176324846 11.770685767754918 9.2157306084409338 7.2946905735880119 6.5701576191931981 7.4490305213257697 18.094221728853881 6.7527087666094321 7.3546070288866758 4.0252909008413544 5.526433234103024 10.608329534530641 7.2285597529262304 6.8492754204198709 5.4994209185242635 8.2799837710335833 4.0899918489158154
leaf_count=98 92 61 84 67 47 87 40 44 20 36 43 56 51 72 55 26
internal_value=0 -0.0321712 0.00554663 0.0236244 0.0435117 0.0832561 -0.00990991 -0.058537 -0.00870177 -0.0452206 0 -0.0119471 0.0327293 0 0.0169014 -0.00736927
internal_weight=0 20.1345 117.393 71.3052 55.1833 25.5433 46.0882 14.6493 16.1219 12.0966 31.4389 13.9813 17.4576 29.6401 20.0507 9.58941
internal_count=979 159 820 502 379 134 318 128 123 103 190 96 94 245 147 98
is_linear=0
shrinkage=0.193785


Tree=11
num_leaves=17
num_cat=0
split_feature=38 49 14 49 43 3 3 19 31 43 50 43 42 50 7 49
split_gain=1.6402 1.99382 1.50875 2.24755 1.21494 2.17853 3.13428 0.876874 2.441 0.533087 1.19121 0.398708 1.8094 0.754348 0.261478 0.102106
threshold=75.000000000000014 7.5000000000000009 1.0000000180025095e-35 6.5000000000000009 9.5000000000000018 32.000000000000007 2.5000000000000004 1.5000000000000002 1.5000000000000002 13.500000000000002 2.5000000000000004 11.500000000000002 7.5000000000000009 2.5000000000000004 5.5000000000000009 10.500000000000002
decision_type=2 2 2 2 2 2 2 2 2 2 2 2 2 2 2 2
left_child=1 4 3 14 5 6 -1 9 -9 10 -3 -6 -13 -14 -2 -5
right_child=2 7 -4 15 11 -7 -8 8 -10 -11 -12 12 13 -15 -16 -17
leaf_value=0 0.13960384357319006 0 0 -0.027370494866319008 0.028033471672245257 0 -0.14083995035466573 0.099861217350378575 0 0.0089103328410544188 -0.081631344944466014 0.0092426415121126676 0 -0.10807711087370762 0 0.0049729910847681781
leaf_weight=15.531758811324833 10.033786950632935 5.3411285839974907 6.2891541095450512 4.8251723255962116 9.2078826562501508 5.0873335208743802 16.487087648827583 12.857317198067905 11.473984129726885 5.092958401888608 9.5277038691565377 3.2764177583158007 3.1352429091930381 8.7439396325498802 6.2588477907702318 4.8980863504111767
leaf_count=100 44 35 51 41 60 28 147 57 87 31 92 13 18 110 42 23
internal_value=0 -0.0116784 0.0381296 0.0630145 -0.0370217 -0.0591 -0.081182 0.0104924 0.0393225 0 -0.0361566 0 -0.0223532 -0.0791903 0.107063 0
internal_weight=0 105.763 32.305 26.0159 61.4697 37.1062 32.0188 44.2931 24.3313 19.9618 14.8688 24.3635 15.1556 11.8792 16.2926 9.72326
internal_count=979 778 201 150 476 275 247 302 144 158 127 201 141 128 86 64
is_linear=0
shrinkage=0.193785


Tree=12
num_leaves=18
num_cat=0
split_feature=50 47 27 6 3 2 15 19 48 47 47 17 38 3 11 3 3
split_gain=0.836772 1.22983 1.06902 2.68369 1.04597 1.89306 1.63532 1.47117 1.25194 2.01398 1.74045 1.49565 0.717743 0.572751 0.441704 0.349088 0.242594
threshold=4.5000000000000009 2.5000000000000004 3.5000000000000004 1.5000000000000002 15.500000000000002 1.0000000180025095e-35 1.0000000180025095e-35 8.5000000000000018 5.5000000000000009 5.5000000000000009 4.5000000000000009 1.0000000180025095e-35 16.500000000000004 2.5000000000000004 1.0000000180025095e-35 1.5000000000000002 7.5000000000000009
decision_type=2 2 2 2 2 2 2 2 2 2 2 2 2 2 2 2 2
left_child=1 12 3 15 5 8 -7 14 9 -2 -10 -12 -1 -11 -6 -3 -17
right_child=4 2 -4 -5 7 6 -8 -9 10 13 11 -13 -14 -15 -16 16 -18
leaf_value=0 0 -0.036298573998372725 0 -0.13291459494930541 0.084006821023892508 0 -0.12919337698793135 0 0.031852840436618526 0.11379464323536963 -0.12507221756401402 0 0.060938743022371206 0 0 0.032723105849897474 0
leaf_weight=5.6728706173598749 6.807116478681567 9.822169450111689 4.5385263282805672 11.537485625594853 17.3679484743625 3.1574368271976692 7.327126728836447 6.125427132472395 7.1747099757194546 11.628864687867464 7.1677142530679685 3.6612347140908241 7.1591000631451607 5.2550548743456593 6.3383452268317333 8.3804615791887027 5.9722997751086941
leaf_count=39 54 73 27 88 78 25 96 45 33 76 109 29 29 50 38 45 45
internal_value=0 -0.018931 -0.0401678 -0.0542023 0.0122637 0 -0.0770564 0.0415143 0.0138995 0.0480945 0 -0.0727272 0.0028449 0.0876619 0.0669656 0 0
internal_weight=0 53.0829 40.2509 35.7124 82.011 52.1793 10.4846 29.8317 41.6947 23.691 18.0037 10.8289 12.832 16.8839 23.7063 24.1749 14.3528
internal_count=979 346 278 251 633 472 121 161 351 180 171 138 68 126 116 163 90
is_linear=0
shrinkage=0.193785


end of trees

feature_importances:
f_courseout=20
result_2=19
result_3=18
result_1=16
self_popularity=16
ninki_2=15
ninki_3=13
ninki_1=11
mf_courseout=9
umaban=9
mf_classout=8
mf_classout.1=8
mf_course3=6
waku=6
mf_course2=4
f_course2=3
f_course3=3
f_lenout=3
f_class1=2
f_class3=2
f_classout=2
f_mf_courseout=1
f_len3=1
mf_len2=1

parameters:
[boosting: gbdt]
[objective: lambdarank]
[metric: ndcg]
[tree_learner: serial]
[device_type: cpu]
[data_sample_strategy: bagging]
[data: ]
[valid: ]
[num_iterations: 132]
[learning_rate: 0.193785]
[num_leaves: 64]
[num_threads: 16]
[seed: 0]
[deterministic: 0]
[force_col_wise: 1]
[force_row_wise: 0]
[histogram_pool_size: -1]
[max_depth: 6]
[min_data_in_leaf: 30]
[min_sum_hessian_in_leaf: 0.001]
[bagging_fraction: 1]
[pos_bagging_fraction: 1]
[neg_bagging_fraction: 1]
[bagging_freq: 0]
[bagging_seed: 7719]
[feature_fraction: 1]
[feature_fraction_bynode: 1]
[feature_fraction_seed: 2437]
[extra_trees: 0]
[extra_seed: 11797]
[early_stopping_round: 0]
[first_metric_only: 0]
[max_delta_step: 0]
[lambda_l1: 2.9812]
[lambda_l2: 0.127255]
[linear_lambda: 0]
[min_gain_to_split: 0]
[drop_rate: 0.1]
[max_drop: 50]
[skip_drop: 0.5]
[xgboost_dart_mode: 0]
[uniform_drop: 0]
[drop_seed: 21238]
[top_rate: 0.2]
[other_rate: 0.1]
[min_data_per_group: 100]
[max_cat_threshold: 32]
[cat_l2: 10]
[cat_smooth: 10]
[max_cat_to_onehot: 4]
[top_k: 20]
[monotone_constraints: ]
[monotone_constraints_method: basic]
[monotone_penalty: 0]
[feature_contri: ]
[forcedsplits_filename: ]
[refit_decay_rate: 0.9]
[cegb_tradeoff: 1]
[cegb_penalty_split: 0]
[cegb_penalty_feature_lazy: ]
[cegb_penalty_feature_coupled: ]
[path_smooth: 0]
[interaction_constraints: ]
[verbosity: -1]
[saved_feature_importance_type: 0]
[use_quantized_grad: 0]
[num_grad_quant_bins: 4]
[quant_train_renew_leaf: 0]
[stochastic_rounding: 1]
[linear_tree: 0]
[max_bin: 255]
[max_bin_by_feature: ]
[min_data_in_bin: 3]
[bin_construct_sample_cnt: 200000]
[data_random_seed: 38]
[is_enable_sparse: 1]
[enable_bundle: 1]
[use_missing: 1]
[zero_as_missing: 0]
[feature_pre_filter: 1]
[pre_partition: 0]
[two_round: 0]
[header: 0]
[label_column: ]
[weight_column: ]
[group_column: ]
[ignore_column: ]
[categorical_feature: ]
[forcedbins_filename: ]
[precise_float_parser: 0]
[parser_config_file: ]
[objective_seed: 8855]
[num_class: 1]
[is_unbalance: 0]
[scale_pos_weight: 1]
[sigmoid: 1]
[boost_from_average: 1]
[reg_sqrt: 0]
[alpha: 0.9]
[fair_c: 1]
[poisson_max_delta_step: 0.7]
[tweedie_variance_power: 1.5]
[lambdarank_truncation_level: 30]
[lambdarank_norm: 1]
[label_gain: ]
[lambdarank_position_bias_regularization: 0]
[eval_at: 1,3,5]
[multi_error_top_k: 1]
[auc_mu_weights: ]
[num_machines: 1]
[local_listen_port: 12400]
[time_out: 120]
[machine_list_filename: ]
[machines: ]
[gpu_platform_id: -1]
[gpu_device_id: -1]
[gpu_use_dp: 0]
[num_gpu: 1]

end of parameters

pandas_categorical:[]
