tree
version=v4
num_class=1
num_tree_per_iteration=1
label_index=0
max_feature_idx=49
objective=lambdarank
feature_names=f_course1 f_course2 f_course3 f_courseout mf_course1 mf_course2 mf_course3 mf_courseout f_mf_course1 f_mf_course2 f_mf_course3 f_mf_courseout f_len1 f_len2 f_len3 f_lenout mf_len1 mf_len2 mf_len3 mf_classout f_mf_len1 f_mf_len2 f_mf_len3 f_mf_classout f_class1 f_class2 f_class3 f_classout mf_class1 mf_class2 mf_class3 mf_classout.1 f_mf_class1 f_mf_class2 f_mf_class3 f_mf_classout.1 time_df_course1 time_df_class1 ninki_1 result_1 time_df_course2 time_df_class2 ninki_2 result_2 time_df_course3 time_df_class3 ninki_3 result_3 waku umaban
feature_infos=[0:10] [0:9] [0:10] [0:51] [0:15] [0:10] [0:13] [0:92] [0:1] none [0:1] [0:6] [0:1] [0:1] [0:1] [0:3] [0:1] [0:1] [0:1] [0:4] none none [0:1] [0:1] none [0:1] [0:1] [0:3] [0:1] [0:1] [0:1] [0:2] none none [0:1] none none none [-1:120] [-1:50] none none [3:160] [1:100] none none [-1:150] [-1:40] [1:8] [1:12]
tree_sizes=2735 3364

Tree=0
num_leaves=25
num_cat=0
split_feature=48 47 47 43 3 43 38 38 43 0 27 43 42 47 15 42 7 42 4 39 1 4 43 1
split_gain=4.92467 5.39684 4.10386 3.80118 4.22351 4.16236 2.53514 0.984909 1.0791 0.938274 0.859946 0.5274 1.42988 0.460774 0.896622 0.453744 0.612793 0.303098 0.139706 0.0771378 0.0515406 0.0363398 0.0119548 0.00035193
threshold=6.5000000000000009 6.5000000000000009 14.500000000000002 12.500000000000002 4.5000000000000009 3.5000000000000004 12.500000000000002 9.5000000000000018 9.5000000000000018 7.5000000000000009 1.0000000180025095e-35 7.5000000000000009 25.000000000000004 6.5000000000000009 1.5000000000000002 8.5000000000000018 1.0000000180025095e-35 45.000000000000007 7.0000000000000009 6.5000000000000009 1.5000000000000002 4.5000000000000009 6.5000000000000009 1.0000000180025095e-35
decision_type=2 2 2 2 2 2 2 2 2 2 2 2 2 2 2 2 2 2 2 2 2 2 2 2
left_child=3 7 10 5 -5 6 -1 8 -2 20 21 23 -13 14 15 18 -17 -14 -7 -6 -8 -3 -15 -9
right_child=1 2 -4 4 19 13 9 11 -10 -11 -12 12 17 22 -16 16 -18 -19 -20 -21 -22 -23 -24 -25
leaf_value=0.10395626363623918 -0.09565850374368777 -0.10899830531804713 0.084095741721100709 0.098878647240775205 -0.053838953676907497 0.00083615386247967933 -0.10811694129162348 0.093697209544396573 0.078447426382799321 0.076149674917952839 0.024243800341143446 0.10911038485284837 0.0075184283089363268 -0.084106442104883911 0.076149674917952923 -0.0073468954856670717 -0.10784916010177949 -0.097699054525316936 -0.066610254139139721 -0.10452219909002278 -0.055671749072360416 -0.072844809137745214 -0.10843399496504144 0.10995199570037219
leaf_weight=0.66842485219240166 0.18859753012657199 1.0029020011425016 0.61671338230371464 1.1522015556693075 0.18314815685152996 0.25662012770772014 0.30425579100847244 0.51746411994099695 0.24482490122318268 0.12241245061159134 0.17893947288393963 0.54601240158081044 0.19579204916954041 0.27023575454950322 0.12241245061159123 0.22969883307814587 1.1134625636041162 0.13538153097033501 0.13637156412005424 0.35122969746589661 0.12100483104586601 0.1880560815334319 1.5880117379128931 1.6380372047424314
leaf_count=2 3 13 2 3 3 3 4 2 2 1 2 1 2 4 1 3 15 2 2 5 2 3 22 3
internal_value=0 0.0388229 -0.0335566 -0.0319836 0.0393749 -0.0564519 0.0319269 0.0803837 0.00184975 -0.0555565 -0.0868188 0.0914951 0.0543694 -0.0854503 -0.065354 -0.0756384 -0.0909464 -0.0352104 -0.0222238 -0.0881792 -0.094478 -0.103775 -0.105225 0.10635
internal_weight=0 5.45272 1.98661 6.61949 1.68658 4.93291 1.2161 3.46611 0.433422 0.547673 1.3699 3.03269 0.877186 3.71681 1.85857 1.73615 1.34316 0.331174 0.392992 0.534378 0.425261 1.19096 1.85825 2.1555
internal_count=105 35 20 70 11 59 9 15 5 7 18 10 5 50 24 23 18 4 5 8 6 16 26 5
is_linear=0
shrinkage=0.0551878


Tree=1
num_leaves=31
num_cat=0
split_feature=39 48 42 42 2 43 42 47 0 47 3 46 39 43 3 48 43 46 15 46 0 48 46 43 5 5 42 48 38 1
split_gain=6.77956 6.64931 6.74975 5.92702 5.50956 4.72082 5.7064 3.52094 3.06411 3.01031 1.63808 1.29989 1.00933 0.768793 0.599137 0.579596 0.573582 0.402446 0.322805 0.300918 0.243147 0.18228 0.179076 0.13452 0.0767144 0.0754212 0.0389994 0.0142362 0.0378999 0.00201705
threshold=10.500000000000002 6.5000000000000009 45.000000000000007 13.500000000000002 1.5000000000000002 12.500000000000002 12.500000000000002 3.5000000000000004 1.0000000180025095e-35 11.500000000000002 8.5000000000000018 85.000000000000014 6.5000000000000009 4.5000000000000009 1.0000000180025095e-35 4.5000000000000009 11.500000000000002 13.500000000000002 1.0000000180025095e-35 75.000000000000014 1.0000000180025095e-35 4.5000000000000009 25.000000000000004 7.5000000000000009 1.0000000180025095e-35 4.5000000000000009 55.000000000000007 2.5000000000000004 2.5000000000000004 1.5000000000000002
decision_type=2 2 2 2 2 2 2 2 2 2 2 2 2 2 2 2 2 2 2 2 2 2 2 2 2 2 2 2 2 2
left_child=1 5 3 4 23 7 15 8 22 26 -10 13 14 21 -13 -7 29 -18 -16 -8 -5 -9 -1 -3 -12 -14 -4 28 -15 -2
right_child=16 2 9 20 -6 6 19 11 10 -11 24 12 25 27 18 -17 17 -19 -20 -21 -22 -23 -24 -25 -26 -27 -28 -29 -30 -31
leaf_value=-0.047969421148804946 -0.10078345638544781 -0.06446920732494904 -0.074092931889721964 0.10355704284121782 0.077939420743399435 -0.10473379041648104 0.063592327862834336 -0.013374655274079965 0.093551183914215949 0.055079529628761933 -0.03509687183417938 0.062577451974253087 -0.062066860406104464 -0.064142876841384561 -0.048622387136398777 -0.011993808942452814 -0.024307825838922301 -0.09104996723758596 0.0086703454423756772 0.10421478863909786 0.076309752268731171 -0.07110860070821054 -0.10025654430794756 -0.10560321706452509 0.002782649017648949 -0.099945533185454224 -0.10233868546880491 -0.10243263126205795 -0.10014073961184373 -0.080569918054189962
leaf_weight=0.57620826363564104 1.4896739423274987 0.47698214650153936 0.35072634369134792 4.1833668351173401 1.1692410707473755 0.64975826442241613 1.2250845208764076 0.47901889681816134 1.1635352969169614 0.57787008583545674 0.32956673949956883 0.31671154499053988 0.45522628724575032 0.26076111197471652 0.64738301932811715 0.31178539991378784 0.80526496469974496 0.43248783051967621 0.53934346139431 1.1710841655731201 1.5239060372114179 0.26827637106180191 0.35168695449829102 0.73086392879486084 0.29171806573867798 0.37955055385828018 0.97450222074985504 2.1028700768947601 0.33091737329959869 0.28316073119640339
leaf_count=4 10 2 3 4 2 2 3 2 2 2 2 1 3 2 3 2 3 4 2 1 3 2 3 4 2 3 6 17 3 3
internal_value=0 0.0107072 0.0438791 0.0659029 -0.00719843 -0.0172299 0.0380951 -0.0391447 0.0126241 -0.0494711 0.0549735 -0.0634845 -0.0314614 -0.0850979 -0.00418823 -0.0751254 -0.0775861 -0.0480637 -0.0223902 0.0836962 0.0963864 -0.0347364 -0.0684167 -0.0898442 -0.016928 -0.0799987 -0.0953078 -0.0988904 -0.0852585 -0.0978919
internal_weight=0 21.8379 9.98746 8.08436 2.37709 11.8505 3.35771 8.49277 2.71272 1.9031 1.78482 5.78006 2.33821 3.44184 1.50344 0.961544 3.01059 1.23775 1.18673 2.39617 5.70727 0.747295 0.927895 1.20785 0.621285 0.834777 1.32523 2.69455 0.591678 1.77283
internal_count=105 85 26 15 8 59 8 51 13 11 6 38 12 26 6 4 20 7 5 4 7 4 7 6 4 6 9 22 5 13
is_linear=0
shrinkage=0.0551878


end of trees

feature_importances:
result_2=9
ninki_2=7
result_3=5
waku=5
ninki_3=4
f_course1=3
f_course2=3
f_courseout=3
ninki_1=3
result_1=3
mf_course1=2
mf_course2=2
f_lenout=2
f_course3=1
mf_courseout=1
f_classout=1

parameters:
[boosting: gbdt]
[objective: lambdarank]
[metric: ndcg]
[tree_learner: serial]
[device_type: cpu]
[data_sample_strategy: bagging]
[data: ]
[valid: ]
[num_iterations: 141]
[learning_rate: 0.0551878]
[num_leaves: 33]
[num_threads: 16]
[seed: 0]
[deterministic: 0]
[force_col_wise: 1]
[force_row_wise: 0]
[histogram_pool_size: -1]
[max_depth: 10]
[min_data_in_leaf: 2]
[min_sum_hessian_in_leaf: 0.001]
[bagging_fraction: 1]
[pos_bagging_fraction: 1]
[neg_bagging_fraction: 1]
[bagging_freq: 0]
[bagging_seed: 7719]
[feature_fraction: 1]
[feature_fraction_bynode: 1]
[feature_fraction_seed: 2437]
[extra_trees: 0]
[extra_seed: 11797]
[early_stopping_round: 0]
[first_metric_only: 0]
[max_delta_step: 0]
[lambda_l1: 0.00532463]
[lambda_l2: 0.00363825]
[linear_lambda: 0]
[min_gain_to_split: 0]
[drop_rate: 0.1]
[max_drop: 50]
[skip_drop: 0.5]
[xgboost_dart_mode: 0]
[uniform_drop: 0]
[drop_seed: 21238]
[top_rate: 0.2]
[other_rate: 0.1]
[min_data_per_group: 100]
[max_cat_threshold: 32]
[cat_l2: 10]
[cat_smooth: 10]
[max_cat_to_onehot: 4]
[top_k: 20]
[monotone_constraints: ]
[monotone_constraints_method: basic]
[monotone_penalty: 0]
[feature_contri: ]
[forcedsplits_filename: ]
[refit_decay_rate: 0.9]
[cegb_tradeoff: 1]
[cegb_penalty_split: 0]
[cegb_penalty_feature_lazy: ]
[cegb_penalty_feature_coupled: ]
[path_smooth: 0]
[interaction_constraints: ]
[verbosity: -1]
[saved_feature_importance_type: 0]
[use_quantized_grad: 0]
[num_grad_quant_bins: 4]
[quant_train_renew_leaf: 0]
[stochastic_rounding: 1]
[linear_tree: 0]
[max_bin: 255]
[max_bin_by_feature: ]
[min_data_in_bin: 3]
[bin_construct_sample_cnt: 200000]
[data_random_seed: 38]
[is_enable_sparse: 1]
[enable_bundle: 1]
[use_missing: 1]
[zero_as_missing: 0]
[feature_pre_filter: 1]
[pre_partition: 0]
[two_round: 0]
[header: 0]
[label_column: ]
[weight_column: ]
[group_column: ]
[ignore_column: ]
[categorical_feature: ]
[forcedbins_filename: ]
[precise_float_parser: 0]
[parser_config_file: ]
[objective_seed: 8855]
[num_class: 1]
[is_unbalance: 0]
[scale_pos_weight: 1]
[sigmoid: 1]
[boost_from_average: 1]
[reg_sqrt: 0]
[alpha: 0.9]
[fair_c: 1]
[poisson_max_delta_step: 0.7]
[tweedie_variance_power: 1.5]
[lambdarank_truncation_level: 30]
[lambdarank_norm: 1]
[label_gain: ]
[lambdarank_position_bias_regularization: 0]
[eval_at: 1,3,5]
[multi_error_top_k: 1]
[auc_mu_weights: ]
[num_machines: 1]
[local_listen_port: 12400]
[time_out: 120]
[machine_list_filename: ]
[machines: ]
[gpu_platform_id: -1]
[gpu_device_id: -1]
[gpu_use_dp: 0]
[num_gpu: 1]

end of parameters

pandas_categorical:[]
