tree
version=v4
num_class=1
num_tree_per_iteration=1
label_index=0
max_feature_idx=50
objective=lambdarank
feature_names=f_course1 f_course2 f_course3 f_courseout mf_course1 mf_course2 mf_course3 mf_courseout f_mf_course1 f_mf_course2 f_mf_course3 f_mf_courseout f_len1 f_len2 f_len3 f_lenout mf_len1 mf_len2 mf_len3 mf_classout f_mf_len1 f_mf_len2 f_mf_len3 f_mf_classout f_class1 f_class2 f_class3 f_classout mf_class1 mf_class2 mf_class3 mf_classout.1 f_mf_class1 f_mf_class2 f_mf_class3 f_mf_classout.1 time_df_course1 time_df_class1 ninki_1 result_1 time_df_course2 time_df_class2 ninki_2 result_2 time_df_course3 time_df_class3 ninki_3 result_3 waku umaban self_popularity
feature_infos=[0:20] [0:33] [0:31] [0:192] [0:32] [0:27] [0:27] [0:188] [0:5] [0:7] [0:4] [0:32] [0:7] [0:8] [0:10] [0:35] [0:3] [0:3] [0:3] [0:18] [0:3] [0:3] [0:3] [0:7] [0:4] [0:3] [0:5] [0:19] [0:2] [0:2] [0:3] [0:9] [0:2] [0:2] [0:3] [0:4] none none [-1:170] [-1:120] none none [-1:170] [-1:160] none none [-1:160] [-1:160] [1:8] [1:14] [-1:14]
tree_sizes=3809 3774 3475 4091 3578 4211 3902 3689 3579 3591 3377 3386 3594 3768 3370 3276 3377 3598 3588 3506 3694 3171 3077

Tree=0
num_leaves=35
num_cat=0
split_feature=50 14 12 46 50 4 43 43 47 48 43 19 46 29 43 2 38 47 39 15 39 1 48 42 46 25 5 13 3 49 38 47 38 11
split_gain=14.8138 13.011 10.1129 9.86951 11.9168 10.2776 4.70003 4.67014 4.22935 4.75049 3.95493 3.77891 4.75863 2.83607 2.70109 2.29638 6.1647 2.18209 2.12436 1.68496 2.53077 1.36943 3.72989 1.22604 2.31954 1.1275 1.04357 0.991944 0.653341 0.392528 0.36556 0.342239 0.102919 0.066536
threshold=9.5000000000000018 1.0000000180025095e-35 1.5000000000000002 35.000000000000007 4.5000000000000009 5.5000000000000009 7.5000000000000009 15.500000000000002 5.5000000000000009 6.5000000000000009 4.5000000000000009 1.0000000180025095e-35 55.000000000000007 1.0000000180025095e-35 1.5000000000000002 1.5000000000000002 115.00000000000001 2.5000000000000004 13.500000000000002 4.5000000000000009 2.5000000000000004 4.5000000000000009 7.5000000000000009 6.5000000000000009 75.000000000000014 1.0000000180025095e-35 1.0000000180025095e-35 1.0000000180025095e-35 5.5000000000000009 5.5000000000000009 45.000000000000007 3.5000000000000004 3.5000000000000004 1.0000000180025095e-35
decision_type=2 2 2 2 2 2 2 2 2 2 2 2 2 2 2 2 2 2 2 2 2 2 2 2 2 2 2 2 2 2 2 2 2 2
left_child=3 31 23 4 6 8 10 13 14 11 17 12 -10 18 -5 16 -16 27 32 -17 -21 22 -8 -3 -25 -23 -11 -1 -19 -14 -13 -2 -6 -7
right_child=1 2 -4 5 7 33 21 -9 9 26 -12 30 29 -15 15 19 -18 28 -20 20 -22 25 -24 24 -26 -27 -28 -29 -30 -31 -32 -33 -34 -35
leaf_value=0.0010584353195257164 -0.014571721554189567 0.023649720884523041 -0.023734915451492394 0.021886650376777707 -0.016720192522571391 -0.016259083947547232 -0.011920834755179275 0.014295675471848963 0.015834522164070261 -0.0032510994623117517 -0.022575683734633922 0.019834622465217253 -0.023542042339489044 0.0043831080958948035 -0.021574879376688286 0.018796218304873675 0.023528186908697173 -0.0015479381986236689 0.0013819535858796998 0.018393652722848708 -0.0043333393315492562 0.02137189296699148 0.02114364268260769 -0.002961106521833741 0.019401648963931994 0.0086206165978869962 -0.022777026344125515 0.016744881493614878 -0.018496215521158776 -0.0097432241594788312 0.012279099599999909 -0.02389814121648692 -0.023553822108212275 -0.023645442389411526
leaf_weight=1.1157536581158662 0.72700216993689348 1.0803759694099428 1.5045992061495779 4.9275474064052167 0.53117421269416709 0.42025518231093784 1.0374501235783098 0.70259632170200337 1.0138319432735428 0.69546908140182473 1.2142500076442955 1.6591673735529182 0.82138547860085942 0.72190633788704861 0.96741761639714041 4.0255523957312107 0.76873888075351715 0.66350156255066373 0.56506374478340138 1.3435182049870493 1.4476355016231535 2.2783290706574917 0.90399713814258564 1.2958931010216477 1.3440260812640188 1.8270202279090879 0.91765248402953148 1.2030549719929693 0.64351591654121876 0.51766578294336796 2.4071262422949076 5.9068822991102934 4.8997945543378592 1.0652412734925745
leaf_count=12 11 2 24 14 9 8 14 3 5 9 22 6 13 6 17 15 3 10 6 4 14 7 3 14 4 15 15 9 14 7 13 100 79 18
internal_value=0 -0.0117923 0.00233873 0.00338808 -0.00317143 0.00861004 0.00480326 -0.0148642 0.0107181 0.0038245 -0.0039827 0.00844605 -0.00361268 -0.0179398 0.0148159 0.0107123 -0.0015594 0.0022908 -0.0206366 0.0138398 0.0066275 0.0118351 0.00349455 0.0129369 0.00844923 0.0157487 -0.0144692 0.0092575 -0.0100141 -0.0183718 0.0154215 -0.0229104 -0.0229316 -0.0217313
internal_weight=0 11.8588 5.22489 41.3056 18.3074 22.9982 10.8869 7.42054 21.5127 8.0323 4.84008 6.41918 2.35288 6.71794 13.4804 8.55286 1.73616 3.62583 5.99603 6.81671 2.79115 6.0468 1.94145 3.7203 2.63992 4.10535 1.61312 2.31881 1.30702 1.33905 4.06629 6.63388 5.43097 1.4855
internal_count=525 155 44 370 209 161 106 103 135 68 67 44 25 100 67 53 20 45 94 33 18 39 17 20 18 22 24 21 24 20 19 111 88 26
is_linear=0
shrinkage=0.0119772


Tree=1
num_leaves=35
num_cat=0
split_feature=47 48 50 15 38 6 46 43 0 7 3 5 7 27 1 42 47 50 42 48 47 46 46 50 43 50 3 43 48 43 42 39 43 50
split_gain=37.1138 29.3164 18.3923 18.6947 21.356 19.287 18.4085 16.8953 17.9968 13.3096 12.2253 8.90107 8.72697 8.30318 13.0101 6.75502 6.17741 5.95056 5.01272 7.26442 4.87059 4.62363 8.32301 9.8554 3.67923 3.48152 2.71896 2.1091 1.26327 0.486418 0.394096 0.339829 0.189149 0.000493194
threshold=4.5000000000000009 2.5000000000000004 1.5000000000000002 3.5000000000000004 45.000000000000007 1.5000000000000002 2.5000000000000004 1.5000000000000002 1.0000000180025095e-35 2.5000000000000004 23.500000000000004 2.5000000000000004 165.50000000000003 1.5000000000000002 17.500000000000004 75.000000000000014 3.5000000000000004 9.5000000000000018 7.5000000000000009 7.5000000000000009 14.500000000000002 55.000000000000007 25.000000000000004 8.5000000000000018 4.5000000000000009 5.5000000000000009 31.500000000000004 2.5000000000000004 2.5000000000000004 6.5000000000000009 3.5000000000000004 4.5000000000000009 4.5000000000000009 3.5000000000000004
decision_type=2 2 2 2 2 2 2 2 2 2 2 2 2 2 2 2 2 2 2 2 2 2 2 2 2 2 2 2 2 2 2 2 2 2
left_child=7 10 -3 4 6 17 -4 25 28 16 15 21 24 -12 -15 -2 29 -6 19 30 27 22 23 -11 -13 26 -1 -8 -9 -10 -5 -26 -30 -20
right_child=1 2 3 18 5 -7 20 8 9 11 13 12 -14 14 -16 -17 -18 -19 33 -21 -22 -23 -24 -25 31 -27 -28 -29 32 -31 -32 -33 -34 -35
leaf_value=0.015399990406892152 -0.023205166845159404 0.013264765448026019 0.019614758384687406 -0.014616872750019005 0.016382051225571556 -0.023363091047026364 -0.011533896977661324 -0.0063773941678310058 -0.020547379684626287 -0.011057156292292713 0.016327362501604055 0.0012084587483489561 0.017176415334558812 -0.02243473850231531 0.017988087420921919 0.0032063913675385988 0.0054499904670147307 -0.0019164731293612534 -0.021114086109273705 0.0098378434484152379 0.0030818121696542015 0.0013672340101248332 0.021022173587199197 0.016735858961908753 -0.014276850919447829 0.020958237968861766 0.0033176527501797629 -0.022452773144293399 -0.017303050324467367 -0.011882776670080227 -0.023414961040734032 -0.023125291175286344 -0.023188650472590513 -0.023508521380171152
leaf_weight=7.6564386039972323 2.5813700221478966 4.6600705087184897 2.038113638758662 1.3291900306940108 8.8085335865616781 2.856484765186905 3.2476581037044534 1.0672147721052159 3.0587106794118872 3.1803676337003806 12.644897416234018 1.9101752191781987 2.1274576783180237 2.3074211776256552 2.2371981292963028 2.9812397435307503 2.5605063289403915 3.5778808146715155 1.6121645495295549 1.7726597860455511 1.3924050778150565 4.526822216808795 11.932097658514975 4.2759766578674316 1.0931740105152132 9.5022235065698606 4.125344455242157 12.635899841785429 1.5402058064937589 1.4656013399362562 2.0455429553985596 1.9201920591294763 2.6766911670565605 15.144199170172213
leaf_count=12 18 10 2 7 14 20 12 5 14 16 15 9 4 13 3 10 9 15 9 4 4 12 13 7 6 9 9 84 11 7 13 14 18 97
internal_value=0 -0.0052555 -0.00957554 -0.0114638 -0.00597187 0.00462329 -0.014333 0.00682111 0.00252649 0.00540489 0.00634716 0.00879342 -0.0030248 0.0113407 -0.00253349 -0.0090686 -0.00939036 0.0110971 -0.0201184 -0.00973627 -0.0183512 0.012279 0.0148224 0.00487809 -0.0117819 0.0155569 0.0111803 -0.0202332 -0.0181584 -0.0177884 -0.0200263 -0.0199986 -0.0211044 -0.0232961
internal_weight=0 83.8729 61.1208 56.4607 34.557 15.2429 19.3141 64.6192 43.3352 38.0511 22.7521 30.9663 7.051 17.1895 4.54462 5.56261 7.08482 12.3864 21.9038 5.14739 17.276 23.9153 19.3884 7.45634 4.92354 21.284 11.7818 15.8836 5.28411 4.52431 3.37473 3.01337 4.2169 16.7564
internal_count=525 350 291 281 151 49 102 175 145 111 59 81 33 31 16 28 30 29 130 24 100 48 36 23 29 30 21 96 34 21 20 20 29 106
is_linear=0
shrinkage=0.0119772


Tree=2
num_leaves=32
num_cat=0
split_feature=46 4 23 43 46 4 49 39 47 19 43 39 2 3 7 39 2 46 50 39 6 50 47 47 49 43 46 2 43 0 5
split_gain=33.3034 27.4402 22.096 16.3591 17.952 12.7888 12.6182 13.5387 11.9075 15.2827 14.3648 10.5918 10.0524 10.4569 11.6597 9.59239 5.668 5.87764 4.57681 4.24455 2.73157 2.71909 2.27257 1.37415 1.24703 0.768879 0.749085 0.632168 0.273403 0.13042 0.113644
threshold=25.000000000000004 5.5000000000000009 1.0000000180025095e-35 15.500000000000002 10.500000000000002 17.500000000000004 11.500000000000002 3.5000000000000004 5.5000000000000009 2.5000000000000004 9.5000000000000018 2.5000000000000004 5.5000000000000009 63.500000000000007 1.0000000180025095e-35 1.5000000000000002 1.5000000000000002 65.000000000000014 3.5000000000000004 9.5000000000000018 1.0000000180025095e-35 1.5000000000000002 4.5000000000000009 4.5000000000000009 12.500000000000002 5.5000000000000009 35.000000000000007 4.5000000000000009 2.5000000000000004 1.5000000000000002 19.000000000000004
decision_type=2 2 2 2 2 2 2 2 2 2 2 2 2 2 2 2 2 2 2 2 2 2 2 2 2 2 2 2 2 2 2
left_child=3 2 6 4 5 11 7 16 20 10 -10 -1 18 -14 -15 -8 23 25 19 -13 22 -6 -9 -2 -20 -18 -3 -22 -23 -17 -28
right_child=1 26 -4 -5 21 -7 15 8 9 -11 -12 12 13 14 -16 29 17 -19 24 -21 27 28 -24 -25 -26 -27 30 -29 -30 -31 -32
leaf_value=0.0083361228615321283 -0.0066294746907431543 -0.010878695510561797 -0.022940097352889238 0.018249501069484458 -0.0048449100053756661 0.017294022632756263 0.0098978372375468741 0.0097949044892189623 -0.021233781578623021 0.017554717244858974 0.0058931245098735171 -0.014966017180832802 0.012325738234754531 0.012563844627562505 -0.018074231211488451 -0.017465350560880666 0.0050676186766164186 -0.0098893089657924784 -0.023186299422390484 0.005930241711337522 0.018408287592521343 -0.01620952351899246 0.020025895237958471 -0.022975165726337388 -0.012042603972214084 0.012753667489994206 -0.023102373495248199 0.023265077340749608 -0.022866443744311026 -0.02318709513887135 -0.017807966568531966
leaf_weight=5.6113571599125853 1.4068915992975228 1.132317267358302 3.4091951325535765 3.4132190048694602 1.4480058848857869 3.4780962094664565 2.3649835735559455 9.0871622636914271 4.0607809126377132 9.2290978059172613 8.9468932598829252 4.1452973484993043 4.7366389855742446 2.4449090510606748 6.4765948802232742 1.1863885447382929 3.6547017246484739 3.3911313116550446 7.9656515568494779 2.0869688913226128 9.3086970746517199 1.1556671559810627 4.7919989973306647 1.5898201093077657 1.8300153762102125 3.907507061958313 3.728278823196888 7.3944609165191642 11.259726881980894 2.2852086499333382 1.0852183476090429
leaf_count=15 7 7 21 4 6 5 6 20 26 10 27 23 12 7 40 8 8 12 57 6 12 8 5 11 11 8 28 5 86 16 8
internal_value=0 0.00486529 0.00680475 -0.00711364 -0.00876282 -0.00457634 0.00820559 0.0096822 0.0124534 0.00577733 -0.00258512 -0.00673768 -0.00959042 -0.00203407 -0.00966837 -0.00866532 -0.000809625 0.00318433 -0.0160208 -0.00796534 0.0173022 -0.0204552 0.0133446 -0.0153718 -0.0211259 0.00905804 -0.0198865 0.0205762 -0.0222664 -0.021311 -0.0219649
internal_weight=0 81.9607 76.0149 56.0521 52.6389 38.7755 72.6057 66.7691 52.8191 22.2368 13.0077 35.2974 29.6861 13.6581 8.9215 5.83658 13.9501 10.9533 16.0279 6.23227 30.5823 13.8634 13.8792 2.99671 9.79567 7.56221 5.94581 16.7032 12.4154 3.4716 4.8135
internal_count=525 245 202 280 276 176 181 151 105 63 53 171 156 59 47 30 46 28 97 29 42 100 25 18 68 16 43 17 94 24 36
is_linear=0
shrinkage=0.0119772


Tree=3
num_leaves=38
num_cat=0
split_feature=46 4 23 46 50 47 49 1 6 2 48 4 42 46 39 50 5 19 48 14 42 49 38 39 1 39 50 50 46 48 50 2 43 39 38 43 50
split_gain=27.5342 22.8684 17.2315 13.9409 13.4753 12.2018 14.4892 10.0929 16.9037 9.93781 11.5648 9.2547 9.62373 10.458 11.0149 13.1369 8.958 8.87474 8.33661 6.98769 5.24291 4.25185 5.27637 3.34668 3.24077 3.2232 2.7178 1.53515 1.10308 1.04006 0.922194 0.498431 0.468559 0.248006 0.142354 0.137322 0.000944387
threshold=25.000000000000004 5.5000000000000009 1.0000000180025095e-35 10.500000000000002 1.5000000000000002 5.5000000000000009 5.5000000000000009 6.5000000000000009 4.5000000000000009 8.5000000000000018 1.5000000000000002 17.500000000000004 12.500000000000002 5.5000000000000009 6.5000000000000009 7.5000000000000009 1.5000000000000002 2.5000000000000004 1.5000000000000002 4.5000000000000009 45.000000000000007 10.500000000000002 16.500000000000004 3.5000000000000004 3.5000000000000004 12.500000000000002 5.5000000000000009 4.5000000000000009 35.000000000000007 7.5000000000000009 3.5000000000000004 10.500000000000002 2.5000000000000004 4.5000000000000009 115.00000000000001 4.5000000000000009 4.5000000000000009
decision_type=2 2 2 2 2 2 2 2 2 2 2 2 2 2 2 2 2 2 2 2 2 2 2 2 2 2 2 2 2 2 2 2 2 2 2 2 2
left_child=3 2 5 11 -5 7 9 21 -9 10 -7 12 13 25 16 19 18 -12 -15 -16 -8 23 -23 24 -2 30 -25 -22 -3 -17 -1 35 -6 -29 -30 -14 -34
right_child=1 28 -4 4 32 6 20 8 -10 -11 17 -13 31 14 15 29 -18 -19 -20 -21 27 22 -24 26 -26 -27 -28 33 34 -31 -32 -33 36 -35 -36 -37 -38
leaf_value=-0.012814571656793016 -0.00038173521887602941 -0.0081243395069508402 -0.022267799997245381 0.0086770417714620782 -0.01424926589748364 -0.023392198050951336 0.0037917368797013816 -0.023453093918136176 0.016508384715746078 0.018153896283071694 -0.0017493245685779727 0.016403253096534572 -0.017065658690267101 0.016141242896070364 -0.0023370377150547985 -0.022738026115630628 0.021001637499757066 0.022934044542999354 -0.020204384513546475 0.022952601583685672 -0.0075534356267317575 0.019878262308363991 -0.0069743056014497425 0.010968065962249526 0.017637608875695151 0.0007667348005248938 0.020035142819655741 -0.015715073897452657 -0.022698031682087189 -0.009421822329370947 -0.022827316530405758 -0.011356307764060013 -0.020103559203539782 -0.022998201483825014 -0.016775287937322438 -0.022335391588289167 -0.022779606677686314
leaf_weight=2.3569785431027439 3.2505150884389904 1.1585128605365742 2.8734369501471511 2.5158769488334647 1.2018850594758976 2.3430989384651246 2.2336348295211774 2.8884324282407752 3.1736312955617905 7.2609358578920355 6.4445386901497823 3.2709182351827613 1.3525340855121601 1.7117155715823194 5.5503101423382741 4.0277863889932632 5.8925595283508301 3.0770499706268311 1.8933314383029936 2.1695396900177002 1.6125100702047346 1.6778719127178181 2.7563817128539085 6.4858609586954143 2.5407665558159351 1.5572297126054762 18.41664707660675 1.0444637462496755 3.4393481314182281 1.1073018684983251 3.2660023868083954 1.0561773031949995 1.2427059933543194 3.3559397161006927 1.0052902549505232 3.1559967547655106 9.7916879504919034
leaf_count=15 14 7 21 7 8 10 8 14 4 9 26 5 8 3 26 32 6 2 13 2 9 2 14 14 4 7 19 7 28 7 24 6 10 25 8 23 78
internal_value=0 0.00457409 0.00640293 -0.00663315 -0.0165238 0.00760885 0.00140817 0.0117269 -0.00253587 0.00713055 0.000369662 -0.0028253 -0.00462347 -0.00189635 0.00214342 -0.00508021 0.0119179 0.00624357 -0.00294165 0.00479147 -0.01185 0.0141892 0.00320615 0.0157729 0.00753892 -0.014459 0.0176817 -0.0176618 -0.0186986 -0.019903 -0.018674 -0.019054 -0.0217116 -0.0213265 -0.0214168 -0.0208135 -0.0225044
internal_weight=0 77.0389 71.4357 53.1205 14.7522 68.5623 27.3722 41.1901 6.06206 19.1256 11.8647 38.3684 35.0975 29.5328 22.3525 12.8549 9.49761 9.52159 3.60505 7.71985 8.24655 35.128 4.43425 30.6938 5.79128 7.18021 24.9025 6.01291 5.60315 5.13509 5.62298 5.56471 12.2363 4.4004 4.44464 4.50853 11.0344
internal_count=525 245 202 280 103 181 96 85 18 47 38 177 172 135 89 67 22 28 16 28 49 67 16 51 18 46 33 41 43 39 39 37 96 32 36 31 88
is_linear=0
shrinkage=0.0119772


Tree=4
num_leaves=33
num_cat=0
split_feature=50 46 4 2 7 43 38 48 50 50 46 7 5 5 7 50 31 11 50 46 49 19 43 1 50 12 6 13 38 47 13 4
split_gain=23.812 17.9952 20.3978 17.6715 10.5885 10.7967 9.67919 8.54261 11.8382 9.28484 12.7999 8.24985 5.74321 6.8413 4.89883 4.80028 11.3324 4.43915 7.72683 5.82207 3.73513 6.38432 2.44928 1.53529 1.15184 1.24361 1.07933 0.920084 0.56772 0.335589 0.219898 0.107445
threshold=11.500000000000002 35.000000000000007 5.5000000000000009 19.500000000000004 62.000000000000007 15.500000000000002 8.5000000000000018 6.5000000000000009 5.5000000000000009 5.5000000000000009 65.000000000000014 1.0000000180025095e-35 2.5000000000000004 1.5000000000000002 6.5000000000000009 10.500000000000002 1.5000000000000002 1.0000000180025095e-35 6.5000000000000009 75.000000000000014 3.5000000000000004 2.5000000000000004 2.5000000000000004 5.5000000000000009 5.5000000000000009 2.5000000000000004 1.5000000000000002 1.0000000180025095e-35 65.000000000000014 3.5000000000000004 1.0000000180025095e-35 17.500000000000004
decision_type=2 2 2 2 2 2 2 2 2 2 2 2 2 2 2 2 2 2 2 2 2 2 2 2 2 2 2 2 2 2 2 2
left_child=1 4 7 -2 5 6 24 9 14 10 23 -8 13 -13 -9 16 -6 20 -19 -20 21 -11 -12 -3 25 29 -14 -18 -22 -1 -10 -4
right_child=3 2 31 -5 15 -7 11 8 30 17 22 12 26 -15 -16 -17 27 18 19 -21 28 -23 -24 -25 -26 -27 -28 -29 -30 -31 -32 -33
leaf_value=-0.013812698476292915 -0.022611310524383605 0.005752647845059842 -0.022295570411087918 0.019524817613417889 0.016378718658152595 0.015679434898388668 0.0097970385042353142 -0.0079231663799541416 -0.022528450055347052 0.00026322893178050454 -0.0037647352152229011 -0.0088173362375658058 -0.010783044729930594 0.0068585653229397128 0.01149049185733093 0.01964791159947676 -0.022384130028459182 0.018300384978650139 -0.022825935121960874 0.0086939984238004892 0.01656695964941008 0.019987180602661872 -0.021228511007508038 0.016016148264374971 -0.022500141802973498 -0.0043029622705246431 -0.02180807953337199 -0.0082111873162154323 0.021410763491399528 -0.021551006192777271 -0.015042103102108033 -0.016789227616266458
leaf_weight=1.7331997752189621 9.7627162709832174 4.4254413396120054 2.774345107376575 1.6613177284598339 3.3634473159909231 3.0117414444684973 4.8862853720784214 2.582909904420374 2.330546915531158 4.7558031827211433 1.9986735060811032 13.101895309984689 2.0645881667733184 5.7295269370079032 6.6112644001841545 3.2634401619434357 1.5611166730523112 3.1704008281230918 1.7429418042302132 1.6015304401516914 5.9874999821186057 4.6567716598510742 2.7452683746814728 4.0137022882699966 4.7118691951036453 1.3675666674971578 3.5804875940084457 1.1821339800953863 9.858002804219721 1.8031888306140897 0.94576061517000187 0.98472516238689412
leaf_count=12 81 12 24 2 7 5 15 11 18 17 9 76 13 18 15 4 12 3 12 4 10 4 16 6 39 7 28 7 9 14 7 8
internal_value=0 0.00167305 0.00606061 -0.0164662 -0.0035534 -0.00612278 -0.00781271 0.00783165 -0.000936197 0.0102641 0.00180861 -0.00439185 -0.00722933 -0.00404472 0.00602963 0.00795001 0.00166576 0.0137693 0.00493477 -0.00774614 0.0160431 0.0100386 -0.0139071 0.0106545 -0.0182359 -0.014085 -0.0178145 -0.0163538 0.0195971 -0.0178299 -0.020443 -0.0209225
internal_weight=0 112.546 61.1856 11.424 51.3605 41.9903 38.9786 57.4265 12.4705 44.956 13.1831 29.3628 24.4765 18.8314 9.19417 9.37014 6.1067 31.773 6.51487 3.34447 25.2581 9.41257 4.74394 8.43914 9.61582 4.90396 5.64508 2.74325 15.8455 3.53639 3.27631 3.75907
internal_count=525 442 185 83 257 227 222 153 51 102 43 150 135 94 26 30 26 59 19 16 40 21 25 18 72 33 41 19 19 26 25 32
is_linear=0
shrinkage=0.0119772


Tree=5
num_leaves=39
num_cat=0
split_feature=47 48 3 50 46 6 47 48 50 46 15 46 43 4 7 39 27 12 31 7 7 38 48 47 42 47 50 50 49 10 43 38 1 38 49 42 50 0
split_gain=22.7057 14.0145 11.604 11.5741 9.66907 16.0836 13.9265 9.93893 10.6959 8.76077 11.3253 10.6881 6.84471 5.25808 5.21533 4.78652 4.60405 9.72962 4.29244 4.09786 4.44885 3.95951 7.91283 3.84022 3.73269 3.57975 3.57758 2.36348 1.99741 1.96172 1.07984 0.946364 0.700883 0.629524 0.558829 0.164379 0.0193913 0.00356808
threshold=4.5000000000000009 2.5000000000000004 23.500000000000004 11.500000000000002 85.000000000000014 1.5000000000000002 10.500000000000002 7.5000000000000009 4.5000000000000009 25.000000000000004 15.500000000000002 75.000000000000014 9.5000000000000018 12.500000000000002 1.5000000000000002 2.5000000000000004 1.5000000000000002 4.5000000000000009 1.0000000180025095e-35 5.5000000000000009 2.5000000000000004 13.500000000000002 7.5000000000000009 14.500000000000002 35.000000000000007 5.5000000000000009 5.5000000000000009 3.5000000000000004 8.5000000000000018 1.0000000180025095e-35 2.5000000000000004 3.5000000000000004 3.5000000000000004 45.000000000000007 4.5000000000000009 85.000000000000014 3.5000000000000004 12.500000000000002
decision_type=2 2 2 2 2 2 2 2 2 2 2 2 2 2 2 2 2 2 2 2 2 2 2 2 2 2 2 2 2 2 2 2 2 2 2 2 2 2
left_child=9 2 18 4 6 25 7 30 -9 10 13 14 23 19 -11 24 -4 -18 35 20 27 22 -14 37 -16 -6 -13 -1 32 33 -3 -32 -17 36 -27 -2 -21 -8
right_child=1 3 16 -5 5 -7 12 8 -10 11 -12 26 21 -15 15 28 17 -19 -20 29 -22 -23 -24 -25 -26 34 -28 -29 -30 -31 31 -33 -34 -35 -36 -37 -38 -39
leaf_value=-0.0012668405336874831 -0.022200461341825892 -0.01156216096866387 0.014584765752201448 -0.022206007643606189 0.020795432789086313 -0.022006314958205573 -0.018504229397251763 0.013670176652706003 -0.022129816798174287 -0.0021557843982294759 0.017557451118758814 -0.00013458647597134964 -0.016895229510241905 0.011957669549747769 -0.0081866514001876587 0.020675459670688328 -0.020181810283696019 0.019047516776587725 0.0053319315610973125 -0.019109529608276308 0.011804914450564455 0.017413139711340789 0.016548794445181373 0.0055483471618035579 0.011668847621820938 0.0098368506291507309 -0.022691488772733463 -0.02148048209092468 0.009842449165716801 -0.0024093755763465348 -0.0092449410546033371 -0.0216314386567114 0.015366173512850573 -0.0098497376726567054 0.0014146605974740868 -0.015811280845403015 -0.022220950809416471 -0.022061819148492395
leaf_weight=1.9207016080617925 1.9319501593709021 2.2265426218509736 9.5615350976586324 6.920787200331687 3.7892148792743665 2.5657592713832846 0.95614864677190636 3.1063835695385924 1.9305175542831419 3.2753848135471371 3.7399618178606024 3.0506020858883849 1.9798091948032377 2.0127500593662253 2.1723793447017696 9.6149674057960528 1.8701483309268943 1.7373513877391815 1.3977108448743818 1.7192002236843107 2.1964700892567635 3.5924177318811417 2.0560246258974075 1.1978714019060137 3.57621169090271 1.9928235337138174 1.4967463538050649 1.4558869823813436 4.9583012089133254 1.3115141391754148 0.9918169304728498 12.35315817594528 6.1697252020239821 0.94535452127456654 2.6265317723155022 1.158584840595722 2.3475882187485695 1.3841372579336164
leaf_count=10 16 15 15 61 4 21 8 7 16 13 6 13 15 5 11 10 14 2 6 12 6 5 3 3 9 5 10 11 15 7 6 100 11 6 11 6 20 11
internal_value=0 -0.00459029 0.00457118 -0.00784813 -0.00551709 0.00416984 -0.00886413 -0.0146982 -6.52114e-05 0.00594712 -0.000908182 0.00947314 0.00190444 -0.00588692 0.0120858 0.0138481 0.0102393 -0.00127937 -0.0120346 -0.00891816 -0.00141686 0.00829028 0.000132757 -0.0118347 0.00415818 0.0121819 -0.00760834 -0.0100394 0.0165277 -0.0155079 -0.0194255 -0.0207229 0.0186162 -0.0189142 0.00507205 -0.0198894 -0.0209764 -0.0207286
internal_weight=0 67.3272 17.6573 49.6699 42.7492 10.9743 31.7748 20.6084 5.0369 51.9637 17.6494 34.3143 11.1664 13.9095 29.767 26.4916 13.169 3.6075 4.48825 11.8967 5.57306 7.62825 4.03583 3.53816 5.74859 8.40857 4.54735 3.37659 20.743 6.32366 15.5715 13.345 15.7847 5.01214 4.61936 3.09053 4.06679 2.34029
internal_count=525 350 59 291 230 41 189 144 23 175 83 92 45 77 69 56 31 16 28 72 27 23 18 22 20 20 23 21 36 45 121 106 21 38 16 22 32 19
is_linear=0
shrinkage=0.0119772


Tree=6
num_leaves=36
num_cat=0
split_feature=47 48 50 3 38 11 7 3 46 46 7 39 43 7 15 39 19 6 19 50 49 38 50 39 31 20 39 49 49 50 19 4 46 7 46
split_gain=21.0862 13.4208 10.5428 9.66525 10.9279 16.1647 9.79522 8.95353 8.39646 10.9919 6.76641 7.15145 4.36093 9.77958 4.32161 10.0481 7.18112 4.30298 5.84368 4.28845 12.0734 4.08132 3.74778 3.82998 3.53705 3.21199 3.03743 3.0189 4.17596 1.80555 1.28961 0.794271 0.456915 0.445639 0.159486
threshold=4.5000000000000009 2.5000000000000004 11.500000000000002 50.500000000000007 65.000000000000014 1.5000000000000002 1.0000000180025095e-35 23.500000000000004 75.000000000000014 35.000000000000007 62.000000000000007 9.5000000000000018 1.5000000000000002 5.5000000000000009 2.5000000000000004 15.500000000000002 10.500000000000002 2.5000000000000004 1.5000000000000002 7.5000000000000009 5.5000000000000009 55.000000000000007 6.5000000000000009 4.5000000000000009 1.0000000180025095e-35 1.5000000000000002 11.500000000000002 7.5000000000000009 6.5000000000000009 5.5000000000000009 1.0000000180025095e-35 1.0000000180025095e-35 55.000000000000007 8.5000000000000018 65.000000000000014
decision_type=2 2 2 2 2 2 2 2 2 2 2 2 2 2 2 2 2 2 2 2 2 2 2 2 2 2 2 2 2 2 2 2 2 2 2
left_child=8 7 3 4 5 22 -5 24 9 10 11 27 -11 21 -9 16 32 -15 -19 -6 -21 -14 23 -3 33 -8 -13 28 30 -10 -1 -29 -16 -2 -24
right_child=1 2 -4 6 19 -7 25 14 29 12 -12 26 13 17 15 -17 -18 18 -20 20 -22 -23 34 -25 -26 -27 -28 31 -30 -31 -32 -33 -34 -35 -36
leaf_value=-0.0056881359901276955 -0.021843773403287591 -0.020104673414786615 -0.021835121734714698 0.0053790337154257691 0.017453931757180848 0.013228536167287955 -0.021673741776770516 0.01766361155992173 -0.0051327982913674233 0.019154576770872612 0.012602206344280924 0.017626647444636649 -0.021507706374291176 0.018789580893035236 -0.012899837910720651 0.021767059329880722 0.012806286248191853 0.017743595046877302 -0.010504625274620503 0.015741421119810587 -0.021783978290787688 0.0053792281250494125 -0.021853950205665062 -0.0026215138077561057 0.0048373499994300651 0.00094027017415871555 -0.00071512363014010374 -0.010035227298663258 0.0078136755533250377 -0.022279448288943692 -0.018280219920585938 -0.021898696685742167 -0.022525380649925625 -0.011354701892630459 -0.015484571236176678
leaf_weight=3.0941801294684463 1.8475968688726454 2.6245098412036949 6.6051338315010062 2.9117935970425597 4.419019550085066 4.3137088790535918 9.2620772346854174 5.4117894321680051 2.6370239406824107 9.2994153723120707 5.4245482683181754 2.6887791231274596 1.8192042931914323 8.0476967170834524 1.4599234238266947 2.7442997694015503 1.6777663752436636 2.1130610406398764 2.0643091127276421 3.2053659334778786 1.978314012289047 1.4415948987007139 4.6896735876798621 5.6784986108541489 1.4076472744345663 0.99369227886200029 2.479923814535141 1.3732254579663279 2.7653482034802437 1.3243288919329641 1.8898118808865545 2.1491439491510391 1.5748149901628492 0.94119074195623387 0.85581248253583897
leaf_count=18 16 21 61 10 7 10 76 6 13 11 13 5 11 10 9 2 4 3 13 6 17 5 42 30 6 4 13 9 10 10 14 17 10 6 7
internal_value=0 -0.00453488 -0.00780541 -0.00553469 -0.00152327 -0.0069866 -0.0139811 0.00457284 0.00578818 0.00721072 0.00101777 -0.00280917 0.0126694 0.00876046 0.00952691 0.00359752 -0.00700588 0.0136748 0.0037866 0.00880204 0.00139571 -0.0096356 -0.0132922 -0.00817374 -0.0105943 -0.0194809 0.00883935 -0.00815751 -0.00396048 -0.0109256 -0.0105033 -0.017335 -0.0179777 -0.0183823 -0.0209141
internal_weight=0 64.6026 47.5376 40.9325 27.7649 18.1622 13.1676 17.065 50.6116 46.6502 21.865 16.4404 24.7853 15.4859 12.8686 7.4568 4.7125 12.2251 4.17737 9.6027 5.18368 3.2608 13.8485 8.30301 4.19643 10.2558 5.1687 11.2717 7.74934 3.96135 4.98399 3.52237 3.03474 2.78879 5.54549
internal_count=525 350 291 230 140 110 90 59 175 152 99 86 53 42 31 25 23 26 16 30 23 16 100 51 28 80 18 68 42 23 32 26 19 22 49
is_linear=0
shrinkage=0.0119772


Tree=7
num_leaves=34
num_cat=0
split_feature=47 48 50 46 6 47 3 48 50 43 0 46 7 28 38 46 17 39 46 48 48 50 47 47 49 48 48 43 6 42 49 38 43
split_gain=20.2408 13.0514 9.52602 9.0265 13.7797 11.0481 8.00163 7.59884 8.63189 6.7263 9.92217 7.04641 6.66395 6.40034 8.44112 5.76198 9.57242 4.61748 4.50931 4.27988 4.1747 3.86126 3.82227 3.53655 3.48631 3.45833 1.58865 1.21744 0.946016 0.882533 0.420172 0.388634 0.321856
threshold=4.5000000000000009 2.5000000000000004 11.500000000000002 85.000000000000014 1.5000000000000002 10.500000000000002 23.500000000000004 7.5000000000000009 4.5000000000000009 1.5000000000000002 1.0000000180025095e-35 65.000000000000014 1.5000000000000002 1.0000000180025095e-35 65.000000000000014 25.000000000000004 1.0000000180025095e-35 7.5000000000000009 35.000000000000007 1.5000000000000002 7.5000000000000009 5.5000000000000009 15.500000000000002 5.5000000000000009 10.500000000000002 2.5000000000000004 5.5000000000000009 2.5000000000000004 1.0000000180025095e-35 25.000000000000004 4.5000000000000009 4.5000000000000009 4.5000000000000009
decision_type=2 2 2 2 2 2 2 2 2 2 2 2 2 2 2 2 2 2 2 2 2 2 2 2 2 2 2 2 2 2 2 2 2
left_child=9 6 3 5 23 7 21 27 -9 18 25 12 20 14 22 16 24 -13 -1 28 -12 -2 -7 -5 -14 -11 29 -3 -8 -17 -25 -29 -27
right_child=1 2 -4 4 -6 13 19 8 -10 10 11 17 15 -15 -16 26 -18 -19 -20 -21 -22 -23 -24 30 -26 32 -28 31 -30 -31 -32 -33 -34
leaf_value=0.0014741941043989514 0.0012091094672450401 -0.010270472773880063 -0.021489440950987718 0.020465545613019366 -0.021365582966713252 -0.02063229599672842 0.006412045746941532 0.012476021608842893 -0.021431716215958799 0.004293720870833454 -0.01822809739671423 -0.021418971271071868 -0.017579673235273791 0.013896164852796711 0.013680710060754232 0.020568919792656945 0.014801865257471148 0.0081791832634231371 0.017098356732734566 0.014547012398412988 0.0072487333046428971 -0.021783150258052341 0.0039927943779702159 0.0086385948769347777 0.0047263563127348035 -0.014152114861334974 0.0085797780884402583 -0.01387747686637837 -0.0050806113239214275 0.013422764463591287 0.0012236264788228817 -0.020887008699732479 -0.021896602093271912
leaf_weight=3.623586192727088 2.2088778242468861 2.1837104335427346 6.2677186504006377 3.5187110677361471 2.3597314283251754 3.6629388853907567 1.7399245947599382 2.7350989654660216 1.7587335482239721 1.233768805861472 2.1454938873648706 2.1360419467091556 2.9889664500951785 3.5543076395988464 2.1883752271533012 5.0680267214775068 4.3296491354703903 1.1563002243638036 9.924100346863268 8.1295806467533112 1.600157402455807 1.9742829352617262 1.1916289329528806 1.9219400212168691 1.5014708116650579 1.4250669404864313 4.8120780885219565 1.4174121990799893 2.4702863767743111 5.1960373818874359 2.5705211088061333 10.942608222365378 2.1591473072767258
leaf_count=15 11 15 61 4 21 32 5 7 16 5 15 15 23 7 4 5 9 5 15 15 6 17 2 5 7 11 14 11 11 12 11 95 18
internal_value=0 -0.00450913 -0.00777169 -0.00561565 0.00399572 -0.00898061 0.00462479 -0.014434 -0.000809487 0.00574325 0.00301656 0.00550834 0.00748253 0.000818414 -0.00578959 0.00981111 0.00211293 -0.011022 0.0129271 0.00947723 -0.00734743 -0.00966685 -0.014586 0.0114918 -0.0101213 -0.012948 0.0143071 -0.0186371 -0.000318238 0.0169753 0.00441848 -0.0201007 -0.0188866
internal_weight=0 62.7964 46.2734 40.0057 10.3709 29.6348 16.523 19.0376 4.49383 49.2999 35.7522 30.9342 27.6419 10.5973 7.04294 23.8962 8.82009 3.29234 13.5477 12.3398 3.74565 4.18316 4.85457 8.01117 4.49044 4.81798 15.0761 14.5437 4.21021 10.2641 4.49246 12.36 3.58421
internal_count=525 350 291 230 41 189 59 144 23 175 145 111 91 45 38 70 39 20 30 31 21 28 34 20 30 34 31 121 16 17 16 106 29
is_linear=0
shrinkage=0.0119772


Tree=8
num_leaves=33
num_cat=0
split_feature=47 23 2 38 15 19 15 50 2 12 46 46 15 2 2 39 3 48 50 47 39 3 3 39 39 4 50 38 46 43 19 50
split_gain=18.449 11.7242 12.892 13.4893 13.4778 10.8874 8.79527 10.0101 7.50185 6.73887 6.39 9.04891 8.88645 5.71886 5.41042 5.53081 4.20822 3.62516 3.42896 2.91155 2.70416 2.65345 2.35768 3.17955 2.08032 2.77529 1.48941 1.23171 1.0562 0.610154 0.161424 0.0173348
threshold=4.5000000000000009 1.0000000180025095e-35 1.5000000000000002 115.00000000000001 1.5000000000000002 6.5000000000000009 27.500000000000004 7.5000000000000009 2.5000000000000004 1.5000000000000002 25.000000000000004 75.000000000000014 15.500000000000002 7.5000000000000009 1.0000000180025095e-35 2.5000000000000004 5.5000000000000009 2.5000000000000004 3.5000000000000004 2.5000000000000004 6.5000000000000009 1.0000000180025095e-35 21.500000000000004 9.5000000000000018 3.5000000000000004 1.5000000000000002 5.5000000000000009 85.000000000000014 17.000000000000004 2.5000000000000004 1.0000000180025095e-35 4.5000000000000009
decision_type=2 2 2 2 2 2 2 2 2 2 2 2 2 2 2 2 2 2 2 2 2 2 2 2 2 2 2 2 2 2 2 2
left_child=10 2 3 18 8 6 7 9 20 -6 12 13 14 16 15 -1 21 -17 -2 -13 -4 -12 -16 28 25 -18 -10 -21 30 -26 -24 -3
right_child=1 31 4 -5 5 -7 -8 -9 26 -11 11 19 -14 -15 22 17 24 -19 -20 27 -22 -23 23 -25 29 -27 -28 -29 -30 -31 -32 -33
leaf_value=0.018416828981345362 -0.0058870031896343291 -0.01830751255104095 0.0028744890181519492 0.011328409365463043 -0.019434412621215296 0.011745376915132029 0.021169081817825203 -0.021395677710592621 0.0065831410440891722 0.0012639597794156065 0.011490299853733857 0.0069574945416026584 0.016908199428559777 -0.0030499922266919752 -0.020689344958079232 0.007389071561725009 0.00020013675009032246 -0.019284526081927857 -0.021175976291759185 -0.021658783608370341 -0.021192034923613396 -0.0088967073294136893 -0.013586897099534954 0.0061165276984992334 0.021377374053324454 0.015889222593206541 0.016366386321595924 -0.0053180405849072923 -0.0040236349927909761 0.015988770817542915 -0.02044524667193175 -0.021322901247837062
leaf_weight=2.3013406991958645 2.7400236874818793 1.3008160144090641 1.450064726173877 2.8202375546097747 2.9474606513977148 4.8522043228149405 1.3610607385635365 7.2126644179224959 3.0071450844407073 9.4780570045113546 1.820650964975367 1.2542841359972943 3.3448287323117247 3.5599734038114539 2.5040653049945814 1.4048827514052393 2.6359376013278988 1.4971950799226759 9.3315559476613981 1.6185763105750086 1.2247337102890012 1.8170389756560323 1.0235945433378222 1.8479061126708982 5.0369331836700431 4.1928045079112053 9.090780742466448 1.1417135521769521 1.24518807977438 8.6878432929515821 1.412275396287441 4.4137559235095978
leaf_count=4 14 11 7 8 25 12 1 68 11 38 5 5 6 15 21 6 11 12 89 11 11 11 7 8 5 7 14 7 8 15 11 41
internal_value=0 -0.00436661 -0.0026821 -0.0122101 0.000812482 -0.00440129 -0.00813859 -0.0101837 0.00993457 -0.0036578 0.00552992 0.00867489 -0.000495068 0.0111065 -0.00490718 0.00459612 0.0131917 -0.0063841 -0.0177181 -0.00810802 -0.00817986 0.00130211 -0.0110647 -0.00666286 0.0152923 0.00984948 0.0139467 -0.0149665 -0.0130863 0.0179865 -0.017661 -0.0206838
internal_weight=0 61.2306 55.516 14.8918 40.6242 25.8514 20.9992 19.6382 14.7727 12.4255 48.347 31.7658 16.5813 27.7512 13.2364 5.20342 24.1912 2.90208 12.0716 4.01457 2.6748 3.63769 8.03303 5.52896 20.5535 6.82874 12.0979 2.76029 3.68106 13.7248 2.43587 5.71457
internal_count=525 350 298 111 187 144 132 131 43 63 175 92 83 69 77 22 54 18 103 23 18 16 55 34 38 18 25 18 26 20 18 52
is_linear=0
shrinkage=0.0119772


Tree=9
num_leaves=33
num_cat=0
split_feature=46 23 4 46 17 49 50 39 6 3 50 7 7 38 50 50 0 47 6 7 50 7 50 50 50 47 46 17 49 49 38 50
split_gain=18.0799 14.9034 11.2414 10.0383 9.20451 7.57818 8.34793 6.79853 6.68067 14.6887 6.18081 6.79139 7.50726 5.07035 4.76793 3.88041 3.55688 2.74088 2.65515 4.86315 2.61579 2.13156 2.08466 1.33481 1.33325 1.33215 1.27649 1.24428 1.24079 0.783698 0.421735 0.100463
threshold=25.000000000000004 1.0000000180025095e-35 5.5000000000000009 10.500000000000002 1.5000000000000002 10.500000000000002 5.5000000000000009 2.5000000000000004 1.0000000180025095e-35 23.500000000000004 11.500000000000002 62.000000000000007 12.500000000000002 6.5000000000000009 2.5000000000000004 10.500000000000002 1.5000000000000002 5.5000000000000009 1.5000000000000002 1.0000000180025095e-35 5.5000000000000009 11.500000000000002 5.5000000000000009 4.5000000000000009 3.5000000000000004 5.5000000000000009 55.000000000000007 1.0000000180025095e-35 10.500000000000002 5.5000000000000009 2.5000000000000004 3.5000000000000004
decision_type=2 2 2 2 2 2 2 2 2 2 2 2 2 2 2 2 2 2 2 2 2 2 2 2 2 2 2 2 2 2 2 2
left_child=3 2 5 10 23 7 21 14 9 17 11 12 13 24 -2 27 -10 -9 19 -15 -11 -7 -4 29 -1 -18 -16 -13 30 -5 -14 -32
right_child=1 -3 22 4 -6 6 -8 8 16 20 -12 15 28 18 26 -17 25 -19 -20 -21 -22 -23 -24 -25 -26 -27 -28 -29 -30 -31 31 -33
leaf_value=-0.005181348221148443 0.012995717873499396 -0.020623776661934524 -0.0038859244898286288 -0.0057320635487551983 0.015521574195525845 -0.0060658424838578879 -0.021421837874668795 0.015263997614813722 0.0055851364840232703 -0.0044854939342509484 -0.02113369541943521 0.0095071600019047808 -0.0099444375996172694 0.010488746329729409 -0.0047158661082619419 0.021132749564330734 0.020090626518838643 0.0038906877306211446 0.01375760488191833 -0.0055516750311655353 -0.021668904914245484 0.010582927697578013 -0.02104086085489695 -0.021031536830352266 -0.021041579932012725 0.013547994884324619 -0.018786262702504278 -0.0039749048204678868 -0.0040907065455688561 -0.0190200221309989 -0.016502452801031856 -0.02107901412630361
leaf_weight=1.4359120950102906 1.640144608914851 3.287574738264083 1.8319127410650242 1.594350658357141 1.2519655749201781 1.6482925191521633 2.6177527233958244 9.1992759853601473 4.9452178329229382 2.8604091331362715 2.3173686489462844 1.8289104998111718 0.87435643374919791 4.4106226786971074 1.9663777351379397 2.6241600513458252 9.8153361827135104 4.5660347342491141 2.743942715227603 6.9929254353046417 2.2956539466977119 3.2724085226655006 2.3045362532138824 8.2428922280669195 1.6465155258774755 8.5506619215011579 1.7672678828239439 2.0893872529268265 1.1859742701053617 1.0783004909753797 1.5496750846505163 2.5792292580008507
leaf_count=9 5 30 12 10 3 10 24 17 15 11 23 6 6 14 10 2 11 19 6 42 19 9 22 81 15 18 13 11 7 9 12 24
internal_value=0 0.00414893 0.00552738 -0.00584012 -0.0151058 0.00695694 -0.00419218 0.00872374 0.0103382 0.00504318 -0.00234192 -0.000879146 -0.0038946 0.000170681 -0.00395262 0.00989657 0.0146296 0.0115008 0.00320785 0.000654125 -0.0121765 0.00499802 -0.0134861 -0.0186354 -0.0137149 0.0170577 -0.0114253 0.00231967 -0.0151947 -0.0111693 -0.0178033 -0.0194244
internal_weight=0 62.5689 59.2813 44.4465 12.1675 55.1448 7.53845 47.6064 42.2326 18.9214 32.279 29.9616 23.4192 17.2299 5.37379 6.54246 23.3112 13.7653 14.1475 11.4035 5.15606 4.9207 4.13645 10.9155 3.08243 18.366 3.73365 3.9183 6.18924 2.67265 5.00326 4.1289
internal_count=525 245 215 280 103 181 43 138 110 66 177 154 135 86 28 19 44 36 62 56 30 19 34 100 24 29 23 17 49 19 42 36
is_linear=0
shrinkage=0.0119772


Tree=10
num_leaves=31
num_cat=0
split_feature=47 48 50 3 2 38 39 7 43 0 48 0 46 46 15 29 47 15 39 6 46 38 7 48 20 50 39 7 46 43
split_gain=16.4404 12.8704 7.98505 8.04869 9.13013 9.33509 7.50255 6.42487 6.11022 9.08145 5.91571 6.929 5.17962 5.17362 9.04936 4.70058 4.17871 10.4012 4.14618 4.07007 3.98889 3.26419 3.25242 2.75952 2.696 2.40691 1.72147 1.2389 0.882492 0.263617
threshold=4.5000000000000009 2.5000000000000004 11.500000000000002 50.500000000000007 1.5000000000000002 115.00000000000001 5.5000000000000009 1.0000000180025095e-35 1.5000000000000002 1.0000000180025095e-35 1.5000000000000002 4.5000000000000009 65.000000000000014 25.000000000000004 15.500000000000002 1.0000000180025095e-35 11.500000000000002 1.5000000000000002 7.5000000000000009 1.5000000000000002 35.000000000000007 115.00000000000001 2.5000000000000004 2.5000000000000004 1.5000000000000002 3.5000000000000004 9.5000000000000018 15.500000000000002 75.000000000000014 4.5000000000000009
decision_type=2 2 2 2 2 2 2 2 2 2 2 2 2 2 2 2 2 2 2 2 2 2 2 2 2 2 2 2 2 2
left_child=8 10 3 4 5 25 28 -5 20 23 11 -2 13 14 15 26 17 -8 -14 21 -1 -12 -15 -10 -9 -3 -11 -24 -6 -25
right_child=1 2 -4 7 6 -7 16 24 9 12 19 -13 18 22 -16 -17 -18 -19 -20 -21 -22 -23 27 29 -26 -27 -28 -29 -30 -31
leaf_value=0.0012824548756857398 -0.02111118582679225 -0.0045623779073953345 -0.020695918630456264 0.0021055402464750122 -0.020151377952026376 0.016942327257776106 0.011598570884341982 -0.020657193970636128 0.0024376714296338699 -0.016771692442546761 -0.013032912716771407 0.0066179980756989644 -0.020735999133738039 -0.0016127471557402344 0.016609720480434329 0.011414887948419942 0.015260219018585462 -0.017415289845545145 0.0080292026728865148 0.015164045178467898 0.016463758116142927 0.011217729528643201 0.016561827759715375 -0.014009808973832787 7.5935218379422968e-05 -0.020676677140173884 -0.0029646758692072283 0.0087980767953743204 -0.0067684113960560649 -0.021385046567760555
leaf_weight=3.393920697271823 2.2534225806593868 1.7571196183562294 5.7665212899446479 2.8611796572804442 1.5190012753009825 1.3800764605402944 5.1950653195381147 8.2587596923112851 1.2076999992132176 3.7608129978179985 1.6041019558906557 2.9973648861050606 1.856526963412761 2.3413765281438819 3.3925171121954918 1.5491153821349142 5.5967353358864784 2.6743782758712769 1.1572234034538267 7.3146009296178818 9.3095595687627775 1.5561548024415968 8.1232504695653898 1.2836603820323946 1.0057886242866505 5.6402448639273643 1.9920313730835912 4.7467968612909308 1.3657252117991445 2.0610465928912163
leaf_count=15 18 10 61 10 14 2 15 76 5 31 12 11 15 10 6 4 11 23 5 14 15 4 13 11 4 56 12 15 9 18
internal_value=0 -0.00420296 -0.00759214 -0.00555666 -0.00168563 -0.0115314 0.00360245 -0.0135659 0.00534685 0.00265939 0.00506535 -0.00529771 0.00513648 0.00686669 0.000478264 -0.00702744 0.00736019 0.00172216 -0.00969205 0.0102634 0.0124157 -0.00108381 0.0113518 -0.0130402 -0.0184056 -0.0168677 -0.0120134 0.0137123 -0.0138836 -0.0186272
internal_weight=0 58.7462 43.0206 37.2541 25.1283 8.77744 16.3509 12.1257 46.1755 33.4721 15.7256 5.25079 28.9197 25.9059 10.6945 7.30196 13.4662 7.86944 3.01375 10.4749 12.7035 3.16026 15.2114 4.55241 9.26455 7.39736 5.75284 12.87 2.88473 3.34471
internal_count=525 350 291 230 140 68 72 90 175 145 59 29 111 91 53 47 49 38 20 30 30 16 38 34 80 66 43 28 23 29
is_linear=0
shrinkage=0.0119772


Tree=11
num_leaves=31
num_cat=0
split_feature=47 48 50 15 38 10 50 1 48 2 43 46 46 47 48 50 49 6 50 43 2 15 38 38 38 50 48 7 6 50
split_gain=16.3067 11.6913 7.60982 8.73131 9.38931 9.3677 8.08194 5.87415 5.70855 6.15976 5.68959 5.97145 5.69049 5.65101 7.41426 3.77035 8.05711 3.63044 3.48506 3.18003 3.13282 2.6974 2.60931 2.42553 2.65813 2.75737 2.06055 2.0547 0.406288 0.0933022
threshold=4.5000000000000009 2.5000000000000004 11.500000000000002 3.5000000000000004 65.000000000000014 1.0000000180025095e-35 4.5000000000000009 14.500000000000002 1.5000000000000002 4.5000000000000009 10.500000000000002 5.5000000000000009 75.000000000000014 1.5000000000000002 5.5000000000000009 7.5000000000000009 5.5000000000000009 1.5000000000000002 5.5000000000000009 8.5000000000000018 1.0000000180025095e-35 4.5000000000000009 115.00000000000001 75.000000000000014 45.000000000000007 1.5000000000000002 2.5000000000000004 8.5000000000000018 1.0000000180025095e-35 3.5000000000000004
decision_type=2 2 2 2 2 2 2 2 2 2 2 2 2 2 2 2 2 2 2 2 2 2 2 2 2 2 2 2 2 2
left_child=10 8 3 4 5 19 7 28 9 -2 11 26 13 14 21 -6 -17 22 -12 20 -3 -13 -10 24 25 -15 -1 -14 -5 -16
right_child=1 2 -4 6 15 -7 -8 -9 17 -11 18 12 27 23 29 16 -18 -19 -20 -21 -22 -23 -24 -25 -26 -27 -28 -29 -30 -31
leaf_value=0.00023590420866668552 -0.020848854842249662 -0.020071376662771742 -0.020426252735728078 -0.010722368845256085 0.018458610636397702 0.014695413927028993 -0.02059653071310057 0.0070034692351685305 -0.011647648359377923 0.0054835795089487526 0.003064700420919999 -0.0027200509099364451 0.00060272889705181192 -0.00035827902363578677 -0.015712180158451879 0.013677127550569093 -0.020460209935371988 0.014427676628746425 -0.021338596632733943 -0.020600084057457842 -0.0026006879240144361 0.015197369891823402 0.010151787395767439 0.019402560482541086 -0.0018267572325792666 0.01266710092005304 -0.019547037242655593 -0.020462089922078649 -0.020618439087406706 -0.021676223138347678
leaf_weight=1.4970339834690087 2.1854801401495907 1.9512691795825974 5.6583992466330519 1.1190959066152566 3.6776197850704175 2.4097653999924651 8.1465289369225484 3.7520205527544022 1.6010518074035647 3.0202755257487297 1.6018150672316545 2.1004284694790831 1.4340790882706635 2.6340332329273322 0.97589873522520099 2.8904036730527878 1.4938817620277403 7.229789987206459 1.7403778433799741 3.5679931417107582 5.9284504055976868 2.7969308122992516 1.5259671434760091 4.5124438479542723 2.5111065208911887 19.908699490129948 1.504475839436054 1.219068683683872 1.4637620374560354 1.175359673798084
leaf_count=8 18 19 61 6 5 5 79 13 12 11 8 12 7 11 8 6 15 14 15 34 35 5 4 7 12 50 13 10 13 9
internal_value=0 -0.0042348 -0.00751626 -0.0055022 -0.00073096 -0.00670959 -0.0127149 -0.00255331 0.00463039 -0.00558831 0.00534956 0.00654003 0.00778559 0.00901376 -0.000617899 0.00953593 0.00201259 0.00977052 -0.00966494 -0.0112294 -0.00695618 0.00751855 -0.00100088 0.0113104 0.00984262 0.0111443 -0.00970887 -0.00911407 -0.0164159 -0.0190926
internal_weight=0 57.6218 42.0592 36.4008 21.9194 13.8575 14.4814 6.33488 15.5626 5.20576 45.6118 42.2696 39.268 36.6149 7.04862 8.06191 4.38429 10.3568 3.34219 11.4477 7.87972 4.89736 3.12702 29.5663 25.0538 22.5427 3.00151 2.65315 2.58286 2.15126
internal_count=525 350 291 230 119 93 111 32 59 29 175 152 131 114 34 26 21 30 23 88 54 17 16 80 73 61 21 17 19 17
is_linear=0
shrinkage=0.0119772


Tree=12
num_leaves=33
num_cat=0
split_feature=50 46 4 23 46 50 48 7 7 50 39 38 47 50 50 7 7 50 1 48 43 50 0 50 50 50 42 43 13 1 4 48
split_gain=15.1441 11.8958 12.6665 9.76145 8.24178 7.9474 6.5876 6.28989 6.37954 6.28542 5.89011 5.84687 5.5152 3.93645 3.57415 3.31101 4.32845 3.26045 3.19284 2.54428 2.1934 1.8044 1.59363 1.3311 1.10515 1.02666 0.923517 0.646217 0.601781 0.525031 0.470008 0.00423497
threshold=12.500000000000002 25.000000000000004 5.5000000000000009 1.0000000180025095e-35 10.500000000000002 1.5000000000000002 6.5000000000000009 62.000000000000007 11.500000000000002 5.5000000000000009 3.5000000000000004 6.5000000000000009 4.5000000000000009 5.5000000000000009 9.5000000000000018 9.5000000000000018 1.0000000180025095e-35 10.500000000000002 5.5000000000000009 7.5000000000000009 5.5000000000000009 2.5000000000000004 1.0000000180025095e-35 3.5000000000000004 5.5000000000000009 3.5000000000000004 9.5000000000000018 2.5000000000000004 1.0000000180025095e-35 1.5000000000000002 1.0000000180025095e-35 6.5000000000000009
decision_type=2 2 2 2 2 2 2 2 2 2 2 2 2 2 2 2 2 2 2 2 2 2 2 2 2 2 2 2 2 2 2 2
left_child=1 4 3 6 7 -6 10 8 11 19 12 25 20 18 -15 16 -13 22 -12 -8 -3 -21 -9 26 -4 -1 -10 -7 -11 -14 -25 -5
right_child=-2 2 24 31 5 27 9 17 23 28 13 15 29 14 -16 -17 -18 -19 -20 21 -22 -23 -24 30 -26 -27 -28 -29 -30 -31 -32 -33
leaf_value=-0.0062629468035903741 -0.020415460409022115 -0.0012120069792460691 -0.0083810751647565695 -0.020786019800031839 0.0079740651404291256 -0.0097325705147567228 -0.0056675457318188125 0.011676426125749637 -0.0016830833831698304 -0.020652859689899737 -0.0052423137327098236 0.0098521508919905496 -0.019857032116496295 0.015862505509752135 0.0052268477570051675 0.017514434449872104 -0.0050568930911674102 0.020486989333210758 0.014233458480317129 0.015181516707756488 0.015020291860090816 0.0011262675820441822 -0.0039312600897736189 -0.010636984795564601 -0.020482298855003089 -0.020272355017672442 -0.014989001100180506 -0.020096894291323452 -0.0077884044714802902 -0.0090161229414159015 -0.020433566989255327 -0.017142281467760128
leaf_weight=1.3251889422535996 4.94485980272293 2.1663246080279341 2.0776714310050002 1.2023372873663896 1.9856917262077312 1.0427811518311498 2.5082810223102552 1.6414495036005967 1.783027991652488 1.8958820924162867 3.1876277029514304 4.8152410164475423 1.1280676648020747 21.15964358299971 5.800993748009204 2.1116400957107535 6.6153584718704224 2.4762495756149292 1.9262183308601377 2.9425243064761162 2.6341161355376244 2.3678300082683563 2.1549763754010201 1.0132299512624743 2.3461980819702148 1.793211832642555 1.2897694110870359 6.904214084148407 0.76084998995065678 1.6004296913743017 2.8738017901778221 0.82783366739749897
leaf_count=9 52 12 15 11 7 8 12 5 9 19 15 16 10 35 22 3 42 2 4 7 6 10 12 9 23 18 10 71 6 9 28 8
internal_value=0 0.00105018 0.00458218 0.00623539 -0.00396254 -0.0134076 0.00728114 -0.000818771 -0.00365158 -0.0011614 0.00951476 0.00037181 -1.48557e-05 0.0117519 0.0135788 0.00378099 0.00122464 0.0098292 0.00210383 0.00424664 0.00770393 0.00893811 0.00282433 -0.0132711 -0.0148462 -0.0143784 -0.00731707 -0.0187586 -0.017035 -0.0135805 -0.0179308 -0.0194306
internal_weight=0 96.3587 56.5328 52.109 39.8258 9.93269 50.0788 29.8931 23.6205 10.4754 39.6034 16.6606 7.52894 32.0745 26.9606 13.5422 11.4306 6.27268 5.11385 7.81864 4.80044 5.31035 3.79643 6.95983 4.42387 3.1184 3.0728 7.947 2.65673 2.7285 3.88703 2.03017
internal_count=525 473 224 186 249 86 167 163 144 54 113 88 37 76 57 61 58 19 19 29 18 17 17 56 38 27 19 79 25 19 37 19
is_linear=0
shrinkage=0.0119772


Tree=13
num_leaves=35
num_cat=0
split_feature=47 48 50 3 0 38 7 3 38 43 0 39 46 47 42 43 15 46 48 39 7 46 17 50 39 48 20 0 50 11 7 13 39 43
split_gain=15.3701 11.2742 6.87045 7.32056 7.42462 7.57462 5.43385 5.40232 6.55321 5.25708 8.23177 5.08706 4.51865 4.12701 5.39016 4.11849 7.90407 3.54992 3.4966 3.20708 2.29345 2.29897 7.04805 2.08897 2.73167 2.02085 1.97573 1.57991 1.49102 1.25735 1.22514 1.08226 0.36551 0.29945
threshold=4.5000000000000009 2.5000000000000004 11.500000000000002 50.500000000000007 1.5000000000000002 115.00000000000001 1.0000000180025095e-35 23.500000000000004 135.00000000000003 1.5000000000000002 1.0000000180025095e-35 5.5000000000000009 65.000000000000014 1.5000000000000002 105.00000000000001 9.5000000000000018 1.5000000000000002 35.000000000000007 1.5000000000000002 7.5000000000000009 1.5000000000000002 25.000000000000004 1.0000000180025095e-35 4.5000000000000009 4.5000000000000009 2.5000000000000004 1.5000000000000002 2.5000000000000004 3.5000000000000004 1.5000000000000002 8.5000000000000018 1.0000000180025095e-35 5.5000000000000009 4.5000000000000009
decision_type=2 2 2 2 2 2 2 2 2 2 2 2 2 2 2 2 2 2 2 2 2 2 2 2 2 2 2 2 2 2 2 2 2 2
left_child=9 7 3 4 5 23 -5 8 32 17 25 27 13 14 28 16 -13 -1 30 -14 -15 22 -22 24 -3 -11 -8 -6 -12 -17 -9 -23 -2 -27
right_child=1 2 -4 6 11 -7 26 18 -10 10 12 15 19 20 -16 29 -18 -19 -20 -21 21 31 -24 -25 -26 33 -28 -29 -30 -31 -32 -33 -34 -35
leaf_value=0.0014528363212759419 -0.011142682705851163 -0.018802415679694838 -0.019970980855680987 0.0025774073892716395 0 0.01612594860808745 -0.019952386628540437 0.0078430388241789509 0.0154671748744132 0.0012579252018485882 -0.0049819688212199686 0.011368199344744477 -0.019736529058033692 -0.0011866509927594574 0.015128513113282277 0.0081541774976885226 -0.015828029664925886 0.016016020742440532 0.013806150797402994 0.0067360076758240014 -0.012843079298635316 0.016585088643388556 0.014318886641199312 -0.020066163793787357 0.0040999232330863585 -0.012871951612284426 -0.0026829715985571797 -0.019789097907404466 -0.021141434990419011 0.018942479402202651 -0.0063020539792991472 0.0087924565873204914 -0.020521081261729399 -0.020823577510434593
leaf_weight=3.3198681995272628 1.0016672685742372 1.4508912488818189 5.4547111317515364 2.368465043604373 0.92919008433818762 1.3017926365137098 7.737764470279215 1.4628903940319999 1.2622374296188352 1.0788984894752491 2.0829151719808645 3.5151107758283597 1.6767430528998368 2.6707104817032841 1.5952105522155759 3.3227150961756706 2.6986245065927505 8.7394441515207273 7.3202873766422272 1.0631460249423978 2.1144155412912395 7.4113118872046453 3.8401308059692383 4.6138169318437576 1.515073627233505 1.2609583958983424 1.0932104438543317 1.5263052284717558 1.3571353182196615 2.9765195325016975 2.1572227478027344 4.0161768794059753 1.8084893301129339 1.8711311593651769
leaf_count=15 8 13 61 10 6 2 76 4 2 5 14 9 15 14 3 12 23 15 15 5 17 12 8 49 7 11 4 15 11 4 12 12 18 18
internal_value=0 -0.00419262 -0.00747833 -0.00552673 -0.00177174 -0.0104403 -0.0135094 0.00466874 -0.00708772 0.00527796 0.0027373 0.00337395 0.00510089 0.00669728 -0.00298609 0.00647 -0.000445781 0.0120153 0.00905106 -0.00946836 0.0091308 0.0107177 0.00466154 -0.0150264 -0.00712404 -0.0128431 -0.0178252 -0.0123425 -0.0114202 0.0132846 -0.000569438 0.0138619 -0.0172542 -0.0176969
internal_weight=0 55.517 40.5042 35.0495 23.85 8.88157 11.1994 15.0128 4.07239 44.0982 32.0389 14.9685 27.8279 25.088 5.03526 12.513 6.21374 12.0593 10.9404 2.73989 20.0527 17.382 5.95455 7.57978 2.96596 4.21099 8.83097 2.4555 3.44005 6.29923 3.62011 11.4275 2.81016 3.13209
internal_count=525 350 291 230 140 71 90 59 28 175 145 69 111 91 28 48 32 30 31 20 63 49 25 69 20 34 80 21 25 16 16 24 26 29
is_linear=0
shrinkage=0.0119772


Tree=14
num_leaves=31
num_cat=0
split_feature=47 48 50 3 38 11 3 38 7 46 43 46 47 2 27 1 50 46 50 2 43 42 50 38 38 39 20 39 6 39
split_gain=14.3601 10.3108 6.64144 7.00792 7.25054 10.0672 5.036 5.71937 4.92016 4.70203 5.17119 4.87208 4.25917 6.37927 3.67817 5.634 3.19937 7.51922 2.72638 2.48902 3.02324 2.32237 2.22905 2.15803 2.45084 2.37137 2.12282 1.69065 0.414404 0.0306947
threshold=4.5000000000000009 2.5000000000000004 11.500000000000002 50.500000000000007 65.000000000000014 1.5000000000000002 23.500000000000004 135.00000000000003 1.0000000180025095e-35 5.5000000000000009 10.500000000000002 75.000000000000014 1.5000000000000002 5.5000000000000009 1.5000000000000002 17.500000000000004 7.5000000000000009 115.00000000000001 3.5000000000000004 4.5000000000000009 2.5000000000000004 105.00000000000001 1.5000000000000002 75.000000000000014 45.000000000000007 3.5000000000000004 1.5000000000000002 3.5000000000000004 2.5000000000000004 6.5000000000000009
decision_type=2 2 2 2 2 2 2 2 2 2 2 2 2 2 2 2 2 2 2 2 2 2 2 2 2 2 2 2 2 2
left_child=9 6 3 4 5 19 7 28 -5 18 11 12 13 22 -8 -16 -6 -18 -1 20 -3 -12 -11 24 25 -14 -10 -13 -2 -24
right_child=1 2 -4 8 16 -7 14 -9 26 10 21 27 23 -15 15 -17 17 -19 -20 -21 -22 -23 29 -25 -26 -27 -28 -29 -30 -31
leaf_value=0.00085800686803705058 -0.020047548251205451 -0.00044908995350586981 -0.019719920170974646 0.0020232524707531011 0.015895119253060273 0.010928116835233988 0.013091603225266377 0.01394546141102891 -0.019700734096014104 0.00063830891563668103 -0.01891610705345553 0.0010698127692564329 0.0055226105874563404 0.012095713594388203 -0.018671781024190297 0.01365872224600633 -0.02045514939984374 0.012202566175669467 -0.020579392721054735 -0.0011827245976339322 -0.017965172928490637 0.0047502862108707343 -0.016634224749677823 0.018493773668721611 -0.0024108309127332831 0.013625027719728395 -0.00093871454425846176 -0.018731156727467942 -0.0098153232365223893 -0.021020096738053152
leaf_weight=2.0014097839593883 1.8333401232957838 1.7442087009549156 5.3241528496146193 2.3479559645056716 3.615191772580145 3.6350633054971686 7.7169543951749784 1.2631725519895551 7.5146219953894597 1.3478612229228013 1.6029635891318315 1.2264938876032823 8.5925330668687909 3.1914962381124496 1.522969037294388 1.5447253882884977 1.5484508499503133 2.8597852438688278 1.463287368416786 2.4898601397871962 7.5492268353700638 0.93170367926359166 1.0021505281329157 4.2150621116161338 2.3503523692488661 13.213439375162123 0.98316732048988331 1.226719371974468 0.90264274179935444 1.0948255509138105
leaf_count=12 19 11 61 10 7 10 15 2 76 8 14 7 31 8 13 3 15 8 13 15 74 5 9 7 12 30 4 10 7 9
internal_value=0 -0.00410075 -0.00728613 -0.00534796 -0.0016608 -0.00646554 0.00443084 -0.0070288 -0.0133031 0.00513225 0.00629263 0.00741403 0.00855836 -7.48024e-05 0.00868662 -0.0023916 0.00756383 0.000698114 -0.00822766 -0.0118401 -0.0146864 -0.0102229 -0.011363 0.0105781 0.00918661 0.0104388 -0.0175385 -0.0088627 -0.016744 -0.019051
internal_weight=0 54.3955 39.6117 34.2875 23.4418 15.4184 14.7838 3.99916 10.8457 43.4603 39.9956 37.4609 35.0077 6.63633 10.7846 3.06769 8.02343 4.40824 3.4647 11.7833 9.29344 2.53467 3.44484 28.3714 24.1563 21.806 8.49779 2.45321 2.73598 2.09698
internal_count=525 350 291 230 140 110 59 28 90 175 150 131 114 34 31 16 30 23 25 100 85 19 26 80 73 61 80 17 26 18
is_linear=0
shrinkage=0.0119772


Tree=15
num_leaves=30
num_cat=0
split_feature=47 48 50 3 38 11 48 2 7 43 0 6 46 46 15 29 47 47 46 39 43 7 20 38 2 48 12 7 43
split_gain=13.8118 9.27839 6.39009 6.64812 6.75334 8.85551 4.69111 5.02212 4.57296 4.31513 7.49983 4.13448 3.87722 3.49601 7.99888 3.81371 3.1177 8.41757 3.07056 2.91501 2.35434 2.15684 2.12733 2.09965 1.98339 1.67801 1.41167 1.28323 0.406951
threshold=4.5000000000000009 2.5000000000000004 11.500000000000002 50.500000000000007 65.000000000000014 1.5000000000000002 1.5000000000000002 4.5000000000000009 1.0000000180025095e-35 1.5000000000000002 1.0000000180025095e-35 1.5000000000000002 65.000000000000014 25.000000000000004 15.500000000000002 1.0000000180025095e-35 5.5000000000000009 9.5000000000000018 35.000000000000007 7.5000000000000009 8.5000000000000018 2.5000000000000004 1.5000000000000002 75.000000000000014 1.0000000180025095e-35 2.5000000000000004 2.5000000000000004 15.500000000000002 4.5000000000000009
decision_type=2 2 2 2 2 2 2 2 2 2 2 2 2 2 2 2 2 2 2 2 2 2 2 2 2 2 2 2 2
left_child=9 6 3 4 5 20 7 -2 -5 18 25 23 13 14 15 26 -6 -18 -1 -14 24 -15 -10 -8 -3 -11 -12 -23 -27
right_child=1 2 -4 8 16 -7 11 -9 22 10 12 -13 19 21 -16 -17 17 -19 -20 -21 -22 27 -24 -25 -26 28 -28 -29 -30
leaf_value=0.0014460559096614979 -0.020030534125489739 -0.019436242233349891 -0.01948707002465162 0.0016712447183085213 0.019729031287823929 0.010307783334784238 -0.013721003018061841 0.0044410818106063983 -0.01944970576252205 0.00074749810562176912 -0.014124739632006195 0.014112669596285978 -0.019056032927535767 -0.00093979195476967992 0.01605519655409119 0.010749534183627334 -0.020228840926852464 0.011856738525989665 0.015000872437328396 0.0066912071104120356 -0.019311421752538548 0.015342465557994373 -0.00031095986926192901 0.006438341533706116 -0.0046624461037370344 -0.011316700525418227 0.0014944566916202382 0.0072543979461656867 -0.020455144101139178
leaf_weight=3.3432041630148879 1.9937628805637331 1.6281415596604363 5.181950829923152 2.3449578061699858 2.1279050707817069 3.5408931225538245 1.3628218993544581 2.9922768250107765 7.2921649664640409 1.0502653867006326 4.2816003486514145 6.7148241847753525 1.5719074159860604 2.0658564716577521 3.4117014110088348 1.4464441835880277 1.6229612305760381 4.1339617222547531 8.539218068122862 1.0371357053518293 3.6140668839216223 7.4941044598817808 0.94489856064319599 1.5937799066305158 6.4702057391405106 1.2779720500111582 1.0215211957693098 4.595849797129631 1.802457846701145
leaf_count=15 18 17 61 10 2 10 11 11 76 5 37 14 15 10 6 4 16 12 15 5 39 13 4 5 44 11 6 15 18
internal_value=0 -0.00405681 -0.00711647 -0.00520791 -0.00160736 -0.0062593 0.00406064 -0.00536325 -0.0130663 0.0050599 0.00270777 0.00892319 0.00501499 0.00650509 0.00113872 -0.00641188 0.00738327 0.00278129 0.0111955 -0.00882517 -0.0112764 0.0103504 -0.0172621 -0.00286126 -0.00766218 -0.0122936 -0.0111133 0.0122813 -0.0167358
internal_weight=0 53.5596 38.9021 33.7202 23.1381 15.2533 14.6575 4.98604 10.582 42.9392 31.0568 9.67143 26.9261 24.3171 10.1613 6.74957 7.88483 5.75692 11.8824 2.60904 11.7124 14.1558 8.23706 2.9566 8.09835 4.1307 5.30312 12.09 3.08043
internal_count=525 350 291 230 140 110 59 29 90 175 145 30 111 91 53 47 30 28 30 20 100 38 80 16 61 34 43 28 29
is_linear=0
shrinkage=0.0119772


Tree=16
num_leaves=31
num_cat=0
split_feature=50 46 4 48 50 7 43 38 5 47 46 9 50 46 50 0 38 7 47 0 50 46 49 43 3 49 38 50 49 6
split_gain=12.5455 10.064 11.1094 5.96946 6.06391 5.19474 5.63213 5.54475 5.31947 3.68896 6.38705 3.55007 3.56658 5.53168 4.88122 3.53226 3.63188 2.95188 2.26914 1.59188 1.29022 1.2735 1.14652 0.901923 0.671667 0.529733 0.462784 0.308109 0.08975 0.0564788
threshold=12.500000000000002 35.000000000000007 5.5000000000000009 6.5000000000000009 5.5000000000000009 62.000000000000007 15.500000000000002 8.5000000000000018 2.5000000000000004 3.5000000000000004 3.5000000000000004 1.0000000180025095e-35 5.5000000000000009 65.000000000000014 9.5000000000000018 1.0000000180025095e-35 35.000000000000007 6.5000000000000009 4.5000000000000009 5.5000000000000009 1.5000000000000002 55.000000000000007 5.5000000000000009 7.5000000000000009 2.5000000000000004 10.500000000000002 2.5000000000000004 3.5000000000000004 7.5000000000000009 19.500000000000004
decision_type=2 2 2 2 2 2 2 2 2 2 2 2 2 2 2 2 2 2 2 2 2 2 2 2 2 2 2 2 2 2
left_child=1 5 3 11 17 6 7 20 15 -7 -11 12 13 23 21 -9 -17 -5 -15 -16 -1 -14 -10 -3 -4 -6 -22 -28 -24 -12
right_child=-2 2 24 4 25 9 -8 8 22 10 29 -13 14 18 19 16 -18 -19 -20 -21 26 -23 28 -25 -26 -27 27 -29 -30 -31
leaf_value=-0.0024753919607662361 -0.019504761888354642 0.0058902608587196549 -0.0063415896901208033 -0.0073932338063970315 -0.0080979209025181381 0.012512512347084961 0.013503644137529646 -0.018390289464162237 -0.0059813254939529176 0.016875282106612505 -0.019349035855948677 -0.004894709402007061 0.018416376489598894 0.0025705075077179823 -0.0045642261754214849 0.0030587266141976106 -0.011770857296998343 0.0093745804378167347 -0.017962427149567681 0.010580918337925046 -0.0092287258783275549 0.012064695331598702 -0.015123998197816048 0.015195521767425203 -0.019896924683727175 -0.01993820297108231 -0.012325501087093358 -0.019434923810709374 -0.019883075810568841 -0.014201835986954531
leaf_weight=1.0454974919557551 4.49428966641426 3.4574824646115285 0.69507516175508444 2.1991418674588186 0.78385771065950427 4.5522365197539321 2.1457159221172324 1.4886424690485061 1.6073118522763241 1.2610051110386851 1.1908247247338297 2.5947435721755019 8.0349591001868301 1.3074422851204874 2.8431981503963462 15.11658710986376 2.7961981892585746 4.7063611000776291 1.8544033542275427 1.5155047029256818 1.0560276061296461 10.837755031883715 1.2304044067859652 2.680750884115696 2.4579290896654129 2.054624930024147 1.2094026803970335 4.9113989695906639 2.2834980711340904 0.81717298179864872
leaf_count=6 52 12 6 11 6 11 5 16 12 2 13 13 10 7 17 77 21 15 16 4 9 27 12 6 26 22 10 54 21 6
internal_value=0 0.000968662 0.00473022 0.00625915 -0.00203054 -0.00326001 -0.00523801 -0.00647182 -0.00361237 0.00555385 -0.0041369 0.00855957 0.00963519 0.00335641 0.0121441 -0.000741292 0.00073535 0.0040261 -0.00948465 0.000709186 -0.0149775 0.0147811 -0.0144544 0.00998223 -0.0169561 -0.0167301 -0.0167866 -0.0180636 -0.0182857 -0.0173718
internal_weight=0 90.7352 48.0232 44.8702 9.74399 42.7119 34.8907 32.745 24.5226 7.82124 3.269 35.1262 32.5315 9.30008 23.2314 19.4014 17.9128 6.9055 3.16185 4.3587 8.22233 18.8727 5.12121 6.13823 3.153 2.83848 7.17683 6.1208 3.5139 2.008
internal_count=525 473 198 166 54 275 243 238 159 32 21 112 99 41 58 114 98 26 23 21 79 37 45 18 32 28 73 64 33 19
is_linear=0
shrinkage=0.0119772


Tree=17
num_leaves=33
num_cat=0
split_feature=47 48 50 46 6 48 50 3 38 38 46 43 46 7 16 2 7 27 1 47 49 39 0 11 50 47 7 49 5 46 39 43
split_gain=12.3249 8.46596 6.05578 5.96161 9.51958 7.04062 5.57605 5.01196 4.99446 4.86552 4.33928 4.78452 4.42449 4.26928 3.96264 6.19717 3.46705 3.46108 4.79017 3.19135 2.97031 3.8859 2.84378 2.67954 2.41293 2.22977 1.50089 1.37382 0.684506 0.5887 0.297143 0.174414
threshold=4.5000000000000009 2.5000000000000004 11.500000000000002 85.000000000000014 1.5000000000000002 7.5000000000000009 2.5000000000000004 23.500000000000004 11.500000000000002 135.00000000000003 5.5000000000000009 10.500000000000002 75.000000000000014 1.0000000180025095e-35 1.0000000180025095e-35 4.5000000000000009 1.0000000180025095e-35 1.5000000000000002 17.500000000000004 10.500000000000002 10.500000000000002 1.5000000000000002 14.500000000000002 1.0000000180025095e-35 3.5000000000000004 5.5000000000000009 8.5000000000000018 10.500000000000002 2.5000000000000004 75.000000000000014 5.5000000000000009 7.5000000000000009
decision_type=2 2 2 2 2 2 2 2 2 2 2 2 2 2 2 2 2 2 2 2 2 2 2 2 2 2 2 2 2 2 2 2
left_child=10 7 3 5 25 6 19 9 -7 30 24 12 14 -8 16 -16 22 -9 -19 -3 23 -22 -12 -18 -1 -5 -14 -13 -10 -15 -2 -27
right_child=1 2 -4 4 -6 8 13 17 28 -11 11 27 26 29 15 -17 20 18 -20 -21 21 -23 -24 -25 -26 31 -28 -29 -30 -31 -32 -33
leaf_value=0.00038561266370332035 -0.010971596540917613 -0.0096738029022394624 -0.019115782786532694 0.018282799339861849 -0.019436435851063687 0.011252629576162593 0.00021230737763162097 0.012691501545296528 -0.0052254051132251634 0.01244768849844604 -0.014262623088204463 -0.017953843075678183 1.6605042360574522e-05 -0.018512253802514492 -0.017762370193754807 0.014222449769685733 0.015075957569029488 -0.018018740548307377 0.012351461041342736 0.012409607561703489 0.011865016424984208 -0.011941942870652403 0.0098574339637101174 0.0062657468616204685 -0.020153328735252135 0.0015993709980569708 -0.019166592699220886 4.0621653805405231e-05 -0.019035563234596469 -0.0070793752184627303 -0.019755789594084822 0.0068343032259089598
leaf_weight=1.9487413167953485 0.93842653930187214 1.8728357106447284 5.007880136370658 2.9165561720728856 1.9712355993688104 3.8917464166879645 2.210237354040145 7.3932869732379896 1.1462196931242945 1.1758597940206525 1.5087291449308424 1.3925899043679231 1.2585924714803689 11.542467735707756 1.9889938086271279 1.5230698511004446 16.538734681904323 1.4568321928381922 1.4984276592731474 1.8567094355821607 2.1834563463926311 1.7685663849115369 1.2878162562847135 7.1267993152141562 1.4003292918205259 1.8354360461235049 1.0751644968986509 1.0671084225177763 0.95645783841609944 0.71647527813911516 1.7042588368058202 1.8664943426847456
leaf_count=12 8 14 61 4 21 13 11 15 8 2 12 12 7 123 14 4 35 13 3 5 5 14 4 26 13 9 10 7 9 6 18 7
internal_value=0 -0.00390149 -0.00686138 -0.00498181 0.00358342 -0.00802455 -0.0117312 0.00399073 0.00322401 -0.00771506 0.00481835 0.00595059 0.00704838 -0.0150947 0.00814668 -0.00388079 0.00953768 0.00831742 -0.00262141 0.0013159 0.0108244 0.00119864 -0.00314887 0.0124289 -0.00823522 0.0104684 -0.0088618 -0.0101728 -0.0115986 -0.0178547 -0.0167155 0.00426196
internal_weight=0 51.9578 37.7908 32.7829 8.58972 24.1931 18.1987 14.1671 5.99442 3.81855 42.0687 38.7196 36.2599 14.4692 33.9262 3.51206 30.4141 10.3485 2.95526 3.72955 27.6176 3.95202 2.79655 23.6655 3.34907 6.61849 2.33376 2.4597 2.10268 12.2589 2.64269 3.70193
internal_count=525 350 291 230 41 189 159 59 30 28 175 150 131 140 114 18 96 31 16 19 80 19 16 61 25 20 17 19 17 129 26 16
is_linear=0
shrinkage=0.0119772


Tree=18
num_leaves=33
num_cat=0
split_feature=47 48 50 15 50 38 10 3 38 1 43 0 46 27 1 46 15 29 50 46 39 46 7 42 42 50 48 39 7 6 43 39
split_gain=11.8548 8.15526 5.79609 5.95422 7.31905 7.28777 7.19089 4.60294 4.60191 4.53714 4.13135 6.72036 3.6204 3.23707 4.40921 3.1504 6.88341 3.37848 2.98016 6.5427 2.59998 2.50546 2.18793 2.17583 3.96642 1.47124 1.38959 1.34116 1.32066 0.475823 0.459499 0.337182
threshold=4.5000000000000009 2.5000000000000004 11.500000000000002 3.5000000000000004 4.5000000000000009 65.000000000000014 1.0000000180025095e-35 23.500000000000004 135.00000000000003 14.500000000000002 1.5000000000000002 1.0000000180025095e-35 65.000000000000014 1.5000000000000002 17.500000000000004 25.000000000000004 15.500000000000002 1.0000000180025095e-35 7.5000000000000009 115.00000000000001 7.5000000000000009 35.000000000000007 2.5000000000000004 55.000000000000007 75.000000000000014 3.5000000000000004 2.5000000000000004 9.5000000000000018 15.500000000000002 1.0000000180025095e-35 4.5000000000000009 5.5000000000000009
decision_type=2 2 2 2 2 2 2 2 2 2 2 2 2 2 2 2 2 2 2 2 2 2 2 2 2 2 2 2 2 2 2 2
left_child=10 7 3 5 9 6 23 8 31 29 21 26 15 -9 -15 16 17 27 -7 -20 -14 -1 -17 25 -25 -3 -12 -13 -24 -5 -28 -2
right_child=1 2 -4 4 -6 18 -8 13 -10 -11 11 12 20 14 -16 22 -18 -19 19 -21 -22 -23 28 24 -26 -27 30 -29 -30 -31 -32 -33
leaf_value=0.0019428748401822374 -0.01017045682214885 -0.0056457084673332703 -0.018905820556558473 -0.0076151674075537997 -0.01928826502049321 0.017286643211626061 0.013261642407539022 0.012296813552593149 0.012301247090381728 0.0075811009810022381 0.00018110910362803391 -0.015005114939169761 -0.018722271863196652 -0.017225116146823233 0.012125682222412162 -0.0016489374924387194 0.015093416607802227 0.010444479219750802 -0.019719345366800679 0.012744914302461101 0.0059708787348370729 0.014440432821226356 0.01504840536184556 0.0099518166535400281 -0.017521452358121727 -0.017727626349038881 -0.010254132960469594 -0.0021407081462456062 0.0066625377409547026 -0.01918406050930771 -0.020000592447426576 -0.019516131560154439
leaf_weight=3.218592941761016 0.93069304525852192 2.0601725056767481 4.9022468850016585 0.90693176537752007 7.1749109327793121 3.2401441037654868 2.1890352144837371 7.3641021475195867 1.1631426513195036 3.4191350340843201 1.0105837285518671 3.3753811940550857 1.5231086388230317 1.4607584699988367 1.4507743418216703 2.0042220354080191 3.2835540100932121 1.3798373490571973 1.3308958858251574 2.6286766901612282 1.0059215128421781 8.1573200896382314 7.1805296912789327 1.7044380307197573 1.3310794085264204 5.0398274809122086 1.2562577351927759 1.787007689476013 4.3885915204882622 1.276529438793659 1.7559695094823835 1.6656106933951376
leaf_count=15 8 14 61 6 79 5 5 15 2 13 5 31 15 13 3 10 6 4 14 7 5 15 13 7 13 54 11 12 15 13 18 18
internal_value=0 -0.00384898 -0.00678355 -0.00493619 -0.0112886 -0.00077263 -0.00636508 0.00392667 -0.00739168 -0.00101776 0.00477188 0.00243449 0.00467122 0.00807482 -0.00259922 0.00614412 0.000972684 -0.00612467 0.00879036 0.00179682 -0.00890628 0.0109135 0.00988092 -0.0106184 -0.00210667 -0.0142427 -0.0119433 -0.0105744 0.0118809 -0.0144647 -0.0160061 -0.0162437
internal_weight=0 51.2391 37.204 32.3018 12.7775 19.5243 12.3246 14.0351 3.75945 5.6026 41.3269 29.951 25.9282 10.2756 2.91153 23.3991 9.82578 6.54223 7.19972 3.95957 2.52903 11.3759 13.5733 10.1355 3.03552 7.1 4.02281 5.16239 11.5691 2.18346 3.01223 2.5963
internal_count=525 350 291 230 111 119 93 59 28 32 175 145 111 31 16 91 53 47 26 21 20 30 38 88 20 68 34 43 28 19 29 26
is_linear=0
shrinkage=0.0119772


Tree=19
num_leaves=32
num_cat=0
split_feature=50 47 23 48 0 39 38 48 49 48 50 39 46 46 46 16 13 2 7 46 27 39 7 50 15 50 43 49 49 47 15
split_gain=11.0975 8.66582 7.7904 5.68589 5.24887 5.42079 4.81576 7.49583 4.95689 4.83523 4.78489 4.05648 3.65895 3.50853 3.7979 3.72835 5.87905 3.97554 5.06835 3.89159 3.74021 3.32681 4.06898 2.07761 1.66125 1.13896 0.634013 0.836992 0.208776 0.125 0.0257093
threshold=12.500000000000002 4.5000000000000009 1.0000000180025095e-35 2.5000000000000004 4.5000000000000009 6.5000000000000009 65.000000000000014 7.5000000000000009 12.500000000000002 6.5000000000000009 2.5000000000000004 12.500000000000002 75.000000000000014 5.5000000000000009 75.000000000000014 1.0000000180025095e-35 1.0000000180025095e-35 8.5000000000000018 1.0000000180025095e-35 35.000000000000007 3.5000000000000004 8.5000000000000018 1.0000000180025095e-35 3.5000000000000004 3.5000000000000004 6.5000000000000009 2.5000000000000004 7.5000000000000009 8.5000000000000018 10.500000000000002 23.500000000000004
decision_type=2 2 2 2 2 2 2 2 2 2 2 2 2 2 2 2 2 2 2 2 2 2 2 2 2 2 2 2 2 2 2
left_child=1 13 3 4 5 -3 7 10 -9 21 11 -5 -12 23 15 17 28 18 -15 -20 -19 -8 -23 -1 -6 -10 -16 -28 -17 -11 -4
right_child=-2 2 30 6 24 -7 9 8 25 29 12 -13 -14 14 26 16 -18 20 19 -21 -22 22 -24 -25 -26 -27 27 -29 -30 -31 -32
leaf_value=0.00038525697965751976 -0.018929926323704636 0.0054039758075164826 -0.019127113218119815 -0.011407958813588408 0.01923017171627369 -0.019995582782656191 0.013044644669737208 0.013985655353876657 -0.00061579969570654683 -0.011932254311687353 -0.018125345782445561 0.014356337537688535 -0.0014060214859820655 -0.012487946884640165 -0.00014510121749362483 -0.021067875426662035 0.014272844767108673 0.0091279928632069449 0.0050515008776786394 0.014669771571038341 -0.016379272285715018 0.0097825662465078778 -0.019856116866471464 -0.019832234201141878 0.0076007789428582532 -0.01869826133973564 -0.018612274451733843 -0.0021704495434204853 -0.012896383812528649 -0.019449193151740412 -0.015801925498727599
leaf_weight=1.9197858721017831 4.2244154103100291 3.3901625350117666 3.0026323571801177 1.8009360060095851 2.8326811790466309 1.853808745741844 4.9504428803920728 3.3580352589488021 0.99276451766490925 0.75412087142467477 9.6889270022511464 1.6841840818524358 2.3366223648190489 1.3582321926951468 1.2358757108449929 1.104549743235111 1.4009864777326582 1.5941142737865441 9.5548318102955836 16.51370407640934 1.6814354434609411 1.4667894840240481 1.1935482770204542 1.1596348807215688 4.7510784044861794 1.0035979226231573 0.99181183427572228 0.81205188482999802 0.9675173982977866 0.78866283595561981 1.115940175950527
leaf_count=12 52 14 34 14 3 18 13 7 6 8 107 5 15 11 6 8 4 5 43 31 13 4 12 11 13 12 10 6 8 8 12
internal_value=0 0.000919017 -0.00257638 -0.00106075 0.00560923 -0.00359488 -0.00391327 -0.00708993 0.00511536 0.00332389 -0.0113062 0.00103983 -0.0148843 0.00499342 0.0060109 0.0071527 -0.00458981 0.00848343 0.00997284 0.0111498 -0.00396789 0.00724933 -0.00353278 -0.00726667 0.0119735 -0.0097826 -0.0067919 -0.011295 -0.0173686 -0.0159219 -0.0182848
internal_weight=0 87.2595 46.9649 42.8464 12.8277 5.24397 30.0186 20.8651 5.3544 9.15356 15.5107 3.48512 12.0255 40.2945 37.2151 34.1754 3.47305 30.7023 27.4268 26.0685 3.27555 7.61078 2.66034 3.07942 7.58376 1.99636 3.03974 1.80386 2.07207 1.54278 4.11857
internal_count=525 473 305 259 48 32 211 166 25 45 141 19 122 168 145 123 20 103 85 74 18 29 16 23 16 18 22 16 16 16 46
is_linear=0
shrinkage=0.0119772


Tree=20
num_leaves=34
num_cat=0
split_feature=50 47 23 48 3 38 48 49 48 38 50 39 46 46 43 46 48 48 43 39 42 39 50 15 46 50 39 49 50 6 43 47 15
split_gain=10.7058 8.17102 7.5094 5.7775 4.87561 4.58412 7.07695 4.71861 4.57025 4.38118 4.34007 4.16778 3.50705 3.34235 3.61739 3.89476 3.49566 6.03369 3.12234 3.07116 4.20277 2.49734 2.6376 2.02801 2.22084 1.98097 1.36241 1.16183 1.07402 0.34588 0.314981 0.134643 0.0255263
threshold=12.500000000000002 4.5000000000000009 1.0000000180025095e-35 2.5000000000000004 23.500000000000004 65.000000000000014 7.5000000000000009 12.500000000000002 6.5000000000000009 135.00000000000003 2.5000000000000004 12.500000000000002 75.000000000000014 5.5000000000000009 10.500000000000002 75.000000000000014 6.5000000000000009 7.5000000000000009 3.5000000000000004 8.5000000000000018 45.000000000000007 1.5000000000000002 5.5000000000000009 2.5000000000000004 75.000000000000014 3.5000000000000004 3.5000000000000004 10.500000000000002 6.5000000000000009 1.5000000000000002 1.5000000000000002 10.500000000000002 23.500000000000004
decision_type=2 2 2 2 2 2 2 2 2 2 2 2 2 2 2 2 2 2 2 2 2 2 2 2 2 2 2 2 2 2 2 2 2
left_child=1 13 3 4 9 6 10 -8 19 29 11 -5 -12 25 15 16 21 30 -19 -7 -21 -15 -23 -6 -25 -1 -17 -16 -9 -3 -18 -10 -4
right_child=-2 2 32 5 23 8 7 28 31 -11 12 -13 -14 14 27 26 17 18 -20 20 -22 22 -24 24 -26 -27 -28 -29 -30 -31 -32 -33 -34
leaf_value=0.0003004081809347431 -0.01873059829306702 -0.018923349343450319 -0.018921558142942909 -0.011859029699182547 0.016745337594228502 0.012567884606106207 0.013661845328275229 -0.00086646900399858426 -0.011517234350822853 0.013586115558722453 -0.017824356452855874 0.014007636901845654 -0.0013699778879935074 -0.0023536399642936066 -0.017465124766042096 0.00077527615403454216 -0.0092862501507246613 0.013392769947435318 -0.0049520447536598481 0.010744672037126979 -0.019534661684285682 0.0064827008413280273 0.015017991489486833 -0.0023158379034671369 0.01348966683574537 -0.019604108880869185 -0.017782912243137959 -8.2323104002697762e-06 -0.018476993342756962 -0.0090493269219074531 -0.018056422142671339 -0.019282740197029018 -0.015585613746412796
leaf_weight=1.9095962047576898 4.1626265458762637 1.5103553831577299 2.9519213736057273 1.8604918420314853 4.0147262513637525 4.9409754350781423 3.3107635229825965 1.0065826177597044 0.74893169850110985 1.0746913850307462 9.4997373931109887 1.6962007060647009 2.3176285177469245 2.0368172526359585 1.1192712932825082 1.1456523612141603 1.147424273192881 4.3155528604984283 1.9109393134713171 1.3900569677352907 1.2252248004078863 8.90293947607279 12.622008204460142 2.6252033039927483 2.4564974084496498 1.132808059453964 1.1036221683025358 1.0658471211791036 0.97911956161260594 0.8483481854200362 1.3767155557870863 0.77742720395326614 1.0905474498867986
leaf_count=12 52 17 34 14 5 13 7 6 8 2 107 5 15 12 10 7 4 10 13 3 13 36 23 12 5 11 10 7 12 7 13 8 12
internal_value=0 0.00090799 -0.00251048 -0.00101619 0.00580149 -0.00388965 -0.00700522 0.00492178 0.00319705 -0.00633707 -0.011117 0.000473318 -0.014605 0.0048884 0.00588809 0.00683414 0.00789591 0.00142452 0.00775863 0.00702179 -0.00345344 0.0102959 0.0114951 0.0103892 0.0053323 -0.0071497 -0.0083635 -0.00901385 -0.00962802 -0.0154526 -0.0141483 -0.0156188 -0.0180807
internal_weight=0 86.1146 46.3254 42.283 12.5298 29.7531 20.6705 5.29647 9.08262 3.43339 15.3741 3.55669 11.8174 39.7892 36.7468 34.5617 32.3124 8.75063 6.22649 7.55626 2.61528 23.5618 21.5249 9.09643 5.0817 3.0424 2.24927 2.18512 1.9857 2.3587 2.52414 1.52636 4.04247
internal_count=525 473 305 259 48 211 166 25 45 26 141 19 122 168 145 128 111 40 23 29 16 71 59 22 17 23 17 17 18 24 17 16 46
is_linear=0
shrinkage=0.0119772


Tree=21
num_leaves=29
num_cat=0
split_feature=50 46 4 23 46 50 48 4 50 38 39 47 6 0 39 39 50 50 3 48 1 50 43 46 43 43 5 50
split_gain=10.316 8.02096 9.46092 7.46053 6.5079 5.94383 5.53221 4.59682 4.39051 4.0981 4.06892 3.9888 3.73968 3.68162 5.81878 2.90374 2.70749 2.89264 2.54232 4.54931 2.17679 2.13247 1.35663 0.803216 0.655411 0.403953 0.286903 0.0347893
threshold=12.500000000000002 25.000000000000004 5.5000000000000009 1.0000000180025095e-35 10.500000000000002 1.5000000000000002 6.5000000000000009 12.500000000000002 7.5000000000000009 105.00000000000001 3.5000000000000004 4.5000000000000009 3.5000000000000004 5.5000000000000009 2.5000000000000004 1.5000000000000002 5.5000000000000009 9.5000000000000018 50.500000000000007 4.5000000000000009 5.5000000000000009 3.5000000000000004 5.5000000000000009 35.000000000000007 5.5000000000000009 2.5000000000000004 19.000000000000004 3.5000000000000004
decision_type=2 2 2 2 2 2 2 2 2 2 2 2 2 2 2 2 2 2 2 2 2 2 2 2 2 2 2 2
left_child=1 4 3 6 7 -6 10 12 9 15 11 22 13 14 -1 -8 20 -18 -15 -20 -12 -16 -3 -4 -13 -7 -25 -14
right_child=-2 2 23 -5 5 25 8 -9 -10 -11 16 24 27 18 21 -17 17 -19 19 -21 -22 -23 -24 26 -26 -27 -28 -29
leaf_value=0.011200033131019325 -0.018551491605532735 0.00021020168069972941 -0.0038881377600450961 -0.018356341412418025 0.0073943955735031215 -0.0098091689958359086 0.006654994340502764 0.011735338246267371 -0.01916749135557792 0.019439387859222893 -0.0046581486961824606 -0.01834781330212553 -0.014555141585831944 0.014147099458580574 -0.0036955841684084365 -0.0099584661928078747 0.01454342237079142 0.0043830477972891255 -0.017395166625440876 0.005617395205518582 0.012608156307847092 -0.015883536499330161 0.013402972338451261 -0.019146585531837432 -0.0058670852164686409 -0.018494194357550335 -0.010115416549095648 -0.01876024859867096
leaf_weight=2.2536602541804411 4.0896665453910819 2.1229670494794837 0.89045067876577322 1.7937552854418743 1.729830414056776 0.95359680056571949 2.7829548418521863 3.7547186836600295 1.6825505048036573 1.5502597391605375 2.6835123598575619 1.1445546150207522 0.92960416525602285 2.7221701741218549 3.7474149540066701 3.2659884244203568 18.363843269646171 5.1758123114705077 1.5657729953527448 5.6082949675619602 1.6996724605560301 4.6090655103325844 2.3632833063602448 2.2344602644443516 1.3215315341949461 6.0539175719022751 0.73778261989355076 1.3283117115497587
leaf_count=7 52 12 6 19 7 8 9 11 19 3 15 10 9 8 24 23 35 22 16 25 4 48 6 25 9 71 7 15
internal_value=0 0.000894443 0.00398839 0.00550327 -0.00347588 -0.012433 0.00647818 -0.000519005 -0.00173463 0.00214591 0.00866476 0.000459674 -0.00254703 -0.000929857 -0.00582914 -0.00231155 0.0107054 0.0123143 0.00432018 0.000568606 0.00204639 -0.0104356 0.00718534 -0.0139836 -0.0117365 -0.0173367 -0.0169678 -0.0171334
internal_weight=0 85.0697 49.8134 45.9507 35.2564 8.73734 44.1569 26.519 9.28175 7.5992 34.8752 6.95234 22.7643 20.5064 10.6101 6.04894 27.9228 23.5397 9.89624 7.17407 4.38318 8.35648 4.48625 3.86269 2.46609 7.00751 2.97224 2.25792
internal_count=525 473 224 186 249 86 167 163 54 35 113 37 152 128 79 32 76 57 49 41 19 72 18 38 19 79 32 24
is_linear=0
shrinkage=0.0119772


Tree=22
num_leaves=28
num_cat=0
split_feature=47 23 2 15 38 19 15 50 43 43 0 2 50 46 47 42 39 46 39 7 50 46 50 50 50 3 15
split_gain=10.3051 6.61731 5.90075 8.45416 7.86618 6.72566 5.57396 5.4845 4.13862 3.95351 5.49996 3.87484 2.97498 2.7859 2.8699 4.11097 2.58941 2.38073 2.14198 1.83412 1.64329 2.92128 1.38414 1.17164 1.03078 0.427911 0.0310854
threshold=4.5000000000000009 1.0000000180025095e-35 1.5000000000000002 1.5000000000000002 115.00000000000001 6.5000000000000009 27.500000000000004 7.5000000000000009 5.5000000000000009 1.5000000000000002 1.0000000180025095e-35 2.5000000000000004 3.5000000000000004 65.000000000000014 1.5000000000000002 105.00000000000001 7.5000000000000009 35.000000000000007 6.5000000000000009 1.5000000000000002 7.5000000000000009 25.000000000000004 4.5000000000000009 5.5000000000000009 3.5000000000000004 1.5000000000000002 23.500000000000004
decision_type=2 2 2 2 2 2 2 2 2 2 2 2 2 2 2 2 2 2 2 2 2 2 2 2 2 2 2
left_child=9 2 4 11 12 6 7 8 -5 17 22 18 -2 14 15 24 -15 -1 -4 -16 21 -21 25 -13 -12 -11 -3
right_child=1 26 3 5 -6 -7 -8 -9 -10 10 13 23 -14 16 19 -17 -18 -19 -20 20 -22 -23 -24 -25 -26 -27 -28
leaf_value=0.001976695229363393 -0.0020730903340410349 -0.018552036915262804 0.0045341032027834518 -0.017228124555478397 0.0090619380196954903 0.010049401576953026 0.018477052250083083 -0.018807487213639201 0.00046279843534729895 -0.00088222378527426436 -0.0052669719471224825 0.0047121379322595525 -0.018276545761688329 -0.018135581356634605 -0.0021213747209062224 0.013793197341839728 0.0068905240109312172 0.014314598909430572 -0.018692586198296002 -0.0042886558484539275 0.015001869314778206 0.010190366342321278 -0.019703546502161516 0.014245408798404229 -0.019708764715381053 -0.011333346485330627 -0.015186661210356396
leaf_weight=3.1862656623125059 2.1084100827574712 3.2380739450454703 1.2992600426077836 2.5324588194489497 2.5540487915277472 3.8007423654198638 1.088635683059693 5.6630457863211641 7.4347719922661781 1.4081495553255114 1.8473408818244998 2.5447252392768842 7.2080120034515858 1.4292951300740235 2.3339291363954571 1.4079818949103353 0.99618992209434498 7.6612568125128746 0.99426554143428791 2.6495331004261962 4.8811154365539542 8.0204473137855512 1.5572856590151785 7.0426933318376541 1.1612065657973287 0.93412096053361882 1.128935746848583
leaf_count=15 14 39 7 22 8 12 1 68 41 9 14 11 89 15 14 3 5 15 11 17 10 22 16 14 11 9 13
internal_value=0 -0.00368962 -0.00229873 0.000347868 -0.00951824 -0.00430579 -0.00757627 -0.00940632 -0.00404466 0.0045459 0.00220906 0.00838414 -0.0146208 0.00429588 0.00562316 -0.00301082 -0.00786049 0.0107001 -0.00556704 0.00775773 0.00924307 0.00659103 -0.0109864 0.011728 -0.0109107 -0.00510254 -0.0177355
internal_weight=0 48.6381 44.2711 32.4006 11.8705 20.5197 16.7189 15.6303 9.96723 39.4741 28.6266 11.8809 9.31642 24.727 22.3016 4.41653 2.42549 10.8475 2.29353 17.885 15.5511 10.67 3.89956 9.58742 3.00855 2.34227 4.36701
internal_count=525 350 298 187 111 144 132 131 63 175 145 43 103 111 91 28 20 30 18 63 49 39 34 25 25 18 52
is_linear=0
shrinkage=0.0119772


end of trees

feature_importances:
self_popularity=107
ninki_3=77
result_2=53
waku=52
result_1=51
result_3=49
ninki_1=46
mf_courseout=43
umaban=27
f_courseout=24
f_course3=22
f_lenout=22
mf_course3=20
f_course1=19
mf_course1=16
ninki_2=16
f_course2=14
mf_classout=10
mf_course2=9
f_mf_classout=9
f_mf_courseout=7
f_len2=6
f_classout=6
f_len1=5
f_mf_len1=5
mf_len2=4
mf_class2=4
f_mf_course3=3
mf_classout.1=3
f_len3=2
mf_len1=2
f_mf_course2=1
f_class2=1
mf_class1=1

parameters:
[boosting: gbdt]
[objective: lambdarank]
[metric: ndcg]
[tree_learner: serial]
[device_type: cpu]
[data_sample_strategy: bagging]
[data: ]
[valid: ]
[num_iterations: 225]
[learning_rate: 0.0119772]
[num_leaves: 46]
[num_threads: 16]
[seed: 0]
[deterministic: 0]
[force_col_wise: 1]
[force_row_wise: 0]
[histogram_pool_size: -1]
[max_depth: 8]
[min_data_in_leaf: 8]
[min_sum_hessian_in_leaf: 0.001]
[bagging_fraction: 1]
[pos_bagging_fraction: 1]
[neg_bagging_fraction: 1]
[bagging_freq: 0]
[bagging_seed: 7719]
[feature_fraction: 1]
[feature_fraction_bynode: 1]
[feature_fraction_seed: 2437]
[extra_trees: 0]
[extra_seed: 11797]
[early_stopping_round: 0]
[first_metric_only: 0]
[max_delta_step: 0]
[lambda_l1: 0.00280732]
[lambda_l2: 0.0124963]
[linear_lambda: 0]
[min_gain_to_split: 0]
[drop_rate: 0.1]
[max_drop: 50]
[skip_drop: 0.5]
[xgboost_dart_mode: 0]
[uniform_drop: 0]
[drop_seed: 21238]
[top_rate: 0.2]
[other_rate: 0.1]
[min_data_per_group: 100]
[max_cat_threshold: 32]
[cat_l2: 10]
[cat_smooth: 10]
[max_cat_to_onehot: 4]
[top_k: 20]
[monotone_constraints: ]
[monotone_constraints_method: basic]
[monotone_penalty: 0]
[feature_contri: ]
[forcedsplits_filename: ]
[refit_decay_rate: 0.9]
[cegb_tradeoff: 1]
[cegb_penalty_split: 0]
[cegb_penalty_feature_lazy: ]
[cegb_penalty_feature_coupled: ]
[path_smooth: 0]
[interaction_constraints: ]
[verbosity: -1]
[saved_feature_importance_type: 0]
[use_quantized_grad: 0]
[num_grad_quant_bins: 4]
[quant_train_renew_leaf: 0]
[stochastic_rounding: 1]
[linear_tree: 0]
[max_bin: 255]
[max_bin_by_feature: ]
[min_data_in_bin: 3]
[bin_construct_sample_cnt: 200000]
[data_random_seed: 38]
[is_enable_sparse: 1]
[enable_bundle: 1]
[use_missing: 1]
[zero_as_missing: 0]
[feature_pre_filter: 1]
[pre_partition: 0]
[two_round: 0]
[header: 0]
[label_column: ]
[weight_column: ]
[group_column: ]
[ignore_column: ]
[categorical_feature: ]
[forcedbins_filename: ]
[precise_float_parser: 0]
[parser_config_file: ]
[objective_seed: 8855]
[num_class: 1]
[is_unbalance: 0]
[scale_pos_weight: 1]
[sigmoid: 1]
[boost_from_average: 1]
[reg_sqrt: 0]
[alpha: 0.9]
[fair_c: 1]
[poisson_max_delta_step: 0.7]
[tweedie_variance_power: 1.5]
[lambdarank_truncation_level: 30]
[lambdarank_norm: 1]
[label_gain: ]
[lambdarank_position_bias_regularization: 0]
[eval_at: 1,3,5]
[multi_error_top_k: 1]
[auc_mu_weights: ]
[num_machines: 1]
[local_listen_port: 12400]
[time_out: 120]
[machine_list_filename: ]
[machines: ]
[gpu_platform_id: -1]
[gpu_device_id: -1]
[gpu_use_dp: 0]
[num_gpu: 1]

end of parameters

pandas_categorical:[]
