tree
version=v4
num_class=1
num_tree_per_iteration=1
label_index=0
max_feature_idx=50
objective=lambdarank
feature_names=f_course1 f_course2 f_course3 f_courseout mf_course1 mf_course2 mf_course3 mf_courseout f_mf_course1 f_mf_course2 f_mf_course3 f_mf_courseout f_len1 f_len2 f_len3 f_lenout mf_len1 mf_len2 mf_len3 mf_classout f_mf_len1 f_mf_len2 f_mf_len3 f_mf_classout f_class1 f_class2 f_class3 f_classout mf_class1 mf_class2 mf_class3 mf_classout.1 f_mf_class1 f_mf_class2 f_mf_class3 f_mf_classout.1 time_df_course1 time_df_class1 ninki_1 result_1 time_df_course2 time_df_class2 ninki_2 result_2 time_df_course3 time_df_class3 ninki_3 result_3 waku umaban self_popularity
feature_infos=[0:23] [0:33] [0:31] [0:192] [0:32] [0:27] [0:27] [0:188] [0:5] [0:7] [0:3] [0:32] [0:11] [0:9] [0:7] [0:65] [0:10] [0:6] [0:6] [0:38] [0:3] [0:2] [0:2] [0:10] [0:4] [0:5] [0:3] [0:19] [0:3] [0:3] [0:3] [0:19] none none none [0:5] [-1:0] [-1:0] [-1:180] [-1:100] [-1:0] [-1:0] [-1:180] [-1:160] [-1:0] [-1:0] [-1:180] [-1:140] [1:8] [1:16] [-1:16]
tree_sizes=2046 2133 2946 2584 2402 2039 2762 3307 2718 2673 2698 2710

Tree=0
num_leaves=20
num_cat=0
split_feature=50 38 47 38 50 49 46 38 3 30 4 42 46 19 42 46 50 49 7
split_gain=46.6109 9.16398 8.65666 7.33313 12.7978 6.57456 5.72521 3.24255 2.72196 2.42996 2.00522 1.89243 2.08066 1.81499 1.42234 1.30432 0.987698 0.37937 0.209757
threshold=10.500000000000002 95.000000000000014 3.5000000000000004 14.500000000000002 3.5000000000000004 14.500000000000002 65.000000000000014 105.00000000000001 50.500000000000007 1.0000000180025095e-35 1.5000000000000002 15.500000000000002 14.500000000000002 20.500000000000004 8.5000000000000018 105.00000000000001 8.5000000000000018 9.5000000000000018 1.5000000000000002
decision_type=2 2 2 2 2 2 2 2 2 2 2 2 2 2 2 2 2 2 2
left_child=2 5 9 4 14 -2 8 -3 -5 16 15 12 13 -6 -4 -8 18 -9 -1
right_child=1 7 3 6 11 -7 10 17 -10 -11 -12 -13 -14 -15 -16 -17 -18 -19 -20
leaf_value=0.010278922332640109 -0.18172119849376522 0.039189848297269909 0 0.082773238028377702 -0.13158089422767211 0 0.045945991341791247 -0.091613992696287228 0 0 -0.064170009803398417 0 0 0 0.065586545796606638 -0.0038508148230339133 0 0 0.092498684690799221
leaf_weight=8.9392328597605211 19.89324091561139 4.01137994788587 4.1458724047988644 24.526471508666877 13.649431440979248 3.1526730321347705 7.5071656610816735 3.9866890422999841 4.1127062663435927 4.59984675515443 5.370257416740059 4.0154651012271634 2.350462317466735 1.9329779017716635 9.4844593014568073 3.6701549477875233 5.1679671350866547 4.1684770211577415 32.858385199680924
leaf_count=82 342 23 55 175 220 33 58 63 48 53 81 41 25 21 72 47 45 47 222
internal_value=0 -0.115361 0.0312426 0.00393289 -0.0304613 -0.158328 0.0371151 -0.00755467 0.0684722 0.0679486 -0.00188284 -0.0877041 -0.103217 -0.117614 0.0422602 0.0073867 0.075671 -0.0629353 0.0819932
internal_weight=0 35.2125 132.331 80.7654 35.5787 23.0459 45.1868 12.1665 28.6392 51.5654 16.5476 21.9483 17.9329 15.5824 13.6303 11.1773 46.9656 8.15517 41.7976
internal_count=1753 508 1245 843 434 375 409 133 223 402 186 307 266 241 127 105 349 110 304
is_linear=0
shrinkage=0.114403


Tree=1
num_leaves=20
num_cat=0
split_feature=47 10 38 39 7 39 42 11 46 39 14 1 27 47 47 16 43 47 7
split_gain=27.024 23.3667 17.1449 17.8999 14.9399 14.2187 12.6027 11.3847 10.6337 7.71075 6.62056 11.2382 9.91766 8.0994 3.86023 3.72028 3.00582 0.963994 0.404877
threshold=11.500000000000002 1.0000000180025095e-35 65.000000000000014 10.500000000000002 1.5000000000000002 15.500000000000002 25.000000000000004 2.5000000000000004 25.000000000000004 4.5000000000000009 1.5000000000000002 2.5000000000000004 1.5000000000000002 7.5000000000000009 6.5000000000000009 1.0000000180025095e-35 16.500000000000004 14.500000000000002 4.5000000000000009
decision_type=2 2 2 2 2 2 2 2 2 2 2 2 2 2 2 2 2 2 2
left_child=2 4 5 8 17 7 -5 10 -4 -9 11 13 -12 -1 -13 -10 -6 -2 -14
right_child=1 -3 3 6 16 -7 -8 9 15 -11 12 14 18 -15 -16 -17 -18 -19 -20
leaf_value=-0.011467885652682011 -0.035743031336417208 0.067176482936859058 0 0.040241955643398067 -0.18118840802849118 0.10792829270333898 -0.12533118266990451 0.11538638729095378 0.055442991317497359 0 0 0.0042627796155834717 -0.033532667923558288 -0.094881461487597685 0.10335836186764633 0.13956278195755992 0 0.013588681319805625 -0.14902129654082269
leaf_weight=111.64871733449399 8.0793152349069697 8.9546794723719341 15.2228791937232 9.0916894339025038 23.584958689287308 12.73939375951886 10.195905378088353 13.201996600255372 33.287176300771534 9.1959817055612785 11.510716830380259 22.482491312548518 9.0329831130802649 19.654978340491652 10.466572003439067 27.95407503657043 4.0433387197554103 5.6289385277777901 12.063485217280684
leaf_count=422 56 37 52 29 244 29 95 30 118 53 53 79 47 171 39 69 27 32 71
internal_value=0 -0.0773526 0.0120404 0.0527518 -0.115981 -0.00370084 -0.0350949 -0.0118456 0.0786499 0.0609109 -0.0217583 -0.0102264 -0.0697872 -0.0265932 0.0457909 0.0997161 -0.163672 0 -0.115481
internal_weight=0 50.2912 327.749 95.7517 41.3366 231.997 19.2876 219.258 76.4641 22.398 196.86 164.253 32.6072 131.304 32.9491 61.2413 27.6283 13.7083 21.0965
internal_count=1753 396 1357 363 359 994 124 965 239 83 882 711 171 593 118 187 271 88 118
is_linear=0
shrinkage=0.114403


Tree=2
num_leaves=28
num_cat=0
split_feature=19 39 4 50 50 17 39 38 5 3 39 43 18 50 28 49 49 49 49 49 47 7 43 46 16 38 13
split_gain=11.9223 19.8311 17.0476 15.1942 9.54294 7.8411 7.72861 7.58665 5.97982 20.6809 22.1602 7.02883 5.11977 5.61114 5.05914 7.3742 7.22472 4.84339 3.89209 3.57284 3.34469 3.23906 1.53358 1.83033 0.88833 0.464805 0.451136
threshold=12.500000000000002 3.5000000000000004 1.5000000000000002 2.5000000000000004 10.500000000000002 2.5000000000000004 9.5000000000000018 9.5000000000000018 1.0000000180025095e-35 19.500000000000004 3.5000000000000004 8.5000000000000018 4.5000000000000009 4.5000000000000009 1.0000000180025095e-35 9.5000000000000018 4.5000000000000009 8.5000000000000018 6.5000000000000009 6.5000000000000009 7.5000000000000009 12.500000000000002 2.5000000000000004 10.500000000000002 1.0000000180025095e-35 45.000000000000007 1.0000000180025095e-35
decision_type=2 2 2 2 2 2 2 2 2 2 2 2 2 2 2 2 2 2 2 2 2 2 2 2 2 2 2
left_child=2 5 3 20 8 -2 17 22 9 10 -5 18 13 -3 15 19 -16 -6 -10 25 -1 -13 -4 -24 -15 -9 -19
right_child=1 12 7 4 6 -7 -8 14 11 -11 -12 21 -14 24 16 -17 -18 26 -20 -21 -22 -23 23 -25 -26 -27 -28
leaf_value=-0.097938194659666092 -0.038612420287822274 -0.0051996008905821197 0.018521554217652433 -0.095767142877424702 -0.10235885531465926 0.082728403457631841 -0.1405586296253068 0 0.11531320162235094 -0.12237919046678095 0.059073467884538745 -0.077334671172816657 0 -0.0074835488447213055 0.079860585441581242 0.1210383705477082 -0.076118885405134423 0 0.0039342745433593859 -0.018502863312811015 0 0.025048802327839452 -0.079046782110997194 0 -0.17805681367690801 0.075819968923537359 0.053108181724787297
leaf_weight=25.660572182387114 9.0415901653468627 8.5157572776079196 8.0062849875539559 13.346199868246911 4.0621679630130556 13.918070403859018 8.4472102997824532 9.4231614209711605 19.199122115969661 13.920745512470601 59.055757915601134 5.4031893759965879 4.1227378044277421 4.183363911695781 7.0923525709658843 31.896837384440005 6.7090672478079796 5.9616122823208553 12.277194378897546 7.8528746627271167 8.5119785051792842 7.0283849220722914 5.7027379740029556 5.7463818266987801 15.790711374953387 10.597855195403097 5.4302425067871809
leaf_count=116 46 48 22 84 80 36 149 53 44 90 219 43 15 44 23 93 43 49 42 49 49 26 61 39 130 39 21
internal_value=0 -0.0480035 0.00959946 -0.00898108 0.00476941 0.0236017 -0.0577939 0.0499093 0.0186759 0 0.025948 0.0526272 -0.106033 -0.122905 0.0669024 0.0811598 0 0 0.0817269 0.0235959 -0.0775346 -0.000652105 -0.000776339 -0.0372117 -0.157459 0.053506 0.0310795
internal_weight=0 55.5722 281.332 188.304 154.132 22.9597 23.9012 93.0276 130.231 86.3227 72.402 43.9079 32.6126 28.4898 73.5721 59.7707 13.8014 15.454 31.4763 27.8739 34.1726 12.4316 19.4554 11.4491 19.9741 20.021 11.3919
internal_count=1753 319 1434 1012 847 82 299 422 548 393 303 155 237 222 300 234 66 150 86 141 165 69 122 100 174 92 70
is_linear=0
shrinkage=0.114403


Tree=3
num_leaves=25
num_cat=0
split_feature=47 10 7 2 7 39 38 49 17 47 0 27 5 47 50 19 39 2 49 43 15 14 5 15
split_gain=8.58307 10.9221 9.08319 6.71153 7.99278 6.10045 8.48745 12.8541 7.74793 5.81392 5.48535 5.31922 5.134 7.34828 5.11408 4.87669 4.22877 5.44788 3.24109 3.07608 6.54805 2.60878 2.20799 1.27206
threshold=11.500000000000002 1.0000000180025095e-35 1.5000000000000002 10.500000000000002 4.5000000000000009 7.5000000000000009 65.000000000000014 11.500000000000002 1.0000000180025095e-35 8.5000000000000018 19.500000000000004 1.5000000000000002 1.5000000000000002 5.5000000000000009 4.5000000000000009 6.5000000000000009 14.500000000000002 2.5000000000000004 11.500000000000002 3.5000000000000004 1.5000000000000002 1.0000000180025095e-35 1.5000000000000002 2.5000000000000004
decision_type=2 2 2 2 2 2 2 2 2 2 2 2 2 2 2 2 2 2 2 2 2 2 2 2
left_child=3 2 21 4 12 6 7 15 9 -7 -5 18 13 19 -13 -6 17 -15 -10 23 -21 -2 -8 -1
right_child=1 -3 -4 10 5 8 22 -9 11 -11 -12 14 -14 16 -16 -17 -18 -19 -20 20 -22 -23 -24 -25
leaf_value=-0.047873599778844193 -0.050883918130344492 0.040646000161095409 -0.13507841699280851 -0.11154152451020719 0.06761338997525633 -0.10184949944145792 0.12607126163776641 -0.098088605637875151 0 0 0 0.027288801636842181 0.067069053765398026 -0.099302225004223768 -0.10696756962845524 0 0 0 0.11160790736889038 0.078323984799057264 -0.01333991309352822 0.046347838733905571 0.028499236039255822 0
leaf_weight=12.384987229481341 7.088717473670842 8.8387505207210761 17.973762266337872 9.6189733520150202 34.220516731962562 13.169607078656556 19.45165254175663 8.8298131842166168 10.3389641083777 6.0501220449805251 8.8319228403270227 4.8613430932164174 7.6735280063003293 25.753513481467966 4.8872775174677372 28.427152140066028 5.7000192645937195 5.9571472536772481 10.456396482884882 17.051129627972845 14.049590023234485 5.456913135945797 14.96385572850704 7.2952831238508216
leaf_count=72 62 37 271 71 137 97 37 62 59 36 32 18 23 205 44 138 21 37 27 60 92 26 50 39
internal_value=0 -0.0493163 -0.0846303 0.00732316 0.0131737 0.0296244 0.0451071 0.0172489 0 -0.058803 -0.0550723 0.0319112 -0.0106887 -0.021158 -0.0170172 0.0389894 -0.0595635 -0.0766033 0.0674533 0.00227144 0.0289699 0 0.0932554 -0.0258307
internal_weight=0 39.3581 30.5194 269.973 251.522 155.657 105.893 71.4775 49.7637 19.2197 18.4509 30.544 95.8652 88.1917 9.74862 62.6477 37.4107 31.7107 20.7954 50.781 31.1007 12.5456 34.4155 19.6803
internal_count=1753 396 359 1357 1254 705 424 337 281 133 103 148 549 526 62 275 263 242 86 263 152 88 87 111
is_linear=0
shrinkage=0.114403


Tree=4
num_leaves=23
num_cat=0
split_feature=50 38 49 17 7 7 39 7 39 42 42 4 16 38 11 39 5 11 47 15 13 49
split_gain=7.73541 13.2238 11.6262 5.81456 7.92537 7.13319 10.8873 5.8879 5.12205 7.04744 6.39003 4.85251 4.78949 4.35206 4.00334 3.88114 3.29463 2.83606 2.29688 1.36826 0.187169 0.012788
threshold=10.500000000000002 95.000000000000014 13.500000000000002 1.0000000180025095e-35 21.500000000000004 39.000000000000007 3.5000000000000004 5.5000000000000009 15.500000000000002 12.500000000000002 65.000000000000014 1.0000000180025095e-35 1.0000000180025095e-35 75.000000000000014 1.0000000180025095e-35 2.5000000000000004 6.5000000000000009 1.0000000180025095e-35 3.5000000000000004 3.5000000000000004 1.0000000180025095e-35 10.500000000000002
decision_type=2 2 2 2 2 2 2 2 2 2 2 2 2 2 2 2 2 2 2 2 2 2
left_child=3 2 -2 4 7 11 -7 8 9 13 -11 -5 17 -1 15 -9 21 -3 -6 -17 -13 -8
right_child=1 12 -4 5 18 6 16 14 -10 10 -12 20 -14 -15 -16 19 -18 -19 -20 -21 -22 -23
leaf_value=-0.088408189266077131 -0.14634249592547224 -0.098168475315896384 0 0 0 0.050423888032839093 -0.0055090871055904446 0 0.061036487184088786 0.031232892037902804 -0.053196364966961833 0.028710664924978108 0.068736941600537976 0 -0.0076699086085605071 0.01405087475036319 -0.11636735868234714 0 -0.11595599679117236 0.1049573439894875 0.088498213894205813 0
leaf_weight=24.047639939934019 18.007702777162198 3.8189964201301363 8.6292693037539703 8.8544622305780631 7.4527431987226036 18.686878107488155 4.6559916399419325 10.004458967596291 8.4005433246493322 33.512302111834288 16.84695502743125 19.953637609258294 12.074924832209943 5.5799828507006159 9.5014300290495139 12.475194485858085 9.1876575667411071 3.3486766461282969 9.191878652200101 15.785791002213953 28.697094233706594 4.381551019847393
leaf_count=196 319 62 56 56 36 61 36 47 27 147 102 89 50 13 58 55 85 21 83 50 79 25
internal_value=0 -0.0426934 -0.0957119 0.00804359 -0.0042021 0.0306387 -0.00180179 0.00315624 -0.0120357 -0.0237159 0 0.0559458 0.0178205 -0.067209 0.0367013 0.0547517 -0.0697787 -0.0314926 -0.0774804 0.0759741 0.0705158 0
internal_weight=0 45.8796 26.637 247.216 152.799 94.4173 36.9121 136.154 88.3874 79.9869 50.3593 57.5052 19.2426 29.6276 47.7669 38.2654 18.2252 7.16767 16.6446 28.261 48.6507 9.03754
internal_count=1753 508 375 1245 814 431 207 695 485 458 249 224 133 209 210 152 146 83 119 105 168 61
is_linear=0
shrinkage=0.114403


Tree=5
num_leaves=19
num_cat=0
split_feature=47 10 7 17 7 38 43 6 1 46 3 50 46 38 39 28 14 14
split_gain=6.36209 5.31561 7.66191 3.0589 6.64402 6.64717 5.86711 6.12245 5.81714 3.62905 5.83626 3.75628 8.25742 5.75716 1.15219 3.53557 0.783593 0.678513
threshold=11.500000000000002 1.0000000180025095e-35 1.5000000000000002 1.5000000000000002 51.500000000000007 6.5000000000000009 3.5000000000000004 3.5000000000000004 6.5000000000000009 105.00000000000001 26.500000000000004 5.5000000000000009 7.5000000000000009 12.500000000000002 3.5000000000000004 1.0000000180025095e-35 3.5000000000000004 1.0000000180025095e-35
decision_type=2 2 2 2 2 2 2 2 2 2 2 2 2 2 2 2 2 2
left_child=3 2 17 4 5 6 -1 -8 14 11 -11 13 -13 -7 -5 -16 -10 -2
right_child=1 -3 -4 8 -6 9 7 -9 16 10 -12 12 -14 -15 15 -17 -18 -19
leaf_value=0 -0.025542606660586858 0.0072643574480392888 -0.12326896318424364 0.087261561769172172 -0.09452485773691148 0.03979090464405205 -0.13366585379744683 0 -0.049794560467543159 -0.11611553137990638 0.016463260499566416 -0.029500471121524093 0.052445605694428951 -0.026543963408729214 0.059395809489364189 -0.035719731966098053 0 0.025118618020685098
leaf_weight=11.58706981688738 6.5787272211164254 9.129043208435176 15.051171148195861 16.723856948316097 8.2859011702239496 27.840113308280706 10.995067071169613 4.1293048430234185 5.602386271581052 6.1101440880447608 3.9003497809171677 15.131859054788945 75.248761648312211 41.592934843152761 10.799246164038776 5.0859046336263409 4.3668012283742428 5.5255149733275175
leaf_count=58 62 37 271 42 79 131 124 23 41 71 17 112 341 200 47 46 25 26
internal_value=0 -0.0441593 -0.0710642 0.00660688 0 0.00515767 -0.0446098 -0.0907587 0.0342222 0.0147995 -0.0416598 0.0202702 0.0355301 0 0.0601885 0.0120679 -0.0230732 0
internal_weight=0 36.2845 27.1554 247.4 204.822 196.536 26.7114 15.1244 42.5782 169.824 10.0105 159.814 90.3806 69.433 32.609 15.8852 9.96919 12.1042
internal_count=1753 396 359 1357 1156 1077 205 147 201 872 88 784 453 331 135 93 66 88
is_linear=0
shrinkage=0.114403


Tree=6
num_leaves=27
num_cat=0
split_feature=50 46 39 49 18 7 3 46 49 19 46 49 0 3 46 6 4 13 19 46 49 43 49 15 7 39
split_gain=3.38989 9.79437 5.0276 4.75017 4.99995 8.19268 8.02641 5.68516 4.52686 4.13385 3.80748 4.79127 3.78835 4.67102 3.9026 3.70112 5.76812 3.52678 2.32048 2.19132 1.84896 1.44752 0.841693 0.724269 0.454649 0.14788
threshold=11.500000000000002 75.000000000000014 15.500000000000002 2.5000000000000004 1.0000000180025095e-35 5.5000000000000009 18.500000000000004 4.5000000000000009 14.500000000000002 1.0000000180025095e-35 9.5000000000000018 11.500000000000002 1.0000000180025095e-35 18.500000000000004 55.000000000000007 1.5000000000000002 3.5000000000000004 1.0000000180025095e-35 2.5000000000000004 85.000000000000014 11.500000000000002 3.5000000000000004 11.500000000000002 1.0000000180025095e-35 21.500000000000004 3.5000000000000004
decision_type=2 2 2 2 2 2 2 2 2 2 2 2 2 2 2 2 2 2 2 2 2 2 2 2 2 2
left_child=2 8 3 9 5 12 7 -6 -2 -1 21 -12 14 -14 -5 -8 -17 18 -11 -3 -9 -7 24 -4 -21 -20
right_child=1 19 23 4 6 10 15 20 -10 17 11 -13 13 -15 -16 16 -18 -19 25 22 -22 -23 -24 -25 -26 -27
leaf_value=-0.015927024933489811 -0.12917928490010425 0.080731206083545143 0.091723971118384776 -0.077168503608151987 0 0.016815005245558415 -0.073111793040144993 -0.14724989227064023 0 0.058894546499360351 0.074374734534843917 0 0.034350429414338482 -0.055239507316495788 0 0.070504620493694617 -0.018245847251919075 0.093941434197060983 0 -0.065366634354654771 0 -0.043250188035586785 0.010688239808064964 0 0 -0.03085943570448843
leaf_weight=7.4768492989242068 12.489211411215367 4.103308740071955 8.7315114773809928 21.434198479168121 8.5496345460414904 11.988955756649377 6.5153617933392516 11.970763268880548 3.8932471591979256 6.926637917757037 33.399235958233476 8.0155582902953011 21.936896342784166 10.361330570653079 8.5233056768774969 15.020714366808535 15.909527951851485 16.071859000250697 4.9645354766398651 2.8843245357274991 5.0363525077700606 7.3273345213383427 7.6635198686271906 8.2102549932897073 1.9424906028434632 4.7089939601719379
leaf_count=53 252 14 22 162 42 41 33 103 24 26 133 52 108 90 52 64 107 54 23 54 33 65 40 47 21 38
internal_value=0 -0.0339346 0.0047068 0 -0.00764019 0.00384252 -0.0341595 -0.082449 -0.0973791 0.0353568 0.0353492 0.0547663 -0.0225501 0 -0.0514824 0 0.0168483 0.055492 0 0.0144808 -0.11923 0 0 0.0632473 -0.042028 -0.0178788
internal_weight=0 32.9761 243.08 226.138 185.989 122.987 63.0024 25.5568 16.3825 40.1489 60.7311 41.4148 62.2557 32.2982 29.9575 37.4456 30.9302 32.672 16.6002 16.5936 17.0071 19.3163 12.4903 16.9418 4.82682 9.67353
internal_count=1753 405 1348 1279 1085 703 382 178 276 194 291 185 412 198 214 204 171 141 87 129 136 106 115 69 75 61
is_linear=0
shrinkage=0.114403


Tree=7
num_leaves=33
num_cat=0
split_feature=47 38 16 21 7 50 19 43 50 49 46 50 2 7 0 3 6 46 19 27 3 3 19 49 3 42 46 50 47 19 49 14
split_gain=3.79717 4.09335 5.18622 3.70972 4.48421 4.55938 3.27075 3.21262 6.67428 6.24365 4.47967 3.86882 4.50172 3.22004 2.82664 3.92863 2.7661 3.23019 2.72869 2.42813 2.34065 2.24597 1.99049 1.91611 1.86558 1.72135 1.66661 1.36027 0.895937 0.571037 0.501537 0.30616
threshold=11.500000000000002 65.000000000000014 1.0000000180025095e-35 1.0000000180025095e-35 1.5000000000000002 3.5000000000000004 12.500000000000002 7.5000000000000009 5.5000000000000009 14.500000000000002 4.5000000000000009 5.5000000000000009 1.0000000180025095e-35 11.500000000000002 1.5000000000000002 30.500000000000004 1.5000000000000002 9.5000000000000018 5.5000000000000009 1.0000000180025095e-35 1.5000000000000002 1.5000000000000002 7.5000000000000009 7.5000000000000009 19.500000000000004 65.000000000000014 8.5000000000000018 1.5000000000000002 4.5000000000000009 29.500000000000004 8.5000000000000018 1.0000000180025095e-35
decision_type=2 2 2 2 2 2 2 2 2 2 2 2 2 2 2 2 2 2 2 2 2 2 2 2 2 2 2 2 2 2 2 2
left_child=1 7 14 4 31 -6 -4 11 13 10 -10 12 27 26 25 -16 17 -13 19 -14 -7 -18 -15 -20 -23 28 -9 -1 -3 -8 -27 -2
right_child=3 2 6 -5 5 20 29 8 9 -11 -12 16 18 22 15 -17 21 -19 23 -21 -22 24 -24 -25 -26 30 -28 -29 -30 -31 -32 -33
leaf_value=0 -0.012129495271874189 0 0.08400394115788308 0.03297108205529501 0 0 -0.020394564688560986 0 0 0.0053892092865887656 -0.11951976034478382 0 0 0.080154115759808242 -0.11705611151433841 0 0.04877781494649306 0.07982574869429275 -0.054607297483767227 0.065122500869238653 -0.13883079014451508 -0.083746035127909332 0 0 0 -0.032612063241019347 -0.072592793491854019 -0.070302035123400317 0.067698895289723157 0.029134338304191813 0.0001624985191464968 0.021728850071022852
leaf_weight=5.4448507111519602 6.3495533466339129 8.2464577667415195 23.060237001627684 3.6269386019557706 4.1768802907317903 3.7032991312444201 4.8652920089662057 8.7902412042021769 5.4875156264752212 5.3082558475434771 17.80115141812712 7.8202324854210046 7.430758103728297 8.5828760117292386 4.7588992081582528 6.9991819225251675 4.6679118648171416 19.456562771461904 8.9643318243324739 14.80290264636278 11.373579192906616 4.9392136149108392 6.8213705737143746 6.9893883839249602 3.4254318475723267 5.313078470528124 4.8178683780133715 14.87702347524464 9.1117464043199998 5.1414414048194885 6.545160923153162 5.38209736533463
leaf_count=33 62 40 70 20 35 46 42 52 43 23 240 49 40 21 41 39 12 75 43 62 207 43 46 39 26 49 37 110 24 20 38 26
internal_value=0 0.00534438 0.027852 -0.034854 -0.0521991 -0.0850421 0.0609378 -0.0036353 -0.0260243 -0.0655039 -0.0927938 0.00673946 -0.00840166 0.00434672 0 -0.045005 0.0351873 0.0556632 0.00896879 0.0387309 -0.113457 0 0.0461302 -0.0158312 -0.0419692 0.0195039 -0.0236638 -0.0532099 0.0431826 0 0 0
internal_weight=0 230.469 74.0415 34.6123 30.9854 19.2538 33.067 156.428 57.6093 28.5969 23.2887 98.8186 58.5093 29.0124 40.9745 11.7581 40.3094 27.2768 38.1874 22.2337 15.0769 13.0326 15.4042 15.9537 8.36465 29.2164 13.6081 20.3219 17.3582 10.0067 11.8582 11.7317
internal_count=1753 1357 363 396 376 288 132 994 462 306 283 532 327 156 231 80 205 124 184 102 253 81 67 82 69 151 89 143 64 62 87 88
is_linear=0
shrinkage=0.114403


Tree=8
num_leaves=27
num_cat=0
split_feature=47 38 9 46 43 19 38 35 5 50 43 49 50 7 31 42 49 46 4 43 50 38 38 19 49 42
split_gain=3.50432 8.98147 4.93336 4.13115 3.64009 6.21239 3.25501 2.90735 2.77483 2.72786 2.50283 3.03626 2.47903 2.0494 2.61696 1.7009 2.66354 2.05104 2.36047 2.11499 1.0766 0.934462 0.669065 0.617707 0.184282 0.0883804
threshold=3.5000000000000004 13.500000000000002 1.0000000180025095e-35 105.00000000000001 4.5000000000000009 12.500000000000002 35.000000000000007 1.0000000180025095e-35 3.5000000000000004 4.5000000000000009 3.5000000000000004 2.5000000000000004 12.500000000000002 67.000000000000014 1.0000000180025095e-35 2.5000000000000004 5.5000000000000009 10.500000000000002 1.5000000000000002 7.5000000000000009 5.5000000000000009 35.000000000000007 65.000000000000014 5.5000000000000009 8.5000000000000018 6.5000000000000009
decision_type=2 2 2 2 2 2 2 2 2 2 2 2 2 2 2 2 2 2 2 2 2 2 2 2 2 2
left_child=15 2 7 4 13 9 -5 10 -8 -6 -2 -12 -11 14 22 16 23 19 21 -17 -7 24 -3 -1 -19 -21
right_child=1 3 -4 6 5 20 8 -9 -10 12 11 -13 -14 -15 -16 17 -18 18 -20 25 -22 -23 -24 -25 -26 -27
leaf_value=0 0 -0.028771587573295277 0.0085309685986115682 0.0014662113425457689 0 0 -0.1119517050028689 0 0 0.068841256868732201 0 -0.09978929502520377 0 0.024858963558978805 -0.098434540329196615 0.066722717460414235 0.023081752072470062 -0.066099159338669861 0.036468885919290879 0.012872650800634872 -0.084754081997341302 0 0.020213192214727747 -0.077039210491249427 0 0
leaf_weight=6.0997088253498095 8.3802799452096206 6.4899607226252609 8.7709968239068967 3.1729575023055068 7.6107525657862416 2.7909630164504042 7.5401385147124511 4.2427115924656382 3.9976493269205093 43.64995489269495 7.6794720180332652 29.483464738354087 7.5614029783755532 5.2348291967064133 5.3539026230573645 22.919778170064092 14.038802310824392 4.6922596134245449 15.144224045798181 6.1219611838459951 3.5536914989352226 7.0166876707226029 5.6849170923233032 5.0398911479860544 4.6946298480033875 6.9702718872576952
leaf_count=35 63 47 56 22 47 19 115 34 32 170 74 382 79 22 55 93 59 33 63 27 57 41 20 29 33 46
internal_value=0 -0.0101791 -0.0463656 0.00799242 0.0196623 0.0346081 -0.0411419 -0.0615074 -0.0745775 0.0489127 -0.07035 -0.0830751 0.0585475 -0.0110568 -0.0375634 0.0176245 0 0.0273917 0 0.0460473 -0.0494362 -0.0235951 0 -0.0473704 -0.0461705 0
internal_weight=0 161.198 58.5569 102.641 87.9304 65.1668 14.7107 49.7859 11.5378 58.8221 45.5432 37.1629 51.2114 22.7636 17.5288 92.7382 25.1784 67.5598 31.5478 36.012 6.34465 16.4036 12.1749 11.1396 9.38689 13.0922
internal_count=1753 1294 609 685 516 372 169 553 147 296 519 456 249 144 122 459 123 336 170 166 76 107 67 64 66 73
is_linear=0
shrinkage=0.114403


Tree=9
num_leaves=26
num_cat=0
split_feature=50 49 49 35 19 50 43 47 46 14 39 31 46 42 49 2 15 3 2 47 48 7 7 5 7
split_gain=2.73219 4.89495 2.99737 2.49845 2.69896 3.55014 5.19728 3.18785 5.08526 3.08771 3.04653 2.26518 2.06034 3.2209 1.78726 3.43698 2.26429 1.2338 5.23846 1.698 1.23031 0.771775 0.747933 0.224447 0.0896072
threshold=10.500000000000002 9.5000000000000018 1.5000000000000002 1.5000000000000002 12.500000000000002 7.5000000000000009 6.5000000000000009 8.5000000000000018 8.5000000000000018 1.5000000000000002 3.5000000000000004 5.5000000000000009 75.000000000000014 10.500000000000002 11.500000000000002 1.5000000000000002 1.5000000000000002 14.500000000000002 1.0000000180025095e-35 11.500000000000002 6.5000000000000009 95.500000000000014 12.500000000000002 9.5000000000000018 3.5000000000000004
decision_type=2 2 2 2 2 2 2 2 2 2 2 2 2 2 2 2 2 2 2 2 2 2 2 2 2
left_child=3 2 -2 4 5 7 24 14 22 -10 23 -4 13 -3 16 -16 -1 18 -8 -19 -14 -12 -9 -6 -7
right_child=1 12 11 -5 10 6 17 8 9 -11 21 -13 20 -15 15 -17 -18 19 -20 -21 -22 -23 -24 -25 -26
leaf_value=0.03658992090536016 0 0.0027705741409406754 -0.11585678375600371 0.068277482948201157 -0.00051879611479901532 0.0061347797564209787 -0.016463286239891767 0 -0.10123660907805539 0 -0.079671876518697379 0 0.068483292169868371 -0.081679872645024423 -0.078015846324062332 0.0054080569600641693 0 -0.089527936206826753 0.083798010091651789 0 0 0 0.041610040241902617 0.01964776384980714 0.090275646127217293
leaf_weight=36.740714443847537 2.8996898084878913 4.8744685444980878 11.284605542663483 7.3090064935386172 6.8896906524896639 8.475196838378908 13.475502124056225 5.0569494199007767 13.164054540917279 4.103012489154934 10.911202510818837 1.4763852152973402 6.5055138524621707 6.7319582812488079 7.6931138634681684 7.5813179761171341 42.054525334388018 3.4271761365234843 8.9240856096148473 3.0516465026885271 5.1269844947382808 3.3719125203788272 5.0289216749370098 6.7455551475286484 14.622524142265318
leaf_count=169 32 30 249 26 48 40 96 40 119 24 118 15 27 114 66 43 239 39 31 26 41 31 22 19 49
internal_value=0 -0.0274944 -0.0754823 0.00521818 0.0012733 0.00791453 0.0329386 -0.00067965 -0.0362899 -0.075494 -0.0293187 -0.0989494 0 -0.02616 0.00698059 -0.0212916 0.0161221 0 0.0131462 -0.0406566 0.0384171 -0.065322 0.00608137 0 0.0723342
internal_weight=0 38.8996 15.6607 208.626 201.317 173.399 51.9761 121.423 27.3529 17.2671 27.9184 12.761 23.2389 11.6064 94.0697 15.2744 78.7952 28.8784 22.3996 6.47882 11.6325 14.2831 10.0859 13.6352 23.0977
internal_count=1753 508 296 1245 1219 1003 281 722 205 143 216 264 212 144 517 109 408 192 127 65 68 149 62 67 89
is_linear=0
shrinkage=0.114403


Tree=10
num_leaves=27
num_cat=0
split_feature=50 38 49 5 38 39 39 1 3 27 38 46 50 46 31 3 42 5 42 42 4 47 43 49 38 49
split_gain=2.35502 3.6028 5.57705 1.88983 1.99642 1.73909 2.46185 3.37149 3.61617 3.08458 2.6115 3.42051 2.1954 1.3728 3.27264 1.9513 1.78171 1.11586 1.0624 1.04293 0.719977 0.707044 0.365272 0.193177 0.157631 0.14745
threshold=10.500000000000002 95.000000000000014 13.500000000000002 1.5000000000000002 105.00000000000001 15.500000000000002 9.5000000000000018 2.5000000000000004 79.000000000000014 1.5000000000000002 65.000000000000014 11.500000000000002 2.5000000000000004 13.500000000000002 3.5000000000000004 1.5000000000000002 25.000000000000004 4.5000000000000009 95.000000000000014 65.000000000000014 3.5000000000000004 6.5000000000000009 11.500000000000002 13.500000000000002 19.000000000000004 1.5000000000000002
decision_type=2 2 2 2 2 2 2 2 2 2 2 2 2 2 2 2 2 2 2 2 2 2 2 2 2 2
left_child=5 2 25 4 -3 6 7 10 9 24 11 12 -1 14 15 -8 -15 -13 -18 -12 -11 -10 -7 -17 -9 -2
right_child=1 3 -4 -5 -6 22 13 8 21 20 19 17 -14 16 -16 23 18 -19 -20 -21 -22 -23 -24 -25 -26 -27
leaf_value=-0.041457843836133712 0 0 0 0.040338924230395166 -0.083749740629893793 0 0 0.0119273024019429 -0.044935741999166709 0.082532344457701121 0.04473187972517266 -0.053440555011104056 0.01907837015905409 0.03734064517924883 0.0044179582876870509 -0.1011208126069436 -0.063331693422052096 0 0 0 0 0 0.065307476038657511 0 -0.011149830178814003 -0.11051909238568049
leaf_weight=8.5854775682091695 1.4562835879623914 2.3616773486137417 7.2094073798507443 10.464065060019491 3.7661794293671846 7.3153704404830915 4.909868869930512 7.785152252763508 4.6361417919397336 21.146056767553095 14.607014641165735 25.920588647946719 33.486985191702843 8.2641318235546368 3.7481477148830882 9.9301207661628705 5.2506169509142619 4.0043571703135958 3.8810846377164125 12.00925252214074 8.8456710427999479 3.8561410773545504 6.7095514424145222 2.9965152218937865 5.8451667204499245 11.269283692352472
leaf_count=65 25 15 56 55 63 35 29 42 38 81 50 214 196 37 25 105 46 30 28 68 45 27 25 20 39 294
internal_value=0 -0.0264022 -0.0593379 0 -0.0300517 0.00482452 0.000363577 0.0084027 0.0321064 0.0474369 -0.00149797 -0.0153232 0 -0.0232541 -0.0419577 -0.0663301 0 -0.0448328 -0.0325718 0.0250902 0.0674764 -0.0140329 0.0429832 -0.0884269 0 -0.103745
internal_weight=0 36.5269 19.935 16.5919 6.12786 203.733 189.708 150.728 52.1143 43.622 98.6137 71.9974 42.0725 38.9805 21.5847 17.8365 17.3958 29.9249 9.1317 26.6163 29.9917 8.49228 14.0249 12.9266 13.6303 12.7256
internal_count=1753 508 375 133 78 1245 1185 895 272 207 623 505 261 290 179 154 111 244 74 118 126 65 60 125 81 319
is_linear=0
shrinkage=0.114403


Tree=11
num_leaves=27
num_cat=0
split_feature=19 17 50 50 49 50 46 47 43 43 38 38 46 7 6 49 1 4 39 39 4 42 3 43 6 46
split_gain=2.25084 4.52389 4.40223 2.9597 2.90627 1.97287 2.14865 2.79394 4.89795 2.2638 2.26895 2.23974 2.15143 1.4941 1.34416 1.11071 1.07519 1.52421 0.81006 0.731742 0.236436 0.19766 0.115961 0.102932 0.0905664 0.266828
threshold=12.500000000000002 3.5000000000000004 4.5000000000000009 11.500000000000002 8.5000000000000018 2.5000000000000004 9.5000000000000018 3.5000000000000004 12.500000000000002 9.5000000000000018 75.000000000000014 13.500000000000002 85.000000000000014 32.500000000000007 2.5000000000000004 11.500000000000002 2.5000000000000004 1.5000000000000002 3.5000000000000004 14.500000000000002 1.5000000000000002 19.000000000000004 46.500000000000007 4.5000000000000009 1.5000000000000002 75.000000000000014
decision_type=2 2 2 2 2 2 2 2 2 2 2 2 2 2 2 2 2 2 2 2 2 2 2 2 2 2
left_child=3 2 22 5 -5 14 7 11 19 12 13 -7 15 -11 16 -8 17 -1 -3 -9 -12 -13 -2 -14 25 -6
right_child=1 18 -4 4 24 6 9 8 -10 10 20 21 23 -15 -16 -17 -18 -19 -20 -21 -22 -23 -24 -25 -26 -27
leaf_value=-0.060262101016710236 -0.01391215724014775 0.048041144968306485 -0.10481650598427966 -0.087589987577737088 0 0.046414943586906364 0.057265829073131054 -0.10146731950765307 0.005834305266211124 -0.050265738172894106 0 -0.018569922462752807 0 0 0.019598833801041847 0 0 0 0 0 0.050918393253878903 0 0.0042311098392101903 -0.015343422055706562 -0.016456510005176433 0.021777555701740614
leaf_weight=13.480325853452092 6.4327839165925997 5.066473186016081 11.783204770646988 6.9870227053761509 5.9220081027597171 18.46202242560685 43.129471430554986 8.6232542525976914 8.4534205403178913 12.020370882004501 7.5313909910619241 6.6432864405214769 4.9037299659103137 3.4470717273652545 5.5387416742742053 11.024598585441707 10.530425060540436 3.7833443041890851 5.5743414536118507 2.8671043701469889 6.7800314780324697 6.6744255386292934 5.0881707109510899 4.8637894671410322 3.2596938870847216 6.6525270966812968
leaf_count=116 49 16 178 160 90 70 196 115 58 122 43 37 33 21 26 61 59 22 54 19 23 30 22 45 44 44
internal_value=0 -0.0268749 -0.0579963 0.00462043 -0.0305875 0.010788 0.0173054 0 -0.0341481 0.0275806 0 0.0194204 0.0395947 -0.0282029 -0.00923529 0.0485586 -0.0250999 -0.0421021 0.0163467 -0.0844377 0.0331892 0 0 0 0 0.00228303
internal_weight=0 33.945 23.3042 201.578 22.8213 178.757 145.424 51.7235 19.9438 93.7005 29.7789 31.7797 63.9216 15.4674 33.3328 54.1541 27.7941 17.2637 10.6408 11.4904 14.3114 13.3177 11.521 9.76752 15.8342 12.5745
internal_count=1753 319 249 1434 338 1096 873 329 192 544 209 137 335 143 223 257 197 138 70 134 66 67 71 78 178 134
is_linear=0
shrinkage=0.114403


end of trees

feature_importances:
umaban=30
ninki_3=24
self_popularity=24
ninki_1=22
mf_courseout=20
result_1=19
result_3=18
result_2=15
f_courseout=13
mf_classout=13
ninki_2=13
mf_course1=8
mf_course2=8
f_len3=6
f_course3=5
mf_course3=5
f_lenout=5
mf_len2=5
f_course2=4
mf_len1=4
f_classout=4
f_course1=3
f_mf_course3=3
f_mf_courseout=3
f_len2=3
mf_classout.1=3
mf_len3=2
mf_class1=2
f_mf_classout.1=2
f_mf_course2=1
f_mf_len2=1
mf_class3=1
waku=1

parameters:
[boosting: gbdt]
[objective: lambdarank]
[metric: ndcg]
[tree_learner: serial]
[device_type: cpu]
[data_sample_strategy: bagging]
[data: ]
[valid: ]
[num_iterations: 116]
[learning_rate: 0.114403]
[num_leaves: 36]
[num_threads: 16]
[seed: 0]
[deterministic: 0]
[force_col_wise: 1]
[force_row_wise: 0]
[histogram_pool_size: -1]
[max_depth: 7]
[min_data_in_leaf: 30]
[min_sum_hessian_in_leaf: 0.001]
[bagging_fraction: 1]
[pos_bagging_fraction: 1]
[neg_bagging_fraction: 1]
[bagging_freq: 0]
[bagging_seed: 7719]
[feature_fraction: 1]
[feature_fraction_bynode: 1]
[feature_fraction_seed: 2437]
[extra_trees: 0]
[extra_seed: 11797]
[early_stopping_round: 0]
[first_metric_only: 0]
[max_delta_step: 0]
[lambda_l1: 2.43027]
[lambda_l2: 0.858656]
[linear_lambda: 0]
[min_gain_to_split: 0]
[drop_rate: 0.1]
[max_drop: 50]
[skip_drop: 0.5]
[xgboost_dart_mode: 0]
[uniform_drop: 0]
[drop_seed: 21238]
[top_rate: 0.2]
[other_rate: 0.1]
[min_data_per_group: 100]
[max_cat_threshold: 32]
[cat_l2: 10]
[cat_smooth: 10]
[max_cat_to_onehot: 4]
[top_k: 20]
[monotone_constraints: ]
[monotone_constraints_method: basic]
[monotone_penalty: 0]
[feature_contri: ]
[forcedsplits_filename: ]
[refit_decay_rate: 0.9]
[cegb_tradeoff: 1]
[cegb_penalty_split: 0]
[cegb_penalty_feature_lazy: ]
[cegb_penalty_feature_coupled: ]
[path_smooth: 0]
[interaction_constraints: ]
[verbosity: -1]
[saved_feature_importance_type: 0]
[use_quantized_grad: 0]
[num_grad_quant_bins: 4]
[quant_train_renew_leaf: 0]
[stochastic_rounding: 1]
[linear_tree: 0]
[max_bin: 255]
[max_bin_by_feature: ]
[min_data_in_bin: 3]
[bin_construct_sample_cnt: 200000]
[data_random_seed: 38]
[is_enable_sparse: 1]
[enable_bundle: 1]
[use_missing: 1]
[zero_as_missing: 0]
[feature_pre_filter: 1]
[pre_partition: 0]
[two_round: 0]
[header: 0]
[label_column: ]
[weight_column: ]
[group_column: ]
[ignore_column: ]
[categorical_feature: ]
[forcedbins_filename: ]
[precise_float_parser: 0]
[parser_config_file: ]
[objective_seed: 8855]
[num_class: 1]
[is_unbalance: 0]
[scale_pos_weight: 1]
[sigmoid: 1]
[boost_from_average: 1]
[reg_sqrt: 0]
[alpha: 0.9]
[fair_c: 1]
[poisson_max_delta_step: 0.7]
[tweedie_variance_power: 1.5]
[lambdarank_truncation_level: 30]
[lambdarank_norm: 1]
[label_gain: ]
[lambdarank_position_bias_regularization: 0]
[eval_at: 1,3,5]
[multi_error_top_k: 1]
[auc_mu_weights: ]
[num_machines: 1]
[local_listen_port: 12400]
[time_out: 120]
[machine_list_filename: ]
[machines: ]
[gpu_platform_id: -1]
[gpu_device_id: -1]
[gpu_use_dp: 0]
[num_gpu: 1]

end of parameters

pandas_categorical:[]
