tree
version=v4
num_class=1
num_tree_per_iteration=1
label_index=0
max_feature_idx=49
objective=lambdarank
feature_names=f_course1 f_course2 f_course3 f_courseout mf_course1 mf_course2 mf_course3 mf_courseout f_mf_course1 f_mf_course2 f_mf_course3 f_mf_courseout f_len1 f_len2 f_len3 f_lenout mf_len1 mf_len2 mf_len3 mf_classout f_mf_len1 f_mf_len2 f_mf_len3 f_mf_classout f_class1 f_class2 f_class3 f_classout mf_class1 mf_class2 mf_class3 mf_classout.1 f_mf_class1 f_mf_class2 f_mf_class3 f_mf_classout.1 time_df_course1 time_df_class1 ninki_1 result_1 time_df_course2 time_df_class2 ninki_2 result_2 time_df_course3 time_df_class3 ninki_3 result_3 waku umaban
feature_infos=[0:23] [0:33] [0:31] [0:192] [0:32] [0:27] [0:27] [0:188] [0:5] [0:6] [0:4] [0:24] [0:8] [0:10] [0:17] [0:65] [0:7] [0:11] [0:10] [0:62] [0:3] [0:2] [0:3] [0:10] [0:4] [0:6] [0:10] [0:30] [0:4] [0:5] [0:7] [0:39] [0:1] [0:2] [0:3] [0:5] [-1:0] [-1:0] [-1:180] [-1:140] [-1:0] [-1:0] [-1:180] [-1:160] [-1:0] [-1:0] [-1:170] [-1:160] [1:8] [1:16]
tree_sizes=4969 4973 4980 4979 4983 4960 4969 4980 4974 4972 4961 4986

Tree=0
num_leaves=46
num_cat=0
split_feature=43 39 38 13 19 47 42 46 3 49 3 18 43 3 16 0 38 42 49 2 0 49 38 1 49 14 38 20 21 14 5 15 39 18 42 39 16 46 1 27 48 3 38 48 38
split_gain=46.7195 27.6355 15.2896 8.83097 13.1317 12.6545 8.17611 6.64643 6.50925 9.02987 6.23002 5.94823 5.80561 5.29086 8.71522 7.08539 6.57032 5.2815 4.88316 4.76286 7.65993 4.54903 4.34171 3.95081 6.37552 3.87398 3.47009 3.31569 3.21234 2.8133 2.79391 2.71634 2.60446 2.46897 3.73961 2.4351 2.17599 2.03594 1.96841 1.77398 2.64095 2.62047 1.46303 1.41871 1.36525
threshold=11.500000000000002 3.5000000000000004 9.5000000000000018 1.0000000180025095e-35 11.500000000000002 6.5000000000000009 3.5000000000000004 165.00000000000003 5.5000000000000009 12.500000000000002 1.5000000000000002 1.5000000000000002 6.5000000000000009 79.000000000000014 1.5000000000000002 1.5000000000000002 4.5000000000000009 6.5000000000000009 10.500000000000002 4.5000000000000009 1.5000000000000002 12.500000000000002 35.000000000000007 3.5000000000000004 3.5000000000000004 1.0000000180025095e-35 95.000000000000014 1.0000000180025095e-35 1.0000000180025095e-35 2.5000000000000004 5.5000000000000009 9.5000000000000018 1.5000000000000002 1.0000000180025095e-35 17.500000000000004 9.5000000000000018 1.0000000180025095e-35 4.5000000000000009 15.500000000000002 2.5000000000000004 6.5000000000000009 9.5000000000000018 35.000000000000007 7.5000000000000009 55.000000000000007
decision_type=2 2 2 2 2 2 2 2 2 2 2 2 2 2 2 2 2 2 2 2 2 2 2 2 2 2 2 2 2 2 2 2 2 2 2 2 2 2 2 2 2 2 2 2 2
left_child=1 2 6 5 13 8 31 11 10 -10 26 -7 -13 15 17 25 -17 -15 27 20 -20 -19 32 39 -25 -5 -3 -2 -6 -18 -22 36 33 34 -4 -30 -1 -11 -8 40 41 -24 -39 -42 -12
right_child=18 3 22 4 28 7 38 -9 9 37 44 12 -14 14 -16 16 29 21 19 -21 30 -23 23 24 -26 -27 -28 -29 35 -31 -32 -33 -34 -35 -36 -37 -38 42 -40 -41 43 -43 -44 -45 -46
leaf_value=-0.00011955398576106734 -0.021639599725146924 -0.018158174244687231 0.011469199133065365 -0.020671938349154966 -0.017676313830473869 -0.019627545298803999 -0.021166693052094461 0.023438559064922995 -0.017034497762288572 0.017745558169328272 0.014880986415086343 0.012526056966420647 -0.02314928484715412 0.0089176534360566953 0.018523800472949041 -0.01623736544308086 0.012170302377890132 -0.019895058234564163 -0.017067705304443116 -0.022735082849159895 -0.0020818155511724058 0.0061824301952026865 0.015866696920188193 0.019347414727250371 -0.013612613927636139 0.0090215137628177847 0.010205489496197265 -0.0031357585383374924 -0.010657436536990972 -0.001024996473110873 0.020091612165465015 -0.0085886060787281997 0.018697298540439288 0.016960383777137884 -0.017601459905126658 0.016897054868057697 0.017766249376887547 -0.010992815443870367 0.004541132725715118 0.019680723553110888 0.0045227063492070414 -0.0013579109152051987 0.010150011502864282 -0.020475617191784905 0.004306918909959722
leaf_weight=1.6486113965511302 13.345756623893978 1.8973820321261912 1.7827916890382796 1.8557845950126677 5.2550408057868472 11.711297433823342 3.1750466264784341 0.63299626111984331 5.3809711262583715 1.5762935541570189 5.7288575842976552 1.8141149803996097 1.0071198530495165 1.815886490046976 2.1268884092569351 1.3517114035785223 21.90128988400102 4.5662185288965702 2.8225586190819723 2.3433073274791241 1.5102276951074602 1.2054065987467764 5.3334129229187948 1.2612845860421651 2.4696990996599197 0.94052576646208752 0.90390833467245091 1.5604209639132012 1.1186850145459173 2.5847513377666465 1.7470395863056181 1.4577699862420557 18.160751957446337 2.9500066749751568 0.96933387219905842 0.76290134340524662 2.3646722212433815 0.95379251614212968 0.48641717806458462 2.9900944009423247 0.71030494570732094 1.6535910107195375 0.90036341920495033 0.58087179064750671 2.5541431196033955
leaf_count=15 195 30 11 27 79 173 49 1 80 7 30 11 16 13 8 20 122 69 40 37 15 10 23 4 36 6 6 15 15 25 7 17 72 14 15 4 9 13 6 11 8 17 8 9 22
internal_value=0 0.00283046 0.0100237 -0.00145619 0.00202501 -0.00597245 -0.00391436 -0.0142093 0.000309403 -0.00736681 0.00641604 -0.0158702 -0.000243327 0.00480257 -0.00283018 0.00739333 0.00935453 -0.00884105 -0.0155886 -0.00827431 -0.00266007 -0.0144414 0.0133002 0.00823537 -0.00243388 -0.010677 -0.00898928 -0.0197091 -0.0128777 0.0107762 0.00983198 0.00535055 0.0164763 0.0093714 0.0011847 0.000534728 0.010433 0.00779486 -0.0177385 0.0117698 0.00888291 0.0117903 -0.000708795 -0.00678616 0.0116358
internal_weight=0 128.541 47.9947 80.5463 45.4851 35.0612 9.13252 15.1655 19.8957 8.81142 11.0843 14.5325 2.82123 38.3485 9.7144 28.6341 25.8378 7.58751 23.3293 8.42313 6.07983 5.77163 38.8621 14.9993 3.73098 2.79631 2.80129 14.9062 7.13663 24.486 3.25727 5.47105 23.8629 5.70213 2.75213 1.88159 4.01328 3.43045 3.66146 11.2683 8.27818 6.987 1.85416 1.29118 8.283
internal_count=1420 1111 316 795 398 397 96 201 196 108 88 200 27 300 100 200 167 92 309 99 62 79 220 108 40 33 36 210 98 147 22 41 112 40 26 19 24 28 55 68 57 40 21 17 52
is_linear=0
shrinkage=0.0119772


Tree=1
num_leaves=46
num_cat=0
split_feature=43 38 39 42 39 42 0 3 42 42 35 27 11 31 1 2 38 46 18 0 49 14 7 42 7 15 10 7 6 27 11 38 7 42 19 19 6 19 18 12 48 39 42 5 42
split_gain=76.6517 30.2569 27.9674 23.5703 23.0309 20.9077 19.5354 23.1573 19.3731 19.5176 14.9095 11.1976 23.0891 11.8343 18.3742 11.0304 10.4241 9.919 9.5893 9.43432 7.92609 7.9227 10.3137 9.94927 8.36242 8.3301 7.30824 7.27328 11.2579 9.04705 7.14968 6.76071 6.15741 5.94055 5.91078 5.83605 5.78946 5.61141 5.45803 15.4646 5.14823 6.7224 3.66063 3.27108 3.65988
threshold=5.5000000000000009 4.5000000000000009 3.5000000000000004 85.000000000000014 4.5000000000000009 25.000000000000004 1.0000000180025095e-35 5.5000000000000009 3.5000000000000004 13.500000000000002 1.0000000180025095e-35 9.5000000000000018 2.5000000000000004 1.5000000000000002 3.5000000000000004 1.0000000180025095e-35 75.000000000000014 85.000000000000014 1.0000000180025095e-35 15.500000000000002 8.5000000000000018 1.0000000180025095e-35 36.500000000000007 85.000000000000014 11.500000000000002 1.5000000000000002 1.0000000180025095e-35 5.5000000000000009 1.0000000180025095e-35 1.5000000000000002 1.5000000000000002 35.000000000000007 1.0000000180025095e-35 4.5000000000000009 1.0000000180025095e-35 7.5000000000000009 4.5000000000000009 1.5000000000000002 1.0000000180025095e-35 1.0000000180025095e-35 7.5000000000000009 7.5000000000000009 17.500000000000004 1.5000000000000002 45.000000000000007
decision_type=2 2 2 2 2 2 2 2 2 2 2 2 2 2 2 2 2 2 2 2 2 2 2 2 2 2 2 2 2 2 2 2 2 2 2 2 2 2 2 2 2 2 2 2 2
left_child=4 33 5 6 11 34 30 38 -9 -10 -5 12 13 14 31 20 -12 19 27 21 -15 24 35 -24 40 42 -20 28 29 -7 -4 32 -1 -2 -3 37 -16 -23 39 -8 41 -6 -26 -13 -45
right_child=1 2 3 10 17 18 7 8 9 -11 16 43 -14 15 36 -17 -18 -19 26 -21 -22 22 23 -25 25 -27 -28 -29 -30 -31 -32 -33 -34 -35 -36 -37 -38 -39 -40 -41 -42 -43 -44 44 -46
leaf_value=-0.0012116552124630353 -0.005654675777068254 0.00091485503363971906 -0.019265413705009997 -0.019281231192669782 0.0030492067704252892 -0.017811189261762981 -0.01905008301809032 0.017933109410679965 -0.01227235169960658 0.00038170979438680567 0.017140712489667066 0.021645286098312153 -0.01417308293060276 -0.011413633284722637 -0.012657134294309499 0.018083043814454434 -0.015694859852933018 -0.017300092959716303 -0.017219835832595082 -0.015119779504230386 0.01398254966376806 0.010342421892328615 -0.014411855350311777 0.019581656088432438 0.016656772456506642 -0.011330600501875048 0.012837096372349996 0.019067835144010906 0.02133600487563447 0.00853787875354837 0.0083843603811054671 -0.00075606829535462697 0.012816821709102574 -0.022615868307827823 -0.023196479223582839 0.021142882334510702 0.0071959398007514714 -0.0044546099926156303 0.01555198951305582 0.017690310289235199 -0.02225059428586362 -0.016928548268000373 0.00079220236652201704 0.0028108510900785033 0.019523488733598385
leaf_weight=5.171007126569747 3.6658490151166943 2.3166033774614325 12.995597593486307 25.210470944643024 6.0920117422938365 3.2424943894147926 2.8605498299002674 5.16658966615796 35.678942561149597 34.267483413219452 3.0661669000983229 10.668601557612421 6.7746940478682509 3.5482328683137885 8.8947675824165326 25.896336361765862 2.511272206902504 4.4467295259237281 2.9662735238671294 4.7014404237270346 3.4787593707442284 16.139470033347614 5.3537566885352126 1.5920456945896146 5.5462436676025373 3.3913429975509635 1.8886306062340734 12.999922789633272 4.410061813890934 4.3779619708657265 1.4870274960994709 8.6479340046644193 33.672030493617058 15.772543430328367 3.9089637696743011 5.2138244509696952 2.7486929669976226 4.7485090866684905 11.626573301851748 3.8273093998432159 3.2188612297177306 3.9864612445235252 3.3496001213788986 3.7201067581772795 3.8083146288990974
leaf_count=18 18 11 91 169 27 17 20 10 174 147 6 10 23 11 40 31 14 31 16 28 5 42 31 2 10 18 6 19 5 7 5 30 55 116 23 6 5 21 18 6 16 29 17 10 6
internal_value=0 -0.00525334 -0.00367605 -0.00612056 0.00552158 0.00571097 -0.00348196 -0.00147419 -0.00441912 -0.00607355 -0.0153624 0.00873906 0.00714708 0.00871814 0.00551105 0.0144732 0.00234827 -3.37933e-05 0.00987138 0.00118114 0.00115664 0.00249175 0.00636488 -0.00659421 -0.00251053 0.00460878 -0.00551739 0.0128588 0.00613382 -0.00268002 -0.0164193 0.00881689 0.0109486 -0.0194246 -0.0142351 0.00981614 -0.00796481 0.00697632 0.0105968 0.00196437 -0.00908969 -0.00486068 0.0106965 0.0173728 0.0112879
internal_weight=0 194.247 174.809 138.698 184.81 36.1109 107.91 93.4274 75.113 69.9464 30.7879 117.029 98.8325 92.0578 59.1344 32.9233 5.57744 67.7803 29.8853 63.3336 7.02699 58.6321 33.0476 6.9458 25.5845 12.2872 4.8549 25.0304 12.0305 7.62046 14.4826 47.491 38.843 19.4384 6.22557 26.1018 11.6435 20.888 18.3144 6.68786 13.2973 10.0785 8.89584 18.197 7.52842
internal_count=1420 898 764 660 522 104 471 375 331 321 189 244 218 195 148 47 20 278 70 247 16 219 102 33 117 45 22 48 29 24 96 103 73 134 34 69 45 63 44 26 72 56 27 26 16
is_linear=0
shrinkage=0.0119772


Tree=2
num_leaves=46
num_cat=0
split_feature=43 39 38 39 49 0 3 3 31 46 1 38 9 1 27 43 16 46 43 9 1 49 39 38 47 30 3 4 20 46 6 2 19 49 4 38 38 16 1 5 29 42 7 6 38
split_gain=67.1049 44.0447 22.3806 16.1479 15.4228 13.1225 17.7079 21.6545 16.7605 11.1812 11.0915 9.26341 8.87264 14.805 11.6741 8.67424 11.2707 8.25215 8.15026 7.72202 7.61295 7.42373 9.6748 9.9119 7.34126 7.24693 6.70466 6.4954 6.32291 5.81605 10.2313 6.62055 5.68211 6.23433 5.40064 5.35268 5.71577 4.13465 7.26166 3.51742 2.74148 2.63671 2.38746 2.23815 2.01773
threshold=11.500000000000002 3.5000000000000004 9.5000000000000018 120.00000000000001 4.5000000000000009 1.0000000180025095e-35 5.5000000000000009 19.500000000000004 5.5000000000000009 95.000000000000014 15.500000000000002 35.000000000000007 1.0000000180025095e-35 3.5000000000000004 2.5000000000000004 5.5000000000000009 1.5000000000000002 135.00000000000003 4.5000000000000009 1.0000000180025095e-35 1.0000000180025095e-35 10.500000000000002 7.5000000000000009 4.5000000000000009 2.5000000000000004 1.0000000180025095e-35 5.5000000000000009 19.000000000000004 1.0000000180025095e-35 1.5000000000000002 1.0000000180025095e-35 1.0000000180025095e-35 1.0000000180025095e-35 7.5000000000000009 1.0000000180025095e-35 7.5000000000000009 75.000000000000014 1.0000000180025095e-35 1.0000000180025095e-35 3.5000000000000004 2.5000000000000004 9.5000000000000018 1.0000000180025095e-35 1.5000000000000002 45.000000000000007
decision_type=2 2 2 2 2 2 2 2 2 2 2 2 2 2 2 2 2 2 2 2 2 2 2 2 2 2 2 2 2 2 2 2 2 2 2 2 2 2 2 2 2 2 2 2 2
left_child=1 2 4 21 37 18 20 15 9 10 -9 29 13 14 17 16 -8 -13 26 -11 25 28 23 -23 -20 -7 34 -6 -2 -4 32 -32 33 -31 42 -25 -37 38 -1 -33 -10 -22 -3 -36 -43
right_child=3 5 11 -5 27 6 7 8 40 19 -12 12 -14 -15 -16 -17 -18 -19 24 -21 41 22 -24 35 -26 -27 -28 -29 -30 30 31 39 -34 -35 43 36 -38 -39 -40 -41 -42 44 -44 -45 -46
leaf_value=-0.019679923225254872 -0.020787647142094898 -0.020616061329779774 0.020416284688358523 0.016395042517034383 -0.016549060183018691 -0.013230776870843826 -0.014784967293648869 0.0042390497403762134 -0.017216615010124604 -0.020142408172201889 -0.0099156219360035519 -0.003048769335158485 0.017213787721244163 -0.014755971286980663 0.01764263978398067 -0.019749057415873877 0.012651078750857322 0.01998890488145735 0.0001661452694590865 0.012898801558632636 0.0058547499298757643 -0.02257815293867926 -0.019644725582037285 0.018461739268494346 -0.018665278547670333 0.010048198994163695 -0.018341780715283681 0.0070848813680826628 -0.0038625714100502663 -0.016090514664376832 0.0021563374842889604 0.018026463903629785 0.010469011576049993 0.0063401284483098862 0.016980937427372653 -0.019650372185474194 0.0092106414765073235 0.013918387791758182 0.0081019055930080658 0.0096230227910257642 0.0010689489231738875 0.020554229971316347 -0.0011502178957145896 0.0024307475101325248 0.010452229522922246
leaf_weight=1.898233056068422 25.013113580644134 1.4063761234283467 11.118450611829756 2.4684784412384024 10.01819349080324 3.5999541431665447 5.5967483818531054 77.79290883988142 8.5514329820871335 5.1212849020957938 8.8310967162251455 14.308785431087026 7.0835248008370391 5.8664988651871672 8.6366321146488172 12.238065503537653 3.468111552298069 2.6293852478265753 3.8190270811319378 1.254129886627197 4.6424579918384579 2.214357201009987 6.4395860955119124 3.0094292312860489 13.282401733100412 4.0779009312391281 2.7435094490647307 1.9914024025201786 3.6381897628307334 3.7886429801583272 6.0534553974866858 26.009283140301704 5.6450891643762589 3.326510414481163 3.0742128118872643 1.6528926678001878 2.3941144272685051 5.7024739310145378 4.5837451368570328 9.9491816386580449 1.3578445017337788 7.1684981063008291 2.5056348294019699 3.0030379071831703 4.7976712509989738
leaf_count=9 195 12 11 3 60 23 35 262 61 38 52 49 12 33 11 83 8 3 18 3 12 20 51 5 102 9 19 3 15 17 15 29 13 6 6 13 7 10 14 21 7 9 13 10 13
internal_value=0 0.00203769 0.00737999 -0.0133528 -0.00299735 -0.00181512 -0.000358317 -0.00218758 8.79491e-05 0.00166676 0.00279441 0.00978491 0.00511552 0.00238304 0.00632108 -0.0131753 -0.00428158 0.000537584 -0.00906195 -0.013625 0.00899228 -0.015013 -0.00838248 -0.000540078 -0.0144609 -0.000866121 -0.00180089 -0.012624 -0.0186423 0.012513 0.0109038 0.013756 0.00150608 -0.00560619 0.00275588 0.00639855 -0.0025928 0.00649166 -5.09771e-05 0.0157064 -0.0147094 0.0135489 -0.00820016 0.00981631 0.0165219
internal_weight=0 306.942 128.609 46.8302 24.194 178.332 148.498 124.212 102.909 92.9994 86.624 104.415 38.5248 31.4413 25.5748 21.3029 9.06486 16.9382 29.8342 6.37541 24.2865 44.3617 15.7104 9.27079 17.1014 7.67786 12.7328 12.0096 28.6513 65.8906 54.7722 42.0119 12.7602 7.11515 9.98926 7.05644 4.04701 12.1845 6.48198 35.9585 9.90928 16.6086 3.91201 6.07725 11.9662
internal_count=1420 1111 316 309 96 795 615 549 423 355 314 220 108 96 63 126 43 52 180 41 66 306 96 45 120 32 60 63 210 112 101 65 36 23 41 25 20 33 23 50 68 34 25 16 22
is_linear=0
shrinkage=0.0119772


Tree=3
num_leaves=46
num_cat=0
split_feature=43 39 38 49 49 2 0 38 30 16 38 31 7 38 7 14 42 0 47 20 21 11 38 47 47 49 6 48 38 5 1 16 7 46 47 27 5 19 47 47 29 47 39 15 49
split_gain=52.4373 36.688 18.6277 17.1229 13.1458 11.3366 16.1984 10.7259 10.4085 14.0167 16.1808 11.9249 10.6763 9.89642 9.82173 9.48056 8.80146 7.78728 7.0809 6.90649 5.27337 8.04149 9.07889 6.35964 8.2828 10.3185 9.3862 5.1206 4.41774 4.37584 4.3025 2.95536 3.1803 2.47948 1.97834 1.55011 1.23777 1.19276 1.15453 0.579523 0.505971 0.403374 0.341518 0.319363 0.272698
threshold=11.500000000000002 3.5000000000000004 9.5000000000000018 10.500000000000002 4.5000000000000009 4.5000000000000009 1.5000000000000002 115.00000000000001 2.5000000000000004 1.5000000000000002 10.500000000000002 4.5000000000000009 36.500000000000007 4.5000000000000009 65.500000000000014 1.0000000180025095e-35 4.5000000000000009 10.500000000000002 16.500000000000004 1.0000000180025095e-35 1.0000000180025095e-35 2.5000000000000004 25.000000000000004 1.5000000000000002 2.5000000000000004 8.5000000000000018 1.0000000180025095e-35 7.5000000000000009 25.000000000000004 5.5000000000000009 8.5000000000000018 1.0000000180025095e-35 2.5000000000000004 4.5000000000000009 4.5000000000000009 1.0000000180025095e-35 5.5000000000000009 1.0000000180025095e-35 6.5000000000000009 4.5000000000000009 1.0000000180025095e-35 6.5000000000000009 2.5000000000000004 1.5000000000000002 9.5000000000000018
decision_type=2 2 2 2 2 2 2 2 2 2 2 2 2 2 2 2 2 2 2 2 2 2 2 2 2 2 2 2 2 2 2 2 2 2 2 2 2 2 2 2 2 2 2 2 2
left_child=1 2 4 19 31 6 34 8 9 11 12 13 -11 33 38 -15 -14 -16 30 42 21 23 -23 28 25 -25 -26 37 -4 -8 39 32 -1 -3 -5 -10 -13 -6 -12 -9 -24 -37 -2 -36 -44
right_child=3 7 20 5 27 -7 29 18 35 10 14 36 16 15 17 -17 -18 -19 -20 -21 -22 22 40 24 26 -27 -28 -29 -30 -31 -32 -33 -34 -35 43 41 -38 -39 -40 -41 -42 -43 44 -45 -46
leaf_value=-0.011004919174707188 -0.0157397495928841 -0.0072255997604885464 0.021450532965771513 -0.0026416938613331672 -0.010293422899662922 -0.020805786250848831 0.0007306867869527492 -0.013422959215873777 -0.0057838886431951439 0.021432769609570593 -0.022717401648422852 -0.02171370423389201 0.012877783018772028 -0.0042431029832011632 0.011994599975825949 0.0028067637988598007 -0.016367896487741517 -0.014205305362383501 0.014019473248160335 -0.0029493418382687854 0.017680194968169 0.0076218684626993272 -0.021615558507259339 -0.011080641583596881 0.0023064643500039649 0.011280732523404257 0.01343681164193768 0.0033718664250935236 0.0088659081889332306 0.017768478794840628 0.0011170914617908156 0.011846828327867114 0.0063066946644829702 -0.019811731270084676 -0.022855096812496905 -0.014200315028914156 -0.0075850041619029782 -0.020055796137287002 -0.011093970726415794 -0.021383470912520509 -0.011996685237670187 -0.02211983241527106 -0.021651318333271777 -0.013792407098630846 -0.016453268845396187
leaf_weight=2.351026155054571 2.0458396598696771 4.7011741548776609 9.4827228486537951 1.1680262759327913 2.7376374602317792 3.9923353269696227 3.4963983967900258 1.7755606546997968 1.5856498777866352 11.306727662682539 2.1001572012901297 4.5864935740828505 3.9394655153155318 48.637462757527828 6.1713317632675153 62.528201542794704 2.3436231762170792 2.1961229220032692 1.2363577932119376 3.6500561386346808 9.5987149626016599 4.8865488916635496 2.0281297042965893 6.6855834126472455 15.974640265107153 5.2918107360601425 34.085412509739399 2.2756186351180068 6.9858972132205954 5.678183451294899 1.7023956328630454 5.8086280077695847 4.2644479349255562 4.3473303653299809 2.6164555177092557 1.5008916929364202 1.1348725110292432 5.5888364315032959 3.0906040668487549 6.644138727337122 1.414153419435024 3.1150780543684959 18.880433339625601 0.83323895931243885 1.8654790148138989
leaf_count=12 17 24 10 7 15 37 15 10 8 12 14 37 10 252 17 219 17 14 3 15 12 10 12 24 53 10 65 10 15 7 9 10 11 33 26 11 7 38 18 57 9 23 162 7 16
internal_value=0 0.00182866 0.0069432 -0.0121575 -0.00273339 -0.00306493 0.00208211 -0.00166985 -0.000886299 -0.00028463 0.00690751 -0.00206426 0.0144828 -0.00125894 -0.00292209 -0.000277538 0.00195282 0.00510323 -0.0129176 -0.0182676 0.00925416 0.00831995 -0.00286339 0.0095071 0.00774686 -0.00119675 0.00988715 -0.0125235 0.016125 0.0112889 -0.0162244 0.00562251 0.000140221 -0.0132953 -0.016184 -0.0160896 -0.0189397 -0.0168703 -0.0158465 -0.0197311 -0.0177314 -0.0195973 -0.0207163 -0.0207335 -0.0211957
internal_weight=0 294.103 119.46 44.2264 23.0262 17.7846 13.7923 174.644 163.285 157.084 31.148 125.936 17.5898 120.214 13.5582 111.166 6.28309 8.36745 11.3585 26.4418 96.4336 86.8349 8.32883 78.5061 62.0374 11.9774 50.0601 10.6021 16.4686 9.17458 10.1221 12.4241 6.61547 9.0485 4.61772 6.20162 5.72137 8.32647 5.19076 8.4197 3.44228 4.61597 22.7918 3.44969 20.7459
internal_count=1420 1111 316 309 96 99 62 795 716 674 102 572 39 528 63 471 27 31 79 210 220 208 31 177 152 34 118 63 25 22 76 33 23 57 40 42 44 53 32 67 21 34 195 33 178
is_linear=0
shrinkage=0.0119772


Tree=4
num_leaves=46
num_cat=0
split_feature=43 39 38 0 3 15 39 28 0 19 42 7 14 7 42 12 48 16 43 47 46 42 27 1 48 16 47 3 42 48 15 7 6 3 38 27 49 12 13 49 47 49 5 8 47
split_gain=48.0696 20.8479 18.0856 12.9585 17.6981 14.3828 15.411 13.0043 12.5928 11.9215 11.8915 10.0064 9.02405 13.0268 11.3514 11.255 10.8253 9.35288 8.86945 10.1525 8.85624 8.49531 7.79773 16.0913 11.068 13.0574 7.73896 8.02077 7.34001 7.13502 6.66254 6.58016 8.47431 7.80885 6.38478 6.03482 4.7123 4.70254 8.0797 11.698 4.48671 4.85157 4.39929 3.52332 5.67654
threshold=7.5000000000000009 3.5000000000000004 4.5000000000000009 1.0000000180025095e-35 6.5000000000000009 13.000000000000002 5.5000000000000009 1.0000000180025095e-35 15.500000000000002 19.500000000000004 55.000000000000007 1.0000000180025095e-35 1.0000000180025095e-35 36.500000000000007 55.000000000000007 1.0000000180025095e-35 7.5000000000000009 1.5000000000000002 10.500000000000002 4.5000000000000009 4.5000000000000009 85.000000000000014 9.5000000000000018 3.5000000000000004 3.5000000000000004 1.0000000180025095e-35 6.5000000000000009 5.5000000000000009 35.000000000000007 2.5000000000000004 6.5000000000000009 52.500000000000007 1.5000000000000002 16.500000000000004 10.500000000000002 4.5000000000000009 8.5000000000000018 1.0000000180025095e-35 1.0000000180025095e-35 11.500000000000002 7.5000000000000009 2.5000000000000004 1.5000000000000002 1.0000000180025095e-35 6.5000000000000009
decision_type=2 2 2 2 2 2 2 2 2 2 2 2 2 2 2 2 2 2 2 2 2 2 2 2 2 2 2 2 2 2 2 2 2 2 2 2 2 2 2 2 2 2 2 2 2
left_child=1 22 -2 7 11 6 10 -4 12 18 28 -5 15 14 20 17 -16 26 29 -20 34 -15 23 31 25 -25 27 -3 -6 -7 -28 32 40 36 -14 -22 -34 38 39 -13 41 -1 -24 44 -19
right_child=2 8 3 4 5 9 -8 -9 -10 -11 -12 37 13 21 16 -17 -18 43 19 -21 35 -23 42 24 -26 -27 30 -29 -30 -31 -32 -33 33 -35 -36 -37 -38 -39 -40 -41 -42 -43 -44 -45 -46
leaf_value=0.017818287217601335 -0.019204241281025526 0.0061304662616129806 -0.018120624106587737 -0.019139946310155847 -0.0027278124678519152 -0.01107987900907109 -0.017752985723721786 0.0066252762371501175 -0.016128021412688869 -0.021953590236949098 -0.018654045876694607 -0.016969683744969714 -0.020353442088736726 -0.013941202819538426 -0.020232307010032476 -0.015576864802592733 0.017965468012946101 -0.010474556823258303 0.0085148552684201385 -0.013896933276971118 0.015325834869847985 0.014239695068128798 0.020083379137502667 -0.012583960534218586 -0.013982720026618807 0.016419809863046371 -0.015931447169929589 -0.010036323991192092 0.020449507776018064 0.0085227045940046604 0.014680351462152652 0.016876767234889924 -0.014760933879788381 0.0093687967212663283 0.0096252345074814734 0.0031102281096214266 0.0048014048024806605 0.019936628427948914 0.020671603955982491 0.011034912574104057 -0.0027764562904849881 0.0082434023985006964 0.0067270961018034712 0.021194380498367468 0.01202611518068702
leaf_weight=10.818308338522909 13.106683649122713 13.124223001301294 15.449864190071823 1.8163634240627313 4.2580239810049552 3.0531841218471554 19.662376802414656 3.7847276851534835 6.6321113407611838 3.3734855055809012 3.4700379073619843 3.4977260529994982 2.2020714133977881 7.4601560086011869 3.6330054625868788 8.1610879153013212 1.4912768229842184 2.267820902168749 4.3495976552367202 8.6368376314640027 22.711351796984676 1.9191761687397955 9.9273146092891675 3.6717885360121745 8.4483239576220495 5.6155825406312943 8.6133089102804643 6.6082565300166598 3.6121343597769737 20.306179136037827 1.145673595368861 11.805510014295576 5.5809956565499288 6.0330480560660353 1.8758440315723417 7.8104697316884986 2.5712145864963531 5.1442968547344199 3.9319049119949332 5.468101792037487 3.6766161546111098 25.6501674503088 5.5337506160140029 2.7472276836633682 5.4464083686470985
leaf_count=15 117 49 130 14 18 19 148 16 48 30 25 28 13 49 25 51 3 13 17 63 42 5 12 16 45 9 65 45 5 61 3 18 17 12 4 28 7 7 5 12 14 63 15 4 15
internal_value=0 0.00357665 -0.00591175 -0.00432295 -0.00242567 -0.00523132 -0.0113433 -0.0132486 -0.000175345 -0.000457779 -0.000219386 0.00756144 0.000914524 0.00452636 0.00752425 -0.0027711 -0.00909272 -0.000150406 0.00154332 -0.00638691 0.00998862 -0.00816004 0.00749912 0.00605596 -0.00407119 0.00494797 -0.00360289 0.000711704 0.00792108 0.00595456 -0.0123201 0.00877253 0.00700745 -0.000947544 -0.00656773 0.0122035 -0.00858893 0.0102628 0.00638623 9.76723e-05 0.0098186 0.0110898 0.0153144 0.00957182 0.0054008
internal_weight=0 203.182 122.922 109.815 90.5803 70.7219 31.0026 19.2346 103.849 39.7193 11.3402 19.8584 97.2174 49.1034 39.724 48.114 5.12428 39.9529 36.3458 12.9864 34.5997 9.37933 99.3326 83.8716 17.7357 9.28737 29.4915 19.7325 7.87016 23.3594 9.75898 66.1359 54.3304 14.1853 4.07792 30.5218 8.15221 18.042 12.8977 8.96583 40.1451 36.4685 15.4611 10.4615 7.71423
internal_count=1420 705 715 598 452 386 196 146 462 190 48 66 414 169 115 245 28 194 160 80 87 54 243 216 70 25 162 94 23 80 68 146 128 36 17 70 24 52 45 40 92 78 27 32 28
is_linear=0
shrinkage=0.0119772


Tree=5
num_leaves=46
num_cat=0
split_feature=43 38 39 42 42 0 11 42 42 27 35 39 46 31 38 5 27 3 38 0 38 3 46 47 38 49 49 38 3 18 10 42 27 3 7 3 42 7 17 49 8 47 38 19 27
split_gain=46.2519 21.0539 18.9465 18.2502 17.6409 12.2634 14.5045 12.2795 15.6459 13.9226 10.5769 9.88471 9.09687 7.99425 9.93809 8.00386 8.82817 8.36328 7.97327 7.6494 7.63882 6.90325 6.21137 5.95355 5.59064 12.059 7.75662 6.08798 5.65234 5.53453 5.7644 4.98926 4.78536 4.26579 4.23313 5.69642 3.96874 6.2561 5.00601 3.77453 3.60877 3.42514 3.22434 4.43991 2.97116
threshold=5.5000000000000009 4.5000000000000009 3.5000000000000004 85.000000000000014 25.000000000000004 1.0000000180025095e-35 2.5000000000000004 13.500000000000002 4.5000000000000009 3.5000000000000004 1.0000000180025095e-35 4.5000000000000009 85.000000000000014 1.5000000000000002 45.000000000000007 1.0000000180025095e-35 10.500000000000002 5.5000000000000009 35.000000000000007 15.500000000000002 75.000000000000014 2.5000000000000004 35.000000000000007 2.5000000000000004 85.000000000000014 5.5000000000000009 3.5000000000000004 65.000000000000014 3.5000000000000004 1.0000000180025095e-35 1.0000000180025095e-35 75.000000000000014 5.5000000000000009 2.5000000000000004 1.0000000180025095e-35 18.500000000000004 25.000000000000004 46.500000000000007 6.5000000000000009 6.5000000000000009 1.0000000180025095e-35 5.5000000000000009 75.000000000000014 1.0000000180025095e-35 6.5000000000000009
decision_type=2 2 2 2 2 2 2 2 2 2 2 2 2 2 2 2 2 2 2 2 2 2 2 2 2 2 2 2 2 2 2 2 2 2 2 2 2 2 2 2 2 2 2 2 2
left_child=11 41 4 5 -3 23 7 8 -7 -9 -5 13 19 15 36 18 17 33 34 24 -12 -20 -16 -4 25 28 -26 32 -13 42 -31 -8 -27 -17 -1 -36 37 -15 -39 -28 -19 -2 43 -6 -37
right_child=1 2 3 10 29 6 31 9 -10 -11 20 12 -14 14 22 16 -18 40 21 -21 -22 -23 -24 -25 26 27 39 -29 -30 30 -32 -33 -34 -35 35 44 -38 38 -40 -41 -42 -43 -44 -45 -46
leaf_value=0.0016800281591007129 -0.0096208627615567612 -0.016155749418730627 0.0024766718678189002 -0.018722402939075934 0.0038758599401255219 0.009139723499869858 -0.018856911564632119 0.0087521904577809312 -0.0092939885494456378 -0.011742058189374245 0.015861531209591783 0.0040847047941187783 -0.016943059891392595 0.017040883021787509 0.0081944158080191464 -0.004141832964934377 0.020425251821081472 -0.012434995441548127 0.008431058077447668 -0.014293255428837243 -0.016862286583473655 -0.018466437079812686 -0.015485597520391414 -0.01867026029102543 0.0202279594717188 0.0032880455993245061 0.0078506043167476374 -0.014455451203524932 -0.01637950903288983 -0.017058071502961587 0.011767239954579638 0.0062229726728803671 0.013569848737384127 0.014266383352677379 0.017262184368617463 -0.0054726825999489009 0.018061662313886447 -0.0069707736574520117 0.013622606756935293 -0.016351158992630576 0.0031994048097253357 -0.022037156675233295 0.0034994995050481328 0.01867644572277339 0.012670632144143242
leaf_weight=5.5647033154964509 4.6972818970680228 4.4954044856131103 2.3927264288067809 18.774588324129585 3.9219750836491647 8.9131046980619413 7.9794570729136449 30.165506675839424 25.392327267676592 5.6321450173854819 2.4576591327786437 2.701796390116213 3.7995675578713408 7.5912762731313723 3.5979591608047476 3.1060992479324403 2.4206985831260672 10.70745202898979 2.72952727228403 3.7950345128774634 1.7343386970460413 2.720567911863327 2.8251800537109375 9.3451953046023828 5.8268539533019048 26.30633794888854 2.3388965576887135 2.2467483505606642 6.7613520286977291 2.0636819414794436 1.8985950946807864 1.3183758705854414 8.6216766759753209 4.2791858613491058 14.893562838435175 2.8637663871049872 16.925754822790623 4.1793082728981972 2.8280816376209259 1.5104762762784956 2.6298051178455344 10.184134624898432 4.6665427908301345 11.384192198514937 2.3414997681975365
leaf_count=21 36 34 11 169 14 21 60 98 152 39 6 12 31 12 10 10 3 47 7 28 14 18 17 85 7 98 9 16 46 16 6 5 20 7 22 12 25 14 5 11 8 98 16 18 6
internal_value=0 -0.00458096 -0.00316451 -0.0053443 0.0055814 -0.00293832 -0.00124763 0.000617205 -0.00450205 0.00552386 -0.0148837 0.00461923 0.000998264 0.00712815 0.0113451 0.00417625 -0.0011562 -0.00368965 0.00814263 0.0021362 0.00230496 -0.00500096 -0.00222572 -0.0143586 0.00324691 0.00152578 0.0115264 0.00459952 -0.0105356 0.00967172 -0.00324388 -0.0152935 0.00583093 0.0065258 0.0109363 0.0134947 0.014111 0.00951676 0.00134508 -0.00165953 -0.00934962 -0.0181316 0.0122361 0.0148925 0.00269313
internal_weight=0 157.417 142.536 114.105 28.4304 91.1388 79.4009 70.1031 34.3054 35.7977 22.9666 156.113 63.9087 92.2044 37.9476 54.2569 23.1432 20.7225 31.1136 60.1092 4.192 5.4501 6.42314 11.7379 56.3141 46.6379 9.67623 37.1748 9.46315 23.935 3.96228 9.29783 34.928 7.38529 25.6635 20.0988 31.5244 14.5987 7.00739 3.84937 13.3373 14.8814 19.9727 15.3062 5.20527
internal_count=1420 898 764 660 104 471 375 310 173 137 189 522 278 244 83 161 75 72 86 247 20 25 27 96 219 192 27 134 58 70 22 65 118 17 61 40 56 31 19 20 55 134 48 32 18
is_linear=0
shrinkage=0.0119772


Tree=6
num_leaves=46
num_cat=0
split_feature=43 38 39 42 42 0 11 39 17 35 7 46 38 39 43 0 38 49 46 31 47 47 38 49 49 38 38 3 2 4 18 10 48 3 47 31 42 8 2 24 10 38 38 6 2
split_gain=41.3281 18.445 16.9076 18.2776 14.3657 11.1481 13.9721 10.8197 10.1262 9.39384 9.26113 8.50862 8.13125 8.59285 7.22208 6.84203 6.55086 6.20494 6.08472 7.6473 5.99248 5.91895 5.86956 9.42277 7.82854 5.83953 10.6499 5.72233 5.52419 5.51625 5.0073 5.79593 4.86582 4.51502 4.25608 4.12874 3.83741 3.64798 5.67876 3.56238 3.50414 5.75294 6.71107 3.40467 3.47945
threshold=5.5000000000000009 4.5000000000000009 3.5000000000000004 85.000000000000014 25.000000000000004 1.0000000180025095e-35 2.5000000000000004 4.5000000000000009 2.5000000000000004 1.0000000180025095e-35 22.500000000000004 85.000000000000014 35.000000000000007 1.0000000180025095e-35 2.5000000000000004 15.500000000000002 75.000000000000014 8.5000000000000018 1.5000000000000002 1.5000000000000002 4.5000000000000009 2.5000000000000004 85.000000000000014 5.5000000000000009 3.5000000000000004 11.500000000000002 35.000000000000007 7.5000000000000009 8.5000000000000018 2.5000000000000004 1.0000000180025095e-35 1.0000000180025095e-35 7.5000000000000009 3.5000000000000004 5.5000000000000009 1.0000000180025095e-35 75.000000000000014 1.0000000180025095e-35 1.0000000180025095e-35 1.5000000000000002 1.0000000180025095e-35 75.000000000000014 55.000000000000007 1.5000000000000002 1.5000000000000002
decision_type=2 2 2 2 2 2 2 2 2 2 2 2 2 2 2 2 2 2 2 2 2 2 2 2 2 2 2 2 2 2 2 2 2 2 2 2 2 2 2 2 2 2 2 2 2
left_child=7 34 4 5 -3 21 8 12 10 -5 -7 15 13 27 -14 22 -11 37 -15 20 35 -4 23 33 -24 29 -27 -1 -29 -25 40 -32 -10 -9 39 -20 -8 38 -16 -2 41 42 -6 -21 -45
right_child=1 2 3 9 30 6 36 11 32 16 -12 -13 14 18 17 -17 -18 -19 19 43 -22 -23 24 25 -26 26 -28 28 -30 -31 31 -33 -34 -35 -36 -37 -38 -39 -40 -41 -42 -43 -44 44 -46
leaf_value=0.0080799476200518403 -0.015530051419498252 -0.015160422617025037 0.0026028453494706914 -0.018497800769828425 0.0045595519266718575 0.00094089233841115167 -0.018564436426291644 0.0032352673373911844 0.0039011170431088728 0.014193901842025739 -0.011382501251611016 -0.017054867719063574 -0.010793941394981427 0.019597212753275046 0.017656226024753426 -0.013831018940129431 -0.016319738105984413 -0.011647433206746469 0.0022731925493539142 0.022214158358675743 0.011211644903061844 -0.01837487043521208 0.019752394794984335 0.0022485676989988084 -0.0017649302055994364 -0.02010438198859206 0.0035681272419335534 -0.019068658349533679 0.0043089012075636611 0.01469539933124763 -0.017982727639074263 0.011626919349205449 0.019953745781556162 -0.015437259051487401 -0.021760942601394963 -0.014914927800286209 0.0042688757460794683 0.017907019946290126 -0.0050274120615789166 0.0060724500090766683 0.022402413974358062 -0.004723874381031814 0.021366755335754117 0.00022265126372960378 0.014109230545042692
leaf_weight=6.0888732895255071 3.0819493532180777 4.2071102187037495 2.4601412415504447 18.163982316851619 7.296746939420709 48.785422682762146 7.5157256126403791 2.6177748665213567 5.9187918826937658 2.4145211726427069 10.645817343145607 3.6317864656448355 5.7970641106367138 10.076730549335478 2.5472157746553403 3.7463066056370726 1.7151145562529562 2.5309708639979354 10.103922523558142 5.7265230417251614 10.203123629093168 8.8398094139993173 6.0354054495692235 11.220852777361872 4.0420930460095406 3.5132017433643332 12.008350193500517 3.1937613561749458 2.6368080675601959 9.3831758797168714 1.9775212556123725 1.7989287599921227 5.0041312724351883 6.3306318335235119 9.6844506971538049 2.4874783009290686 1.220595985651016 4.1719748973846436 4.1365163698792458 1.6836221963167188 3.3044220209121695 3.5137950405478469 6.4073854088783264 3.1906821802258518 13.82251054048538
leaf_count=16 27 34 11 169 23 218 60 12 21 6 65 31 31 12 5 28 14 17 35 6 26 85 7 43 20 22 47 16 8 22 16 6 6 46 98 10 5 8 18 9 3 15 7 11 25
internal_value=0 -0.00431799 -0.00299782 -0.00508255 0.00524056 -0.00268555 -0.00109424 0.00450303 0.000680267 -0.0147928 -0.00126794 0.000704504 0.00724126 0.00919578 0.000357742 0.00180355 0.0015019 0.00519502 0.0111734 0.00930355 0.00439529 -0.013807 0.00286907 0.00101948 0.0111269 0.00374607 -0.00179969 -2.99571e-05 -0.00850407 0.00792402 0.00878016 -0.00387734 0.0112728 -0.00997414 -0.0172012 -0.00113114 -0.0153689 0.00913375 0.00362927 -0.00789517 0.0111119 0.00892846 0.0124325 0.014217 0.011509
internal_weight=0 155.64 141.19 112.684 28.5059 90.3904 79.0905 149.244 70.3542 22.2936 59.4312 62.5296 86.7142 67.5304 19.1837 58.8978 4.12964 13.3867 55.611 45.5342 22.7945 11.3 55.1515 45.074 10.0775 36.1256 15.5216 11.9194 5.83057 20.604 24.2988 3.77645 10.9229 8.94841 14.45 12.5914 8.73632 10.8557 6.68373 4.76557 20.5223 17.2179 13.7041 22.7397 17.0132
internal_count=1420 898 764 660 104 471 375 522 310 189 283 278 244 165 79 247 20 48 125 113 71 96 219 192 27 134 69 40 24 65 70 22 27 58 134 45 65 31 23 36 48 45 30 42 36
is_linear=0
shrinkage=0.0119772


Tree=7
num_leaves=46
num_cat=0
split_feature=43 39 43 13 43 3 3 49 31 0 2 0 14 7 12 18 42 14 16 20 39 47 11 7 48 7 46 13 3 38 27 11 4 1 5 49 39 27 48 5 7 24 1 47 27
split_gain=44.1568 17.9332 13.5438 12.1678 11.6621 12.7248 15.4563 10.521 9.41096 8.22122 8.02217 8.73981 6.61595 11.3859 10.5668 9.34038 7.37271 6.38821 9.44925 6.18527 6.153 5.89921 9.82565 8.6935 9.29152 8.68524 5.62475 8.65719 5.24437 5.1345 4.69729 9.64487 6.51662 7.34418 4.85642 4.51151 4.42719 4.3996 4.19594 3.83264 3.65243 3.51054 3.11368 2.87121 2.39662
threshold=7.5000000000000009 3.5000000000000004 11.500000000000002 1.0000000180025095e-35 9.5000000000000018 8.5000000000000018 3.5000000000000004 10.500000000000002 5.5000000000000009 15.500000000000002 4.5000000000000009 1.5000000000000002 1.0000000180025095e-35 36.500000000000007 1.0000000180025095e-35 1.5000000000000002 85.000000000000014 2.5000000000000004 1.5000000000000002 1.0000000180025095e-35 1.0000000180025095e-35 3.5000000000000004 2.5000000000000004 6.5000000000000009 6.5000000000000009 57.500000000000007 4.5000000000000009 1.0000000180025095e-35 7.5000000000000009 95.000000000000014 9.5000000000000018 2.5000000000000004 5.5000000000000009 3.5000000000000004 1.0000000180025095e-35 4.5000000000000009 5.5000000000000009 4.5000000000000009 6.5000000000000009 5.5000000000000009 14.500000000000002 1.0000000180025095e-35 1.0000000180025095e-35 4.5000000000000009 9.5000000000000018
decision_type=2 2 2 2 2 2 2 2 2 2 2 2 2 2 2 2 2 2 2 2 2 2 2 2 2 2 2 2 2 2 2 2 2 2 2 2 2 2 2 2 2 2 2 2 2
left_child=1 20 3 4 -2 6 -6 19 21 12 11 43 14 17 15 29 44 26 36 -4 28 25 23 24 -23 -5 37 -28 -1 38 31 32 33 34 -22 -30 -19 -14 -3 -13 -25 -35 -8 -9 -15
right_child=2 9 7 8 5 -7 42 10 -10 -11 -12 39 13 16 -16 -17 -18 18 -20 -21 30 22 -24 40 -26 -27 27 -29 35 -31 -32 -33 -34 41 -36 -37 -38 -39 -40 -41 -42 -43 -44 -45 -46
leaf_value=0.0071910520623521337 -0.017192356187532794 0.0018292510630073873 -0.019251663310787231 -0.016926499281257498 -0.015363206668496207 -0.016930339219464859 0.005916508390416915 0.0027516122098298359 -0.017217009021695602 -0.013485355317984414 -0.019625497610376168 -0.0012717596089257856 -0.016950867354798293 -0.018039691833273454 -0.015188816014172383 0.010071859120055735 0.012889551655643476 0.0039064107494911435 0.018244061805703787 -0.0012164687960050558 0.011746280131107012 0.0045959281239836636 -0.015674852464065112 0.015935528431047754 -0.020689835895020412 0.015324462510932436 -0.0063342610164061584 0.014794890201103743 0.00092924181217807515 -0.015727004759237322 0.015165800578430763 -0.012706939764641023 0.016331267529852252 -0.012876479690479633 0.0031661988915863541 -0.020400510370334638 -0.01718337135153495 0.0099413684173607353 -0.0091996740108294568 0.016612605911422822 0.0054426667280488396 0.0049042819300972023 0.020777189537723926 -0.019262594469386149 -0.0021873421059406622
leaf_weight=6.1713273450732213 13.256866771727802 18.252172477543361 19.987221341580156 4.3702533394098273 3.7525760307908085 5.7624775543808928 3.766169033944605 1.1971149891614894 3.6651843488216391 6.0041855797171584 3.4866878055036059 2.9249762818217278 1.8344026356935528 5.0177075117826444 7.5144354030489913 10.333483651280401 1.8934350982308386 2.2125671282410604 2.408609114587307 3.1654190421104422 24.197552390396595 8.4293516129255313 3.0617228075861922 11.468825552612545 2.755638822913169 1.6363972872495649 3.1937221959233311 21.129233635962009 3.1415349543094635 4.0179867297410956 13.65972303599119 3.2314815670251837 12.11566151678562 3.7410383075475684 15.576585516333578 2.5813497751951218 3.9820199087262154 1.6417162418365479 6.7740001976490012 4.1393226012587547 8.180359371006487 2.7546648234128952 4.410837896168232 2.873257752507925 1.8913470804691312
leaf_count=16 111 84 195 24 32 49 14 7 35 48 37 15 12 38 51 31 5 7 4 15 55 36 23 24 17 4 16 42 10 32 26 19 21 24 45 15 30 4 47 7 31 12 6 33 11
internal_value=0 0.00359189 -0.00592611 -0.00296302 -0.00870394 -0.00233393 0.00472425 -0.0117676 0.00111567 7.88006e-05 -0.00380591 0.00116123 0.00096518 0.0042344 -0.00218598 0.000298534 -0.00797972 0.00719056 -0.00182332 -0.0167893 0.00754451 0.0028053 0.00474484 0.00677906 -0.00164684 -0.00812118 0.00998094 0.0120173 -0.000457682 -0.00318035 0.00880922 0.00739671 0.00851245 0.00646053 0.00838899 -0.00870933 -0.00965246 -0.00425033 -0.00115778 0.00921365 0.0115751 -0.005336 0.0139562 -0.0127913 -0.0137168
internal_weight=0 185.272 112.291 74.5167 30.9489 17.6921 11.9296 37.774 43.5677 98.101 14.6214 11.1347 92.0968 45.2048 46.8921 39.3776 8.80249 36.4023 8.6032 23.1526 87.1709 39.9025 33.8959 30.8342 11.185 6.00665 27.7991 24.323 11.8942 29.0442 75.2767 61.617 58.3855 46.2698 39.7741 5.72288 6.19459 3.47612 25.0262 7.0643 19.6492 6.4957 8.17701 4.07037 6.90905
internal_count=1420 705 715 406 212 101 52 309 194 462 99 62 414 169 245 194 54 115 41 210 243 159 131 108 53 28 74 58 41 163 202 176 157 136 100 25 37 16 131 22 55 36 20 40 49
is_linear=0
shrinkage=0.0119772


Tree=8
num_leaves=46
num_cat=0
split_feature=43 38 39 11 0 47 48 42 27 35 23 39 42 38 15 46 39 42 38 49 0 38 49 49 38 0 47 46 19 47 49 26 47 3 47 24 48 15 24 49 4 47 17 0 46
split_gain=36.6854 17.6459 14.7798 13.0341 11.3577 12.6764 10.4628 10.3445 11.2811 15.1311 10.2815 9.50193 9.45261 7.63261 8.84709 7.3354 7.25294 6.33061 6.04201 6.72586 5.4979 4.95808 8.57652 6.4371 5.88101 5.89553 4.92619 10.7089 4.33599 3.97162 4.35494 6.46596 5.28173 3.70539 3.1707 3.15582 3.05461 2.74593 2.12727 1.7663 1.58928 1.45467 1.34188 1.33084 2.56911
threshold=5.5000000000000009 4.5000000000000009 2.5000000000000004 2.5000000000000004 1.5000000000000002 7.5000000000000009 1.5000000000000002 3.5000000000000004 3.5000000000000004 1.0000000180025095e-35 1.0000000180025095e-35 4.5000000000000009 13.500000000000002 55.000000000000007 40.500000000000007 85.000000000000014 4.5000000000000009 35.000000000000007 9.5000000000000018 4.5000000000000009 15.500000000000002 85.000000000000014 5.5000000000000009 3.5000000000000004 65.000000000000014 1.0000000180025095e-35 5.5000000000000009 25.000000000000004 22.500000000000004 1.5000000000000002 7.5000000000000009 1.5000000000000002 4.5000000000000009 3.5000000000000004 5.5000000000000009 1.0000000180025095e-35 4.5000000000000009 11.500000000000002 1.5000000000000002 1.5000000000000002 1.0000000180025095e-35 2.5000000000000004 1.5000000000000002 1.0000000180025095e-35 19.000000000000004
decision_type=2 2 2 2 2 2 2 2 2 2 2 2 2 2 2 2 2 2 2 2 2 2 2 2 2 2 2 2 2 2 2 2 2 2 2 2 2 2 2 2 2 2 2 2 2
left_child=11 34 17 4 5 6 -4 -6 12 -10 -8 13 -9 18 -15 20 -7 35 19 37 21 22 33 -23 25 -24 27 -19 -21 -20 31 32 -31 -13 38 -3 -25 -1 -2 -5 -22 -41 -35 -32 -45
right_child=1 2 3 39 7 16 10 8 9 -11 -12 15 -14 14 -16 -17 -18 26 29 28 40 23 24 36 -26 -27 -28 -29 -30 30 43 -33 -34 42 -36 -37 -38 -39 -40 41 -42 -43 -44 44 -46
leaf_value=0.012306841037136312 -0.014929331518085093 -0.019009820048685646 0.01403108420747225 -0.0038537058517626238 0.017425295778065019 0.0040961853000084422 -0.011415924491530715 -0.0060250983650547126 -0.013904795284458444 0.01250676732948729 0.014403759940294001 0.0027100144836086728 0.0055476299623200779 -0.01340483489920352 0.014749681628649196 -0.016470503494668939 -0.019637126245379319 0.019821830841926708 0.015720158878060907 -0.014602987782511038 -0.0007356368198709177 0.018950304097374682 -0.0093193060295872019 0.0070996707905823962 -0.015191709265361304 0.0067592024587650509 0.016412480187953979 -0.015705296577038712 0.0091868637345700766 -0.0048906204071413458 0.015680873854548399 0.017597031387382882 0.007555774088540127 -0.018109577552484542 -0.021306249618668973 0.0074116363530673619 -0.014683877017387744 -0.0017355548412365301 0.002396786500896122 -0.0036773696232614756 -0.018234850958620947 -0.019642763725964466 -0.0050422150283906267 0.015800795606871448 0.0059419049146227773
leaf_weight=6.0943419933319074 2.9104415774345389 1.6755898296833065 4.4448326677083996 1.4156443178653706 4.4311289191246024 2.1241903975605956 12.470194943249224 14.937587849795817 16.414751529693607 3.8271819949150077 2.6767892092466345 2.4047216251492483 31.352037534117699 5.1221317499876013 2.3139437139034271 3.3672629445791236 13.84408827126026 2.3329478204250327 12.67033927887678 4.4264772906899443 1.083534583449363 5.457652844488619 3.6833368837833396 2.4118985161185269 2.219240389764308 28.469786897301674 8.8398243114352208 2.5173193514347076 1.449335068464279 9.3827106729149872 8.2308598607778567 4.4301976114511481 10.187497720122336 4.5253211036324501 9.0379205942153913 1.0419972762465477 1.4787355065345762 2.958791121840477 1.5491910278797147 0.91167771071195502 2.4038228541612625 9.1760779395699483 1.5264873802661894 6.161498628556731 9.9421058371663076
leaf_count=13 27 16 11 8 7 9 94 81 129 11 6 12 125 32 5 31 136 3 23 26 7 7 25 9 16 93 18 16 4 36 15 7 30 36 98 4 11 12 9 6 21 84 10 10 31
internal_value=0 -0.00417698 -0.00286509 -0.0043461 -0.0030367 -0.0085602 -0.0020994 -0.000267329 -0.00144925 -0.00890481 -0.00684272 0.00433916 0.00181178 0.0069423 -0.00462921 0.000661508 -0.0164771 0.00778148 0.00807649 0.00124304 0.00170193 0.00267664 0.000949619 0.0105735 0.00360926 0.00491336 0.0110963 0.00138314 -0.0087222 0.00974759 0.00817761 0.00455166 0.00158746 -0.00984613 -0.0172261 -0.00887924 -0.00119162 0.00771766 -0.00891317 -0.0164519 -0.0128294 -0.0182096 -0.0148362 0.0117482 0.00972549
internal_weight=0 147.931 134.434 118.026 106.523 35.5601 19.5918 70.9627 66.5316 20.2419 15.147 142.402 46.2896 83.3702 7.43608 59.0318 15.9683 16.4077 75.9342 14.9289 55.6645 52.1772 42.8289 9.34829 34.3724 32.1531 13.6901 4.85027 5.87581 61.0052 48.3349 24.0004 19.5702 8.45653 13.4976 2.71759 3.89063 9.05313 4.45963 11.5034 3.48736 10.0878 6.05181 24.3345 16.1036
internal_count=1420 898 764 707 609 256 111 353 346 140 100 522 206 244 37 278 145 57 207 55 247 219 192 27 134 118 37 19 30 152 129 73 66 58 134 20 20 25 36 98 28 90 46 56 41
is_linear=0
shrinkage=0.0119772


Tree=9
num_leaves=46
num_cat=0
split_feature=43 39 38 49 0 3 13 7 16 3 48 47 42 38 47 2 0 20 48 7 7 38 43 3 8 46 6 42 38 48 19 2 49 46 42 3 3 46 27 5 49 16 30 19 27
split_gain=37.2932 25.4439 10.8912 9.92032 8.1261 11.9831 13.6072 11.0629 10.764 12.1533 8.813 9.61725 8.61644 7.29718 7.2937 7.13213 8.06041 5.93522 5.27397 5.25925 8.34137 4.56361 7.20032 4.63713 7.83026 4.56099 4.48125 4.77906 6.73248 4.20598 4.11836 4.00603 3.99684 3.9179 5.80665 3.74513 4.88266 3.7162 3.63642 3.23934 3.21035 3.19712 2.83267 5.12545 2.20819
threshold=11.500000000000002 3.5000000000000004 9.5000000000000018 10.500000000000002 1.0000000180025095e-35 5.5000000000000009 1.0000000180025095e-35 36.500000000000007 1.5000000000000002 76.500000000000014 6.5000000000000009 7.5000000000000009 75.000000000000014 75.000000000000014 5.5000000000000009 4.5000000000000009 1.5000000000000002 1.0000000180025095e-35 4.5000000000000009 18.500000000000004 11.500000000000002 35.000000000000007 2.5000000000000004 34.500000000000007 1.0000000180025095e-35 1.5000000000000002 1.0000000180025095e-35 17.500000000000004 25.000000000000004 7.5000000000000009 22.500000000000004 1.0000000180025095e-35 4.5000000000000009 65.000000000000014 55.000000000000007 26.500000000000004 9.5000000000000018 3.5000000000000004 1.5000000000000002 5.5000000000000009 12.500000000000002 1.5000000000000002 1.0000000180025095e-35 1.5000000000000002 2.5000000000000004
decision_type=2 2 2 2 2 2 2 2 2 2 2 2 2 2 2 2 2 2 2 2 2 2 2 2 2 2 2 2 2 2 2 2 2 2 2 2 2 2 2 2 2 2 2 2 2
left_child=1 2 14 17 19 33 10 8 9 -8 -7 30 37 -14 18 16 44 -2 -1 20 38 25 -23 35 -25 -4 27 -27 -29 -20 -12 -28 -22 42 -35 36 -24 -9 40 -18 -3 -33 43 -6 -5
right_child=3 4 21 15 5 6 7 12 -10 -11 11 -13 13 -15 -16 -17 39 -19 29 -21 32 22 23 24 -26 26 31 28 -30 -31 -32 41 -34 34 -36 -37 -38 -39 -40 -41 -42 -43 -44 -45 -46
leaf_value=0.0073133965666869688 -0.018854076242132235 -0.016571884737264283 0.018635287957233505 -0.017196185183865093 0.012275070299487892 -0.015397058098667107 0.0047857955785476636 0.0021747883062244945 0.016669135862595476 -0.0083954009580370064 -0.00021082462745372946 -0.020269128970362142 0.012004072996729617 -0.012551162073416834 -0.016472986105579575 -0.01905612391940217 -0.00082777816364186757 -0.00078091125028863445 -0.013364625785762045 -0.018911408999021981 0.015700162010102676 -0.009364988905316925 0.010677919254445051 -0.019425072676786843 0.0089271293879478898 0.013410181241423126 0.00092278377455827227 -0.015487811656122633 0.0084995401111726786 0.0096508475758111389 0.018227954659955664 0.015146689844610707 -0.004415578872138534 0.014786169698057985 -0.018587560885499413 0.020121087596171434 -0.0053368263962020948 -0.016817212867270424 0.0030826409777102376 0.015442699894574587 -0.0021464999543447313 0.0051528358743019864 0.016856413746455575 -0.0063921069719744721 0.0052771069659927894
leaf_weight=9.7391247525811213 18.988867580890659 8.526674605906015 8.2990464866161329 3.1513607166707502 7.0139504075050407 14.73463246971369 37.950794704258442 1.7410933598876024 7.4768178313970557 13.626502789556978 6.929363049566744 2.9884461015462866 4.5930641815066329 2.7736277282238007 3.8373303413391104 3.2798289842903605 3.033560574054718 3.026871144771575 4.1951634362339965 4.8556479215621939 3.302351087331771 4.482223846018317 12.489390686154371 2.3079153448343268 3.4996429085731506 3.4454960450530034 4.6946965306997326 3.4677034467458725 3.2292571067810059 1.5498946979641912 2.3051203489303589 20.758369900286201 2.463493637740612 1.3071491569280618 1.7132666185498235 4.0200767219066611 3.4829109236598006 9.5592005476355535 2.5001668259501448 4.1373420283198357 3.0004739612340918 5.9317602217197409 6.4753016531467429 3.003709189593792 0.77341160178184498
leaf_count=30 195 76 11 35 21 117 141 10 15 90 33 27 13 22 34 37 15 15 27 44 9 24 33 18 11 8 15 20 8 5 3 35 16 3 14 5 17 78 14 7 21 15 12 16 5
internal_value=0 0.00165991 0.00635081 -0.0113211 -0.00147379 -0.000226453 -0.00183326 0.000709872 0.00325091 0.00130154 -0.00916352 -0.00163824 -0.00732384 0.00274864 -0.00171834 -0.00357483 0.00101463 -0.0163726 0.00194636 -0.00775378 -0.00500469 0.00829741 0.00462564 0.00706089 -0.00235173 0.0105266 0.00890013 0.00197195 -0.00392187 -0.00714223 0.00440666 0.0111363 0.0071088 0.00838713 -0.00413187 0.00979659 0.00718221 -0.0138889 -0.00998816 0.00856553 -0.0128263 0.0129303 0.0106832 0.00667353 -0.0127564
internal_weight=0 248.271 99.43 36.3912 148.841 124.192 104.679 77.7211 59.0541 51.5773 26.9576 12.2229 18.667 7.36669 19.3215 14.3755 11.0957 22.0157 15.4842 24.6488 19.7932 80.1085 30.2822 25.7999 5.80756 49.8263 41.5273 10.1425 6.69696 5.74506 9.23448 31.3848 5.76584 19.5134 3.02042 19.9924 15.9723 11.3003 14.0273 7.1709 11.5271 26.6901 16.493 10.0177 3.92477
internal_count=1420 1111 316 309 795 615 549 369 246 231 180 63 123 35 96 99 62 210 62 180 136 220 108 84 29 112 101 36 28 32 36 65 25 66 17 55 50 88 111 22 97 50 49 37 40
is_linear=0
shrinkage=0.0119772


Tree=10
num_leaves=46
num_cat=0
split_feature=43 39 38 49 47 2 0 46 46 0 3 3 30 38 16 43 20 47 49 42 39 49 38 43 48 7 43 46 46 18 42 5 38 42 16 48 5 42 15 47 42 31 18 0 27
split_gain=32.5129 24.1669 11.1486 10.8966 7.91672 7.60571 8.41498 7.4906 8.44785 6.46095 9.18359 12.2448 9.00774 7.98434 7.18232 6.78075 5.80538 5.10469 6.17864 7.31039 6.14379 4.7786 4.2634 5.86247 4.52368 6.51979 4.69074 3.91786 3.91652 4.35261 5.23832 4.19059 3.65215 5.36474 3.56106 3.4166 3.19145 3.16917 2.98667 2.94368 2.8874 3.22586 2.56175 2.57706 2.38442
threshold=11.500000000000002 3.5000000000000004 9.5000000000000018 10.500000000000002 5.5000000000000009 4.5000000000000009 1.5000000000000002 95.000000000000014 165.00000000000003 1.0000000180025095e-35 5.5000000000000009 19.500000000000004 1.0000000180025095e-35 4.5000000000000009 1.5000000000000002 3.5000000000000004 1.0000000180025095e-35 6.5000000000000009 4.5000000000000009 85.000000000000014 10.500000000000002 4.5000000000000009 35.000000000000007 2.5000000000000004 3.5000000000000004 2.5000000000000004 10.500000000000002 85.000000000000014 1.5000000000000002 1.0000000180025095e-35 65.000000000000014 1.5000000000000002 55.000000000000007 75.000000000000014 1.0000000180025095e-35 7.5000000000000009 5.5000000000000009 35.000000000000007 1.5000000000000002 8.5000000000000018 75.000000000000014 1.0000000180025095e-35 1.5000000000000002 1.5000000000000002 2.5000000000000004
decision_type=2 2 2 2 2 2 2 2 2 2 2 2 2 2 2 2 2 2 2 2 2 2 2 2 2 2 2 2 2 2 2 2 2 2 2 2 2 2 2 2 2 2 2 2 2
left_child=1 2 4 16 21 6 44 9 40 17 32 14 13 -13 37 -16 -2 18 20 -20 -3 -1 28 -24 34 -26 -27 -14 -4 30 31 -30 39 -34 38 -23 -8 -12 -25 -11 41 -9 -31 -44 -5
right_child=3 7 22 5 -6 -7 36 8 -10 10 11 12 27 -15 15 -17 -18 -19 19 -21 -22 35 23 24 25 26 -28 -29 29 42 -32 -33 33 -35 -36 -37 -38 -39 -40 -41 -42 -43 43 -45 -46
leaf_value=0.0073504374554441421 -0.018576890114622213 -0.0070255464655426285 0.018038862465534856 -0.01694862691402764 -0.018070725480822534 -0.018925783921116889 0.00016725890966310202 0.0025437019174895372 0.021501866624443481 0.014319921382181008 -0.019632784276451942 -0.013240579984499163 -0.012754543406214795 0.0035084374681878688 0.017076260599979222 -0.013116018473625599 -0.00071085822824325413 -0.014528517919195742 -0.014370320278564708 0.012478877410664111 0.019694508493860098 -0.011265001856018886 -0.0083555769885291439 0.018154684551633788 0.012978971028559707 -0.0080597250089386851 0.014332180409284528 0.0087975909042102753 0.0050992387754111874 0.017245796662738368 0.014855634075166503 -0.0095806073291536762 -0.015180402679918712 0.012740682912167189 0.020657909748813659 0.0092772957664645998 0.016220176682607342 -0.0066455684760686525 0.0015783858451115349 0.00059701144066750915 -0.018452753978784833 -0.020122211597811163 0.015685333503914684 0.0004139610458503551 0.0058221453167546303
leaf_weight=8.9084520339965838 18.422281924635175 2.1539274528622654 8.078047037124632 3.0838172212243067 3.5739794075489035 3.1703016534447661 3.0263887494802475 2.5197841599583595 1.0572892427444465 10.599381424486639 7.9048263058066386 4.3431043773889533 8.5559906102716887 65.122603379189968 2.2583776637911788 2.0001175031065941 3.0449732989072791 7.7042346000671378 6.6616693623363954 1.8484784662723539 2.8592215850949287 4.7631542459130278 4.2448267117142704 2.3119453042745608 5.1363065987825385 7.2844630330800992 1.6317994594573972 1.39797841757536 13.438695058226591 10.304761603474619 6.2819292247295371 3.5063785761594763 2.032023541629314 1.8959656953811643 4.516371488571167 1.5225081965327261 4.3052428588271141 4.1276057511568069 4.7610024213790894 2.8511300757527342 6.8901452422142029 1.3856189996004102 2.9649774432182303 3.4014262706041336 0.8289576768875121
leaf_count=26 195 14 11 35 34 37 15 13 1 24 66 34 68 267 4 16 15 71 57 7 5 31 24 4 13 42 4 6 41 17 12 15 15 6 5 5 7 28 16 13 67 13 5 11 5
internal_value=0 0.00157285 0.00621993 -0.0106397 -0.00206387 -0.00257889 0.00204294 -0.00149932 -0.0106216 -0.000693164 0.000444885 -0.0010095 0.000930854 0.00245859 -0.0104644 0.00289088 -0.0160462 -0.00675437 -0.00231362 -0.00852475 0.00821847 0.00171083 0.0082171 0.00466122 0.00682038 0.00224535 -0.00394361 -0.00971706 0.0104297 0.00888313 0.00552445 0.00205479 0.00845167 -0.00169723 0.0123565 -0.00627539 0.00960991 -0.015192 0.00702391 0.0114168 -0.013792 -0.00552801 0.0135529 0.00754825 -0.0121127
internal_weight=0 242.8 96.631 35.882 18.7681 14.4147 11.2444 146.169 11.8528 134.317 113.089 95.7106 79.4197 69.4657 16.2909 4.2585 21.4673 21.2275 13.5233 8.51015 5.01315 15.1941 77.8629 29.8867 25.6419 14.0526 8.91626 9.95397 47.9762 39.8982 23.227 16.9451 17.3785 3.92799 11.5893 6.28566 7.33163 12.0324 7.07295 13.4505 10.7955 3.9054 16.6712 6.3664 3.91277
internal_count=1420 1111 316 309 96 99 62 795 94 701 547 489 375 301 114 20 210 154 83 64 19 62 220 108 84 59 46 74 112 101 68 56 58 21 25 36 22 94 20 37 93 26 33 16 40
is_linear=0
shrinkage=0.0119772


Tree=11
num_leaves=46
num_cat=0
split_feature=43 39 38 42 39 42 1 42 27 38 4 23 0 14 12 7 18 42 48 42 38 27 15 7 7 5 3 28 31 6 38 48 49 47 49 0 24 47 25 27 49 9 17 11 49
split_gain=31.4247 14.3339 11.0443 9.17731 8.57634 8.49774 14.2631 10.85 11.4832 10.5541 9.68606 8.39768 6.3128 6.20807 8.8467 7.57191 7.06874 6.60533 8.76141 5.64988 5.54977 5.48722 10.2861 5.32958 11.9751 4.93632 4.80187 4.55879 4.53878 4.11455 6.16707 3.9884 3.82213 3.63097 3.8889 3.83959 2.74971 2.52351 2.29663 2.26721 2.25623 2.15935 2.03687 2.03547 1.47563
threshold=7.5000000000000009 3.5000000000000004 4.5000000000000009 4.5000000000000009 12.500000000000002 13.500000000000002 1.0000000180025095e-35 85.000000000000014 4.5000000000000009 75.000000000000014 1.5000000000000002 1.0000000180025095e-35 15.500000000000002 1.0000000180025095e-35 1.0000000180025095e-35 36.500000000000007 1.5000000000000002 55.000000000000007 7.5000000000000009 85.000000000000014 95.000000000000014 8.5000000000000018 10.500000000000002 22.500000000000004 17.500000000000004 6.5000000000000009 61.500000000000007 1.0000000180025095e-35 1.5000000000000002 3.5000000000000004 13.500000000000002 3.5000000000000004 12.500000000000002 7.5000000000000009 2.5000000000000004 2.5000000000000004 1.0000000180025095e-35 5.5000000000000009 1.5000000000000002 9.5000000000000018 7.5000000000000009 1.5000000000000002 1.5000000000000002 1.5000000000000002 8.5000000000000018
decision_type=2 2 2 2 2 2 2 2 2 2 2 2 2 2 2 2 2 2 2 2 2 2 2 2 2 2 2 2 2 2 2 2 2 2 2 2 2 2 2 2 2 2 2 2 2
left_child=1 21 37 40 12 23 32 8 11 10 -9 -8 13 14 16 17 20 26 -19 39 -3 22 25 24 29 27 -15 33 36 30 -5 -30 -7 34 -1 -35 -24 43 -10 -17 -4 -11 -18 -2 -16
right_child=2 4 3 5 -6 6 7 9 38 41 -12 -13 -14 15 44 19 42 18 -20 -21 -22 -23 28 -25 -26 -27 -28 -29 31 -31 -32 -33 -34 35 -36 -37 -38 -39 -40 -41 -42 -43 -44 -45 -46
leaf_value=0.014909175544187532 -0.013866336969222437 -0.00050966320160572912 0.017741398401346552 -0.018728986902366684 -0.015383358949970151 -0.018783916918689757 0.0094195967896994227 -0.019884482321749001 -0.019904631862566538 -0.019480572095984069 0.0096140024257391991 -0.01238827373865045 -0.012381309227533182 0.012301880347972447 -0.0092070672081501666 -0.017350161394554968 0.014987087003082171 -0.01841654424106378 0.017375094462720647 0.012813040388784702 -0.018470113033943702 0.013789335771374958 -0.016270682012519782 -0.020419497817463418 0.013532750280012447 0.015647426555288505 0.00028621275612377469 -0.0078538487341452967 0.014740974565168014 0.0092375260608406895 -0.0034184737329761065 -0.0062853219152570134 -0.00056796890861655935 -0.016575957285634792 0.0060023513139871492 0.0078519526160632964 -0.00021491276517453993 -0.020559839559641586 -0.0038068917038013416 -0.0011012585559189681 0.0026786556791131818 -0.001800375561617474 0.0035986892698786311 0.007165702265776808 -0.02056838609913365
leaf_weight=9.2084287554025632 2.2508937641978251 21.926123060286049 3.0740531831979743 10.290430229157222 4.9826490581035605 8.2739503271877748 25.37363021820784 2.1410873234272021 2.6687135174870482 7.2267865389585477 6.1627287939190865 2.801752731204032 4.920958697795867 21.514594092965133 3.7913150563836089 3.6911489889025679 4.9509257748723012 2.8673822730779639 1.4756989032030103 1.7242931500077245 2.7693601474165908 13.509017348289488 4.6026624292135221 5.9842001721262923 3.2386594265699378 9.1468112990260106 6.1379206776618949 3.1561227068305007 2.4956207498908043 1.26352298259735 5.9754366353154174 2.6605696529150009 2.0697466507554045 1.8297382742166513 29.92150966823101 1.8370848447084425 2.2960062772035599 7.4697380401194096 2.4431936889886856 1.8552392721176145 2.6731648594141006 1.1561806350946424 4.161327637732029 0.92041353881359089 2.9545695558190346
leaf_count=19 22 122 6 90 40 87 84 21 27 77 22 20 41 52 26 32 12 24 3 5 27 30 29 61 11 16 26 12 6 4 38 12 15 12 89 6 12 90 17 11 12 6 17 5 24
internal_value=0 0.0031615 -0.00520648 -0.00387969 -0.000132106 -0.00484795 -0.00235437 0.00029597 0.00424764 -0.0075822 0.00198551 0.0072453 0.000766386 0.00157918 -0.0017068 0.00497322 0.000792762 0.00748054 -0.00623253 -0.00604985 -0.00253344 0.0068249 0.00542111 -0.0104652 -0.00758474 0.00761364 0.00963736 0.00600998 -0.00459508 -0.0114951 -0.0131135 0.00389604 -0.0151473 0.00703517 0.00810334 -0.00434329 -0.0109419 -0.0167581 -0.0122455 -0.0119357 0.0107622 -0.0170524 0.00980204 -0.00774745 -0.0142169
internal_weight=0 170.387 103.458 92.8172 89.7235 87.07 60.3178 49.9741 33.2873 16.6868 8.30382 28.1754 84.7409 79.8199 40.5536 39.2663 33.8077 31.9956 4.34308 7.27068 24.6955 80.6636 67.1546 26.7522 20.768 55.0997 27.6525 45.9529 12.0549 17.5294 16.2659 5.15619 10.3437 42.7968 39.1299 3.66682 6.89867 10.641 5.11191 5.54639 5.74722 8.38297 9.11225 3.17131 6.74588
internal_count=1420 705 715 598 462 580 376 274 148 126 43 104 422 381 228 153 178 105 27 48 149 243 213 204 143 154 78 138 59 132 128 18 102 126 108 18 41 117 44 43 18 83 29 27 50
is_linear=0
shrinkage=0.0119772


end of trees

feature_importances:
ninki_1=56
ninki_2=43
umaban=38
result_3=33
f_courseout=30
result_1=29
f_course1=26
mf_courseout=25
result_2=23
ninki_3=23
f_classout=21
waku=19
mf_course2=13
mf_len1=13
f_course2=12
f_course3=11
mf_classout=11
mf_len3=10
mf_course3=9
f_mf_courseout=9
f_lenout=9
mf_classout.1=9
f_len3=8
mf_course1=6
f_mf_len1=6
f_len1=5
f_len2=5
f_class1=5
f_mf_course1=4
f_mf_course3=4
mf_len2=4
mf_class3=4
f_mf_classout.1=4
f_mf_course2=3
f_mf_len2=2
f_mf_classout=2
mf_class1=2
mf_class2=2
f_class2=1
f_class3=1

parameters:
[boosting: gbdt]
[objective: lambdarank]
[metric: ndcg]
[tree_learner: serial]
[device_type: cpu]
[data_sample_strategy: bagging]
[data: ]
[valid: ]
[num_iterations: 225]
[learning_rate: 0.0119772]
[num_leaves: 46]
[num_threads: 16]
[seed: 0]
[deterministic: 0]
[force_col_wise: 1]
[force_row_wise: 0]
[histogram_pool_size: -1]
[max_depth: 8]
[min_data_in_leaf: 8]
[min_sum_hessian_in_leaf: 0.001]
[bagging_fraction: 1]
[pos_bagging_fraction: 1]
[neg_bagging_fraction: 1]
[bagging_freq: 0]
[bagging_seed: 7719]
[feature_fraction: 1]
[feature_fraction_bynode: 1]
[feature_fraction_seed: 2437]
[extra_trees: 0]
[extra_seed: 11797]
[early_stopping_round: 0]
[first_metric_only: 0]
[max_delta_step: 0]
[lambda_l1: 0.00280732]
[lambda_l2: 0.0124963]
[linear_lambda: 0]
[min_gain_to_split: 0]
[drop_rate: 0.1]
[max_drop: 50]
[skip_drop: 0.5]
[xgboost_dart_mode: 0]
[uniform_drop: 0]
[drop_seed: 21238]
[top_rate: 0.2]
[other_rate: 0.1]
[min_data_per_group: 100]
[max_cat_threshold: 32]
[cat_l2: 10]
[cat_smooth: 10]
[max_cat_to_onehot: 4]
[top_k: 20]
[monotone_constraints: ]
[monotone_constraints_method: basic]
[monotone_penalty: 0]
[feature_contri: ]
[forcedsplits_filename: ]
[refit_decay_rate: 0.9]
[cegb_tradeoff: 1]
[cegb_penalty_split: 0]
[cegb_penalty_feature_lazy: ]
[cegb_penalty_feature_coupled: ]
[path_smooth: 0]
[interaction_constraints: ]
[verbosity: -1]
[saved_feature_importance_type: 0]
[use_quantized_grad: 0]
[num_grad_quant_bins: 4]
[quant_train_renew_leaf: 0]
[stochastic_rounding: 1]
[linear_tree: 0]
[max_bin: 255]
[max_bin_by_feature: ]
[min_data_in_bin: 3]
[bin_construct_sample_cnt: 200000]
[data_random_seed: 38]
[is_enable_sparse: 1]
[enable_bundle: 1]
[use_missing: 1]
[zero_as_missing: 0]
[feature_pre_filter: 1]
[pre_partition: 0]
[two_round: 0]
[header: 0]
[label_column: ]
[weight_column: ]
[group_column: ]
[ignore_column: ]
[categorical_feature: ]
[forcedbins_filename: ]
[precise_float_parser: 0]
[parser_config_file: ]
[objective_seed: 8855]
[num_class: 1]
[is_unbalance: 0]
[scale_pos_weight: 1]
[sigmoid: 1]
[boost_from_average: 1]
[reg_sqrt: 0]
[alpha: 0.9]
[fair_c: 1]
[poisson_max_delta_step: 0.7]
[tweedie_variance_power: 1.5]
[lambdarank_truncation_level: 30]
[lambdarank_norm: 1]
[label_gain: ]
[lambdarank_position_bias_regularization: 0]
[eval_at: 1,3,5]
[multi_error_top_k: 1]
[auc_mu_weights: ]
[num_machines: 1]
[local_listen_port: 12400]
[time_out: 120]
[machine_list_filename: ]
[machines: ]
[gpu_platform_id: -1]
[gpu_device_id: -1]
[gpu_use_dp: 0]
[num_gpu: 1]

end of parameters

pandas_categorical:[]
