tree
version=v4
num_class=1
num_tree_per_iteration=1
label_index=0
max_feature_idx=49
objective=lambdarank
feature_names=f_course1 f_course2 f_course3 f_courseout mf_course1 mf_course2 mf_course3 mf_courseout f_mf_course1 f_mf_course2 f_mf_course3 f_mf_courseout f_len1 f_len2 f_len3 f_lenout mf_len1 mf_len2 mf_len3 mf_classout f_mf_len1 f_mf_len2 f_mf_len3 f_mf_classout f_class1 f_class2 f_class3 f_classout mf_class1 mf_class2 mf_class3 mf_classout.1 f_mf_class1 f_mf_class2 f_mf_class3 f_mf_classout.1 time_df_course1 time_df_class1 ninki_1 result_1 time_df_course2 time_df_class2 ninki_2 result_2 time_df_course3 time_df_class3 ninki_3 result_3 waku umaban
feature_infos=[0:23] [0:33] [0:31] [0:192] [0:32] [0:27] [0:27] [0:188] [0:5] [0:7] [0:3] [0:32] [0:11] [0:9] [0:7] [0:65] [0:10] [0:6] [0:6] [0:38] [0:3] [0:2] [0:2] [0:10] [0:4] [0:5] [0:3] [0:19] [0:3] [0:3] [0:3] [0:19] [0:1] [0:1] [0:2] [0:5] [-1:0] [-1:0] [-1:180] [-1:100] [-1:0] [-1:0] [-1:180] [-1:160] [-1:0] [-1:0] [-1:180] [-1:140] [1:8] [1:16]
tree_sizes=4996 4973 4981 4961 4964 4950 4979 4993 4972 4971 4979 4986 5001 4991

Tree=0
num_leaves=46
num_cat=0
split_feature=47 43 39 22 49 46 46 46 7 38 1 14 39 47 42 38 14 48 23 48 43 35 48 19 3 25 13 46 49 17 15 19 6 42 46 43 38 42 12 6 42 3 43 38 15
split_gain=43.1798 20.4605 11.4449 10.5972 13.8185 8.65502 8.32261 8.18767 10.7851 10.0195 7.26628 9.93325 7.11285 10.7642 8.33611 7.52993 7.1229 6.59321 5.68056 5.28128 5.09527 4.97429 6.24669 4.72342 6.19978 4.62026 5.49633 4.05844 3.93661 3.9005 4.50568 3.7235 3.65282 3.32347 3.22451 4.32378 4.88033 3.07986 2.86553 4.43332 2.67588 2.42001 2.27433 2.27414 3.92623
threshold=3.5000000000000004 3.5000000000000004 4.5000000000000009 1.0000000180025095e-35 10.500000000000002 7.5000000000000009 14.500000000000002 4.5000000000000009 2.5000000000000004 9.5000000000000018 1.0000000180025095e-35 1.0000000180025095e-35 5.5000000000000009 1.0000000180025095e-35 35.000000000000007 9.5000000000000018 1.0000000180025095e-35 2.5000000000000004 3.5000000000000004 3.5000000000000004 16.500000000000004 1.5000000000000002 6.5000000000000009 6.5000000000000009 76.500000000000014 1.0000000180025095e-35 1.5000000000000002 2.5000000000000004 12.500000000000002 1.5000000000000002 9.5000000000000018 1.5000000000000002 1.0000000180025095e-35 45.000000000000007 65.000000000000014 2.5000000000000004 155.00000000000003 6.5000000000000009 1.0000000180025095e-35 1.0000000180025095e-35 35.000000000000007 1.0000000180025095e-35 11.500000000000002 10.500000000000002 1.0000000180025095e-35
decision_type=2 2 2 2 2 2 2 2 2 2 2 2 2 2 2 2 2 2 2 2 2 2 2 2 2 2 2 2 2 2 2 2 2 2 2 2 2 2 2 2 2 2 2 2 2
left_child=12 2 29 4 7 -4 -5 31 9 -9 20 23 15 28 19 16 -1 -11 -16 27 43 22 -13 42 -25 37 -27 -15 41 30 40 -3 -33 -17 35 -35 -37 -10 -18 -40 -2 -14 -12 44 -6
right_child=1 3 5 6 10 -7 -8 8 25 17 11 21 13 14 18 33 38 -19 -20 -21 -22 -23 -24 24 -26 26 -28 -29 -30 -31 -32 32 -34 34 -36 36 -38 -39 39 -41 -42 -43 -44 -45 -46
leaf_value=-0.013298819831083462 0.01553198055199655 -0.012670884036392206 0.017123582258628554 0.014641737186119524 0.00394114765871636 -0.012027902244632053 -0.017522251469886539 -0.022040500656033309 -0.0062567719894344271 0.0079926867703908576 0.014932174147956395 0.0025683052114501481 -0.0049709128999093615 0.012424165326057363 -0.020294001281688706 0.015671581619521428 0.020135448327971189 -0.0078221347616623631 0.018203278818472477 0.014113878438161592 0.011788606709061787 0.020456354829351309 -0.01879450763542756 -0.021089026220831423 0.023438559064923026 0.0080776628563820757 -0.016611748034133525 -0.015045799549912685 0.013533175987032905 0.020243746065155759 -0.012069914740849895 0.019514252438345044 -0.0027419933674289387 0.018785934505290296 0.017141264479116351 -0.013013512177016542 0.023438559064923026 -0.019808106080507412 0.014054193384775393 -0.019675054023755408 0.00048501263793798385 -0.021383684955308773 0.0020797465880917137 -0.018936187093753106 -0.023663858008178478
leaf_weight=3.1910748705267897 5.5925705581903475 1.6904748119413842 1.8796021454036216 5.3713824748992911 2.0694141350686572 6.4003057442605495 1.456803362816572 4.1201632432639625 2.6748790293931988 6.6105251833796492 8.6998578608036059 3.2797824330627883 2.2136392034590271 1.3421889729797905 2.2659649848937984 24.723407845944166 2.1215336062014103 8.8008847832679731 0.71315568685531605 12.950751360505818 1.2920868173241604 0.82540889829397279 4.8610013984143734 1.4589430913329118 0.63299626111984242 2.2026118673384181 3.0971028506755829 1.7791704945266245 0.81118051335215557 5.4366294816136351 1.4220647066831578 2.0865790285170078 2.1226815991103649 1.3542525358498085 2.645426869392395 2.8565862588584428 0.63299626111984242 26.041125748306513 1.4211468100547793 0.90370170772075642 2.4385423697531223 3.1253575198352337 2.5681242011487475 4.8193730004131794 1.1335542723536489
leaf_count=44 28 26 9 25 20 93 22 60 31 44 40 31 20 9 35 120 7 103 2 71 9 3 75 24 1 15 44 25 4 18 20 6 22 5 11 41 1 384 7 13 26 44 22 75 18
internal_value=0 -0.00422817 0.00588998 -0.00662321 -0.00770233 -0.00539041 0.00775511 -0.0111052 -0.0125805 -0.00547939 -0.00130596 0.00240068 0.00786952 0.00288548 0.00733359 0.0110187 0.000320886 -0.00103541 -0.0110296 0.0107454 -0.0101855 -0.00734313 -0.0101929 0.00894328 -0.00754035 -0.0166534 -0.0063494 -0.00322051 -0.0108748 0.0121643 0.00749355 0.00227695 0.00830783 0.013553 0.00654007 0.000714167 -0.00633161 -0.0185502 0.0101129 0.000893676 0.0109752 -0.0146125 0.0120115 -0.0137417 -0.00587201
internal_weight=0 121.085 23.1697 97.9158 91.0876 8.27991 6.82819 59.447 53.5473 19.5316 31.6405 22.3261 65.0515 25.2014 19.0512 39.8501 7.63746 15.4114 2.97912 16.0721 9.31443 8.96619 8.14078 13.3599 2.09194 34.0157 5.29971 3.12136 6.15018 14.8898 9.45318 5.89974 4.20926 32.2127 7.48926 4.84384 3.48958 28.716 4.44638 2.32485 8.03111 5.339 11.268 8.02234 3.20297
internal_count=1753 1294 194 1100 1053 102 47 735 681 207 318 196 459 210 142 249 71 147 37 105 122 109 106 87 25 474 59 34 68 92 74 54 28 178 58 47 42 415 27 20 54 64 62 113 38
is_linear=0
shrinkage=0.0119772


Tree=1
num_leaves=46
num_cat=0
split_feature=43 39 1 47 38 49 46 47 11 46 43 15 6 42 4 3 47 39 42 38 30 31 28 46 39 46 19 38 49 38 26 42 46 39 3 3 39 46 39 7 17 39 48 27 1
split_gain=81.6147 40.2939 19.3788 17.6013 19.9874 18.7226 17.4699 15.0815 14.4006 13.755 15.0723 13.4977 12.9657 15.1175 15.1824 12.3617 17.8094 20.6104 15.7382 16.6094 15.8914 12.2661 12.1728 11.4639 10.7731 10.5641 10.3775 9.34076 13.0901 13.7147 12.9787 10.3756 9.06369 8.66599 8.4281 8.23308 7.94568 7.8197 7.5659 7.46583 9.5535 8.30409 6.90113 14.6128 11.0592
threshold=5.5000000000000009 5.5000000000000009 2.5000000000000004 3.5000000000000004 6.5000000000000009 14.500000000000002 6.5000000000000009 7.5000000000000009 3.5000000000000004 45.000000000000007 1.0000000180025095e-35 2.5000000000000004 1.0000000180025095e-35 55.000000000000007 8.5000000000000018 18.500000000000004 10.500000000000002 15.500000000000002 15.500000000000002 25.000000000000004 1.0000000180025095e-35 1.0000000180025095e-35 2.5000000000000004 4.5000000000000009 3.5000000000000004 55.000000000000007 5.5000000000000009 145.00000000000003 9.5000000000000018 55.000000000000007 1.0000000180025095e-35 35.000000000000007 10.500000000000002 7.5000000000000009 20.500000000000004 1.5000000000000002 2.5000000000000004 35.000000000000007 2.5000000000000004 34.500000000000007 1.0000000180025095e-35 9.5000000000000018 7.5000000000000009 4.5000000000000009 3.5000000000000004
decision_type=2 2 2 2 2 2 2 2 2 2 2 2 2 2 2 2 2 2 2 2 2 2 2 2 2 2 2 2 2 2 2 2 2 2 2 2 2 2 2 2 2 2 2 2 2
left_child=1 2 12 4 -2 6 7 -5 27 10 -3 -7 24 14 26 16 17 35 20 -20 -17 -12 23 -13 32 -21 37 28 30 -30 31 -6 -1 -23 -22 -8 -34 -14 -28 40 41 -9 43 44 -4
right_child=3 9 42 5 8 11 15 39 -10 -11 21 22 13 -15 -16 18 -18 -19 19 25 34 33 -24 -25 -26 -27 38 -29 29 -31 -32 -33 36 -35 -36 -37 -38 -39 -40 -41 -42 -43 -44 -45 -46
leaf_value=0.010417831807285477 -0.020342816347184919 -0.015353744804934668 -0.0140736506493584 -0.015052240148469325 0.012314924749826586 0.013001409444978984 -0.003531274748181757 0.0050650539188770429 0.020792461749752019 -0.0135729617561288 0.009284484216758147 0.014963442340679952 -0.0012903350115304527 -0.020911147981420516 0.018217277091428816 -0.01957024971855174 -0.019854079958743366 0.01509591222557553 0.011165149339195194 0.0039182577344426444 0.016819248133522934 0.0051361033113385621 0.02340325655201245 -0.020379140249978701 0.015698375146897762 -0.013530139772997943 -0.00024379034885289798 0.020576692280828163 -0.018521642028552429 0.0066072132304986009 -0.02189221126730001 -0.0027694603665233421 -0.010573075584978083 -0.014449656325348994 -0.0083187395911705209 -0.014653963259083953 0.0057748976301290056 0.015110521840932922 -0.018659861321594889 -0.015045759703249981 0.014077735015804609 -0.017914686924591226 0.021247236659503572 0.018225947310498387 0.0085344244412518498
leaf_weight=21.015593774616718 5.6530900895595542 7.390106074512004 3.8565846458077457 7.3445574566721907 16.851100794970996 11.416793420910837 14.547761321067808 8.0365794710814971 5.9914448112249366 14.148928765207527 20.5700986944139 1.672562301158903 10.97774656116963 4.3218728899955741 7.2898657023906699 16.256906349211931 30.881026048213243 4.8907316103577605 12.036691337823866 8.308559715747835 2.9989308118820208 5.9260202795267087 1.6104248762130735 6.0276656225323677 21.652429237961769 12.378370448946951 6.5742900818586332 3.272884026169776 9.1525639891624433 4.7099582329392424 2.515264965593814 10.67532693594694 7.4843521639704713 7.1215009391307831 5.2336976006627083 27.863048620522022 9.8793143555521965 6.707615114748477 6.2305353283882141 2.5337933227419844 11.798236008733511 3.121538184583188 14.487713649868963 22.502501472830772 15.678277052938936
leaf_count=37 31 40 15 50 35 28 73 26 7 93 62 3 30 28 10 113 217 11 33 33 5 22 1 43 34 79 17 4 34 10 14 49 30 43 24 184 20 13 20 15 18 21 15 26 37
internal_value=0 0.00542136 0.0084869 -0.00467827 0.00104255 -0.00645927 -0.00778265 5.40036e-05 0.00332121 -0.003396 0.000117613 0.00427837 0.00537126 0.000274373 0.00270491 -0.00968319 -0.0127793 -0.00815582 -0.00544982 -1.36818e-05 -0.0127087 0.0035241 -0.00641737 -0.0126862 0.00894448 -0.00652252 -0.00100877 0.00109675 -0.000360081 -0.00998313 0.00408159 0.00646506 0.0051294 -0.00555507 0.000845905 -0.0108416 -0.00127226 0.00493448 -0.00921671 0.00441318 0.00656942 -0.00137348 0.0141134 0.0116485 0.00406326
internal_weight=0 213.815 158.659 247.78 58.8216 188.958 168.23 32.8347 53.1685 55.1567 41.0077 20.7274 102.134 42.1019 37.7801 135.396 78.1826 47.3015 57.2132 32.7236 24.4895 33.6176 9.31065 7.70023 60.0317 20.6869 30.4902 47.1771 43.9042 13.8625 30.0417 27.5264 38.3793 13.0475 8.23263 42.4108 17.3637 17.6854 12.8048 25.4901 22.9564 11.1581 56.5251 42.0374 19.5349
internal_count=1753 592 332 1161 184 977 902 130 153 260 167 75 239 118 90 772 485 268 287 145 142 127 47 46 121 112 80 146 142 44 98 84 87 65 29 257 50 43 37 80 65 47 93 78 52
is_linear=0
shrinkage=0.0119772


Tree=2
num_leaves=46
num_cat=0
split_feature=47 43 22 49 46 39 46 39 43 47 38 3 46 48 48 7 48 14 1 14 35 42 48 43 43 25 17 39 42 38 49 19 39 15 46 15 12 47 42 11 48 3 12 3 42
split_gain=70.3066 30.0476 20.8741 30.5344 17.803 15.8076 17.4948 15.1098 21.0925 14.3827 12.819 12.453 12.2897 12.2226 15.692 12.1642 13.2546 12.0405 11.61 16.3259 13.384 12.3062 11.5636 11.5873 10.4545 10.3356 9.97397 9.80574 9.67759 8.87424 8.76568 8.21765 8.03111 7.8921 7.09398 11.2623 7.01535 6.33504 5.82402 7.16006 5.64348 5.61921 6.79524 6.75737 10.9227
threshold=3.5000000000000004 3.5000000000000004 1.0000000180025095e-35 10.500000000000002 6.5000000000000009 4.5000000000000009 7.5000000000000009 4.5000000000000009 1.0000000180025095e-35 7.5000000000000009 9.5000000000000018 79.000000000000014 14.500000000000002 4.5000000000000009 2.5000000000000004 2.5000000000000004 2.5000000000000004 1.0000000180025095e-35 1.0000000180025095e-35 1.0000000180025095e-35 1.5000000000000002 12.500000000000002 3.5000000000000004 2.5000000000000004 13.500000000000002 1.0000000180025095e-35 1.5000000000000002 4.5000000000000009 35.000000000000007 55.000000000000007 14.500000000000002 7.5000000000000009 10.500000000000002 3.5000000000000004 95.000000000000014 1.0000000180025095e-35 1.0000000180025095e-35 2.5000000000000004 19.000000000000004 4.5000000000000009 6.5000000000000009 26.500000000000004 1.5000000000000002 9.5000000000000018 19.000000000000004
decision_type=2 2 2 2 2 2 2 2 2 2 2 2 2 2 2 2 2 2 2 2 2 2 2 2 2 2 2 2 2 2 2 2 2 2 2 2 2 2 2 2 2 2 2 2 2
left_child=7 5 3 4 9 26 -7 10 -9 -3 17 22 -4 14 -11 16 27 -1 24 21 40 33 23 -10 -5 -17 30 -6 38 -30 34 -27 -26 -20 35 -2 -19 -25 39 -24 -21 42 43 -12 -45
right_child=1 2 12 18 15 6 -8 8 11 13 41 -13 -14 -15 -16 25 -18 36 19 20 -22 -23 28 37 32 31 -28 -29 29 -31 -32 -33 -34 -35 -36 -37 -38 -39 -40 -41 -42 -43 -44 44 -46
leaf_value=-0.010141868403210279 0.0051490986862524979 -0.018202511854292849 0.011398759179214922 -0.015565998724045994 0.012451311105742765 0.012500049817759954 -0.012354307051390886 -0.016278636943647527 0.012212212063502023 0.0062435936908492298 0.0098812836924434769 -0.01893800334846233 -0.016477487086757735 0.015076062598621993 -0.022429566882630824 -0.018563706641402292 -0.01352433864360616 0.018658591000090541 0.0023855999480771181 -0.0023599842654785652 0.018589261802611362 0.012638992686756091 0.0048088665202643014 -0.0176643509831301 -0.018917818867514938 0.0027709651191407791 0.016203268671515086 -0.0072665843517236992 0.0058948702072123479 -0.021071708523635393 0.017191551379232253 -0.018486011225419416 0.0094479202742107759 -0.022775478461973385 0.015839602114898162 -0.016353610971583405 -0.0024868901587133795 0.00046587928245652615 0.017148498145464906 0.023348567176036537 -0.017006718945865321 0.016196553102700507 0.022711531776510446 0.010956579193083378 -0.016398107344496822
leaf_weight=8.5598226115107554 8.0354019179940277 5.8034880757331875 14.004203982651235 11.885960038751366 6.3629588782787314 5.79991187155247 13.48289894685149 8.0547345206141454 4.8235147148370769 7.3624799847602862 39.430721431970596 3.1493501067161551 2.6946071609854689 7.6169029027223578 4.3421322256326675 50.064581349492073 21.238874468952417 5.2370287328958494 7.8210290595889109 6.4801800884306457 2.5593461841344824 21.576802425086498 21.237519502639774 6.4758246466517431 1.8937798067927349 6.5614608339965326 14.584387645125387 8.3517553731799108 4.7992467209696761 2.7390155270695686 5.1367868781089774 4.3130749985575676 5.7389877289533615 2.3046222478151321 3.0759615302085868 6.1626041233539572 3.9309892654418945 4.8102593123912811 13.793753802776335 3.4694548249244681 9.0583592876791936 23.843656979501247 4.8275410681962958 4.4223534986376745 3.9542759619653225
leaf_count=41 23 42 25 93 17 9 93 42 10 24 82 16 22 13 25 381 135 7 22 31 3 50 62 43 14 28 18 41 14 19 9 29 15 15 8 34 15 15 21 3 75 33 5 9 22
internal_value=0 -0.00384763 -0.00594802 -0.00706896 -0.010675 0.00391562 -0.00487358 0.00606922 0.00199214 -0.00168818 0.00924274 0.0042491 0.00688953 0.00327895 -0.00440317 -0.0130045 -0.00747392 6.39868e-05 -0.000720201 0.00234815 -0.00672429 0.00752898 0.00542821 -0.00330227 -0.00854705 -0.0162647 0.00849778 0.0012609 0.0084839 -0.0039176 0.0034755 -0.00566846 0.00238623 -0.00335882 -0.0006108 -0.0041879 0.00959729 -0.00994209 0.0109134 0.00742413 -0.0109074 0.0113696 0.00917901 0.00780623 -0.00195767
internal_weight=0 264.314 208.036 191.337 122.018 56.278 19.2828 167.559 73.3527 25.125 94.2064 65.2979 16.6988 19.3215 11.7046 96.8927 35.9536 17.7278 69.3191 49.8003 18.0979 31.7025 62.1486 16.1096 19.5187 60.9391 36.9951 14.7147 46.039 7.53826 22.4108 10.8745 7.63277 10.1257 17.274 14.198 9.16802 11.2861 38.5007 24.707 15.5385 76.4785 52.6349 47.8074 8.37663
internal_count=1753 1294 1100 1053 735 194 102 459 245 104 214 203 47 62 49 631 193 63 318 196 109 87 187 68 122 438 92 58 119 33 74 57 29 37 65 57 22 58 86 65 106 151 118 113 31
is_linear=0
shrinkage=0.0119772


Tree=3
num_leaves=46
num_cat=0
split_feature=43 39 49 22 47 6 43 47 46 11 1 38 27 49 46 43 27 3 42 3 1 42 49 43 38 49 38 39 4 18 15 43 7 6 42 4 43 7 16 48 49 25 38 43 9
split_gain=59.9745 27.8832 24.2498 20.5086 16.944 21.6908 18.2928 16.3899 15.5892 15.5507 13.6902 12.8632 12.3896 11.7349 10.1953 12.5317 9.65667 11.7959 9.58815 9.43502 9.83488 9.0845 8.89822 8.69743 7.87571 7.63846 7.60045 9.11083 8.27347 7.27554 6.90973 6.57962 6.39183 6.44851 11.628 8.36261 6.11459 6.02595 7.50867 5.85607 12.3483 8.29269 5.83872 9.45127 5.65083
threshold=7.5000000000000009 4.5000000000000009 14.500000000000002 1.0000000180025095e-35 3.5000000000000004 1.5000000000000002 1.0000000180025095e-35 6.5000000000000009 7.5000000000000009 3.5000000000000004 2.5000000000000004 13.500000000000002 1.5000000000000002 6.5000000000000009 7.5000000000000009 4.5000000000000009 4.5000000000000009 18.500000000000004 135.00000000000003 68.500000000000014 9.5000000000000018 45.000000000000007 10.500000000000002 6.5000000000000009 35.000000000000007 2.5000000000000004 95.000000000000014 10.500000000000002 1.0000000180025095e-35 1.0000000180025095e-35 1.5000000000000002 8.5000000000000018 1.0000000180025095e-35 1.0000000180025095e-35 55.000000000000007 8.5000000000000018 6.5000000000000009 50.000000000000007 4.5000000000000009 5.5000000000000009 10.500000000000002 1.0000000180025095e-35 85.000000000000014 14.500000000000002 1.0000000180025095e-35
decision_type=2 2 2 2 2 2 2 2 2 2 2 2 2 2 2 2 2 2 2 2 2 2 2 2 2 2 2 2 2 2 2 2 2 2 2 2 2 2 2 2 2 2 2 2 2
left_child=1 10 3 7 6 14 -3 9 39 26 23 18 -10 -5 30 -16 17 -14 -4 -12 -21 37 25 32 -23 -17 27 44 -29 31 -6 -28 -1 -34 35 -35 -32 -8 -39 41 -41 -9 -13 -44 -2
right_child=2 4 11 13 5 -7 21 8 12 -11 19 42 16 -15 15 22 -18 -19 -20 20 -22 24 -24 -25 -26 -27 29 28 -30 -31 36 -33 33 34 -36 -37 -38 38 -40 40 -42 -43 43 -45 -46
leaf_value=-0.0035369070441928301 -0.014562276018735332 -0.013163373083111921 -0.012979049489665986 0.012044455355349709 0.014180605717784215 -0.01631278952487043 0.011441127127626771 -0.012733901274642488 -0.018229298021017772 0.01526610639326898 0.015918016377265948 0.01694270412888043 -0.018806808252333704 -0.012511127170929682 -0.016054628880768612 0.0075368286308126978 -0.018860575162368252 0.002947112212106908 0.01889537034843258 -0.012708711597567205 0.0103981575019042 0.012815377741142843 0.010824615296167973 -0.015594635365969219 -0.020310450044991567 -0.014833354421800407 0.016642180436264985 0.0077008969478264931 -0.013395179321449723 0.011661393103163597 -0.019718133079772236 -0.014005050442110919 0.010321898113860951 0.001739185886091516 -0.016943352066462407 0.016639347672935387 0.010215666312975692 -0.01976003304587692 0.012414150858845591 0.017996460288648451 -0.013866301224668353 0.012040010362102609 -0.022151423273472116 0.019925416101312557 0.0041298304024594869
leaf_weight=9.9190946295857412 20.941646911203865 7.0559882596135131 6.123205870389941 11.728510215878485 9.1395014449954015 17.121279634535313 32.1436552926898 8.8735980316996592 42.203507121652365 5.8599803000688544 35.638050932437181 11.538170613348482 4.8802590370178285 3.650459147989749 8.8423836529254931 3.4924682453274745 7.7731405794620505 13.268731549382208 1.7246769517660139 3.6243964508175841 9.6490653157234174 1.5950332283973683 7.8958556205034247 2.9158130139112464 2.8535863906145096 5.8236308023333549 1.2907334417104701 7.7039481177926046 4.0626096278429031 6.3225951790809631 1.9581235498189917 4.3804606311023235 34.971109263598919 21.460935853421692 3.7331517338752738 7.2138143330812445 1.9326445236802101 2.0975967347621909 2.040078803896904 4.7403140664100638 2.7446226179599762 2.4669967368245116 1.56294597685337 1.4774596169590948 2.6004886329174033
leaf_count=34 145 42 36 22 15 127 72 54 321 11 67 21 40 22 66 13 60 58 3 10 19 3 23 21 20 43 3 30 23 17 12 28 83 70 28 9 5 11 5 6 20 7 15 2 11
internal_value=0 0.0039968 -0.0052367 -0.00691608 -0.00061871 -0.0050763 0.00462356 -0.00835727 -0.0115602 -0.00311651 0.00771389 0.00640307 -0.0142258 0.00620816 -0.000149573 -0.00447605 -0.0077008 -0.00290958 -0.00595104 0.012708 0.00408014 0.00770886 0.00147766 0.00466672 -0.00842316 -0.00644464 -0.00539795 -0.0081956 0.00040777 0.00283526 0.00849473 -0.00700273 0.00543384 0.00675537 0.00290322 0.00549446 -0.00485553 0.00969002 -0.00389885 -0.00190918 0.0063047 -0.00733438 0.0130552 -0.00169566 -0.012495
internal_weight=0 233.117 177.919 155.493 103.992 56.2059 47.7859 140.114 86.9512 53.1625 129.125 22.4265 68.1256 15.379 39.0846 26.0543 25.9221 18.149 7.84788 48.9115 13.2735 40.73 17.212 80.2139 4.44862 9.3161 47.3025 35.3087 11.7666 11.9938 13.0303 5.67119 77.2981 67.379 32.4079 28.6748 3.89077 36.2813 4.13768 18.8255 7.48494 11.3406 14.5786 3.04041 23.5421
internal_count=1753 798 955 878 457 304 153 834 566 268 341 77 479 44 177 145 158 98 39 96 29 111 79 245 23 56 257 209 53 48 32 31 224 190 107 79 17 88 16 87 26 61 38 17 156
is_linear=0
shrinkage=0.0119772


Tree=4
num_leaves=46
num_cat=0
split_feature=47 39 1 7 21 43 43 42 35 49 42 38 43 38 49 5 46 0 7 3 16 2 12 46 43 3 47 49 7 5 39 43 14 42 3 46 31 3 48 7 19 38 42 46 4
split_gain=57.6199 25.1836 27.5879 20.6373 19.4938 15.2213 13.3926 13.1922 11.3925 11.6506 19.9074 10.9831 13.5231 11.9697 19.8792 8.40694 8.36515 9.48071 12.2604 9.10647 7.79333 7.74761 9.47219 7.69426 7.1578 6.99878 5.98398 5.94464 5.81414 8.69664 5.57387 7.6322 5.26758 5.08111 4.71986 8.72547 4.12181 3.90144 3.99277 3.72562 5.94834 4.67961 3.54935 6.84572 3.4692
threshold=3.5000000000000004 3.5000000000000004 2.5000000000000004 41.500000000000007 1.0000000180025095e-35 1.5000000000000002 6.5000000000000009 19.000000000000004 1.5000000000000002 10.500000000000002 10.500000000000002 6.5000000000000009 2.5000000000000004 35.000000000000007 12.500000000000002 1.0000000180025095e-35 10.500000000000002 4.5000000000000009 6.5000000000000009 19.500000000000004 1.0000000180025095e-35 6.5000000000000009 3.5000000000000004 14.500000000000002 16.500000000000004 6.5000000000000009 5.5000000000000009 4.5000000000000009 23.500000000000004 1.5000000000000002 6.5000000000000009 3.5000000000000004 1.0000000180025095e-35 45.000000000000007 61.500000000000007 95.000000000000014 5.5000000000000009 75.500000000000014 1.5000000000000002 1.0000000180025095e-35 1.5000000000000002 25.000000000000004 19.000000000000004 105.00000000000001 1.0000000180025095e-35
decision_type=2 2 2 2 2 2 2 2 2 2 2 2 2 2 2 2 2 2 2 2 2 2 2 2 2 2 2 2 2 2 2 2 2 2 2 2 2 2 2 2 2 2 2 2 2
left_child=11 2 6 4 5 42 32 20 9 10 -7 12 25 15 21 16 19 18 -18 44 -4 22 30 -11 26 -1 27 -8 29 -6 31 -15 39 -32 -9 -36 -5 38 -38 -2 -41 -42 -3 -44 -13
right_child=1 3 7 36 28 8 24 34 -10 23 -12 13 -14 14 -16 -17 17 -19 -20 -21 -22 -23 -24 -25 -26 -27 -28 -29 -30 -31 33 -33 -34 -35 35 -37 37 -39 -40 40 41 -43 43 -45 -46
leaf_value=-0.0073601877402923776 -0.012303448112636952 0.015767302202205478 -0.019741680530039659 -0.020014937655527795 0.014397913829802314 -0.0023227174679832274 0.014290611810565018 0.018109652236850574 0.012943183280705053 -0.0082931775511651349 -0.014541607089678053 0.016118150540218489 -0.01689803594238205 -0.0073395881897594922 0.014974026772002196 0.013372848275827087 -0.01344305882825826 0.018979980880713596 0.013460193867192896 -0.0062963919206209893 0.007587465262111211 -0.02158110663934824 0.021049210341642376 0.0016484821321705253 0.012661295885604206 0.0091843548303170847 -0.019888940104590427 -0.018958362870253133 0.019550558718562299 -0.016644777316103521 -0.0039483311156167699 0.0085365513745422599 -0.014109346720941418 -0.02093538615587346 -0.014940034101801029 0.018702550439080028 0.0066283835388838497 0.0036027192630257261 -0.017303929546949291 0.013960285617380035 0.006141119454336247 -0.012211697928091127 -0.011689672584322084 0.019102663593109758 0.0045273488029462985
leaf_weight=5.4647641554474893 1.7313174232840598 5.2185304239392263 2.6488881185650852 14.86726860329509 3.2654526829719526 30.789766326546669 1.6745660975575423 18.709969118237499 4.1521322801709166 18.787776235491037 50.542194824665785 15.389100879430776 6.2864046692848197 7.5732637494802537 13.032376721501349 44.179762911051512 8.6766913160681707 2.6684260442852965 3.3610005229711524 4.0646452084183684 3.4080138504505157 2.7464595809578887 2.633034721016883 27.489173982292414 1.4092445150017745 11.088744595646856 10.531142044812439 1.408613748848438 5.6196243464946747 2.1269497200846672 9.1376781091093999 10.149715159088371 2.5336215347051612 3.4867809936404219 1.9091544151306141 2.5924587771296501 1.1511893644928912 2.2888559475541106 7.2339136935770512 7.4208089113235465 5.3262973651289922 3.1674526482820511 2.4962429329752922 1.7513103187084196 4.9052069187164298
leaf_count=24 10 8 19 124 8 154 6 30 10 114 368 25 43 27 24 93 38 4 7 15 11 16 3 128 3 25 84 14 8 15 44 31 20 27 12 5 5 10 58 16 15 19 18 2 13
internal_value=0 -0.00364754 0.00276438 -0.00597302 -0.00430049 -0.00549765 -0.0043784 0.0113548 -0.00655189 -0.00718769 -0.00991739 0.00570637 -0.00196019 0.00703318 0.00231895 0.0097933 0.00574126 -0.00138941 -0.00592254 0.0100461 -0.00437499 -0.00230002 -0.000685795 -0.00238811 -0.0129356 0.00371909 -0.0155968 -0.00090421 0.0110387 0.00213721 -0.00258058 0.00175018 0.00199477 -0.00865875 0.015461 0.00442527 -0.0159339 -0.0102297 -0.0140093 0.00431728 0.00613576 -0.000706867 0.00916237 0.00101723 0.0133228
internal_weight=0 242.252 64.4715 177.78 152.239 141.227 35.2031 29.2685 131.761 127.609 81.332 154.844 22.8399 132.004 48.7593 83.2448 39.0651 14.7061 12.0377 24.359 6.0569 35.7269 32.9805 46.277 15.0236 16.5535 13.6143 3.08318 11.012 5.3924 30.3474 17.723 20.1795 12.6245 23.2116 4.50161 25.5412 10.674 8.3851 17.6459 15.9146 8.49375 9.46608 4.24755 20.2943
internal_count=1753 1294 264 1030 833 802 187 77 774 764 522 459 92 367 172 195 102 49 45 53 30 148 132 242 107 49 104 20 31 23 129 58 80 71 47 17 197 73 63 60 50 34 28 20 38
is_linear=0
shrinkage=0.0119772


Tree=5
num_leaves=46
num_cat=0
split_feature=47 39 38 7 21 48 1 43 43 49 38 43 35 28 48 42 39 43 15 39 2 12 3 17 31 14 16 12 42 43 42 46 47 43 38 39 2 31 7 5 3 46 15 4 4
split_gain=48.7007 24.4857 22.1321 19.0118 20.3173 14.9388 14.7411 12.7628 11.2809 10.3952 10.0304 11.2851 9.26606 10.2762 9.6522 8.86458 12.3454 8.72054 18.3564 12.3669 8.47384 7.13098 7.83493 11.8388 6.99799 6.22762 6.20384 6.01628 5.55397 7.15626 5.09086 5.18149 4.45476 7.71603 4.40728 5.95746 4.1966 3.95376 3.71051 7.24358 3.67005 3.70205 3.23109 3.22718 7.326
threshold=3.5000000000000004 3.5000000000000004 9.5000000000000018 41.500000000000007 1.0000000180025095e-35 7.5000000000000009 2.5000000000000004 8.5000000000000018 1.5000000000000002 11.500000000000002 6.5000000000000009 2.5000000000000004 1.5000000000000002 1.0000000180025095e-35 5.5000000000000009 45.000000000000007 7.5000000000000009 1.5000000000000002 2.5000000000000004 4.5000000000000009 1.5000000000000002 1.5000000000000002 15.500000000000002 1.0000000180025095e-35 1.5000000000000002 1.0000000180025095e-35 2.5000000000000004 1.0000000180025095e-35 85.000000000000014 2.5000000000000004 19.000000000000004 105.00000000000001 5.5000000000000009 4.5000000000000009 10.500000000000002 8.5000000000000018 5.5000000000000009 5.5000000000000009 23.500000000000004 1.5000000000000002 75.500000000000014 5.5000000000000009 1.5000000000000002 8.5000000000000018 1.0000000180025095e-35
decision_type=2 2 2 2 2 2 2 2 2 2 2 2 2 2 2 2 2 2 2 2 2 2 2 2 2 2 2 2 2 2 2 2 2 2 2 2 2 2 2 2 2 2 2 2 2
left_child=10 2 5 4 8 -2 7 9 30 32 11 25 13 14 -10 17 24 18 26 -20 -21 22 34 -24 28 -1 -12 -27 29 -17 -3 -32 -4 -34 42 -36 -23 -5 39 -6 41 -39 -19 44 -8
right_child=1 3 6 37 38 -7 43 -9 12 -11 15 -13 -14 -15 -16 16 -18 21 19 20 -22 36 23 -25 -26 27 -28 -29 -30 -31 31 -33 33 -35 35 -37 -38 40 -40 -41 -42 -43 -44 -45 -46
leaf_value=-0.0069074761392066489 -0.016161858932811263 0.015969939090484775 0.015640382632894956 -0.019811677883099572 0.014145980037652196 0.0073721140220099094 0.018524376187857475 -0.02034746473545071 -0.0092395452623023535 -0.014868791246640489 -0.012538637185708268 -0.016601653589159993 0.011479498003039762 -0.021280380614947369 -0.0023931632180424238 0.013351402951723447 -0.021612706213891525 0.018153157373832884 0.016785606242427871 0.011851467296565398 -0.016867761920213248 0.020434177433152883 -0.018999372215575318 0.0077062297817537895 -0.0087686341085602311 0.018576520371336159 0.011787735300051208 0.00015648851230780835 0.01515453121021049 -0.010213648125076479 -0.013720753177854386 0.013596513649056645 -0.0070153067006723828 0.015949387537657969 0.010339441059934595 -0.0030895385143246278 0.0077021534754361685 0.0073050972056278004 0.017950107076468293 -0.015161727696603627 0.0033644492697391796 -0.017016481351801858 0.0077513209797046862 0.019571951145834151 0.0011969332639647976
leaf_weight=5.8175751492381158 11.769563987851145 4.8238236084580404 6.916264206171042 13.761559110134842 3.5304361805319768 5.7502395883202544 7.4825646206736582 3.5486187152564517 63.163750760257244 3.3029133453965178 10.1222228333354 5.716334603726863 4.0714908242225638 6.6951628029346457 55.535933338105679 3.3491667807102257 3.2750700600445262 12.9210641682148 12.688288286328318 2.635977365076541 3.3101110011339188 13.051036067306997 3.5140385776758176 7.3195261210203171 4.9860760867595664 4.6833678930997831 1.7543647438287742 5.5585202127695084 7.1759234219789505 4.0947876796126366 2.3509856164455414 1.7087987661361692 4.9408684372901899 3.6290851831436157 19.886910371482376 6.2093413025140753 5.2325759008526793 1.0246974676847438 5.8608814030885696 1.824360519647598 2.2971373647451401 6.8052401058375835 6.4694877862930289 9.2266948744654638 6.5791002511978149
leaf_count=26 87 8 17 124 8 17 12 33 425 23 48 43 10 58 281 6 29 19 17 7 18 15 21 18 24 7 4 16 15 26 18 2 29 9 45 24 16 5 8 15 10 58 15 13 24
internal_value=0 -0.00338314 0.003002 -0.00570789 -0.0041221 -0.00843602 0.00739589 0.000441921 -0.00537939 0.00438102 0.00534431 -0.00216818 -0.00627554 -0.00685339 -0.00603721 0.00662275 -0.00013166 0.00809319 0.00269581 0.0101107 -0.00413236 0.0102993 0.00818508 -0.000964966 0.0034664 0.00297621 -0.0089338 0.00859518 0.00764536 0.000388783 0.00766747 -0.00220798 0.00849748 0.00271461 0.0103647 0.00714291 0.0168 -0.0156277 0.0113728 0.00414263 -0.00992144 -0.0138227 0.0146916 0.0140607 0.010428
internal_weight=0 236.6 63.1459 173.454 149.566 17.5198 45.6261 22.3377 138.35 18.7891 149.772 21.7758 129.466 125.395 118.7 127.996 22.881 105.115 30.511 18.6344 5.94609 74.604 56.3204 10.8336 19.606 16.0595 11.8766 10.2419 14.6199 7.44395 8.88361 4.05978 15.4862 8.56995 45.4868 26.0963 18.2836 23.8886 11.2157 5.3548 10.1271 7.82994 19.3906 23.2884 14.0617
internal_count=1753 1294 264 1030 833 104 160 111 802 78 459 92 774 764 706 367 100 267 94 42 25 173 142 39 71 49 52 23 47 32 28 20 55 38 103 69 31 197 31 23 73 63 34 49 36
is_linear=0
shrinkage=0.0119772


Tree=6
num_leaves=46
num_cat=0
split_feature=43 39 49 22 47 15 7 43 47 0 46 39 49 16 43 15 1 18 49 49 49 43 38 20 49 38 39 2 3 43 39 18 13 46 3 6 42 17 6 7 3 1 26 46 42
split_gain=47.6253 21.671 16.4317 19.398 15.7493 13.1315 13.0057 11.2171 16.8557 10.6088 10.1446 11.7437 9.19648 8.90003 8.8709 8.12331 8.50115 10.8436 9.77473 7.81695 12.745 9.90347 7.23396 7.14001 7.04945 7.0028 10.5337 6.70218 13.5055 8.08065 11.2389 7.96507 6.60832 6.58332 6.30057 12.4785 6.03205 5.36529 17.0209 5.80729 5.31568 5.31232 5.09234 5.93965 4.83414
threshold=7.5000000000000009 4.5000000000000009 14.500000000000002 1.0000000180025095e-35 8.5000000000000018 2.5000000000000004 48.500000000000007 1.0000000180025095e-35 3.5000000000000004 3.5000000000000004 5.5000000000000009 15.500000000000002 6.5000000000000009 4.5000000000000009 6.5000000000000009 7.5000000000000009 4.5000000000000009 1.0000000180025095e-35 12.500000000000002 8.5000000000000018 11.500000000000002 10.500000000000002 9.5000000000000018 1.5000000000000002 10.500000000000002 95.000000000000014 4.5000000000000009 3.5000000000000004 46.500000000000007 16.500000000000004 5.5000000000000009 4.5000000000000009 1.0000000180025095e-35 4.5000000000000009 10.500000000000002 4.5000000000000009 12.500000000000002 2.5000000000000004 3.5000000000000004 1.0000000180025095e-35 61.500000000000007 12.000000000000002 1.0000000180025095e-35 7.5000000000000009 8.5000000000000018
decision_type=2 2 2 2 2 2 2 2 2 2 2 2 2 2 2 2 2 2 2 2 2 2 2 2 2 2 2 2 2 2 2 2 2 2 2 2 2 2 2 2 2 2 2 2 2
left_child=1 9 3 4 15 -4 7 -3 34 14 -10 24 -5 -8 37 19 17 32 -18 25 21 -21 -11 33 -12 -2 -27 29 42 44 -31 -30 -17 -7 -9 36 -36 38 39 -1 -24 -42 43 -29 -6
right_child=2 6 5 12 27 23 13 8 10 22 11 -13 -14 -15 -16 16 18 -19 -20 20 -22 -23 40 -25 -26 26 -28 28 31 30 -32 -33 -34 -35 35 -37 -38 -39 -40 -41 41 -43 -44 -45 -46
leaf_value=-0.0031071089113485122 -0.015023773643751615 -0.013703701939870545 0.012967077477198838 0.013207403749495961 -0.0060146494167495198 0.007364018228008147 -0.019095293060165344 0.012512846905553222 0.0093451735452387986 -0.00083636618439418835 -0.013052151564074048 0.010716531642792401 -0.010163925133368758 0.0052923636666803086 -0.013829326209522014 -0.020218735966280904 -0.014459241653207647 0.014542985392649555 0.013447428555366021 -0.014134794894693187 -0.017911401644559392 0.011257203965466886 0.01908547896143321 0.018789414942347881 -0.0010367902759736258 0.019020007896259628 -0.01548964042122113 0.016107244344376437 -0.019812088229935607 0.013616600868946961 -0.018233020194696338 0.015711808213239292 0.0031376145924511068 -0.021031393645458928 0.0019357933946824136 0.021786270293619119 -0.018027935850243385 0.014624832709877742 -0.01494256571839836 0.0077092781297754664 -0.0040346527818512553 0.014999354388448334 0.017663996246754583 -0.012541428049210187 -0.01830634675446061
leaf_weight=8.0859616808593255 18.559513173997406 6.7473891526460639 12.243418715894224 9.9726391062140447 5.3588490560650817 1.6161824017763127 8.1689297370612604 21.829731769859791 8.2270803675055486 4.5877405852079418 18.109572194516662 5.4454571679234496 3.1740482263267031 2.9013355560600749 3.4414201378822318 2.5144460126757675 7.440119054168461 9.8820580840110761 2.3621053211390972 2.8548856154084232 4.6191791594028464 9.5037903264164907 18.406276151537899 1.2057812586426733 11.432399973273276 2.3988207727670661 2.6653645187616348 1.6156256496906305 7.7665171995758993 3.2322071790695182 3.1025968790054321 1.0142615512013433 5.5506357327103615 4.1779789626598358 6.1907731220126134 3.3482562005519858 3.3276374116539955 8.7510504722595197 5.8102433681488028 59.010452374815941 3.375008709728716 5.5412565618753433 3.1667819544672966 2.8516755625605583 33.019599121063948
leaf_count=35 136 44 30 22 33 4 63 48 24 19 140 18 22 14 24 19 55 24 6 22 38 28 25 2 62 5 22 3 67 6 27 3 25 41 18 4 22 17 32 166 13 10 6 22 287
internal_value=0 0.00372507 -0.00489562 -0.00629743 -0.00770509 0.00548975 -0.000500955 0.00109573 0.00237984 0.00718247 -0.00261119 -0.00542594 0.00755794 -0.0127019 0.00497215 -0.00375299 0.00124029 0.00613931 -0.00772241 -0.00716585 -0.000963069 0.00538052 0.0130717 -0.00758366 -0.00840589 -0.0116194 0.000856966 -0.0121219 -0.00556733 -0.0145253 -0.00198228 -0.0156884 -0.00416003 -0.0131064 0.00859586 0.00194196 -0.00505449 0.00576693 0.00470093 0.00640493 0.0154076 0.00779522 0.00607625 -0.00215693 -0.0165934
internal_weight=0 212.738 161.869 142.626 129.479 19.2434 95.7286 84.6583 77.9109 117.009 43.2145 34.9874 13.1467 11.0703 85.0991 68.3509 27.7494 17.9471 9.80222 40.6016 16.9779 12.3587 31.9103 6.99994 29.542 23.6237 5.06419 61.1281 16.4149 44.7133 6.3348 8.78078 8.06508 5.79416 34.6964 12.8667 9.51841 81.6577 72.9067 67.0964 27.3225 8.91627 7.63408 4.4673 38.3784
internal_count=1753 798 955 878 834 77 457 380 336 341 244 220 44 77 274 380 129 68 61 251 88 50 67 47 202 163 27 454 101 353 33 70 44 45 92 44 40 250 233 201 48 23 31 25 320
is_linear=0
shrinkage=0.0119772


Tree=7
num_leaves=46
num_cat=0
split_feature=43 39 49 22 47 46 7 38 11 38 43 47 0 46 39 49 16 27 43 42 38 19 46 42 48 23 17 19 38 39 4 39 49 9 42 15 38 31 18 7 19 27 3 1 49
split_gain=45.9682 18.3062 14.1401 16.7588 15.4595 14.1246 12.0193 10.6346 10.3751 10.3125 10.0433 14.369 9.10356 9.03785 12.5866 9.4917 8.4199 8.33795 8.32454 7.76962 9.38664 7.74816 7.25688 6.78254 6.44777 6.33935 6.1868 7.20694 6.16841 10.8283 8.17992 7.27529 10.5552 6.44915 6.16296 9.01346 6.36384 5.81744 14.1125 5.58563 5.56602 5.3509 5.18846 5.7006 4.17814
threshold=7.5000000000000009 4.5000000000000009 14.500000000000002 1.0000000180025095e-35 6.5000000000000009 7.5000000000000009 48.500000000000007 13.500000000000002 3.5000000000000004 9.5000000000000018 1.0000000180025095e-35 3.5000000000000004 3.5000000000000004 4.5000000000000009 15.500000000000002 10.500000000000002 4.5000000000000009 1.5000000000000002 2.5000000000000004 19.000000000000004 75.000000000000014 14.500000000000002 11.500000000000002 135.00000000000003 2.5000000000000004 1.0000000180025095e-35 1.5000000000000002 2.5000000000000004 65.000000000000014 10.500000000000002 1.0000000180025095e-35 4.5000000000000009 8.5000000000000018 1.0000000180025095e-35 35.000000000000007 1.5000000000000002 7.5000000000000009 5.5000000000000009 1.0000000180025095e-35 3.5000000000000004 1.0000000180025095e-35 1.5000000000000002 61.500000000000007 12.000000000000002 9.5000000000000018
decision_type=2 2 2 2 2 2 2 2 2 2 2 2 2 2 2 2 2 2 2 2 2 2 2 2 2 2 2 2 2 2 2 2 2 2 2 2 2 2 2 2 2 2 2 2 2
left_child=1 9 3 4 8 44 10 23 28 18 -3 34 19 -13 15 -15 -8 -7 26 24 37 41 -19 -4 -11 -24 27 40 29 33 -31 -30 -33 -2 36 -36 -12 38 -21 -9 -1 -5 -14 -44 -6
right_child=2 6 7 21 5 17 16 39 -10 12 11 13 42 14 -16 -17 -18 22 -20 20 -22 -23 25 -25 -26 -27 -28 -29 31 30 -32 32 -34 -35 35 -37 -38 -39 -40 -41 -42 -43 43 -45 -46
leaf_value=-0.007708085768462959 -0.016523349149716409 -0.012882432278694143 -0.015813808865522493 -0.0038744997817209536 0.0017830506166190293 -0.017258876661071107 -0.018901391476258758 0.016655654797527033 0.013841700776325292 -5.42206398112918e-06 -0.0030920529069004173 0.011133820111068215 0.018367738925566472 -0.012836393067127349 0.011520824776992556 0.00064359199313840062 0.0046919052801326668 -0.020649198153267753 -0.013613456413697605 0.0059370376197802454 -0.020152688300585517 -0.013337157638859079 0.00016460654043881114 0.015007664694617144 0.014210279801890944 -0.015390558780887766 0.017001170872022339 -0.014568897140455448 0.011082021164523703 0.0085564325552856344 -0.014036737324850375 -0.019526161284542789 0.0066284508066961562 0.0060948750126601971 0.0090933481170314932 -0.021118893016139888 0.013110825773990987 0.01715398663961229 -0.016065867401940912 0.00013202210444742342 0.012042900650784606 0.015341344320505372 -0.0066967259931777195 0.01414675619785055 -0.013687777402041267
leaf_weight=3.0859731212258392 14.551755711436277 6.5897167883813372 4.4124432802200344 2.7525233700871459 13.291669979691507 36.481647901237011 7.6278827488422376 8.4061636179685575 5.0877382010221472 5.7997434213757542 4.0654627457261112 6.3597180321812621 17.546640269458297 18.490612726658586 6.0240047648549071 12.583725824952124 3.0217532552778721 5.0947637110948589 5.2636578530073157 27.691505558788776 2.3683606758713713 2.3370255827903739 12.630592569708826 1.320843882858753 21.613946177065372 5.3354034312069407 3.8208505362272254 3.6397356465458861 6.7994563654065123 7.5308677628636342 3.293641209602356 4.0737702436745149 4.8172702267765999 2.0559284016489974 3.6147042214870444 2.3115235716104507 23.723367400467396 4.4831261336803427 4.9123539626598349 4.5119415260851374 6.017898753285408 8.3945451602339727 2.8917593806982023 5.3390607833862305 3.0719487220048896
leaf_count=16 121 44 36 16 63 321 63 16 11 15 15 16 25 145 18 65 14 47 33 94 17 12 67 3 42 44 7 18 23 25 22 38 20 8 11 19 47 8 29 22 14 16 13 10 24
internal_value=0 0.00367537 -0.00491336 -0.00623997 -0.00761784 -0.0109863 -0.000228608 0.00486953 -0.00231207 0.00689513 0.00129541 0.00250837 0.00863986 -0.00204306 -0.00430585 -0.00737845 -0.0122062 -0.0136944 -0.000509332 0.00630589 0.00290011 0.00643563 -0.00804771 -0.00869006 0.0112029 -0.00446046 0.00365984 -0.000350327 -0.00422218 -0.00764712 0.00167051 0.00176495 -0.00536209 -0.0137189 0.00837465 -0.00270491 0.0107388 0.00437946 0.00261599 0.0108927 0.00534276 0.0105944 0.0146871 0.00682062 -0.00112747
internal_weight=0 208.887 156.252 137.601 124.116 75.906 94.4125 18.6514 48.2104 114.475 83.7628 77.1731 92.6465 43.4581 37.0983 31.0743 10.6496 59.5424 21.8281 66.869 39.4553 13.4841 23.0608 5.73329 27.4137 17.966 16.5645 12.7436 43.1227 27.4322 10.8245 15.6905 8.89104 16.6077 33.7151 5.92623 27.7888 37.087 32.6039 12.9181 9.10387 11.1471 25.7775 8.23082 16.3636
internal_count=1753 798 955 878 834 566 457 77 268 341 380 336 253 244 228 210 77 479 88 205 148 44 158 39 57 111 55 48 257 176 47 81 58 129 92 30 62 131 123 38 30 32 48 23 87
is_linear=0
shrinkage=0.0119772


Tree=8
num_leaves=46
num_cat=0
split_feature=43 39 42 49 22 47 46 15 38 11 43 43 49 47 19 27 49 46 27 35 46 0 39 3 47 38 43 1 2 38 19 5 21 7 43 19 3 1 48 24 3 39 46 47 49
split_gain=41.7889 17.894 16.4461 14.0349 14.7444 14.2471 13.2848 9.83434 9.65429 9.3602 9.35771 9.08932 8.78986 8.63547 10.5924 8.38105 7.47172 7.18717 6.03479 5.96573 7.03431 5.90633 5.80282 5.75757 7.19171 5.54397 6.92937 6.62309 5.52308 5.2653 8.96543 5.95993 4.56854 4.44594 11.0117 8.60039 4.38011 5.01934 4.34234 4.25699 6.75957 6.76423 4.19134 4.14652 6.63349
threshold=7.5000000000000009 5.5000000000000009 45.000000000000007 14.500000000000002 1.0000000180025095e-35 6.5000000000000009 7.5000000000000009 2.5000000000000004 9.5000000000000018 3.5000000000000004 1.0000000180025095e-35 2.5000000000000004 15.500000000000002 3.5000000000000004 2.5000000000000004 1.5000000000000002 6.5000000000000009 11.500000000000002 4.5000000000000009 1.5000000000000002 4.5000000000000009 3.5000000000000004 15.500000000000002 1.5000000000000002 16.500000000000004 95.000000000000014 10.500000000000002 4.5000000000000009 13.500000000000002 35.000000000000007 1.5000000000000002 9.5000000000000018 1.0000000180025095e-35 5.5000000000000009 3.5000000000000004 1.0000000180025095e-35 61.500000000000007 12.000000000000002 7.5000000000000009 1.0000000180025095e-35 8.5000000000000018 15.500000000000002 4.5000000000000009 7.5000000000000009 10.500000000000002
decision_type=2 2 2 2 2 2 2 2 2 2 2 2 2 2 2 2 2 2 2 2 2 2 2 2 2 2 2 2 2 2 2 2 2 2 2 2 2 2 2 2 2 2 2 2 2
left_child=1 8 10 4 5 9 39 -5 11 25 -3 38 21 -12 23 43 32 -17 -19 20 -9 29 28 -15 -25 26 -2 -28 -4 33 -31 -32 -6 35 -35 -10 -23 -38 -1 40 41 -7 -16 44 -8
right_child=3 2 22 7 16 6 15 19 12 -11 13 -13 -14 14 42 17 -18 18 -20 -21 -22 36 -24 24 -26 -27 27 -29 -30 30 31 -33 -34 34 -36 -37 37 -39 -40 -41 -42 -43 -44 -45 -46
leaf_value=-0.00021115433653061272 -0.013717177287719514 -0.011717533618933204 -0.016149312845425642 0.011688983689741592 0.0037190999240397809 -0.01167078236474876 -0.017734653968663083 0.0099918565411703485 0.0083737140999232441 0.013330262074967078 0.0084584046380258553 -0.013944128655278231 -0.013180044306789773 0.011501409334459574 0.0056814806404741382 -0.02064692860623224 -0.010038630687627561 -0.00033827742864068892 -0.016539291381680095 0.018005158097059097 -0.020471084409872265 0.016693507835468521 0.011321076370171646 -0.006954150026757578 0.020962538776780035 0.0036492235172842337 0.00031796844741380182 -0.020753663567210371 0.011332153641954569 0.0097651041338446976 -0.0075748396252001537 0.01470539639427949 0.020003910397111822 0.015626496645629453 -0.001392571616383335 -0.012292261688027731 -0.0056307436318360623 0.013405121787854935 0.012528844618678753 -0.019723038284769148 0.0093433132699209682 0.01847082129589336 -0.01500259703706878 -0.01861553300703591 0.010700530902155777
leaf_weight=13.280817419290548 11.911301873624323 6.500985285267233 13.572272252291443 11.7255981490016 5.4976617842912656 6.5721421465277672 3.0306407883763304 1.5001034885644902 14.724136274307968 4.9647452235221854 25.802052862942219 5.5755007043480864 2.7641830220818511 8.3593757301569038 1.6996460780501346 4.8157912734895971 3.1563475690782061 13.855736657977106 4.3182926177978507 1.1468027383089063 3.8691516518592834 17.775432378053669 1.4092616066336621 7.7299196794629079 1.584133446216583 10.218405097723005 17.848997652530674 2.4182933866977683 1.1267451345920552 12.325544416904451 11.709622319787739 2.0062973350286475 4.4967278838157654 24.053426764905456 7.0446599274873725 3.5804473757743827 3.1906327567994577 5.2226332649588585 5.3821967020630828 1.580898396670819 7.0837116185575724 1.2625384181737898 7.8927666768431664 30.34225282818079 1.9069710299372671
leaf_count=48 95 46 117 30 16 47 28 4 43 11 72 39 14 24 5 47 22 74 37 2 41 29 5 49 2 48 92 22 4 38 64 4 6 45 28 14 17 10 12 11 26 3 69 287 6
internal_value=0 0.00354791 -0.00107288 -0.00472155 -0.00605146 -0.00734911 -0.0106046 0.00513667 0.00626645 -0.00220751 0.00183064 -0.000541727 0.00784734 0.00349333 -0.00120568 -0.0132907 0.00599276 -0.00765471 -0.00419833 -0.00664883 -0.0119504 0.00842112 -0.0118054 0.00429244 -0.00218075 -0.00403119 -0.00647164 -0.00220588 -0.0140326 0.0067171 0.00235574 -0.00430293 0.0110652 0.00901423 0.0117711 0.00432391 0.0133232 0.00618436 0.00346704 -0.00111362 0.000871023 -0.00678758 -0.0113315 -0.0169583 -0.00674653
internal_weight=0 204.313 75.6772 153.523 135.281 122.131 74.769 18.2417 128.636 47.3617 59.5689 24.2385 104.397 53.0679 27.2658 58.2697 13.1507 22.9898 18.174 6.51606 5.36926 101.633 16.1083 17.6734 9.31405 42.397 32.1786 20.2673 14.699 75.4441 26.0415 13.7159 9.99439 49.4027 31.0981 18.3046 26.1887 8.41327 18.663 16.4993 14.9184 7.83468 9.59241 35.2799 4.93761
internal_count=1753 798 393 955 878 834 566 77 405 268 267 99 306 221 149 479 44 158 111 47 45 292 126 75 51 257 209 114 121 236 106 68 22 130 73 57 56 27 60 87 76 50 74 321 34
is_linear=0
shrinkage=0.0119772


Tree=9
num_leaves=46
num_cat=0
split_feature=47 39 1 7 21 43 43 38 14 49 42 35 6 38 49 42 43 46 48 42 0 43 12 15 5 3 42 16 43 49 4 31 7 5 3 42 27 11 7 16 3 42 46 7 28
split_gain=40.2382 18.1198 15.0429 12.8679 14.8845 12.7498 9.51253 8.79857 9.16579 8.01187 11.701 11.746 7.21713 6.90954 13.2801 6.75693 13.5675 9.9666 6.62507 6.60057 8.52049 6.44448 5.54673 5.43538 5.38878 6.85455 5.24422 5.15492 6.45539 8.74315 5.59755 4.8805 3.97849 6.13993 3.61729 4.20673 3.51451 3.45562 3.44067 3.31666 3.75014 3.31146 4.46411 3.13764 2.95936
threshold=3.5000000000000004 3.5000000000000004 2.5000000000000004 41.500000000000007 1.0000000180025095e-35 8.5000000000000018 1.5000000000000002 6.5000000000000009 1.0000000180025095e-35 10.500000000000002 10.500000000000002 1.5000000000000002 1.5000000000000002 35.000000000000007 12.500000000000002 45.000000000000007 1.5000000000000002 95.000000000000014 1.5000000000000002 19.000000000000004 18.000000000000004 16.500000000000004 1.0000000180025095e-35 22.500000000000004 3.5000000000000004 14.500000000000002 55.000000000000007 1.5000000000000002 6.5000000000000009 9.5000000000000018 1.0000000180025095e-35 5.5000000000000009 23.500000000000004 1.5000000000000002 75.500000000000014 3.5000000000000004 1.0000000180025095e-35 2.5000000000000004 22.500000000000004 1.0000000180025095e-35 5.5000000000000009 19.000000000000004 105.00000000000001 5.5000000000000009 1.0000000180025095e-35
decision_type=2 2 2 2 2 2 2 2 2 2 2 2 2 2 2 2 2 2 2 2 2 2 2 2 2 2 2 2 2 2 2 2 2 2 2 2 2 2 2 2 2 2 2 2 2
left_child=7 2 5 4 6 18 41 8 -1 10 12 -12 -8 27 15 16 39 -17 -2 20 -4 -7 -10 -24 25 -11 36 28 37 30 -30 -5 33 -6 35 -33 -20 38 43 40 -15 -3 -43 -9 -18
right_child=1 3 19 31 32 21 9 13 22 24 11 -13 -14 14 -16 17 44 -19 26 -21 -22 -23 23 -25 -26 -27 -28 -29 29 -31 -32 34 -34 -35 -36 -37 -38 -39 -40 -41 -42 42 -44 -45 -46
leaf_value=-0.011187699412486072 0.013538204143587572 0.014594644830045482 -0.012714584900422177 -0.018844256531418951 0.012867057022148262 -0.018478192637398302 0.00037072436443335113 0.0060284119808747105 0.015376947372008298 4.9644970982569116e-05 -0.013398693488818086 0.011895970673599382 -0.016694678547195165 -0.010337510320429327 0.013487163936957881 -0.016462010076696971 0.0072351719044546703 0.01467000748335949 0.005886314979752799 0.012595632896674798 0.017638034071910957 0.011100080068489985 -0.013125070315014848 0.008812307845920327 0.0084640177194756916 -0.011063602030156066 -0.012687389037789595 0.015288404474820119 0.011765302440879439 -0.017530567087698446 -0.0081289813285936145 0.010585086251315885 0.017510394109978487 -0.015275533926602391 0.0049014984702656691 -0.015418765203492821 -0.009066568519573704 0.020398161114751519 -0.0027462042451402496 -0.017508602718598429 0.0057292098724428392 -0.011595022378804143 0.015721937004237269 0.012863238291177186 0.020464422208871222
leaf_weight=9.0052374005317706 5.3594349324703279 4.3769092932343474 3.7247708737850216 12.239160347729923 2.9394965395331365 8.1915039159357512 24.07902301102877 20.46905242651701 4.4605415463447553 24.751743640750647 44.352771949023008 2.7889659702777854 4.1575105339288703 4.627724654972555 11.766158580780028 7.2308360263705236 7.9301415830850583 1.8409196883440015 9.4370027855038661 19.979671761393547 2.0442315638065338 1.2030009999871261 3.173469603061676 3.2835378646850586 6.2968984097242346 11.720378573983906 4.560238540172576 13.590418338775633 6.2851048186421377 3.2134297341108313 2.9806301444768906 1.0292852371931056 5.1388838589191437 1.7715251073241232 2.5065027326345444 6.2807311452925205 2.9484173506498328 3.6159229874610892 3.7456849813461295 3.1619351878762236 3.7694866359233856 2.1837940178811555 1.395891025662422 18.31148698925972 3.5077384859323502
leaf_count=57 14 8 26 124 8 81 120 57 10 130 368 8 35 25 24 57 25 5 33 47 4 3 18 7 22 91 36 27 17 22 18 4 8 15 10 59 20 5 14 17 14 18 2 35 5
internal_value=0 -0.0032195 0.00254012 -0.0053138 -0.00393601 -0.00298251 -0.00504401 0.00510146 -0.00224942 -0.00589798 -0.0082472 -0.0118988 -0.00214705 0.00636385 0.00261063 -0.00138266 0.00206982 -0.0101292 0.00194707 0.00933858 -0.00193852 -0.0146773 0.00512453 -0.00196873 -0.00175563 -0.00352326 -0.00172417 0.00864086 0.00709623 -0.000543579 0.00535969 -0.0137981 0.0102342 0.00226483 -0.00748725 -0.0117409 0.00231844 0.00916274 0.00820091 -0.00707595 -0.00312341 0.00762174 -0.000915832 0.00925967 0.0113131
internal_weight=0 215.458 57.4483 158.009 135.954 31.6996 126.104 135.969 19.9228 118.147 75.3783 47.1417 28.2365 116.047 43.8349 32.0688 22.997 9.07176 22.3051 25.7487 5.769 9.3945 10.9175 6.45701 42.769 36.4721 16.9457 72.2117 58.6213 12.4792 9.26573 22.0557 9.84991 4.71102 9.81652 7.31002 12.3854 46.1421 42.5262 11.5591 8.39721 7.95659 3.57969 38.7805 11.4379
internal_count=1753 1294 264 1030 833 187 802 459 92 774 531 376 155 367 172 148 86 62 103 77 30 84 35 25 243 221 89 195 168 57 35 197 31 23 73 63 53 111 106 56 39 28 20 92 30
is_linear=0
shrinkage=0.0119772


Tree=10
num_leaves=46
num_cat=0
split_feature=47 43 22 49 46 7 38 39 46 48 46 38 14 19 7 6 17 11 3 7 7 0 3 31 48 12 19 8 27 1 43 42 49 15 48 15 15 42 34 43 19 16 1 0 15
split_gain=37.5877 18.1883 9.87807 14.8609 9.29168 10.4484 13.1819 9.07753 9.18353 8.45729 8.22099 8.03703 8.14733 7.30804 7.83571 6.56837 7.91715 6.61268 9.03038 6.15142 7.24624 6.0694 9.52739 5.38696 5.70877 4.96291 4.7352 8.55464 6.7788 6.71862 8.83988 4.86935 4.65071 4.63921 4.62719 4.6512 4.25423 4.20379 5.65206 4.01462 3.65029 3.60649 3.3049 3.17182 2.99714
threshold=3.5000000000000004 3.5000000000000004 1.0000000180025095e-35 10.500000000000002 4.5000000000000009 2.5000000000000004 9.5000000000000018 4.5000000000000009 7.5000000000000009 2.5000000000000004 14.500000000000002 6.5000000000000009 1.0000000180025095e-35 20.500000000000004 34.500000000000007 7.5000000000000009 2.5000000000000004 2.5000000000000004 54.000000000000007 5.5000000000000009 3.5000000000000004 3.5000000000000004 24.500000000000004 1.5000000000000002 4.5000000000000009 1.0000000180025095e-35 6.5000000000000009 1.0000000180025095e-35 4.5000000000000009 1.0000000180025095e-35 16.500000000000004 15.500000000000002 8.5000000000000018 16.500000000000004 7.5000000000000009 9.5000000000000018 12.500000000000002 15.500000000000002 1.0000000180025095e-35 5.5000000000000009 1.0000000180025095e-35 4.5000000000000009 1.0000000180025095e-35 16.500000000000004 26.500000000000004
decision_type=2 2 2 2 2 2 2 2 2 2 2 2 2 2 2 2 2 2 2 2 2 2 2 2 2 2 2 2 2 2 2 2 2 2 2 2 2 2 2 2 2 2 2 2 2
left_child=11 7 3 4 23 6 -6 13 -9 -8 37 12 -1 14 34 17 -17 18 19 20 40 -7 -23 24 -3 -14 28 -28 29 30 -5 -31 36 -27 35 42 -21 38 -4 -34 -13 43 -2 -29 -10
right_child=1 2 10 26 5 21 9 8 44 -11 -12 15 25 -15 -16 16 -18 -19 -20 32 -22 22 -24 -25 -26 33 27 41 -30 31 -32 -33 39 -35 -36 -37 -38 -39 -40 -41 -42 -43 -44 -45 -46
leaf_value=-0.010654937163442334 -0.00031328909061672128 -0.012007994918576625 -0.007406020670435688 -0.0088474692725164592 -0.019077015672903742 -0.015899761044467036 0.0074054360609224577 0.011742075718953247 -0.012115100606337954 -0.0066124143881985589 -0.014409531574650034 0.0067986571539614907 0.014707358155261729 0.018393977491425701 -0.016382497980954459 -0.018362061235465448 0.0055636599235516235 0.01658586275367718 -0.012358310332064476 0.0028302732823007461 -0.017717610828144943 0.0079165910774827864 -0.012362092948606969 0.013769539101164156 0.0095081550949180655 -0.016064757575102735 -0.015521360894897814 -0.0195175156583367 -0.018335242404837134 0.00028318524700378622 0.014973298274659376 0.010675058611871459 0.016004229426709926 0.0055423452926499986 0.014912803633915487 -0.012807678192004903 0.013906153466942418 0.0217229609449043 0.014443297001265355 0.0052610178174128386 -0.001363652544403121 0.015614129632425713 0.012077598133089116 0.0086783617857135852 0.0049359173446907002
leaf_weight=8.7948220446705836 6.3527650982141584 4.7686969041824323 3.0083253979682905 11.779641561210154 6.9507053755223778 36.876059290021658 11.011191546916963 3.9362417161464682 9.5351996943354589 14.021605856716631 2.4289365783333769 28.72798814624548 4.3629023432731611 6.6923904865980139 2.3696674332022658 3.3171034753322584 4.8962957113981247 9.4061603769659978 3.6591683551669112 17.987713299691681 2.197460711002349 4.3913826458156136 13.543537490069864 3.5722537636756897 2.7949905768036842 2.1614719703793526 7.3449279218912107 1.1378261446952822 2.4359241724014273 12.125723928213121 2.7447675913572303 13.869846910238264 18.948717005550865 4.1262919083237648 6.5198842361569396 2.2994828745722762 6.8752575516700736 3.0776749849319458 3.8668758869171143 6.8082436919212332 10.804532051086424 2.3524360209703445 5.9853552356362343 1.1266017034649847 1.7396925538778294
leaf_count=57 27 36 14 91 60 339 44 9 83 103 22 89 10 10 12 19 17 17 25 63 16 17 118 10 8 14 68 11 25 59 7 45 34 11 13 15 18 3 8 24 45 7 15 5 10
internal_value=0 -0.00314785 -0.00499326 -0.00582691 -0.00862335 -0.00994472 -0.0045006 0.00356265 -0.00397993 -0.000444413 0.00529056 0.00498297 -0.00212987 0.00736042 0.00421236 0.0062006 -0.00410823 0.00700452 0.00606343 0.00679529 0.003388 -0.0131191 -0.00739291 0.00167215 -0.00405018 0.00491082 -0.000838792 -0.00749967 0.0010169 0.00218641 -0.0043346 0.00583149 0.00960199 -0.00189707 0.00652891 0.00278272 0.00589984 0.0101137 0.0048819 0.0131697 0.00456726 0.00526216 0.00570108 -0.00550405 -0.00947863
internal_weight=0 210.661 165.23 152.848 97.9304 86.7945 31.9835 45.4307 15.2111 25.0328 12.3818 133.074 19.4455 30.2195 23.5272 113.629 8.2134 105.415 96.0091 92.3499 41.73 54.811 17.9349 11.1359 7.56369 10.6507 54.9177 11.9618 42.9559 40.52 14.5244 25.9956 50.6199 6.28776 21.1575 14.6376 24.863 9.95288 6.8752 25.757 39.5325 4.61686 12.3381 2.26443 11.2749
internal_count=1753 1294 1100 1053 735 681 207 194 102 147 47 459 92 92 82 367 36 331 314 289 150 474 135 54 44 35 318 91 227 202 98 104 139 25 70 57 81 25 22 58 134 23 42 16 93
is_linear=0
shrinkage=0.0119772


Tree=11
num_leaves=46
num_cat=0
split_feature=43 39 49 2 7 15 15 18 47 22 48 25 0 43 0 39 39 39 42 39 19 47 19 49 49 1 7 49 7 7 16 46 42 49 46 14 47 7 47 14 2 11 1 4 6
split_gain=37.425 17.4626 13.85 13.4718 10.6457 9.05166 8.48752 8.07879 8.05649 10.548 8.24262 7.69565 7.34133 7.99325 7.09371 7.64278 12.965 7.00893 9.76114 9.51637 6.802 6.56321 7.26879 6.31081 6.09124 5.83808 7.17478 5.66054 5.47676 5.39997 5.20282 4.66818 4.66492 7.18184 4.62892 4.51406 4.31183 4.13093 3.91137 3.84084 4.21417 3.58025 5.6731 3.50898 10.7201
threshold=7.5000000000000009 4.5000000000000009 14.500000000000002 1.0000000180025095e-35 40.500000000000007 2.5000000000000004 1.5000000000000002 2.5000000000000004 3.5000000000000004 1.0000000180025095e-35 5.5000000000000009 1.0000000180025095e-35 3.5000000000000004 6.5000000000000009 3.5000000000000004 8.5000000000000018 15.500000000000002 11.500000000000002 145.00000000000003 4.5000000000000009 1.0000000180025095e-35 6.5000000000000009 1.0000000180025095e-35 6.5000000000000009 8.5000000000000018 1.5000000000000002 5.5000000000000009 11.500000000000002 1.0000000180025095e-35 1.0000000180025095e-35 1.0000000180025095e-35 3.5000000000000004 19.000000000000004 12.500000000000002 7.5000000000000009 1.0000000180025095e-35 9.5000000000000018 1.0000000180025095e-35 3.5000000000000004 1.5000000000000002 3.5000000000000004 3.5000000000000004 4.5000000000000009 8.5000000000000018 3.5000000000000004
decision_type=2 2 2 2 2 2 2 2 2 2 2 2 2 2 2 2 2 2 2 2 2 2 2 2 2 2 2 2 2 2 2 2 2 2 2 2 2 2 2 2 2 2 2 2 2
left_child=1 12 3 21 6 -4 14 24 20 10 11 29 13 28 15 32 37 19 -19 -12 -5 22 -2 -11 -8 26 -26 -27 -1 -10 -7 -13 33 -3 36 -6 -23 -17 -34 40 -37 42 -22 44 -30
right_child=2 4 5 8 35 30 7 -9 9 23 17 31 -14 -15 -16 16 -18 18 -20 -21 41 34 -24 -25 25 27 -28 -29 43 -31 -32 -33 38 -35 -36 39 -38 -39 -40 -41 -42 -43 -44 -45 -46
leaf_value=-0.0045854267011339392 0.0040464233494127994 -0.0067218702545965049 0.01178913918055558 -0.016969240995229725 -0.019321397967919013 -0.017477960239133703 -0.010129400746193158 0.019046105377022823 -0.0027454217711792915 0.010630329779943447 -0.015092803355481153 0.013464489733171943 0.012061229890465956 -0.014269076183860458 0.021858894537664077 -0.0023126966148037257 0.012936366862998396 -0.020117535024403461 0.01853720314660048 0.0062298151772563776 0.0078413608346701927 -0.020850282977407177 -0.01228812770629837 -0.010419979857617315 -0.011376766747374957 -0.018409369977558664 0.014443581063128036 0.00028173856966927412 0.0072395031229801725 -0.017481723678366173 0.0046744743269090542 -0.0066382903724028931 0.016366389113490636 0.016730683028851445 -0.017779153917040248 -0.0098925717394218425 0.00041805788097109956 -0.018741660941954025 0.0011170131511031068 -0.011590247178898274 0.016352348513097588 0.017674790650075486 -0.01325412538018805 0.014341359127120389 -0.010618513540171761
leaf_weight=6.8375158980488768 6.8040134683251372 5.5894060954451579 11.267491512000563 1.9187460094690347 4.9633784815669051 3.0129894874989978 14.760732743889092 2.2419575303792945 4.4056874141097095 8.5055502951145154 3.7720913216471734 2.2130370661616308 27.443892389535904 3.0009484589099875 3.3392466306686392 3.8275560662150365 4.5946367606520644 5.0208936482667914 1.1402768790721891 14.515473946928976 9.3605311438441259 1.9589470922946954 9.1465519294142705 2.6752479448914519 2.063957907259466 3.3900724947452527 6.0113753527402878 7.3228567391633987 55.436514109373093 18.974691033363342 3.0465044900774956 6.4724267348647118 9.7320140376687032 2.8013256639242172 20.633365616202354 1.575064174830912 4.4519569985568523 5.165282666683197 3.215953789651393 5.1315403282642365 1.9499582350254057 3.4117804318666449 2.2592604756355277 7.5618141144514075 5.2690800055861464
leaf_count=35 33 27 30 15 43 32 112 4 29 20 33 6 67 24 3 20 12 44 3 61 35 18 72 20 15 28 14 36 166 189 15 47 15 4 205 12 24 46 21 40 5 5 19 18 31
internal_value=0 0.00345099 -0.00459971 -0.00596382 -0.000499296 0.00544429 0.0012906 -0.00290087 -0.00318926 -0.00503834 -0.00714134 -0.0111345 0.00673235 0.00485789 0.00521157 0.00361173 -0.003406 -0.00189974 -0.012935 0.00182256 0.00419183 -0.0114229 -0.0053205 0.00558457 -0.00437506 0.000147697 0.00783267 -0.00564443 0.00562483 -0.0147093 -0.00634824 -0.0015003 0.00808124 0.00111722 -0.0150168 -0.0102263 -0.00610349 -0.0117658 0.0125861 -0.00498727 0.00462247 0.00690708 0.003727 0.00664861 0.00568706
internal_weight=0 193.226 144.968 127.641 87.6763 17.327 74.0564 35.791 84.6457 67.6954 56.5146 32.0658 105.55 78.1059 38.2654 34.9262 13.5875 24.4487 6.16117 18.2876 16.9503 42.9948 15.9506 11.1808 33.549 18.7883 8.07533 10.7129 75.1049 23.3804 6.05949 8.68546 21.3387 8.39073 27.0443 13.6199 6.4109 8.99284 12.948 8.65656 3.52502 15.0316 11.6198 68.2674 60.7056
internal_count=1753 798 955 878 457 77 357 209 526 452 412 271 341 274 148 145 78 141 47 94 74 352 105 40 205 93 29 64 250 218 47 53 67 31 247 100 42 66 36 57 17 59 54 215 197
is_linear=0
shrinkage=0.0119772


Tree=12
num_leaves=46
num_cat=0
split_feature=43 39 49 2 7 15 15 49 46 5 47 7 39 1 34 46 0 43 42 42 47 19 1 3 18 10 3 20 46 3 46 18 4 6 7 15 14 0 2 47 4 31 38 7 31
split_gain=35.4226 15.2579 12.419 12.8135 9.6465 8.39426 8.35472 9.35589 7.38047 13.4462 8.35178 9.82706 7.75591 9.06524 6.95041 7.06223 6.78349 7.47276 6.76214 6.98809 6.56156 6.7616 6.36447 6.53807 6.00855 5.51433 5.34675 5.11671 6.11035 5.0449 4.53533 4.41918 4.1286 8.93733 4.46934 4.36372 4.09977 3.98849 4.91782 3.87664 3.72443 3.58424 3.49085 3.45465 3.27098
threshold=7.5000000000000009 4.5000000000000009 14.500000000000002 1.0000000180025095e-35 40.500000000000007 2.5000000000000004 1.5000000000000002 5.5000000000000009 6.5000000000000009 2.5000000000000004 6.5000000000000009 36.500000000000007 6.5000000000000009 4.5000000000000009 1.0000000180025095e-35 15.500000000000002 3.5000000000000004 6.5000000000000009 65.000000000000014 1.0000000180025095e-35 6.5000000000000009 1.0000000180025095e-35 1.0000000180025095e-35 8.5000000000000018 2.5000000000000004 1.0000000180025095e-35 26.500000000000004 1.5000000000000002 4.5000000000000009 3.5000000000000004 7.5000000000000009 4.5000000000000009 8.5000000000000018 3.5000000000000004 1.0000000180025095e-35 1.0000000180025095e-35 1.0000000180025095e-35 3.5000000000000004 1.0000000180025095e-35 9.5000000000000018 3.5000000000000004 4.5000000000000009 9.5000000000000018 32.500000000000007 3.5000000000000004
decision_type=2 2 2 2 2 2 2 2 2 2 2 2 2 2 2 2 2 2 2 2 2 2 2 2 2 2 2 2 2 2 2 2 2 2 2 2 2 2 2 2 2 2 2 2 2
left_child=1 16 3 20 6 -4 18 -8 12 14 41 25 -5 43 15 -10 17 32 19 -3 21 -2 -9 -24 -25 -12 -17 28 -7 -20 39 -13 33 34 -1 -35 -6 38 -21 -22 -36 -11 -18 -14 -38
right_child=2 4 5 8 36 27 7 22 9 10 11 31 13 -15 -16 26 42 -19 29 37 30 -23 23 24 -26 -27 -28 -29 -30 -31 -32 -33 -34 35 40 -37 44 -39 -40 -41 -42 -43 -44 -45 -46
leaf_value=-0.0036362326034291314 0.0038364990827794913 -0.011052887934057528 0.011183740961111183 -0.016305375213966179 -0.018914736935543065 0.010122476338094367 -0.013348303429659182 -0.014924224797383982 -0.017578829620841781 0.011831805686817087 -0.0028478138611183167 -0.018313885468752712 0.012160497366265451 -0.012820118837979831 0.0071639261685571953 -0.012267388257324187 0.00074115321619784764 -0.014378538885553308 -0.018053402866218697 0.0090427529801940312 -0.02046013851276449 -0.011971284519406381 0.014739440879688624 -0.0030144227775810739 0.018355331820637758 0.018641967893599121 0.00085967874789929805 0.017677124656988945 -0.019596836466221616 0.014454101416898289 -0.017685082758412341 0.0063774641872481261 0.013794488053664818 0.003102626337652238 0.0075450670453531283 -0.020058541334343715 -0.016429566032265072 0.021494519976690791 -0.0069381273687726345 0.00010341564665832458 -0.0058229224478951493 -0.0047895859175328855 0.013341911209346071 -0.0041804301933958442 -0.00010200244255731991
leaf_weight=6.6013904586434355 6.8561109453439704 2.7938674688339225 11.161505557596685 2.5613520890474346 4.5952629111707202 1.3580025807023037 8.9929126761853677 3.2295779436826733 15.020739976316689 9.7772135138511675 4.5731003135442716 6.3365448899567127 12.727500140666963 3.0571869090199462 3.1175567880272856 10.024607703089716 3.6550785228610065 2.8361976295709601 2.7706992775201793 24.258173078298576 1.8559766262769724 8.9131766408681852 5.2422022521495846 15.755110338330271 2.1315637230873099 2.7217534333467484 7.9868913367390624 1.035984933376312 3.5979133956134319 0.89685211330652226 19.917974893003702 1.2347085326910017 7.5255460664629927 1.8940557315945614 52.230588227510452 3.0054175704717636 2.4745509102940542 3.1284643411636344 3.1054804399609557 4.4295681305229664 3.1595028489828101 2.2874549254775038 23.3253073990345 2.1626616045832625 6.0370113551616669
leaf_count=35 33 19 30 21 43 4 73 27 140 30 27 66 39 23 12 86 19 24 27 75 18 72 12 93 4 5 44 2 41 3 205 7 18 9 151 22 24 3 21 24 15 13 48 13 33
internal_value=0 0.00339191 -0.00450718 -0.00581319 -0.000360747 0.0050481 0.00135306 -0.00280841 -0.00310057 -0.00512982 0.00127571 -0.00472995 0.00313868 0.00592492 -0.00990152 -0.0115153 0.00646695 0.0046592 0.00533462 0.00703642 -0.0112121 -0.00509871 0.000790906 0.0029936 -0.000454863 0.00518372 -0.00644799 -0.00637506 -0.0114415 -0.0100729 -0.0148856 -0.014279 0.00538752 0.0044388 0.00567045 -0.0111129 -0.00980996 0.00869882 0.00722553 -0.00599174 0.0067808 0.00867592 0.0116372 0.00978335 -0.00486996
internal_weight=0 189.645 142.715 125.562 85.4117 17.1534 72.3049 35.3514 83.5893 63.0806 26.9308 14.8661 20.5087 17.9473 36.1498 33.0322 104.233 77.2527 36.9535 33.286 41.9728 15.7693 26.3585 23.1289 17.8867 7.29485 18.0115 5.9919 4.95592 3.66755 26.2035 7.57125 74.4165 66.891 61.9915 4.89947 13.1068 30.4921 27.3637 6.28554 55.3901 12.0647 26.9804 14.8902 8.51156
internal_count=1753 798 955 878 457 77 357 209 526 430 148 105 96 75 282 270 341 274 148 118 352 105 136 109 97 32 130 47 45 30 247 73 250 232 201 31 100 99 96 42 166 43 67 52 57
is_linear=0
shrinkage=0.0119772


Tree=13
num_leaves=46
num_cat=0
split_feature=47 43 39 49 22 38 46 7 38 49 46 42 39 43 3 12 0 3 19 13 42 49 1 14 43 35 48 48 31 17 7 19 1 6 7 49 42 3 43 3 46 21 42 17 42
split_gain=33.3704 15.7144 9.11345 8.84339 15.4899 8.46879 8.23349 9.22194 10.5722 7.3222 6.99497 6.91092 9.96838 6.67065 6.22807 6.15922 5.77033 7.56603 5.76971 6.13561 8.13909 6.21337 5.63369 8.68339 6.92082 5.51981 7.13482 5.06137 5.05583 4.84552 8.45967 4.55542 5.02289 4.41673 4.38085 4.18546 4.17003 3.96176 3.95422 3.93642 3.93071 3.75309 3.73212 6.92862 3.70185
threshold=3.5000000000000004 3.5000000000000004 4.5000000000000009 10.500000000000002 1.0000000180025095e-35 6.5000000000000009 4.5000000000000009 2.5000000000000004 9.5000000000000018 2.5000000000000004 7.5000000000000009 45.000000000000007 7.5000000000000009 2.5000000000000004 79.000000000000014 1.5000000000000002 3.5000000000000004 24.500000000000004 20.500000000000004 1.0000000180025095e-35 19.000000000000004 7.5000000000000009 1.0000000180025095e-35 1.0000000180025095e-35 16.500000000000004 1.5000000000000002 6.5000000000000009 1.5000000000000002 1.5000000000000002 1.5000000000000002 43.500000000000007 6.5000000000000009 4.5000000000000009 1.0000000180025095e-35 5.5000000000000009 11.500000000000002 85.000000000000014 6.5000000000000009 3.5000000000000004 10.500000000000002 19.000000000000004 1.0000000180025095e-35 15.500000000000002 1.0000000180025095e-35 55.000000000000007
decision_type=2 2 2 2 2 2 2 2 2 2 2 2 2 2 2 2 2 2 2 2 2 2 2 2 2 2 2 2 2 2 2 2 2 2 2 2 2 2 2 2 2 2 2 2 2
left_child=5 2 18 4 6 13 39 8 -8 -10 -4 14 28 37 15 29 -9 -18 19 21 -21 27 24 31 35 26 33 -2 36 30 34 42 -33 -25 -7 -5 38 -1 -13 -3 -17 -6 43 -24 -44
right_child=1 3 10 22 41 11 7 16 9 -11 -12 12 -14 -15 -16 40 17 -19 -20 20 -22 -23 23 25 -26 -27 -28 -29 -30 -31 -32 32 -34 -35 -36 -37 -38 -39 -40 -41 -42 -43 44 -45 -46
leaf_value=-0.0072367915319114587 0.011434035612608674 -0.0076704799857228671 0.009362876686713378 0.00043269153465461975 0.0011643620300525782 0.0030954525734268766 -0.018478466770947485 -0.01561086818104325 0.0090565019851108208 -0.0052476067130830754 -0.0094805452462307337 0.0090923074801806999 -0.020460634255116787 -0.01454956132739141 -0.0088129240492010995 0.0083828463396511555 0.0069671389010326898 -0.011561021980363247 0.017158125931448442 0.011298859954879252 -0.01986562673778593 0.012171699163774578 -0.010620021182536866 -0.015813184261637209 0.010766183863452563 0.016403359056886887 -0.013943331268858434 -0.013206349245605679 -0.0082343906192000604 0.0155223008781888 -0.014583097232532908 -0.018719071329484169 0.011785589932047055 0.0083102372043053433 0.009686879321794347 -0.014419509411236557 0.01404723004409467 0.0063338674866273478 -0.0086835850623848809 0.0073029930789715869 0.020202901124819476 0.016212340459355965 0.020039563011565144 0.012297429452196302 0.0064017007785711925
leaf_weight=4.6937026903033283 1.9470534995198345 4.0874275192618352 3.8451365530490866 3.7536963745951679 5.7136627510189992 28.560676731169224 6.1148033589124706 34.29712774977088 7.3934688195586231 16.717184606939554 10.553255558013914 3.7581383809447342 2.96120811253786 4.9537943974137297 3.2075262144207946 7.5202148556709316 4.1488634198904064 13.155841425061224 6.4826582968235007 1.9949562400579441 2.9855191335082054 12.529003269970415 3.3871396109461847 1.4003841727972055 2.6592604890465728 1.5557102411985386 9.0598748698830587 3.0551503747701645 4.1721491962671271 7.7102934196591368 2.8701188042759886 1.9571900069713586 1.2637868449091909 4.7306246235966682 29.372045576572418 9.8415153399109823 6.1838444396853447 8.9479512348771078 3.4136092588305473 6.5156100019812584 8.8059738352894765 4.0687551721930504 5.4934907406568509 4.2553042992949486 5.9871846437454224
leaf_count=24 6 28 9 24 25 105 60 339 26 121 93 9 29 43 17 25 17 118 10 7 19 30 24 13 9 3 85 20 24 16 18 20 5 20 75 91 15 25 23 26 11 8 7 9 22
internal_value=0 -0.00303821 0.00334284 -0.00479594 -0.00688379 0.00480218 -0.00840085 -0.00968753 -0.00442959 -0.000857476 -0.00444226 0.00608173 -0.00018182 -0.00266342 0.0075395 0.00815934 -0.0127649 -0.00711507 0.00721028 0.00433618 -0.00737875 0.00766911 -0.000938743 0.0015249 -0.00686228 -0.00499235 -0.0071974 -0.00360405 0.00325438 0.00658094 0.00544359 0.00641105 -0.00674053 0.00277377 0.00643927 -0.0103197 0.00685022 0.00165978 0.000626269 0.00152538 0.0147709 0.00743933 0.00863093 0.00213524 0.012945
internal_weight=0 200.951 43.3927 157.558 102.213 127.131 92.4303 81.8273 30.2255 24.1107 14.3984 108.536 20.4889 18.5954 88.0468 84.8393 51.6018 17.3047 28.9943 22.5117 4.98048 17.5312 55.3452 39.0907 16.2545 16.7466 15.1909 5.0022 17.5277 68.5131 60.8028 22.3441 3.22098 6.13101 57.9327 13.5952 13.3556 13.6417 7.17175 10.603 16.3262 9.78242 19.1231 7.64244 11.4807
internal_count=1753 1294 194 1100 768 459 735 681 207 147 102 367 100 92 267 250 474 135 92 82 26 56 332 208 124 121 118 26 71 214 198 87 25 33 180 115 47 49 32 54 36 33 62 33 29
is_linear=0
shrinkage=0.0119772


end of trees

feature_importances:
result_2=57
ninki_3=47
umaban=45
ninki_2=44
result_1=43
ninki_1=37
mf_courseout=36
f_courseout=35
result_3=32
f_course2=22
f_lenout=22
waku=22
mf_classout=19
f_course1=12
mf_course3=12
f_len3=12
mf_course1=11
mf_classout.1=10
f_course3=9
f_len1=9
mf_len1=9
mf_len2=9
f_mf_len3=9
f_classout=9
f_mf_courseout=8
mf_course2=7
mf_len3=7
f_mf_classout.1=7
f_mf_len2=5
f_class2=4
f_len2=3
mf_class1=3
f_mf_course2=2
f_mf_len1=2
f_mf_classout=2
f_class3=2
f_mf_class3=2
f_mf_course1=1
f_mf_course3=1
f_class1=1
mf_class3=1

parameters:
[boosting: gbdt]
[objective: lambdarank]
[metric: ndcg]
[tree_learner: serial]
[device_type: cpu]
[data_sample_strategy: bagging]
[data: ]
[valid: ]
[num_iterations: 225]
[learning_rate: 0.0119772]
[num_leaves: 46]
[num_threads: 16]
[seed: 0]
[deterministic: 0]
[force_col_wise: 1]
[force_row_wise: 0]
[histogram_pool_size: -1]
[max_depth: 8]
[min_data_in_leaf: 8]
[min_sum_hessian_in_leaf: 0.001]
[bagging_fraction: 1]
[pos_bagging_fraction: 1]
[neg_bagging_fraction: 1]
[bagging_freq: 0]
[bagging_seed: 7719]
[feature_fraction: 1]
[feature_fraction_bynode: 1]
[feature_fraction_seed: 2437]
[extra_trees: 0]
[extra_seed: 11797]
[early_stopping_round: 0]
[first_metric_only: 0]
[max_delta_step: 0]
[lambda_l1: 0.00280732]
[lambda_l2: 0.0124963]
[linear_lambda: 0]
[min_gain_to_split: 0]
[drop_rate: 0.1]
[max_drop: 50]
[skip_drop: 0.5]
[xgboost_dart_mode: 0]
[uniform_drop: 0]
[drop_seed: 21238]
[top_rate: 0.2]
[other_rate: 0.1]
[min_data_per_group: 100]
[max_cat_threshold: 32]
[cat_l2: 10]
[cat_smooth: 10]
[max_cat_to_onehot: 4]
[top_k: 20]
[monotone_constraints: ]
[monotone_constraints_method: basic]
[monotone_penalty: 0]
[feature_contri: ]
[forcedsplits_filename: ]
[refit_decay_rate: 0.9]
[cegb_tradeoff: 1]
[cegb_penalty_split: 0]
[cegb_penalty_feature_lazy: ]
[cegb_penalty_feature_coupled: ]
[path_smooth: 0]
[interaction_constraints: ]
[verbosity: -1]
[saved_feature_importance_type: 0]
[use_quantized_grad: 0]
[num_grad_quant_bins: 4]
[quant_train_renew_leaf: 0]
[stochastic_rounding: 1]
[linear_tree: 0]
[max_bin: 255]
[max_bin_by_feature: ]
[min_data_in_bin: 3]
[bin_construct_sample_cnt: 200000]
[data_random_seed: 38]
[is_enable_sparse: 1]
[enable_bundle: 1]
[use_missing: 1]
[zero_as_missing: 0]
[feature_pre_filter: 1]
[pre_partition: 0]
[two_round: 0]
[header: 0]
[label_column: ]
[weight_column: ]
[group_column: ]
[ignore_column: ]
[categorical_feature: ]
[forcedbins_filename: ]
[precise_float_parser: 0]
[parser_config_file: ]
[objective_seed: 8855]
[num_class: 1]
[is_unbalance: 0]
[scale_pos_weight: 1]
[sigmoid: 1]
[boost_from_average: 1]
[reg_sqrt: 0]
[alpha: 0.9]
[fair_c: 1]
[poisson_max_delta_step: 0.7]
[tweedie_variance_power: 1.5]
[lambdarank_truncation_level: 30]
[lambdarank_norm: 1]
[label_gain: ]
[lambdarank_position_bias_regularization: 0]
[eval_at: 1,3,5]
[multi_error_top_k: 1]
[auc_mu_weights: ]
[num_machines: 1]
[local_listen_port: 12400]
[time_out: 120]
[machine_list_filename: ]
[machines: ]
[gpu_platform_id: -1]
[gpu_device_id: -1]
[gpu_use_dp: 0]
[num_gpu: 1]

end of parameters

pandas_categorical:[]
