tree
version=v4
num_class=1
num_tree_per_iteration=1
label_index=0
max_feature_idx=50
objective=lambdarank
feature_names=f_course1 f_course2 f_course3 f_courseout mf_course1 mf_course2 mf_course3 mf_courseout f_mf_course1 f_mf_course2 f_mf_course3 f_mf_courseout f_len1 f_len2 f_len3 f_lenout mf_len1 mf_len2 mf_len3 mf_classout f_mf_len1 f_mf_len2 f_mf_len3 f_mf_classout f_class1 f_class2 f_class3 f_classout mf_class1 mf_class2 mf_class3 mf_classout.1 f_mf_class1 f_mf_class2 f_mf_class3 f_mf_classout.1 time_df_course1 time_df_class1 ninki_1 result_1 time_df_course2 time_df_class2 ninki_2 result_2 time_df_course3 time_df_class3 ninki_3 result_3 waku umaban self_popularity
feature_infos=[0:23] [0:25] [0:31] [0:192] [0:32] [0:27] [0:27] [0:188] [0:5] [0:7] [0:4] [0:32] [0:6] [0:6] [0:7] [0:41] [0:8] [0:10] [0:6] [0:46] [0:2] [0:4] [0:1] [0:10] [0:3] [0:5] [0:3] [0:22] [0:4] [0:3] [0:2] [0:18] none [0:2] [0:1] [0:7] [-1:0] [-1:0] [-1:160] [-1:150] [-1:0] [-1:0] [-1:160] [-1:140] [-1:0] [-1:0] [-1:180] [-1:130] [1:8] [1:14] [-1:14]
tree_sizes=3837 3242 3322 3257 3406 3762 3388 3377 3602 2285 3168 3413 2522 3430 3766 3847 3597 2167 3028 3789 3866 3098 3650 3652

Tree=0
num_leaves=37
num_cat=0
split_feature=50 43 4 1 4 50 48 39 18 3 7 15 0 2 47 43 3 1 3 49 39 3 39 43 19 17 13 17 19 38 38 39 6 2 43 47
split_gain=19.5729 14.4516 9.80663 7.01477 8.32656 5.62859 4.45638 3.62084 3.54386 3.03031 2.95868 2.84769 3.35435 2.79792 4.73655 2.43989 2.10268 5.85283 2.84683 4.67652 3.82597 2.77023 1.74345 1.86539 1.68943 1.4121 1.30401 1.27881 1.27157 1.11044 0.998728 0.586942 1.01285 0.405972 0.152708 0.00742185
threshold=6.5000000000000009 10.500000000000002 26.000000000000004 1.5000000000000002 1.0000000180025095e-35 12.500000000000002 3.5000000000000004 6.5000000000000009 2.5000000000000004 108.00000000000001 6.5000000000000009 2.5000000000000004 2.5000000000000004 1.5000000000000002 14.500000000000002 13.500000000000002 45.500000000000007 2.5000000000000004 8.5000000000000018 9.5000000000000018 14.500000000000002 22.500000000000004 10.500000000000002 15.500000000000002 16.500000000000004 1.0000000180025095e-35 1.0000000180025095e-35 6.0000000000000009 2.5000000000000004 19.000000000000004 25.000000000000004 3.5000000000000004 4.5000000000000009 18.000000000000004 14.500000000000002 4.5000000000000009
decision_type=2 2 2 2 2 2 2 2 2 2 2 2 2 2 2 2 2 2 2 2 2 2 2 2 2 2 2 2 2 2 2 2 2 2 2 2
left_child=9 3 7 4 10 6 26 15 24 16 13 -8 -13 14 -2 -3 17 18 19 20 -1 31 25 35 -6 -18 -5 -27 29 -20 -21 -19 -33 -11 -17 -24
right_child=1 2 -4 5 8 -7 11 -9 -10 33 -12 12 -14 -15 -16 34 22 21 28 30 -22 -23 23 -25 -26 27 -28 -29 -30 -31 -32 32 -34 -35 -36 -37
leaf_value=0.0028972149040546505 -0.017670783462641858 -0.024626401768105901 0.019380002443738085 0.024493142910109664 -0.029073633867887461 -0.022572540822143758 -0.020570934779765317 -0.031499767767399246 0 -0.016063539440304354 0.01626671072467583 0.01940806507919722 0 0.010580404845376666 0.011846665071969858 0.0012773291431119377 0.020738222219876073 -0.0069071310913324203 -0.0033464106880093571 -0.018089118154307776 0.022442894343865368 -0.018552505111295237 0 0.016805760581593516 0 -0.00012177318185165227 0.00083706027173326755 0.016836922271354603 0.017879833778949458 0.010034564132043034 0 0 0.014235448490988567 0 -0.0045912611151636869 -0.013514893490412567
leaf_weight=19.329175988212235 5.6908282451331633 1.8749647121876485 1.1287725567817695 4.6799850780516925 6.0872842334210864 1.49562507867813 1.244043432176112 9.564401086419819 1.1518448702991007 1.3619086332619179 2.4283968061208716 2.9523868598043901 6.8445292487740517 1.850764565169811 1.376994617283344 1.9576458707451823 7.6175241097807866 1.5639746766537408 1.5633364468812931 2.5175493154674764 3.7984729558229438 3.3347675465047359 0.64011237770318918 1.0914059765636919 0.59993848949670781 2.292638929560781 2.2483351267874241 1.2113386690616605 9.6761860027909261 3.1147472858428955 1.0705690737813709 1.5533108022063973 1.6923062577843664 0.61357838660478581 1.7449212893843649 0.89452460408210754
leaf_count=181 79 31 2 14 95 25 19 157 9 27 12 13 72 10 6 15 40 25 24 43 12 56 7 4 6 31 19 3 53 24 15 18 9 7 22 15
internal_value=0 -0.00730135 -0.0204688 -0.00136532 -0.00875618 0.00522504 0.00841095 -0.0244482 -0.0218266 0.00617694 0 0.000490524 0.00473365 -0.00407136 -0.00991854 -0.00959512 0.00696008 0.00487605 0.0075965 0.00363682 0.00678151 -0.00710208 0.0133396 0 -0.0264896 0.016204 0.018892 0.00223335 0.0139397 0.00271132 -0.0125425 0 0.00498064 -0.0112976 0 -0.0104817
internal_weight=0 54.9217 16.2707 38.651 19.1861 19.4649 17.9693 15.1419 7.83907 64.9374 11.347 11.041 9.79692 8.91859 7.06782 5.57753 62.9619 49.2144 41.07 26.7158 23.1276 8.14436 13.7475 2.62604 6.68722 11.1215 6.92832 3.50398 14.3543 4.67808 3.58812 4.80959 3.24562 1.97549 3.70257 1.53464
internal_count=1200 606 227 379 217 162 137 225 110 594 107 104 85 95 85 68 560 460 352 251 193 108 100 26 101 74 33 34 101 48 58 52 27 34 37 22
is_linear=0
shrinkage=0.0166325


Tree=1
num_leaves=30
num_cat=0
split_feature=50 16 46 42 46 31 6 48 1 7 2 7 42 7 47 39 31 31 47 38 39 18 3 3 7 38 7 5 7
split_gain=17.9319 37.1254 16.2978 16.5596 23.3103 18.0101 13.784 12.0016 12.2847 11.8508 11.5873 15.5471 11.4315 13.8157 12.5892 11.4139 11.0585 10.6921 10.415 7.98945 7.61568 7.19664 7.18776 5.5864 4.2753 6.08985 3.8487 3.56542 2.4769
threshold=11.500000000000002 1.0000000180025095e-35 85.000000000000014 1.5000000000000002 5.5000000000000009 3.5000000000000004 6.5000000000000009 3.5000000000000004 1.5000000000000002 18.500000000000004 2.5000000000000004 16.500000000000004 11.500000000000002 132.50000000000003 14.500000000000002 9.5000000000000018 1.5000000000000002 1.0000000180025095e-35 5.5000000000000009 4.5000000000000009 17.500000000000004 1.5000000000000002 46.500000000000007 9.5000000000000018 6.5000000000000009 95.000000000000014 1.0000000180025095e-35 1.5000000000000002 30.500000000000004
decision_type=2 2 2 2 2 2 2 2 2 2 2 2 2 2 2 2 2 2 2 2 2 2 2 2 2 2 2 2 2
left_child=2 21 3 6 5 20 7 8 9 -1 11 24 13 17 15 -14 23 -6 -3 -20 26 -2 -8 -9 25 -4 -5 -16 -12
right_child=1 18 10 4 12 -7 22 16 -10 -11 28 -13 14 -15 27 -17 -18 -19 19 -21 -22 -23 -24 -25 -26 -27 -28 -29 -30
leaf_value=-0.02845002683744367 -0.031740023125854236 0.022983331430167678 -0.016057192255636905 -0.0078344807888927614 -0.0030322603289353457 0.011895419359282582 -0.027345709383464735 0.008437225568540551 0.010793385560257577 0.0081435569542767684 0.0083396812542407359 -0.027451494798115254 0.0033485235824514755 0.021562834295958639 0.023514302444634247 -0.01090640736701139 -0.0089085995720904945 -0.019883041785376546 0.014938421810136309 -0.026777597289871804 0.0045087320501605976 0 0.0046764388332719477 0.020868088981745071 0.018620063260393033 0.013633940592315485 -0.028187604097056253 0.0030137794920658254 0.025180164562743714
leaf_weight=6.8500835075974482 15.536958515644077 6.8427570760250074 3.2705940827727336 5.4431085139513113 31.731756616383791 4.6941773295402518 4.7874149829149237 26.84148321673274 8.477454409003256 2.9660030603408813 6.6977699100971249 3.8373200371861449 75.94678008928895 4.0329855494201174 9.2938104756176454 19.349914982914925 5.3924149870872489 17.503396697342396 1.7651961036026476 2.7815949320793152 1.9331010915338982 1.3277248442173011 2.1132445782423019 23.94287821277976 7.221858985722065 4.288189485669136 18.993417229503393 5.4400270096957675 12.993679314851759
leaf_count=30 126 11 17 23 115 10 23 69 17 7 19 22 254 6 12 81 19 90 4 25 3 4 5 38 13 10 110 21 16
internal_value=0 -0.0126677 0.00114337 -0.000221737 -0.00290682 -0.0160986 0.00601892 0.00822935 -0.00286553 -0.016037 0.0113015 0.00108016 -0.000305015 -0.00669712 0.00266807 0.000301682 0.0120851 -0.00932939 0.00959728 -0.00765294 -0.021627 -0.0284821 -0.0156502 0.0145973 0.00954521 0 -0.0242643 0.0169424 0.0202172
internal_weight=0 28.2542 314.043 275.733 194.362 31.0638 81.371 74.4703 18.2935 9.81609 38.3094 18.618 163.299 53.2681 110.031 95.2967 56.1768 49.2352 11.3895 4.54679 26.3696 16.8647 6.90066 50.7844 14.7806 7.55878 24.4365 14.7338 19.6914
internal_count=1200 170 1030 933 725 146 208 180 54 37 97 62 579 211 368 335 126 205 40 29 136 130 28 107 40 27 133 33 35
is_linear=0
shrinkage=0.0166325


Tree=2
num_leaves=31
num_cat=0
split_feature=7 50 49 7 40 42 38 13 46 1 38 50 43 15 39 50 7 49 2 19 50 47 4 25 50 39 3 38 50 1
split_gain=18.4338 11.8504 13.4758 10.5977 13.6724 27.6066 18.8953 16.3211 14.6602 10.4875 15.7238 10.1519 9.9835 7.32625 6.76714 10.3752 8.50371 6.49485 6.22432 13.8614 5.4628 5.41735 5.38738 4.45741 4.16517 5.20998 3.50582 3.46372 3.39092 0.218651
threshold=1.0000000180025095e-35 9.5000000000000018 7.5000000000000009 111.50000000000001 -1.0000000180025095e-35 7.5000000000000009 2.5000000000000004 1.5000000000000002 2.5000000000000004 15.500000000000002 65.000000000000014 6.5000000000000009 10.500000000000002 3.5000000000000004 1.5000000000000002 3.5000000000000004 9.5000000000000018 6.5000000000000009 2.5000000000000004 1.5000000000000002 1.5000000000000002 8.5000000000000018 1.0000000180025095e-35 1.0000000180025095e-35 1.5000000000000002 3.5000000000000004 1.5000000000000002 45.000000000000007 2.5000000000000004 8.5000000000000018
decision_type=2 2 2 2 2 2 2 2 2 2 2 2 2 2 2 2 2 2 2 2 2 2 2 2 2 2 2 2 2 2
left_child=1 2 23 4 13 6 -6 8 20 22 -11 28 -10 14 15 -2 26 -17 -15 -20 -7 24 -9 -1 -4 -26 -16 -13 -5 -21
right_child=3 -3 21 11 5 7 -8 9 12 10 -12 27 -14 18 16 17 -18 -19 19 29 -22 -23 -24 -25 25 -27 -28 -29 -30 -31
leaf_value=-0.021584524690781041 -0.022774399113947467 -0.030221305775299526 0.012504339490715182 0.0071290137324883174 0.0071559501097623445 0 -0.027870392340470788 -0.0039660658933136084 0.0066565311034138663 -0.026024037209138276 0.025706507416604938 0.0096564507427708418 -0.002402941073069524 0.025113127490013556 0.0044066069258938932 -0.0086846018651855587 0.019182774093999849 0.012014137547634838 0.016831697757083774 -0.021768140376850223 -0.02737662242555837 0.016222979061508002 -0.028228915195884802 0 0 -0.026753954924765747 -0.018754259468674695 0.029535276817900951 -0.014617528156147938 -0.0025391467575859375
leaf_weight=12.197657249867914 5.7587451860308674 7.2374626435339442 2.7570089846849459 3.2811487019062069 4.8938708975911167 1.8162588849663723 16.767786167562008 5.4028571695089367 100.75919867679477 2.5332045182585707 3.8766170293092728 8.0881043002009374 47.697531931102276 9.666332922875883 3.5319082289934185 6.7807633057236698 10.892730325460432 9.4890268892049772 11.810356587171556 2.4988431595265856 5.8920893520116806 6.4879071265459052 9.8001525290310365 3.6329540759325019 3.9733846783638 2.981150783598423 2.6844590380787849 7.2885042503476134 3.6902524456381798 2.3303095549345016
leaf_count=59 24 62 7 8 13 6 113 24 306 16 5 19 209 12 10 23 19 25 17 11 42 14 68 10 15 18 12 5 19 9
internal_value=0 -0.0106737 -0.00574896 0.00146241 0.000478276 -0.00163103 -0.0193294 0.000457867 0.00240945 -0.0129569 0.00306638 0.012461 0.00365369 0.00710869 0.00211372 -0.00352398 0.010149 0.00254799 0.0139838 0.00658657 -0.0195346 0.00424445 -0.0205862 -0.0168 -0.00244153 -0.010407 -0.00355867 0.0200964 -0.00248356 -0.0155157
internal_weight=0 39.2675 32.0301 287.231 264.883 199.44 21.6617 177.778 156.165 21.6128 6.40982 22.348 148.457 65.4435 39.1376 22.0285 17.1091 16.2698 26.3058 16.6395 7.70835 16.1995 15.203 15.8306 9.71154 6.95454 6.21637 15.3766 6.9714 4.82915
internal_count=1200 185 123 1015 964 802 126 676 563 113 21 51 515 162 113 72 41 48 49 37 48 54 92 69 40 33 22 24 27 20
is_linear=0
shrinkage=0.0166325


Tree=3
num_leaves=30
num_cat=0
split_feature=17 7 42 46 2 12 7 46 42 38 39 1 43 42 7 7 6 3 31 31 48 48 12 42 31 17 42 43 19
split_gain=14.1883 16.2313 11.6949 21.2286 11.1415 15.5163 15.9418 11.1237 14.0856 10.9821 8.98969 8.2908 8.04971 7.93531 6.67593 9.9221 9.30464 8.08916 6.64671 9.32705 4.82415 4.48011 2.23992 2.183 1.29033 1.27885 0.41554 0.173491 0.0847235
threshold=1.5000000000000002 65.500000000000014 1.5000000000000002 5.5000000000000009 10.500000000000002 1.5000000000000002 4.5000000000000009 35.000000000000007 8.5000000000000018 35.000000000000007 8.5000000000000018 20.500000000000004 3.5000000000000004 55.000000000000007 11.500000000000002 27.500000000000004 1.5000000000000002 25.500000000000004 4.5000000000000009 1.0000000180025095e-35 3.5000000000000004 4.5000000000000009 1.5000000000000002 65.000000000000014 1.0000000180025095e-35 2.5000000000000004 12.500000000000002 6.5000000000000009 2.5000000000000004
decision_type=2 2 2 2 2 2 2 2 2 2 2 2 2 2 2 2 2 2 2 2 2 2 2 2 2 2 2 2 2
left_child=1 2 14 12 5 6 -5 8 18 -9 11 -6 24 -10 16 28 17 21 19 -2 -20 -1 -19 -7 -4 -22 -12 -11 -16
right_child=7 -3 3 4 10 23 -8 9 13 27 26 -13 -14 -15 15 -17 -18 22 20 -21 25 -23 -24 -25 -26 -27 -28 -29 -30
leaf_value=-0.011669002492365048 0.0091636062488690308 -0.02494885593307063 -0.0098527788735391 -0.0082204362296865487 -0.025300713733232744 -0.028146579859284818 0.0031886557140023914 -0.0046194114764284656 -0.028077357291957202 0.014230811780055086 0.02738683452952298 0.013655341305815527 -0.026452315170540114 0.0043031033729774432 0.024866447792445172 -0.0065900362640565341 -0.025238292421622625 0.0060907580938374135 0.025229095519886176 -0.024453765905865201 0.011496095499163516 0.0028944636147868064 0.023221308980140753 -0.0033735952801966476 0.0069906426778270055 -0.0012457921301160006 0.011973865275689458 0.025305597557057684 0.01239238467914334
leaf_weight=8.2717698924243468 5.7888979017734581 7.9597632512450209 2.3006623461842564 54.053636860102415 2.8090909421443966 7.0855423584580404 88.796660531312227 4.9172106720507172 5.9759257175028306 9.9383578449487704 5.0392656624317151 2.6765120401978493 13.574987649917601 2.1438670232892036 7.9909744411706942 4.2371737137436858 3.1533892154693595 8.5460854023694974 6.7536742836236936 3.4541003704071045 2.7898595184087753 17.165952831506729 5.5810187906026831 2.7538079544901848 2.4358477368950844 3.6178068667650223 6.4826628714799881 11.205964334309099 7.1790213510394096
leaf_count=40 14 51 16 272 16 42 299 18 46 21 4 6 108 5 10 17 18 16 6 25 7 48 8 15 7 16 19 14 16
internal_value=0 -0.0016543 -0.00084846 -0.00296296 -0.00103632 -0.00253496 -0.0010351 0.00753508 0.000248658 0.0155105 0.0115514 -0.00392974 -0.019969 -0.0179083 0.00532433 0.0134727 0.00127885 0.00379688 0.00748983 -0.00205599 0.0151946 -0.00133045 0.0139394 -0.0226989 0 0.00228232 0.0200744 0.0208382 0.0199826
internal_weight=0 258.094 250.134 188.009 169.697 152.69 142.85 56.5857 30.5241 26.0615 17.0075 5.4856 18.3115 8.11979 62.1254 19.4072 42.7182 39.5648 22.4043 9.243 13.1613 25.4377 14.1271 9.83935 4.73651 6.40767 11.5219 21.1443 15.17
internal_count=1200 1028 977 804 673 628 571 172 119 53 45 22 131 51 173 43 130 112 68 39 29 88 24 57 23 23 23 35 26
is_linear=0
shrinkage=0.0166325


Tree=4
num_leaves=32
num_cat=0
split_feature=17 3 7 24 42 46 49 2 42 49 39 11 31 1 48 1 47 38 39 7 19 6 39 43 38 46 31 50 0 15 7
split_gain=13.9762 13.7079 12.9347 12.1584 11.1404 16.7515 11.002 10.0668 12.8666 9.59802 7.1347 6.61269 6.47255 5.94707 5.59363 8.19081 5.45805 4.84147 5.98729 4.51507 6.40437 9.51523 4.58668 4.2462 3.74333 5.28686 2.48876 0.65437 0.461425 0.323227 0.210542
threshold=1.5000000000000002 8.5000000000000018 65.500000000000014 1.0000000180025095e-35 1.5000000000000002 5.5000000000000009 12.500000000000002 10.500000000000002 8.5000000000000018 3.5000000000000004 17.500000000000004 5.5000000000000009 2.5000000000000004 1.0000000180025095e-35 3.5000000000000004 1.5000000000000002 6.5000000000000009 65.000000000000014 11.500000000000002 1.0000000180025095e-35 2.5000000000000004 1.5000000000000002 1.5000000000000002 6.5000000000000009 1.0000000180025095e-35 45.000000000000007 3.5000000000000004 5.5000000000000009 2.5000000000000004 12.500000000000002 7.5000000000000009
decision_type=2 2 2 2 2 2 2 2 2 2 2 2 2 2 2 2 2 2 2 2 2 2 2 2 2 2 2 2 2 2 2
left_child=2 9 4 12 14 10 7 8 -7 -2 26 -5 13 -3 15 30 -9 18 -13 28 22 -22 -21 -8 -15 -26 -6 -14 -16 -17 -1
right_child=1 3 -4 11 5 6 23 16 -10 -11 -12 17 27 24 19 29 -18 -19 -20 20 21 -23 -24 -25 25 -27 -28 -29 -30 -31 -32
leaf_value=-0.02598653653527544 0.0048759742683329131 0.023985718491852309 -0.025068061554748444 -0.021606761747278859 -0.025076056461529741 -0.018431128724000871 -0.0013917740550256424 0.019770654670160103 -8.8800081311107658e-05 -0.024006141089882801 0.0095878684330945162 -0.023822393481915165 0.0140275968371141 0.011371542355247032 -0.007523784043521959 0 0 0.021568830255569108 0.012224184131620125 0.0054690285476495073 -0.025037452358424375 0.0088808248566766192 0.020455457220727075 -0.026982232612708802 -0.026073862748262854 0.0038699327135551737 0 0.027664324152598813 0 0.0086031439650694295 -0.0023152954573342124
leaf_weight=3.2933706156909457 6.0465117841958982 3.5112918019294765 6.3159611821174613 3.4147545211017114 13.522899765521286 11.589388346299527 4.2471635714173299 9.8506846725940687 128.65812882594764 5.4569064155220985 1.4426993764936931 2.2894130870699883 7.2829160094261196 3.4264363273978216 3.500828616321086 4.5515158921480161 5.7628619670867911 3.1623368263244629 2.2258197143673897 13.664383843541147 3.0963313058018667 7.8711276054382324 16.01246590167284 6.1290923766791821 2.8539695888757706 2.1701035797595978 1.4126012846827514 12.555666059255598 3.0895677655935287 3.9214102700352669 1.6045283302664755
leaf_count=25 16 3 51 24 121 74 20 18 497 37 3 17 16 10 13 13 24 4 5 35 16 21 28 40 19 7 7 14 8 7 7
internal_value=0 0.00763121 -0.0016659 0.0120788 -0.000991695 -0.00308937 -0.00141345 -0.00021488 -0.00171444 -0.00772974 -0.0191544 -0.00181641 0.0173467 0.00598754 0.00509737 -0.00370257 0.0123059 0.00538395 -0.00319645 0.00788115 0.0100472 0 0.014058 -0.0179321 -7.71834e-05 -0.0106357 -0.0228897 0.0234425 -0.00337437 0.00492827 -0.0211819
internal_weight=0 54.3961 249.537 42.8927 243.221 182.616 166.237 155.861 140.248 11.5034 16.3782 11.0923 31.8004 11.9618 60.6055 13.3708 15.6135 7.67757 4.51523 47.2347 40.6443 10.9675 29.6768 10.3763 8.45051 5.02407 14.9355 19.8386 6.5904 8.47293 4.8979
internal_count=1200 172 1028 119 977 804 673 613 571 53 131 50 69 39 173 52 42 26 22 121 100 37 63 60 36 26 128 30 21 20 32
is_linear=0
shrinkage=0.0166325


Tree=5
num_leaves=35
num_cat=0
split_feature=17 3 42 46 24 31 29 2 39 3 13 7 50 39 3 15 39 31 1 48 50 11 7 39 38 46 31 47 7 7 3 5 50 11
split_gain=13.7976 12.331 9.9562 15.6666 9.85039 9.8389 8.77241 7.43718 11.3579 17.0977 8.65444 7.3079 6.73317 6.11105 5.56659 6.8364 5.55358 5.40483 5.37032 5.0121 5.68748 4.71403 4.13486 3.71254 2.51275 6.54859 2.31055 2.23779 2.07213 2.05337 1.83879 1.32799 0.456033 0.143904
threshold=1.5000000000000002 8.5000000000000018 1.5000000000000002 5.5000000000000009 1.0000000180025095e-35 1.5000000000000002 1.0000000180025095e-35 10.500000000000002 10.500000000000002 4.5000000000000009 1.0000000180025095e-35 11.500000000000002 5.5000000000000009 17.500000000000004 25.500000000000004 10.500000000000002 8.5000000000000018 2.5000000000000004 1.0000000180025095e-35 4.5000000000000009 8.5000000000000018 7.5000000000000009 1.0000000180025095e-35 1.5000000000000002 -1.0000000180025095e-35 85.000000000000014 3.5000000000000004 2.5000000000000004 15.500000000000002 2.5000000000000004 3.5000000000000004 1.0000000180025095e-35 5.5000000000000009 4.5000000000000009
decision_type=2 2 2 2 2 2 2 2 2 2 2 2 2 2 2 2 2 2 2 2 2 2 2 2 2 2 2 2 2 2 2 2 2 2
left_child=2 12 5 13 17 11 7 8 10 -10 -5 14 23 26 19 -16 22 18 -3 20 -1 33 -9 -2 -20 -26 -4 -23 -13 -21 -30 -18 -19 -6
right_child=1 4 3 6 21 -7 -8 16 9 -11 -12 28 -14 -15 15 -17 31 32 24 29 -22 27 -24 -25 25 -27 -28 -29 30 -31 -32 -33 -34 -35
leaf_value=-0.020352854805306669 0.017596482609009863 0.023531694967523824 -0.025441644856395159 -0.0032538832453764786 -0.023259601762636108 -0.021230586109285941 -0.027397304386725021 0.0081395298065858202 0.00084667276503903486 -0.022331352431356675 0.0065022379869405138 0.023001661316251736 -0.023899796429172521 0.00644228933781937 0.020697669358413395 -0.0002305154468598925 0.022154849537920837 0.013336107736649698 0.0090130924820375422 -0.0026605081216318893 0.0060972605700320027 0.015110095273704577 -0.019458227892916874 -0.0073299118322979846 -0.025882007967344012 0.010686525933314314 0 -0.0010695542708258959 0.013987834879615859 0.0080443077401808529 0 0.0051814765017337821 0.026333020987494727 0
leaf_weight=7.0136266797781008 2.6773761585354787 3.2605844736099261 12.719434842467303 79.409990288317204 1.9952426664531215 3.6746505945920935 3.6506301276385775 2.6341566294431713 15.243681598454712 17.720388315618038 36.624366100877523 7.318078093230727 4.1827604733407497 1.3829628899693496 7.8174669444560987 6.7847344800829887 6.1467958539724332 7.1924085319042232 3.3079078271985036 8.1254731640219706 2.2331345602869987 3.562429741024971 2.5695510432124138 3.3196360990405083 2.9148947708308715 1.7421066164970396 1.4034722074866302 2.9863248020410538 5.4703496098518354 9.0864649489521963 4.3298856616020203 4.9927909895777702 12.355877734720705 1.4410395100712774
leaf_count=37 6 3 126 326 18 23 30 5 61 127 124 11 33 3 10 19 10 16 10 27 8 6 18 14 22 4 7 15 11 21 11 13 14 11
internal_value=0 0.00787119 -0.00163007 -0.00360544 0.0120909 0.00403667 -0.00204074 -0.00138164 -0.00262343 -0.0112274 -5.32911e-05 0.00590194 -0.00764123 -0.019656 0.00170079 0.0101038 0.00905119 0.0167751 0.0057557 -0.00244004 -0.0124984 -0.00100661 -0.00300771 0.00165137 -1.92476e-05 -0.00937736 -0.0232048 0.00576059 0.0151129 0.00221104 0.00766192 0.0158832 0.0223423 -0.0175864
internal_weight=0 50.9386 246.352 184.498 40.7588 61.8539 168.992 165.342 148.998 32.9641 116.034 58.1792 10.1798 15.5059 41.0609 14.6022 16.3433 30.7738 11.2255 26.4587 9.24676 9.98504 5.20371 5.99701 7.96491 4.657 14.1229 6.54875 17.1183 17.2119 9.80024 11.1396 19.5483 3.43628
internal_count=1200 172 1028 850 119 178 714 684 638 188 450 155 53 136 122 29 46 69 39 93 45 50 23 20 36 26 133 21 33 48 22 23 30 29
is_linear=0
shrinkage=0.0166325


Tree=6
num_leaves=32
num_cat=0
split_feature=17 42 46 46 42 50 25 42 47 2 50 3 47 48 48 1 39 7 49 19 7 15 49 18 1 39 4 2 1 15 2
split_gain=12.9982 11.7761 14.0384 9.1516 10.2603 7.76584 7.57247 7.51473 8.74862 8.02709 7.53684 21.3098 15.7554 6.25073 5.76186 6.96108 5.65432 4.56775 4.2685 5.51059 11.6831 8.4327 4.12715 3.53553 3.52576 1.95717 1.8642 1.84375 2.04381 0.280183 0.154385
threshold=1.5000000000000002 1.5000000000000002 5.5000000000000009 35.000000000000007 8.5000000000000018 4.5000000000000009 2.5000000000000004 8.5000000000000018 2.5000000000000004 10.500000000000002 9.5000000000000018 1.5000000000000002 5.5000000000000009 1.5000000000000002 3.5000000000000004 1.5000000000000002 17.500000000000004 1.0000000180025095e-35 13.500000000000002 1.0000000180025095e-35 9.5000000000000018 1.5000000000000002 8.5000000000000018 1.5000000000000002 10.500000000000002 2.5000000000000004 6.5000000000000009 1.0000000180025095e-35 2.5000000000000004 12.500000000000002 4.5000000000000009
decision_type=2 2 2 2 2 2 2 2 2 2 2 2 2 2 2 2 2 2 2 2 2 2 2 2 2 2 2 2 2 2 2
left_child=1 14 16 4 22 30 7 8 -4 -10 12 -12 -9 -6 15 -1 23 25 19 21 -21 -19 27 -3 -24 -16 -7 -2 -29 -17 -5
right_child=3 2 6 5 13 26 -8 10 9 -11 11 -13 -14 -15 17 29 -18 18 -20 20 -22 -23 24 -25 -26 -27 -28 28 -30 -31 -32
leaf_value=-0.021069563015699455 0 -0.02535576865058593 0.016775495688580042 -0.0051167868137692411 0.0031037477161270921 0.0085876515493819566 0.014704292625367 -0.0086555585218450158 -0.027786841333829079 0.0062512523054187377 0.0075265073029131945 -0.016915604492956041 0.0049174067846985631 -0.026573668462848945 -0.015313247071287738 0 0.0056618303474344689 0 0.026383678290113888 -0.017060010590882531 0.0094456465628865623 0.026534619105032051 -0.022988414713172464 0 0.0050625676834902796 0.00070646823631927277 0.025232735072245095 0.020230888328531507 0.0024874781699933367 0.0063252390871853569 0
leaf_weight=4.5980654358863822 3.4203214049339357 12.442986460402603 1.4666015356779087 1.7534381821751619 1.9754825681447972 5.8847315087914494 6.6192385107278815 35.105037726461887 9.1828802898526174 1.6001010686159123 14.631498966366051 26.704207640141249 71.515178818255663 4.8902985714375973 2.7248358875513068 4.4517843797802907 1.3487474471330649 6.0472694337368003 4.3422406241297713 6.2173493579030064 15.982198685407637 8.0268380567431432 1.9343713819980615 1.0651595070958144 1.7568075805902479 3.2032159268856049 12.038290619850157 7.405944421887396 5.0223990455269814 4.0771935507655144 2.7677917927503586
leaf_count=33 16 127 2 9 7 17 17 150 78 3 50 180 234 44 13 13 3 19 4 31 42 8 14 6 6 8 16 13 19 7 11
internal_value=0 -0.00158438 -0.00373214 0.00781521 0.000615922 0.0156356 -0.00225318 -0.00304824 -0.0156735 -0.0214626 -0.00190031 -0.00793507 0.000315826 -0.0161405 0.00472044 -0.00434264 -0.0192946 0.00757488 0.00968282 0.00723897 0.0013631 0.0154631 0.00725527 -0.0228192 -0.00623248 -0.00450986 0.0206077 0.0112773 0.0142341 0.00322255 -0.00112166
internal_weight=0 241.353 181.682 48.8499 26.4056 22.4443 166.825 160.206 12.2496 10.783 147.956 41.3357 106.62 6.86578 59.671 13.127 14.8569 46.5439 40.6159 36.2737 22.1995 14.0741 19.5398 13.5081 3.69118 5.92805 17.923 15.8487 12.4283 8.52898 4.52123
internal_count=1200 1028 850 172 119 53 714 697 83 81 614 230 384 51 178 53 136 125 104 100 73 27 68 133 20 21 33 48 32 20 20
is_linear=0
shrinkage=0.0166325


Tree=7
num_leaves=32
num_cat=0
split_feature=17 7 43 50 39 6 38 47 42 15 46 46 46 42 50 48 42 39 1 50 39 42 31 31 2 1 48 13 6 17 2
split_gain=12.203 9.55128 8.37655 17.4768 18.1332 14.4285 12.0987 9.32605 7.38878 10.8295 11.9086 9.47568 7.29791 9.10411 6.71068 6.07161 5.63219 5.35744 5.32923 4.33215 3.94965 3.44276 3.43807 7.19277 3.32072 8.13835 3.12107 2.02553 4.60922 0.475907 0.011123
threshold=1.5000000000000002 65.500000000000014 10.500000000000002 6.5000000000000009 6.5000000000000009 1.5000000000000002 13.500000000000002 14.500000000000002 3.5000000000000004 1.0000000180025095e-35 85.000000000000014 6.5000000000000009 35.000000000000007 8.5000000000000018 4.5000000000000009 3.5000000000000004 55.000000000000007 8.5000000000000018 1.5000000000000002 3.5000000000000004 10.500000000000002 75.000000000000014 4.5000000000000009 1.0000000180025095e-35 5.5000000000000009 1.0000000180025095e-35 3.5000000000000004 1.0000000180025095e-35 19.500000000000004 2.5000000000000004 8.5000000000000018
decision_type=2 2 2 2 2 2 2 2 2 2 2 2 2 2 2 2 2 2 2 2 2 2 2 2 2 2 2 2 2 2 2
left_child=1 2 7 6 5 21 17 8 15 10 -10 -11 13 22 30 18 -15 -4 -1 -17 -19 -5 23 -2 25 -8 -24 -16 -29 -28 -14
right_child=12 -3 3 4 -6 -7 24 -9 9 11 -12 -13 14 16 27 19 -18 20 -20 -21 -22 -23 26 -25 -26 -27 29 28 -30 -31 -32
leaf_value=-0.020213167944169334 0.010592455851068465 -0.022610538569341393 -0.022468634919231931 -0.028161181320070432 -0.030082343309604208 0.014305422101817192 0.017276089706826016 0.017252195758684613 -0.017761882578361504 -0.017473421958644524 0.0070517603833233416 0.0020720070218905417 -0.0014969754638685391 -0.025710349294514236 0.027448894462309161 0 0.0029741536978075936 0.012455507698783582 0.0011377325402433427 0.010536340950026585 -0.014726428722862658 0 0.022398904850962732 -0.0220207445396817 0.024269198014088986 -0.011406661545804365 0.0074908626046716852 0 0.021136513676202309 0 0
leaf_weight=4.2982121258974066 4.9614714905619683 5.7662376835942259 5.2171348854899424 4.3929527327418345 13.327792776748536 6.7058920599520206 6.552736431360243 8.8478344157338125 21.492270149290565 7.4375568479299536 6.1375628784298888 74.698640234768391 2.2521559447050121 4.5355129428207865 7.7923907041549709 14.250796899199484 1.8727617338299749 3.2942963019013405 8.4378998391330224 33.744036130607128 2.5102735906839371 1.3323367163538931 5.5047323554754239 2.8324362225830555 4.8585803955793372 4.0385685563087463 2.7632484436035156 4.0289007201790792 5.5870816186070442 3.4378877133131027 2.1719474643468857
leaf_count=33 14 51 29 32 127 15 11 20 127 66 19 280 11 46 7 51 5 9 24 82 18 7 6 25 7 20 7 18 8 16 9
internal_value=0 -0.00154409 -0.00095072 -0.00683083 -0.0166247 -0.000975348 0.00220906 0.000688039 -0.000100623 -0.00275351 -0.011749 0.000116019 0.00766364 0.00109669 0.0147897 0.00446508 -0.0152998 -0.0103968 -0.00509885 0.00729395 0 -0.02117 0.00723653 0 0.0120943 0.00504979 0.0129423 0.0194913 0.0114131 0.00214549 -0.000696355
internal_weight=0 237.342 231.575 52.2306 25.759 12.4312 26.4716 179.345 170.497 109.766 27.6298 82.1362 47.7405 25.9081 21.8325 60.7309 6.40827 11.0217 12.7361 47.9948 5.80457 5.72529 19.4998 7.79391 15.4499 10.5913 11.7059 17.4084 9.61598 6.20114 4.4241
internal_count=1200 1028 977 275 181 54 94 702 682 492 146 346 172 119 53 190 51 56 57 133 27 39 68 39 38 31 29 33 26 23 20
is_linear=0
shrinkage=0.0166325


Tree=8
num_leaves=34
num_cat=0
split_feature=17 43 46 46 5 3 24 39 50 7 19 42 47 13 7 49 38 7 50 31 1 3 1 38 39 6 38 46 3 50 50 3 27
split_gain=9.41759 8.28822 16.8046 10.5033 8.90714 8.19588 8.45411 7.84383 7.66203 17.3931 11.0193 9.99098 8.18355 7.50312 7.49393 6.57367 5.68167 5.4783 4.98107 4.69828 4.70019 4.40914 8.44613 3.3249 4.43819 2.17817 1.70997 4.99321 1.02235 0.78076 0.655543 0.539098 0.505099
threshold=1.5000000000000002 3.5000000000000004 5.5000000000000009 12.500000000000002 1.0000000180025095e-35 8.5000000000000018 1.0000000180025095e-35 1.5000000000000002 8.5000000000000018 1.5000000000000002 8.5000000000000018 8.5000000000000018 2.5000000000000004 1.0000000180025095e-35 31.500000000000004 3.5000000000000004 45.000000000000007 1.0000000180025095e-35 1.5000000000000002 2.5000000000000004 1.0000000180025095e-35 75.000000000000014 1.5000000000000002 65.000000000000014 11.500000000000002 5.5000000000000009 1.0000000180025095e-35 85.000000000000014 10.500000000000002 3.5000000000000004 5.5000000000000009 12.500000000000002 6.5000000000000009
decision_type=2 2 2 2 2 2 2 2 2 2 2 2 2 2 2 2 2 2 2 2 2 2 2 2 2 2 2 2 2 2 2 2 2
left_child=1 3 32 14 16 15 19 -4 11 -10 -11 12 -9 -13 17 -2 31 18 -1 20 -7 22 -19 24 -8 -16 -22 -28 -20 -17 -21 -5 -3
right_child=5 2 7 4 -6 6 23 8 9 10 -12 13 -14 -15 25 29 -18 21 28 30 26 -23 -24 -25 -26 -27 27 -29 -30 -31 -32 -33 -34
leaf_value=0.010949317870593065 0.0053794857652444596 -0.025114043032307593 -0.020517777784986355 0 -0.024855774125121025 0.022438046158537214 -0.021247408793185985 0.013250644282071691 -0.029021161976162224 0.0012183501402303998 -0.02688578141489004 -0.00034460300764981114 -0.025599156389627661 0.0098993779635514669 -0.023722092309181916 0 0.014143464483166737 0.003946667653908836 -0.021474603711844086 0.01123596319221469 0.005955718727731831 -0.0053540907154128424 0.018228614671669755 0.0095745176851439549 0.0034530612246802717 0 -0.024363524150924062 0.0074341518453580301 0 -0.02584650110200043 0.024895504503255114 -0.020803785736782696 0
leaf_weight=2.5426333323121062 4.6429708674550039 9.9146692529320699 6.074255794286727 2.1810050904750811 6.133163943886756 2.918056786060335 3.9765798151493055 1.4079682379961003 7.8990625739097586 34.063939150422812 4.1752330437302581 46.204594343900681 5.9815668500959873 31.59523668140173 2.5194738805294028 1.3037291243672369 4.4461862295866013 29.242301613092422 3.2073961794376373 6.6054415926337269 3.4200033769011497 4.0838579759001723 22.934942983090878 3.2964743822813034 2.3718270063400269 2.2443444430828094 2.6489417888224125 1.7269883751869199 1.8460077941417692 3.2982382029294968 10.834275297820566 1.7751864269375799 1.173472549766301
leaf_count=8 16 105 37 10 37 3 33 2 80 153 41 166 51 94 12 8 9 100 22 16 10 16 45 9 8 12 22 4 7 29 14 11 10
internal_value=0 -0.00137853 -0.00377133 0.00272862 -0.00973417 0.00677653 0.0103495 -0.00206374 -0.00109072 -0.00660614 -0.00155402 0.00173959 -0.0162847 0.00364659 0.00557874 -0.00631627 0 0.00722699 -0.00485233 0.0150089 0.00453376 0.00910731 0.01051 -0.00185605 -0.0099782 -0.0133856 -0.000627212 -0.00885936 -0.0155268 -0.0209014 0.0205985 -0.0127792 -0.0234962
internal_weight=0 231.646 148.49 83.1565 14.5355 47.0435 37.7986 137.402 131.328 46.1382 38.2392 85.1894 7.38954 77.7998 68.621 9.24494 8.40238 63.8571 7.59604 28.1537 10.714 56.2611 52.1772 9.64488 6.34841 4.76382 7.79593 4.37593 5.0534 4.60197 17.4397 3.95619 11.0881
internal_count=1200 1028 739 289 67 172 119 624 587 274 194 313 53 260 222 53 30 198 37 69 39 161 145 50 41 24 36 26 29 37 30 21 115
is_linear=0
shrinkage=0.0166325


Tree=9
num_leaves=21
num_cat=0
split_feature=7 50 11 3 43 46 9 46 4 12 7 38 42 47 39 16 49 5 3 31
split_gain=9.46556 9.40755 7.57261 7.77182 7.59346 15.0805 9.27714 6.56311 5.88615 8.65931 7.00479 5.72193 5.25323 9.40734 4.82835 2.56713 2.3605 1.3341 0.361227 0.220673
threshold=1.0000000180025095e-35 8.5000000000000018 6.5000000000000009 108.00000000000001 7.5000000000000009 6.5000000000000009 1.0000000180025095e-35 35.000000000000007 8.5000000000000018 1.5000000000000002 54.500000000000007 55.000000000000007 13.500000000000002 8.5000000000000018 8.5000000000000018 3.5000000000000004 8.5000000000000018 5.5000000000000009 55.500000000000007 5.5000000000000009
decision_type=2 2 2 2 2 2 2 2 2 2 2 2 2 2 2 2 2 2 2 2
left_child=1 12 3 4 8 -6 7 -7 10 -10 11 -2 14 16 18 -4 -14 -12 -1 -17
right_child=2 -3 15 -5 5 6 -8 -9 9 -11 17 -13 13 -15 -16 19 -18 -19 -20 -21
leaf_value=-0.021503100579477713 0.004805964635359275 -0.026243419450135388 0 -0.023343880214714435 -0.026950347304902936 -0.0032462829586919918 -0.023187081065409787 0.0066645634840066144 -0.022858346658942732 0.012095284264666483 0.022364453231231277 -0.0040154786233576878 -0.018380781699293035 0.019564610138294612 0.00091726228029074392 0.022136104641124404 0 0.0050181830808071854 0 0.0091688187318724884
leaf_weight=6.2569820284843498 91.032621379941702 6.7383696027100077 3.3073497787117949 3.6604248732328406 6.6465129926800719 47.568723663687706 4.7578261345624915 29.735457520931959 5.3491757139563552 2.4199212417006493 6.9233949780464155 24.444485887885094 3.3300180584192258 5.8157702088356018 3.6584199666976929 5.0928195267915708 2.9451315216720104 4.5205081924796104 1.3814920932054517 6.9892601296305656
leaf_count=40 328 73 18 33 75 228 36 100 40 5 12 95 24 12 14 8 14 18 8 19
internal_value=0 -0.00877683 0.00109376 0.000264071 0.000722616 -0.00297379 -0.000834238 0.000392185 0.00325943 -0.0102099 0.00419945 0.00281791 -0.00306938 0.00370903 -0.0114985 0.0123676 -0.00890732 0.0168051 -0.0191552 0.0158991
internal_weight=0 30.1262 242.448 227.059 223.399 88.7085 82.062 77.3042 134.69 7.7691 126.921 115.477 23.3878 12.0909 11.2969 15.3894 6.27515 11.4439 7.63847 12.0821
internal_count=1200 185 1015 970 937 439 364 328 498 45 453 423 112 50 62 45 38 30 48 27
is_linear=0
shrinkage=0.0166325


Tree=10
num_leaves=30
num_cat=0
split_feature=17 7 3 24 49 7 50 3 3 0 49 23 49 7 27 31 42 1 39 47 11 50 46 50 50 3 42 50 50
split_gain=8.75648 7.09507 6.7835 6.684 6.01687 5.58651 7.8342 5.67235 7.99864 10.595 10.5182 7.59205 4.90209 4.66988 8.58019 4.6505 4.37904 4.18446 4.09556 3.06359 2.81745 3.11935 2.66052 1.52846 0.692852 0.662988 0.61051 0.58444 0.338043
threshold=1.5000000000000002 65.500000000000014 8.5000000000000018 1.0000000180025095e-35 3.5000000000000004 1.0000000180025095e-35 8.5000000000000018 108.00000000000001 64.500000000000014 2.5000000000000004 3.5000000000000004 1.0000000180025095e-35 7.5000000000000009 4.5000000000000009 4.5000000000000009 2.5000000000000004 13.500000000000002 1.0000000180025095e-35 8.5000000000000018 5.5000000000000009 4.5000000000000009 6.5000000000000009 2.5000000000000004 1.5000000000000002 2.5000000000000004 11.500000000000002 6.5000000000000009 3.5000000000000004 5.5000000000000009
decision_type=2 2 2 2 2 2 2 2 2 2 2 2 2 2 2 2 2 2 2 2 2 2 2 2 2 2 2 2 2
left_child=1 5 4 15 -2 6 12 8 9 10 -7 -11 18 -10 -15 17 22 -4 23 -19 -5 -22 -14 -1 -6 -18 -8 -3 -17
right_child=2 27 3 20 24 7 26 -9 13 11 -12 -13 16 14 -16 28 25 19 -20 -21 21 -23 -24 -25 -26 -27 -28 -29 -30
leaf_value=0 0.0052893037946006877 0 0.021315868876728761 -0.020592007118372089 0 -0.0082619567624722581 0 -0.022938515902843206 0.01895622871748788 -0.011772172717927819 0.0038762761198983032 0.0089805043300100421 0 -0.012697119665747969 0.014564883387151459 0.011183521459587318 7.6508179243710728e-05 0.0049344327706909198 0 -0.015694060637669063 -0.011084623129994793 0.010559717846444074 -0.022421999360567001 -0.022988918719637326 -0.024091859218277795 0.01748969367822658 -0.026893578019992929 -0.024315013919397933 0.02359172601525894
leaf_weight=1.4001654237508825 4.7319138273596746 1.2425658404827107 2.6743081510067004 1.702159121632574 0.89651384204626072 23.761322669684887 0.85038729012012382 2.777550980448722 9.4982627555727976 31.557646900415421 105.27292777970433 4.9242596030235282 2.4749650284647924 5.2622578293085081 7.2528678551316261 7.0078535452485111 2.6819414794445038 4.6231098920106888 4.3752980753779411 2.9332805536687374 2.3886424601078033 5.121857650578022 1.7782772667706011 5.2344228960573673 3.3142513670027256 4.5063730105757713 5.2915731519460678 3.934653777629137 10.392289675772188
leaf_count=8 16 9 3 18 5 124 7 25 22 169 387 16 11 31 18 16 12 16 18 20 16 16 13 40 32 10 66 42 14
internal_value=0 -0.00135498 0.00661981 0.00990814 -0.00536863 -0.000829655 -0.00768119 0.000131124 0.000558059 -0.000618948 0.00153001 -0.00857862 -0.00239743 0.00999187 0.00200326 0.0140396 0.00439002 0.00337222 -0.0106635 -0.00137931 -0.00102573 0.00181576 -0.00691635 -0.0188633 -0.0203774 0.0129678 -0.0244473 -0.0205273 0.0194717
internal_weight=0 224.078 45.7862 36.8435 8.94268 218.9 28.5934 190.307 187.53 165.516 129.034 36.4819 22.4514 22.0134 12.5151 27.6308 11.4416 10.2307 11.0099 7.55639 9.21266 7.5105 4.25324 6.63459 4.21077 7.18831 6.14196 5.17722 17.4001
internal_count=1200 1028 172 119 53 977 185 792 767 696 511 185 112 71 49 69 46 39 66 36 50 32 24 48 37 22 73 51 30
is_linear=0
shrinkage=0.0166325


Tree=11
num_leaves=32
num_cat=0
split_feature=17 3 24 42 46 31 2 12 50 31 27 39 39 49 7 7 3 3 7 1 31 1 18 38 12 39 47 18 38 43 50
split_gain=8.55648 6.92083 6.49035 6.41039 10.6256 8.82465 6.58752 11.7871 9.91237 18.109 7.66943 5.45258 5.35048 4.797 4.56395 5.04917 6.5359 5.54913 5.43221 4.30884 4.27324 3.61713 3.39928 2.90577 3.11877 2.14976 2.03095 1.44981 0.777668 0.728933 0.572564
threshold=1.5000000000000002 8.5000000000000018 1.0000000180025095e-35 1.5000000000000002 5.5000000000000009 1.5000000000000002 10.500000000000002 1.5000000000000002 11.500000000000002 2.5000000000000004 1.0000000180025095e-35 8.5000000000000018 17.500000000000004 3.5000000000000004 11.500000000000002 4.5000000000000009 25.500000000000004 5.5000000000000009 2.5000000000000004 20.500000000000004 2.5000000000000004 1.0000000180025095e-35 1.5000000000000002 65.000000000000014 1.5000000000000002 1.5000000000000002 5.5000000000000009 1.0000000180025095e-35 45.000000000000007 5.5000000000000009 2.5000000000000004
decision_type=2 2 2 2 2 2 2 2 2 2 2 2 2 2 2 2 2 2 2 2 2 2 2 2 2 2 2 2 2 2 2
left_child=3 13 20 5 12 14 7 8 10 -10 -6 19 22 -2 15 16 18 -17 -1 -8 21 -3 -5 24 -4 -16 -23 -9 -29 -13 -15
right_child=1 2 23 4 6 -7 11 27 9 -11 -12 29 -14 30 25 17 -18 -19 -20 -21 -22 26 -24 -25 -26 -27 -28 28 -30 -31 -32
leaf_value=-0.0086363500788411481 0.0033627260816695677 0.020996710311471167 0.0031019868734939414 -0.023874500260950123 0.0029151853797219247 -0.021553305972435748 -0.021766553184405752 -0.02688031527226907 -0.02538000420338753 0.01494864662079364 -0.0065589707850347984 0.024950381641426322 0.006685008728737789 0 0.0049190418986168561 0 0.015903919561634502 -0.025033799765662789 0.010465484985931755 0.0080965295032315015 0.019449319538107593 0.0038134849496233099 0 0.010180970711140052 -0.018307873992764304 0.020347884780530061 -0.013463151700235895 -0.012965643649897564 0 0.0082397657862750186 -0.023229032314935571
leaf_weight=9.9980065785348469 4.7767439484596235 2.4364071190357226 1.7951319254934768 11.083260681480164 83.121038302779198 3.3445849642157546 2.2269627563655368 6.0044262781739217 11.007600747048853 3.7268318310379973 32.812523111701012 3.6960099041461927 1.3924200758337981 0.90176819264888797 8.6353099271655065 5.527473181486128 10.341815970838068 3.4052507430315018 6.7459593042731276 2.2879101410508156 16.994304798543453 4.6397233232855797 1.0197852328419692 2.9571587219834328 3.8986807875335217 7.2798209190368643 2.6386729441583157 1.7869239486753943 1.4884747862815855 5.9338619150221348 3.0544082783162594
leaf_count=50 16 3 7 127 313 23 21 46 110 9 162 4 3 5 22 17 20 18 17 6 30 16 6 9 34 11 20 15 8 20 32
internal_value=0 0.00668596 0.0101015 -0.00132519 -0.00298948 0.00346871 -0.00164579 -0.00281585 -0.00140886 -0.0142215 0.000112 0.00890499 -0.0171966 -0.00554648 0.00538244 0.00164633 0.00553601 -0.00855791 -0.000108452 -0.003809 0.0141992 0.00351093 -0.0211021 -0.000997519 -0.00924969 0.0129171 -0.000685555 -0.020937 -0.00549871 0.0162556 -0.0195083
internal_weight=0 44.093 35.3601 222.866 167.588 55.2782 154.093 139.948 130.668 14.7344 115.934 14.1447 13.4955 8.73292 51.9336 36.0185 27.0858 8.93272 16.744 4.51487 26.7091 9.7148 12.103 8.65097 5.69381 15.9151 7.2784 9.27983 3.2754 9.62987 3.95618
internal_count=1200 172 119 1028 850 178 714 663 594 119 475 51 136 53 155 122 87 35 67 27 69 39 133 50 41 33 36 69 23 24 37
is_linear=0
shrinkage=0.0166325


Tree=12
num_leaves=23
num_cat=0
split_feature=50 16 18 47 12 2 39 43 39 46 47 17 48 38 43 2 42 3 6 42 50 7
split_gain=9.34451 26.0528 8.13605 7.07879 6.75012 5.55563 12.5467 11.5259 11.2076 8.62009 10.169 8.29785 7.44535 5.36769 5.01734 9.66762 6.00655 4.14518 2.81462 2.50494 1.48907 0.514925
threshold=11.500000000000002 1.0000000180025095e-35 4.5000000000000009 5.5000000000000009 2.5000000000000004 1.0000000180025095e-35 10.500000000000002 14.500000000000002 13.500000000000002 65.000000000000014 2.5000000000000004 2.5000000000000004 6.5000000000000009 4.5000000000000009 12.500000000000002 4.5000000000000009 65.000000000000014 121.50000000000001 1.0000000180025095e-35 25.000000000000004 2.5000000000000004 4.5000000000000009
decision_type=2 2 2 2 2 2 2 2 2 2 2 2 2 2 2 2 2 2 2 2 2 2
left_child=2 -2 4 -3 5 8 14 11 9 10 -1 -8 -11 -5 16 -16 -7 -6 21 -4 -20 -10
right_child=1 3 19 13 17 6 7 -9 18 12 -12 -13 -14 -15 15 -17 -18 -19 20 -21 -22 -23
leaf_value=-0.0015662925002277149 -0.027591626632874764 0.019785412513484948 0.0012451095325132085 0.010836446547556115 -0.021748561833653472 0.0079663110446740581 -0.024921318429615369 0.0083832355142199472 0.0069341928385581687 -0.0026524509272625339 -0.015878194287845836 0.012504187843297992 0.018947886797638164 -0.023747617894252893 -0.022397794004255182 0.012442187039114441 -0.0032486595229682452 0 0.010386853817190877 0.020035693416435508 -0.0082252061989776075 0.022094437135313869
leaf_weight=34.762042880058289 11.635584101080896 6.0996150895953161 4.8901062645018083 1.7269093766808508 5.9745010621845704 88.3776975274086 10.40154130756855 5.46596985310316 5.0760834328830224 10.235582727938892 25.633159399032593 1.3541000224649913 6.6845935955643645 2.4602553956210613 4.8276052512228471 3.3973664566874504 13.576853670179842 3.4422858580946922 2.0545402765274039 7.7369306981563568 2.5533339977264404 4.812926147133112
leaf_count=157 130 11 20 4 54 300 87 20 17 43 154 3 14 25 35 9 58 17 4 14 17 7
internal_value=0 -0.0103716 0.000946338 0.00786185 0.000164832 0.000819008 0.00311126 -0.00977943 -0.00221225 -0.00485432 -0.00788387 -0.0193826 0.00513513 -0.00635968 0.00525774 -0.00638022 0.00633654 -0.013469 0.0108742 0.0139049 0 0.015835
internal_weight=0 21.9224 241.257 10.2868 228.63 219.213 127.401 17.2216 91.8123 77.3154 60.3952 11.7556 16.9202 4.18716 110.18 8.22497 101.955 9.41679 14.4969 12.627 4.60787 9.88901
internal_count=1200 170 1030 40 996 925 512 110 413 368 311 90 57 29 402 44 358 71 45 34 21 24
is_linear=0
shrinkage=0.0166325


Tree=13
num_leaves=32
num_cat=0
split_feature=50 16 17 12 47 31 15 5 7 3 42 46 39 48 1 39 38 24 50 7 7 31 42 7 38 50 47 39 50 5 46
split_gain=7.20918 23.2191 7.25212 6.70382 6.50412 5.77143 14.6749 5.54057 7.73267 5.48414 4.8229 9.75517 7.19962 5.58774 6.0059 4.87804 4.70813 4.16614 3.97473 3.52963 3.16302 2.94294 3.31291 2.71183 2.34347 2.21497 2.8029 1.59519 0.768819 0.195281 0.0343184
threshold=11.500000000000002 1.0000000180025095e-35 1.5000000000000002 2.5000000000000004 5.5000000000000009 1.5000000000000002 7.5000000000000009 1.5000000000000002 30.500000000000004 8.5000000000000018 1.5000000000000002 5.5000000000000009 1.5000000000000002 3.5000000000000004 1.5000000000000002 17.500000000000004 4.5000000000000009 1.0000000180025095e-35 6.5000000000000009 32.500000000000007 1.0000000180025095e-35 2.5000000000000004 55.000000000000007 11.500000000000002 1.0000000180025095e-35 6.5000000000000009 2.5000000000000004 1.5000000000000002 5.5000000000000009 11.500000000000002 125.00000000000001
decision_type=2 2 2 2 2 2 2 2 2 2 2 2 2 2 2 2 2 2 2 2 2 2 2 2 2 2 2 2 2 2 2
left_child=2 30 3 5 -3 10 7 8 -7 18 13 15 -13 14 -1 -12 -6 21 27 -8 -5 22 24 -15 -11 29 -27 -4 -23 -19 -2
right_child=1 4 9 20 16 6 19 -9 -10 17 11 12 -14 23 -16 -17 -18 25 -20 -21 -22 28 -24 -25 -26 26 -28 -29 -30 -31 -32
leaf_value=-0.021058209941586595 -0.027687298454164035 0.019459812075436077 0.012968028734336553 0 0.0097306315440589698 -0.015046952338912921 -0.0022883643479786118 -0.026050886049792509 0.018734758329882851 0.006775034315129211 -0.021999739856641064 -0.019436757882131638 0.0019312038018721308 0.0046349283940105507 0.0034758955622675447 0.0050653472839585299 -0.022916736297689123 0 -0.022478854286353982 0.015934639767682911 -0.025110067604129788 0.0089319134327562177 0.017728484968634693 0.015276813316263344 -0.012393311339879982 0.019029844777372764 -0.001707109992634747 -0.0030180440120246869 0.022489446913796868 -0.017871861706393342 0
leaf_weight=3.8274585455656034 9.8649304509162903 5.9317160509526712 2.3982878252863866 1.7612784430384625 1.7087368890643118 6.6817206740379387 3.2198791913688165 8.7219048514962179 2.2429376915097237 2.9050507545471209 8.0826752446591819 4.4022926762700072 98.766932092607021 24.636451419442892 7.2455049678683281 1.3538700193166739 2.3242838867008686 1.1577311605215066 2.3057424947619438 6.4809201583266258 4.2931511290371418 6.460803076624873 3.2671295404434204 13.502081096172331 3.2872258834540844 2.5131134763360023 2.7757172919809818 3.4214135333895683 9.8292507231235486 1.4264715164899824 0.97389099746942598
leaf_count=30 121 11 7 9 4 39 19 74 4 9 95 34 393 73 15 3 25 11 23 19 41 16 6 25 21 4 17 18 14 11 9
internal_value=0 -0.00936359 0.000825638 -0.00045517 0.00789089 2.8259e-05 -0.00694787 -0.0162267 -0.00492137 0.00712993 0.00129563 -0.00049234 0.000868478 0.00565816 -0.00388747 -0.0166638 -0.0058598 0.0102133 -0.00392773 0.00852276 -0.0175468 0.0134413 0.00398284 0.00879176 -0.00125266 0 0.00576743 0.00135684 0.0180377 -0.0127086 -0.0264096
internal_weight=0 20.8036 236.967 195.219 9.96474 189.165 27.3474 17.6466 8.92466 41.7479 161.817 112.606 103.169 49.2115 11.073 9.43655 4.03302 33.6225 8.12544 9.7008 6.05443 25.7495 9.45941 38.1385 6.19228 7.87303 5.28883 5.8197 16.2901 2.5842 10.8388
internal_count=1200 170 1030 873 40 823 155 117 43 157 668 525 427 143 45 98 29 109 48 38 50 66 36 98 30 43 21 25 30 22 130
is_linear=0
shrinkage=0.0166325


Tree=14
num_leaves=35
num_cat=0
split_feature=7 50 3 47 16 7 38 3 0 39 49 50 2 38 39 3 39 39 23 26 0 38 6 19 49 50 10 23 7 39 38 1 38 38
split_gain=6.31942 8.34418 12.3184 18.1966 16.2697 10.548 9.47311 5.41893 14.6904 12.8685 7.92729 7.71614 11.3715 10.3187 7.5883 7.46817 7.60706 8.36018 6.68837 7.07399 6.39093 5.74194 5.33508 5.04476 4.39781 3.99914 4.68067 3.65691 3.5812 3.27534 3.27041 2.82181 2.11593 1.4284
threshold=111.50000000000001 9.5000000000000018 1.5000000000000002 5.5000000000000009 1.0000000180025095e-35 2.5000000000000004 125.00000000000001 6.5000000000000009 2.5000000000000004 6.5000000000000009 3.5000000000000004 7.5000000000000009 2.5000000000000004 95.000000000000014 14.500000000000002 64.500000000000014 9.5000000000000018 7.5000000000000009 1.0000000180025095e-35 1.5000000000000002 1.0000000180025095e-35 25.000000000000004 2.5000000000000004 3.5000000000000004 6.5000000000000009 6.5000000000000009 1.5000000000000002 2.5000000000000004 61.500000000000007 3.5000000000000004 45.000000000000007 1.0000000180025095e-35 105.00000000000001 35.000000000000007
decision_type=2 2 2 2 2 2 2 2 2 2 2 2 2 2 2 2 2 2 2 2 2 2 2 2 2 2 2 2 2 2 2 2 2 2
left_child=1 7 5 4 -4 -3 -5 11 9 10 21 14 13 -13 20 16 17 -10 19 -17 22 -9 -1 -7 30 26 -2 -20 -25 -22 -11 -12 -26 -27
right_child=25 2 3 6 -6 23 -8 8 15 24 31 12 -14 -15 -16 18 -18 -19 27 -21 29 -23 -24 28 32 33 -28 -29 -30 -31 -32 -33 -34 -35
leaf_value=-0.0094966814853609405 -0.015752203940748923 -0.023476017341980071 -0.024999590466598279 -0.028566692614968907 0.017361579698721451 0.018081692103550255 0.0014082705337891215 -0.021400563347883865 -0.0097695803332859127 0.011934313064758759 0.003343448506241201 -0.028948062283774417 0.022296962304513685 0.0047748901264215143 0.015122079105700332 0.013092657740368692 -0.025631420072211104 0.0085969817320913789 -0.021379097106779387 -0.011973964971387087 -0.0017072111823012758 0.0087715298273710017 0.0029726820154607706 -0.021551709708174091 -0.024806042584954963 0.0041525601843132275 0.013176086183604843 0.0019581926763545241 0.0096423107028966743 0.012540318222488352 -0.010513467846334213 0.019453075218049811 0 0.022937475805889479
leaf_weight=30.704607933759689 2.8405377343296996 2.6946211513131848 3.5708118323236722 15.8682660125196 7.4053641855716705 9.1622173599898797 2.5133370123803607 2.5636847987771025 20.565763052552942 4.3446028009057027 5.8110777214169493 9.104074232280249 1.6372685432434089 2.5244213491678247 7.7925461307167998 18.004742648452527 5.4788732603192321 9.5047399960458261 3.607053890824317 3.1198348030447951 5.436135619878768 4.6932054236531258 11.581853687763212 1.7359680272638791 3.2956373766064644 4.0598489418625814 3.15596554428339 1.8198631480336187 1.6386755108833311 9.7364988476037961 2.5333508104085922 29.02058869600296 1.4436457827687261 5.7332523092627525
leaf_count=168 19 35 39 173 16 19 13 18 100 14 21 73 1 10 18 61 49 33 27 17 26 13 43 15 27 17 8 8 5 28 16 56 7 7
internal_value=0 -0.000675233 -0.00718597 -0.0135857 0.00223905 0.00426128 -0.0237394 0.000750979 0.00309103 0.00950328 0.0138669 -0.00252521 -0.0140434 -0.0204776 0 -0.00223989 -0.00735823 -0.00349968 0.00409944 0.00870447 -0.00226163 -0.000166135 -0.00575839 0.0114485 -0.00511695 0.010157 0 -0.0111737 -0.002609 0.00655839 0.00166533 0.017176 -0.0176297 0.0166591
internal_weight=0 238.913 44.5893 29.3578 10.9762 15.2315 18.3816 194.324 115.807 53.7058 42.0886 78.5174 13.2658 11.6285 65.2516 62.1009 35.5494 30.0705 26.5515 21.1246 57.4591 7.25689 42.2865 12.5369 11.6172 15.7896 5.9965 5.42692 3.37464 15.1726 6.87795 34.8317 4.73928 9.7931
internal_count=1200 1149 315 241 55 74 186 834 467 172 108 367 84 83 283 295 182 133 113 78 265 31 211 39 64 51 27 35 20 54 30 77 34 24
is_linear=0
shrinkage=0.0166325


Tree=15
num_leaves=37
num_cat=0
split_feature=7 50 3 7 43 50 46 42 50 47 39 7 47 18 3 5 39 27 38 0 6 42 46 1 3 0 7 39 39 50 47 50 43 39 49 49
split_gain=6.33892 5.86325 7.38277 4.88199 6.46739 8.02786 20.9501 11.1159 7.65614 7.80925 9.82735 7.61176 8.61781 7.29168 6.38 6.34778 8.31327 6.05442 5.97567 5.96897 5.22689 4.18269 3.82288 3.75444 5.99282 3.53689 2.98035 2.64775 3.15472 2.53179 2.089 2.04046 1.59132 0.847523 0.692044 0.166274
threshold=1.0000000180025095e-35 1.5000000000000002 10.500000000000002 111.50000000000001 7.5000000000000009 6.5000000000000009 11.500000000000002 7.5000000000000009 3.5000000000000004 1.5000000000000002 1.5000000000000002 15.500000000000002 5.5000000000000009 1.0000000180025095e-35 1.0000000180025095e-35 1.0000000180025095e-35 10.500000000000002 2.5000000000000004 55.000000000000007 6.5000000000000009 1.0000000180025095e-35 12.500000000000002 85.000000000000014 1.5000000000000002 66.500000000000014 9.5000000000000018 11.500000000000002 1.5000000000000002 8.5000000000000018 7.5000000000000009 6.5000000000000009 1.5000000000000002 13.500000000000002 5.5000000000000009 12.500000000000002 12.500000000000002
decision_type=2 2 2 2 2 2 2 2 2 2 2 2 2 2 2 2 2 2 2 2 2 2 2 2 2 2 2 2 2 2 2 2 2 2 2 2
left_child=1 -1 32 4 8 7 35 -6 9 10 19 14 -13 25 -9 18 17 -17 30 -2 -20 -15 29 -4 -25 -8 -12 -11 -29 31 -10 -5 34 -33 -3 -7
right_child=3 2 23 22 5 6 13 11 15 27 26 12 -14 21 -16 16 -18 -19 20 -21 -22 -23 -24 24 -26 -27 -28 28 -30 -31 -32 33 -34 -35 -36 -37
leaf_value=0.0078323956211558046 -0.021140161166541393 -0.024976318083096291 0.012309570518779825 0.0067864281313234874 -0.022220825021364455 -0.027935379039936536 0 0.010166746661281907 0.015510550380657823 0 0 -0.0082084233304818236 0.016883206247622365 0.0015149884712015273 -0.012871323407943143 0 -0.021547435563400323 0.014794156041797978 -0.018675200102427496 0.0045625117027029019 0.0080042815270525442 -0.022350452925525382 0.021570743000556634 -0.023176022548624574 0.0038284276353665971 0.01597463129318831 0.016785092372294398 -0.021190293034560312 0 0.011603963982499202 0.00091064876404207333 -0.019367108002007142 0 0 0 0
leaf_weight=4.4998898729681995 5.7461478039622325 8.8385755531489867 3.4499995186924917 1.5451445877552012 4.4240590408444396 11.264798309653994 17.991258304566152 4.6919905468821517 26.431751899421219 1.7768943160772313 3.0955994874238959 3.9541919007897404 17.386093467473984 1.5757022090256203 8.7379389032721502 37.266837321221828 3.9094482958316794 9.7982396669685823 3.1971450299024573 3.0405257642269135 4.6958433464169502 5.6611291319131851 5.3623024970293036 3.8168562781065702 3.7771158367395401 4.912249017506837 9.0705250650644285 9.2807888463139516 1.7209531217813481 4.8320178352296352 5.3247507214546195 2.0564688518643384 1.1931043863296498 1.5429821088910101 1.1391249261796463 0.95209904760122377
leaf_count=17 31 84 13 5 46 114 88 13 65 8 17 20 39 7 52 156 37 30 21 9 14 54 7 37 15 12 26 59 9 15 28 14 10 10 9 9
internal_value=0 -0.00763748 -0.0114077 0.000925229 0.000180572 -0.00338438 -0.00845515 0.00175357 0.00262966 -0.00389753 0.00178775 0.00525287 0.0115766 -0.000515676 -0.0037916 0.0052122 0.00102053 0.00322806 0.0102394 -0.0107489 -0.00118222 -0.0153319 0.00996575 -0.000427144 -0.00808368 0.00361489 0.0119758 -0.0142278 -0.0173438 0.00221293 0.0135043 -0.00404121 -0.0209448 -0.0124603 -0.0231151 -0.0267643
internal_weight=0 26.7147 22.2148 221.246 205.907 81.5515 42.3572 39.1943 124.355 33.7314 20.9528 34.7702 21.3403 30.1403 13.4299 90.624 50.9745 47.0651 39.6495 8.78667 7.89299 7.23683 15.3389 11.044 7.59397 22.9035 12.1661 12.7786 11.0017 9.97661 31.7565 5.1446 11.1708 3.59945 9.9777 12.2169
internal_count=1200 185 168 1015 964 454 284 170 510 159 83 124 59 161 65 351 223 186 128 40 35 61 51 65 52 100 43 76 68 44 93 29 103 24 93 123
is_linear=0
shrinkage=0.0166325


Tree=16
num_leaves=34
num_cat=0
split_feature=50 16 38 43 19 29 46 1 39 42 19 4 47 1 47 18 39 46 7 19 1 46 1 2 15 7 38 7 46 38 47 42 2
split_gain=6.52176 19.2609 5.45715 10.8222 20.2331 9.26862 7.79568 7.53598 7.12822 5.9223 8.2029 7.98993 5.88897 5.65101 5.33466 5.03384 7.47302 7.98693 6.93799 5.03166 4.77987 4.59722 4.33071 6.43589 3.89751 3.51059 3.47652 1.79284 0.806172 0.804969 1.27082 0.711004 0.554386
threshold=11.500000000000002 1.0000000180025095e-35 25.000000000000004 3.5000000000000004 2.5000000000000004 1.0000000180025095e-35 12.500000000000002 1.5000000000000002 14.500000000000002 10.500000000000002 4.5000000000000009 12.500000000000002 13.500000000000002 15.500000000000002 5.5000000000000009 1.0000000180025095e-35 6.5000000000000009 115.00000000000001 12.500000000000002 3.5000000000000004 2.5000000000000004 85.000000000000014 1.0000000180025095e-35 2.5000000000000004 3.5000000000000004 4.5000000000000009 4.5000000000000009 15.500000000000002 135.00000000000003 8.5000000000000018 2.5000000000000004 95.000000000000014 16.500000000000004
decision_type=2 2 2 2 2 2 2 2 2 2 2 2 2 2 2 2 2 2 2 2 2 2 2 2 2 2 2 2 2 2 2 2 2
left_child=2 28 3 6 21 9 7 8 19 11 -11 -6 13 15 -3 16 18 -18 -4 -1 -9 29 27 -24 -22 -8 -16 -17 -2 -5 -31 -14 -15
right_child=1 14 12 4 5 -7 25 20 -10 10 -12 -13 31 32 26 22 17 -19 -20 -21 24 -23 23 -25 -26 -27 -28 -29 -30 30 -32 -33 -34
leaf_value=-0.0096426026612255519 -0.026587582433967881 0.017691161667657475 0.0053754575329719957 -0.024985992897184273 -0.01049465435772304 -0.02190896352544501 0 0.024681866835218908 0.023997484090953935 0.020484095018959692 0 0.015754653917484599 0.0051690721075692151 0.020397238717746524 0.0073416337764668459 0.023375004205424724 -0.015174570036700696 0.011549927569300197 -0.017581404482525615 0.0046379811224978515 -0.0074956965860143148 0 -0.020279410076255121 0.0059915714325532643 0.01078114392025366 -0.025461532388561563 -0.021321915567058557 0.0049160312931381426 0 0 -0.01648808112308555 0.02002694688250135 0.0042788598160750585
leaf_weight=14.57261741906405 9.4511779062449932 5.6467082947492582 29.639297682791948 11.630230996757751 11.542797934263943 4.0395946428179732 1.8680500462651242 7.1103218570351627 2.9477662444114676 10.432912439107897 8.8313829712569696 4.0974808558821669 4.6790677756071073 4.7409908771514875 1.4538060873746874 4.8527064770460147 17.017458576709036 3.105702430009841 3.8858119472861281 11.270472351461647 3.2023297175765064 2.6285808831453314 3.0199833810329464 13.822265546768902 13.924562007188795 3.2361017763614655 2.1320353448390961 5.636388398706913 0.7433475852012642 2.7772870957851401 9.361065596342085 6.6182263046503067 3.7885656654834747
leaf_count=78 124 11 111 103 79 39 9 11 3 20 44 9 16 8 4 7 112 8 24 44 18 11 24 48 42 24 25 22 6 13 77 12 14
internal_value=0 -0.00921941 0.000802332 -0.00146247 -0.00618134 0.00111588 0.0036072 0.00569449 0 0.00422796 0.0105378 -0.00268871 0.00371123 0.0020954 0.00701657 0.000553945 -0.00221774 -0.0103341 0.00226172 -0.00289129 0.012508 -0.0174291 0.00648349 0.000378302 0.00654273 -0.0151314 -0.00608976 0.0148932 -0.0251831 -0.0197613 -0.0134698 0.0151777 0.0149622
internal_weight=0 19.4271 224.28 123.474 65.3413 38.9442 58.1322 53.0281 28.7909 34.9046 19.2643 15.6403 100.806 89.5092 9.23255 80.9796 53.6483 20.1232 33.5251 25.8431 24.2372 26.3972 27.3313 16.8422 17.1269 5.10415 3.58584 10.4891 10.1945 23.7686 12.1384 11.2973 8.52956
internal_count=1200 170 1030 624 395 191 229 196 125 152 64 88 406 378 40 356 255 120 135 122 71 204 101 72 60 33 29 29 130 193 90 28 22
is_linear=0
shrinkage=0.0166325


Tree=17
num_leaves=20
num_cat=0
split_feature=50 16 20 11 12 6 3 47 1 39 49 43 7 4 46 47 38 46 46
split_gain=6.08707 18.023 5.22468 6.59101 6.60609 5.03324 6.41018 4.71033 7.61241 10.0458 7.99378 5.45795 2.40425 1.13496 1.10335 0.907849 0.649091 0.548015 0.14185
threshold=11.500000000000002 1.0000000180025095e-35 1.0000000180025095e-35 6.5000000000000009 2.5000000000000004 1.0000000180025095e-35 4.5000000000000009 14.500000000000002 1.5000000000000002 10.500000000000002 3.5000000000000004 15.500000000000002 1.0000000180025095e-35 19.000000000000004 15.500000000000002 9.5000000000000018 55.000000000000007 135.00000000000003 8.5000000000000018
decision_type=2 2 2 2 2 2 2 2 2 2 2 2 2 2 2 2 2 2 2
left_child=2 17 3 4 7 -3 -7 8 10 -10 -1 14 -6 16 -9 18 -5 -2 -4
right_child=1 5 15 13 12 6 -8 11 9 -11 -12 -13 -14 -15 -16 -17 -18 -19 -20
leaf_value=-0.012016449385168484 -0.026102316397749833 0.021995259950182089 -0.00017045913466890204 0 0 0.011751384245660875 -0.022725510582700708 0.0042087010466252553 0.0065094590137910304 -0.011811381571851716 -0.00019239012032921829 -0.005733933454990678 -0.023135146579758421 0.019930892476163156 0.020417579498227235 0 0.011375609450080197 0 -0.022946939226639006
leaf_weight=20.152259700000286 9.1273338180035353 3.5912098661065084 1.4612923189997662 4.0158732235431653 1.5276660546660412 3.1688367277383804 2.4732371978461742 4.3975096419453603 69.034332640469074 8.8593008220195753 84.054226487874985 3.4067338407039633 4.2289277948439121 5.5719310343265533 7.4210791662335396 1.8207390382885931 2.7143746316432953 0.74801659211516458 2.7922862842679024
leaf_count=132 124 4 11 17 9 9 27 17 264 65 392 18 42 9 12 11 7 6 24
internal_value=0 -0.00898175 0.000778694 0.00126923 0.000479722 0.00654902 -0.00110181 0.00106148 0.000238448 0.00423713 -0.00262004 0.00994319 -0.0167943 0.0130858 0.0156249 -0.0141291 0.00519897 -0.0248 -0.0184611
internal_weight=0 19.1086 221.459 215.384 203.082 9.23328 5.64207 197.325 182.1 77.8936 104.206 15.2253 5.75659 12.3022 11.8186 6.07432 6.73025 9.87535 4.25358
internal_count=1200 170 1030 984 951 40 36 900 853 329 524 47 51 33 29 46 24 130 35
is_linear=0
shrinkage=0.0166325


Tree=18
num_leaves=28
num_cat=0
split_feature=50 16 17 12 42 42 47 27 47 6 3 31 3 49 24 7 7 3 50 3 38 7 31 38 39 46 50
split_gain=5.52154 16.4858 4.7868 5.73635 5.32442 8.43802 6.34722 7.42975 5.90544 4.77316 5.55139 4.70214 4.01461 3.97788 3.95741 3.43193 5.78806 5.90065 2.56394 2.99045 3.28569 2.40693 2.12337 1.76384 2.64299 0.560301 0.318563
threshold=11.500000000000002 1.0000000180025095e-35 1.5000000000000002 2.5000000000000004 1.5000000000000002 7.5000000000000009 5.5000000000000009 1.0000000180025095e-35 2.5000000000000004 1.0000000180025095e-35 4.5000000000000009 3.5000000000000004 8.5000000000000018 3.5000000000000004 1.0000000180025095e-35 31.500000000000004 11.500000000000002 25.500000000000004 4.5000000000000009 12.500000000000002 1.5000000000000002 1.0000000180025095e-35 3.5000000000000004 65.000000000000014 11.500000000000002 135.00000000000003 2.5000000000000004
decision_type=2 2 2 2 2 2 2 2 2 2 2 2 2 2 2 2 2 2 2 2 2 2 2 2 2 2 2
left_child=2 25 3 4 15 8 11 -8 -6 -3 -11 -7 13 -4 18 16 17 -1 19 -14 -21 -5 -20 24 -16 -2 -15
right_child=1 9 12 21 5 6 7 -9 -10 10 -12 -13 14 26 23 -17 -18 -19 22 20 -22 -23 -24 -25 -26 -27 -28
leaf_value=-0.0021206892260449551 -0.025660111733942018 0.021411338795942609 0.0052203060905933081 0 0.00060207090280428447 -0.0076006075781664788 0.0059765056188496347 -0.0050895575108674063 -0.022481300154609089 0.010222049648348842 -0.022087989083127375 0.01197215065016379 0.017076656028913905 0 -0.017040627510161076 -0.0096366093310526046 0.016455575251107496 0.013134900241162402 0.0044999793186263487 0.01268529825104606 -0.010045881299941843 -0.02353125800133261 0.022764324924033651 0.0090354477580420513 0.0036189475235620236 0 -0.020433193202208055
leaf_weight=21.711742408573631 8.6782411765307188 3.509949676692484 4.151377744972705 1.6428369656205166 3.0672685317695132 36.060515306890011 54.835186377167702 22.876714177429676 8.3565834350883943 3.1629264503717422 2.3692798800766468 3.1562907323241225 3.3255605101585441 0.91597761958837542 3.3063138574361792 3.2785751670598975 11.928499944508074 9.6453474760055524 4.968254327774047 2.510110929608345 4.7499055862426758 4.0020253546535969 8.6875835508108121 2.4334451854228973 1.6852429956197736 0.75903171300888139 2.6980986855924129
leaf_count=95 124 4 15 9 16 213 212 124 85 9 27 10 6 5 30 18 26 24 20 6 22 41 12 7 6 6 28
internal_value=0 -0.00870713 0.000735018 -0.000340949 0.000118291 -0.0015488 -9.17846e-05 0.00254 -0.0151399 0.00613705 -0.00132265 -0.00564952 0.00599786 -0.00348432 0.00875923 0.00500143 0.00644642 0.002162 0.0120456 0.00401325 -0.000254723 -0.0167172 0.017199 -0.000162076 -0.00743335 -0.0242855 -0.0170533
internal_weight=0 18.4794 219.993 180.562 174.917 128.353 116.929 77.7119 11.4239 9.04216 5.53221 39.2168 39.4319 7.76545 31.6664 46.5642 43.2856 31.3571 24.2414 10.5856 7.26002 5.64486 13.6558 7.425 4.99156 9.43727 3.61408
internal_count=1200 170 1030 873 823 660 559 336 101 40 36 223 157 48 109 163 145 119 66 34 28 50 32 43 36 130 33
is_linear=0
shrinkage=0.0166325


Tree=19
num_leaves=36
num_cat=0
split_feature=7 50 43 49 49 50 2 47 42 47 46 1 43 47 31 47 3 50 39 4 39 26 47 49 25 50 50 42 47 49 42 39 38 39 6
split_gain=4.95611 5.09917 4.83235 9.98101 9.24236 7.15074 6.92012 6.12329 15.9434 7.95051 11.1407 7.11318 5.76 5.73575 5.28367 5.50584 5.27534 4.77979 10.9699 7.63432 3.7727 7.66579 3.26542 3.24348 3.22868 6.49845 2.76281 2.42504 1.98944 1.87772 1.45839 1.2556 1.21508 1.01133 0.905132
threshold=1.0000000180025095e-35 8.5000000000000018 10.500000000000002 4.5000000000000009 9.5000000000000018 3.5000000000000004 3.5000000000000004 13.500000000000002 95.000000000000014 8.5000000000000018 95.000000000000014 1.5000000000000002 17.500000000000004 1.5000000000000002 1.5000000000000002 3.5000000000000004 1.0000000180025095e-35 4.5000000000000009 6.5000000000000009 26.000000000000004 1.5000000000000002 1.0000000180025095e-35 8.5000000000000018 7.5000000000000009 1.0000000180025095e-35 1.5000000000000002 5.5000000000000009 85.000000000000014 8.5000000000000018 9.5000000000000018 5.5000000000000009 6.5000000000000009 -1.0000000180025095e-35 9.5000000000000018 4.5000000000000009
decision_type=2 2 2 2 2 2 2 2 2 2 2 2 2 2 2 2 2 2 2 2 2 2 2 2 2 2 2 2 2 2 2 2 2 2 2
left_child=1 22 5 6 17 13 -4 8 9 11 -11 -7 16 20 31 -16 -6 28 34 -20 21 -2 24 30 25 -1 -8 -9 -5 -24 -22 -15 -3 -33 -19
right_child=2 32 3 4 12 7 26 27 -10 10 -12 -13 -14 14 15 -17 -18 18 19 -21 23 -23 29 -25 -26 -27 -28 -29 -30 -31 -32 33 -34 -35 -36
leaf_value=0.0049954171755206079 -0.019428407998082552 0 -0.025271006017380884 6.0995380448570069e-06 0 0.0014473682393847343 0.011202861765985674 0.0034211444801120609 -0.024232510417442232 -0.016995211425584012 0.013962134780410005 0.010921777849718484 0.010747644617622693 -0.024506153249808652 -0.017116557253978898 0.011511181334709866 -0.024982855100960578 0.0022114382820693757 -0.025569388387665488 0.014754735296311612 0.017050869352993919 0.0092923607725379758 0 -0.0055213023231729949 0.0040215477664697864 -0.020921434169691517 -0.01665659176504344 0.024982126066666374 0.020600391069689705 0.014766996147748372 0 0 -0.024308423332959284 -0.014445884718995652 0.020511317560765852
leaf_weight=2.9692136719822937 5.4087648093700427 0.68634885549545277 8.2483057677745801 3.3199542500078696 2.5177453681826574 47.963927283883095 2.6246482357382765 4.2807298861443979 5.4033858701586714 9.8282845318317396 4.2336415946483603 47.325249288231134 1.836686186492442 6.2146424278616923 3.0633226037025443 4.4009219482541084 6.8401002325117588 3.3885429054498655 5.1218490041792393 1.1902744770050047 6.7453838363289815 4.0337537676095963 2.6397431194782248 2.5232384055852881 3.3818926140665999 7.3930386602878571 1.4224531166255472 5.5371836498379707 6.8125411979854107 3.5633312910795212 3.3301193788647652 1.9989483505487444 4.7615017667412749 1.7964854538440702 3.9056961014866829
leaf_count=14 32 5 69 16 11 203 7 18 46 80 10 160 5 47 23 14 70 14 56 1 17 12 15 16 13 61 19 6 16 9 16 12 68 13 6
internal_value=0 -0.00692752 0.000835397 -0.0037407 0.000428804 0.00223766 -0.0166032 0.00424501 0.00301206 0.0045047 -0.00667209 0.00630334 -0.0115336 -0.0037385 -0.0109291 0 -0.0174266 0.00667085 0 -0.0157117 0.00136535 -0.00575075 -0.00220759 0.0077838 -0.00722008 -0.0122054 0 0.0170955 0.015261 0.00665752 0.0124874 -0.0187672 -0.0213823 -0.0054563 0.0140127
internal_weight=0 25.3951 211.317 47.2288 34.9334 164.088 12.2954 124.572 114.754 109.351 14.0619 95.2892 11.1945 39.5156 17.4743 7.46424 9.35785 23.7389 13.6064 6.31212 22.0413 9.44252 19.9472 12.5987 13.7441 10.3623 4.0471 9.81791 10.1325 6.20307 10.0755 10.0101 5.44785 3.79543 7.29424
internal_count=1200 185 1015 290 195 725 95 523 499 453 90 363 86 202 109 37 81 109 77 57 93 44 112 49 88 75 26 24 32 24 33 72 73 25 20
is_linear=0
shrinkage=0.0166325


Tree=20
num_leaves=37
num_cat=0
split_feature=43 16 46 50 46 42 11 7 1 15 47 50 42 39 0 7 42 47 5 38 48 4 4 39 43 19 5 38 46 47 5 47 48 38 7 19
split_gain=5.33833 8.68102 10.7379 7.35234 8.64182 6.38857 5.11853 4.25897 6.12166 6.7961 4.83737 3.48083 4.35607 6.77431 6.10177 3.26873 5.07907 8.49714 5.59821 4.03143 3.65869 3.47079 6.76377 4.08988 3.24064 3.09651 2.7916 2.46544 1.502 1.4481 1.35704 1.08907 0.795745 0.690028 0.522094 0.0022276
threshold=7.5000000000000009 3.5000000000000004 6.5000000000000009 6.5000000000000009 10.500000000000002 6.5000000000000009 1.0000000180025095e-35 15.500000000000002 14.500000000000002 1.0000000180025095e-35 5.5000000000000009 3.5000000000000004 2.5000000000000004 1.5000000000000002 6.5000000000000009 1.0000000180025095e-35 85.000000000000014 13.500000000000002 1.0000000180025095e-35 55.000000000000007 7.5000000000000009 1.0000000180025095e-35 3.5000000000000004 2.5000000000000004 4.5000000000000009 6.5000000000000009 3.5000000000000004 35.000000000000007 65.000000000000014 6.5000000000000009 4.5000000000000009 7.5000000000000009 4.5000000000000009 35.000000000000007 1.0000000180025095e-35 2.5000000000000004
decision_type=2 2 2 2 2 2 2 2 2 2 2 2 2 2 2 2 2 2 2 2 2 2 2 2 2 2 2 2 2 2 2 2 2 2 2 2
left_child=11 2 -2 7 -5 -6 -7 8 9 -4 30 12 13 14 -1 20 18 -18 19 29 -13 23 -23 -20 -21 -12 28 -3 31 -17 -9 34 -28 35 -14 -15
right_child=1 27 3 4 5 6 -8 10 -10 -11 25 15 26 33 -16 16 17 -19 21 24 -22 22 -24 -25 -26 -27 32 -29 -30 -31 -32 -33 -34 -35 -36 -37
leaf_value=-0.018091575581616677 -0.023364395603288568 0 0.0016380181636013169 -0.024517855388478421 0.021070315203538127 -0.00154900475392185 -0.018064963480802713 -0.016202083921023566 0.015613151579732535 -0.018984142368130591 0.01737650709817154 -0.017474428398909871 -0.0030538648530525608 0.0078679669275248318 0.0066214503728943275 0.015333125625751086 -0.022784598297427294 0.016088351180674594 0.01745559372908994 -0.012986759208227597 0.0047957070529861742 -0.008916997935830227 0.0054700806022789268 0 0.0093711426685032864 0 0.005967141728878321 0.020647907949624025 0 0.0016552544753680851 0 0 -0.0060372474283587729 0.020734810819597764 -0.019873922462307639 0
leaf_weight=5.4319578185677546 7.8682717606425276 3.9190753027796728 7.7616805061697978 7.1023740135133258 2.3584215193986884 24.124079901725057 7.4888404719531527 1.9580807313323048 3.535171002149581 7.6674744263291359 10.787323378026484 3.9706405624747267 2.9196208864450472 3.1438905671238881 4.4135550484061241 24.705895513296131 4.3830050267279139 1.9017865434288976 7.287229508161543 3.0901917889714232 2.6246435455977917 15.867152631282805 20.276367157697678 5.8793954774737358 3.9820058979094028 4.2656939253211013 3.9796814471483222 4.636505663394928 2.0523880273103705 4.9349807649850836 1.6329633221030235 1.6898077279329289 1.9543758481740949 3.9475050121545792 6.8683785609900951 2.8629759699106216
leaf_count=35 96 20 32 74 3 158 61 13 7 58 24 38 21 12 14 62 37 3 15 15 11 92 84 27 12 14 16 7 9 26 7 10 15 8 53 11
internal_value=0 -0.00303089 -0.00473029 -0.00266523 -0.00760529 -0.00360468 -0.00593925 0.00237157 -0.0026411 -0.0077817 0.00819012 0.00208696 -0.00187048 0.00313718 -0.00567672 0.0037971 0.00469645 -0.00880235 0.00585124 0.0108452 -0.00662075 0.00184062 -0.000474052 0.00918579 0 0.0126654 -0.00765667 0.0124297 -0.0118662 0.013531 -0.00668253 -0.0142006 0 0.0131908 -0.0163276 0.00572553
internal_weight=0 95.106 86.5504 78.6821 41.0737 33.9713 31.6129 37.6084 18.9643 15.4292 18.6441 138.167 39.2641 19.7999 9.84551 98.9033 92.308 6.28479 86.0232 36.7131 6.59528 49.3101 36.1435 13.1666 7.0722 15.053 19.4643 8.55558 13.5302 29.6409 3.59104 11.4778 5.93406 9.95437 9.788 6.00687
internal_count=1200 574 547 451 296 222 219 155 97 90 58 626 204 80 49 422 373 40 333 115 49 218 176 42 27 38 124 27 93 88 20 84 31 31 74 23
is_linear=0
shrinkage=0.0166325


Tree=21
num_leaves=29
num_cat=0
split_feature=43 16 46 50 46 42 43 49 11 7 12 1 4 17 1 48 39 38 3 42 46 49 47 50 46 27 38 26
split_gain=5.68804 8.11115 9.55968 5.38356 8.07443 7.33192 4.42177 4.29915 4.2609 3.32292 3.22659 4.04068 6.99142 5.63976 5.36938 6.72402 4.85767 4.08797 3.53028 2.92478 2.86115 2.64251 4.0013 2.38387 3.31393 2.33865 2.29174 2.0328
threshold=7.5000000000000009 3.5000000000000004 6.5000000000000009 6.5000000000000009 10.500000000000002 6.5000000000000009 9.5000000000000018 11.500000000000002 1.0000000180025095e-35 1.0000000180025095e-35 3.5000000000000004 1.5000000000000002 8.5000000000000018 1.5000000000000002 2.5000000000000004 5.5000000000000009 14.500000000000002 35.000000000000007 65.500000000000014 9.5000000000000018 55.000000000000007 11.500000000000002 12.500000000000002 1.5000000000000002 65.000000000000014 1.5000000000000002 35.000000000000007 1.0000000180025095e-35
decision_type=2 2 2 2 2 2 2 2 2 2 2 2 2 2 2 2 2 2 2 2 2 2 2 2 2 2 2 2
left_child=9 2 -2 6 -5 -6 21 19 -7 23 11 12 13 16 17 18 -11 -13 -16 -8 -12 22 -4 -1 27 -17 -3 -25
right_child=1 26 3 4 5 8 7 -9 -10 10 20 14 -14 -15 15 25 -18 -19 -20 -21 -22 -23 -24 24 -26 -27 -28 -29
leaf_value=0.0044305058844842917 -0.022684893349685365 0 -0.0245612225151936 -0.023715538181875453 0.022146025765282955 -0.0017997085232221216 -0.0069313813217735257 -0.013710375366110953 -0.017212588578592199 -0.0014150704784886543 -0.019515503365991192 0.020077402830726728 -0.022196327426480009 0.014671080559557492 -0.0096241618042553038 0.00020126335513568418 0.018831098046494753 0 0.0041800040008216806 0.0091984713181821626 0.0029442865954587938 0.0021139853367337915 0 -0.020996512193673194 0.0017515814322229769 0.013822389580474926 0.019913205392934091 0
leaf_weight=2.9132670089602462 7.6443847827613345 3.9138424154371005 3.9769088178873044 6.8692932687699786 2.5852136537432662 24.181295439600948 2.5054960027337136 2.5684612169861785 7.2162642925977698 47.528544925153255 3.1205062270164481 12.09280549734831 3.3467269763350478 8.3222209438681585 11.523513633757831 7.4784173872321871 3.4207474812865248 4.2732816636562339 7.4573637694120398 24.010479904711246 1.3037310242652891 2.1802560314536095 2.0380610153079033 5.5005017220973951 2.4830339029431343 13.971306480467318 4.5342592746019363 1.4018773660063741
leaf_count=13 96 20 23 74 3 158 18 16 61 225 30 28 31 21 72 35 6 18 28 81 5 9 8 51 11 44 7 8
internal_value=0 -0.00313966 -0.00478964 -0.00283645 -0.00706144 -0.00323228 0.0014324 0.00478549 -0.00582162 0.00217374 0.00306666 0.00367146 0.00051376 0.00206263 0.00690437 0.00319472 0 0.0151594 -0.00348723 0.00713794 -0.0099418 -0.00872581 -0.0148718 -0.00566164 -0.0102562 0.00973381 0.0118662 -0.016501
internal_weight=0 94.2242 85.7761 78.1317 40.8521 33.9828 37.2797 29.0844 31.3976 136.138 123.839 119.415 62.6182 59.2715 56.7967 40.4306 50.9493 16.3661 18.9809 26.516 4.42424 8.19523 6.01497 12.2987 9.38541 21.4497 8.4481 6.90238
internal_count=1200 574 547 451 296 222 155 115 219 626 543 508 283 252 225 179 231 46 100 99 35 40 31 83 70 79 27 59
is_linear=0
shrinkage=0.0166325


Tree=22
num_leaves=34
num_cat=0
split_feature=50 16 17 42 46 39 50 42 39 38 50 31 5 47 48 1 46 50 42 42 38 43 39 50 31 31 48 48 4 39 46 47 12
split_gain=4.98348 15.0529 4.76675 5.48819 8.76327 6.73363 7.35948 8.88719 6.05553 5.22228 6.81603 5.10034 4.71527 4.14626 3.84568 6.25735 3.51253 5.06767 4.4194 3.29107 2.84675 2.84022 2.60076 6.21022 2.57872 4.35163 1.72073 1.06231 0.829928 0.749306 0.510227 0.348588 0.116103
threshold=11.500000000000002 1.0000000180025095e-35 1.5000000000000002 1.5000000000000002 5.5000000000000009 10.500000000000002 5.5000000000000009 145.00000000000003 14.500000000000002 4.5000000000000009 5.5000000000000009 1.5000000000000002 1.5000000000000002 5.5000000000000009 3.5000000000000004 1.5000000000000002 35.000000000000007 4.5000000000000009 8.5000000000000018 55.000000000000007 4.5000000000000009 4.5000000000000009 1.5000000000000002 3.5000000000000004 4.5000000000000009 1.0000000180025095e-35 6.5000000000000009 3.5000000000000004 6.5000000000000009 5.5000000000000009 135.00000000000003 4.5000000000000009 1.5000000000000002
decision_type=2 2 2 2 2 2 2 2 2 2 2 2 2 2 2 2 2 2 2 2 2 2 2 2 2 2 2 2 2 2 2 2 2
left_child=2 30 3 11 21 9 8 -8 -7 10 -6 14 -11 -3 15 -1 18 31 24 -20 -15 26 23 -16 25 -4 -5 -26 -19 -24 -2 -18 -29
right_child=1 13 16 4 5 6 7 -9 -10 12 -12 -13 -14 20 22 -17 17 28 19 -21 -22 -23 29 -25 27 -27 -28 32 -30 -31 -32 -33 -34
leaf_value=-0.01953984925124494 -0.024796526486584498 0.016185265947768871 0.0083545387087702386 -0.013825579521372231 0.00026822617406245032 -0.014121629319405408 -0.026025509003477588 0.012583893560875577 0.0092401474955398182 0.0052914677885014857 -0.025322570609454715 -0.015816677369933335 -0.0033366370328161395 0.0066683052551429504 -0.013501354506471674 0.0073530635168504244 0 0.0053556565030446176 -0.021706553129362011 0.00097200100445859864 -0.019727342824640937 -0.022104468839099972 0.018755705038703243 0.0091989482904733591 0.018509342726892308 -0.018522429163695262 0.0028760210449705328 0 0.020914957416673836 0.0057914896453970062 0 -0.0072366054031413451 0.0055396691831572399
leaf_weight=3.7533004656434041 8.4286003187298775 5.1814785599708539 3.8492220565676716 2.4349604621529561 5.3663265481591207 5.0560445562005061 8.7821019664406741 1.4384776353836066 7.4780420809984207 59.57768777012825 4.3491421304643154 2.7388997301459304 22.686704203486443 1.3415866419672968 3.8713958710432079 5.5164239928126335 2.1469992920756367 4.2538866177201262 3.3838016465306273 1.4868780151009557 2.0055447742342949 7.5941855423152447 8.7476466968655568 14.541585370898245 4.2057178914546949 2.6109658814966679 2.7659275308251381 2.9969238564372063 8.7231035977601987 6.0508888959884635 0.76909165084362108 1.9342308044433592 1.9497284740209577
leaf_count=30 124 11 13 22 25 39 85 2 23 241 40 22 118 4 24 17 8 16 36 4 25 93 21 39 6 25 15 15 15 17 6 12 7
internal_value=0 -0.00844373 0.000715428 -0.00037856 -0.00221665 -0.00062956 -0.00878826 -0.0191912 0 0.00124696 -0.00992911 0.00449555 0.00274408 0.00620709 0.00616179 -0.00216195 0.00610209 0.0117352 0.000709269 -0.0121394 -0.00527568 -0.0152678 0.00889694 0.003637 0.00564366 -0.000530726 -0.00246503 0.0114452 0.0169449 0.0144513 -0.023427 -0.00155349 0.00246965
internal_weight=0 17.7263 210.291 172.75 127.53 114.735 22.7547 10.2206 12.5341 91.9799 9.71547 45.2201 82.2644 8.52861 42.4812 9.26972 37.5415 17.0582 20.4832 4.87068 3.34713 12.7951 33.2115 18.413 15.6126 6.46019 5.20089 9.15237 12.977 14.7985 9.19769 4.08123 4.94665
internal_count=1200 170 1030 873 703 573 149 87 62 424 65 170 359 40 148 47 157 51 106 40 29 130 101 63 66 38 37 28 31 38 130 20 22
is_linear=0
shrinkage=0.0166325


Tree=23
num_leaves=34
num_cat=0
split_feature=50 16 17 39 39 42 1 49 16 1 49 48 39 0 50 15 6 3 15 3 24 49 7 1 31 0 42 4 39 38 39 14 46
split_gain=4.42967 14.4293 4.73734 4.71045 12.6196 8.47182 7.7244 7.82811 7.49009 7.79643 6.14432 6.22303 4.98397 4.66043 7.18298 4.20265 3.81475 4.43081 3.74381 3.39317 4.44177 3.44871 3.32979 3.12936 2.99568 2.56512 2.27805 1.53319 1.42767 1.39406 2.41413 0.878524 0.397221
threshold=11.500000000000002 1.0000000180025095e-35 1.5000000000000002 10.500000000000002 14.500000000000002 145.00000000000003 1.5000000000000002 3.5000000000000004 1.0000000180025095e-35 2.5000000000000004 4.5000000000000009 5.5000000000000009 7.5000000000000009 1.0000000180025095e-35 2.5000000000000004 1.0000000180025095e-35 1.0000000180025095e-35 4.5000000000000009 3.5000000000000004 8.5000000000000018 1.0000000180025095e-35 5.5000000000000009 1.0000000180025095e-35 8.5000000000000018 2.5000000000000004 2.5000000000000004 55.000000000000007 2.5000000000000004 1.5000000000000002 65.000000000000014 11.500000000000002 3.5000000000000004 135.00000000000003
decision_type=2 2 2 2 2 2 2 2 2 2 2 2 2 2 2 2 2 2 2 2 2 2 2 2 2 2 2 2 2 2 2 2 2
left_child=2 32 3 6 5 -5 7 12 22 -10 18 -12 -1 -6 -15 -14 -3 -18 -9 21 24 28 23 -8 26 -24 27 -21 -4 30 -22 -11 -2
right_child=1 16 19 4 13 -7 8 10 9 31 11 -13 15 14 -16 -17 17 -19 -20 20 29 -23 25 -25 -26 -27 -28 -29 -30 -31 -32 -33 -34
leaf_value=-0.022057944852887645 -0.024411983254142594 0.020114433202956843 0.013768530376338774 -0.022055467341027927 0.013759356800466452 0.016786276235403665 -0.012232998798982852 0.0025574364117578914 0.0085624915099964602 -0.020823560346929209 -0.013086259451495953 0 0.012346830265991683 0.011464265729190687 -0.02351920221004139 -0.019546845434071321 0.009782692501813621 -0.02033057288050235 0.024932415782536861 0.0044324263792515041 -0.017145443823044833 -0.019747746497340138 0.015034669327866382 0.0083871564612177166 0.01728824209072264 0.0055452603676916035 0.015101966014244472 -0.011116011064458888 -0.00088688033550092711 0.0066853357233127419 0.0022874338659508941 0 0
leaf_weight=8.3566128909587842 8.1237003318965435 3.3258287161588651 2.2094300687313071 13.195419497787952 7.1744247451424581 1.276202559471131 4.0291592068970195 9.1919367834925634 4.6883169263601285 5.6951254606246948 12.462255366146563 40.285698570311069 2.746806275099515 2.6674024537205696 3.1138250827789307 1.8072000592947004 2.9841889142990112 2.1532076597213745 3.5136917233467093 2.5199730321764999 3.1209691986441603 2.3581081964075565 17.648317709565163 3.5029749572277069 14.163732349872587 27.784912761300802 2.8094654157757759 3.049177348613739 2.9219589829444885 2.2750669717788696 1.6531560868024824 1.6105745397508142 0.75898938626051027
leaf_count=72 124 4 6 128 20 1 30 37 15 49 84 184 9 8 29 18 9 27 4 7 30 25 47 12 30 114 6 23 17 7 6 12 6
internal_value=0 -0.00805014 0.000675419 -0.000421048 -0.00677257 -0.0175958 0.000702509 -0.00269889 0.00501481 -0.00619439 -0.000142878 -0.00285156 -0.0145008 0.00430705 -0.00512182 0 0.00622089 -0.000362621 0.00996412 0.00608147 0.00873234 -0.00255937 0.00781889 -0.000858986 0.0124049 0.00955797 0.0024231 -0.00170323 0.0029398 -0.00109966 -0.00768895 -0.0175071 -0.0230945
internal_weight=0 17.3459 207.832 170.751 27.4273 14.4716 143.324 78.3642 64.9594 11.994 65.4536 52.748 12.9106 12.9557 5.78123 4.55401 8.46323 5.1374 12.7056 37.081 29.5915 7.4895 52.9654 7.53213 22.5423 45.4332 8.37862 5.56915 5.13139 7.04919 4.77413 7.3057 8.88269
internal_count=1200 170 1030 873 186 129 687 408 279 76 309 268 99 57 37 27 40 36 41 157 109 48 203 42 66 161 36 30 23 43 36 61 130
is_linear=0
shrinkage=0.0166325


end of trees

feature_importances:
self_popularity=66
result_1=63
mf_courseout=60
ninki_2=47
ninki_3=46
f_courseout=44
ninki_1=43
result_3=42
f_course2=35
mf_classout.1=28
umaban=28
result_2=25
f_course3=19
waku=19
mf_len2=18
mf_course3=14
mf_course1=13
mf_len1=13
mf_classout=13
f_lenout=12
mf_course2=11
f_len1=11
f_course1=10
f_mf_courseout=8
mf_len3=8
f_class1=8
f_classout=6
f_len2=5
f_mf_classout=3
f_class2=3
f_class3=3
mf_class2=2
f_mf_course2=1
f_mf_course3=1
f_len3=1
f_mf_len1=1
time_df_course2=1

parameters:
[boosting: gbdt]
[objective: lambdarank]
[metric: ndcg]
[tree_learner: serial]
[device_type: cpu]
[data_sample_strategy: bagging]
[data: ]
[valid: ]
[num_iterations: 87]
[learning_rate: 0.0166325]
[num_leaves: 37]
[num_threads: 16]
[seed: 0]
[deterministic: 0]
[force_col_wise: 1]
[force_row_wise: 0]
[histogram_pool_size: -1]
[max_depth: 7]
[min_data_in_leaf: 10]
[min_sum_hessian_in_leaf: 0.001]
[bagging_fraction: 1]
[pos_bagging_fraction: 1]
[neg_bagging_fraction: 1]
[bagging_freq: 0]
[bagging_seed: 7719]
[feature_fraction: 1]
[feature_fraction_bynode: 1]
[feature_fraction_seed: 2437]
[extra_trees: 0]
[extra_seed: 11797]
[early_stopping_round: 0]
[first_metric_only: 0]
[max_delta_step: 0]
[lambda_l1: 0.825917]
[lambda_l2: 0.0998954]
[linear_lambda: 0]
[min_gain_to_split: 0]
[drop_rate: 0.1]
[max_drop: 50]
[skip_drop: 0.5]
[xgboost_dart_mode: 0]
[uniform_drop: 0]
[drop_seed: 21238]
[top_rate: 0.2]
[other_rate: 0.1]
[min_data_per_group: 100]
[max_cat_threshold: 32]
[cat_l2: 10]
[cat_smooth: 10]
[max_cat_to_onehot: 4]
[top_k: 20]
[monotone_constraints: ]
[monotone_constraints_method: basic]
[monotone_penalty: 0]
[feature_contri: ]
[forcedsplits_filename: ]
[refit_decay_rate: 0.9]
[cegb_tradeoff: 1]
[cegb_penalty_split: 0]
[cegb_penalty_feature_lazy: ]
[cegb_penalty_feature_coupled: ]
[path_smooth: 0]
[interaction_constraints: ]
[verbosity: -1]
[saved_feature_importance_type: 0]
[use_quantized_grad: 0]
[num_grad_quant_bins: 4]
[quant_train_renew_leaf: 0]
[stochastic_rounding: 1]
[linear_tree: 0]
[max_bin: 255]
[max_bin_by_feature: ]
[min_data_in_bin: 3]
[bin_construct_sample_cnt: 200000]
[data_random_seed: 38]
[is_enable_sparse: 1]
[enable_bundle: 1]
[use_missing: 1]
[zero_as_missing: 0]
[feature_pre_filter: 1]
[pre_partition: 0]
[two_round: 0]
[header: 0]
[label_column: ]
[weight_column: ]
[group_column: ]
[ignore_column: ]
[categorical_feature: ]
[forcedbins_filename: ]
[precise_float_parser: 0]
[parser_config_file: ]
[objective_seed: 8855]
[num_class: 1]
[is_unbalance: 0]
[scale_pos_weight: 1]
[sigmoid: 1]
[boost_from_average: 1]
[reg_sqrt: 0]
[alpha: 0.9]
[fair_c: 1]
[poisson_max_delta_step: 0.7]
[tweedie_variance_power: 1.5]
[lambdarank_truncation_level: 30]
[lambdarank_norm: 1]
[label_gain: ]
[lambdarank_position_bias_regularization: 0]
[eval_at: 1,3,5]
[multi_error_top_k: 1]
[auc_mu_weights: ]
[num_machines: 1]
[local_listen_port: 12400]
[time_out: 120]
[machine_list_filename: ]
[machines: ]
[gpu_platform_id: -1]
[gpu_device_id: -1]
[gpu_use_dp: 0]
[num_gpu: 1]

end of parameters

pandas_categorical:[]
