tree
version=v4
num_class=1
num_tree_per_iteration=1
label_index=0
max_feature_idx=49
objective=lambdarank
feature_names=f_course1 f_course2 f_course3 f_courseout mf_course1 mf_course2 mf_course3 mf_courseout f_mf_course1 f_mf_course2 f_mf_course3 f_mf_courseout f_len1 f_len2 f_len3 f_lenout mf_len1 mf_len2 mf_len3 mf_classout f_mf_len1 f_mf_len2 f_mf_len3 f_mf_classout f_class1 f_class2 f_class3 f_classout mf_class1 mf_class2 mf_class3 mf_classout.1 f_mf_class1 f_mf_class2 f_mf_class3 f_mf_classout.1 time_df_course1 time_df_class1 ninki_1 result_1 time_df_course2 time_df_class2 ninki_2 result_2 time_df_course3 time_df_class3 ninki_3 result_3 waku umaban
feature_infos=[0:26] [0:23] [0:25] [0:177] [0:33] [0:28] [0:27] [0:267] [0:4] [0:3] [0:4] [0:18] [0:5] [0:5] [0:4] [0:27] [0:3] [0:5] [0:5] [0:35] [0:2] [0:2] [0:3] [0:4] [0:3] [0:3] [0:2] [0:11] [0:2] [0:3] [0:2] [0:11] none none [0:1] [0:2] none none [-1:160] [-1:60] [-1:0] [-1:0] [-1:170] [-1:140] [-1:0] [-1:0] [-1:160] [-1:150] [1:8] [1:16]
tree_sizes=2946 2327 2211 2843 2535 2859 2523 2445 2855 2849 2545 2427 2872 2557 2422 2944 2760 2548

Tree=0
num_leaves=27
num_cat=0
split_feature=43 47 39 39 22 7 42 48 46 38 19 42 42 43 38 39 48 49 49 2 7 46 39 3 46 38
split_gain=55.1769 26.058 9.9677 9.43367 7.36332 7.24625 7.07199 6.07735 5.40495 5.34992 4.34371 7.84616 4.22803 4.13528 3.79137 3.38162 3.28133 3.07567 2.8732 1.70747 3.17416 1.70366 0.86608 0.478485 0.352368 0.0984041
threshold=3.5000000000000004 6.5000000000000009 5.5000000000000009 7.5000000000000009 1.0000000180025095e-35 1.5000000000000002 17.500000000000004 3.5000000000000004 95.000000000000014 65.000000000000014 1.0000000180025095e-35 10.500000000000002 125.00000000000001 2.5000000000000004 25.000000000000004 7.5000000000000009 5.5000000000000009 3.5000000000000004 1.5000000000000002 1.5000000000000002 1.5000000000000002 16.500000000000004 2.5000000000000004 3.5000000000000004 4.5000000000000009 55.000000000000007
decision_type=2 2 2 2 2 2 2 2 2 2 2 2 2 2 2 2 2 2 2 2 2 2 2 2 2 2
left_child=2 3 13 10 9 25 18 21 12 -5 14 -12 -8 19 -2 -9 17 -15 -3 22 -21 -7 -1 -10 -20 -4
right_child=1 6 5 4 -6 7 8 15 23 -11 11 -13 -14 16 -16 -17 -18 -19 24 20 -22 -23 -24 -25 -26 -27
leaf_value=0.10823636914108987 -0.0021213704528212428 -0.021469819652089165 0.089126327406639339 -0.024279875362246149 0.093020256726839196 0.07183469080098083 -0.042381446534574013 -0.0024743739550728817 -0.068435715845078959 -0.11754542831252469 0.058499448412156818 -0.040405309701683947 0.068052718628363651 0.02936575612602102 0.074795362597827861 -0.10043541892625837 0.069929429412231597 -0.11875512259364858 -0.077681646761747741 -0.020743887748049267 0.078851197360312653 -0.0055566925917598913 0.070109375612382285 -0.11824992320248653 -0.12312215934235141 0.06736177615438417
leaf_weight=11.084276318550115 3.8698935769498375 1.3427210934460188 2.1956544667482367 5.5612668059766257 1.3210580646991736 2.5628849230706674 10.301022678613664 2.4541748017072678 1.1456609405577172 4.6139492690563202 5.2699191831052294 8.6315268389880639 1.6287521980702866 1.3065998367965215 8.0166115686297399 3.5133467018604279 2.563579224050045 0.9983580745756625 0.88819219917058845 1.4828798137605179 10.383794598281382 2.0974316783249378 3.3588399589061728 3.7699404172599316 12.54159716144204 2.4563299864530563
leaf_count=37 40 13 9 59 5 13 117 28 16 67 32 104 9 11 40 50 15 16 13 18 58 22 16 55 184 13
internal_value=0 -0.0363074 0.0538429 -8.1659e-05 -0.0482328 0.0114878 -0.0789933 -0.0176145 -0.0505647 -0.06671 0.0213784 -0.00285811 -0.0272088 0.074572 0.0497371 -0.0603175 0.0202496 -0.0348759 -0.111309 0.0845916 0.0663565 0.0369788 0.0994707 -0.106939 -0.120227 0.0779471
internal_weight=0 68.9021 46.4582 37.2842 11.4963 15.2798 31.6179 10.6278 16.8454 10.1752 25.788 13.9014 11.9298 31.1783 11.8865 5.96752 4.86854 2.30496 14.7725 26.3098 11.8667 4.66032 14.4431 4.9156 13.4298 4.65198
internal_count=1060 754 306 347 131 135 407 113 197 126 216 136 126 171 80 78 42 27 210 129 76 35 53 71 197 22
is_linear=0
shrinkage=0.0639378


Tree=1
num_leaves=21
num_cat=0
split_feature=43 47 39 9 43 46 7 7 46 0 7 19 43 0 39 38 3 3 48 38
split_gain=47.7976 25.0344 12.0829 13.3708 11.5713 9.94549 10.1642 10.3886 8.14965 10.2864 9.64686 9.29719 8.14146 4.97752 4.88988 4.41392 4.31137 4.0387 7.61592 4.44989
threshold=3.5000000000000004 6.5000000000000009 3.5000000000000004 1.0000000180025095e-35 125.00000000000001 105.00000000000001 5.5000000000000009 71.000000000000014 6.5000000000000009 9.5000000000000018 2.5000000000000004 1.0000000180025095e-35 2.5000000000000004 1.0000000180025095e-35 9.5000000000000018 25.000000000000004 82.000000000000014 1.0000000180025095e-35 4.5000000000000009 14.500000000000002
decision_type=2 2 2 2 2 2 2 2 2 2 2 2 2 2 2 2 2 2 2 2
left_child=2 5 3 12 17 6 15 -8 11 10 -10 -4 16 -14 -13 -2 -1 18 -3 -19
right_child=1 4 8 -5 -6 -7 7 -9 9 -11 -12 14 13 -15 -16 -17 -18 19 -20 -21
leaf_value=0.057418405148845823 -0.0091170353339404195 0.022411482480417948 -0.11363009646748114 -0.026544071964266187 0.074655996154486232 -0.12037186590425637 -0.043592673780979398 0.02156001787520798 0.08623607274123557 -0.075457612424114057 0.0083488547538560012 -0.047391518279760451 0.064756385969471517 -0.059286275946839252 0.047564020171550134 0.04725201904912784 0.10945742665176483 -0.11234457809506321 -0.10912067467059466 -0.065089968790612934
leaf_weight=46.583441562950611 8.1422980986535567 4.4006732478737822 4.4394828267395487 8.9715348929166776 2.237320512533187 2.9548833314329377 27.628374280408025 15.659822482615708 9.6702401153743285 3.9766973815858355 19.842111585661769 4.4615233205258829 2.0371844023466101 3.7092687394469976 4.3823827356100082 18.631516443565488 7.6096879839897147 13.353140121325849 3.0233937241137028 21.345842905342579
leaf_count=80 45 25 21 19 4 17 166 67 20 21 82 19 7 19 10 52 8 167 31 180
internal_value=0 -0.028744 0.0291648 0.0461869 -0.0666211 -0.00571832 -0.000855453 -0.0200127 0.00406981 0.0208871 0.0339118 -0.0382724 0.0570843 -0.0151835 -0.000283672 0.0300952 0.0647579 -0.0741561 -0.0311821 -0.0833224
internal_weight=0 117.377 115.684 68.9111 44.3604 73.0169 70.062 43.2882 46.7724 33.489 29.5124 13.2834 59.9396 5.74645 8.84391 26.7738 54.1931 42.123 7.42407 34.699
internal_count=1060 754 306 133 407 347 330 233 173 123 102 50 114 26 29 97 88 403 56 347
is_linear=0
shrinkage=0.0639378


Tree=2
num_leaves=20
num_cat=0
split_feature=43 47 29 39 39 5 5 38 38 48 43 49 38 43 39 13 43 39 3
split_gain=41.7526 17.3737 9.10699 7.83112 7.51166 7.48594 8.41083 15.0242 9.96434 6.27415 6.68201 6.12921 5.64215 5.20748 5.15861 5.01846 3.17531 2.90359 2.29103
threshold=3.5000000000000004 6.5000000000000009 1.0000000180025095e-35 7.5000000000000009 11.500000000000002 17.500000000000004 4.5000000000000009 65.000000000000014 65.000000000000014 7.5000000000000009 11.500000000000002 5.5000000000000009 135.00000000000003 125.00000000000001 4.5000000000000009 1.5000000000000002 7.5000000000000009 4.5000000000000009 4.5000000000000009
decision_type=2 2 2 2 2 2 2 2 2 2 2 2 2 2 2 2 2 2 2
left_child=2 3 5 9 16 6 7 -1 -8 11 -11 -2 -6 14 15 -3 -5 -4 -16
right_child=1 13 17 4 12 -7 8 -9 -10 10 -12 -13 -14 -15 18 -17 -18 -19 -20
leaf_value=0.050412381349794429 -0.016257764363724565 -0.049371687303923245 -0.1080437120480157 -0.038535446890180743 -0.028622738823350719 0.11175905688550854 -0.036273999452942844 -0.038851158491693634 0.075391085233873029 -0.096742132203750927 0.03710206002003319 0.032901457041171533 0.096508983362955866 0.037198233253207223 -0.058710608215683635 0.066412006105419877 -0.11186270338387473 -0.0063883185949847755 -0.098870704188738015
leaf_weight=63.733809910714626 16.888982433825731 11.177450198680161 2.3186521790921679 4.2181865088641661 5.9151427522301665 4.8108896650373927 13.548899289220573 8.7532140798866731 4.2900416925549498 4.5436821170151225 2.2774112820625305 26.781040154397488 1.9475477784872053 2.0789886415004721 9.6125579886138457 1.758563958108424 5.7736858017742634 2.2887584827840328 15.301393322646616
leaf_count=157 84 112 10 33 40 7 58 49 10 24 8 100 6 4 95 7 52 15 189
internal_value=0 -0.0274919 0.0298428 -0.00790412 -0.0442865 0.0340994 0.0299431 0.0396219 -0.00935929 0.00495956 -0.051998 0.0138794 0.00241405 -0.0609951 -0.0664117 -0.033546 -0.081041 -0.0578026 -0.0834319
internal_weight=0 108.275 99.7443 68.3457 17.8546 95.1369 90.326 72.487 17.8389 50.4911 6.82109 43.67 7.86269 39.929 37.85 12.936 9.99187 4.60741 24.914
internal_count=1060 754 306 347 131 281 274 206 68 216 32 184 46 407 403 119 85 25 284
is_linear=0
shrinkage=0.0639378


Tree=3
num_leaves=26
num_cat=0
split_feature=43 47 39 47 38 24 39 38 38 38 38 42 0 42 39 42 19 38 39 46 43 5 3 49 42
split_gain=26.8262 17.2021 8.65234 10.7097 6.98014 8.49973 5.69911 6.63017 4.9777 10.523 8.97372 4.40853 6.3963 5.40327 5.13068 4.25396 4.1993 3.99829 3.67187 4.58047 3.89236 3.5041 2.13495 4.467 0.204535
threshold=3.5000000000000004 6.5000000000000009 5.5000000000000009 8.5000000000000018 11.500000000000002 1.0000000180025095e-35 7.5000000000000009 135.00000000000003 45.000000000000007 85.000000000000014 9.5000000000000018 25.000000000000004 1.5000000000000002 17.500000000000004 1.5000000000000002 17.500000000000004 1.0000000180025095e-35 65.000000000000014 3.5000000000000004 65.000000000000014 125.00000000000001 1.0000000180025095e-35 1.0000000180025095e-35 4.5000000000000009 5.5000000000000009
decision_type=2 2 2 2 2 2 2 2 2 2 2 2 2 2 2 2 2 2 2 2 2 2 2 2 2
left_child=2 6 11 4 -4 -6 8 17 10 -10 -2 12 21 -14 -13 22 -16 -8 19 -17 -20 -1 23 -3 -24
right_child=1 15 3 -5 5 -7 7 -9 9 -11 -12 14 13 -15 16 18 -18 -19 20 -21 -22 -23 24 -25 -26
leaf_value=0.09498748223555005 -0.023914217162358285 0.054539210841837132 0.03701915201248919 0.072344223049800607 -0.063522401235527534 0.069162717599824897 -0.029897066132532121 0.055918869671668488 -0.053027283860167404 0.045311161729942068 0.048682233165621029 -0.041329824672663357 -0.0034119091274033776 0.069360405570840181 -0.010681002138399336 0.049110814316647926 0.056012518363937766 -0.1045716300613421 -0.066432358539891975 -0.08598772985068974 0.032699225190913825 0.046233369609773076 -0.063504663817669171 -0.10787097297057503 -0.099951652126492679
leaf_weight=12.40662368386984 10.71165666729212 1.2485480569303029 5.5682079680264058 5.8253568559885016 14.505210712552072 2.2704353407025328 8.5105349421501142 2.591160023584961 12.552568040788175 6.870776902884244 19.799350365996361 5.1663986742496517 12.270874328911306 6.2967334464192382 6.075403448194268 3.3951799795031574 10.501406569033859 4.4938220400363198 14.087452083826062 1.45467222481966 1.8148972094058997 11.90584511682391 0.83766233548521896 1.5193660557270048 10.871003353968261
leaf_count=19 51 8 18 18 92 7 60 11 60 28 77 21 40 17 19 20 29 60 154 19 4 26 10 22 170
internal_value=0 -0.0228417 0.0248024 -0.00475298 -0.0249038 -0.0454982 -0.00346074 -0.0371892 0.00707036 -0.0182098 0.0231803 0.0376914 0.0495856 0.021271 0.0141978 -0.0588652 0.0315507 -0.0558138 -0.040225 0.00837429 -0.0550719 0.0711681 -0.0854954 -0.034522 -0.0974552
internal_weight=0 100.759 92.7925 28.1692 22.3439 16.7756 65.5299 15.5955 49.9344 19.4233 30.511 64.6233 42.8801 18.5676 21.7432 35.2288 16.5768 13.0044 20.7522 4.84985 15.9023 24.3125 14.4766 2.76791 11.7087
internal_count=1060 754 306 135 117 99 347 131 216 88 128 171 102 57 69 407 48 120 197 39 158 45 210 30 180
is_linear=0
shrinkage=0.0639378


Tree=4
num_leaves=23
num_cat=0
split_feature=43 47 39 48 38 42 2 43 49 47 6 31 42 49 39 47 43 10 39 48 19 42
split_gain=16.7588 12.8028 7.3064 4.66766 5.25319 4.79572 4.35516 5.89479 5.74384 5.26839 3.8381 8.72594 3.56937 3.29391 3.1535 3.9239 3.42275 3.07386 2.9229 2.64242 2.26547 0.775366
threshold=3.5000000000000004 6.5000000000000009 2.5000000000000004 6.5000000000000009 25.000000000000004 25.000000000000004 13.500000000000002 11.500000000000002 13.500000000000002 4.5000000000000009 16.500000000000004 1.0000000180025095e-35 17.500000000000004 1.5000000000000002 3.5000000000000004 9.5000000000000018 125.00000000000001 1.0000000180025095e-35 5.5000000000000009 3.5000000000000004 2.5000000000000004 5.5000000000000009
decision_type=2 2 2 2 2 2 2 2 2 2 2 2 2 2 2 2 2 2 2 2 2 2
left_child=2 6 3 4 5 -1 7 8 -2 -9 11 17 13 -3 15 -14 -16 -4 -13 -6 -5 -15
right_child=1 12 10 20 19 -7 -8 9 -10 -11 -12 18 14 21 16 -17 -18 -19 -20 -21 -22 -23
leaf_value=0.025928819097544707 0.0062959815250576631 0.0085057714858294622 0.005864907162913156 0.043192135618442665 0.09363800192180198 -0.050039659174905153 0.058362302422994741 -0.10045740995895139 -0.093356480381618298 0.0077751528616077778 0.067434081615280209 -0.0129846928782563 -0.066706832131527088 -0.03557995097244325 -0.060741757059957303 0.048008655108350576 0.040982328801957936 0.060468562275578411 -0.085028180467638173 0.031392182831513828 0.1015205687685241 -0.093867571013833334
leaf_weight=11.37748477235437 48.275439130142331 1.6153416372835625 32.621790338307619 4.9680839329957944 5.1858290880918485 4.8273791372776023 4.5484810434281817 4.7269011456519356 2.4736964534968129 2.9883470870554447 3.5983430184423915 3.9317028149962407 1.8546132445335413 1.0754517503082741 12.333147505298253 3.4949080515652895 1.5040365904569633 4.8336120434105387 5.6203688457608223 6.1248420886695385 6.2002612799406052 10.588984437286852
leaf_count=30 244 13 125 16 9 17 17 44 24 18 11 15 17 13 154 22 4 13 40 20 10 184
internal_value=0 -0.0186202 0.0199108 0.0408265 0.0266289 0.00324745 -0.00180401 -0.00650451 0.00140745 -0.0585284 0.00390686 -0.000962348 -0.05123 -0.0767359 -0.0335133 0.00808628 -0.0496233 0.012942 -0.0554801 0.0600451 0.0756937 -0.0885782
internal_weight=0 95.4793 89.2897 38.6839 27.5155 16.2049 63.0129 58.4644 50.7491 7.71525 50.6058 47.0075 32.4665 13.2798 19.1867 5.34952 13.8372 37.4554 9.55207 11.3107 11.1683 11.6644
internal_count=1060 754 306 102 76 47 347 330 268 62 204 193 407 210 197 39 158 138 55 29 26 197
is_linear=0
shrinkage=0.0639378


Tree=5
num_leaves=26
num_cat=0
split_feature=38 39 42 7 0 7 46 48 38 4 38 22 42 15 1 7 31 39 48 49 15 6 39 48 39
split_gain=16.1523 14.48 8.42217 8.83945 7.9495 7.05718 10.8289 5.68993 5.30489 4.99608 4.72028 8.14905 7.78717 3.91517 3.50124 2.78874 5.83978 2.56042 2.01089 1.33025 1.99357 0.271412 0.270166 0.190646 0.0148026
threshold=9.5000000000000018 5.5000000000000009 11.500000000000002 1.0000000180025095e-35 1.5000000000000002 2.5000000000000004 6.5000000000000009 2.5000000000000004 2.5000000000000004 1.0000000180025095e-35 45.000000000000007 1.0000000180025095e-35 25.000000000000004 1.5000000000000002 3.5000000000000004 58.500000000000007 1.0000000180025095e-35 2.5000000000000004 6.5000000000000009 4.5000000000000009 1.0000000180025095e-35 1.0000000180025095e-35 6.5000000000000009 7.5000000000000009 3.5000000000000004
decision_type=2 2 2 2 2 2 2 2 2 2 2 2 2 2 2 2 2 2 2 2 2 2 2 2 2
left_child=8 2 4 -4 17 6 -3 -5 14 -6 12 -12 -7 -8 15 16 -1 -2 -16 20 21 -10 24 -24 -21
right_child=1 5 3 7 9 10 13 -9 19 -11 11 -13 -14 -15 18 -17 -18 -19 -20 22 -22 -23 23 -25 -26
leaf_value=-0.06261708276802716 0.089057679407090806 -0.10334515789697035 -0.079171456987298577 -0.033883267363803635 0.073271909304280625 -0.052370041178898291 0.0018798378386178445 0.025162909426476462 -0.034345324659833677 -0.013369793281691323 -0.062612391161564029 0.057678897726780524 0.027008631873214829 0.069051182668712408 -0.017766863853942355 -0.11077006602786486 0.04999176739937803 0.041717177396071836 0.070004805934389111 -0.11359820718974184 -0.10798823038728617 0.0062648425327589347 -0.091008294898475894 -0.059941650484779008 -0.096609107781770037
leaf_weight=5.4801047276705521 14.164422504603865 2.5102063268423107 4.2896698638796797 7.8485315814614287 3.7494047433137885 8.8759066816419381 6.2454456053674212 43.935598572716117 1.2873388435691588 9.8037149459123594 20.753456708043817 2.5754173062741748 11.688646009191869 8.2467021290212852 1.9846632592380036 1.8503344021737564 2.8491620309650898 7.0895902514457694 2.2686191238462925 1.6850888021290282 1.3932856433093546 1.3547545634210107 2.348829809576273 1.6192361041903498 2.5212462097406387
leaf_count=47 24 22 21 48 8 88 44 187 12 31 235 11 64 26 17 17 12 16 5 17 15 10 35 11 37
internal_value=0 0.00806109 0.0242276 0.00887816 0.0489296 -0.016058 0.0188874 0.0161985 -0.0459044 0.0106089 -0.0296068 -0.0492885 -0.00723974 0.0401629 -0.0195915 -0.0399535 -0.0240227 0.0733227 0.0290038 -0.0769175 -0.0464141 -0.0134093 -0.0918239 -0.0786782 -0.103843
internal_weight=0 151.777 90.8809 56.0738 34.8071 60.8958 17.0024 51.7841 26.6427 13.5531 43.8934 23.3289 20.5646 14.4921 14.4329 10.1796 8.32927 21.254 4.25328 12.2098 4.03538 2.64209 8.1744 3.96807 4.20634
internal_count=1060 825 335 256 79 490 92 235 235 39 398 246 152 70 98 76 59 40 22 137 37 22 100 46 54
is_linear=0
shrinkage=0.0639378


Tree=6
num_leaves=23
num_cat=0
split_feature=43 38 42 42 7 29 7 1 15 6 4 3 1 38 39 15 42 42 47 38 42 3
split_gain=14.6831 8.5277 8.3104 8.91661 8.48637 6.52893 4.95382 5.59801 4.68938 4.64274 4.02783 5.60509 7.6777 3.74127 3.28839 2.81127 2.76919 2.46887 1.81133 1.32326 1.09793 0.301215
threshold=2.5000000000000004 9.5000000000000018 12.500000000000002 9.5000000000000018 6.5000000000000009 1.0000000180025095e-35 3.5000000000000004 2.5000000000000004 2.5000000000000004 1.5000000000000002 3.5000000000000004 4.5000000000000009 1.0000000180025095e-35 35.000000000000007 6.5000000000000009 2.5000000000000004 17.500000000000004 2.5000000000000004 3.5000000000000004 2.5000000000000004 4.5000000000000009 2.5000000000000004
decision_type=2 2 2 2 2 2 2 2 2 2 2 2 2 2 2 2 2 2 2 2 2 2
left_child=5 6 3 20 9 10 7 19 -6 -4 11 13 -13 -1 -5 18 -17 -8 -12 -2 -3 -19
right_child=1 2 4 14 8 -7 17 -9 -10 -11 15 12 -14 -15 -16 16 -18 21 -20 -21 -22 -23
leaf_value=0.065887663660344709 -0.017187554311172408 -0.017841401546475601 0.0042637079977004043 0.081145408544619393 -0.017169233929456209 -0.06184819204444332 -0.0053356545087621353 0.054039236180664051 -0.061233499734431061 0.094608218584793624 0.04170192620442531 -0.083226821593145428 0.014256932854390381 -0.0055717858405458119 0.014355401338288885 -0.028284288196058029 0.057625752015174343 -0.072149623229366452 0.095119411645777779 -0.084706166244874315 -0.097659800376341074 -0.096519816399805489
leaf_weight=12.26449276506901 2.1339630410075205 1.2221956476569205 23.332884580828253 8.5822998732328397 27.53622161783278 3.447674009948968 1.702348768711089 3.1234062612056732 15.432466754689811 2.5724241770803919 4.3694296851754206 3.7825840488076237 25.443815246224403 3.9432542175054541 4.6797841377556315 2.7063297703862181 3.4967985339462757 3.5522142834961397 6.652886338531971 2.7432847581803799 1.7290537506341932 7.150781175121665
leaf_count=30 19 10 140 20 222 21 6 14 149 7 18 17 93 18 34 14 11 44 14 35 23 101
internal_value=0 -0.0148048 -0.00589293 0.035265 -0.0155933 0.0236237 -0.0519152 -0.0125867 -0.0330195 0.0132946 0.0283456 0.0183393 0.00159383 0.0484814 0.0576489 0.0546782 0.0200856 -0.0772029 0.0740581 -0.0553813 -0.06498 -0.0885694
internal_weight=0 105.493 85.0873 16.2133 68.874 66.1073 20.406 8.00065 42.9687 25.9053 62.6596 45.4341 29.2264 16.2077 13.2621 17.2254 6.20313 12.4053 11.0223 4.87725 2.95125 10.703
internal_count=1060 824 605 87 518 236 219 68 371 147 215 158 110 48 54 57 25 151 32 54 33 145
is_linear=0
shrinkage=0.0639378


Tree=7
num_leaves=22
num_cat=0
split_feature=43 47 3 49 19 42 46 39 38 47 39 24 5 48 2 39 49 6 46 19 47
split_gain=14.9227 9.59959 4.4441 4.24979 3.7579 3.41499 2.95585 2.92867 7.67891 3.81135 5.46039 5.85526 3.42795 2.19679 2.07923 2.02529 1.78018 1.24216 0.63967 0.431988 0.184846
threshold=3.5000000000000004 6.5000000000000009 103.50000000000001 13.500000000000002 1.0000000180025095e-35 17.500000000000004 95.000000000000014 10.500000000000002 11.500000000000002 8.5000000000000018 5.5000000000000009 1.0000000180025095e-35 3.5000000000000004 2.5000000000000004 1.0000000180025095e-35 5.5000000000000009 1.5000000000000002 4.5000000000000009 4.5000000000000009 1.5000000000000002 4.5000000000000009
decision_type=2 2 2 2 2 2 2 2 2 2 2 2 2 2 2 2 2 2 2 2 2
left_child=7 2 3 4 -2 16 13 9 -9 10 12 -12 -1 -7 -10 -11 -3 -16 -18 -8 -5
right_child=1 5 -4 20 -6 6 19 8 14 15 11 -13 -14 -15 17 -17 18 -19 -20 -21 -22
leaf_value=0.038951059983211786 0.014823758865712406 -0.0063935878950143344 0.053274398280712322 -0.10042343169450831 -0.020421782462460056 -0.074700163871600195 -0.094061788968792442 0.096165497333559183 -0.0018378085283661187 0.030437593896985478 -0.038049869753461377 0.084549946013998761 -0.0003011152748596284 -0.0039889444738407864 -0.11111807279466795 0.088613725974785992 -0.033118578208832218 -0.030039228447864705 -0.086987957626749948 -0.053481968034846797 -0.063966161453332462
leaf_weight=34.428003206849098 23.444458607584238 1.4688378870487238 5.3015275560319415 1.5454375799745315 26.131904665380716 2.105523910373452 2.2623538002371779 1.8057264313101757 1.9416537433862684 4.6504794321954233 10.402753822505471 1.8662578463554389 12.326290905475615 11.95308957248926 2.3653950057923798 5.2741304337978363 1.0485741682350624 1.1889426708221433 9.7305274922400695 2.3387608341872692 1.2458857260644434
leaf_count=99 116 13 20 19 178 27 36 3 13 18 71 4 54 99 22 11 13 11 184 35 14
internal_value=0 -0.0178484 -0.00242766 -0.0080872 -0.00374509 -0.0465931 -0.0293001 0.0207334 -0.0177102 0.0248141 0.0186301 -0.0192953 0.028595 -0.0146699 -0.055344 0.0614739 -0.0728436 -0.0843304 -0.0818363 -0.0737385 -0.0846776
internal_weight=0 88.5769 57.6692 52.3677 49.5764 30.9077 18.6597 76.2496 7.30172 68.9479 59.0233 12.269 46.7543 14.0586 5.49599 9.92461 12.2479 3.55434 10.7791 4.60111 2.79132
internal_count=1060 754 347 327 294 407 197 306 49 257 228 75 153 126 46 29 210 33 197 71 33
is_linear=0
shrinkage=0.0639378


Tree=8
num_leaves=26
num_cat=0
split_feature=43 47 38 42 42 1 39 1 2 39 1 4 15 27 3 47 11 39 3 5 8 42 49 47 5
split_gain=12.6719 7.30205 3.89124 3.70016 9.6019 4.59268 6.19224 4.87609 3.5781 2.8037 5.72556 2.79754 2.75147 6.39728 5.67131 8.2393 3.43768 3.57162 3.90936 2.72995 2.57926 2.52673 1.12409 1.23535 0.690072
threshold=2.5000000000000004 6.5000000000000009 18.000000000000004 14.500000000000002 9.5000000000000018 1.0000000180025095e-35 1.5000000000000002 4.5000000000000009 1.5000000000000002 3.5000000000000004 1.0000000180025095e-35 3.5000000000000004 2.5000000000000004 1.0000000180025095e-35 66.000000000000014 8.5000000000000018 3.5000000000000004 3.5000000000000004 23.500000000000004 1.0000000180025095e-35 1.0000000180025095e-35 3.5000000000000004 1.5000000000000002 16.500000000000004 1.5000000000000002
decision_type=2 2 2 2 2 2 2 2 2 2 2 2 2 2 2 2 2 2 2 2 2 2 2 2 2
left_child=12 3 22 4 21 6 -5 -7 -6 11 -11 -4 16 24 15 -15 17 19 -19 -1 -16 -2 -3 -24 -14
right_child=1 2 9 5 8 7 -8 -9 -10 10 -12 -13 13 14 20 -17 -18 18 -20 -21 -22 -23 23 -25 -26
leaf_value=0.067669064410236318 0.0034280063848915912 -0.0097504629854063031 -0.020315308611545454 -0.084410263188352957 -0.00057019444802561357 -0.057711654243928025 0.025192619264032556 -0.00029262972101332693 0.069815834264052509 0.0023040974851032243 -0.078956958880279149 0.070129242285686497 -0.099388532531334062 -0.084498943886011854 0.08076076399256811 0.068833756129094911 0.08934290717269941 0.015720831204069006 -0.076268755486587791 0.023148337543941515 0.010112872868629618 -0.065585746479826956 -0.078997279034997536 -0.020931425972047786 -0.042008207610645464
leaf_weight=9.7259312272071856 3.9463847428560275 1.4046849235892285 3.3074965626001385 2.4060769006609943 4.0660045370459548 13.025283295661213 16.317279629409313 11.306321755051611 10.638367664068936 7.6425412073731405 6.5792642552405596 2.3979084864258766 1.9535488784313231 3.7698435373604289 5.494776636362074 2.2919067218899727 3.9337011240422717 11.713009312748907 2.2386658787727347 13.512326270341871 3.4609493836760521 4.7649454921483994 10.502001503482457 1.7867393605411059 1.6423604451119898
leaf_count=23 19 13 26 12 22 120 83 72 28 69 99 12 13 29 15 5 9 57 19 40 14 42 202 5 12
internal_value=0 -0.0139078 -0.038185 -0.00161643 0.0188249 -0.0127469 0.0110357 -0.0310639 0.0503362 -0.0200983 -0.0352911 0.0176831 0.0233011 0.00287345 0.0212503 -0.0264236 0.0325317 0.0264818 0.000871238 0.0418285 0.0535642 -0.0343059 -0.0644285 -0.0706234 -0.073549
internal_weight=0 100.091 33.6206 66.4707 23.4157 43.055 18.7234 24.3316 14.7044 19.9272 14.2218 5.70541 59.737 18.6134 15.0175 6.06175 41.1236 37.1899 13.9517 23.2383 8.95573 8.71133 13.6934 12.2887 3.59591
internal_count=1060 824 426 398 111 287 95 192 50 206 168 38 236 88 63 34 148 139 76 63 29 61 220 207 25
is_linear=0
shrinkage=0.0639378


Tree=9
num_leaves=26
num_cat=0
split_feature=43 38 42 39 49 49 7 39 38 7 2 43 48 19 42 7 0 12 46 47 31 48 38 42 38
split_gain=10.6664 5.74105 5.85164 6.06606 4.13313 3.58991 3.50515 3.29907 6.54829 3.10249 2.84258 2.18705 2.11073 3.28338 3.25959 4.59166 3.6666 2.88093 2.03292 1.72673 1.38408 0.726268 0.526813 0.341046 0.00297992
threshold=2.5000000000000004 9.5000000000000018 10.500000000000002 6.5000000000000009 12.500000000000002 12.500000000000002 6.5000000000000009 10.500000000000002 11.500000000000002 3.5000000000000004 3.5000000000000004 14.500000000000002 3.5000000000000004 1.0000000180025095e-35 35.000000000000007 21.500000000000004 1.5000000000000002 1.0000000180025095e-35 10.500000000000002 2.5000000000000004 1.0000000180025095e-35 3.5000000000000004 45.000000000000007 6.5000000000000009 105.00000000000001
decision_type=2 2 2 2 2 2 2 2 2 2 2 2 2 2 2 2 2 2 2 2 2 2 2 2 2
left_child=7 9 3 21 6 -5 -4 12 -9 10 18 -6 13 17 16 -16 -14 -1 -2 -11 -15 -3 -10 -21 -24
right_child=1 2 4 5 11 -7 -8 8 22 19 -12 -13 14 20 15 -17 -18 -19 -20 23 -22 -23 24 -25 -26
leaf_value=-0.03623853785808813 -0.0086801174701540799 0.084507687081713231 0.011571565086102105 -0.077398663741873167 -0.081329080709548696 0.070587659632328062 -0.019865667843683741 0.079086700609951807 -0.044861467274980207 -0.018309062280688147 0.055337768937197281 0.020868280800231048 0.051490748898374808 0.086637349657291515 -0.071314605800853831 0.029997648161917453 0.0043348502814370346 0.05287179909306796 -0.093164772521075315 -0.05610668789166149 0.040174374592253169 0.046400200596385131 -0.10351245941076434 -0.088199731016103497 -0.08291392550575763
leaf_weight=3.0226030722260502 3.5473104640841511 4.0421292185783368 23.486030025407672 2.4294513165950771 4.9154847580939522 0.90956367179751385 37.798320265486836 1.6476583778858174 1.5475331991910937 2.3346688821911803 1.8390913754701612 1.0220770239830015 13.658732295036318 6.1392255872488004 3.5919322147965422 3.6942507922649384 13.349401094019411 2.8852715045213699 1.7339409179985521 1.9556050226092319 4.7238515727221966 4.4439166411757469 1.1925316452980044 6.432358467951417 0.87009602040052403
leaf_count=14 36 9 134 34 67 4 336 3 13 13 8 6 39 14 19 18 64 9 24 18 18 15 13 120 12
internal_value=0 -0.012862 -0.00545763 0.0359856 -0.0127604 -0.036831 -0.00781022 0.0221238 -0.0260086 -0.0456108 -0.0127776 -0.0636495 0.0270942 0.0456964 0.0179699 -0.0199177 0.0282133 0.00721943 -0.0366623 -0.067329 0.0665458 0.0647053 -0.0742128 -0.0808686 -0.0956027
internal_weight=0 96.8899 79.047 11.8251 67.2219 3.33901 61.2844 56.3231 5.25782 17.843 7.12034 5.93756 51.0653 16.771 34.2943 7.28618 27.0081 5.90787 5.28125 10.7226 10.8631 8.48605 3.61016 8.38796 2.06263
internal_count=1060 824 605 62 543 38 470 236 41 219 68 73 195 55 140 37 103 23 60 151 32 24 38 138 25
is_linear=0
shrinkage=0.0639378


Tree=10
num_leaves=23
num_cat=0
split_feature=43 38 39 42 43 42 38 46 39 47 46 38 7 12 46 42 9 3 15 3 15 3
split_gain=9.87879 5.16202 4.13406 4.39903 4.53218 4.30028 4.29396 3.19337 2.77021 3.49308 5.25684 3.63736 2.21412 2.75275 1.70158 1.64666 1.46317 1.31385 5.35251 1.10277 0.903934 0.514079
threshold=2.5000000000000004 9.5000000000000018 5.5000000000000009 11.500000000000002 4.5000000000000009 75.000000000000014 18.000000000000004 85.000000000000014 3.5000000000000004 7.5000000000000009 35.000000000000007 55.000000000000007 3.5000000000000004 1.0000000180025095e-35 10.500000000000002 1.5000000000000002 1.0000000180025095e-35 82.000000000000014 2.5000000000000004 49.500000000000007 3.5000000000000004 1.0000000180025095e-35
decision_type=2 2 2 2 2 2 2 2 2 2 2 2 2 2 2 2 2 2 2 2 2 2
left_child=8 12 3 20 -5 6 -4 -7 16 10 11 -10 13 14 -2 -14 17 18 -1 -12 -3 -17
right_child=1 2 5 4 -6 7 -8 -9 9 -11 19 -13 15 -15 -16 21 -18 -19 -20 -21 -22 -23
leaf_value=0.046454996356231515 -0.012780633697802024 0.029878616329917788 -0.057849534608335758 -0.041943766768166579 0.013440731550933746 -0.085740615204684276 0.0080660149811640561 -0.021851211650702227 0.027904967202038305 0.048628951996446033 -0.093282905115290735 -0.05446617975574472 0.014959299941114442 0.070884363628342495 -0.089812170485700768 -0.038982293455836196 -0.0059467167076527995 0.07428688216815392 -0.035334058341545342 -0.022967742510574655 0.073381330304976858 -0.07947418275049864
leaf_weight=20.364274814724933 4.0960022732615498 4.0096676833927622 5.0254901982843903 8.313770670443775 21.979643978178501 5.7574335951358062 20.361177403479815 7.2619377002120018 10.464796304702764 5.6260431222617617 2.8898078985512248 2.7567190714180461 0.96841278672218223 1.199796676635742 1.6440620794892309 1.6581986732780913 3.3153700307011595 3.721558839082717 3.8802377730607978 1.3737390674650667 3.9507823437452316 7.4008344076573849
leaf_count=58 40 15 75 61 134 73 158 80 49 20 22 29 4 3 25 21 15 8 22 13 9 126
internal_value=0 -0.0125893 -0.00551612 0.00935123 -0.00175419 -0.0203353 -0.00498548 -0.050196 0.0216683 0.00485261 -0.00923006 0.0106591 -0.0444911 -0.0165921 -0.0350736 -0.0637074 0.0340697 0.0388313 0.0333338 -0.0708717 0.05161 -0.0721788
internal_weight=0 93.6272 76.6599 38.2539 30.2934 38.406 25.3867 13.0194 54.3925 23.1111 17.4851 13.2215 16.9673 6.93986 5.74006 10.0274 31.2814 27.9661 24.2445 4.26355 7.96045 9.05903
internal_count=1060 824 605 219 195 386 233 153 236 133 113 78 219 68 65 151 103 88 80 35 24 147
is_linear=0
shrinkage=0.0639378


Tree=11
num_leaves=22
num_cat=0
split_feature=43 47 7 7 39 38 38 42 29 42 3 48 38 7 5 4 1 3 49 39 38
split_gain=7.66688 6.48264 3.09177 5.62562 5.91576 3.59356 5.94003 2.88658 2.6774 2.32878 3.30935 2.6174 2.30857 2.14868 2.88045 5.5928 3.67383 0.962983 1.49834 0.792504 0.0950504
threshold=3.5000000000000004 6.5000000000000009 71.000000000000014 16.500000000000004 7.5000000000000009 135.00000000000003 65.000000000000014 17.500000000000004 1.0000000180025095e-35 45.000000000000007 17.500000000000004 6.5000000000000009 3.5000000000000004 157.50000000000003 3.5000000000000004 4.5000000000000009 7.5000000000000009 1.0000000180025095e-35 4.5000000000000009 4.5000000000000009 14.500000000000002
decision_type=2 2 2 2 2 2 2 2 2 2 2 2 2 2 2 2 2 2 2 2 2
left_child=8 2 3 4 -2 6 -4 17 13 11 -11 -9 -5 14 16 -16 -1 18 -3 -10 -19
right_child=1 7 5 12 -6 -7 -8 9 19 10 -12 -13 -14 -15 15 -17 -18 20 -20 -21 -22
leaf_value=0.029937344797342169 0.023278975343830964 0.02237469980902598 0.032975613389079547 0.016193418952049753 -0.045232327488120574 0.099095354743187022 -0.091806744404913085 -0.029948022003077526 -0.082311883395290719 -0.011821445193808389 -0.077314094587286553 0.083642586482878409 -0.061337400227543609 0.076456002058076442 -0.080054098993433784 0.012516896643591355 -0.040272710237259465 -0.080101842893947311 -0.084781528024829994 -0.01340122267605624 -0.055629967001523166
leaf_weight=41.227193079888821 20.60662875324488 1.1251035556197186 8.8964135292917472 1.8808838874101628 6.85418727248907 2.2968433685600749 1.8772088102996338 1.6898135989904433 1.264998130500316 9.2043723408132774 4.8082661349326363 1.5998551174998281 9.084154434502123 2.5279564559459677 3.3570857755839851 12.788148034363983 3.2735518142580977 6.6801450606435537 0.98684854432940472 1.5197056792676447 1.0205714050680397
leaf_count=170 100 8 47 10 67 5 21 18 10 94 79 6 97 7 21 59 24 160 22 15 20
internal_value=0 -0.0134862 -0.000151666 -0.00929862 0.00614844 0.0266861 0.0111082 -0.0387817 0.0160728 -0.0230016 -0.0343772 0.0252555 -0.0479912 0.0187853 0.0163583 -0.00674844 0.024752 -0.066493 -0.0276728 -0.0451031 -0.0770156
internal_weight=0 78.6113 51.4963 38.4259 27.4608 13.0705 10.7736 27.115 65.9586 17.3023 14.0126 3.28967 10.965 63.1739 60.646 16.1452 44.5007 9.81267 2.11195 2.7847 7.70072
internal_count=1060 754 347 274 167 73 68 407 306 197 173 24 107 281 274 80 194 210 30 25 180
is_linear=0
shrinkage=0.0639378


Tree=12
num_leaves=26
num_cat=0
split_feature=38 39 42 24 24 15 47 44 29 38 49 39 3 1 43 3 0 15 38 42 49 39 0 47 7
split_gain=7.17962 5.141 3.78927 3.1782 3.002 3.12544 2.9901 2.75177 2.418 2.09387 1.91773 1.84326 1.77871 1.69353 1.93299 1.65596 1.41455 1.31023 0.65149 0.632346 0.586606 0.122335 0.0946235 0.0408529 0.0351427
threshold=9.5000000000000018 5.5000000000000009 85.000000000000014 1.0000000180025095e-35 1.0000000180025095e-35 7.5000000000000009 15.500000000000002 -1.0000000180025095e-35 1.0000000180025095e-35 2.5000000000000004 9.5000000000000018 2.5000000000000004 18.500000000000004 3.5000000000000004 8.5000000000000018 8.5000000000000018 9.5000000000000018 1.0000000180025095e-35 55.000000000000007 7.5000000000000009 4.5000000000000009 6.5000000000000009 7.5000000000000009 6.5000000000000009 36.500000000000007
decision_type=2 2 2 2 2 2 2 2 2 2 2 2 2 2 2 2 2 2 2 2 2 2 2 2 2
left_child=9 3 4 7 5 -3 17 11 -9 10 12 -2 15 14 -12 -1 -5 -4 -6 20 -11 -22 23 -21 -14
right_child=1 2 6 16 18 -7 -8 8 -10 19 13 -13 24 -15 -16 -17 -18 -19 -20 22 21 -23 -24 -25 -26
leaf_value=-0.045516625876926099 0.081726753139833297 -0.0013595542546333823 -0.033359759773498539 -0.003163773344604381 0.074297015030851704 -0.075283764751594276 0.020581517095797135 0.018391253767262375 -0.046837318826206259 -0.011615731504440259 0.037298889514444412 0.021530954873030479 -0.1045460790206707 0.058233189094778912 -0.088248238539437793 0.032793347840826964 -0.07345951092054509 -0.083366712354424943 0.023308368461332003 -0.098905430789895762 -0.083213689237787616 -0.046734235578012602 -0.047703008503416126 -0.076554953068486684 -0.077910850439618151
leaf_weight=3.2039085514843482 4.6478544771671277 34.208159141242504 4.1140864640474302 2.775872401893138 2.2240374889224759 2.4985002595931283 2.3853760398924342 54.131277605891228 2.4119294658303252 1.5794848874211305 0.99455220252275489 3.8241707310080528 0.93550944887101628 1.9894431754946706 0.98192894645035267 1.6632349900901315 2.0315077528357506 4.6213419754058123 1.9851697664707897 0.81371886655688319 0.89305811189115025 0.93105128966271877 0.51826266944408406 3.1561320647597313 0.93424730002880096
leaf_count=29 13 291 47 15 9 37 15 262 20 13 5 15 11 8 20 12 10 78 13 10 12 14 6 82 13
internal_value=0 0.00564793 -0.0095572 0.0169864 -0.000546162 -0.00642816 -0.0426301 0.0207016 0.0155907 -0.0369928 -0.0184708 0.054683 -0.0392311 0.0166864 -0.0249938 -0.0186422 -0.0330818 -0.0599508 0.0505025 -0.0619834 -0.040659 -0.0652973 -0.0778914 -0.0815509 -0.0920943
internal_weight=0 121.859 52.0367 69.8226 40.9159 36.7067 11.1208 65.0152 56.5432 18.5945 10.7028 8.47203 6.7369 3.96592 1.97648 4.86714 4.80738 8.73543 4.20921 7.89171 3.40359 1.82411 4.48811 3.96985 1.86976
internal_count=1060 825 490 335 350 328 140 310 282 235 98 28 65 33 25 41 25 125 22 137 39 26 98 92 24
is_linear=0
shrinkage=0.0639378


Tree=13
num_leaves=23
num_cat=0
split_feature=38 39 42 12 0 44 12 4 43 38 48 27 38 1 1 31 49 42 46 48 39 5
split_gain=6.41651 5.05937 2.87366 3.57818 3.55137 2.8007 3.10678 6.0346 2.52598 3.14646 2.2912 2.00261 1.54175 1.48148 1.23491 1.57703 1.18282 0.647956 0.467952 0.266067 0.528124 0.0677836
threshold=9.5000000000000018 2.5000000000000004 85.000000000000014 1.0000000180025095e-35 1.0000000180025095e-35 -1.0000000180025095e-35 1.0000000180025095e-35 1.5000000000000002 11.500000000000002 105.00000000000001 4.5000000000000009 2.5000000000000004 2.5000000000000004 3.5000000000000004 1.0000000180025095e-35 1.0000000180025095e-35 11.500000000000002 8.5000000000000018 5.5000000000000009 2.5000000000000004 5.5000000000000009 1.0000000180025095e-35
decision_type=2 2 2 2 2 2 2 2 2 2 2 2 2 2 2 2 2 2 2 2 2 2
left_child=12 5 8 4 -4 -2 10 -8 11 -10 -7 -3 13 14 15 -1 -15 19 -16 -14 -21 -5
right_child=1 2 3 21 -6 6 7 -9 9 -11 -12 -13 17 16 18 -17 -18 -19 -20 20 -22 -23
leaf_value=-0.044819072298023253 0.073080440956179438 0.0011871041389778774 -0.046045650543296728 -0.10426377145437263 0.022529838612707121 0.047978114556180396 -0.10423667779272551 0.01629831176523228 -0.089363771665670166 0.030097005773821808 0.0076433240335434041 0.036867713657406459 -0.014321561383168788 -0.020030548245372887 -0.040457104362727724 0.040058808480921804 0.05851499030996047 -0.079362208173574686 -0.089002443316158475 -0.092469880439572535 -0.032923222150180342 -0.079305185067887821
leaf_weight=2.1596616618335269 4.3503157496452323 56.196200734004378 6.4175390023738128 1.3253736272454255 5.9179862290620804 13.505126979202034 2.2310562022030336 6.9592297226190567 2.5529730618000026 1.374203950166702 10.093419967219232 7.2542567048221818 1.1782295703887928 1.6436482705175877 1.8372793868184092 1.5061799548566339 1.4681852534413338 3.3009700421243906 1.5897179413586853 0.88645272888243232 2.1127523854374886 1.6841446198523042
leaf_count=25 13 388 79 14 53 47 17 41 43 11 50 40 11 16 13 10 6 85 28 11 30 29
internal_value=0 0.00530535 -0.00349184 -0.0284533 -0.013118 0.0249075 0.0184762 -0.013012 0.00219011 -0.0474769 0.0307598 0.00528043 -0.0359399 -0.0196689 -0.035808 -0.00979735 0.0169594 -0.0580091 -0.063356 -0.0408363 -0.0509911 -0.0908389
internal_weight=0 119.862 82.7227 15.345 12.3355 37.1391 32.7888 9.19029 67.3776 3.92718 23.5985 63.4505 17.6831 10.2047 7.09284 3.66584 3.11183 7.4784 3.427 4.17743 2.99921 3.00952
internal_count=1060 825 657 175 132 168 155 58 482 54 97 428 235 98 76 35 22 137 41 52 41 43
is_linear=0
shrinkage=0.0639378


Tree=14
num_leaves=22
num_cat=0
split_feature=43 47 2 49 38 42 43 47 5 38 38 46 7 46 39 43 7 11 49 47 46
split_gain=5.57317 4.16879 3.18121 3.61475 2.57526 2.49746 2.30218 1.86838 2.32807 4.95176 3.83929 2.40222 2.35175 1.82347 1.69425 1.36205 1.19626 2.02002 1.02307 0.749206 0.361807
threshold=3.5000000000000004 6.5000000000000009 13.500000000000002 11.500000000000002 3.5000000000000004 17.500000000000004 13.500000000000002 8.5000000000000018 3.5000000000000004 65.000000000000014 65.000000000000014 65.000000000000014 5.5000000000000009 95.000000000000014 3.5000000000000004 1.5000000000000002 7.5000000000000009 1.5000000000000002 1.5000000000000002 9.5000000000000018 4.5000000000000009
decision_type=2 2 2 2 2 2 2 2 2 2 2 2 2 2 2 2 2 2 2 2 2
left_child=7 2 3 6 -5 18 -2 8 9 12 11 -10 -1 14 -7 -11 -9 -18 -3 -15 -20
right_child=1 5 -4 4 -6 13 -8 16 10 15 -12 -13 -14 19 -16 -17 17 -19 20 -21 -22
leaf_value=0.0087616635962746853 0.0043749289046535527 -0.0020577879793311025 0.05505493670611885 0.031505612639651862 -0.077267840031588791 0.025648555808669565 -0.070509805361268843 0.068724664811364689 -0.038695069061212929 -0.078416291733989674 0.054106176710986428 0.036516281961138423 0.04265211779786611 -0.014572916877686345 -0.02389458934258774 0.0061391526396730352 -0.022015354402882336 0.055534892665205234 -0.02860848518234748 -0.075715203780414381 -0.074865133851015578
leaf_weight=16.71048691123724 37.005999544635415 1.0563261974602953 3.7952058650553218 1.1075200177729119 4.2871240694075823 4.327431125566366 1.7453991249203671 3.7018228583037835 10.683785460889338 2.527915276587009 2.9658751599490634 2.0557787828147402 16.862483253702521 1.221245571970939 8.0356353856623155 1.1060017980635164 2.424002967774868 3.1208619698882103 0.83449208922684182 2.6641675606369972 6.5992785906419158
leaf_count=73 245 13 17 6 55 29 24 11 71 29 15 11 63 21 97 8 16 9 13 50 184
internal_value=0 -0.0120202 -0.00100792 -0.0058526 -0.0548268 -0.0333306 0.00096816 0.0140543 0.00940336 0.01812 -0.0112142 -0.0264968 0.0258074 -0.0185789 -0.00650592 -0.0526164 0.0405684 0.021573 -0.0614376 -0.0567281 -0.0697934
internal_weight=0 72.6798 47.9412 44.146 5.39464 24.7386 38.7514 62.159 52.9123 37.2069 15.7054 12.7396 33.573 16.2485 12.3631 3.63392 9.24669 5.54486 8.4901 3.88541 7.43377
internal_count=1060 754 347 330 61 407 269 306 270 173 97 82 136 197 126 37 36 25 210 71 197
is_linear=0
shrinkage=0.0639378


Tree=15
num_leaves=27
num_cat=0
split_feature=43 38 42 43 7 39 47 3 7 2 43 48 39 7 48 46 6 4 42 18 46 19 2 46 48 27
split_gain=4.6259 2.82598 3.43653 3.03412 2.27618 2.89814 2.46441 2.10398 2.03234 2.46411 1.99534 3.12108 5.91509 3.2788 2.31702 1.74979 6.34691 1.62688 1.50896 1.35729 1.22493 1.21194 0.832054 0.63959 0.50962 0.444818
threshold=2.5000000000000004 9.5000000000000018 45.000000000000007 11.500000000000002 6.5000000000000009 4.5000000000000009 3.5000000000000004 27.500000000000004 3.5000000000000004 4.5000000000000009 1.5000000000000002 3.5000000000000004 2.5000000000000004 6.5000000000000009 5.5000000000000009 55.000000000000007 5.5000000000000009 2.5000000000000004 2.5000000000000004 1.0000000180025095e-35 10.500000000000002 1.0000000180025095e-35 1.0000000180025095e-35 25.000000000000004 3.5000000000000004 1.0000000180025095e-35
decision_type=2 2 2 2 2 2 2 2 2 2 2 2 2 2 2 2 2 2 2 2 2 2 2 2 2 2
left_child=10 8 3 7 5 -4 -6 -3 9 20 11 13 14 -1 -13 16 22 -15 -10 -17 -2 -14 -12 -20 -5 -18
right_child=1 2 4 24 6 -7 -8 -9 18 -11 15 12 21 17 -16 19 25 -19 23 -21 -22 -23 -24 -25 -26 -27
leaf_value=-0.020238262524557689 -0.0064995118023338906 0.00063101055998793655 -0.030424984222158953 -0.017998771602205074 -0.0021357427520960182 0.026149529546532151 -0.045321473154750366 0.035215809734527488 0.006367848268896345 0.084659915590802923 0.063469257279531233 -0.012161288564910422 -0.023599392673315515 0.082580962874922101 0.054709299845968749 0.024467894793525659 -0.081315666370653128 0.021856164553807053 -0.07455059036949839 0.082356946227006719 -0.081451250517758755 -0.073420343096946991 0.027098447647748672 0 -0.088031767440433298 -0.034143807575869725
leaf_weight=3.4497773237526435 3.4797181207686645 15.062303481623536 6.3427795991301528 0.66895772702991863 8.6159959919750708 8.848743172362445 14.583401929587124 13.799416579306124 1.2849921658635137 0.98617633432149876 4.2785155475139636 3.8645970672369021 3.6026436537504178 4.0126105397939682 4.6396652981638908 2.9936490803956977 1.7191079258918756 3.3370459042489529 6.1558880731463432 3.8172202035784721 1.1951307635754345 4.6141982823610306 6.6985246539115906 0.50132511742413033 1.2943793777376411 1.7003461942076681
leaf_count=19 41 115 36 10 73 69 193 81 6 3 12 19 28 10 16 16 10 18 139 9 24 44 23 6 28 12
internal_value=0 -0.00919645 -0.00394997 0.0119375 -0.0167187 0.00249134 -0.0293132 0.0171914 -0.0358284 -0.00643571 0.0156289 0.0042469 -0.0130348 0.0310334 0.0242914 0.0303654 0.0176584 0.055158 -0.0566758 0.0570736 -0.0259285 -0.0517034 0.0413741 -0.0689058 -0.0646759 -0.0582075
internal_weight=0 82.8192 69.216 30.8251 38.3909 15.1915 23.1994 28.8617 13.6032 5.66103 48.7279 27.5205 16.7211 10.7994 8.50426 21.2074 14.3965 7.34966 7.94221 6.81087 4.67485 8.21684 10.977 6.65721 1.96334 3.41945
internal_count=1060 824 605 234 371 105 266 196 219 68 236 154 107 47 35 82 57 28 151 25 65 72 35 145 38 22
is_linear=0
shrinkage=0.0639378


Tree=16
num_leaves=25
num_cat=0
split_feature=38 42 39 38 2 27 12 5 7 48 46 38 49 3 1 19 3 42 15 49 0 7 47 38
split_gain=4.68961 5.0734 4.02346 3.35144 2.76945 1.98423 2.31129 1.96459 3.81685 3.57789 1.86805 1.25826 0.94752 1.29295 1.12594 1.45606 1.02736 0.612638 0.42587 0.587057 0.0637413 0.0496337 0.0484241 0.00330018
threshold=9.5000000000000018 45.000000000000007 5.5000000000000009 125.00000000000001 1.0000000180025095e-35 3.5000000000000004 1.5000000000000002 2.5000000000000004 13.500000000000002 3.5000000000000004 125.00000000000001 2.5000000000000004 9.5000000000000018 18.500000000000004 3.5000000000000004 2.5000000000000004 8.5000000000000018 7.5000000000000009 1.0000000180025095e-35 4.5000000000000009 7.5000000000000009 36.500000000000007 6.5000000000000009 3.5000000000000004
decision_type=2 2 2 2 2 2 2 2 2 2 2 2 2 2 2 2 2 2 2 2 2 2 2 2
left_child=11 2 7 4 -4 6 10 8 -2 -9 -3 12 13 16 15 -14 -1 18 19 -13 23 -15 -8 -19
right_child=1 5 3 -5 -6 -7 22 9 -10 -11 -12 17 14 21 -16 -17 -18 20 -20 -21 -22 -23 -24 -25
leaf_value=-0.037421107601457948 0.021992828008482297 -0.0087317550829498075 0.018872985882301435 0.060034073553122423 -0.029886630022279977 0.042181217345123048 -0.098155329102128749 0.047752630578878533 0.075050983554240336 -0.01289343684483441 -0.071932333675504612 0.016982532262323762 -0.093646648071549446 -0.099216255989699159 0.047604106454633671 0.024539109497717065 0.028658461873050416 -0.062562962953856036 -0.065110107119766683 -0.053126895426927369 -0.044814458051492416 -0.067608967379358523 -0.07031119828051062 -0.079568818511459069
leaf_weight=2.8313957788050157 17.54587716981769 40.14272010885179 7.1235580537468257 2.8500749468803397 14.260849013924597 2.6257504336535922 0.88175736740231403 6.4820849150419262 8.1295167766511423 10.230189215391873 1.9986425377428521 1.0727458335459226 0.73518690280616306 0.74654231965541817 1.6274771019816396 0.97224345430731773 1.4349218215793369 0.69519371725618917 1.0554825924336908 0.86769421026110638 0.4498400967568158 0.71812895126640797 0.98663147911429405 2.382378120906651
leaf_count=29 75 338 57 16 144 17 11 27 27 59 39 9 14 11 8 11 12 19 15 15 6 13 15 73
internal_value=0 0.00452663 0.0158505 -0.00491177 -0.0136199 -0.0116399 -0.0148729 0.0277302 0.0388393 0.0106182 -0.0117609 -0.032864 -0.0173396 -0.033101 0.00962495 -0.0263789 -0.0150652 -0.0542917 -0.0325295 -0.0142604 -0.0724604 -0.0847428 -0.0842683 -0.0761496
internal_weight=0 113.258 66.6222 24.2345 21.3844 46.6355 44.0098 42.3877 25.6754 16.7123 42.1414 15.5892 9.0659 5.73099 3.33491 1.70743 4.26632 6.52333 2.99592 1.94044 3.52741 1.46467 1.86839 3.07757
internal_count=1060 825 405 217 201 420 403 188 102 86 377 235 98 65 33 25 41 137 39 24 98 24 26 92
is_linear=0
shrinkage=0.0639378


Tree=17
num_leaves=23
num_cat=0
split_feature=43 38 46 3 39 42 9 4 38 48 19 5 5 5 7 46 43 7 7 39 27 4
split_gain=4.73456 3.12627 3.49625 1.91242 1.85466 3.86386 2.04742 1.83267 1.72986 4.22316 1.70822 2.72202 1.62187 2.51463 1.8679 1.54726 1.52451 1.67551 2.0002 1.75847 1.26078 0.29969
threshold=3.5000000000000004 18.000000000000004 55.000000000000007 1.0000000180025095e-35 7.5000000000000009 25.000000000000004 1.0000000180025095e-35 1.5000000000000002 85.000000000000014 1.5000000000000002 1.0000000180025095e-35 1.0000000180025095e-35 4.5000000000000009 15.500000000000002 50.500000000000007 16.500000000000004 4.5000000000000009 3.5000000000000004 1.0000000180025095e-35 18.000000000000004 1.0000000180025095e-35 2.5000000000000004
decision_type=2 2 2 2 2 2 2 2 2 2 2 2 2 2 2 2 2 2 2 2 2 2
left_child=3 16 4 7 6 -6 -3 15 12 -10 11 -4 14 -14 -5 -1 -2 18 -18 -19 -12 -11
right_child=1 2 10 8 5 -7 -8 -9 9 21 20 -13 13 -15 -16 -17 17 19 -20 -21 -22 -23
leaf_value=-0.0057533093921581912 0.021755581279324691 0.028599875118730619 -0.024809644184187019 0.023562949758072597 0.040863845407804654 -0.048844645082385528 -0.042498889195185269 0.022732499219610462 0.067533935963836902 -0.096316340188629154 -0.06138980006582416 0.050636025614084215 -0.020722704554298109 0.039875226828259829 0.079125802463307957 -0.083262190877639738 -0.067123982988802039 -0.06148945898710205 0.0093496474037685941 0.029220116917719963 -0.016411749889250035 -0.044698696009398124
leaf_weight=2.1401676535606375 1.8709135502576852 18.360025741159923 7.0000949576497096 32.775980973616242 3.2043977715074998 5.0134963002055883 1.8037152215838421 2.7250637486577034 1.2534237802028649 1.4339640419930222 5.679200725629924 2.6970615424215794 7.8792171105742437 4.3256111070513725 2.6765770092606536 2.091437790542841 1.9692216822877551 10.233096955344077 4.7157592158764601 0.94040495902299959 4.6987178772687912 0.79100846499204625
leaf_count=12 15 107 61 148 22 69 18 9 4 20 85 17 61 23 7 12 30 214 51 4 61 10
internal_value=0 -0.0114264 -0.00267712 0.0134113 0.0117542 -0.0137975 0.0221938 -0.0179832 0.017695 -0.025706 -0.0230983 -0.00373863 0.0208787 0.000733687 0.0277976 -0.0443061 -0.0328756 -0.038637 -0.0131885 -0.0537881 -0.0411156 -0.0785301
internal_weight=0 68.1861 48.4567 58.0925 28.3816 8.21789 20.1637 6.95667 51.1358 3.4784 20.0751 9.69716 47.6574 12.2048 35.4526 4.23161 19.7294 17.8585 6.68498 11.1735 10.3779 2.22497
internal_count=1060 754 440 306 216 91 125 33 273 34 224 78 239 84 155 24 314 299 81 218 146 30
is_linear=0
shrinkage=0.0639378


end of trees

feature_importances:
ninki_1=50
result_1=45
ninki_2=39
result_2=32
mf_courseout=28
result_3=25
ninki_3=23
f_courseout=21
waku=20
umaban=20
mf_course2=13
f_course2=11
f_lenout=10
mf_classout=10
f_course1=9
f_course3=9
mf_course1=8
mf_course3=5
f_len1=5
f_classout=5
f_class1=4
mf_class2=4
mf_classout.1=4
f_mf_course2=3
f_mf_courseout=2
f_mf_len3=2
time_df_course3=2
f_mf_course1=1
f_mf_course3=1
f_len2=1
mf_len3=1

parameters:
[boosting: gbdt]
[objective: lambdarank]
[metric: ndcg]
[tree_learner: serial]
[device_type: cpu]
[data_sample_strategy: bagging]
[data: ]
[valid: ]
[num_iterations: 167]
[learning_rate: 0.0639378]
[num_leaves: 32]
[num_threads: 16]
[seed: 0]
[deterministic: 0]
[force_col_wise: 1]
[force_row_wise: 0]
[histogram_pool_size: -1]
[max_depth: 5]
[min_data_in_leaf: 11]
[min_sum_hessian_in_leaf: 0.001]
[bagging_fraction: 1]
[pos_bagging_fraction: 1]
[neg_bagging_fraction: 1]
[bagging_freq: 0]
[bagging_seed: 7719]
[feature_fraction: 1]
[feature_fraction_bynode: 1]
[feature_fraction_seed: 2437]
[extra_trees: 0]
[extra_seed: 11797]
[early_stopping_round: 0]
[first_metric_only: 0]
[max_delta_step: 0]
[lambda_l1: 0.00751033]
[lambda_l2: 0.0124157]
[linear_lambda: 0]
[min_gain_to_split: 0]
[drop_rate: 0.1]
[max_drop: 50]
[skip_drop: 0.5]
[xgboost_dart_mode: 0]
[uniform_drop: 0]
[drop_seed: 21238]
[top_rate: 0.2]
[other_rate: 0.1]
[min_data_per_group: 100]
[max_cat_threshold: 32]
[cat_l2: 10]
[cat_smooth: 10]
[max_cat_to_onehot: 4]
[top_k: 20]
[monotone_constraints: ]
[monotone_constraints_method: basic]
[monotone_penalty: 0]
[feature_contri: ]
[forcedsplits_filename: ]
[refit_decay_rate: 0.9]
[cegb_tradeoff: 1]
[cegb_penalty_split: 0]
[cegb_penalty_feature_lazy: ]
[cegb_penalty_feature_coupled: ]
[path_smooth: 0]
[interaction_constraints: ]
[verbosity: -1]
[saved_feature_importance_type: 0]
[use_quantized_grad: 0]
[num_grad_quant_bins: 4]
[quant_train_renew_leaf: 0]
[stochastic_rounding: 1]
[linear_tree: 0]
[max_bin: 255]
[max_bin_by_feature: ]
[min_data_in_bin: 3]
[bin_construct_sample_cnt: 200000]
[data_random_seed: 38]
[is_enable_sparse: 1]
[enable_bundle: 1]
[use_missing: 1]
[zero_as_missing: 0]
[feature_pre_filter: 1]
[pre_partition: 0]
[two_round: 0]
[header: 0]
[label_column: ]
[weight_column: ]
[group_column: ]
[ignore_column: ]
[categorical_feature: ]
[forcedbins_filename: ]
[precise_float_parser: 0]
[parser_config_file: ]
[objective_seed: 8855]
[num_class: 1]
[is_unbalance: 0]
[scale_pos_weight: 1]
[sigmoid: 1]
[boost_from_average: 1]
[reg_sqrt: 0]
[alpha: 0.9]
[fair_c: 1]
[poisson_max_delta_step: 0.7]
[tweedie_variance_power: 1.5]
[lambdarank_truncation_level: 30]
[lambdarank_norm: 1]
[label_gain: ]
[lambdarank_position_bias_regularization: 0]
[eval_at: 1,3,5]
[multi_error_top_k: 1]
[auc_mu_weights: ]
[num_machines: 1]
[local_listen_port: 12400]
[time_out: 120]
[machine_list_filename: ]
[machines: ]
[gpu_platform_id: -1]
[gpu_device_id: -1]
[gpu_use_dp: 0]
[num_gpu: 1]

end of parameters

pandas_categorical:[]
