tree
version=v4
num_class=1
num_tree_per_iteration=1
label_index=0
max_feature_idx=50
objective=lambdarank
feature_names=f_course1 f_course2 f_course3 f_courseout mf_course1 mf_course2 mf_course3 mf_courseout f_mf_course1 f_mf_course2 f_mf_course3 f_mf_courseout f_len1 f_len2 f_len3 f_lenout mf_len1 mf_len2 mf_len3 mf_classout f_mf_len1 f_mf_len2 f_mf_len3 f_mf_classout f_class1 f_class2 f_class3 f_classout mf_class1 mf_class2 mf_class3 mf_classout.1 f_mf_class1 f_mf_class2 f_mf_class3 f_mf_classout.1 time_df_course1 time_df_class1 ninki_1 result_1 time_df_course2 time_df_class2 ninki_2 result_2 time_df_course3 time_df_class3 ninki_3 result_3 waku umaban self_popularity
feature_infos=[-1:26] [-1:23] [-1:25] [-1:177] [-1:33] [-1:28] [-1:27] [-1:267] [-1:4] [-1:4] [-1:4] [-1:18] [-1:15] [-1:14] [-1:11] [-1:80] [-1:20] [-1:18] [-1:12] [-1:116] [-1:2] [-1:3] [-1:3] [-1:11] [-1:8] [-1:6] [-1:5] [-1:41] [-1:6] [-1:7] [-1:6] [-1:45] [-1:2] [-1:3] [-1:2] [-1:5] [-1:0] [-1:0] [-1:180] [-1:140] [-1:0] [-1:0] [-1:180] [-1:160] [-1:0] [-1:0] [-1:180] [-1:160] [1:8] [1:16] [-1:16]
tree_sizes=4679 4677 4662 4655 4668 4660 4674 4654 4669 4637 4693 4658 4701

Tree=0
num_leaves=43
num_cat=0
split_feature=29 50 50 46 38 48 15 2 7 38 30 49 7 46 46 4 6 15 15 28 49 7 39 50 43 7 2 12 42 29 11 50 42 46 15 4 43 7 5 25 47 3
split_gain=7.03023 4.71436 8.1123 6.10275 5.6677 5.65384 5.59964 5.39147 7.27859 6.03413 5.07676 5.42442 6.90949 5.30371 5.01404 4.89268 4.86859 4.76274 8.19487 4.56078 4.448 4.21602 4.08891 5.79668 4.03489 4.01365 3.75836 4.38162 4.44312 3.6336 3.51217 3.44624 3.73339 3.71991 3.67705 4.56185 3.67167 3.59931 3.41972 3.35363 3.4031 3.33384
threshold=3.5000000000000004 1.5000000000000002 5.5000000000000009 45.000000000000007 6.5000000000000009 4.5000000000000009 64.000000000000014 1.0000000180025095e-35 12.500000000000002 3.5000000000000004 1.5000000000000002 6.5000000000000009 69.000000000000014 115.00000000000001 1.0000000180025095e-35 10.500000000000002 5.5000000000000009 21.500000000000004 12.500000000000002 1.0000000180025095e-35 14.500000000000002 9.5000000000000018 4.5000000000000009 12.500000000000002 11.500000000000002 148.50000000000003 1.5000000000000002 1.5000000000000002 55.000000000000007 1.0000000180025095e-35 2.5000000000000004 12.500000000000002 115.00000000000001 35.000000000000007 4.5000000000000009 1.0000000180025095e-35 9.5000000000000018 22.500000000000004 1.0000000180025095e-35 1.0000000180025095e-35 4.5000000000000009 1.5000000000000002
decision_type=2 2 2 2 2 2 2 2 2 2 2 2 2 2 2 2 2 2 2 2 2 2 2 2 2 2 2 2 2 2 2 2 2 2 2 2 2 2 2 2 2 2
left_child=1 4 3 6 5 -1 7 8 -3 38 11 12 16 29 -10 26 31 18 19 22 -21 -19 23 -13 39 -14 -6 -28 -29 -12 -23 32 33 -4 36 -36 -33 -34 -9 -5 -41 -16
right_child=-2 2 10 24 15 -7 -8 9 14 -11 13 17 25 -15 41 -17 -18 21 -20 20 -22 30 -24 -25 -26 -27 27 28 -30 -31 -32 34 37 -35 35 -37 -38 -39 -40 40 -42 -43
leaf_value=0.030012390248277527 0.06289203888045003 -0.046770855993738258 0.0051301113653074992 0.021041553309970276 0.055727193160854463 -0.10465916557980377 0.068221812112140401 0.051241969297921526 -0.046710241666829175 -0.063528853108859987 -0.0034644216226247283 0.0081842068239328727 -0.077621475518840161 0.052602242904165333 -0.0073311674140017708 -0.06521054546175567 0.045997228126758827 -0.019177119550931095 -0.061141605973849406 -0.0599642103357272 0.06052257852524754 0.069038805194221758 0.025634533250081786 -0.076073714868670816 -0.085431451492268273 0.014822407348976855 -0.043106534818036404 -0.0010143840095542614 0.10453666750695244 -0.085244430020739448 -0.0078596120447951487 -0.023017207472108833 0.0065455490353863192 -0.03277657314790574 0.065615586838856862 -0.058096780188763616 -0.11849470027525941 0.090392478851123809 -0.034234565953549442 0.021471775407297444 -0.083509952275662644 0.059379988409740306
leaf_weight=2.2529665154870591 6.7909725303761652 13.712577811442317 33.692117630853318 22.677363807102672 17.180925255874179 2.5760113801807165 2.1917682923376551 3.0038054368924341 3.8806252528447684 26.76802283024881 3.2798754323739541 21.778340596007187 7.6176419453695399 2.0681225629523388 4.6391770283225906 1.8970729436259706 7.9400587142445138 3.5603913046652478 6.1936318674124768 5.7012323578819624 1.479558973573148 13.298806531820448 61.593262881040573 3.7105681379325679 1.7782133133150626 2.3827912393026054 4.0005131822545064 4.0017748707905412 2.5049391384236515 6.1897501952480525 2.7779508153907946 3.4059566282667202 5.306092497892676 14.43765110732056 2.3460473548620939 2.2544566403375939 2.9946321006864309 3.2250560503453016 4.586109068710357 2.1584443179890505 2.6459059217013419 7.7830089456401765
leaf_count=26 62 257 496 327 170 59 17 40 73 536 62 323 180 17 66 37 86 70 132 127 11 98 779 77 44 35 60 52 17 133 46 51 69 257 26 41 72 19 78 25 54 79
internal_value=0 -0.00123502 -0.00365509 -0.0188182 0.0207299 -0.0418224 -0.0292851 -0.0326556 -0.0132104 -0.0495816 0.0030303 0.00530264 -0.00672183 -0.0372844 0.0149873 0.0310128 -0.000232378 0.0138824 0.00835259 0.0129504 -0.0348207 0.0420527 0.0169141 -0.00412082 0.00496167 -0.0555078 0.0377157 0.00807601 0.0397735 -0.0571471 0.0556934 -0.00569363 0.000516543 -0.00623249 -0.0376855 0.00476878 -0.0682407 0.0385991 -0.000184587 0.0109467 -0.0362906 0.0344235
internal_weight=0 347.473 313.059 95.825 34.4142 4.82898 66.5651 64.3733 30.0154 34.3579 217.234 205.696 85.6025 11.5377 16.3028 29.5852 75.6021 120.094 100.457 94.263 7.18079 19.6371 87.0822 25.4889 29.2599 10.0004 27.6882 10.5072 6.50671 9.46963 16.0768 67.662 56.6609 48.1298 11.0011 4.6005 6.40059 8.53115 7.58991 27.4817 4.80435 12.4222
internal_count=5286 5224 4803 1596 421 85 1146 1129 475 654 3207 2995 1332 212 218 336 1117 1663 1449 1317 138 214 1179 400 450 215 299 129 69 195 144 1031 841 753 190 67 123 88 118 406 79 145
is_linear=0
shrinkage=0.0625684


Tree=1
num_leaves=43
num_cat=0
split_feature=47 38 50 42 1 27 0 3 47 12 38 11 39 46 27 38 26 14 48 43 43 6 19 46 5 1 4 3 43 46 3 6 42 46 48 3 6 19 38 11 11 3
split_gain=10.6938 9.87601 8.66584 13.174 18.2073 20.5515 14.3396 22.9113 21.3129 16.9539 15.7116 14.1607 13.7884 20.5708 19.3244 32.4088 18.8343 14.7672 17.2942 14.1662 13.7037 13.5162 16.5045 12.5659 14.0234 27.2775 16.6465 13.7865 16.5151 13.6317 13.3123 12.0009 11.9863 11.1981 11.1118 18.6704 10.1255 10.1173 9.76519 17.3418 9.48783 9.34998
threshold=55.000000000000007 155.00000000000003 2.5000000000000004 10.500000000000002 10.500000000000002 10.500000000000002 3.5000000000000004 59.500000000000007 9.5000000000000018 2.5000000000000004 75.000000000000014 1.5000000000000002 7.5000000000000009 95.000000000000014 1.0000000180025095e-35 85.000000000000014 1.0000000180025095e-35 1.0000000180025095e-35 7.5000000000000009 11.500000000000002 12.500000000000002 13.500000000000002 25.000000000000004 105.00000000000001 3.5000000000000004 8.5000000000000018 14.000000000000002 1.0000000180025095e-35 9.5000000000000018 10.500000000000002 1.5000000000000002 6.5000000000000009 115.00000000000001 65.000000000000014 6.5000000000000009 19.500000000000004 1.0000000180025095e-35 5.5000000000000009 55.000000000000007 1.0000000180025095e-35 2.5000000000000004 63.500000000000007
decision_type=2 2 2 2 2 2 2 2 2 2 2 2 2 2 2 2 2 2 2 2 2 2 2 2 2 2 2 2 2 2 2 2 2 2 2 2 2 2 2 2 2 2
left_child=1 2 23 4 5 20 9 10 41 12 11 -8 13 19 -15 -16 17 18 -14 32 21 22 33 24 27 26 34 29 30 -1 -29 -13 -5 -4 -26 -36 -19 -12 39 -32 -10 -9
right_child=-2 -3 3 6 -6 -7 7 8 40 -11 37 31 16 14 15 -17 -18 36 -20 -21 -22 -23 -24 -25 25 -27 -28 28 -30 -31 38 -33 -34 -35 35 -37 -38 -39 -40 -41 -42 -43
leaf_value=0.056203572412703302 -0.090375969132556661 -0.075124111801476101 -0.02003168534371556 0.0068933037555093633 -0.097740619538331755 0.057602378703758832 -0.096212554968820488 0.036410961543607803 0.071240114403038027 0.083178456407006079 -0.043154809296830916 -0.099215791963603875 0.021193190583999273 -0.094031127794279246 -0.086574711049513961 0.079634034625747044 -0.070375581548689101 0.0039489744045627852 -0.038214908146208017 -0.028768832816377373 0.03140216453653754 0.026716235459864037 -0.072635006169447403 0.086152510212597649 0.071081594266624679 -0.10227493843792107 -0.047153832104604387 -0.10842910797374038 -0.10277697226956158 -0.024516796242735405 0.0021746522799566416 0.028119442111551721 0.0627691566116102 0.070661296992391487 -0.091939169283072372 0.07162902605079656 0.069742946073999862 0.035881307190434884 0.048579058088592642 -0.090134825548132486 -0.0051565715752936074 -0.023601200043813528
leaf_weight=24.45047883503139 5.0691481698304406 6.7019359003752461 185.35694612748921 137.91903885360807 9.5208121761679632 16.576844593510032 24.32991749048233 12.26833019312471 21.965658162254844 11.732552133500574 12.84136614110321 4.3439754676073781 140.88642537314445 17.530752697959542 9.008791711181404 9.2996353656053525 8.9565710183233005 12.410705056041477 22.164011355489492 39.972044968977571 23.467311814427376 23.13634654507041 23.840296547859907 8.6886515673249942 42.396024832502007 5.3431882057338944 6.8007219452410927 4.8120778389275065 7.8589053070172659 12.261322069913147 53.482920584268868 8.5249928683042508 16.847972858697176 5.450734492391347 4.7930775601416808 6.2622693227604032 35.33713155798614 12.45480055734515 12.677169924601911 9.3243853282183391 8.9112797118723375 58.230310128070414
leaf_count=67 32 41 1017 694 61 51 177 57 64 21 72 39 551 114 62 21 57 52 92 242 88 82 179 22 113 51 39 30 55 42 241 36 46 18 27 22 89 49 47 73 49 304
internal_value=0 0.000412018 0.000870311 -0.00170749 -0.0127985 -0.00987237 0.00338271 -0.0125151 0.00584544 0.00902374 -0.0423036 -0.0681579 0.00708334 -0.00360076 -0.0471435 -0.00209813 0.0182976 0.0220809 0.0131047 0.00441364 -0.0141648 -0.0186703 -0.0235709 0.0126957 0.00932451 0.0327423 0.0447837 -0.00297381 -0.0163975 0.0292158 -0.00789057 -0.0149211 0.0129953 -0.0174233 0.0565238 0.000550481 0.0526795 -0.00420068 -0.00142189 -0.0115522 0.0491736 -0.0131298
internal_weight=0 1119.14 1112.44 913.286 287.349 277.828 625.936 163.871 101.376 462.066 62.4951 37.1989 450.333 230.578 35.8392 18.3084 219.755 210.798 163.05 194.739 261.252 237.784 214.648 199.151 190.463 65.5953 60.2521 124.867 88.1555 36.7118 80.2966 12.869 154.767 190.808 53.4514 11.0553 47.7478 25.2962 75.4845 62.8073 30.8769 70.4986
internal_count=5286 5254 5213 4384 1496 1435 2888 847 474 2041 373 252 2020 1179 197 83 841 784 643 982 1384 1296 1214 829 807 252 201 555 446 109 391 75 740 1035 162 49 141 121 361 314 113 361
is_linear=0
shrinkage=0.0625684


Tree=2
num_leaves=43
num_cat=0
split_feature=50 50 46 24 7 12 4 48 43 39 46 14 46 48 25 0 31 47 38 7 39 47 39 38 14 46 7 19 6 1 46 47 47 47 50 19 31 19 49 50 48 7
split_gain=11.0217 11.078 13.4103 14.0034 14.039 19.5083 13.5443 12.5299 12.109 12.6268 11.5281 10.5669 15.6225 14.7861 20.8294 12.6621 11.0644 15.9807 21.8023 20.0521 16.1574 14.5288 11.4739 16.563 10.4191 10.4944 12.9776 10.3548 13.0114 16.6524 10.5298 9.96066 13.8562 9.93903 9.82795 12.0544 13.0328 9.69121 9.2016 8.93853 13.9742 8.86454
threshold=1.5000000000000002 6.5000000000000009 105.00000000000001 1.0000000180025095e-35 21.500000000000004 4.5000000000000009 1.5000000000000002 2.5000000000000004 4.5000000000000009 3.5000000000000004 2.5000000000000004 1.0000000180025095e-35 155.00000000000003 4.5000000000000009 1.0000000180025095e-35 9.5000000000000018 1.0000000180025095e-35 11.500000000000002 16.500000000000004 142.50000000000003 7.5000000000000009 6.5000000000000009 3.5000000000000004 7.5000000000000009 4.5000000000000009 9.5000000000000018 65.000000000000014 9.5000000000000018 1.5000000000000002 1.0000000180025095e-35 9.5000000000000018 9.5000000000000018 8.5000000000000018 9.5000000000000018 2.5000000000000004 3.5000000000000004 6.5000000000000009 3.5000000000000004 7.5000000000000009 12.500000000000002 1.5000000000000002 15.500000000000002
decision_type=2 2 2 2 2 2 2 2 2 2 2 2 2 2 2 2 2 2 2 2 2 2 2 2 2 2 2 2 2 2 2 2 2 2 2 2 2 2 2 2 2 2
left_child=-1 2 3 4 5 -2 -6 10 -4 -10 -8 12 16 14 15 39 27 19 22 21 -21 -18 -19 -24 25 26 37 28 29 41 -30 32 38 -32 -9 -36 -37 -5 -15 -13 -41 -3
right_child=1 11 8 24 6 -7 7 34 9 -11 -12 13 -14 31 -16 -17 17 18 -20 20 -22 -23 23 -25 -26 -27 -28 -29 30 -31 33 -33 -34 -35 35 36 -38 -39 -40 40 -42 -43
leaf_value=0.018049557244476305 -0.029669007710058655 0.015285536599612671 0.070545947602892053 -0.060529028099437783 0.062024067589749661 0.071121195127357276 0.019986552083232127 0.037838798360749402 0.053144137940126894 -0.093518453542457344 -0.077529051427992227 0.02290990481569204 0.099263578888708098 -0.035787012944811479 -0.081667289249877428 -0.091470001353453845 -0.021521242010581892 0.093160938572586366 -0.1076173995797027 -0.031752546557600424 0.094661312804175501 -0.07153684749921195 -0.086657827877339624 0.046239118323257632 0.00556454005741382 -0.095459859758090168 -0.11589031154922232 -0.064591320512775996 0.072919217828666005 -0.034830561981212968 0.037997807548377206 0.04969705827619593 -0.073158976019441394 -0.042422602753600595 -0.099926611403050328 0.017575341102394882 -0.038262730678456564 0.045942157075256514 0.029034719656686522 0.043522526791039289 -0.10625419395222069 -0.061453796105311209
leaf_weight=117.60200128285214 125.35141571052372 105.51350026298314 14.324799610301854 5.6135417781770256 14.347949307411907 7.9604715406894675 7.0160771841183331 29.020733959972858 4.4767127837985736 4.646518662571907 14.459771100431679 56.743323406204581 5.6634895969182244 9.7031844425946456 12.34822287969291 4.8059240467846385 61.268742291256785 10.171855341643097 4.5104296021163455 7.3818794451653948 8.4465018622577173 36.252824418246746 4.9845323897898224 13.633786171674727 11.925129074603317 18.170063365250826 4.8753260020166627 8.2179052121937257 18.338809039443731 42.942885534837842 18.246141627430919 47.714048836380243 6.5470071583986273 8.9273036886006576 4.8341997079551211 56.809090313501656 22.944104008376598 8.1809389814734441 71.183599974960089 4.2610866893082839 5.6021055616438389 6.2043975368142119
leaf_count=427 838 458 34 47 46 22 40 101 16 34 95 261 12 60 106 46 350 26 33 32 17 243 48 54 62 165 39 51 48 246 63 170 42 54 42 268 134 37 301 23 64 31
internal_value=0 -0.00227183 -0.0109768 -0.0142145 -0.00886641 -0.023626 0.00429587 -0.00184118 0.0347058 -0.0214985 -0.0456376 0.00305754 -0.00352138 0.0139019 -0.00674154 0.00623042 -0.0051732 -0.0183393 0.0197325 -0.0295365 0.0356923 -0.0401435 0.039823 0.0105094 -0.0451735 -0.0616179 -0.0285117 0.00408823 0.00692357 -0.00172507 0.0363179 0.0267028 0.0141277 0.0115169 0.00643893 -0.00433134 0.0014882 0.00249302 0.0212335 0.0133385 -0.0415062 0.0109968
internal_weight=0 934.57 354.957 331.509 282.744 133.312 149.432 135.084 23.448 9.12323 21.4758 579.613 360.705 218.909 83.7607 71.4124 355.041 146.651 33.3006 113.35 15.8284 97.5216 28.7902 18.6183 48.765 36.8399 18.6698 208.391 200.173 154.661 45.5123 135.148 87.4338 27.1734 113.608 84.5874 79.7532 13.7945 80.8868 66.6065 9.86319 111.718
internal_count=5286 4859 2020 1936 1586 860 726 680 84 50 135 2839 1766 1073 500 394 1754 803 161 642 49 593 128 102 350 288 123 951 900 735 165 573 403 117 545 444 402 84 361 348 87 489
is_linear=0
shrinkage=0.0625684


Tree=3
num_leaves=43
num_cat=0
split_feature=7 19 14 38 3 49 15 39 39 42 7 43 15 47 15 46 42 12 23 16 25 49 28 30 4 38 46 39 46 27 39 2 7 46 42 39 46 48 47 43 47 12
split_gain=7.90604 16.3314 12.8764 11.6149 10.6101 22.0525 16.4744 17.2687 15.4056 13.1888 15.7722 14.5576 13.8313 13.2835 10.2912 9.69897 9.65649 9.08087 13.8119 19.8317 13.7306 13.1971 10.5175 9.19814 12.8814 10.1709 11.3003 8.79297 8.78919 16.9245 11.715 11.049 8.76351 14.4161 14.4136 8.73868 21.3861 8.71952 8.15024 9.2394 8.08892 7.91845
threshold=20.500000000000004 1.5000000000000002 4.5000000000000009 11.500000000000002 11.500000000000002 9.5000000000000018 3.5000000000000004 1.5000000000000002 13.500000000000002 12.500000000000002 4.5000000000000009 9.5000000000000018 3.5000000000000004 9.5000000000000018 3.5000000000000004 45.000000000000007 75.000000000000014 3.5000000000000004 1.5000000000000002 4.5000000000000009 2.5000000000000004 15.500000000000002 1.5000000000000002 1.5000000000000002 4.5000000000000009 3.5000000000000004 135.00000000000003 11.500000000000002 45.000000000000007 3.5000000000000004 2.5000000000000004 5.5000000000000009 1.5000000000000002 14.500000000000002 8.5000000000000018 6.5000000000000009 8.5000000000000018 6.5000000000000009 3.5000000000000004 10.500000000000002 7.5000000000000009 5.5000000000000009
decision_type=2 2 2 2 2 2 2 2 2 2 2 2 2 2 2 2 2 2 2 2 2 2 2 2 2 2 2 2 2 2 2 2 2 2 2 2 2 2 2 2 2 2
left_child=2 -2 4 -4 5 9 -6 38 16 11 14 12 37 15 35 27 32 20 22 -20 21 23 40 -3 -25 -26 -27 -12 29 -9 -31 -30 33 34 -7 36 -11 -1 -8 -40 -19 -33
right_child=1 17 3 -5 6 8 7 28 -10 10 13 -13 -14 -15 -16 -17 -18 18 19 -21 -22 -23 -24 24 25 26 -28 -29 31 30 -32 41 -34 -35 -36 -37 -38 -39 39 -41 -42 -43
leaf_value=-0.024404098652890834 0.05248934582116916 0.0090654307124127514 -0.033355684158563742 0.063364875493312364 -0.065083128307708932 0.015923802089077874 0.044466805117703179 -0.065972767757275494 -0.064837860028520169 0.066456049510629139 -0.048473194218135472 -0.097551283456619758 0.063467294232998059 0.019641206277999066 -0.067431708887898678 -0.095860389940036358 -0.018804231015740493 -0.095063804255522424 0.049910009549194466 -0.069828493583529244 0.078215406652805242 -0.092147572094969446 0.038773976387238646 -0.10485215599612194 0.05066229443852243 -0.041460019194614971 0.073978108119299127 0.040464702275743031 0.011430981806782099 -0.089304958176386978 0.010516892168977323 -0.10715239561922268 0.048353419275174954 0.059595177754046505 -0.09788822064669668 0.041036570191365612 -0.03425291265305374 -0.11313033362496666 -0.087259338213115156 0.038516263312011439 -0.017364329972480566 0.018984504754971914
leaf_weight=51.428722968325019 27.606091879308224 345.4843366201967 6.5210606344044235 18.719115423038602 26.505528493784368 11.330518074333673 26.184690511785448 37.480946805328131 7.5660676434636107 12.336515501141546 17.380403121933345 11.806952239945529 6.6151175182312718 15.395404113456605 5.4355544447898856 11.902136176824568 15.230988079681991 15.318118724972015 17.138634348288182 7.8728177258744827 10.05739365890622 5.4436023877933613 4.1964683383703223 6.1847804933786383 8.9033592697232944 24.53807240724564 3.801666233688592 5.7606671620160332 40.10285290889442 5.4316535256803027 29.095945663750172 5.9124668911099416 62.271521551534534 12.377771418541668 7.0237404108047476 41.461189404129982 24.780120039358735 4.717848051339387 4.5261248312890512 4.5448002442717552 8.0522862039506418 2.864512212574482
leaf_count=305 95 1677 34 51 215 50 106 302 45 26 107 95 21 74 31 91 83 121 75 73 31 43 19 51 37 169 8 16 204 28 152 54 239 41 46 157 154 42 40 21 41 16
internal_value=0 0.00578293 -0.00526066 0.0383211 -0.00743284 -0.000644684 -0.0194964 -0.0117388 0.021251 -0.012782 -0.00106688 -0.0338804 -0.0218396 -0.0287213 0.0155274 -0.0499984 0.0272973 0.00295544 -0.0214927 0.0121332 0.00613823 0.00429079 -0.0520198 0.00565122 -0.0214707 -0.00751329 -0.025867 -0.0262591 -0.0229798 -0.0368757 -0.00522468 -0.00247484 0.0348632 0.00746946 -0.0276666 0.0213061 -0.000720787 -0.0319416 0.0267596 -0.0242089 -0.0684023 -0.0659425
internal_weight=0 484.598 532.711 25.2402 507.471 324.821 182.65 156.144 115.801 209.021 134.452 74.5686 62.7617 50.4386 84.0134 35.0432 108.235 456.992 52.5783 25.0115 404.413 394.356 27.5669 388.912 43.4279 37.2431 28.3397 23.1411 120.888 72.0085 34.5276 48.8798 93.0036 30.732 18.3543 78.5778 37.1166 56.1466 35.2556 9.07093 23.3704 8.77698
internal_count=5286 2440 2846 85 2761 1623 1138 923 504 1119 656 463 368 288 368 214 459 2345 329 148 2016 1985 181 1942 265 214 177 123 756 482 180 274 376 137 96 337 180 347 167 61 162 70
is_linear=0
shrinkage=0.0625684


Tree=4
num_leaves=43
num_cat=0
split_feature=42 48 15 27 50 3 38 2 7 1 49 48 0 38 17 4 6 20 14 43 39 49 7 42 3 19 43 19 3 46 47 6 6 18 11 48 43 0 19 19 43 7
split_gain=6.31255 10.7185 16.0156 13.0872 9.45432 12.8767 24.0714 12.7196 12.1234 11.7785 14.1927 14.8497 13.4274 11.9678 9.23637 9.08539 16.6899 19.5481 10.98 9.47862 10.4824 11.8953 18.4002 17.1711 14.973 16.0317 10.6579 10.7852 10.5137 14.8428 14.8599 12.1853 12.4831 16.7459 13.3274 10.3463 10.2543 15.3615 25.891 9.67131 9.47154 13.0177
threshold=10.500000000000002 1.5000000000000002 41.500000000000007 10.500000000000002 2.5000000000000004 28.500000000000004 25.000000000000004 2.5000000000000004 1.5000000000000002 1.0000000180025095e-35 11.500000000000002 6.5000000000000009 3.5000000000000004 25.000000000000004 4.5000000000000009 1.0000000180025095e-35 1.0000000180025095e-35 1.0000000180025095e-35 4.5000000000000009 15.500000000000002 7.5000000000000009 7.5000000000000009 148.50000000000003 95.000000000000014 5.5000000000000009 42.500000000000007 10.500000000000002 6.5000000000000009 34.500000000000007 25.000000000000004 10.500000000000002 1.5000000000000002 2.5000000000000004 1.5000000000000002 1.0000000180025095e-35 4.5000000000000009 3.5000000000000004 1.0000000180025095e-35 62.500000000000007 1.0000000180025095e-35 5.5000000000000009 6.5000000000000009
decision_type=2 2 2 2 2 2 2 2 2 2 2 2 2 2 2 2 2 2 2 2 2 2 2 2 2 2 2 2 2 2 2 2 2 2 2 2 2 2 2 2 2 2
left_child=1 14 3 4 5 8 -7 9 -3 10 11 13 -11 -6 -1 18 17 -17 40 20 21 23 24 36 25 -23 -26 -28 31 35 -31 39 -33 34 -34 -30 -18 -38 -39 -22 41 -2
right_child=15 2 -4 -5 7 6 -8 -9 -10 12 -12 -13 -14 -15 -16 16 19 -19 -20 -21 28 22 -24 -25 26 -27 27 -29 29 30 -32 32 33 -35 -36 -37 37 38 -40 -41 -42 -43
leaf_value=-0.059655762488521558 0.036608290826417297 -0.026967848346220912 -0.10522902314268555 0.049753199180663878 0.0015000837649166625 -0.11036549731777759 0.053061078824945984 0.013482889759575957 0.04059474053902843 -0.060772117091107615 0.027406689920071076 -0.099296182444797584 0.013246533079849481 -0.071367099409995874 0.030155234542084401 -0.047186737723915802 -0.070242428958357112 0.094156285273914619 0.064449632478316907 -0.066036818051683654 0.046896382866209216 -0.058130003329280852 -0.11092438270542554 0.028915932763810756 0.0372960565314093 0.06602447288685992 0.024425757725703483 -0.099520915827972276 -0.042868904994661144 -0.079111795928288556 0.019943346611145187 0.078256123499783295 0.007886203601415908 0.044818821650340547 -0.09537582791424605 0.05461994834771542 0.022067366328772934 -0.070443999413179414 0.071877715506166576 -0.073861019571739697 -0.00022706121529580319 -0.031755684374113274
leaf_weight=24.037335135042671 71.986706492491066 13.142820073291658 5.9088871553540221 18.28879601508379 45.912081969901919 8.0957145839929563 6.1969652809202662 56.894539549946785 49.095620288513601 42.873186133801937 30.341110166162252 8.9031509198248369 12.31452251318842 10.881750274449585 5.4692193549126378 46.665471350774169 22.225855991244316 4.1375790275633326 15.336555384099482 7.6661063581705085 3.8736376054584962 17.613030631095175 4.7182405423372975 21.385674990713596 67.731096433475614 5.2557172663509837 6.3832801654934865 4.7671575117856264 5.7253662869334248 15.431330703198912 9.5725993737578374 20.226052261888981 20.478891476988796 48.492754621431231 6.3882222697138777 16.306121621280909 21.11415403150022 28.592245236039162 6.0285941511392585 7.6850940631702542 139.93878774531186 12.805862195789812
leaf_count=189 307 63 51 63 268 70 21 299 163 323 131 73 67 91 23 341 168 16 39 68 16 117 40 104 261 17 28 49 46 121 37 55 70 167 39 51 105 228 17 62 741 81
internal_value=0 -0.00694562 -0.00349746 -0.00149823 -0.00480043 0.013993 -0.0394711 -0.0117177 0.026303 -0.021207 -0.00795039 -0.024302 -0.0442375 -0.0124752 -0.0429559 0.00356885 -0.00199536 -0.0355996 0.0132714 0.0026478 0.00411947 -0.00511713 0.00940463 -0.0206891 0.0150296 -0.029494 0.0279585 -0.0286034 0.0164551 -0.0081827 -0.0411685 0.0272804 0.034624 0.0228694 -0.0167123 0.0292086 -0.0343171 -0.0199378 -0.0455842 -0.0332777 0.00976491 0.0262621
internal_weight=0 338.356 308.849 302.94 284.651 76.5311 14.2927 208.12 62.2384 151.226 96.0381 65.697 55.1877 56.7938 29.5066 658.532 418.464 50.8031 240.068 367.661 359.995 205.815 106.469 99.3465 101.75 22.8687 78.8815 11.1504 154.18 47.0354 25.0039 107.145 95.5859 75.3599 26.8671 22.0315 77.9608 55.735 34.6208 11.5587 224.731 84.7926
internal_count=5286 1895 1683 1632 1569 317 91 1252 226 953 563 432 390 359 212 3391 2223 357 1168 1866 1798 1134 512 622 472 134 338 77 664 255 158 409 331 276 109 97 518 350 245 78 1129 388
is_linear=0
shrinkage=0.0625684


Tree=5
num_leaves=43
num_cat=0
split_feature=29 42 47 2 38 3 3 24 17 49 1 0 5 1 9 30 11 3 17 38 15 6 46 12 3 42 17 49 31 50 38 11 38 49 43 46 38 50 46 46 12 42
split_gain=9.77291 5.52376 16.2144 10.0887 11.5425 9.35865 13.7863 17.7198 9.09345 11.5474 9.0483 8.04096 16.513 10.7472 6.84436 8.35653 15.4741 8.41611 14.1148 13.9988 13.9593 14.7423 14.017 9.23624 8.91926 9.20658 8.76837 13.7499 12.0629 11.0878 11.2426 9.03301 8.86325 13.5318 8.52726 8.34929 9.78559 8.23598 11.8091 6.63785 6.53397 6.05415
threshold=3.5000000000000004 4.5000000000000009 5.5000000000000009 6.5000000000000009 35.000000000000007 1.5000000000000002 29.500000000000004 1.5000000000000002 1.0000000180025095e-35 7.5000000000000009 8.5000000000000018 2.5000000000000004 1.0000000180025095e-35 1.5000000000000002 1.5000000000000002 1.5000000000000002 1.0000000180025095e-35 11.500000000000002 3.5000000000000004 4.5000000000000009 3.5000000000000004 6.5000000000000009 14.500000000000002 2.5000000000000004 33.000000000000007 13.500000000000002 3.5000000000000004 14.500000000000002 3.5000000000000004 8.5000000000000018 25.000000000000004 1.0000000180025095e-35 95.000000000000014 10.500000000000002 14.500000000000002 115.00000000000001 25.000000000000004 9.5000000000000018 55.000000000000007 155.00000000000003 1.5000000000000002 10.500000000000002
decision_type=2 2 2 2 2 2 2 2 2 2 2 2 2 2 2 2 2 2 2 2 2 2 2 2 2 2 2 2 2 2 2 2 2 2 2 2 2 2 2 2 2 2
left_child=1 2 3 4 5 8 11 -8 9 -1 -5 12 13 -7 15 17 -17 18 23 -20 21 22 24 39 25 -19 27 32 -28 30 -30 -29 34 -34 -22 36 -18 38 -23 -3 -16 -21
right_child=-2 14 -4 10 -6 6 7 -9 -10 -11 -12 -13 -14 -15 40 16 35 20 19 41 26 37 -24 -25 -26 -27 28 31 29 -31 -32 -33 33 -35 -36 -37 -38 -39 -40 -41 -42 -43
leaf_value=-0.079686934381554317 0.041838241165292445 0.0080977679527353252 -0.10488602053338134 0.071124269934560544 -0.047739506094757571 -0.10289783277992266 -0.082497598440912187 0.048762779683936906 -0.087998348410197325 0.027498507427897077 -0.031065001477755986 0.063941988173248837 0.033735727029594306 0.02174745081407059 0.068976382558886731 -0.080057258381401916 0.021951831450497446 -0.097681492551183344 0.062620758084376643 -0.010411549862210752 -0.018973435623854253 -0.08968124854043627 -0.097292322083658261 0.085090934330250792 0.035489082893722899 0.016431123604123441 0.05921596786086563 -0.0071718758638489866 -0.069748775678396782 -0.059933151434625298 0.047491080418537418 0.079489383023456123 0.029099171616035119 -0.058681591575729865 0.038222268748437128 0.074726901364965084 -0.094708169554422836 0.051707591657890087 0.05279535301000407 0.071649511196609603 -0.021824422346346583 -0.10183801963395019
leaf_weight=5.9549567494541469 21.341178759932518 363.14008001983166 6.9674103856086722 10.978658637031911 29.206951084546745 6.9496971350163204 12.139102632179858 5.9784712847322217 8.5682486817240697 11.429071078076957 4.8618251765146843 14.364601146429775 30.351422931998968 4.3865536730736494 10.740250449627636 14.029424188658597 7.7764149494469184 7.0797375887632388 3.5873926021158722 4.0280001237988463 169.55379660055041 5.4864555094391125 17.71657850779593 6.3631759546697131 7.103041870519518 4.4928607456386089 21.526592724025249 7.7258355207741287 3.9831169918179574 9.0417069029062969 15.70206420868635 11.915677476674317 41.037346670404077 8.2192856613546592 10.815580721944569 5.1575093343853942 4.3624757807701826 9.4826947748661023 3.8387176468968391 6.5229679606854907 4.3158997520804396 9.8454140201210958
leaf_count=51 62 1792 75 29 222 70 105 22 65 48 45 43 139 24 37 138 44 67 10 25 1041 40 174 14 43 28 68 41 41 75 68 25 179 49 54 10 52 30 16 17 36 72
internal_value=0 -0.000944549 -0.0118661 -0.0073711 -0.0131526 -0.00303955 0.00826571 -0.0391128 -0.0353614 -0.00923596 0.0396904 0.0236136 0.00965098 -0.0546456 0.00114557 0.000336217 -0.0313046 0.00166376 0.00796512 -0.0469634 -0.0053232 -0.0342258 -0.057459 0.0105226 -0.0195067 -0.0533628 2.86898e-06 -0.00480089 0.0238401 -0.00266783 0.023635 0.0453906 -0.00910488 0.0143994 -0.0155312 0.00825266 -0.0200255 0.0106922 -0.0309324 0.00922851 0.0428835 -0.0754612
internal_weight=0 946.727 152.137 145.17 129.329 100.122 74.1698 18.1176 25.9523 17.384 15.8405 56.0523 41.6877 11.3363 794.59 779.534 31.3258 748.208 393.487 17.4608 354.721 55.2001 36.3922 376.026 18.6756 11.5726 299.521 249.268 50.2535 28.7269 19.6852 19.6415 229.626 49.2566 180.369 17.2964 12.1389 18.8079 9.32517 369.663 15.0562 13.8734
internal_count=5286 5224 938 863 789 567 403 127 164 99 74 276 233 94 4286 4213 244 3969 1930 107 2039 398 312 1823 138 95 1641 1389 252 184 109 66 1323 228 1095 106 96 86 56 1809 73 97
is_linear=0
shrinkage=0.0625684


Tree=6
num_leaves=43
num_cat=0
split_feature=19 29 11 3 17 46 49 38 19 17 18 3 46 50 47 42 6 28 19 36 4 13 38 21 46 16 6 46 0 15 43 19 9 30 46 14 0 46 42 31 4 7
split_gain=6.27799 9.3822 6.19514 4.77562 10.6041 9.31896 7.58807 10.8182 15.2981 9.83809 9.41785 7.17323 12.4706 10.972 7.83731 11.5914 7.36382 6.85246 13.6719 6.63062 13.7977 8.91713 6.79774 13.4078 10.5487 7.87806 12.5513 5.91886 5.9053 9.6337 5.69337 6.2324 5.61946 6.73395 19.3784 7.61978 12.0461 7.92471 7.10833 6.37109 5.60972 9.83272
threshold=79.500000000000014 3.5000000000000004 3.5000000000000004 1.0000000180025095e-35 3.5000000000000004 65.000000000000014 10.500000000000002 9.5000000000000018 1.0000000180025095e-35 2.5000000000000004 1.5000000000000002 2.5000000000000004 2.5000000000000004 1.5000000000000002 13.500000000000002 13.500000000000002 5.5000000000000009 1.0000000180025095e-35 7.5000000000000009 -1.0000000180025095e-35 1.0000000180025095e-35 2.5000000000000004 9.5000000000000018 1.0000000180025095e-35 14.500000000000002 8.5000000000000018 8.5000000000000018 3.5000000000000004 2.5000000000000004 2.5000000000000004 5.5000000000000009 1.0000000180025095e-35 1.5000000000000002 1.0000000180025095e-35 45.000000000000007 4.5000000000000009 11.500000000000002 5.5000000000000009 45.000000000000007 2.5000000000000004 3.5000000000000004 17.500000000000004
decision_type=2 2 2 2 2 2 2 2 2 2 2 2 2 2 2 2 2 2 2 2 2 2 2 2 2 2 2 2 2 2 2 2 2 2 2 2 2 2 2 2 2 2
left_child=1 3 -2 4 5 6 9 27 -9 10 17 12 13 -5 40 -16 -15 18 -1 20 -13 28 23 24 25 26 -21 -8 29 -22 -7 -32 33 35 39 36 -24 -37 -36 -35 41 -14
right_child=2 -3 -4 11 -6 30 7 8 -10 -11 -12 19 14 16 15 -17 -18 -19 -20 22 21 -23 32 -25 -26 -27 -28 -29 -30 -31 31 -33 -34 34 38 37 -38 -39 -40 -41 -42 -43
leaf_value=-0.016370114639676903 -0.075466104400932002 0.04559684898382281 0.016317892721097984 0.081524480348278139 -0.092283169827742886 -0.11483453404816449 0.0029074783410678621 0.037707208991058602 -0.080331602286792994 0.085770050508148787 -0.082930888733245001 0.058652838212473364 0.019636230311005188 -0.080096147103691534 0.045689978177130122 -0.10921100266675346 0.022071531378465882 -0.09182965919762387 0.059201514847127518 -0.01117889440722165 0.047543721788374682 -0.10226356840722368 0.002291963821692521 0.050517672849906402 -0.068206622151730276 0.059925609119113835 -0.092966188009924913 0.076067284567763196 0.047444292014563773 -0.075296046471801034 0.024276375763546999 -0.076451358148770826 0.038969845195161154 -0.099611527099739236 0.057722656695012579 0.073262965535274421 -0.071343670856555769 0.0081939663967807146 -0.0024409573408794255 -0.036072247522233182 -0.018686040445697806 0.066103946016313128
leaf_weight=65.255391227081418 8.2777904737740737 17.756726283580065 4.3621623944491139 2.737500928342345 5.9339687936007968 4.3541415818035594 6.360818304121497 9.7137436643242854 7.6504133976995936 3.8541326671838751 7.4789459481835356 21.305435037240386 52.27215495146811 10.860585441812871 3.5529156327247611 3.961565513163805 3.6626084223389617 3.7495814189314833 10.906751433387397 87.447750115767121 4.1837240867316776 3.5645618159323922 355.12941147293895 11.037974907085298 16.276047127321362 5.3162756711244574 7.9949527010321608 13.757740363478659 7.590830583125352 6.0894101038575172 4.5609582401812059 4.9971867837011814 14.702810816466807 7.8547925949096671 10.322355937212704 11.722778484225275 8.8822410237044078 19.598033525049686 29.714570289477706 29.500723988749087 8.190924219787119 27.140669628977776
leaf_count=371 57 49 29 10 59 40 32 27 57 10 66 71 247 106 15 28 21 29 42 574 17 36 1945 44 145 21 75 38 32 47 21 48 56 77 41 22 75 103 159 217 50 77
internal_value=0 0.000591643 -0.0437429 -0.000278161 -0.010549 -0.00712032 -0.00184772 0.0218316 -0.014289 -0.0115916 -0.0159291 0.00170097 0.0163087 -0.0325479 0.0251944 -0.0359457 -0.0542624 -0.0096127 -0.00551232 -0.000791981 0.0230283 -0.0123756 -0.00244877 -0.015275 -0.0215021 -0.0139268 -0.0180715 0.0530346 0.00565425 -0.0251697 -0.0557066 -0.0283521 0.00091988 -0.00026385 -0.0171398 0.00303822 0.000485805 0.0326351 0.0130776 -0.0495388 0.0304632 0.0355523
internal_weight=0 936.944 12.64 919.187 148.574 142.64 128.728 37.4827 17.3642 91.2448 87.3907 770.614 112.379 17.2607 95.1182 7.51448 14.5232 79.9117 76.1621 658.235 42.734 21.4285 615.501 128.073 117.035 100.759 95.4427 20.1186 17.864 10.2731 13.9123 9.55815 487.428 472.725 77.3924 395.332 364.012 31.3208 40.0369 37.3555 87.6037 79.4128
internal_count=5286 5200 86 5151 840 781 672 154 84 518 508 4311 554 137 417 43 127 442 413 3757 203 132 3554 859 815 670 649 70 96 64 109 69 2695 2639 494 2145 2020 125 200 294 374 324
is_linear=0
shrinkage=0.0625684


Tree=7
num_leaves=43
num_cat=0
split_feature=13 38 42 38 48 13 49 35 26 42 19 7 43 10 46 10 50 49 47 18 12 3 2 18 2 47 49 7 7 38 2 23 4 48 35 35 31 30 11 39 50 48
split_gain=6.27851 5.33366 4.42796 5.99638 4.64591 14.456 14.2943 12.9164 11.0712 10.7431 9.19147 14.872 12.8708 10.9505 10.893 9.09571 8.85752 10.0174 8.4546 8.39369 8.32133 10.6344 9.42434 10.7361 9.325 7.16883 6.81802 14.2129 9.41506 8.30422 6.42564 7.07208 6.30292 10.1794 9.58858 8.07478 10.1767 6.48012 5.79051 8.70137 6.88385 5.38324
threshold=7.5000000000000009 155.00000000000003 155.00000000000003 85.000000000000014 3.5000000000000004 4.5000000000000009 2.5000000000000004 2.5000000000000004 1.0000000180025095e-35 55.000000000000007 1.5000000000000002 37.500000000000007 5.5000000000000009 1.0000000180025095e-35 35.000000000000007 1.5000000000000002 10.500000000000002 3.5000000000000004 13.500000000000002 1.5000000000000002 2.5000000000000004 31.500000000000004 6.5000000000000009 2.5000000000000004 3.5000000000000004 4.5000000000000009 4.5000000000000009 51.500000000000007 22.500000000000004 17.500000000000004 7.5000000000000009 1.5000000000000002 16.500000000000004 6.5000000000000009 1.0000000180025095e-35 1.0000000180025095e-35 6.5000000000000009 1.5000000000000002 1.0000000180025095e-35 4.5000000000000009 11.500000000000002 1.5000000000000002
decision_type=2 2 2 2 2 2 2 2 2 2 2 2 2 2 2 2 2 2 2 2 2 2 2 2 2 2 2 2 2 2 2 2 2 2 2 2 2 2 2 2 2 2
left_child=1 2 4 -4 5 6 9 8 16 10 12 13 41 -12 -13 20 19 -18 -14 -8 26 -22 23 24 -23 -11 27 28 29 -6 -24 -32 35 34 -34 37 -37 -28 40 -40 -27 -1
right_child=-2 -3 3 -5 15 -7 7 -9 -10 25 11 14 18 -15 -16 -17 17 -19 -20 -21 21 22 30 -25 -26 38 32 -29 -30 -31 31 -33 33 -35 -36 36 -38 -39 39 -41 -42 -43
leaf_value=0.014748538346413631 -0.062107870135302633 -0.066533426851835928 0.010005259736690664 -0.094046191071313026 0.063448449702504892 -0.1034412728959084 -0.019161890577258353 0.10457164275221117 -0.087993399034125966 0.063958913580995327 -0.085859506131485644 0.023928806400832572 -0.054893210959602638 0.04427944642537554 -0.094646973503175635 -0.085654432769320443 -0.10653261480150938 -0.020783796939136505 0.057994168772081502 0.025260764250468141 0.062647183898769748 0.037905190513494585 0.081910434304036689 -0.07937827801548504 -0.030553581827044703 0.002240983262859974 0.00080464961316026253 -0.050392677725759824 0.091629851570983759 -0.023895296360409449 0.00080627413219739198 0.059170802347250626 -0.10653963254843485 0.053238534203851454 0.043479193331512893 -0.07816805028285792 0.018313864605166381 -0.048601675876031314 0.031439611846516821 -0.107754838131849 0.077883200930630503 0.074788148051498665
leaf_weight=10.635278142988682 6.2958471532911053 4.6009267065674058 4.1547116152942163 4.4494477808475494 8.1809289511293226 5.7883229758590451 63.372012289240956 3.1855527982115737 9.2666475940495712 19.358748614788055 15.53308864682913 22.982544615864757 10.632155470550058 2.9892149716615668 3.458660226315259 4.3705569915473452 8.2001674398779887 15.329356139525769 3.395300365984439 22.535117439925671 19.361768381670117 15.94835152849555 7.8631787709891787 7.3509430922567836 15.15500464476645 12.390090771019464 463.33088131900877 7.187739383429288 11.457713130861519 8.8056266047060472 25.250333879143 11.980874236673115 3.5397061891853836 18.988390017300844 3.0894433632493019 11.566423606127502 6.7397108208388081 10.597754139453171 3.6512368395924559 3.3227681741118431 7.5987664796411982 13.152229301631451
leaf_count=63 64 41 26 28 33 72 406 5 103 68 145 135 101 13 35 32 80 115 11 109 56 59 22 66 102 61 2453 51 26 62 131 44 36 65 10 93 34 118 17 35 21 39
internal_value=0 0.000422308 0.000758498 -0.0438279 0.00117938 -0.00596045 -0.00369457 -0.0190624 -0.0224178 0.0108074 -0.00268394 -0.0218086 0.0200258 -0.0647556 0.00827749 0.0039558 -0.0168301 -0.0508226 -0.0274179 -0.00749077 0.00455845 0.020894 0.0111837 -0.0115467 0.00451613 0.0349256 0.00151807 0.027979 0.0478578 0.0181467 0.0305861 0.0196535 -0.000302159 0.0299329 -0.0365892 -0.00187986 -0.042617 -0.000301117 0.0139862 -0.0349165 0.0311331 0.0480492
internal_weight=0 930.748 926.147 8.60416 917.543 256.777 250.989 121.889 118.703 129.1 82.7785 44.9635 37.815 18.5223 26.4412 660.765 109.437 23.5295 14.0275 85.9071 656.395 102.91 83.5487 38.4543 31.1034 46.3216 553.484 35.632 28.4443 16.9866 45.0944 37.2312 517.852 25.6175 6.62915 492.235 18.3061 473.929 26.9629 6.97401 19.9889 23.7875
internal_count=5286 5222 5181 54 5127 1634 1562 818 813 744 542 328 214 158 170 3493 710 195 112 515 3461 480 424 227 161 202 2981 172 121 95 197 175 2809 111 46 2698 127 2571 134 52 82 102
is_linear=0
shrinkage=0.0625684


Tree=8
num_leaves=43
num_cat=0
split_feature=19 13 31 28 50 42 11 9 31 48 39 7 38 38 16 6 0 15 38 50 7 50 0 38 39 4 46 43 27 25 25 18 47 48 18 2 3 47 27 14 46 50
split_gain=3.99902 7.28486 6.01635 5.14422 16.03 8.91384 13.5044 10.4342 8.20198 6.6307 6.62162 6.3625 6.12138 7.69891 10.2234 5.58569 6.38437 10.3807 8.11507 8.51384 10.9758 7.18836 13.2639 12.8515 12.4687 8.66034 7.99379 7.6345 7.43265 7.79666 6.99532 6.26742 6.25939 5.54129 5.19766 5.1507 5.07636 4.6764 4.45133 4.28705 2.55569 2.4583
threshold=79.500000000000014 1.5000000000000002 19.500000000000004 1.0000000180025095e-35 2.5000000000000004 85.000000000000014 1.0000000180025095e-35 1.0000000180025095e-35 3.5000000000000004 7.5000000000000009 7.5000000000000009 73.000000000000014 35.000000000000007 17.500000000000004 8.5000000000000018 16.500000000000004 10.500000000000002 36.500000000000007 75.000000000000014 10.500000000000002 5.5000000000000009 6.5000000000000009 1.0000000180025095e-35 1.5000000000000002 3.5000000000000004 12.500000000000002 10.500000000000002 1.5000000000000002 10.500000000000002 1.0000000180025095e-35 1.0000000180025095e-35 1.0000000180025095e-35 4.5000000000000009 6.5000000000000009 2.5000000000000004 3.5000000000000004 13.500000000000002 8.5000000000000018 1.5000000000000002 1.5000000000000002 10.500000000000002 6.5000000000000009
decision_type=2 2 2 2 2 2 2 2 2 2 2 2 2 2 2 2 2 2 2 2 2 2 2 2 2 2 2 2 2 2 2 2 2 2 2 2 2 2 2 2 2 2
left_child=2 -2 3 15 10 7 35 8 -6 11 12 34 13 14 -5 16 17 21 19 20 -18 22 23 31 30 28 -26 -25 29 -23 -24 -1 -17 -13 -10 -7 -4 -8 -22 -9 -38 -19
right_child=1 -3 36 4 5 6 37 39 9 -11 -12 33 -14 -15 -16 32 18 41 -20 -21 38 25 24 27 26 -27 -28 -29 -30 -31 -32 -33 -34 -35 -36 -37 40 -39 -40 -41 -42 -43
leaf_value=-0.100750678130942 0.0082714507999449276 -0.092154637372906162 -0.0096638865612264854 -0.079046032520185189 -0.090004269233978113 -0.092542058511754524 0.064924146067317695 0.052561950370882106 -0.027802402020561522 -0.097417617089344266 0.075763040921791314 -0.076762287853502628 -0.053007350744388171 0.059927429958660572 0.055446569684046945 0.07004924138791134 0.024164792368815257 0.08145007570676506 -0.088463960898324076 0.044643858704597181 -0.008264393685302962 0.0082684614435778458 -0.013178942978314512 -0.020688124386847428 -0.014715338372355013 -0.080971834176083515 -0.056522405464146615 0.018172868070638878 0.062054718787891767 -0.029955438611408737 0.03069789920321021 -0.0074811353061487729 -0.012213626513827125 0.006910910074854058 0.038593381426837124 0.01608849026000702 0.028461995836783469 -0.0040587910438517946 -0.090936257549389735 -0.034447229021430395 0.082601898521437248 0.025970938707455791
leaf_weight=6.0504052042961103 6.2523043919354659 5.0950708407908678 7.0017083920538452 4.8697618227452093 14.201365960761903 5.6533507257699984 10.115576591342689 6.1807484282180649 10.866745205596091 5.6179596344009033 7.7072125971317282 11.229164876043795 4.8942318111658087 10.946805991232393 3.9938792064785957 9.525060782209037 8.3212700933218056 7.3158657010644657 6.4444267842918626 7.8284672368317834 3.5741511061787596 369.97546596545726 53.38211489841342 23.713078694418073 32.13859673961997 4.3499573506414881 40.729203110560775 118.26991007849574 9.495319049805401 22.097917573526502 19.351739820092916 5.3202378209680319 5.7824744191020718 4.234866999089717 7.9723962023854247 2.4071588329970837 7.0154277794063074 6.1428898721933356 9.2024117577820999 3.4029282536357641 6.8798116855323315 5.6462508402764797
leaf_count=66 38 48 34 39 149 57 33 29 92 55 20 129 29 39 9 31 39 19 59 37 29 1933 351 150 231 34 309 541 30 164 79 33 36 28 43 12 27 22 105 34 16 28
internal_value=0 -0.0368598 0.000461029 -0.000318403 -0.0123408 -0.0261962 0.00598466 -0.0384949 -0.0491526 -0.0345299 0.0252419 -0.0241142 0.00935536 0.024881 -0.0183389 0.00156468 0.000801899 0.0020825 -0.0251337 -0.0109011 -0.0316016 0.00105924 -0.00630106 0.00653471 -0.0198263 0.00648285 -0.0381136 0.0116714 0.00743956 0.00610891 -0.00148103 -0.0573565 0.0389423 -0.0538105 0.000254572 -0.0600304 0.0336191 0.0388369 -0.0679773 0.0215392 0.0554802 0.0574968
internal_weight=0 11.3474 909.848 888.951 120.437 88.0252 24.319 63.7062 54.1225 39.9211 32.4119 34.3032 24.7047 19.8104 8.86364 768.514 753.207 717.836 35.3707 28.9263 21.0978 704.874 298.955 153.354 145.602 405.919 72.8678 141.983 401.569 392.073 72.7339 11.3706 15.3075 15.464 18.8391 8.06051 20.8969 16.2585 12.7766 9.58368 13.8952 12.9621
internal_count=5286 86 5200 5123 819 683 124 559 496 347 136 292 116 87 48 4304 4237 3968 269 210 173 3921 1760 790 970 2161 540 691 2127 2097 430 99 67 157 135 69 77 55 134 63 43 47
is_linear=0
shrinkage=0.0625684


Tree=9
num_leaves=43
num_cat=0
split_feature=50 47 12 3 6 5 5 6 42 3 46 50 39 0 43 27 42 7 3 5 47 49 19 4 5 4 49 16 2 6 19 42 39 50 43 27 47 42 38 46 3 13
split_gain=5.41398 6.01418 8.97515 9.49794 5.94789 9.9723 5.53115 6.99334 6.85657 4.77443 6.98826 4.74839 7.4839 11.5723 14.0662 12.3028 10.2549 11.7057 8.96812 7.68208 7.97867 9.26027 6.97251 6.88404 6.29834 6.07161 6.00782 9.78948 7.729 7.93601 14.1752 7.14787 9.77508 8.62301 6.5554 8.26961 5.80255 5.49514 5.35482 5.21539 5.20834 9.17979
threshold=1.5000000000000002 5.5000000000000009 1.5000000000000002 3.5000000000000004 4.5000000000000009 11.500000000000002 1.5000000000000002 1.0000000180025095e-35 3.5000000000000004 1.0000000180025095e-35 45.000000000000007 5.5000000000000009 3.5000000000000004 1.0000000180025095e-35 4.5000000000000009 11.500000000000002 25.000000000000004 61.500000000000007 1.0000000180025095e-35 3.5000000000000004 3.5000000000000004 5.5000000000000009 1.0000000180025095e-35 12.500000000000002 4.5000000000000009 1.0000000180025095e-35 7.5000000000000009 1.5000000000000002 1.0000000180025095e-35 2.5000000000000004 42.500000000000007 10.500000000000002 2.5000000000000004 2.5000000000000004 6.5000000000000009 1.0000000180025095e-35 4.5000000000000009 95.000000000000014 65.000000000000014 9.5000000000000018 7.5000000000000009 1.5000000000000002
decision_type=2 2 2 2 2 2 2 2 2 2 2 2 2 2 2 2 2 2 2 2 2 2 2 2 2 2 2 2 2 2 2 2 2 2 2 2 2 2 2 2 2 2
left_child=1 4 3 -3 6 -6 7 8 -1 -10 -11 12 18 16 19 -16 17 -14 -2 25 39 -22 -18 26 -24 38 27 31 36 34 -31 40 37 -34 35 -30 -28 -33 -15 -21 -20 -42
right_child=11 2 -4 -5 5 -7 -8 -9 9 10 -12 -13 13 14 15 -17 22 -19 23 20 21 -23 24 -25 -26 -27 28 -29 29 30 -32 32 33 -35 -36 -37 -38 -39 -40 -41 41 -43
leaf_value=-0.027335313163272139 -0.046278638365767698 0.0084044872734837222 0.039597015907339939 -0.099499337391962109 -0.076439191270072815 0.033961933766708731 0.055099999126561744 -0.045130159616579207 0.078103775686254942 -0.0091313481456963136 0.073614613162849993 0.0014435805242922727 -0.054960003241624339 -0.044333648818095046 -0.083727462928254448 0.026411163911061145 -0.038289899672214661 0.04501528275548216 0.064698161769689191 -0.0060162201154247098 0.039317203740118073 -0.11225683267678777 0.052732243703690534 0.045909405474370779 -0.012669496082320087 -0.081724377101933365 0.0072088262716684644 -0.10195609836718159 0.042093781858391258 -0.10959722671399653 0.050604314520998714 -0.083687866295600044 0.071462987805493192 -0.049317208836594205 0.071270121222966831 -0.068201478014344119 0.080363683675751016 0.017352193375249757 0.065011603326185621 0.075189219852256059 -0.093705126324954605 0.053288519472126969
leaf_weight=7.0000138022005549 13.004830971360205 6.0879369527101534 7.1322687249630681 6.6324917655438185 5.8524983562529069 6.9834543541073799 22.507055208086967 6.1123014129698268 9.3221317511051911 10.50540420599282 6.3900913149118415 574.0548708261922 18.675085991621021 4.5375403203070146 27.085371766239408 4.6183958146721116 6.1304146386682978 6.0336025692522517 7.6736494544893485 4.968296620994809 2.9251909889280787 3.3415106274187565 21.121189808472995 16.405408352613449 7.8740029297769061 7.7528667189180851 7.3256878852844265 4.5282533653080455 5.7542733624577576 5.8104679081588966 3.3964233323931694 10.093540467321871 5.516453580930829 3.9295649472624063 6.4298316687345496 4.8889120165258646 10.201043736189602 2.6262967139482507 2.8102318868041039 8.0595799759030324 2.910028176382184 3.7865396551787853
leaf_count=43 119 22 30 66 43 30 64 41 19 56 13 3243 156 50 293 26 39 26 38 39 18 29 82 61 31 81 42 53 22 55 15 91 20 34 20 47 27 15 10 25 37 15
internal_value=0 0.0141712 -0.0163848 -0.047882 0.0223134 -0.0163556 0.0303627 0.0161438 0.0274858 0.0421812 0.0221812 -0.00164559 -0.00903179 -0.0195512 -0.0375901 -0.0676373 0.000367491 -0.0304746 0.0025528 -0.00982344 0.0162859 -0.0414931 0.0221029 0.00884726 0.0349391 -0.0432204 0.00165501 -0.0155179 0.0177778 -0.0036532 -0.0504088 -0.0046918 -0.0269858 0.021104 0.0215442 -0.0085201 0.0499215 -0.0627477 -0.0022587 0.0441988 0.0296022 -0.0105696
internal_weight=0 94.5256 19.8527 12.7204 74.673 12.836 61.837 39.3299 33.2176 26.2176 16.8955 814.269 240.214 125.933 66.099 31.7038 59.8343 24.7087 114.281 34.3952 19.2946 6.2667 35.1256 101.276 28.9952 15.1006 84.871 41.0643 43.8066 26.2799 9.20689 36.5361 22.1659 9.44602 17.073 10.6432 17.5267 12.7198 7.34777 13.0279 14.3702 6.69657
internal_count=5286 427 118 88 309 73 236 172 131 88 69 4859 1616 905 571 319 334 182 711 252 111 47 152 592 113 141 531 303 228 159 70 250 160 54 89 69 69 106 60 64 90 52
is_linear=0
shrinkage=0.0625684


Tree=10
num_leaves=43
num_cat=0
split_feature=29 15 16 1 38 28 7 48 43 21 42 3 12 42 39 48 15 46 38 50 19 1 42 50 7 38 7 27 42 13 7 49 49 46 50 38 4 30 1 3 47 1
split_gain=4.37255 5.52349 3.75611 6.81243 6.96834 6.49574 8.01795 5.2581 5.70207 5.21666 7.8533 5.60706 10.112 4.92169 8.01439 12.951 9.98219 7.34436 10.7524 8.10303 8.38719 16.6212 7.5265 12.1788 10.1325 10.0572 8.05447 9.6171 7.40141 6.84999 6.5916 14.3189 14.5215 9.87146 9.11488 8.77488 15.642 14.4459 8.28618 6.37812 6.24037 9.24531
threshold=3.5000000000000004 9.5000000000000018 5.5000000000000009 1.5000000000000002 10.500000000000002 1.0000000180025095e-35 144.00000000000003 6.5000000000000009 6.5000000000000009 1.0000000180025095e-35 15.500000000000002 10.500000000000002 4.5000000000000009 12.500000000000002 1.0000000180025095e-35 1.5000000000000002 26.500000000000004 15.500000000000002 9.5000000000000018 11.500000000000002 12.500000000000002 1.0000000180025095e-35 45.000000000000007 5.5000000000000009 97.500000000000014 10.500000000000002 3.5000000000000004 7.5000000000000009 65.000000000000014 1.0000000180025095e-35 9.5000000000000018 13.500000000000002 11.500000000000002 13.500000000000002 12.500000000000002 10.500000000000002 6.5000000000000009 1.0000000180025095e-35 1.0000000180025095e-35 1.0000000180025095e-35 1.5000000000000002 1.0000000180025095e-35
decision_type=2 2 2 2 2 2 2 2 2 2 2 2 2 2 2 2 2 2 2 2 2 2 2 2 2 2 2 2 2 2 2 2 2 2 2 2 2 2 2 2 2 2
left_child=2 -2 9 7 -5 -6 -7 -4 -9 13 -11 -12 -13 14 16 -16 -1 40 -19 22 21 28 23 24 -20 -25 39 -28 -21 -23 31 32 33 -17 35 36 -32 -37 -34 -24 41 -15
right_child=1 -3 3 4 5 6 -8 8 -10 10 11 12 -14 17 15 30 -18 18 19 20 -22 29 26 25 -26 -27 27 -29 -30 -31 34 -33 38 -35 -36 37 -38 -39 -40 -41 -42 -43
leaf_value=0.021125517621234633 -0.010421898754103778 0.057351320593302384 -0.024150389658434152 -0.096138741976194181 -0.098022257540382046 0.048305528238621588 -0.043789969731321626 -0.01072075283778107 0.077050609182999913 0.057558225547408512 0.050292360242741606 -0.076856660906332447 0.031233823979389393 -0.033794258539037933 -0.069287913800810286 -0.017814620975884564 -0.081689064069925682 -0.061560240991931268 -0.014251424981459818 0.070403710241680503 0.055143918209135986 -0.085537517058820969 -0.022581938620394103 0.05138391126973945 0.062588151022420005 -0.064241752647445097 -0.0034678339641215799 -0.10019084932713326 0.0070108239199242698 -0.007860946907662248 0.0011140615537820549 -0.1040498290007935 0.060578643339336317 -0.086827146145914649 -0.069661949049302549 0.037262252325185791 -0.090459533496213371 -0.045093966119661773 -0.02868397374582702 0.031977478952344936 0.023014696500277085 0.018036934539794804
leaf_weight=52.78718026727438 7.9619857147336033 11.368874931707976 10.789568744599821 6.463783077895644 3.4084224998950985 6.6571485251188269 8.2459172327071411 5.3494579978287202 6.2206586897373199 15.280313104391096 5.5175259634852436 6.9435712955892068 6.5431935377418995 22.524188026785851 14.596258370205758 58.537881538271904 3.9392324872314921 11.487636853009461 40.885134238749743 12.770418750122191 18.569777872413397 7.8127082884311703 10.243421597406266 3.2625290974974659 8.0040202178060991 27.470564192160964 125.99975705333054 4.1258211992681018 16.6240912117064 10.350952394306658 53.528885202482343 7.446340123191475 13.595183536410334 9.4100419543683511 6.7441124292090526 46.933787460438907 8.4185962192714197 10.097388797439633 5.7629056442528954 45.288656750693917 105.35553569346666 33.40505831874907
leaf_count=292 30 32 78 67 38 35 81 29 16 52 20 59 35 149 172 423 35 116 281 32 62 75 53 13 30 178 731 43 79 60 304 65 38 89 72 206 78 102 41 207 506 182
internal_value=0 0.0294093 -0.000649032 -0.0178247 -0.0404065 -0.020535 -0.00256085 0.00716986 0.0364586 0.000325379 0.0242114 -0.00259602 -0.0243854 -0.000703011 -0.00717086 -0.012267 0.0139227 0.00303832 -0.00213814 -6.90885e-05 0.0195174 0.00555446 -0.00495755 -0.0210475 -0.00161486 -0.0518891 0.0019394 -0.00656781 0.0346378 -0.0414278 -0.00847718 -0.0209364 -0.0137982 -0.0274261 0.000907046 0.00493474 -0.0113544 0.0226439 0.0339442 0.021886 0.0140487 -0.00282461
internal_weight=0 19.3309 877.398 47.135 24.7753 18.3115 14.9031 22.3597 11.5701 830.263 34.2846 19.0043 13.4868 795.978 291.798 235.071 56.7264 504.18 342.895 331.408 66.1279 47.5582 265.28 79.6222 48.8892 30.7331 185.658 130.126 29.3945 18.1637 220.475 94.7524 87.306 67.9479 125.723 118.979 61.9475 57.0312 19.3581 55.5321 161.285 55.9292
internal_count=5286 62 5224 344 221 154 116 123 45 4880 166 114 94 4714 1917 1590 327 2797 1960 1844 308 246 1536 502 311 191 1034 774 111 135 1418 656 591 512 762 690 382 308 79 260 837 331
is_linear=0
shrinkage=0.0625684


Tree=11
num_leaves=43
num_cat=0
split_feature=38 11 1 47 0 2 0 31 14 4 2 39 27 38 43 19 46 29 17 31 49 46 47 42 19 46 50 19 48 4 4 4 50 3 46 42 6 14 5 49 19 23
split_gain=4.52264 3.79301 5.80556 11.3582 9.45152 7.64484 8.69948 7.91111 6.74 10.2161 8.4903 7.58013 7.10724 7.06447 8.64196 6.61766 5.03991 4.9578 7.00816 7.22307 4.74841 8.935 8.93324 8.44754 17.2735 9.5666 8.2372 14.1195 7.97877 11.2471 10.1496 9.53008 7.8921 7.11916 16.5695 11.0407 8.37525 11.1859 6.87999 6.39378 5.64597 13.1497
threshold=155.00000000000003 3.5000000000000004 3.5000000000000004 9.5000000000000018 2.5000000000000004 5.5000000000000009 5.5000000000000009 1.0000000180025095e-35 1.5000000000000002 6.5000000000000009 6.5000000000000009 9.5000000000000018 1.0000000180025095e-35 65.000000000000014 8.5000000000000018 37.500000000000007 55.000000000000007 3.5000000000000004 2.5000000000000004 1.0000000180025095e-35 10.500000000000002 1.5000000000000002 6.5000000000000009 55.000000000000007 12.500000000000002 6.5000000000000009 12.500000000000002 1.0000000180025095e-35 6.5000000000000009 1.5000000000000002 12.500000000000002 14.000000000000002 8.5000000000000018 4.5000000000000009 10.500000000000002 14.500000000000002 1.5000000000000002 1.0000000180025095e-35 22.000000000000004 12.500000000000002 4.5000000000000009 1.0000000180025095e-35
decision_type=2 2 2 2 2 2 2 2 2 2 2 2 2 2 2 2 2 2 2 2 2 2 2 2 2 2 2 2 2 2 2 2 2 2 2 2 2 2 2 2 2 2
left_child=1 2 20 4 -4 6 7 -5 11 10 -10 12 -6 14 -12 -9 -7 18 19 -3 28 32 -23 25 -25 -24 -27 -28 31 33 -31 40 39 34 35 -30 37 -35 -33 -22 41 -1
right_child=-2 17 3 5 8 16 -8 15 9 -11 13 -13 -14 -15 -16 -17 -18 -19 -20 -21 21 22 23 24 -26 26 27 -29 29 30 -32 38 -34 36 -36 -37 -38 -39 -40 -41 -42 -43
leaf_value=-0.00079872163631015069 -0.070319391067701256 -0.042610705225154782 -0.072537846472193565 0.045595871695829064 -0.035432097126748156 0.063793240379726016 -0.094304685352285603 -0.10949351215004746 -0.059596133351992417 -0.098024029087554879 -0.044947840377511053 -0.063926808301257659 0.023974347702226905 0.049007342280252053 0.064487877348968825 0.015687697983710329 -0.0019503253425406106 0.077520385525417179 -0.015019842409808786 0.04330238023912765 -0.018833408975072435 0.031228546050834471 -0.08246075275969357 -0.08273805663629917 0.041587690505544825 0.033935054614139905 0.04674018556957666 -0.096249081425421615 -0.061317140848512031 -0.086947409852376006 0.014001201543482245 -0.098117384650812101 0.0062285354935730699 -0.065963386835526952 -0.10425635729501223 0.076798279601204986 0.06838391364070362 0.037848989132632536 0.0088447517024713342 -0.10633874959153725 0.011467079658201488 -0.08953561166565091
leaf_weight=232.90643550083041 3.533013727515935 4.467692710459235 13.006318338215349 9.4707832764834219 10.331594333052633 14.139211291447284 3.9438955746591082 3.1005480252206317 13.428826624527572 7.8017779607325783 13.122329266741877 6.2341446951031676 32.815291184931993 8.3220937103033048 3.5598992779850951 3.4566707238554955 6.6832145750522605 4.6435848027467719 23.80038845911622 25.485767489299178 7.7578742019832116 78.831814076751471 3.7569507956504813 11.50765671208501 7.0065083950757971 39.18704329431057 5.1511443667113763 5.6088696904480457 3.7915429919958132 14.990783862769606 5.2301486432552329 6.3323650956153852 19.314554497599602 7.3126619830727639 7.5064659118652335 5.5161506980657578 8.3343044109642488 9.0525407493114454 3.6990265101194382 5.6878652982413769 175.75713998731226 6.6943045277148476
leaf_count=1375 41 38 124 40 91 52 41 29 134 99 109 67 174 34 15 17 40 11 184 111 59 336 37 101 25 154 17 59 39 131 21 66 94 54 58 16 20 39 20 61 986 67
internal_value=0 0.000285356 -0.000810373 -0.0119635 -0.0225379 0.0161609 -0.0114454 0.00902623 -0.0157022 -0.0328612 -0.0195315 0.00035226 0.00970736 0.00199148 -0.0214468 -0.0435873 0.0426691 0.0156886 0.0102821 0.0304181 0.00167223 0.010241 0.0166691 0.000753982 -0.0356379 0.0133348 0.0206125 -0.0277592 -0.00155926 -0.022574 -0.0608019 0.00148941 -0.0193509 -0.00389322 -0.0352811 0.0203991 0.0174477 -0.00851039 -0.0586656 -0.0561029 0.00294946 -0.00329464
internal_weight=0 878.748 820.351 149.417 108.622 40.7943 19.9719 16.028 95.616 46.2349 38.4331 49.381 43.1469 25.0043 16.6822 6.55722 20.8224 58.3974 53.7538 29.9535 670.934 183.81 151.05 72.2182 18.5142 53.704 49.9471 10.76 487.124 61.7346 20.2209 425.389 32.7603 41.5137 16.8142 9.30769 24.6995 16.3652 10.0314 13.4457 415.358 239.601
internal_count=5286 5245 4901 1066 847 219 127 86 723 391 292 332 265 158 124 46 92 344 333 149 3835 943 729 393 126 267 230 76 2892 378 152 2514 214 226 113 55 113 93 86 120 2428 1442
is_linear=0
shrinkage=0.0625684


Tree=12
num_leaves=43
num_cat=0
split_feature=50 7 19 4 49 20 6 38 38 7 0 11 43 50 43 50 49 49 25 12 42 7 15 38 46 48 7 12 48 16 46 25 35 50 16 47 43 50 2 15 43 7
split_gain=3.41785 2.92975 10.4822 7.36643 20.0662 6.96139 7.40358 8.21973 7.95109 8.97743 7.15962 11.8488 6.07984 8.02622 5.91624 9.58844 13.5431 12.7125 6.81307 5.76876 9.19615 12.2089 9.43168 9.01651 8.46724 5.90059 7.19741 5.31079 5.27054 9.90429 7.12822 11.2211 10.1848 8.40744 7.48182 6.47376 6.37719 5.72558 14.3755 10.4583 10.1013 8.17093
threshold=1.0000000180025095e-35 20.500000000000004 1.5000000000000002 1.0000000180025095e-35 14.500000000000002 1.0000000180025095e-35 1.5000000000000002 6.5000000000000009 3.5000000000000004 4.5000000000000009 1.0000000180025095e-35 1.0000000180025095e-35 7.5000000000000009 3.5000000000000004 5.5000000000000009 7.5000000000000009 7.5000000000000009 13.500000000000002 1.0000000180025095e-35 1.5000000000000002 11.500000000000002 4.5000000000000009 3.5000000000000004 35.000000000000007 45.000000000000007 6.5000000000000009 7.5000000000000009 1.0000000180025095e-35 7.5000000000000009 1.0000000180025095e-35 75.000000000000014 1.0000000180025095e-35 1.0000000180025095e-35 10.500000000000002 4.5000000000000009 2.5000000000000004 10.500000000000002 8.5000000000000018 2.5000000000000004 14.500000000000002 3.5000000000000004 23.500000000000004
decision_type=2 2 2 2 2 2 2 2 2 2 2 2 2 2 2 2 2 2 2 2 2 2 2 2 2 2 2 2 2 2 2 2 2 2 2 2 2 2 2 2 2 2
left_child=-1 3 -3 14 5 6 8 -8 9 -5 12 -12 13 -9 19 16 -16 18 -17 20 25 22 -22 -23 -25 -2 -27 -24 30 -30 37 32 33 34 -32 -31 -37 40 -39 -40 -4 -42
right_child=1 2 28 4 -6 -7 7 10 -10 -11 11 -13 -14 -15 15 17 -18 -19 -20 -21 21 23 27 24 -26 26 -28 -29 29 35 31 -33 -34 -35 -36 36 -38 38 39 -41 41 -43
leaf_value=0.04497783473663014 -0.005358805111860182 0.044231158496785626 -0.0044241752966384384 0.052498013963435022 0.051738477275087368 0.023502774110772465 -0.072901469695990151 0.044585328148051197 -0.047680880755392507 -0.040486324128693997 -0.10369723669340333 0.024639074207343643 0.065186753313049461 -0.087725183404676874 -0.058301124724902599 0.013617884107740274 0.002570369595639626 -0.086207990421328998 -0.05946980498516391 0.030937159089648669 0.041358627659311933 -0.11147976610300234 -0.09313461705738893 0.049738425397515301 -0.068694252543615733 -0.084674938456178322 0.031746158792405443 0.0092509992130367508 -0.081003403681611824 -0.043918678658611224 -0.073875544055560308 -0.096759700397498594 0.051339024307595807 0.0075961064158792495 0.02330178626786834 0.024407366876610138 -0.046809264672643069 -0.024970896680716507 0.057063341125364653 -0.012780239530317794 0.073471018888503603 0.019786854448174851
leaf_weight=6.5308622345328322 31.442437216639519 23.332098990678787 70.646289959549904 7.2981389258056906 15.505724603310226 11.216108310967682 5.612277850508689 4.3982982821762624 66.869766231626272 9.0890067070722562 4.7900295853614789 6.7229200676083565 10.400065608322619 2.9809006173163652 28.047806171700358 94.268040098249912 29.101410768926144 5.6817888151854268 5.2352227903902522 39.856729213148355 46.970144044607878 4.1860954426228991 3.2358014993369562 5.4136177301406843 4.1406430639326572 8.8880551345646364 2.6750574782490721 4.9870923571288586 8.1000229939818364 12.259350441396235 13.890345495194198 6.1002787947654715 9.3977252468466741 18.798904713243246 3.9529212545603505 24.150819739326838 6.1414097733795634 54.696027310565114 19.307654930278659 14.771418288350104 12.435883380472658 103.30113646574318
leaf_count=23 228 95 469 34 59 61 55 17 594 76 54 35 34 32 234 457 189 52 44 175 160 40 29 20 30 83 12 29 72 104 123 67 39 90 25 121 54 402 73 124 33 539
internal_value=0 -0.000343162 0.00356038 -0.00375818 -0.0154284 -0.023498 -0.0279742 -0.00374522 -0.038113 0.000879521 0.00953421 -0.0288038 0.0344298 -0.00886568 0.00162188 -0.00667654 -0.0273012 0.00452378 0.00974281 0.0105033 0.00321071 0.0173812 0.0305287 -0.0352965 -0.00153201 -0.0194731 -0.0576319 -0.0311159 0.00104304 -0.0177282 0.00395291 -0.0172452 -0.00662347 -0.0215525 -0.0522818 -0.00560356 0.00989698 0.0079754 -0.00509179 0.0267743 0.0142051 0.0255841
internal_weight=0 860.295 401.282 459.013 144.883 129.378 118.161 34.9045 83.2569 16.3871 29.2922 11.5129 17.7793 7.3792 314.13 162.334 57.1492 105.185 99.5033 151.796 111.939 68.9334 55.193 13.7404 9.55426 43.0055 11.5631 8.22289 377.95 50.6516 327.299 52.1402 46.0399 36.6422 17.8433 42.5516 30.2922 275.158 88.7751 34.0791 186.383 115.737
internal_count=5286 5263 2430 2833 1051 992 931 227 704 110 172 89 83 49 1782 976 423 553 501 806 631 308 218 90 50 323 95 58 2335 351 1984 344 277 238 148 279 175 1640 599 197 1041 572
is_linear=0
shrinkage=0.0625684


end of trees

feature_importances:
ninki_3=42
ninki_1=36
self_popularity=32
mf_courseout=31
ninki_2=28
f_courseout=25
result_3=25
mf_classout=24
result_2=24
umaban=23
waku=20
mf_course1=18
result_1=18
mf_course3=17
f_lenout=15
f_course1=13
f_course3=13
f_mf_courseout=12
f_len1=12
f_course2=11
f_classout=10
f_len3=9
mf_classout.1=9
mf_course2=8
mf_len1=7
mf_len2=7
f_class2=7
f_len2=6
mf_len3=6
mf_class2=6
mf_class3=6
mf_class1=5
f_mf_classout.1=4
f_mf_course2=3
f_mf_classout=3
f_mf_course3=2
f_mf_len1=2
f_mf_len2=2
f_class1=2
f_class3=2
time_df_course1=1

parameters:
[boosting: gbdt]
[objective: lambdarank]
[metric: ndcg]
[tree_learner: serial]
[device_type: cpu]
[data_sample_strategy: bagging]
[data: ]
[valid: ]
[num_iterations: 205]
[learning_rate: 0.0625684]
[num_leaves: 43]
[num_threads: 16]
[seed: 0]
[deterministic: 0]
[force_col_wise: 1]
[force_row_wise: 0]
[histogram_pool_size: -1]
[max_depth: 10]
[min_data_in_leaf: 21]
[min_sum_hessian_in_leaf: 0.001]
[bagging_fraction: 1]
[pos_bagging_fraction: 1]
[neg_bagging_fraction: 1]
[bagging_freq: 0]
[bagging_seed: 7719]
[feature_fraction: 1]
[feature_fraction_bynode: 1]
[feature_fraction_seed: 2437]
[extra_trees: 0]
[extra_seed: 11797]
[early_stopping_round: 0]
[first_metric_only: 0]
[max_delta_step: 0]
[lambda_l1: 0.0177849]
[lambda_l2: 0.0330836]
[linear_lambda: 0]
[min_gain_to_split: 0]
[drop_rate: 0.1]
[max_drop: 50]
[skip_drop: 0.5]
[xgboost_dart_mode: 0]
[uniform_drop: 0]
[drop_seed: 21238]
[top_rate: 0.2]
[other_rate: 0.1]
[min_data_per_group: 100]
[max_cat_threshold: 32]
[cat_l2: 10]
[cat_smooth: 10]
[max_cat_to_onehot: 4]
[top_k: 20]
[monotone_constraints: ]
[monotone_constraints_method: basic]
[monotone_penalty: 0]
[feature_contri: ]
[forcedsplits_filename: ]
[refit_decay_rate: 0.9]
[cegb_tradeoff: 1]
[cegb_penalty_split: 0]
[cegb_penalty_feature_lazy: ]
[cegb_penalty_feature_coupled: ]
[path_smooth: 0]
[interaction_constraints: ]
[verbosity: -1]
[saved_feature_importance_type: 0]
[use_quantized_grad: 0]
[num_grad_quant_bins: 4]
[quant_train_renew_leaf: 0]
[stochastic_rounding: 1]
[linear_tree: 0]
[max_bin: 255]
[max_bin_by_feature: ]
[min_data_in_bin: 3]
[bin_construct_sample_cnt: 200000]
[data_random_seed: 38]
[is_enable_sparse: 1]
[enable_bundle: 1]
[use_missing: 1]
[zero_as_missing: 0]
[feature_pre_filter: 1]
[pre_partition: 0]
[two_round: 0]
[header: 0]
[label_column: ]
[weight_column: ]
[group_column: ]
[ignore_column: ]
[categorical_feature: ]
[forcedbins_filename: ]
[precise_float_parser: 0]
[parser_config_file: ]
[objective_seed: 8855]
[num_class: 1]
[is_unbalance: 0]
[scale_pos_weight: 1]
[sigmoid: 1]
[boost_from_average: 1]
[reg_sqrt: 0]
[alpha: 0.9]
[fair_c: 1]
[poisson_max_delta_step: 0.7]
[tweedie_variance_power: 1.5]
[lambdarank_truncation_level: 30]
[lambdarank_norm: 1]
[label_gain: ]
[lambdarank_position_bias_regularization: 0]
[eval_at: 1,3,5]
[multi_error_top_k: 1]
[auc_mu_weights: ]
[num_machines: 1]
[local_listen_port: 12400]
[time_out: 120]
[machine_list_filename: ]
[machines: ]
[gpu_platform_id: -1]
[gpu_device_id: -1]
[gpu_use_dp: 0]
[num_gpu: 1]

end of parameters

pandas_categorical:[]
