tree
version=v4
num_class=1
num_tree_per_iteration=1
label_index=0
max_feature_idx=50
objective=lambdarank
feature_names=f_course1 f_course2 f_course3 f_courseout mf_course1 mf_course2 mf_course3 mf_courseout f_mf_course1 f_mf_course2 f_mf_course3 f_mf_courseout f_len1 f_len2 f_len3 f_lenout mf_len1 mf_len2 mf_len3 mf_classout f_mf_len1 f_mf_len2 f_mf_len3 f_mf_classout f_class1 f_class2 f_class3 f_classout mf_class1 mf_class2 mf_class3 mf_classout.1 f_mf_class1 f_mf_class2 f_mf_class3 f_mf_classout.1 time_df_course1 time_df_class1 ninki_1 result_1 time_df_course2 time_df_class2 ninki_2 result_2 time_df_course3 time_df_class3 ninki_3 result_3 waku umaban self_popularity
feature_infos=[0:26] [0:23] [0:25] [0:177] [0:33] [0:28] [0:27] [0:267] [0:3] [0:4] [0:5] [0:16] [0:9] [0:9] [0:12] [0:75] [0:7] [0:6] [0:8] [0:64] [0:2] [0:3] [0:5] [0:6] [0:3] [0:5] [0:5] [0:17] [0:3] [0:4] [0:4] [0:16] none [0:1] [0:2] [0:6] [-1:0] [-1:0] [-1:180] [-1:140] [-1:0] [-1:0] [-1:180] [-1:150] [-1:0] [-1:0] [-1:180] [-1:160] [1:8] [1:16] [-1:16]
tree_sizes=6140 6550 6544 6584 6495 6503

Tree=0
num_leaves=59
num_cat=0
split_feature=50 42 42 43 42 28 46 0 3 39 8 39 3 48 42 2 3 38 42 14 19 5 39 47 1 49 13 50 38 19 50 39 2 46 47 47 5 4 39 50 38 48 48 19 39 43 48 19 3 39 19 4 17 38 42 42 49 48
split_gain=87.1278 11.3204 14.3548 10.7041 13.9754 9.29881 7.64565 6.89657 6.50233 6.32423 5.87496 4.73118 4.7251 4.3465 7.25928 4.33891 7.44948 4.33888 4.02669 3.78202 3.75429 3.73696 3.35949 3.95626 3.3019 3.03072 2.92177 2.87497 2.77945 2.69083 2.56208 2.50217 3.84574 2.75916 2.49256 2.46458 3.11334 2.39765 2.45569 2.32356 2.25016 1.85688 1.85005 2.36994 1.49325 2.36889 1.62443 1.22551 1.09068 1.08919 1.01116 0.768526 0.644952 0.509207 0.480508 0.134687 0.057515 0.0153179
threshold=8.5000000000000018 45.000000000000007 105.00000000000001 5.5000000000000009 10.500000000000002 1.5000000000000002 6.5000000000000009 1.0000000180025095e-35 24.500000000000004 10.500000000000002 1.0000000180025095e-35 6.5000000000000009 64.500000000000014 4.5000000000000009 5.5000000000000009 6.5000000000000009 11.500000000000002 11.500000000000002 55.000000000000007 1.5000000000000002 5.5000000000000009 4.5000000000000009 15.500000000000002 4.5000000000000009 1.5000000000000002 5.5000000000000009 1.5000000000000002 6.5000000000000009 9.5000000000000018 17.500000000000004 11.500000000000002 5.5000000000000009 1.5000000000000002 105.00000000000001 10.500000000000002 7.5000000000000009 11.500000000000002 6.5000000000000009 3.5000000000000004 10.500000000000002 55.000000000000007 6.5000000000000009 6.5000000000000009 6.5000000000000009 5.5000000000000009 11.500000000000002 1.5000000000000002 6.5000000000000009 1.5000000000000002 8.5000000000000018 32.500000000000007 1.0000000180025095e-35 1.5000000000000002 85.000000000000014 35.000000000000007 25.000000000000004 6.5000000000000009 3.5000000000000004
decision_type=2 2 2 2 2 2 2 2 2 2 2 2 2 2 2 2 2 2 2 2 2 2 2 2 2 2 2 2 2 2 2 2 2 2 2 2 2 2 2 2 2 2 2 2 2 2 2 2 2 2 2 2 2 2 2 2 2 2
left_child=3 5 15 9 37 6 7 17 21 13 11 30 -10 14 -1 16 24 28 29 -18 -11 27 23 39 31 26 35 40 47 51 -4 -3 33 -33 53 36 -16 38 57 -8 44 -14 43 56 46 -46 -6 -2 -27 -17 -31 54 -23 -29 55 -15 -42 -5
right_child=1 2 10 4 8 -7 22 -9 12 20 -12 -13 41 18 25 49 19 -19 -20 -21 -22 52 -24 -25 -26 48 -28 34 -30 50 -32 32 -34 -35 -36 -37 -38 -39 -40 -41 42 -43 -44 -45 45 -47 -48 -49 -50 -51 -52 -53 -54 -55 -56 -57 -58 -59
leaf_value=0.040331188232263636 -0.024234548467534481 0.021364207863793269 0.0056158296934614117 0 0.0095362487697702083 0.024130752905117753 0.0039054090108739756 -0.05721705104993486 0.040938172208001812 0.0096092312472560448 0.009383430042853436 -0.069865401795920781 -0.021897834798873715 0.011637469505543365 -0.029685351062576453 0.041289044567945625 -0.061104864082602593 -0.039748365290647382 0.054954114322374653 0 -0.046988261938304722 0 -0.0010001562265754176 -0.073019680707285775 0.044067388018282402 0 0.033912575101615279 -0.045165458256571339 0.038770911660019974 -0.020380730130334035 -0.044928868227316975 -0.055883458132326647 0.023031519264543356 0 0.0088982156374721889 0.022338894298437183 0.024240303830170413 0.0012578648581899922 -0.056189443260960009 -0.045651512751486968 -0.01683448550755931 0.018712491015746145 0.048181621131124508 0.036253264903773771 0.035011576282805587 -0.0091795101428052087 -0.029595233572979423 0.0098156129992290984 -0.03786422697846286 0.0028783650062923784 0.01521315676381086 0.036908541589081058 -0.045363736615982898 0 0 0.033543447427583695 0 -0.0092630864839155641
leaf_weight=10.586939027532937 2.0880183614790422 3.5509638190269524 2.8492929935455313 1.4007666427642091 1.4936505146324721 2.0128529891371718 2.0981676168739862 5.1110024098306885 15.213908975943925 4.1418072357773772 1.8996274508535851 8.6914275716990215 2.5771462209522715 7.2305162362754327 5.3744556028395909 3.6375546716153613 3.7273372504860154 2.6556505970656872 15.453101066872476 2.0911622084677219 1.8557869177311657 1.5031153503805392 1.8474168404936779 21.034969947300851 2.4581224471330634 1.3273897748440493 4.1939940545707932 1.9965231698006385 2.8234183490276337 1.8827389497309917 1.5289987623691557 2.661975622177124 1.545405715703964 1.5851839222013948 2.5032362174242735 3.0866381768137217 1.2408115081489084 1.5596166513860215 5.5524874236434698 1.579901088029146 1.3255703058093771 2.7499716617166996 3.7207863293588161 1.7585655851289628 3.0769531559199095 2.174078430980444 2.8934974391013384 2.2585995011031628 2.7274886388331652 3.0990365538746119 1.2221855055540798 20.840655379928648 1.8781577255576847 1.1797070559114216 2.0481777777895323 2.8032786790281534 1.4272281024605034 2.1785073019564152
leaf_count=63 32 24 25 18 10 12 20 90 92 38 15 151 37 79 91 16 67 40 66 22 35 19 18 375 7 14 26 35 11 34 28 49 8 14 21 23 7 15 101 29 21 20 13 8 17 29 50 20 50 30 11 142 33 17 23 15 20 31
internal_value=0 -0.0316057 -0.0153875 0.0182264 0.00488942 -0.0453764 -0.0495174 -0.0236174 0.014246 0.0269279 -0.0444394 -0.0536003 0.0303427 0.0298532 0.0159474 0.00255135 -0.0069414 -0.00174788 0.0368988 -0.0408569 -0.00852996 0.000865162 -0.0624255 -0.0661759 0.00980482 0 0.00930963 0.00723557 0.0125088 0.0277446 -0.0125464 -3.22301e-05 -0.0167283 -0.0359331 -0.0141588 -0.00129584 -0.0158071 -0.0333927 -0.0407219 -0.0174908 0.0152555 0 0.0293618 0.00598234 0.000316042 0.0149329 -0.0134282 -0.00426317 -0.0263014 0.0279499 -0.0016244 0.0310043 -0.0326911 -0.0350299 0.0179434 0.0212287 -0.0119311 -0.00724911
internal_weight=0 82.8361 39.3261 144.179 58.1635 43.51 41.4971 14.9367 47.4721 86.016 14.9693 13.0697 20.541 80.0184 28.5377 24.3567 17.6202 9.82569 51.4807 5.8185 5.99759 26.9311 26.5605 24.713 11.8017 17.9508 13.8959 23.5498 7.17004 36.0276 4.37829 9.34353 5.79257 4.24716 5.67947 9.70191 6.61527 10.6914 9.13176 3.67807 17.8703 5.32712 8.23215 4.51136 9.63818 5.25103 4.38715 4.34662 4.05488 6.73659 3.10492 32.9226 3.38127 3.17623 12.082 10.0338 2.7528 3.57927
internal_count=2427 1103 456 1324 607 647 635 193 442 717 219 204 149 644 274 237 191 103 370 89 73 293 442 424 102 211 147 241 63 304 53 95 71 63 73 121 98 165 150 49 168 57 62 49 106 46 60 52 64 46 45 259 52 52 117 94 41 49
is_linear=0
shrinkage=0.0388665


Tree=1
num_leaves=62
num_cat=0
split_feature=43 15 27 42 43 46 42 42 19 39 46 48 39 49 1 50 42 15 42 39 1 3 50 27 17 7 15 15 38 49 42 47 50 48 39 4 7 13 47 50 47 50 15 39 48 39 50 7 26 39 2 1 15 38 6 4 19 39 47 13 38
split_gain=34.1345 21.9315 18.1146 16.1348 16.8003 20.2917 17.3992 16.1409 13.6428 18.0389 11.6086 10.8726 20.4175 15.5325 13.0642 12.9911 11.7879 13.8518 10.3383 10.046 15.7721 13.753 11.5537 11.5198 11.2666 12.8382 9.85598 17.7823 9.53108 9.83826 9.28656 9.15873 8.89004 8.56682 9.96339 8.39161 11.6403 11.3756 7.8207 10.0634 7.65422 7.39648 12.6677 7.28745 6.77199 6.74884 6.54237 6.37366 8.16168 6.24087 5.99215 5.38849 5.37608 5.15271 5.14787 5.6174 7.77042 5.09068 4.86478 4.38743 3.89932
threshold=11.500000000000002 40.500000000000007 1.0000000180025095e-35 25.000000000000004 4.5000000000000009 14.500000000000002 2.5000000000000004 135.00000000000003 2.5000000000000004 4.5000000000000009 16.500000000000004 7.5000000000000009 2.5000000000000004 8.5000000000000018 4.5000000000000009 2.5000000000000004 55.000000000000007 3.5000000000000004 75.000000000000014 8.5000000000000018 2.5000000000000004 3.5000000000000004 4.5000000000000009 4.5000000000000009 1.0000000180025095e-35 2.5000000000000004 4.5000000000000009 9.5000000000000018 95.000000000000014 8.5000000000000018 8.5000000000000018 9.5000000000000018 3.5000000000000004 3.5000000000000004 12.500000000000002 2.5000000000000004 28.500000000000004 1.5000000000000002 7.5000000000000009 4.5000000000000009 3.5000000000000004 8.5000000000000018 2.5000000000000004 6.5000000000000009 6.5000000000000009 2.5000000000000004 8.5000000000000018 1.0000000180025095e-35 1.0000000180025095e-35 5.5000000000000009 7.5000000000000009 1.0000000180025095e-35 29.500000000000004 4.5000000000000009 8.5000000000000018 6.5000000000000009 2.5000000000000004 10.500000000000002 1.5000000000000002 1.0000000180025095e-35 2.5000000000000004
decision_type=2 2 2 2 2 2 2 2 2 2 2 2 2 2 2 2 2 2 2 2 2 2 2 2 2 2 2 2 2 2 2 2 2 2 2 2 2 2 2 2 2 2 2 2 2 2 2 2 2 2 2 2 2 2 2 2 2 2 2 2 2
left_child=3 2 8 4 19 6 -6 11 9 -2 -7 13 -13 14 16 45 46 31 26 21 22 53 -21 24 25 58 38 -28 29 33 -31 43 -4 34 -10 37 -37 -16 39 -17 -14 -20 -43 -18 -27 -15 49 -8 -49 -5 -25 -12 -44 -1 55 56 -26 -22 -23 -9 -34
right_child=1 -3 32 7 5 10 47 59 28 -11 51 12 40 15 35 18 17 -19 41 20 57 23 -24 50 54 44 27 -29 -30 30 -32 -33 60 -35 -36 36 -38 -39 -40 -41 -42 42 52 -45 -46 -47 -48 48 -50 -51 -52 -53 -54 -55 -56 -57 -58 -59 -60 -61 -62
leaf_value=0.040002588075896975 0.002738968644241664 0.036792499462164306 0 -0.025007951919832905 0.037968458606234545 0.036416025530835283 -0.0063990684493336301 -0.062841821931290745 -0.058621186913602338 -0.065797643298443315 0.0057524068969190146 0.037017229282236344 -0.00017291482481683089 -0.043233205359155723 0.031289939822730622 0.042234916751815475 0.025432763269158918 -0.057551681552630102 0.053071494001088779 -8.3329152688824733e-05 0.043050312554701445 0.022717848778255664 -0.068921947646324075 0.052825951592867432 0.034837955401296458 -0.065051958262710805 -0.057259360278247892 0.025374862749528177 0.036239210880809676 0.01900657520396197 -0.062820027811287038 -0.044610265747283218 -0.0035255404474413233 0.03765786159424335 0.024739058551430489 0.06502750759453628 0.0080970741190671061 -0.043590487263075441 0.055271050715713366 -0.014329883895996789 -0.04968909615069661 0.047532258448873856 -0.056163284040322517 -0.025031587254538544 -0.012803839354986584 0.012519060870447983 0.039108367770840882 -0.059198424211824231 -0.0067887319525535327 0.017984678212846373 0 -0.053304318787389976 0.0095396469662498741 0.012710362224503936 -0.018470150150198417 0.047505525775048685 -0.024820906865774522 -0.008941539254383896 -0.024610632059497015 0 -0.06803959098629779
leaf_weight=19.344416704028845 9.2100251391530055 7.818658895790576 3.658624246716502 8.144804056733852 3.7423618286848059 11.598201675340535 7.4992445595562449 4.6244508214294902 3.7958110906183773 12.860611397773026 3.8363556899130336 9.2888151519000548 8.7547200024127978 4.7831370271742326 5.7525146640837175 7.9776156321168008 12.930814784020191 10.058360081166027 36.68318971991539 6.7967973276972797 5.314032703638075 7.7281797714531439 8.893691508099435 6.673858340829609 5.3681336678564602 10.957949437201025 5.9225357472896567 8.6846562605351192 8.259439963847397 2.1253862641751748 6.7327374815940857 5.5387481376528731 2.2165231704711941 7.1065201610326767 3.2165110595524311 10.985724352300169 12.03361567109823 5.0141061544418335 10.810584139078854 9.2721181828528625 11.705054745078085 7.6546172574162465 2.9463494289666414 5.372592555359005 7.5518137142062178 6.8264972791075706 8.7209778130054456 26.24786670319736 6.5585555415600529 11.254800278693436 6.730407789349556 3.5748955495655537 2.7425857111811638 29.849611334502697 6.4756818711757651 6.1861734353005877 6.35545395873487 4.1395878735929728 4.4735413528978825 2.6277687102556229 20.876596385613084
leaf_count=44 49 19 17 60 6 35 37 33 42 137 18 24 27 24 21 15 44 70 47 24 12 27 73 14 15 54 28 22 20 9 66 42 16 20 14 11 42 30 19 43 52 17 29 32 32 20 31 246 42 39 24 27 10 90 37 11 33 34 28 17 206
internal_value=0 -0.0220243 -0.0282637 0.00439792 -0.00349257 -0.0201239 -0.0345415 0.0113122 -0.0143681 -0.0372666 0.0124483 0.0132196 -0.00815857 0.0165021 0.00492019 0.0268673 -0.00546126 -0.0208848 0.0317449 0.00379387 -0.0179559 0.00866884 -0.0414882 -0.0023852 -0.010525 -0.0260687 0.0165977 -0.00813181 0.0017513 -0.0106501 -0.0414279 -0.00345953 -0.0542041 0.00858164 -0.0194209 0.0241915 0.0371608 -0.00262986 0.0299524 0.0115199 -0.0300554 0.0438976 0.0160002 0.0093175 -0.0459316 -0.0102469 0.01259 -0.0422525 -0.0496136 0 0.0286613 -0.022834 -0.0243097 0.0242179 0.00855034 0.0195907 0.00154669 0.0195749 0.00361598 -0.0426491 -0.0628727
internal_weight=0 87.8774 80.0588 443.009 205.897 63.0575 44.048 237.112 53.307 22.0706 19.0095 229.86 29.7486 200.111 95.8071 104.304 62.0211 33.9005 92.6943 142.839 25.1441 117.695 15.6905 68.5012 55.0969 30.7115 42.6675 14.6072 31.2364 22.977 8.85812 23.8422 26.7517 14.1188 7.01232 33.786 23.0193 10.7666 28.0603 17.2497 20.4598 50.0267 13.3436 18.3034 18.5098 11.6096 28.1206 40.3057 32.8064 19.3996 13.4043 7.41125 5.68894 49.194 24.3854 17.9098 11.7236 9.45362 12.2017 7.25222 23.0931
internal_count=2427 615 596 1812 963 411 331 849 357 186 80 799 103 696 422 274 318 188 230 552 143 409 97 275 237 141 127 50 171 151 75 118 239 76 56 104 53 51 77 58 79 103 56 76 86 44 130 325 288 99 38 45 39 134 96 59 48 46 55 50 222
is_linear=0
shrinkage=0.0388665


Tree=2
num_leaves=62
num_cat=0
split_feature=50 46 46 4 6 0 43 4 42 42 39 49 7 42 49 47 46 49 5 43 5 48 15 7 4 6 49 7 3 2 0 4 4 42 44 6 50 49 42 3 3 7 50 49 49 42 43 47 4 7 39 0 43 47 24 1 5 39 15 49 50
split_gain=27.0051 31.451 28.1535 13.9182 11.1597 10.9085 10.8323 14.1118 10.2962 12.3651 11.5916 20.6194 18.7527 13.9753 10.6123 10.6033 11.9494 17.6022 11.4283 17.1318 10.9448 10.2829 9.63665 9.88851 9.46153 16.0798 8.92268 8.8465 8.56836 8.31886 8.21424 7.54297 7.49183 6.60971 6.48447 11.4496 6.41251 6.28617 7.88115 11.0177 10.2397 9.00347 5.80703 5.66328 17.162 5.31893 6.87184 4.78083 4.46769 7.77355 3.51292 3.37178 2.64925 2.44458 2.18585 6.99493 2.14384 2.01706 1.96749 1.31426 1.26593
threshold=12.500000000000002 19.000000000000004 95.000000000000014 20.500000000000004 13.500000000000002 20.000000000000004 13.500000000000002 6.5000000000000009 25.000000000000004 2.5000000000000004 7.5000000000000009 7.5000000000000009 3.5000000000000004 11.500000000000002 2.5000000000000004 6.5000000000000009 65.000000000000014 8.5000000000000018 1.5000000000000002 6.5000000000000009 3.5000000000000004 7.5000000000000009 1.5000000000000002 1.5000000000000002 6.5000000000000009 1.0000000180025095e-35 14.500000000000002 2.5000000000000004 34.500000000000007 3.5000000000000004 3.5000000000000004 2.5000000000000004 1.5000000000000002 85.000000000000014 -1.0000000180025095e-35 5.5000000000000009 1.5000000000000002 11.500000000000002 115.00000000000001 1.0000000180025095e-35 1.0000000180025095e-35 24.500000000000004 6.5000000000000009 11.500000000000002 6.5000000000000009 10.500000000000002 4.5000000000000009 2.5000000000000004 1.0000000180025095e-35 2.5000000000000004 3.5000000000000004 1.0000000180025095e-35 15.500000000000002 2.5000000000000004 1.0000000180025095e-35 1.5000000000000002 1.5000000000000002 2.5000000000000004 30.500000000000004 11.500000000000002 3.5000000000000004
decision_type=2 2 2 2 2 2 2 2 2 2 2 2 2 2 2 2 2 2 2 2 2 2 2 2 2 2 2 2 2 2 2 2 2 2 2 2 2 2 2 2 2 2 2 2 2 2 2 2 2 2 2 2 2 2 2 2 2 2 2 2 2
left_child=4 3 31 -2 6 -4 8 26 9 24 12 14 27 -13 -12 16 18 -18 19 22 -20 37 23 -10 25 43 48 36 -6 -19 -30 -3 -15 -21 -22 -36 -11 38 40 -40 -17 -42 -38 44 57 46 53 -24 49 -8 -23 56 -51 -14 55 -16 -27 -1 -32 -47 -48
right_child=1 2 5 -5 28 -7 7 -9 15 10 11 13 45 32 54 21 17 29 20 33 34 50 47 -25 -26 51 -28 -29 30 -31 58 -33 -34 -35 35 -37 42 -39 39 -41 41 -43 -44 -45 -46 59 60 -49 -50 52 -52 -53 -54 -55 -56 -57 -58 -59 -60 -61 -62
leaf_value=0.0098157369278853053 -0.067513681874448117 -0.0034013795681387365 -0.062159740933171559 0.032783271537123071 -0.061012444550437708 0.024809912439032529 -0.051891615173506919 0.030250084005171485 0.011805496362567633 -0.046355534546918827 -0.021147493029332057 -0.058593766061614969 -0.017324455828339556 -0.031546538987522438 0.039113973693043237 -0.015721549745739104 -0.063052670739784045 -0.020650304854644343 0.045149464378457765 -0.058088720924589846 0.031035256292084198 0.0061831618550096216 0 -0.05770559100582355 0.038800669907341455 -0.0261791760094226 0.012998453339879973 0.040749260215172209 0.034858101457661862 0.033151013369276394 -0.051068321674740846 0.045233563956239495 0.029152851088668906 0 0.017097187760719168 -0.052877660295501547 0.015962078530168986 0.044192637368199214 0.027163741800127622 -0.056795879701322494 0.038862414875194616 -0.0016380929437447068 -0.02819803530035854 0.045437469183532753 -0.043010888841528698 -0.059668202577800609 -0.0091322459931488572 0.041000389060292339 -0.063310671625740264 -0.01646056638541693 -0.043925174535491045 -0.043610641025118448 0.026128859841414269 0.014893472428872829 0.056440730797954419 -0.0094517894102410724 0.0037450679575786595 0.042069105898331918 0 -0.026803692380939367 -0.0543872231818118
leaf_weight=7.3417247384786668 21.707299040630463 6.3255141396075549 9.8066844008862954 1.6312524378299702 6.2243941091001025 1.9981088638305653 6.131920546293264 6.7421362623572341 6.8528504222631472 4.1593374833464685 5.164635755121707 8.7628156319260615 5.9994351044297236 4.2930428832769376 14.625285718590026 7.4435110986232749 8.2805858906358498 8.3362293094396573 20.57462364807725 8.5549081303179246 7.8789222501218328 2.7325848191976538 7.2026093266904381 4.2779488898813725 15.900662340223787 4.9918714612722415 5.0571257211267939 7.1493541337549678 4.0193236693739873 7.4244390428066245 2.9683337658643723 12.917487088590859 6.9232079274952412 3.6131667997688046 7.4879694320261478 5.2700368538498878 14.761597257107498 22.020002562552691 3.7495115473866454 4.0347984209656715 38.5792834199965 9.4119659289717656 5.511484019458293 9.7845563106238824 5.9805113375186911 12.270764961838724 2.662965849041937 13.423305854201315 8.2823635563254339 3.377942007035017 3.7360632456839085 6.9335093759000292 3.6703333780169487 6.8106551822274923 7.0569487884640685 5.2548544332385054 7.3690705932676792 9.2641376107931119 2.4550310857594013 7.3200877681374541 5.9957132302224636
leaf_count=23 271 46 111 3 51 5 60 25 23 26 34 79 32 28 41 26 66 36 44 51 22 11 34 24 34 23 21 19 7 18 25 32 24 18 27 37 61 47 9 38 96 47 38 18 37 91 20 32 90 26 32 42 13 29 10 32 23 21 16 44 58
internal_value=0 -0.0256556 0 -0.0590011 0.00319322 -0.0454689 0.00443116 -0.0164967 0.00627292 -7.19036e-05 -0.00740485 0.00629922 -0.0174311 -0.0237382 0.0256334 0.0124104 0.00398438 -0.0195815 0.0109508 -0.00250867 0.0255032 0.0221433 0.0121709 -0.0153588 0.0131449 0.00448739 -0.0295095 0.00459179 -0.0281411 0.00398954 -0.00194402 0.0288395 0.00396143 -0.0406821 0.00423127 -0.0118223 -0.00617622 0.0258426 0.0187482 -0.0154596 0.0239989 0.0306585 0.00256843 0.0213334 0.00905154 -0.034569 -0.0188486 0.0278557 -0.0404042 -0.0221949 -0.0218724 -0.0226577 0.00386169 0 0.0355505 0.0255563 -0.0078031 0.0298235 -0.0329341 -0.0496464 -0.0441082
internal_weight=0 54.3863 31.0478 23.3386 442.102 11.8048 426.435 33.2618 393.174 192.288 124.722 52.0808 72.6414 19.9791 32.1017 200.885 109.178 24.0413 85.1363 43.9248 41.2116 91.7077 31.7567 11.1308 67.566 51.6654 26.5197 31.5818 15.6671 15.7607 9.44269 19.243 11.2163 12.1681 20.6369 12.758 24.4324 85.2391 63.2191 7.78431 55.4348 47.9912 20.2731 32.3709 22.5864 41.0596 21.4688 20.6259 21.4626 13.1802 6.46865 19.2945 7.04828 12.8101 26.9371 19.8801 12.3609 16.6059 5.42336 19.5909 8.65868
internal_count=2427 468 194 274 1959 116 1860 235 1625 887 666 248 418 131 117 738 432 120 312 182 130 306 113 47 221 187 210 144 99 54 48 78 52 69 86 64 125 263 216 47 169 143 99 99 81 274 139 66 189 99 43 88 39 61 83 73 46 44 41 135 78
is_linear=0
shrinkage=0.0388665


Tree=3
num_leaves=62
num_cat=0
split_feature=43 15 27 12 18 50 50 42 0 31 38 47 50 6 27 48 47 46 3 42 7 42 1 3 50 49 42 7 5 38 27 1 39 50 1 38 47 47 39 7 46 49 48 47 0 39 39 17 14 1 7 46 11 39 7 7 39 47 47 42 3
split_gain=27.2907 13.3873 12.586 10.2945 11.7376 10.3182 10.1328 18.8024 20.928 14.7052 12.4831 12.8645 11.3894 13.6563 11.7389 19.5744 14.141 13.977 12.459 11.7015 11.3109 9.2843 14.3621 11.4052 11.1513 10.0554 8.88284 8.12763 10.2752 7.48979 10.3871 7.99134 7.41991 7.0392 6.74615 8.0073 6.30912 8.62127 6.03762 6.48507 5.6742 5.36642 5.34384 5.31565 5.25882 8.27985 7.15438 4.81145 4.27448 4.33316 4.05445 3.85815 6.76926 3.85143 3.45648 2.8835 2.59895 2.81289 2.57684 2.28143 3.57515
threshold=11.500000000000002 40.500000000000007 1.0000000180025095e-35 1.0000000180025095e-35 1.0000000180025095e-35 9.5000000000000018 8.5000000000000018 45.000000000000007 1.0000000180025095e-35 14.500000000000002 55.000000000000007 4.5000000000000009 3.5000000000000004 4.5000000000000009 1.0000000180025095e-35 4.5000000000000009 4.5000000000000009 55.000000000000007 3.5000000000000004 85.000000000000014 1.0000000180025095e-35 65.000000000000014 4.5000000000000009 11.500000000000002 10.500000000000002 6.5000000000000009 8.5000000000000018 25.500000000000004 1.5000000000000002 11.500000000000002 4.5000000000000009 5.5000000000000009 6.5000000000000009 5.5000000000000009 1.5000000000000002 9.5000000000000018 2.5000000000000004 9.5000000000000018 6.5000000000000009 37.500000000000007 95.000000000000014 4.5000000000000009 7.5000000000000009 9.5000000000000018 3.5000000000000004 4.5000000000000009 11.500000000000002 1.0000000180025095e-35 1.0000000180025095e-35 1.5000000000000002 3.5000000000000004 45.000000000000007 1.0000000180025095e-35 8.5000000000000018 2.5000000000000004 56.500000000000007 2.5000000000000004 3.5000000000000004 5.5000000000000009 19.000000000000004 5.5000000000000009
decision_type=2 2 2 2 2 2 2 2 2 2 2 2 2 2 2 2 2 2 2 2 2 2 2 2 2 2 2 2 2 2 2 2 2 2 2 2 2 2 2 2 2 2 2 2 2 2 2 2 2 2 2 2 2 2 2 2 2 2 2 2 2
left_child=6 2 3 5 58 27 12 8 10 -10 11 47 38 14 15 16 18 44 54 34 -13 36 23 24 -23 -24 -7 28 32 30 31 -16 -2 -4 -15 -36 -9 -38 39 40 41 56 59 -26 45 50 -47 -8 49 -41 -17 -31 -53 -40 -14 -50 57 -1 -5 60 -43
right_child=1 -3 33 4 -6 26 7 21 9 -11 -12 20 13 19 29 17 -18 -19 -20 -21 -22 22 25 -25 43 -27 -28 -29 -30 51 -32 -33 -34 -35 35 -37 37 -39 53 48 -42 42 -44 -45 -46 46 -48 -49 55 -51 -52 52 -54 -55 -56 -57 -58 -59 -60 -61 -62
leaf_value=-0.036011741355711849 0.0036845070631943821 0.028011947680697275 -0.0057971323449201645 0 0.041379264567000543 0.01643824308929279 0.0042326010012144104 0.054889933808025697 -0.061647385752427224 0.038004880165387875 -0.058252160892652415 0.021621276036110935 0 -0.055629120581406941 -0.057474146934415903 0.030112522935472914 -0.059292923938845561 0.045887537811756092 -0.048787591429146807 0.023701512566770184 -0.05624958201579211 -0.057454359756074214 0.043642396506149435 -0.061805859962682549 0.028201086158858378 -0.010435696330161401 -0.064709075683031733 -0.051574750853462685 0.044910356678628152 0.043984251448234486 0.038434201845051953 0.015664478529042753 -0.054981499948735392 -0.063943031024017646 0.033081992356490467 -0.031183026802721024 -0.024977817403957943 0.042148357130811887 0.027793963045583417 -0.0017903329830705969 0.020812889462881731 -0.042844420610776916 -5.8519787770128664e-05 -0.01876659667865815 0.037930490128875692 -0.047776474673307485 0.0099349259160345822 0.049201132780179541 0.0062430920666155781 0.036860936050718565 -0.0061220285849993708 0.036693820932568198 -0.0065831039917701641 -0.00045627617817743112 0.03841097308961542 -0.036042343703142944 0.016827067629090409 0.0062713542380212388 -0.046466418503683701 -0.048317438712253899 -0.00064299133352802268
leaf_weight=3.7165985405445081 8.7846778258681351 6.7031477838754645 4.9194138944149044 2.1785035431385031 8.2190011516213399 1.7529072538018216 7.6284103170037367 8.4316399879753607 19.646279893815521 1.7993723191320885 4.2320692725479594 3.9515436850488168 5.1814235374331528 7.429297845810658 4.319247826933859 10.191945396363741 8.225388612598179 20.522039372473955 4.6005526520311824 8.8403035216033441 5.9330584891140461 3.7484771870076719 12.457516673952343 6.5889082998037329 9.8583555333316308 7.4628318734467021 11.413394242525099 4.432873308658599 5.473324302583932 37.5518693998456 6.1943020634353161 3.1071116402745247 3.9814717918634406 15.767273701727389 3.8607000075280649 6.9983280263841152 5.0240836106240732 4.8802142813801765 13.392020963132383 6.2221073769032982 5.0666532590985289 5.2694147638976592 9.6004236042499524 4.4883081018924704 5.3230085894465438 7.5171736590564233 4.2945692017674446 8.5328741483390314 4.0924840718507758 9.3224925287067872 6.6111096031963816 12.849491953849794 7.8177693486213675 12.619521241635082 6.9640296660363674 3.4958517178893089 7.1789175942540169 3.5394049659371376 3.2578970193862915 13.10135520249605 7.9554094858467579
leaf_count=22 39 19 33 12 24 7 32 15 217 3 44 14 21 60 35 27 60 39 39 27 71 33 28 76 34 38 149 31 14 82 16 11 45 206 14 53 29 9 40 27 17 25 35 34 12 54 18 14 14 26 25 29 34 55 18 27 30 17 36 76 36
internal_value=0 -0.0210842 -0.0262582 -0.0147272 0.0126793 -0.0256881 0.00410788 -0.0055252 -0.0228183 -0.0515281 -0.00118954 0.00877208 0.00807657 0.0140394 0.0186254 0.00791569 -0.0198488 0.0210546 0.00020348 -0.0107284 -0.024142 0.00851277 -0.000801447 -0.0207122 -0.00301035 0.0228917 -0.0523626 -0.00830611 0.00287827 0.0300291 0.00251072 -0.026088 -0.0153148 -0.0515941 -0.0285534 -0.00619489 0.0312416 0.00709223 -0.0019582 -0.00747419 -0.0147535 -0.0189173 -0.0268314 0.012161 0.00488786 -0.00145999 -0.026056 0.0301022 0.00915932 0.0209397 0.0152072 0.0360623 0.0198482 0.0138026 0.0218219 -0.0126097 0 -0.0145308 -0.0276633 -0.0356892 -0.0200625
internal_weight=0 76.8839 70.1807 49.4941 13.6554 35.8386 397.636 114.664 51.7236 21.4457 30.278 26.0459 282.972 178.4 151.271 79.4312 24.9714 54.4598 16.746 27.1286 9.8846 62.9403 44.6044 24.684 18.0951 19.9203 13.1663 22.6723 18.2395 71.8398 13.6207 7.42636 12.7661 20.6867 18.2883 10.859 18.3359 9.9043 104.573 78.5611 55.4282 50.3615 35.9266 14.3467 33.9378 28.6148 11.8117 16.1613 23.1329 15.5446 16.8031 58.2191 20.6673 26.0115 12.1455 7.58834 14.4349 7.256 5.4364 26.3262 13.2248
internal_count=2427 615 596 357 72 285 1812 691 395 220 175 131 1121 674 520 313 138 175 78 154 85 296 243 177 101 66 156 129 98 207 62 46 84 239 127 67 53 38 447 352 258 241 172 68 136 124 72 46 94 53 52 145 63 95 39 41 69 39 48 137 61
is_linear=0
shrinkage=0.0388665


Tree=4
num_leaves=62
num_cat=0
split_feature=43 42 42 49 50 23 46 39 30 19 39 18 42 30 50 49 27 0 42 43 39 5 38 49 47 39 49 39 49 4 49 49 47 50 46 43 50 42 3 27 38 31 42 19 49 39 47 19 25 12 38 43 7 4 11 19 3 4 6 39 19
split_gain=21.7994 18.2571 17.2502 15.3392 18.6177 9.48557 8.36562 8.27052 8.12454 8.6871 9.30577 9.07552 7.54058 7.48964 9.58444 12.3483 17.8621 12.9859 7.01738 6.7056 6.56276 6.55363 6.64224 6.94143 6.20111 7.41273 5.89549 5.65606 7.84303 5.41585 5.66504 6.76396 4.79973 4.79557 4.59077 4.58158 8.62001 5.03607 5.24036 6.08051 8.59178 4.16489 4.10982 6.0444 5.29504 6.53997 6.0395 3.93446 3.51301 7.75405 11.1475 3.50333 3.49775 4.41745 3.30695 3.11313 3.05678 2.87811 2.83109 2.41319 2.15879
threshold=7.5000000000000009 19.000000000000004 125.00000000000001 8.5000000000000018 11.500000000000002 1.5000000000000002 7.5000000000000009 12.500000000000002 1.0000000180025095e-35 6.5000000000000009 2.5000000000000004 2.5000000000000004 10.500000000000002 1.0000000180025095e-35 3.5000000000000004 8.5000000000000018 1.0000000180025095e-35 1.0000000180025095e-35 55.000000000000007 13.500000000000002 8.5000000000000018 3.5000000000000004 4.5000000000000009 5.5000000000000009 5.5000000000000009 14.500000000000002 5.5000000000000009 6.5000000000000009 5.5000000000000009 3.5000000000000004 7.5000000000000009 10.500000000000002 10.500000000000002 3.5000000000000004 6.5000000000000009 6.5000000000000009 5.5000000000000009 75.000000000000014 2.5000000000000004 4.5000000000000009 10.500000000000002 1.5000000000000002 45.000000000000007 1.5000000000000002 6.5000000000000009 6.5000000000000009 1.5000000000000002 17.500000000000004 1.5000000000000002 1.5000000000000002 75.000000000000014 15.500000000000002 7.5000000000000009 2.5000000000000004 1.0000000180025095e-35 1.5000000000000002 1.0000000180025095e-35 1.0000000180025095e-35 1.0000000180025095e-35 6.5000000000000009 11.500000000000002
decision_type=2 2 2 2 2 2 2 2 2 2 2 2 2 2 2 2 2 2 2 2 2 2 2 2 2 2 2 2 2 2 2 2 2 2 2 2 2 2 2 2 2 2 2 2 2 2 2 2 2 2 2 2 2 2 2 2 2 2 2 2 2
left_child=7 3 6 4 12 -4 18 13 9 10 -8 33 19 14 42 16 17 21 -3 -2 26 22 -16 -24 -9 -26 -14 58 -29 -15 47 -32 -30 -11 51 37 -37 38 56 40 -40 -19 44 -44 46 52 -1 -31 49 54 -51 59 57 -54 -18 -48 -17 -46 -12 -5 -57
right_child=1 2 5 34 -6 -7 8 24 -10 11 27 -13 20 29 15 35 48 41 -20 -21 -22 -23 23 -25 25 -27 -28 28 32 30 31 -33 -34 -35 -36 36 -38 -39 39 -41 -42 -43 43 -45 45 -47 55 -49 -50 50 -52 -53 53 -55 -56 60 -58 -59 -60 -61 -62
leaf_value=0.03425396521093526 -0.043517921763890494 0.0072393299304876714 -0.055987397279410184 0 -0.060338521550485934 0.014213597437716944 -0.032967589265642312 -0.048915587708760644 0.03754259955931475 0 0.014131541497182888 0.012281653375202119 -0.047783041000018192 -0.045935118755573282 0.038089106955852561 0.015019272458122035 0.036698092520284761 -0.060417961808464683 -0.056356867781324892 0.0098069025174311909 0.029786473365948564 -0.037877146839769261 0.0081915112901567496 -0.049329264613962337 -0.039080084355157932 0.030524949355226715 0.014131051438553423 -0.041657526312116 0.023941335191511978 0.00061272165883905958 0.034417058501668651 -0.015631206916700158 -0.019100972450197685 -0.0607347339678612 -0.062482094999072223 0.03659960094762673 -0.04146862953287006 0.042777169386781548 -0.034016692419171435 0.04053082946979706 0.013693888286555492 0 0.0042764209026517402 -0.04616973522484822 -0.043767817308510072 0.019779530020307853 0.014720158613715345 -0.05119323829993129 0.048925116525679477 -0.04072129511413973 0.036719088250448097 0.0085792883554282988 0.019231091725310737 -0.023549426887053318 0 -0.03718302126258529 0.047854209017048288 0 0.045507269632277247 -0.053562287405879837 0
leaf_weight=12.737937666475775 7.6490395441651327 3.8379539176821691 10.898317627608774 2.1315596289932746 8.5696080103516561 3.0608339793980113 5.3081588931381694 6.0153997335582963 13.004689086228607 2.0148666501045209 11.630305178463461 6.0745677798986426 3.2623715661466148 4.6678386945277479 7.2778790518641534 10.483016110956671 16.974151270464066 8.6100245136767608 4.9029501564800739 5.0442844741046429 14.842714361846445 4.8399758189916602 12.694203637540342 3.3407579883933058 3.2322533354163152 4.7910946123301983 4.3691565133631229 3.8720820508897331 16.124988047406081 2.9236128702759769 8.1481665894389135 6.4051493033766738 4.0544065348803988 6.5418392196297646 16.70612682774663 3.3003627359867087 3.7318232543766499 25.411722429096699 6.900708349421623 7.015770196914672 21.532721569761634 2.596984449774026 6.0172411128878576 6.2377863079309464 8.4315909966826457 8.66046119853854 7.463537245988844 4.0381910260766745 6.3267595805227748 6.5536187179386598 3.7108658775687218 2.7997076511383057 6.1191924102604371 6.8476373702287674 5.7005419805645934 3.7521636970341206 12.88740214332938 3.0567277595400801 11.325890615582464 3.7912066653370857 3.1919670067727566
leaf_count=37 68 19 133 15 124 15 37 59 37 8 45 22 34 37 17 34 52 76 33 27 49 28 58 30 30 16 19 38 69 10 23 36 22 69 210 8 33 53 60 15 79 16 26 28 54 32 33 35 12 46 11 13 23 41 35 25 23 14 21 40 15
internal_value=0 -0.0108911 -0.000285573 -0.0262159 -0.0113957 -0.0394737 0.00596062 0.00663205 0.0101316 0.00420308 0.0118262 -0.0211924 0.00103361 0.00821658 0.0103894 0.0154285 0.00381793 -0.014292 -0.0282 -0.021656 0.0148736 0 0.00890746 -0.00438701 -0.0214167 0 -0.0121275 0.0176745 0.00346037 -0.0109923 -0.00137249 0.0115624 0.0140995 -0.0459181 -0.0500138 0.0251332 -0.00260157 0.0276551 0.0203862 0.00992953 0.000958426 -0.0482618 -0.00121564 -0.0212198 0.00277397 -0.0072483 0.0154913 -0.0291939 0.0223338 0.0157607 -0.0105694 -0.0213167 -0.0178039 -0.00214716 0.028378 -0.000805263 0.0347466 -0.0328725 0.0312691 -0.0374424 -0.0195619
internal_weight=0 171.818 102.652 69.1658 43.7372 13.9592 88.6927 282.627 79.9518 66.9471 52.3158 14.6313 35.1676 268.588 242.406 169.889 78.6258 39.3598 8.7409 12.6933 22.4742 28.1528 23.3128 16.035 14.0387 8.02335 7.63153 47.0077 24.0515 26.183 21.5151 14.5533 20.1794 8.55671 25.4286 91.2635 7.03219 84.2313 58.8196 35.4492 28.4334 11.207 72.5162 12.255 60.2612 33.1156 27.1456 6.9618 39.2659 32.9392 10.2645 8.72247 24.4551 12.9668 22.6747 14.4077 23.3704 11.4883 22.9562 5.92277 6.94413
internal_count=2427 1167 568 599 321 148 420 1260 368 331 232 99 197 1155 1014 686 381 225 52 95 102 133 105 88 105 46 53 195 129 141 104 59 91 77 278 305 41 264 211 154 139 92 328 54 274 164 110 45 156 144 57 68 132 64 87 73 57 68 66 55 40
is_linear=0
shrinkage=0.0388665


Tree=5
num_leaves=62
num_cat=0
split_feature=50 49 43 8 42 43 42 42 29 3 43 15 1 47 42 0 39 38 39 49 31 2 13 15 2 38 49 7 6 42 46 0 50 39 48 8 24 39 15 27 6 38 39 49 49 50 42 46 50 17 42 48 50 39 50 46 49 39 6 15 50
split_gain=21.5894 17.8952 15.4377 13.3842 12.1071 10.8972 10.0831 15.0795 11.8915 8.09756 17.1317 13.9206 11.4768 9.83136 9.0556 8.77537 8.77228 8.42728 7.86344 7.61858 7.52332 8.07041 8.43417 9.1283 7.06688 6.69675 5.92933 5.91044 11.6797 5.83848 5.78937 5.44771 5.2444 7.01553 4.82952 4.74838 8.16418 5.69904 5.69491 4.5441 8.9558 4.40538 4.40146 8.83946 3.86802 3.82573 3.77823 3.4731 3.46524 3.24489 3.12478 3.0641 3.0205 3.01247 2.73309 2.60513 2.42282 2.22247 2.39944 1.70207 1.44297
threshold=11.500000000000002 4.5000000000000009 10.500000000000002 1.0000000180025095e-35 7.5000000000000009 14.500000000000002 105.00000000000001 45.000000000000007 1.5000000000000002 24.500000000000004 5.5000000000000009 2.5000000000000004 1.0000000180025095e-35 6.5000000000000009 9.5000000000000018 1.5000000000000002 8.5000000000000018 35.000000000000007 6.5000000000000009 4.5000000000000009 1.5000000000000002 7.5000000000000009 1.5000000000000002 19.000000000000004 1.0000000180025095e-35 65.000000000000014 13.500000000000002 1.0000000180025095e-35 1.5000000000000002 55.000000000000007 8.5000000000000018 1.0000000180025095e-35 3.5000000000000004 7.5000000000000009 6.5000000000000009 1.0000000180025095e-35 1.0000000180025095e-35 10.500000000000002 28.000000000000004 4.5000000000000009 8.5000000000000018 65.000000000000014 5.5000000000000009 8.5000000000000018 1.5000000000000002 2.5000000000000004 45.000000000000007 -1.0000000180025095e-35 5.5000000000000009 1.5000000000000002 35.000000000000007 3.5000000000000004 4.5000000000000009 6.5000000000000009 3.5000000000000004 85.000000000000014 10.500000000000002 3.5000000000000004 1.0000000180025095e-35 11.500000000000002 3.5000000000000004
decision_type=2 2 2 2 2 2 2 2 2 2 2 2 2 2 2 2 2 2 2 2 2 2 2 2 2 2 2 2 2 2 2 2 2 2 2 2 2 2 2 2 2 2 2 2 2 2 2 2 2 2 2 2 2 2 2 2 2 2 2 2 2
left_child=5 -2 6 4 -4 9 7 8 26 10 12 13 16 19 -15 46 32 20 25 50 21 22 23 54 34 -7 -3 -16 30 56 -29 -21 33 44 -18 37 48 38 52 40 -22 -30 57 -44 -1 -13 49 -46 -37 -14 -12 -24 59 -48 -11 -9 -17 58 -34 -19 -20
right_child=1 2 3 -5 -6 18 -8 55 -10 17 11 45 15 14 27 29 24 35 60 31 39 -23 51 -25 -26 -27 -28 28 41 -31 -32 -33 42 -35 -36 36 -38 -39 -40 -41 -42 -43 43 -45 47 -47 53 -49 -50 -51 -52 -53 -54 -55 -56 -57 -58 -59 -60 -61 -62
leaf_value=0.030089447977189328 -0.062294284020252652 -0.053348311530225394 0.029812808967163203 0.023758651387287551 -0.062004691450356732 -0.03011115913427095 -0.051954495705277243 0.044585382223494958 0.040087932196120432 -0.0074974299152357352 0.02569497652927908 0 -0.049444673086106145 -0.039674860650727513 0.036472158128445883 -0.019790111004189578 -0.051512652354560165 0 -0.0063762558586904763 -0.052207517992652525 -0.046599173709700209 -0.043948162543196029 0.038464655208284432 0.030908738223542023 0.023113338627793582 0.03501954174223311 0.0051655701004885276 0.011540194499939449 0.00015027486259580738 0.04514559128569022 -0.046443823403588921 -0.0010299901556888767 0.032552411703447241 0.043684986037747668 0.00022528186375725469 0 0.029539615684160848 -0.0087083227074297651 0 0.034195533088026038 0.022383610175361793 0.044443963383449275 -0.03564103824150567 0.029508878216493836 0.0063509742415813458 -0.050662881897819492 -0.025310968298267542 -0.023324469724615889 -0.054684874817732154 -0.00033037033756615501 -0.01568887934026001 0 0.039320321909888017 0.01617268915688138 -0.055310323926615106 0.0099348471542544323 0.015848114930924657 0.047245991095641128 0.0057392654201291098 0.028136776441476045 -0.059247474166892598
leaf_weight=3.8129425570368829 11.741191215813158 8.061752010136841 1.7900202721357406 3.7594632841646662 15.46815302595496 4.1399994157254714 3.416825219988822 12.493438463658096 3.1975928880274287 4.132812440395357 4.6071041524410266 2.0580462217330959 9.2378935702145117 4.6024651899933806 11.365549631416796 5.7614855095744115 5.662352614104746 6.7001544088125211 1.9555321633815745 11.710684765130283 3.4437736049294498 7.4934880509972563 6.8533585146069509 2.9310157895088187 4.7236597202718249 3.9169941395521164 2.8274954557418814 2.9193638190627116 7.2509569041430932 4.7920525446534148 7.0355238988995552 5.1885087192058554 19.186512209475044 5.5162944644689551 3.6114301718771458 2.9147311933338624 5.9001621007919312 5.6816264726221553 8.2272551730275136 11.754730328917502 8.1783064529299718 7.3396037667989731 4.1611893698573095 7.7910763993859291 9.8502548038959574 14.799488317221401 4.3483833745121938 11.455386459827416 3.2088953517377377 3.474968008697032 4.6424433812499046 5.8641872331500053 38.583219401538372 4.5073587894439697 5.903089988976717 6.9999543428421012 4.1465945690870285 15.13328658044338 9.5569092780351621 5.4030349999666214 6.6290210820734501
leaf_count=12 151 98 4 15 227 39 42 26 7 22 16 11 75 43 31 35 47 31 11 92 31 57 15 7 18 10 19 14 42 9 67 34 48 11 18 15 18 36 35 33 33 16 33 23 38 142 26 80 25 19 33 25 89 12 60 33 18 29 31 14 76
internal_value=0 -0.0197175 -0.010138 -0.0362292 -0.0506941 0.0037482 0.00463959 0.0118869 -0.0174493 0.00525632 0.000589132 -0.0131291 0.00912003 -0.00466762 0.00698796 -0.0091889 0.0159198 0.0128004 -0.0261568 -0.0230697 0.00105814 -0.0104367 0 -0.0211864 -0.0113816 0 -0.0372944 0.0141132 0.00231957 0.0128409 -0.0281919 -0.0381713 0.0205966 0.00669235 -0.0310883 0.0211519 0 0.0252894 0.0289251 0.0179128 0 0.0246195 0.0277349 0.00471428 -0.00176677 -0.0440206 -0.024909 -0.00906282 -0.0309049 -0.038056 0.00356031 0.0221404 0.033732 -0.00276637 -0.0390752 0.0338078 -0.00318281 0.0334375 0.0245884 0.0133429 -0.0505084
internal_weight=0 69.7559 58.0147 21.0176 17.2582 370.065 36.9971 33.5802 14.0868 353.424 220.25 83.5197 136.73 66.6622 40.5135 36.2687 100.461 133.174 16.6415 26.1487 56.5548 33.178 25.6845 12.9669 13.9974 8.05699 10.8892 35.911 24.5454 14.7001 9.95489 16.8992 86.4639 30.6349 9.27378 76.6191 12.0238 64.5953 58.9137 23.3768 11.6221 14.5906 55.829 11.9523 25.1186 16.8575 21.5686 21.3056 6.12363 12.7129 9.24955 12.7175 50.6864 8.85574 10.0359 19.4934 9.90808 43.8767 28.7434 12.1032 8.58455
internal_count=2427 622 471 246 231 1805 225 183 124 1669 1123 541 582 388 213 194 388 546 136 175 283 186 129 89 83 49 117 170 139 62 81 126 305 141 65 263 58 205 169 97 64 58 164 56 130 153 132 118 40 94 49 40 134 38 82 59 53 108 79 45 87
is_linear=0
shrinkage=0.0388665


end of trees

feature_importances:
result_1=38
ninki_2=37
self_popularity=30
umaban=28
result_3=21
mf_courseout=16
ninki_1=16
result_2=16
ninki_3=15
f_courseout=14
mf_course1=13
f_lenout=13
waku=13
mf_classout=12
f_course2=10
f_course1=9
mf_course3=9
f_classout=8
mf_course2=7
f_course3=6
f_len2=4
mf_len2=4
f_mf_course1=3
mf_classout.1=3
f_mf_courseout=2
f_len1=2
f_len3=2
mf_len3=2
f_class1=2
mf_class3=2
f_mf_classout=1
f_class2=1
f_class3=1
mf_class1=1
mf_class2=1
time_df_course3=1

parameters:
[boosting: gbdt]
[objective: lambdarank]
[metric: ndcg]
[tree_learner: serial]
[device_type: cpu]
[data_sample_strategy: bagging]
[data: ]
[valid: ]
[num_iterations: 152]
[learning_rate: 0.0388665]
[num_leaves: 62]
[num_threads: 16]
[seed: 0]
[deterministic: 0]
[force_col_wise: 1]
[force_row_wise: 0]
[histogram_pool_size: -1]
[max_depth: 10]
[min_data_in_leaf: 19]
[min_sum_hessian_in_leaf: 0.001]
[bagging_fraction: 1]
[pos_bagging_fraction: 1]
[neg_bagging_fraction: 1]
[bagging_freq: 0]
[bagging_seed: 7719]
[feature_fraction: 1]
[feature_fraction_bynode: 1]
[feature_fraction_seed: 2437]
[extra_trees: 0]
[extra_seed: 11797]
[early_stopping_round: 0]
[first_metric_only: 0]
[max_delta_step: 0]
[lambda_l1: 0.44573]
[lambda_l2: 0.730789]
[linear_lambda: 0]
[min_gain_to_split: 0]
[drop_rate: 0.1]
[max_drop: 50]
[skip_drop: 0.5]
[xgboost_dart_mode: 0]
[uniform_drop: 0]
[drop_seed: 21238]
[top_rate: 0.2]
[other_rate: 0.1]
[min_data_per_group: 100]
[max_cat_threshold: 32]
[cat_l2: 10]
[cat_smooth: 10]
[max_cat_to_onehot: 4]
[top_k: 20]
[monotone_constraints: ]
[monotone_constraints_method: basic]
[monotone_penalty: 0]
[feature_contri: ]
[forcedsplits_filename: ]
[refit_decay_rate: 0.9]
[cegb_tradeoff: 1]
[cegb_penalty_split: 0]
[cegb_penalty_feature_lazy: ]
[cegb_penalty_feature_coupled: ]
[path_smooth: 0]
[interaction_constraints: ]
[verbosity: -1]
[saved_feature_importance_type: 0]
[use_quantized_grad: 0]
[num_grad_quant_bins: 4]
[quant_train_renew_leaf: 0]
[stochastic_rounding: 1]
[linear_tree: 0]
[max_bin: 255]
[max_bin_by_feature: ]
[min_data_in_bin: 3]
[bin_construct_sample_cnt: 200000]
[data_random_seed: 38]
[is_enable_sparse: 1]
[enable_bundle: 1]
[use_missing: 1]
[zero_as_missing: 0]
[feature_pre_filter: 1]
[pre_partition: 0]
[two_round: 0]
[header: 0]
[label_column: ]
[weight_column: ]
[group_column: ]
[ignore_column: ]
[categorical_feature: ]
[forcedbins_filename: ]
[precise_float_parser: 0]
[parser_config_file: ]
[objective_seed: 8855]
[num_class: 1]
[is_unbalance: 0]
[scale_pos_weight: 1]
[sigmoid: 1]
[boost_from_average: 1]
[reg_sqrt: 0]
[alpha: 0.9]
[fair_c: 1]
[poisson_max_delta_step: 0.7]
[tweedie_variance_power: 1.5]
[lambdarank_truncation_level: 30]
[lambdarank_norm: 1]
[label_gain: ]
[lambdarank_position_bias_regularization: 0]
[eval_at: 1,3,5]
[multi_error_top_k: 1]
[auc_mu_weights: ]
[num_machines: 1]
[local_listen_port: 12400]
[time_out: 120]
[machine_list_filename: ]
[machines: ]
[gpu_platform_id: -1]
[gpu_device_id: -1]
[gpu_use_dp: 0]
[num_gpu: 1]

end of parameters

pandas_categorical:[]
