tree
version=v4
num_class=1
num_tree_per_iteration=1
label_index=0
max_feature_idx=49
objective=lambdarank
feature_names=f_course1 f_course2 f_course3 f_courseout mf_course1 mf_course2 mf_course3 mf_courseout f_mf_course1 f_mf_course2 f_mf_course3 f_mf_courseout f_len1 f_len2 f_len3 f_lenout mf_len1 mf_len2 mf_len3 mf_classout f_mf_len1 f_mf_len2 f_mf_len3 f_mf_classout f_class1 f_class2 f_class3 f_classout mf_class1 mf_class2 mf_class3 mf_classout.1 f_mf_class1 f_mf_class2 f_mf_class3 f_mf_classout.1 time_df_course1 time_df_class1 ninki_1 result_1 time_df_course2 time_df_class2 ninki_2 result_2 time_df_course3 time_df_class3 ninki_3 result_3 waku umaban
feature_infos=[0:26] [0:23] [0:25] [0:177] [0:33] [0:28] [0:27] [0:267] [0:3] [0:4] [0:5] [0:16] [0:9] [0:9] [0:12] [0:75] [0:7] [0:6] [0:8] [0:64] [0:2] [0:3] [0:5] [0:6] [0:3] [0:5] [0:5] [0:17] [0:3] [0:4] [0:4] [0:16] none [0:1] [0:2] [0:6] [-1:0] [-1:0] [-1:180] [-1:140] [-1:0] [-1:0] [-1:180] [-1:150] [-1:0] [-1:0] [-1:180] [-1:160] [1:8] [1:16]
tree_sizes=4732 4622 4843 4834 4131 5791 5472 4851 4214 4636 4642 4008

Tree=0
num_leaves=44
num_cat=0
split_feature=43 39 38 39 46 46 3 27 19 7 48 47 47 39 38 19 4 19 42 38 48 38 43 4 5 42 49 48 5 49 7 4 39 15 18 46 39 3 31 49 43 15 47
split_gain=95.7783 34.4338 21.0208 19.6846 17.3339 11.6069 9.05473 7.4493 6.63051 13.0152 6.51437 6.15612 8.96834 5.24547 5.12982 5.11059 5.6759 5.05823 4.27339 5.46576 4.47343 5.24862 3.85801 3.67521 7.12956 3.36797 5.27827 2.93843 4.50999 3.24747 2.92326 2.83437 2.33304 2.29798 2.24857 2.70881 2.08071 1.75334 0.796618 0.832065 0.285163 0.0201413 0.0875524
threshold=5.5000000000000009 8.5000000000000018 19.000000000000004 5.5000000000000009 65.000000000000014 7.5000000000000009 10.500000000000002 1.5000000000000002 4.5000000000000009 24.500000000000004 1.5000000000000002 -1.0000000180025095e-35 3.5000000000000004 1.5000000000000002 75.000000000000014 25.500000000000004 19.000000000000004 2.5000000000000004 85.000000000000014 9.5000000000000018 5.5000000000000009 55.000000000000007 7.5000000000000009 1.0000000180025095e-35 3.5000000000000004 6.5000000000000009 7.5000000000000009 3.5000000000000004 1.0000000180025095e-35 4.5000000000000009 38.500000000000007 1.0000000180025095e-35 9.5000000000000018 2.5000000000000004 4.5000000000000009 5.5000000000000009 10.500000000000002 90.500000000000014 1.0000000180025095e-35 11.500000000000002 1.5000000000000002 5.5000000000000009 8.5000000000000018
decision_type=2 2 2 2 2 2 2 2 2 2 2 2 2 2 2 2 2 2 2 2 2 2 2 2 2 2 2 2 2 2 2 2 2 2 2 2 2 2 2 2 2 2 2
left_child=1 15 8 13 5 -5 11 17 9 10 -2 -3 -13 -4 23 18 -17 -7 19 27 21 -21 -6 -15 -25 -12 -27 29 -29 -1 -16 -22 -8 -20 35 36 -10 -9 39 -24 -34 -37 -43
right_child=2 6 3 4 22 7 32 37 34 -11 25 12 -14 14 30 16 -18 -19 33 20 31 -23 38 24 -26 26 -28 28 -30 -31 -32 -33 40 -35 -36 41 -38 -39 -40 -41 -42 42 -44
leaf_value=0.024868191048032111 0.0028263061108699233 -0.08178679092146586 -0.055953647184841852 -0.13320192056514271 -0.045138591492232205 -0.027011475254492965 -0.028330280886193351 -0.13044713118549858 -0.12161030625494387 0.11858615402358841 -0.0248187348464067 0.093353696757654606 -0.059652559593051879 0.092493888664145346 -0.065075241742155079 -0.069687898266746956 0.080984981024982555 0.063938375134885178 0.045079729176004099 0.071850798918334194 0.062970988955491594 -0.010187646124517717 -0.12479467856434583 -0.062023575082236944 0.075103788128762755 -0.061922479522551491 -0.13269612564257133 -0.056262654921261888 0.041954127887739348 0.11375084328536038 0.04203277710104325 0.1104195698815492 -0.13692257553561293 -0.049245859286833019 -0.039395773963914894 -0.14598253466101413 -0.017130742842161838 -0.027219867598859498 -0.14606618428038615 -0.063511843066257595 -0.10081628891309739 -0.11208399838554348 -0.14162858228635702
leaf_weight=4.769655145704748 5.2741530314087859 3.7005428224802026 3.5094474256038692 3.5572065189480808 4.2606609314680126 4.8976921811699894 2.0021801292896253 1.9355499111115926 2.2211918979883256 2.0826009251177302 4.1817371211946037 5.340540699660778 3.5055766850709915 9.5518985651433521 3.3566680476069441 3.3074136786162844 2.3733050897717476 10.840932697057722 3.2605467215180388 32.907981526106596 9.7798031419515592 4.9356372579932204 4.6722648516297323 3.2536970414221269 5.8776363022625446 11.672096081078054 12.054039899259804 3.6823685541748992 8.6681638285517675 4.4903486184775829 2.411588329821825 26.929778255522251 3.7294825799763203 2.5383600704371929 2.0264726914465419 8.3947624787688238 2.1058035381138325 1.8329322822391985 6.8516077175736427 1.9070428721606729 2.9394737556576729 2.0983947925269595 3.1520007625222206
leaf_count=42 48 47 45 55 49 54 25 32 35 6 48 27 44 49 44 47 16 69 26 209 76 51 72 44 38 141 184 48 69 16 19 108 58 32 23 130 22 20 106 27 46 33 47
internal_value=0 0.0449669 -0.0467371 -0.019193 -0.0522259 -0.00958471 -0.0416966 0.0129121 -0.0809454 -0.0613791 -0.0727566 -0.00108485 0.0325148 0.0288917 0.041159 0.0620682 -0.00639214 0.0355207 0.0659004 0.0696458 0.0792286 0.0611031 -0.107683 0.0601344 0.0260306 -0.0871024 -0.0979903 0.0364843 0.0125044 0.0682303 -0.0199841 0.0978459 -0.100191 0.00346503 -0.115316 -0.123752 -0.0713169 -0.0808953 -0.127347 -0.107413 -0.121429 -0.140192 -0.130367
internal_weight=0 128.861 123.98 68.7168 40.7559 23.0643 21.2178 19.5071 55.2633 35.2646 33.182 12.5467 8.84612 27.9609 24.4515 107.643 5.68072 15.7386 101.963 96.1637 74.5532 37.8436 17.6916 18.6832 9.13133 27.9079 23.7261 21.6105 12.3505 9.26 5.76826 36.7096 8.67114 5.79891 19.9986 17.9722 4.327 3.76848 13.4309 6.57931 6.66896 13.6452 5.2504
internal_count=2427 987 1440 723 484 230 247 175 717 427 421 118 71 239 194 740 63 123 677 619 444 260 254 131 82 373 325 175 117 58 63 184 129 58 290 267 57 52 205 99 104 210 80
is_linear=0
shrinkage=0.0744873


Tree=1
num_leaves=43
num_cat=0
split_feature=43 15 42 42 38 35 49 3 46 43 3 3 48 38 19 3 42 46 19 24 31 4 38 4 27 49 4 15 2 3 43 42 19 39 3 27 47 46 24 46 42 49
split_gain=54.0571 19.2111 17.6217 19.2806 15.488 14.1773 12.5965 13.204 11.4592 12.9086 11.235 19.019 11.2334 10.911 8.75844 8.48959 9.20423 8.08903 12.497 7.48158 6.10721 5.56041 5.27736 4.96997 6.30784 4.48967 6.29821 4.89444 5.75466 8.45737 4.30048 4.03096 3.834 3.18503 2.71029 8.73528 2.62243 2.61387 2.37632 0.293441 0.151743 0.0660707
threshold=5.5000000000000009 31.500000000000004 16.500000000000004 125.00000000000001 65.000000000000014 1.0000000180025095e-35 11.500000000000002 1.5000000000000002 45.000000000000007 3.5000000000000004 14.500000000000002 2.5000000000000004 6.5000000000000009 115.00000000000001 24.500000000000004 90.500000000000014 12.500000000000002 55.000000000000007 1.0000000180025095e-35 1.0000000180025095e-35 7.5000000000000009 1.0000000180025095e-35 19.000000000000004 1.5000000000000002 1.0000000180025095e-35 13.500000000000002 3.5000000000000004 37.000000000000007 1.0000000180025095e-35 4.5000000000000009 2.5000000000000004 25.000000000000004 4.5000000000000009 5.5000000000000009 23.500000000000004 2.5000000000000004 2.5000000000000004 6.5000000000000009 1.0000000180025095e-35 55.000000000000007 85.000000000000014 10.500000000000002
decision_type=2 2 2 2 2 2 2 2 2 2 2 2 2 2 2 2 2 2 2 2 2 2 2 2 2 2 2 2 2 2 2 2 2 2 2 2 2 2 2 2 2 2
left_child=1 4 20 5 6 12 7 21 23 -10 11 31 13 14 -4 16 -9 36 -19 -3 25 22 -1 24 -6 27 37 28 29 -2 -23 -8 -13 -5 -12 -36 -14 -27 -30 -7 -15 -35
right_child=2 19 3 33 8 39 10 15 9 -11 34 32 17 40 -16 -17 -18 18 -20 -21 -22 30 -24 -25 -26 26 -28 -29 38 -31 -32 -33 -34 41 35 -37 -38 -39 -40 -41 -42 -43
leaf_value=0.053123589363203966 -0.076230222227922584 -0.13674751158511159 0.0035304182131848157 -0.054986756584482883 -0.098574086566247332 -0.097502482018811093 0.033387445658259012 0.017739900456328686 0.068065054730257452 -0.068648783378034275 0.10682446643165085 -0.085222450265968697 0.032237190333339626 -0.10355688817980881 -0.10357398400356839 0.065012136272659476 -0.025299596809462713 0.079407336796286976 -0.086305895420470471 -0.018211000670578435 0.02757387204656855 0.039616948473401817 -0.019534600377750642 -0.12953167142256705 0.027268083702404765 -0.010415551775795761 0.054297949325335784 0.019333142519617649 -0.11727716524405885 0.022884186235441781 0.093449467930734539 0.092860128650153126 -0.0060355289883302415 -0.13514582675459014 0.025401803119264967 0.11297088072103516 0.087095030547606742 -0.11188484904543085 -0.05608353240848548 -0.13694514034548544 -0.13829263747307199 -0.10872205729192586
leaf_weight=11.952382463961841 24.883017808198932 5.5001001954078657 54.773799307644367 5.7881510928273183 4.7005300018936413 2.7926613725721827 12.719920206815006 61.036412594839931 10.106026528403165 6.1527775656431904 14.985912725329397 6.7655796743929368 7.7606069780886235 2.1948567088693371 4.5810090750455847 11.691148793324826 50.253195425495505 4.4920380525290948 5.7347038798034191 6.4663755353540182 4.0834806337952605 16.026861216872931 10.28922877460718 5.6424488909542552 4.1266153361648321 2.5455571040511114 3.8909731544554234 2.9402398262172929 19.701997291296724 5.8743406105786553 17.335839755833149 12.856212936341761 6.9050107598304749 5.7786214724183083 13.580673368647696 11.935488373041151 13.474078919738529 3.2735378872603178 4.4703711923211804 2.7776798009872437 2.4980745762586594 1.8384785540401933
leaf_count=37 220 23 302 44 41 28 32 195 38 51 20 33 34 27 34 27 183 19 51 33 25 42 38 41 21 22 22 21 231 41 29 22 23 87 37 21 36 51 46 36 33 30
internal_value=0 0.0195113 -0.0315521 -0.0133976 0.0233454 -0.00224384 0.0292953 0.0182869 -0.0266105 0.0162079 0.0539196 0.0254421 0.0044792 -0.0134035 -0.00471881 0.00465039 -0.0016788 0.0409357 -0.0133337 -0.0729039 -0.060524 0.0484089 0.0194345 -0.0748307 -0.0395679 -0.065877 -0.018735 -0.0737517 -0.0787696 -0.05724 0.0676605 0.0633744 -0.0453869 -0.09731 0.0814583 0.0664586 0.0671529 -0.0678897 -0.106059 -0.117676 -0.122651 -0.129135
internal_weight=0 301.029 186.148 114.485 289.062 101.08 258.334 178.585 30.7284 16.2588 79.7488 39.2467 95.5092 64.0477 59.3548 122.981 111.29 31.4614 10.2267 11.9665 71.6635 55.6043 22.2416 14.4696 8.82715 67.58 9.71007 57.87 54.9297 30.7574 33.3627 25.5761 13.6706 13.4053 40.5021 25.5162 21.2347 5.81909 24.1724 5.57034 4.69293 7.6171
internal_count=2427 987 1440 761 931 600 739 551 192 89 188 110 536 396 336 405 378 140 70 56 679 146 75 103 62 654 95 559 538 261 71 54 56 161 78 58 70 73 277 64 60 117
is_linear=0
shrinkage=0.0744873


Tree=2
num_leaves=45
num_cat=0
split_feature=43 39 38 38 43 48 7 39 49 20 3 3 14 46 3 39 48 49 48 49 3 3 42 16 12 15 13 43 2 3 31 15 7 17 15 2 9 46 19 15 39 47 31 6
split_gain=39.4637 20.4404 11.134 9.95872 14.9668 9.80549 9.82992 9.85131 9.4185 12.3335 11.6969 8.64064 7.86085 6.85927 9.34215 7.17338 6.72309 9.93567 8.20033 6.43477 8.24027 8.00981 5.31316 5.29763 4.90777 6.59954 12.3144 5.40298 4.44061 5.63483 4.42318 4.16385 3.98038 5.38782 3.48606 2.3892 2.28464 1.97709 1.84705 0.997146 0.961474 0.272457 0.200039 0.110342
threshold=9.5000000000000018 8.5000000000000018 85.000000000000014 9.5000000000000018 3.5000000000000004 5.5000000000000009 5.5000000000000009 1.5000000000000002 13.500000000000002 1.0000000180025095e-35 5.5000000000000009 10.500000000000002 1.5000000000000002 25.000000000000004 19.500000000000004 3.5000000000000004 5.5000000000000009 1.5000000000000002 7.5000000000000009 9.5000000000000018 14.500000000000002 2.5000000000000004 25.000000000000004 1.5000000000000002 4.5000000000000009 2.5000000000000004 1.0000000180025095e-35 11.500000000000002 1.0000000180025095e-35 9.5000000000000018 1.0000000180025095e-35 17.500000000000004 2.5000000000000004 1.0000000180025095e-35 2.5000000000000004 1.0000000180025095e-35 1.0000000180025095e-35 12.500000000000002 9.5000000000000018 1.5000000000000002 2.5000000000000004 3.5000000000000004 1.5000000000000002 5.5000000000000009
decision_type=2 2 2 2 2 2 2 2 2 2 2 2 2 2 2 2 2 2 2 2 2 2 2 2 2 2 2 2 2 2 2 2 2 2 2 2 2 2 2 2 2 2 2 2
left_child=1 3 16 4 11 6 13 38 9 24 -10 32 -9 15 -15 -5 17 -3 35 -7 21 -21 37 -22 25 26 27 -2 41 -30 34 -13 -1 -34 -6 -18 40 -12 -8 -4 -27 -19 -32 -41
right_child=8 2 39 5 30 19 7 12 10 -11 22 31 -14 14 -16 -17 18 28 -20 20 23 -23 -24 -25 -26 36 -28 -29 29 -31 42 -33 33 -35 -36 -37 -38 -39 -40 43 -42 -43 -44 -45
leaf_value=0.085245583142867426 -0.021544055723652228 0.059644889208619677 -0.067845265064068794 0.095149939758829322 0.0080320719809021494 0.083425675370484106 -0.10025858781187591 0.019139548688924951 0.064746138791089258 0.062217360634679468 -0.045379648156519486 -0.053219145523357284 -0.051037407660249084 -0.0314775203191573 0.070882242531452103 0.019890263411944775 0.074832888962048663 -0.13172137184387034 -0.067534005084370477 0.032093175477463501 0.065193588674706995 -0.042374799269503188 -0.11027122676165005 0.0055247108042157005 0.035188877944023755 -0.065760043653379868 0.061595869761201336 -0.082428318155417193 0.037978057300663212 -0.076347592614965196 -0.086814080251718384 0.025921684414941228 -0.022928430300008368 0.063176624727140723 -0.079888111241068455 0.013754048755682714 -0.027622320024398635 0.034792969718584088 -0.038082971280017613 -0.12841067114675542 -0.11006915185653873 -0.097098159712610432 -0.11438253362959838 -0.10081804272382723
leaf_weight=8.8657810650765914 12.065797785297034 4.2163034379482296 3.5129315666854364 15.653489973396065 5.807358246296646 18.329063430428505 5.7238512113690359 47.81042167916894 9.2209965884685534 4.6938255466520777 3.4900525584816915 10.308945748955013 10.853908888995646 13.69317861646414 7.7296618912369004 12.885445842519401 7.5507980883121508 3.3635837920010117 4.6688499860465518 24.167080629616976 42.57978730276227 11.968650072813032 4.5598778016865253 10.327384203672407 2.7293551396578541 3.4722840674221578 4.9936047308146945 25.140318857505918 3.6150491796433908 6.9480746630579233 3.6314521897584182 5.6994671672582617 7.5316095240414169 8.6084622219204885 4.343413271009922 6.875234417617321 2.5170174613595 3.3103360794484615 5.1990953795611858 4.2305882591754198 19.573756713420153 3.4269403237849474 4.7922295276075602 2.3834600932896137
leaf_count=26 97 15 40 32 40 35 30 190 41 21 30 52 60 71 27 54 27 24 42 59 108 75 50 40 17 35 21 259 17 81 24 22 35 25 35 42 27 22 23 60 278 38 47 33
internal_value=0 0.0119814 -0.0315515 0.0197059 -0.00736934 0.0268238 0.0121271 -0.00594883 -0.0421969 -0.0544185 0.00236532 0.0177188 0.00611904 0.0373367 0.0053837 0.0612497 -0.0140867 -0.0426009 0.0180326 0.043168 0.0348535 0.00737378 -0.0481187 0.0535835 -0.0622172 -0.0661714 -0.0479763 -0.0627422 -0.0675648 -0.0370501 -0.0628473 -0.0249301 0.0450941 0.0228927 -0.0294439 0.0458751 -0.0961108 -0.00609028 -0.0708835 -0.101431 -0.103499 -0.114659 -0.102813 -0.118884
internal_weight=0 337.302 50.7918 286.51 59.5887 226.921 119.549 69.5873 95.7672 75.186 20.5813 41.0143 58.6643 49.9618 21.4228 28.5389 40.6648 21.57 19.0949 107.372 89.0429 36.1357 11.3603 52.9072 70.4921 67.7628 42.1997 37.2061 17.3536 10.5631 18.5745 16.0084 25.0059 16.1401 10.1508 14.426 25.5631 6.80039 10.9229 10.127 23.046 6.79052 8.42368 6.61405
internal_count=2427 1529 419 1110 306 804 487 303 898 755 143 160 250 184 98 86 286 175 111 317 282 134 102 148 734 717 377 356 160 98 146 74 86 60 75 69 340 52 53 133 313 62 71 93
is_linear=0
shrinkage=0.0744873


Tree=3
num_leaves=45
num_cat=0
split_feature=43 39 31 49 15 3 1 15 38 18 31 1 24 31 7 38 38 42 42 13 4 48 49 38 49 39 6 19 39 4 39 42 2 46 19 26 49 1 42 38 39 43 39 49
split_gain=33.8146 16.4426 7.25726 8.49798 7.04432 6.80835 8.0618 6.96259 7.09284 8.22322 6.93219 10.0716 7.01198 6.85383 6.54989 6.26263 8.4868 5.99862 10.4657 5.84258 5.32687 4.62966 6.39914 3.86412 3.86395 4.74709 3.63115 6.27412 9.95022 7.1234 5.123 4.26262 3.34876 2.55812 2.27016 2.22985 1.94159 1.60543 0.602213 0.591978 0.555601 1.0074 0.237968 0.0401289
threshold=9.5000000000000018 8.5000000000000018 2.5000000000000004 13.500000000000002 3.5000000000000004 1.5000000000000002 2.5000000000000004 31.500000000000004 7.5000000000000009 1.5000000000000002 2.5000000000000004 1.0000000180025095e-35 1.0000000180025095e-35 1.0000000180025095e-35 29.500000000000004 95.000000000000014 115.00000000000001 25.000000000000004 16.500000000000004 3.5000000000000004 2.5000000000000004 5.5000000000000009 3.5000000000000004 3.5000000000000004 9.5000000000000018 9.5000000000000018 10.500000000000002 2.5000000000000004 3.5000000000000004 1.0000000180025095e-35 2.5000000000000004 35.000000000000007 11.500000000000002 11.500000000000002 1.5000000000000002 1.5000000000000002 8.5000000000000018 1.5000000000000002 95.000000000000014 55.000000000000007 10.500000000000002 4.5000000000000009 4.5000000000000009 7.5000000000000009
decision_type=2 2 2 2 2 2 2 2 2 2 2 2 2 2 2 2 2 2 2 2 2 2 2 2 2 2 2 2 2 2 2 2 2 2 2 2 2 2 2 2 2 2 2 2
left_child=1 5 3 15 21 26 10 8 14 -10 12 -12 13 -7 -8 23 -17 18 20 40 -5 22 -3 -2 25 -25 27 28 29 -1 -29 -30 42 -26 -23 -9 39 -13 -18 -24 41 -6 -4 -42
right_child=2 4 32 17 19 6 7 35 9 -11 11 37 -14 -15 -16 16 38 -19 -20 -21 -22 34 36 24 33 -27 -28 30 31 -31 -32 -33 -34 -35 -36 -37 -38 -39 -40 -41 43 -43 -44 -45
leaf_value=0.038330940817611778 -0.11769875608854558 0.018993665254176353 -0.08694876902158663 -0.063586133587676369 -0.048144701459083603 -0.0053685216139219439 -0.064941040872949024 -0.079774539719570839 0.0520434787916009 -0.0062389359748431412 0.021250610053593039 -0.059610055766417154 -0.072901641414768431 0.044398633105210993 0.047391672116901915 0.0474025522886308 -0.052077626019505843 -0.060497593323951111 0.12350563800363497 -0.00045044982356099328 0.05996231256930834 -0.012805246032014285 -0.076791665838966905 -0.015771599433282577 -0.051553396444728547 -0.077132023205527991 0.080954931440833114 -0.055015086349818033 -0.043038367770021256 0.10847932953911862 0.022040769565955257 0.032844707839712273 -0.011507077276906117 -0.12878496501092834 0.047605512215255337 0.0017896725855275095 -0.020685574843630785 -0.11927482309502184 -0.11035725616119377 -0.12616630666167875 -0.10233307466954021 -0.11364062617355379 -0.11807344892976193 -0.1244819765441946
leaf_weight=18.309815444052219 5.3765677399933329 6.4246958903968361 2.4687734730541688 4.7743199337273854 2.9535286501050013 45.040628507733345 7.4843761920928937 4.1642752438783637 61.593695104122162 17.105780782178044 7.1173861585557487 4.689797241240738 5.9171712249517432 23.245516903698444 4.6537688709795475 7.9551702160388214 2.1513183303177357 4.4875125512480727 5.0172659195959559 4.928561767563223 3.236002292484045 5.8205347321927539 3.1132662631571275 20.208585031330589 4.7974624224007112 10.779831340536473 9.0879856348037702 6.9470239002257612 7.481676738709214 14.485156800597904 15.335234325379131 9.0811999198049289 2.3485730979591599 4.9766337797045708 8.3250197153538448 3.2769624479115009 2.3474623076617718 5.9041926898062229 2.1845063343644142 3.0091701708734035 3.003944331780076 2.5836541578173637 7.9158082809299231 3.071036871522665
leaf_count=55 77 38 31 49 27 237 48 39 182 75 27 31 35 91 20 47 28 44 8 46 12 40 37 163 53 131 25 34 44 26 51 33 19 64 45 20 23 37 44 41 45 35 128 42
internal_value=0 0.0113903 -0.0406505 -0.0318817 -0.0299821 0.0183584 0.010651 0.025484 0.0311709 0.039353 -0.00519 -0.0470584 0.00478311 0.0115496 -0.0217196 -0.0455293 0.00157431 0.0135426 0.0392093 -0.0687831 -0.0134372 -0.00780546 -0.0368257 -0.0581147 -0.0501881 -0.0371909 0.0364913 0.0308164 0.0456267 0.0693903 -0.00191324 -0.0013272 -0.0927518 -0.0911409 0.0226265 -0.0436496 -0.0793582 -0.0931028 -0.0820181 -0.101497 -0.0976072 -0.0791608 -0.110926 -0.113987
internal_weight=0 316.503 88.6783 75.9452 45.5809 270.922 190.194 98.2789 90.8376 78.6995 91.9147 17.7114 74.2033 68.2861 12.1381 58.4301 12.291 17.5151 13.0276 16.5407 8.01032 29.0401 14.8946 46.1391 40.7625 30.9884 80.7281 71.6401 49.3578 32.795 22.2823 16.5629 12.7332 9.7741 14.1456 7.44124 8.4699 10.594 4.33582 6.12244 11.6122 5.53718 10.3846 6.07498
internal_count=2427 1529 898 720 419 1110 842 384 325 257 458 95 363 328 68 607 119 113 69 195 61 224 139 488 411 294 268 243 158 81 85 77 178 117 85 59 101 68 72 78 149 62 159 87
is_linear=0
shrinkage=0.0744873


Tree=4
num_leaves=38
num_cat=0
split_feature=43 42 42 35 42 38 15 16 4 42 3 43 3 1 39 46 6 1 13 46 6 38 43 38 7 38 38 46 38 7 17 39 4 19 0 49 38
split_gain=30.1264 14.0673 13.6711 10.3858 9.70599 7.76527 7.89584 8.38237 7.87839 6.85686 7.60914 11.6842 9.30115 8.69956 5.18364 5.04528 4.70474 4.55676 10.0996 4.92108 4.03843 3.5898 3.47033 9.84303 4.54131 3.50032 3.32055 4.51555 4.01561 3.74837 2.98148 1.64896 1.64212 1.55181 0.428238 0.194984 0.110007
threshold=5.5000000000000009 16.500000000000004 125.00000000000001 1.0000000180025095e-35 85.000000000000014 75.000000000000014 9.5000000000000018 1.0000000180025095e-35 2.5000000000000004 75.000000000000014 1.5000000000000002 3.5000000000000004 57.500000000000007 1.5000000000000002 3.5000000000000004 19.000000000000004 1.5000000000000002 4.5000000000000009 1.0000000180025095e-35 11.500000000000002 1.0000000180025095e-35 1.0000000180025095e-35 2.5000000000000004 19.000000000000004 2.5000000000000004 35.000000000000007 19.000000000000004 10.500000000000002 11.500000000000002 1.0000000180025095e-35 1.0000000180025095e-35 5.5000000000000009 1.0000000180025095e-35 1.0000000180025095e-35 5.5000000000000009 9.5000000000000018 4.5000000000000009
decision_type=2 2 2 2 2 2 2 2 2 2 2 2 2 2 2 2 2 2 2 2 2 2 2 2 2 2 2 2 2 2 2 2 2 2 2 2 2
left_child=4 17 3 5 9 6 7 -3 20 10 22 13 15 21 -15 -13 -10 18 26 -20 -7 -12 23 33 -25 -24 27 28 -2 -29 32 -4 -6 -1 -19 -5 -36
right_child=1 2 31 35 30 8 -8 -9 16 -11 11 12 -14 14 -16 -17 -18 34 19 -21 -22 -23 25 24 -26 -27 -28 29 -30 -31 -32 -33 -34 -35 36 -37 -38
leaf_value=0.070744612820394043 -0.032011249873318624 0.027277878787178658 -0.050767012574412698 -0.091268776492741371 -0.038711201988652529 -0.091634559748461478 0.072439746186228976 -0.050834524546512716 0.081105250685499425 0.085625313602435846 -0.067823161237872381 -0.11545460300912108 0.031049524681818635 0.048031952795842957 0.0065833630272034488 -0.034799863924839546 -0.011482906788647334 -0.07251200188323835 -0.045336584142691323 0.055596767802567344 -0.011657629899402793 -0.00088177227195206109 0.032591529875087441 -0.07253283805705435 0.011275173134258101 0.085143532830083246 0.0099102240605781749 -0.033635845306900856 -0.11983125978655951 -0.11965936380744328 0.0057318498933090411 -0.11379287798643878 -0.10232416653463521 0.032683276881922907 -0.092486006661727252 -0.12907519701254963 -0.12189854310287637
leaf_weight=13.254538290202619 18.125955415889624 30.295831006020308 3.9157358109951002 2.4124574624001971 5.3152922429144365 9.2037896718829888 14.064646622166036 10.16748004965484 4.3119719438254824 8.7941307909786683 5.1425700262188903 6.8924021720886293 8.0079601034522039 48.765473838895559 25.661048280075192 11.722488598898051 10.231794595718382 2.2313465140759927 4.2988948281854373 7.0445384420454502 5.7479857467114917 32.853364814072847 14.335638128221037 6.1422653663903466 8.5324729084968549 14.130172051489351 3.213384620845317 3.7757429387420407 3.4620561227202407 11.878167815506457 4.669606188312172 6.186636671423912 4.1058765258640051 11.26629403606057 1.8294990584254263 2.0233555100858212 4.5670051202178001
leaf_count=28 183 142 44 40 33 107 50 87 15 24 37 48 32 152 145 70 82 29 50 36 53 165 42 34 45 32 26 43 45 174 32 117 26 42 24 24 69
internal_value=0 -0.0249229 -0.00755128 0.00180687 0.017259 0.00769599 0.0243654 0.00759849 -0.0230568 0.0211812 0.0184273 0.00844026 -0.0359001 0.0189587 0.033768 -0.0648001 0.0158739 -0.0532225 -0.0447986 0.0171795 -0.0610345 -0.010003 0.0389203 0.024456 -0.023701 0.0587595 -0.0622219 -0.0684955 -0.0462208 -0.0990562 -0.0425748 -0.089607 -0.066695 0.0533487 -0.103492 -0.109137 -0.113904
internal_weight=0 158.988 98.5617 88.4593 229.592 84.0235 54.528 40.4633 29.4955 215.501 206.707 139.045 26.6229 112.422 74.4265 18.6149 14.5438 60.4266 51.7987 11.3434 14.9518 37.9959 67.6614 39.1956 14.6747 28.4658 40.4553 37.2419 21.588 15.6539 14.0908 10.1024 9.42117 24.5208 8.62785 4.43581 6.3965
internal_count=2427 1440 761 600 987 536 279 229 257 896 872 649 150 499 297 118 97 679 557 86 160 202 223 149 79 74 471 445 228 217 91 161 59 70 122 64 93
is_linear=0
shrinkage=0.0744873


Tree=5
num_leaves=54
num_cat=0
split_feature=43 48 39 12 38 39 39 38 39 46 7 4 46 47 48 19 2 0 3 14 48 2 4 19 2 39 47 48 39 39 49 47 5 5 12 48 43 31 39 38 46 46 42 2 18 47 29 39 7 27 43 46 2
split_gain=23.8742 8.16702 7.9203 10.8991 8.38513 7.66693 13.6545 7.55088 8.63546 10.9146 7.72883 6.93276 6.76459 6.49501 6.15376 5.64401 11.4038 5.80727 5.59212 5.32654 5.04182 7.22085 4.92759 6.84566 4.68545 5.24632 4.35878 4.33401 6.71812 4.30414 4.12325 4.07951 8.12748 6.61654 4.05332 3.94465 3.86004 3.3778 3.11769 2.85055 2.74257 2.52804 2.48263 2.28797 2.20818 1.56256 1.31077 1.266 1.01841 1.01641 0.954239 0.583291 0.996485
threshold=7.5000000000000009 5.5000000000000009 4.5000000000000009 1.0000000180025095e-35 19.000000000000004 7.5000000000000009 8.5000000000000018 19.000000000000004 5.5000000000000009 55.000000000000007 1.0000000180025095e-35 1.0000000180025095e-35 2.5000000000000004 1.5000000000000002 3.5000000000000004 17.500000000000004 1.5000000000000002 4.5000000000000009 3.5000000000000004 1.0000000180025095e-35 7.5000000000000009 1.0000000180025095e-35 1.5000000000000002 5.5000000000000009 7.5000000000000009 2.5000000000000004 7.5000000000000009 6.5000000000000009 10.500000000000002 3.5000000000000004 3.5000000000000004 2.5000000000000004 1.0000000180025095e-35 1.0000000180025095e-35 4.5000000000000009 1.5000000000000002 3.5000000000000004 1.0000000180025095e-35 12.500000000000002 55.000000000000007 45.000000000000007 1.0000000180025095e-35 10.500000000000002 3.5000000000000004 1.0000000180025095e-35 3.5000000000000004 1.0000000180025095e-35 2.5000000000000004 13.500000000000002 1.5000000000000002 11.500000000000002 9.5000000000000018 1.0000000180025095e-35
decision_type=2 2 2 2 2 2 2 2 2 2 2 2 2 2 2 2 2 2 2 2 2 2 2 2 2 2 2 2 2 2 2 2 2 2 2 2 2 2 2 2 2 2 2 2 2 2 2 2 2 2 2 2 2
left_child=1 2 3 26 41 12 -7 10 20 13 14 18 -4 -10 -2 17 -17 22 36 38 21 29 37 -24 25 -20 31 34 43 -9 -6 32 -1 -33 51 -8 -3 -13 -15 -37 -23 -5 -27 47 -19 -14 -18 -29 50 -47 -11 52 -12
right_child=7 11 5 4 30 6 35 8 9 48 27 15 45 19 -16 16 46 44 24 -21 -22 40 23 -25 -26 42 -28 28 -30 -31 -32 33 -34 -35 -36 39 -38 -39 -40 -41 -42 -43 -44 -45 -46 49 -48 -49 -50 -51 -52 -53 -54
leaf_value=0.067398842621277683 0.054382744717008727 -0.0080168330862037864 0.0056827941753548154 -0.02605052130821256 0.057475521205834643 0.054929343731161352 0.018256634731864538 -0.10851364309726563 -0.09197613457797861 -0.044526732322974341 -0.052816901302519384 0.030955624408768315 -0.053936141640846869 -0.00070389569484140594 -0.065914251586623285 0.053006877044722005 -0.036919722408105288 0.054498773028421432 -0.00039442805069900792 -0.054541669673717118 0.082098889379416728 0.065026554022665911 -0.045608367953694065 0.036800089423349544 0.039706709372905373 -0.028633735153604681 0.079986972468744366 -0.041221865250495614 0.032012886453258123 -0.00035475322848253245 -0.020754585843787622 -0.065365376341411277 -0.011647403250838927 0.036348826248885739 0.023545869974191308 -0.034330705499930649 0.068690393524669879 0.095132281342432484 0.07298262061008573 -0.10456757170525313 0.00086806373764084161 -0.095317885218082779 -0.10977848452593182 0 0.10204744346092678 -0.11998571735284161 -0.099880598170993873 -0.11116618606255708 -0.11166473076672355 -0.064893574745114452 -0.10333790648659391 -0.10036625261124783 -0.099676374525716677
leaf_weight=20.221805118024353 6.2538591157644969 6.2781206741929045 7.0365607906132963 4.8747114464640635 6.6817646175622931 14.629674155265091 4.5447500105947283 3.9423382803797775 3.7376418188214329 3.984169786795972 5.4637109581381136 9.5270004048943537 6.7273265570402137 5.6250551789999026 3.7714196387678385 9.9858204089105147 3.9002251010388127 10.765930067747833 9.3243939466774517 4.3685166761279097 5.6310591883957377 7.7749949377030116 7.9880733154714134 18.529299698770046 5.2350670136511317 3.4021373409777862 9.4073652625083906 2.163826145231722 5.683514140546321 4.2943571247160435 8.4224049411714059 6.3590753301978094 11.160801909863947 7.9909479543566704 1.8506999872624863 8.4750360343605262 8.5222831480205041 8.9282675683498365 7.1944185681641102 5.2803832627832881 7.1521982029080391 7.6621648520231247 5.7671148627996445 2.0175952054560184 11.523251738399265 6.1188155859708768 3.7145713698118925 5.0220557656139135 6.3841502200812101 2.9821489546447992 2.7018675357103348 14.010616634041069 5.1897542141377926
leaf_count=53 35 33 32 28 25 51 29 39 57 51 65 38 43 37 49 32 29 34 43 49 17 33 40 72 14 26 28 25 36 24 44 33 54 33 11 87 29 22 24 86 45 42 46 17 23 59 28 71 120 24 52 226 84
internal_value=0 0.0123905 -7.08921e-06 0.014599 -0.0235315 -0.0217093 0.00124717 -0.0284174 -0.011045 -0.036482 -0.0495877 0.0263275 -0.054839 -0.00302779 0.00892898 0.0382233 0.000565195 0.0480491 7.6362e-05 0.0162444 0.018925 0.00346455 0.0325615 0.0119001 -0.0222855 -0.0399425 0.0337471 -0.0638003 -0.0314127 -0.0524024 0.013745 0.0241825 0.0392335 -0.00860988 -0.0819 -0.0415739 0.0360432 0.0621311 0.0405285 -0.0614732 0.0344257 -0.0685658 -0.0799236 -0.0707718 0.0791921 -0.0818481 -0.0679487 -0.0904312 -0.0898668 -0.102211 -0.0686657 -0.0898915 -0.0758762
internal_weight=0 261.967 138.576 82.781 27.641 55.7947 32.9298 114.218 62.7908 33.9958 51.4271 123.392 22.8649 20.9256 10.0253 84.8624 17.6006 67.2618 38.5291 17.188 28.7949 23.1639 44.9726 26.5174 23.7287 18.4936 55.14 41.4018 14.887 8.2367 15.1042 45.7326 31.3826 14.35 26.5148 18.3002 14.8004 18.4553 12.8195 13.7554 14.9272 12.5369 9.16925 9.20348 22.2892 15.8283 7.6148 7.18588 13.0702 9.10096 6.68604 24.6641 10.6535
internal_count=2427 1260 751 340 139 411 253 1167 548 390 619 509 158 167 84 318 89 229 191 110 158 141 172 112 129 115 201 535 149 63 69 173 107 66 386 202 62 60 61 173 78 70 72 113 57 126 57 96 223 83 103 375 149
is_linear=0
shrinkage=0.0744873


Tree=6
num_leaves=51
num_cat=0
split_feature=43 42 42 39 15 48 39 39 4 7 19 15 49 47 15 42 31 29 43 49 39 4 46 1 38 46 6 42 47 47 3 3 1 13 47 38 43 46 38 42 3 39 47 16 7 39 5 3 38 47
split_gain=21.9077 11.2219 9.71545 6.9993 7.29397 5.63831 5.22572 5.84577 6.18435 5.13608 5.77428 6.67619 5.12922 4.45639 4.35582 5.67619 4.27249 5.02064 4.23798 6.09562 6.74866 3.72161 5.53661 5.99936 3.43933 3.9177 3.8778 4.81775 3.4133 3.381 3.28211 3.08403 3.02344 4.81767 3.50258 3.58061 2.98659 3.8997 6.43896 3.10532 2.08893 1.75822 1.65728 1.52252 1.39636 1.11312 0.751522 0.4718 0.0390426 0.020734
threshold=5.5000000000000009 16.500000000000004 125.00000000000001 8.5000000000000018 3.5000000000000004 5.5000000000000009 3.5000000000000004 2.5000000000000004 4.5000000000000009 3.5000000000000004 7.5000000000000009 3.5000000000000004 4.5000000000000009 1.0000000180025095e-35 15.500000000000002 25.000000000000004 2.5000000000000004 1.0000000180025095e-35 1.0000000180025095e-35 5.5000000000000009 2.5000000000000004 1.0000000180025095e-35 65.000000000000014 3.5000000000000004 25.000000000000004 19.000000000000004 1.5000000000000002 55.000000000000007 4.5000000000000009 1.0000000180025095e-35 4.5000000000000009 1.5000000000000002 4.5000000000000009 1.0000000180025095e-35 12.500000000000002 8.5000000000000018 11.500000000000002 6.5000000000000009 14.500000000000002 9.5000000000000018 3.5000000000000004 9.5000000000000018 1.5000000000000002 1.0000000180025095e-35 2.5000000000000004 5.5000000000000009 1.0000000180025095e-35 50.500000000000007 55.000000000000007 8.5000000000000018
decision_type=2 2 2 2 2 2 2 2 2 2 2 2 2 2 2 2 2 2 2 2 2 2 2 2 2 2 2 2 2 2 2 2 2 2 2 2 2 2 2 2 2 2 2 2 2 2 2 2 2 2
left_child=3 32 6 5 28 9 7 8 40 18 11 12 -11 -8 15 -12 17 -15 -1 20 -20 22 23 42 25 31 -26 -28 29 -5 -18 -23 33 36 35 -35 37 44 -39 -38 -3 -6 -7 -13 -2 -4 -41 -34 -43 -49
right_child=1 2 45 4 41 21 13 -9 -10 10 14 43 -14 16 -16 -17 30 -19 19 -21 -22 24 -24 -25 26 -27 27 -29 -30 -31 -32 -33 47 34 -36 -37 39 38 -40 46 -42 48 -44 -45 -46 -47 -48 49 -50 -51
leaf_value=0.069529364413531761 0.039113615603097548 0.0039954739435274595 -0.04776463504380056 -0.032369284130985769 -0.024080103817195476 -0.014019979388894538 -0.080349618800139619 0.065811927331603376 0.06269720066019617 0.032355898118579904 0.029681930328452927 -0.10245454041489199 -0.043569675923534043 -0.005491282931882324 0.074509881467495501 -0.051858344264246875 0.012825836694307603 0.076196629776488445 0.022355651550982091 0.048503387976349011 -0.080075472516344448 0.07816289367755952 0.076135646023215542 -0.073274146314456501 0.058845118751229046 0.087592771500624458 -0.033421965565073403 0.047640685225915837 -0.051321120213211294 0.045112489554626392 -0.10319371952958663 0.011459980700875942 -0.06520534221292093 -0.10789149129210657 0.050446204681972168 0.011556343724995494 -0.01905546621691635 -0.089522218934070724 0.028883858277510832 -0.11628713410666271 -0.063677881599730868 -0.089510079347486754 0.036660579023753553 -0.040918193117219663 -0.024453456279296962 -0.10239759405285812 -0.078117612167162148 -0.09275338253261127 -0.11090428655522913 -0.11528625945163451
leaf_weight=10.480816531926392 3.8458882793784168 4.2202420644462091 3.7561187203973514 4.3806547634303632 2.4594608247280103 5.7171145156025949 4.7506047487258902 12.554976984858513 5.3360706046223649 10.318230547010904 14.360367540270095 6.0446096360683423 9.4409554116427881 40.119821677915752 6.018759422004222 7.0542080998420706 2.0066794753074637 4.6487415730953208 8.6905964985489863 14.499398209154604 6.024211734533309 6.0684556663036373 5.6703334338963023 5.525914639234542 11.311949931085111 15.932574287056921 9.2414218038320559 7.2488595452159634 4.5091896001249543 10.683798212558029 3.9741252101957798 10.704875349998472 2.7308349665254346 2.2939891871064884 4.7593466285616159 3.4609118849039078 3.9507753718644407 9.9259205181151611 3.3948340304195872 5.6678091250359994 6.1339638121426105 2.985071474686265 9.3776617683470231 3.7554847523570061 3.7805201392620802 5.1955396225675941 7.0839742142707109 1.9749292097985742 2.8288293359801173 2.9041188880801201
leaf_count=35 18 21 44 48 25 38 44 49 18 39 58 51 46 314 20 42 16 16 27 47 38 14 19 25 28 37 36 23 42 44 72 53 40 34 22 30 44 144 19 98 50 38 40 24 38 117 110 31 50 51
internal_value=0 -0.0219279 -0.00601947 0.0154055 -0.019353 0.0206913 0.00184656 0.027943 -0.00226185 0.00829364 -0.00600751 -0.0288687 -0.00383232 -0.0114039 0.0185602 0.00272665 -0.00490175 0.00296325 0.0288695 0.0142042 -0.0194776 0.0344781 0.0109826 -0.00686887 0.0446539 0.0610659 0.0252689 0.00210755 0.00535105 0.0224548 -0.0639994 0.0357285 -0.0483303 -0.0413544 0.00305963 -0.0358297 -0.0538039 -0.034889 -0.0592101 -0.0773869 -0.0359385 -0.0779653 0.0173476 -0.0791148 0.0073716 -0.0797439 -0.0952917 -0.0921475 -0.100379 -0.106715
internal_weight=0 148.471 92.6969 211.334 27.847 183.487 83.7452 28.2453 15.6903 96.6876 56.9926 29.5593 19.7592 55.5 27.4333 21.4146 50.7494 44.7686 39.695 29.2142 14.7148 86.7992 26.291 20.6207 60.5081 32.7059 27.8022 16.4903 19.5736 15.0645 5.9808 16.7733 55.7739 48.164 10.5142 5.7549 37.6497 20.9472 13.3208 16.7026 10.3542 8.27336 15.0948 9.80009 7.62641 8.95166 12.7518 7.60988 5.8139 4.87905
internal_count=2427 1440 761 987 247 740 600 138 89 427 280 160 85 462 120 100 418 330 147 112 65 313 122 103 191 104 87 59 134 92 88 67 679 557 86 64 471 219 163 252 71 113 78 75 56 161 208 122 88 82
is_linear=0
shrinkage=0.0744873


Tree=7
num_leaves=45
num_cat=0
split_feature=43 42 42 39 48 39 49 15 3 42 49 18 19 21 39 4 15 39 39 47 38 47 42 7 31 39 39 5 7 16 46 30 0 31 38 49 43 39 47 39 5 2 43 27
split_gain=20.6242 8.64043 7.72239 7.49997 7.03722 7.34708 5.95342 5.4378 4.49656 3.9795 4.85208 4.94706 4.43991 5.13515 4.76241 4.1301 3.72511 3.41917 3.36123 8.77242 3.8781 3.3561 4.42368 3.23678 3.31524 3.1877 3.78662 3.11052 3.32144 2.86651 2.81981 2.46852 3.66364 2.07351 1.94883 1.85638 1.70009 1.51943 1.21866 1.05511 0.580953 0.0697814 0.0689484 0.0166456
threshold=5.5000000000000009 19.000000000000004 125.00000000000001 8.5000000000000018 5.5000000000000009 6.5000000000000009 6.5000000000000009 3.5000000000000004 14.500000000000002 85.000000000000014 11.500000000000002 1.5000000000000002 1.0000000180025095e-35 1.0000000180025095e-35 4.5000000000000009 1.0000000180025095e-35 5.5000000000000009 3.5000000000000004 3.5000000000000004 2.5000000000000004 45.000000000000007 14.500000000000002 13.500000000000002 1.0000000180025095e-35 1.5000000000000002 6.5000000000000009 13.500000000000002 2.5000000000000004 1.5000000000000002 1.5000000000000002 6.5000000000000009 1.0000000180025095e-35 5.5000000000000009 1.0000000180025095e-35 35.000000000000007 11.500000000000002 1.0000000180025095e-35 9.5000000000000018 3.5000000000000004 5.5000000000000009 1.5000000000000002 1.5000000000000002 1.5000000000000002 1.0000000180025095e-35
decision_type=2 2 2 2 2 2 2 2 2 2 2 2 2 2 2 2 2 2 2 2 2 2 2 2 2 2 2 2 2 2 2 2 2 2 2 2 2 2 2 2 2 2 2 2
left_child=3 21 4 9 5 6 8 27 -3 10 12 15 14 16 36 34 -14 -8 -6 -20 -21 22 25 -23 -25 30 29 28 -5 -27 43 32 -7 -11 -12 -30 -1 -9 -32 -4 -17 -24 -39 -2
right_child=1 2 39 7 18 31 17 37 -10 33 11 -13 13 -15 -16 40 -18 -19 19 20 -22 23 41 24 -26 26 -28 -29 35 -31 38 -33 -34 -35 -36 -37 -38 42 -40 -41 -42 -43 -44 -45
leaf_value=0.07464608506197172 -0.026359074924725816 -0.011079610576497572 -0.043286215948997765 -0.040692193432768073 0.054898893934416361 -0.1002250231868063 -0.10167894984282651 -0.023797515069386207 0.059655389910786699 -0.055747806606999642 0.00049903173764890294 -0.010939413491762565 0.0095884955900163871 0.068784414620855841 -0.01222438500711673 0.082394554402487011 -0.028956289713010269 0 -0.093510908159102304 0.087918423077073038 0.0096437446439442808 0.061492440526524986 -0.11228331097960464 -0.099748721845350607 0.022198399388631877 -0.002972464944651029 -0.10211448558887969 -0.052134463861017791 0.0086246252933911277 -0.088329197679431537 -0.034600111453142297 0.0030475411112709742 -0.011618570522729205 0.0091349839883892343 0.054196595657755281 0.072509094161917059 0.036809367335206761 -0.10664446951449114 -0.10094888726752335 -0.097966457417922259 0.059697694325785068 -0.090201213420054424 -0.082085402331430232 -0.01461955254064537
leaf_weight=10.342338368296625 2.5160640217363825 9.9638799279928261 3.5969106405973417 3.8757751015946331 12.750017348676918 9.1461048629134876 3.9261277988553038 2.4440964162349692 9.898089634254573 5.339449141174553 9.4058375842869264 7.9417749643325797 49.182268997654319 6.3274011164903632 8.7667978648096305 12.701664149761202 19.382416859269142 3.5001177117228508 3.9667757283896234 4.5621885396540192 15.482280924916266 2.9744392503052941 4.7966789081692687 2.3865991458296776 2.5141837894916534 18.285668281838305 3.0612809974700204 4.7050720285624257 5.2350234203040582 2.4790449086576691 1.9750402905046929 2.6744483113288871 3.68145428597927 5.5027092806994915 6.3057600408792487 5.0040924847126007 19.240366000682116 2.9032587986439466 8.9819788839668018 4.8243821170181036 14.779529243707655 2.777475206181407 2.4752125944942236 2.4516309406608343
leaf_count=31 26 63 44 34 51 132 34 25 45 36 49 37 217 22 52 29 115 23 47 15 111 20 84 40 22 184 47 45 38 39 13 27 36 27 20 17 65 51 141 117 40 53 37 26
internal_value=0 -0.0216233 -0.00710229 0.0153369 5.84833e-05 -0.0204511 0.00275166 -0.0214447 0.0240894 0.0209408 0.0238294 0.0428922 0.0152028 0.00461928 0.0358182 0.0528325 -0.00128331 -0.0540348 0.0239805 0.00747324 0.0275799 -0.0447278 -0.052219 6.5967e-05 -0.0368862 -0.0421844 -0.0248049 0.000162534 0.0177452 -0.0132826 -0.0680457 -0.0613916 -0.0749618 -0.0226685 0.0221838 0.0400585 0.0501166 -0.0736052 -0.0891915 -0.0748946 0.0702765 -0.104536 -0.0958275 -0.0209665
internal_weight=0 143.173 87.9728 201.861 79.5515 42.7902 27.2882 26.6425 19.862 175.218 164.376 51.1346 113.242 74.8921 38.3495 43.1928 68.5647 7.42625 36.7613 24.0112 20.0445 55.2001 47.3249 7.87522 4.90078 39.7507 23.826 18.82 14.1149 20.7647 15.9247 15.502 12.8276 10.8422 15.7116 10.2391 29.5827 7.82257 10.957 8.42129 27.4812 7.57415 5.37847 4.96769
internal_count=2427 1440 745 987 584 360 165 247 108 740 677 175 502 354 148 138 332 57 224 173 126 695 613 82 62 476 270 134 89 223 206 195 168 63 69 55 96 113 154 161 69 137 88 52
is_linear=0
shrinkage=0.0744873


Tree=8
num_leaves=39
num_cat=0
split_feature=43 42 46 17 38 5 39 46 42 15 27 42 3 49 16 38 15 47 7 39 42 39 42 46 46 46 27 19 43 4 39 38 42 49 46 38 3 43
split_gain=17.6982 8.02045 7.56136 7.87471 5.48498 5.18748 7.35574 5.49368 4.37524 4.30382 4.27355 3.72874 7.17887 4.80972 3.68663 6.15322 2.87383 2.73544 3.57141 2.66265 3.46182 2.61788 2.60942 2.52767 2.33574 2.23975 2.23531 1.99182 1.63958 2.37092 1.55246 1.02023 0.932712 0.501197 0.407174 0.382092 0.0562747 0.00333302
threshold=5.5000000000000009 16.500000000000004 35.000000000000007 1.5000000000000002 105.00000000000001 1.5000000000000002 6.5000000000000009 85.000000000000014 95.000000000000014 31.500000000000004 4.5000000000000009 9.5000000000000018 12.500000000000002 6.5000000000000009 1.5000000000000002 65.000000000000014 13.500000000000002 14.500000000000002 1.0000000180025095e-35 6.5000000000000009 13.500000000000002 13.500000000000002 65.000000000000014 14.500000000000002 75.000000000000014 5.5000000000000009 1.0000000180025095e-35 10.500000000000002 12.500000000000002 1.0000000180025095e-35 6.5000000000000009 85.000000000000014 105.00000000000001 11.500000000000002 10.500000000000002 6.5000000000000009 14.500000000000002 7.5000000000000009
decision_type=2 2 2 2 2 2 2 2 2 2 2 2 2 2 2 2 2 2 2 2 2 2 2 2 2 2 2 2 2 2 2 2 2 2 2 2 2 2
left_child=4 17 14 5 8 6 24 26 9 10 11 12 -1 -13 15 28 -9 19 -19 25 21 23 -17 -21 -4 -2 -7 -20 29 -3 -6 -8 -10 37 35 -27 -32 -5
right_child=1 2 3 33 30 7 31 16 32 -11 -12 13 -14 -15 -16 22 -18 18 27 20 -22 -23 -24 -25 -26 34 -28 -29 -30 -31 36 -33 -34 -35 -36 -37 -38 -39
leaf_value=0.01629496366311306 -0.023715780137721982 -0.026175729792995223 -0.042209723054304184 -0.12009884434298806 -0.0082883307534366221 0.076673617702372077 -0.11327639837205984 -0.087905646280477437 -0.012690892358491615 -0.041147841337272402 0.059625090909224514 0.0030492840158694349 -0.04891785585762274 0.036072393085754842 0.064521830087085369 -0.014540007681838236 0.029636942824484737 0.0566481492008628 -0.09581815039319326 -0.027266015027614183 -0.10293802664032523 -0.094338757102705145 -0.10038145844807851 0.04617044284668826 0.016711950187537145 -0.090107191187018376 0.012111585702587895 0.011974019803055224 0.064655664403108021 0.040668851314624672 -0.10477992799261408 -0.063085767199630244 -0.065657141749455014 -0.064368975502582554 -0.10163566228366962 -0.047498440568647618 -0.07506058961839833 -0.099445341065846016
leaf_weight=39.809828527271748 3.8093743417412069 4.600712697952992 5.5925449095666471 1.7489267662167538 2.0441055744886389 6.4485999569296855 4.0690020769834501 3.2257925560697904 3.8679218888282767 6.405857801437377 14.528689991682766 36.750305371358991 12.236801331862805 73.99590527266264 7.942006839439272 5.75503704510629 1.7597040496766565 3.2171795368194571 2.2011821977794175 17.197260610759269 3.7411405919119707 2.702189974486827 3.028522677719593 3.0405041500926009 11.15556478500366 3.169242322444914 5.667014742270112 1.6192612219601867 5.6856437139213076 8.0439237207174283 1.7862426061183216 5.779902745038271 3.7165272440761328 2.6566516719758511 7.4034763835370541 2.3012740314006805 1.4771065469831226 3.5727351820096374
leaf_count=192 43 30 51 23 14 26 56 52 18 50 49 197 87 291 42 48 17 20 42 196 80 47 46 27 70 54 32 15 29 40 29 102 34 35 127 28 26 62
internal_value=0 -0.020538 -0.00677946 -0.024908 0.0143247 -0.0124272 -0.0330275 0.0195062 0.0164054 0.0187013 0.0208755 0.0174031 0.000922145 0.0251314 0.0198916 0.00673558 -0.0460724 -0.0441726 -0.000831931 -0.0511627 -0.0364143 -0.0254518 -0.0444132 -0.0161282 -0.00286585 -0.0746098 0.046655 -0.04973 0.0313538 0.0162024 -0.0602373 -0.0840861 -0.0389298 -0.0929527 -0.0895022 -0.0726169 -0.0921143 -0.106755
internal_weight=0 137.134 86.7323 51.6764 196.619 43.6981 26.597 17.1011 191.312 183.727 177.322 162.793 52.0466 110.746 35.0558 27.1138 4.9855 50.4021 7.03762 43.3645 26.6811 22.94 8.78356 20.2378 16.7481 16.6834 12.1156 3.82044 18.3303 12.6446 5.30745 9.8489 7.58445 7.97831 12.874 5.47052 3.26335 5.32166
internal_count=2427 1440 761 526 987 406 279 127 918 866 816 767 279 488 235 193 69 679 77 602 350 270 94 223 121 252 58 57 99 70 69 158 52 120 209 82 55 85
is_linear=0
shrinkage=0.0744873


Tree=9
num_leaves=43
num_cat=0
split_feature=43 42 42 7 38 39 48 15 43 47 3 48 38 3 13 4 39 7 42 46 14 47 5 6 42 39 46 49 3 47 19 15 47 19 39 7 47 46 46 0 46 5
split_gain=13.1792 8.58923 8.46836 6.17318 7.09824 5.18578 5.2111 4.85983 4.63879 4.62949 4.519 4.76955 4.42023 4.29919 4.1988 3.94597 3.955 8.18144 3.91345 3.41941 4.55667 3.12811 4.87511 3.0854 2.75702 2.95815 2.7943 2.3928 2.23462 3.37108 2.08176 2.37884 2.30564 1.21699 0.937546 0.929845 0.559039 0.531803 0.507333 0.245249 0.23879 0.0171697
threshold=3.5000000000000004 19.000000000000004 125.00000000000001 107.50000000000001 115.00000000000001 11.500000000000002 2.5000000000000004 3.5000000000000004 2.5000000000000004 14.500000000000002 122.50000000000001 5.5000000000000009 25.000000000000004 1.5000000000000002 1.0000000180025095e-35 12.500000000000002 1.5000000000000002 4.5000000000000009 19.000000000000004 95.000000000000014 1.0000000180025095e-35 1.5000000000000002 1.0000000180025095e-35 2.5000000000000004 13.500000000000002 6.5000000000000009 4.5000000000000009 14.500000000000002 5.5000000000000009 3.5000000000000004 11.500000000000002 8.5000000000000018 4.5000000000000009 1.5000000000000002 5.5000000000000009 7.5000000000000009 9.5000000000000018 85.000000000000014 45.000000000000007 3.5000000000000004 13.500000000000002 1.0000000180025095e-35
decision_type=2 2 2 2 2 2 2 2 2 2 2 2 2 2 2 2 2 2 2 2 2 2 2 2 2 2 2 2 2 2 2 2 2 2 2 2 2 2 2 2 2 2
left_child=5 9 3 4 10 8 -7 -5 12 24 11 -3 15 -11 -15 16 17 -1 21 20 -20 22 -14 -18 25 28 35 -28 29 -2 31 32 33 -10 -4 -27 37 -6 -9 -26 -30 -8
right_child=1 2 34 7 36 6 41 38 30 13 -12 -13 18 14 -16 -17 23 -19 19 -21 -22 -23 -24 -25 39 26 27 -29 40 -31 -32 -33 -34 -35 -36 -37 -38 -39 -40 -41 -42 -43
leaf_value=0.036260470980012761 0.02524074783708052 -0.0062108900575255591 -0.042688766544072283 0.019511490904804824 -0.026768331136173058 0.03412550276703874 -0.086720827088726096 -0.12135277425274556 -0.0073217703525107402 0.074267908283106171 0.080035555906023792 0.028620464209378488 0.032372135196683 -0.10352066034267821 0.026426813027884272 0.076581982683745636 0.015000161960405827 -0.045252910870784549 -0.089015452626814734 0.025806616486379011 -0.0041194164582051785 0.062276255627932806 -0.055101430749748159 0.061518561976146122 -0.10079908848651754 -0.10456042549702872 -0.023167813837162578 0.039186265411866324 -0.096463337155620887 -0.067308534193052397 0.0062233718169498386 0.086199762679094238 0.065892969818527575 0.040365770807477046 -0.093482016185846312 -0.038396421472462819 -0.10452275595346004 -0.079791096971515957 -0.072903898474272227 -0.062343764761117068 -0.062052614064801552 -0.11057862107089665
leaf_weight=13.79955241084099 3.2135167010128516 45.937736123800278 3.6952627804130298 2.9653534069657308 2.3397918166592708 2.5577991958707562 1.6265275087207558 2.8262715972959995 5.9923865869641357 3.7176829706877452 5.4803519323468199 41.408481923863292 8.5105044599622506 2.3921684846282005 3.2030988205224276 6.8678894415497771 19.261402517557144 13.505180947482584 7.8096835426986235 4.1435299366712561 6.4489855393767357 5.4432082753628483 6.0286403633654109 13.592396125197409 4.6467821607366195 2.6014783605933216 18.621321685612205 4.1564021259546271 6.7656953074038011 6.6309817023575306 7.1696948930621138 7.9640847519040099 9.2597002498805505 5.7727743163704872 5.0334701854735613 2.3895403407514095 1.7418636642396448 2.1541316322982311 2.7029729131609201 1.5946808159351347 1.8375100120902059 2.3632723204791546
leaf_count=54 18 348 48 19 34 20 23 24 31 21 18 202 36 44 22 24 83 85 55 21 40 22 50 46 106 31 199 27 105 96 27 18 31 25 127 38 35 33 47 31 24 39
internal_value=0 -0.0136558 -0.00171501 0.00399751 0.00924058 0.0164159 -0.0482725 -0.0568801 0.0194233 -0.0361018 0.0144267 0.010282 0.0115008 0.0121322 -0.0288775 0.0230501 0.0168985 -0.00399162 -0.00861958 -0.0334256 -0.0507712 0.0141382 -0.00378436 0.0343123 -0.0447002 -0.0383434 -0.0228677 -0.0116993 -0.0615185 -0.0369172 0.0424608 0.051356 0.0380413 0.0159343 -0.0722499 -0.0733666 -0.0675839 -0.0526916 -0.0981455 -0.0913634 -0.0893937 -0.101513
internal_weight=0 178.057 116.286 107.557 99.0624 148.117 6.5476 8.4946 141.57 61.7709 92.8266 87.3462 105.411 9.31295 5.59527 67.0264 60.1585 27.3047 38.3846 18.4022 14.2587 19.9824 14.5391 32.8538 52.4579 46.2164 27.7687 22.7777 18.4477 9.8445 36.1586 28.9889 21.0249 11.7652 8.72873 4.99102 6.23579 4.49392 5.52924 6.24146 8.60321 3.9898
internal_count=2427 1697 935 760 670 730 82 90 648 762 568 550 516 87 66 292 268 139 224 116 95 108 86 129 675 538 295 226 243 114 132 105 87 56 175 69 102 67 71 137 129 62
is_linear=0
shrinkage=0.0744873


Tree=10
num_leaves=43
num_cat=0
split_feature=43 39 38 47 47 39 31 3 4 39 43 7 38 31 42 15 3 18 3 3 38 31 31 19 39 39 7 39 19 43 7 7 48 0 2 7 47 47 42 31 19 15
split_gain=13.3774 7.56057 3.63186 4.35275 4.38387 3.30024 3.6144 5.34119 5.46881 3.82988 5.86291 5.11784 2.99826 5.64881 4.76454 4.03099 7.10005 6.57195 2.93782 3.48316 2.9077 3.84373 2.57465 3.61664 2.53186 2.51071 2.50594 2.23613 2.35606 2.03775 2.15439 1.4746 1.37273 1.23462 1.15397 1.08148 0.473138 0.790253 0.443819 0.347174 0.336701 0.00737364
threshold=9.5000000000000018 8.5000000000000018 85.000000000000014 3.5000000000000004 2.5000000000000004 1.5000000000000002 2.5000000000000004 72.000000000000014 4.5000000000000009 5.5000000000000009 11.500000000000002 4.5000000000000009 9.5000000000000018 2.5000000000000004 3.5000000000000004 9.5000000000000018 37.500000000000007 1.5000000000000002 10.500000000000002 50.500000000000007 65.000000000000014 1.0000000180025095e-35 1.0000000180025095e-35 1.0000000180025095e-35 3.5000000000000004 2.5000000000000004 55.500000000000007 12.500000000000002 20.500000000000004 1.5000000000000002 13.500000000000002 4.5000000000000009 4.5000000000000009 5.5000000000000009 11.500000000000002 82.500000000000014 3.5000000000000004 9.5000000000000018 85.000000000000014 1.0000000180025095e-35 6.5000000000000009 4.5000000000000009
decision_type=2 2 2 2 2 2 2 2 2 2 2 2 2 2 2 2 2 2 2 2 2 2 2 2 2 2 2 2 2 2 2 2 2 2 2 2 2 2 2 2 2 2
left_child=1 12 3 4 29 38 7 8 9 11 -11 -7 13 14 18 16 20 32 31 -20 24 -22 23 -16 -14 -19 -10 28 39 30 -3 -1 -17 -34 40 -15 -4 -38 -2 -5 -8 -42
right_child=5 2 36 27 -6 6 34 -9 26 10 -12 -13 15 35 22 17 -18 25 19 -21 21 -23 -24 -25 -26 -27 -28 -29 -30 -31 -32 -33 33 -35 -36 -37 37 -39 -40 -41 41 -43
leaf_value=0.071046852847925807 -0.068596545642943763 0.059079203853915942 -0.095257901850301585 -0.099296224543799702 0.0698598492202952 0.042894207607220736 -0.046183421409491443 -0.1036023954853257 0.095892891365845889 0.0044069028062857169 -0.064649398500066707 -0.052958025875738647 0.030371485773286452 -0.11162668071468852 -0.051679235363945634 0.028479935170553767 -0.068250431805405479 0.025183467265090506 -0.060348047941534338 0.035001909192589165 -0.055522646562750938 0.015948625652909845 -0.0818828350511661 0.030689754004600608 0.0063972548864400843 -0.053459071274799257 0.010097553577743966 -0.0018766205495571967 0.0028692027544850725 -0.048491568327400571 -0.025567353571393187 0.024820497854014231 0.082812282864062781 0.047962419138372708 -0.013508265733167019 -0.040199589191252418 -0.027576004570205703 -0.093906470496087399 -0.11887677652336361 -0.06241309763488382 -0.10147569353275929 -0.082703724061843828
leaf_weight=6.9382259659469154 2.6564848516136399 3.1952194552868658 2.7831414556130758 4.1627482902258617 5.3542903922498217 9.023634094744919 1.1936341654509286 3.7630183212459078 3.2052872143685809 11.099417845718564 17.492036513984203 4.6808062102645627 57.594192089512944 2.6254385076463214 5.8004067540168744 9.2077729869633895 5.912379650399088 4.0466673821210843 3.9400202818214876 4.5794828236103058 6.9859521891921785 10.293932890519498 3.5917403623461714 5.9958978183567524 42.850877748802304 5.0064408425241709 4.7208769209682941 5.1408221796154967 2.1978816445916891 4.8297279868274927 3.440412437543273 8.9555168002843839 10.130540147423746 13.853982757776974 1.6038399972021578 2.3423526920378208 2.6830608658492565 1.703855577856302 1.9577168971300123 2.8245152477174997 3.0498142018914223 2.2450952669605613
leaf_count=21 45 18 57 58 21 64 22 61 15 122 295 57 223 31 53 50 43 19 34 23 71 62 41 40 213 46 50 50 17 50 35 42 28 49 17 21 42 34 25 37 64 61
internal_value=0 0.00793655 -0.0224779 -0.0113961 0.0142202 -0.0296253 -0.0250592 -0.0180487 -0.0115857 -0.0222562 -0.0377841 0.0100101 0.013478 -0.00359341 0.00571753 0.0180962 0.0112864 0.0379768 0.0262127 -0.00889706 0.015301 -0.0128536 -0.0266763 -0.00966584 0.0201634 -0.0181147 0.0450877 -0.0415892 -0.0635954 -0.0116368 0.0149411 0.0451418 0.0533312 0.0627823 -0.0715339 -0.0784404 -0.0702915 -0.0538845 -0.0905026 -0.0847409 -0.0855598 -0.0940048
internal_weight=0 248.967 38.3157 31.1456 16.8197 66.6917 62.0775 53.9851 50.2221 42.2959 28.5915 13.7044 210.652 44.7691 39.8013 165.883 123.637 42.2454 24.4132 8.5195 117.725 17.2799 15.388 11.7963 100.445 9.05311 7.92616 14.326 9.18515 11.4654 6.63563 15.8937 33.1923 23.9845 8.09238 4.96779 7.17006 4.38692 4.6142 6.98726 6.48854 5.29491
internal_count=2427 1529 419 286 124 898 828 664 603 538 417 121 1110 306 254 804 612 192 120 57 569 133 134 93 436 65 65 162 112 103 53 63 127 77 164 52 133 76 70 95 147 125
is_linear=0
shrinkage=0.0744873


Tree=11
num_leaves=37
num_cat=0
split_feature=43 42 42 49 39 3 39 3 7 7 3 31 4 43 48 19 4 46 1 13 3 43 43 48 6 42 47 2 39 46 7 49 46 38 38 7
split_gain=11.4097 6.61496 6.53355 6.234 5.51697 5.38652 3.95223 3.48212 8.27012 3.24192 3.19712 3.08395 4.09731 4.57829 3.95474 6.32895 6.00401 3.03453 2.94668 3.41832 3.22606 2.65703 2.78626 2.37119 2.47246 2.06885 1.13492 3.42341 1.00032 0.860274 0.798426 0.728163 1.54622 0.173139 0.111542 0.0202019
threshold=3.5000000000000004 16.500000000000004 125.00000000000001 5.5000000000000009 6.5000000000000009 19.500000000000004 11.500000000000002 2.5000000000000004 1.5000000000000002 5.5000000000000009 122.50000000000001 4.5000000000000009 12.500000000000002 2.5000000000000004 6.5000000000000009 1.0000000180025095e-35 1.0000000180025095e-35 35.000000000000007 4.5000000000000009 1.5000000000000002 16.500000000000004 4.5000000000000009 6.5000000000000009 6.5000000000000009 1.0000000180025095e-35 10.500000000000002 4.5000000000000009 1.5000000000000002 5.5000000000000009 14.500000000000002 48.500000000000007 2.5000000000000004 35.000000000000007 75.000000000000014 4.5000000000000009 5.5000000000000009
decision_type=2 2 2 2 2 2 2 2 2 2 2 2 2 2 2 2 2 2 2 2 2 2 2 2 2 2 2 2 2 2 2 2 2 2 2 2
left_child=6 18 3 4 5 17 11 23 33 -8 -10 12 13 14 15 -1 -16 -3 19 20 21 -2 -23 24 -5 -13 27 -15 -4 34 -22 32 -6 -9 -20 -33
right_child=1 2 28 7 31 -7 9 8 10 -11 -12 25 -14 26 16 -17 -18 -19 29 -21 30 22 -24 -25 -26 -27 -28 -29 -30 -31 -32 35 -34 -35 -36 -37
leaf_value=0.02663937304790364 0.028097391962085657 -0.0024110557153847216 -0.035976919280978105 -0.026602954492202451 -0.010492290949577775 0.038584439697325536 0.012668937436481932 -0.11305247994581519 0.0056331917298719026 -0.097823884297043057 0.06952012645058557 0.0048318726860490345 0.077205862059877881 0.0012631675994919714 -0.016795824171010231 -0.023624555815002283 0.055196370283090351 -0.075136611383818344 -0.073795225562637179 0.034402275134929897 -0.10017968754440068 -0.094011250441530664 -0.024681625147411727 0.062351949956901576 0.044560132555199659 -0.060231609266545305 0.060904674614642725 0.07017604900876849 -0.090789223387046106 -0.038454998929120347 -0.043324582843221549 -0.083463111309704116 -0.097185577170531848 -0.076513367050667219 -0.10438836150468007 -0.10684963841503646
leaf_weight=24.606485707685351 4.531902600079774 6.8730529062449985 3.3699136972427359 4.7444522548466939 2.3523346316069347 8.9822106286883336 2.8205712046474209 2.2583330832421771 41.195301620289683 3.0147672649472952 4.864342249929904 7.6584397442638856 7.0088301748037329 9.4106432087719494 9.438758313655855 31.904962448403239 19.896459382027388 6.0099972188472748 1.6202209815382946 4.472576141357421 4.4347543874755493 3.6467692498117676 28.728715374134481 11.46170476824045 6.238670002669096 4.1514194458723068 12.679222896695135 7.0198122262954703 4.560936882160604 2.2866840176284313 2.2099734796211123 1.6464645955711601 2.3141749445348978 1.9213405810296533 3.503916472196579 2.564011812210083
leaf_count=107 20 38 48 38 17 44 24 28 328 58 25 46 22 48 62 203 70 49 32 29 89 38 396 40 27 26 42 22 127 36 38 28 40 28 68 46
internal_value=0 -0.0131502 -0.00266547 0.002316 -0.0257777 -0.00557284 0.0157105 0.0142251 0.00328611 -0.0441632 0.0124314 0.0183384 0.0218645 0.0184691 0.00978357 -0.00170543 0.0319722 -0.0365063 -0.0341753 -0.0273611 -0.0337512 -0.0250662 -0.0325698 0.0386188 0.0136567 -0.0179119 0.0440104 0.0308377 -0.0677917 -0.0780059 -0.0816235 -0.0752873 -0.0539726 -0.09688 -0.095208 -0.0983227
internal_weight=0 166.793 111.357 103.426 30.7422 21.8653 139.61 72.6841 50.2393 5.83534 46.0596 133.775 121.965 114.956 85.8467 56.5114 29.3352 12.8831 55.4355 48.0247 43.5521 36.9074 32.3755 22.4448 10.9831 11.8099 29.1097 16.4305 7.93085 7.41082 6.64473 8.87699 4.66651 4.17967 5.12414 4.21048
internal_count=2427 1697 951 776 262 131 730 514 409 82 353 648 576 554 442 310 132 87 746 610 581 454 434 105 65 72 112 70 175 136 127 131 57 56 100 74
is_linear=0
shrinkage=0.0744873


end of trees

feature_importances:
result_1=59
ninki_1=41
ninki_2=41
f_courseout=36
ninki_3=36
result_2=35
result_3=29
mf_courseout=26
umaban=26
f_lenout=22
mf_classout=21
mf_course1=20
waku=20
mf_classout.1=17
f_course3=12
mf_course2=10
f_course2=8
mf_course3=7
f_classout=7
f_len2=6
f_course1=5
mf_len1=5
mf_len3=5
f_len1=3
f_len3=3
mf_len2=3
f_class1=3
mf_class2=2
f_mf_classout.1=2
f_mf_course2=1
f_mf_len1=1
f_mf_len2=1
f_class3=1
mf_class3=1

parameters:
[boosting: gbdt]
[objective: lambdarank]
[metric: ndcg]
[tree_learner: serial]
[device_type: cpu]
[data_sample_strategy: bagging]
[data: ]
[valid: ]
[num_iterations: 183]
[learning_rate: 0.0744873]
[num_leaves: 54]
[num_threads: 16]
[seed: 0]
[deterministic: 0]
[force_col_wise: 1]
[force_row_wise: 0]
[histogram_pool_size: -1]
[max_depth: 7]
[min_data_in_leaf: 26]
[min_sum_hessian_in_leaf: 0.001]
[bagging_fraction: 1]
[pos_bagging_fraction: 1]
[neg_bagging_fraction: 1]
[bagging_freq: 0]
[bagging_seed: 7719]
[feature_fraction: 1]
[feature_fraction_bynode: 1]
[feature_fraction_seed: 2437]
[extra_trees: 0]
[extra_seed: 11797]
[early_stopping_round: 0]
[first_metric_only: 0]
[max_delta_step: 0]
[lambda_l1: 0.0244708]
[lambda_l2: 0.00847599]
[linear_lambda: 0]
[min_gain_to_split: 0]
[drop_rate: 0.1]
[max_drop: 50]
[skip_drop: 0.5]
[xgboost_dart_mode: 0]
[uniform_drop: 0]
[drop_seed: 21238]
[top_rate: 0.2]
[other_rate: 0.1]
[min_data_per_group: 100]
[max_cat_threshold: 32]
[cat_l2: 10]
[cat_smooth: 10]
[max_cat_to_onehot: 4]
[top_k: 20]
[monotone_constraints: ]
[monotone_constraints_method: basic]
[monotone_penalty: 0]
[feature_contri: ]
[forcedsplits_filename: ]
[refit_decay_rate: 0.9]
[cegb_tradeoff: 1]
[cegb_penalty_split: 0]
[cegb_penalty_feature_lazy: ]
[cegb_penalty_feature_coupled: ]
[path_smooth: 0]
[interaction_constraints: ]
[verbosity: -1]
[saved_feature_importance_type: 0]
[use_quantized_grad: 0]
[num_grad_quant_bins: 4]
[quant_train_renew_leaf: 0]
[stochastic_rounding: 1]
[linear_tree: 0]
[max_bin: 255]
[max_bin_by_feature: ]
[min_data_in_bin: 3]
[bin_construct_sample_cnt: 200000]
[data_random_seed: 38]
[is_enable_sparse: 1]
[enable_bundle: 1]
[use_missing: 1]
[zero_as_missing: 0]
[feature_pre_filter: 1]
[pre_partition: 0]
[two_round: 0]
[header: 0]
[label_column: ]
[weight_column: ]
[group_column: ]
[ignore_column: ]
[categorical_feature: ]
[forcedbins_filename: ]
[precise_float_parser: 0]
[parser_config_file: ]
[objective_seed: 8855]
[num_class: 1]
[is_unbalance: 0]
[scale_pos_weight: 1]
[sigmoid: 1]
[boost_from_average: 1]
[reg_sqrt: 0]
[alpha: 0.9]
[fair_c: 1]
[poisson_max_delta_step: 0.7]
[tweedie_variance_power: 1.5]
[lambdarank_truncation_level: 30]
[lambdarank_norm: 1]
[label_gain: ]
[lambdarank_position_bias_regularization: 0]
[eval_at: 1,3,5]
[multi_error_top_k: 1]
[auc_mu_weights: ]
[num_machines: 1]
[local_listen_port: 12400]
[time_out: 120]
[machine_list_filename: ]
[machines: ]
[gpu_platform_id: -1]
[gpu_device_id: -1]
[gpu_use_dp: 0]
[num_gpu: 1]

end of parameters

pandas_categorical:[]
