tree
version=v4
num_class=1
num_tree_per_iteration=1
label_index=0
max_feature_idx=49
objective=lambdarank
feature_names=f_course1 f_course2 f_course3 f_courseout mf_course1 mf_course2 mf_course3 mf_courseout f_mf_course1 f_mf_course2 f_mf_course3 f_mf_courseout f_len1 f_len2 f_len3 f_lenout mf_len1 mf_len2 mf_len3 mf_classout f_mf_len1 f_mf_len2 f_mf_len3 f_mf_classout f_class1 f_class2 f_class3 f_classout mf_class1 mf_class2 mf_class3 mf_classout.1 f_mf_class1 f_mf_class2 f_mf_class3 f_mf_classout.1 time_df_course1 time_df_class1 ninki_1 result_1 time_df_course2 time_df_class2 ninki_2 result_2 time_df_course3 time_df_class3 ninki_3 result_3 waku umaban
feature_infos=[0:77] [0:59] [0:68] [0:317] [0:55] [0:57] [0:50] [0:362] [0:5] [0:3] [0:2] [0:15] [0:2] [0:1] none [0:5] none none none [0:4] none none none none [0:2] [0:1] none [0:5] none none none [0:4] none none none none none none [-1:120] [-1:16] none none [2:150] [1:14] none none [1:150] [-1:16] [1:8] [1:18]
tree_sizes=1077 1166 1381 1176 1279 1498 1266 1386 1371 1385 1286 1496 1285 1497 1292 1501

Tree=0
num_leaves=9
num_cat=0
split_feature=39 47 46 7 42 38 48 39
split_gain=7.66753 1.30525 1.29157 3.73682 0.764576 0.782531 0.661434 0.00218972
threshold=1.5000000000000002 1.0000000180025095e-35 25.000000000000004 1.0000000180025095e-35 5.0000000000000009 115.00000000000001 7.5000000000000009 4.5000000000000009
decision_type=2 2 2 2 2 2 2 2
left_child=2 -2 -1 -4 5 -3 7 -6
right_child=1 4 3 -5 6 -7 -8 -9
leaf_value=0.034966778239410197 0.027930596100597067 -0.024323863694056463 0.03472325851058989 -0.032593906202104846 -0.027899585115390216 0.021188771502546184 -0.0044916076229523198 -0.034538953065033406
leaf_weight=1.2816171050071719 0.15339738130569491 0.24633089825511012 0.65102332830429055 0.41156815364956856 0.43976899608969677 0.21127010509371758 0.31032559648156155 1.2441637217998502
leaf_count=2 1 4 1 7 8 2 4 21
internal_value=0 -0.0207683 0.0230749 0.00851094 -0.0239219 -0.00307662 -0.0286267 -0.0329779
internal_weight=0 2.60526 2.34421 1.06259 2.45186 0.457601 1.99426 1.68393
internal_count=50 40 10 8 39 6 33 29
is_linear=0
shrinkage=0.0176103


Tree=1
num_leaves=10
num_cat=0
split_feature=39 46 7 48 43 42 0 7 3
split_gain=13.206 2.22304 5.96134 2.0099 3.04167 2.29567 0.858353 0.146526 0.00917321
threshold=1.5000000000000002 25.000000000000004 1.0000000180025095e-35 7.5000000000000009 2.5000000000000004 35.000000000000007 11.500000000000002 123.50000000000001 20.500000000000004
decision_type=2 2 2 2 2 2 2 2 2
left_child=1 -1 -3 4 5 6 -2 -4 -6
right_child=3 2 7 -5 8 -7 -8 -9 -10
leaf_value=0.034077977335740577 0.019038828342110486 0.033929583284136339 -0.017945791283283306 0.0053111131843075927 -0.028585285847702716 -0.031305220495723311 -0.0065943181902664979 -0.033524308171713903 -0.034182964044394519
leaf_weight=2.4495230913162231 0.78181368112564109 1.2880362272262575 0.53163602948188771 1.077932573854923 0.69167879223823581 0.74997753649950016 0.8207961767911911 0.37930945307016373 2.2315329685807228
leaf_count=2 2 1 4 5 6 6 4 3 17
internal_value=0 0.0225396 0.00957794 -0.0164963 -0.0209733 -0.0059875 0.00586885 -0.0247334 -0.0329588
internal_weight=0 4.6485 2.19898 6.35373 5.2758 2.35259 1.60261 0.910945 2.92321
internal_count=50 10 8 40 35 12 6 7 23
is_linear=0
shrinkage=0.0176103


Tree=2
num_leaves=12
num_cat=0
split_feature=39 46 7 43 49 47 49 48 7 39 0
split_gain=10.8453 2.08459 5.79941 1.54815 1.73828 2.30242 2.1066 0.34335 0.0194599 0.017293 0.00908346
threshold=1.5000000000000002 25.000000000000004 1.0000000180025095e-35 5.5000000000000009 4.5000000000000009 5.5000000000000009 9.5000000000000018 7.5000000000000009 123.50000000000001 4.5000000000000009 5.5000000000000009
decision_type=2 2 2 2 2 2 2 2 2 2 2
left_child=1 -1 -3 4 10 6 -6 -5 -4 -8 -2
right_child=3 2 8 7 5 -7 9 -9 -10 -11 -12
leaf_value=0.033137526994434549 -0.024604043626325206 0.033037541522952595 -0.023487958611694341 -0.032069451843458559 0.0087766838580406788 0.019311066431758034 -0.025015917211779759 -0.010816080460995142 -0.03255478024073151 -0.033082405689405403 -0.032956453182136351
leaf_weight=2.2085222005844116 0.32938201725482974 1.1879268884658816 0.46905885636806477 1.6220638900995252 0.72958041727542911 0.98105414211750019 0.4623671695590017 0.30432960391044606 0.34775917232036591 0.60496198385953903 0.58462083339691162
leaf_count=2 3 1 4 15 3 3 4 2 3 5 5
internal_value=0 0.021341 0.00822947 -0.0160097 -0.00926277 -0.00226664 -0.0141331 -0.0288132 -0.0276959 -0.0298536 -0.0302502
internal_weight=0 4.21327 2.00474 5.61836 3.69197 2.77796 1.79691 1.92639 0.816818 1.06733 0.914003
internal_count=50 10 8 40 23 15 12 17 7 9 8
is_linear=0
shrinkage=0.0176103


Tree=3
num_leaves=10
num_cat=0
split_feature=39 46 7 47 48 38 39 46 7
split_gain=9.95255 1.74313 4.88848 1.68848 1.38221 1.22983 0.323488 0.370931 0.0189088
threshold=1.5000000000000002 25.000000000000004 1.0000000180025095e-35 1.0000000180025095e-35 7.5000000000000009 115.00000000000001 4.5000000000000009 35.000000000000007 123.50000000000001
decision_type=2 2 2 2 2 2 2 2 2
left_child=1 -1 -3 -2 5 6 7 -5 -4
right_child=3 2 8 4 -6 -7 -8 -9 -10
leaf_value=0.032266998703346858 0.020559188173041445 0.032163819094768294 -0.022162753173806525 -0.0280007294579003 0.0012320339534421724 -0.002743855917308718 -0.031596014089294862 -0.0057788066432326261 -0.031505054313660318
leaf_weight=2.0813640356063847 0.35952091217041005 1.0910454988479612 0.43036360293626774 0.58116469532251436 0.88171102106571186 0.76488923281431187 2.2296003997325897 0.41591999679803848 0.30258023738861084
leaf_count=2 1 1 4 6 5 4 21 3 3
internal_value=0 0.0212549 0.00856303 -0.0158694 -0.0186017 -0.0230049 -0.0277599 -0.0189318 -0.026398
internal_weight=0 3.90535 1.82399 5.23281 4.87329 3.99157 3.22669 0.997085 0.732944
internal_count=50 10 8 40 39 34 30 9 7
is_linear=0
shrinkage=0.0176103


Tree=4
num_leaves=11
num_cat=0
split_feature=39 46 7 47 48 38 39 46 7 0
split_gain=8.65144 1.66726 4.34126 1.4247 1.12324 1.4034 0.252385 0.303677 0.0403885 0.0078421
threshold=1.5000000000000002 25.000000000000004 1.0000000180025095e-35 1.0000000180025095e-35 7.5000000000000009 115.00000000000001 4.5000000000000009 35.000000000000007 123.50000000000001 1.5000000000000002
decision_type=2 2 2 2 2 2 2 2 2 2
left_child=1 -1 -3 -2 5 6 7 -5 -4 -8
right_child=3 2 8 4 -6 -7 9 -9 -10 -11
leaf_value=0.031502573866614599 0.019168745776518611 0.031336524626042223 -0.01988388783664485 -0.027453508156277989 0.00023502791703832653 -0.00026343913578640059 -0.024085316209327988 -0.0065285611039681626 -0.030819918499032203 -0.031673294829092605
leaf_weight=1.9613988995552065 0.34189668297767628 1.0110607147216795 0.43316757678985585 0.54829216748476106 0.86982354521751393 0.75840844213962544 0.2955732420086864 0.38525651395320892 0.29948567599058151 1.7937467247247694
leaf_count=2 1 1 4 6 5 4 3 3 3 18
internal_value=0 0.0203692 0.00771689 -0.0151217 -0.0176878 -0.0218327 -0.027197 -0.0190332 -0.0247219 -0.0307259
internal_weight=0 3.70511 1.74371 4.993 4.6511 3.78128 3.02287 0.933549 0.732653 2.08932
internal_count=50 10 8 40 39 34 30 9 7 21
is_linear=0
shrinkage=0.0176103


Tree=5
num_leaves=13
num_cat=0
split_feature=39 46 7 47 42 0 1 38 39 5 46 48
split_gain=7.56229 1.64462 4.16092 1.25169 1.11723 1.30697 1.41451 0.855421 0.0541527 0.0592829 0.0269251 0.00384343
threshold=1.5000000000000002 25.000000000000004 1.0000000180025095e-35 1.0000000180025095e-35 5.0000000000000009 25.000000000000004 42.500000000000007 115.00000000000001 4.5000000000000009 1.0000000180025095e-35 7.5000000000000009 7.5000000000000009
decision_type=2 2 2 2 2 2 2 2 2 2 2 2
left_child=1 -1 -3 -2 7 8 -7 -5 9 -6 -10 -4
right_child=3 2 11 4 5 6 -8 -9 10 -11 -12 -13
leaf_value=0.030809061963303797 0.018346732210526583 0.030599065262959798 -0.022291312361733782 -0.018020922223327806 -0.030141453301188066 0.011372765504383176 -0.030694696491099412 0.015418027935676055 -0.022239608807787845 -0.017271266950703166 -0.031315561926595764 -0.030275394880183569
leaf_weight=1.8813284635543825 0.33045214414596547 0.94914776086807229 0.43202166259288788 0.42798290401697148 0.24967050552368242 0.64565104991197564 0.39250431954860687 0.51663860678672791 0.28769852966070164 0.41217793524265289 1.5616109222173689 0.26825046539306641
leaf_count=2 1 1 4 4 3 3 4 2 3 4 16 3
internal_value=0 0.0195649 0.00660726 -0.0143254 -0.0167739 -0.0212969 -0.00451709 0.000135706 -0.0281629 -0.022523 -0.030041 -0.0257419
internal_weight=0 3.53075 1.64942 4.82439 4.49393 3.54931 1.03816 0.944622 2.51116 0.661848 1.84931 0.700272
internal_count=50 10 8 40 39 33 7 6 26 7 19 7
is_linear=0
shrinkage=0.0176103


Tree=6
num_leaves=11
num_cat=0
split_feature=39 46 7 47 48 38 39 11 7 0
split_gain=7.10251 1.48459 3.57344 1.14812 1.08644 1.24854 0.175917 0.201023 0.0440622 0.0171549
threshold=1.5000000000000002 25.000000000000004 1.0000000180025095e-35 1.0000000180025095e-35 7.5000000000000009 115.00000000000001 4.5000000000000009 1.0000000180025095e-35 123.50000000000001 1.5000000000000002
decision_type=2 2 2 2 2 2 2 2 2 2
left_child=1 -1 -3 -2 5 6 7 -5 -4 -8
right_child=3 2 8 4 -6 -7 9 -9 -10 -11
leaf_value=0.030155387588052997 0.017553086147550398 0.029871865257891338 -0.01808627919270743 -0.029871810458473626 0.0014040629996579352 0 -0.022020522671003163 -0.011745252453734013 -0.02940034320584763 -0.030376970019787033
leaf_weight=1.8139224052429201 0.32097280025482167 0.90384399890899636 0.42540241032838821 0.33250432461500246 0.83052010089159001 0.70520899444818486 0.27804262191057194 0.53803779184818268 0.27440978586673737 1.6395973041653631
leaf_count=2 1 1 4 4 5 4 3 5 3 18
internal_value=0 0.0192499 0.00677868 -0.0141703 -0.0165719 -0.0208712 -0.0261553 -0.0189544 -0.0228953 -0.0292965
internal_weight=0 3.41758 1.60366 4.64488 4.32391 3.49339 2.78818 0.870542 0.699812 1.91764
internal_count=50 10 8 40 39 34 30 9 7 21
is_linear=0
shrinkage=0.0176103


Tree=7
num_leaves=12
num_cat=0
split_feature=39 46 7 47 42 48 43 39 43 46 7
split_gain=6.46421 1.39665 3.32926 1.04836 1.0579 1.06135 0.624814 0.235568 0.15123 0.0353393 0.0318912
threshold=1.5000000000000002 25.000000000000004 1.0000000180025095e-35 1.0000000180025095e-35 5.0000000000000009 7.5000000000000009 4.5000000000000009 4.5000000000000009 5.5000000000000009 7.5000000000000009 123.50000000000001
decision_type=2 2 2 2 2 2 2 2 2 2 2
left_child=1 -1 -3 -2 6 7 -5 8 -6 -9 -4
right_child=3 2 10 4 5 -7 -8 9 -10 -11 -12
leaf_value=0.029564611638999611 0.017117428544555505 0.029237806229804836 -0.01834533352264929 0.014543720050059982 -0.01082959385672955 -0.00020763289449144242 -0.014595814990576949 -0.0203486993729383 -0.028554965854769555 -0.030013878108173377 -0.028849909805418832
leaf_weight=1.7508314847946169 0.31314864754676808 0.86099427938461282 0.39961139112710953 0.48486201465129841 0.53457430750131685 0.65663634240627278 0.41924694925546646 0.27236127108335484 0.23296540230512619 1.6414844989776609 0.26684695482254028
leaf_count=2 1 1 4 2 5 4 4 3 3 18 3
internal_value=0 0.0188373 0.00640094 -0.0135638 -0.0158757 -0.0204464 0.000905664 -0.0253506 -0.0165352 -0.0287649 -0.0229394
internal_weight=0 3.27828 1.52745 4.55528 4.24213 3.33802 0.904109 2.68139 0.76754 1.91385 0.666458
internal_count=50 10 8 40 39 33 6 29 8 21 7
is_linear=0
shrinkage=0.0176103


Tree=8
num_leaves=12
num_cat=0
split_feature=39 46 7 47 42 48 38 39 43 48 0
split_gain=6.02102 1.30823 3.09909 0.994095 0.919478 1.0182 0.585224 0.247116 0.151804 0.0407867 0.0232731
threshold=1.5000000000000002 25.000000000000004 1.0000000180025095e-35 1.0000000180025095e-35 5.0000000000000009 7.5000000000000009 115.00000000000001 4.5000000000000009 5.5000000000000009 7.5000000000000009 1.5000000000000002
decision_type=2 2 2 2 2 2 2 2 2 2 2
left_child=1 -1 -3 -2 6 7 -5 8 -6 -4 -9
right_child=3 2 9 4 5 -7 -8 10 -10 -11 -12
leaf_value=0.029005599400762735 0.016817352234668084 0.028695466756811717 -0.017319089113375843 -0.015050021359440712 -0.0099831529982204858 0 0.013553614231920388 -0.020582237491611081 -0.02792203113197007 -0.028615419066434101 -0.029482927155170851
leaf_weight=1.6927762031555178 0.30771741271018971 0.84153056144714333 0.41085918247699738 0.40526728332042683 0.52393441647291261 0.63387902826070774 0.47467061877250671 0.2635354846715926 0.22584448009729385 0.25106361508369446 1.5890788882970808
leaf_count=2 1 1 4 4 5 4 2 3 3 3 18
internal_value=0 0.0183964 0.00630962 -0.0132983 -0.0155978 -0.0199309 0.000245149 -0.0247955 -0.0157144 -0.0219915 -0.0283479
internal_weight=0 3.19623 1.50345 4.42393 4.11621 3.23627 0.879938 2.60239 0.749779 0.661923 1.85261
internal_count=50 10 8 40 39 33 6 29 8 7 21
is_linear=0
shrinkage=0.0176103


Tree=9
num_leaves=12
num_cat=0
split_feature=39 46 7 47 42 48 38 39 7 0 46
split_gain=6.07467 1.02215 2.3652 0.970388 0.910709 0.946953 0.517348 0.228107 0.192895 0.150342 0.0142716
threshold=1.5000000000000002 25.000000000000004 1.0000000180025095e-35 1.0000000180025095e-35 5.0000000000000009 7.5000000000000009 115.00000000000001 4.5000000000000009 123.50000000000001 37.000000000000007 7.5000000000000009
decision_type=2 2 2 2 2 2 2 2 2 2 2
left_child=1 -1 -3 -2 6 7 -5 9 -4 -6 -9
right_child=3 2 8 4 5 -7 -8 10 -10 -11 -12
leaf_value=0.028495601727436926 0.01652408003883862 0.028182770112230693 -0.0081180489994972273 -0.014462074943816029 -0.021309489747304289 -0.000161716381919812 0.01277425436737023 -0.020910449891752364 -0.028042746831755484 -0.0034650556951665011 -0.02919106854156164
leaf_weight=1.6096405982971194 0.30276229977607716 0.82524609565734841 0.42868527770042419 0.39182162284851063 0.49814998358488161 0.60863112658262242 0.46703794598579407 0.25509179383516301 0.25475838035345078 0.23217736929655075 1.585196256637573
leaf_count=2 1 1 4 4 6 4 2 3 3 2 18
internal_value=0 0.0187295 0.00816451 -0.0134622 -0.015759 -0.0200986 0.000209618 -0.0247654 -0.0158873 -0.01586 -0.0281759
internal_weight=0 3.11833 1.50869 4.34087 4.03811 3.17925 0.85886 2.57062 0.683444 0.730327 1.84029
internal_count=50 10 8 40 39 33 6 29 7 8 21
is_linear=0
shrinkage=0.0176103


Tree=10
num_leaves=11
num_cat=0
split_feature=39 46 7 47 48 38 39 7 7 0
split_gain=5.42168 1.089 2.58004 0.901543 0.866916 0.939485 0.182566 0.210855 0.075503 0.0065137
threshold=1.5000000000000002 25.000000000000004 1.0000000180025095e-35 1.0000000180025095e-35 7.5000000000000009 115.00000000000001 4.5000000000000009 4.0000000000000009 123.50000000000001 1.5000000000000002
decision_type=2 2 2 2 2 2 2 2 2 2
left_child=1 -1 -3 -2 5 6 7 -5 -4 -8
right_child=3 2 8 4 -6 -7 9 -9 -10 -11
leaf_value=0.028023277246782021 0.016274632320989291 0.027697693501157809 -0.013669812466841317 -0.028081649802192941 0.0016398193134325334 -0.00020720759462187791 -0.020696219225368358 -0.0089973283773698547 -0.027546296821845645 -0.028354922953874043
leaf_weight=1.5893082618713381 0.29782140254974354 0.80190044641494729 0.38331601023674011 0.30720779299736145 0.76149797439575184 0.65706969797611225 0.24404301494359959 0.50181058049201965 0.25237154960632324 1.4694084897637365
leaf_count=2 1 1 4 4 5 4 3 5 3 18
internal_value=0 0.0179812 0.00673188 -0.0128476 -0.0150978 -0.0191357 -0.0240111 -0.0165353 -0.0195602 -0.0274056
internal_weight=0 3.0269 1.43759 4.23886 3.94104 3.17954 2.52247 0.809018 0.635688 1.71345
internal_count=50 10 8 40 39 34 30 9 7 21
is_linear=0
shrinkage=0.0176103


Tree=11
num_leaves=13
num_cat=0
split_feature=39 46 7 47 42 0 1 38 48 39 5 46
split_gain=5.09543 1.01296 2.31344 0.844205 0.780275 0.904793 1.00659 0.502552 0.108029 0.0917331 0.0865569 0.0124813
threshold=1.5000000000000002 25.000000000000004 1.0000000180025095e-35 1.0000000180025095e-35 5.0000000000000009 25.000000000000004 42.500000000000007 115.00000000000001 7.5000000000000009 4.5000000000000009 1.0000000180025095e-35 7.5000000000000009
decision_type=2 2 2 2 2 2 2 2 2 2 2 2
left_child=1 -1 -3 -2 7 9 -7 -5 -4 10 -6 -11
right_child=3 2 8 4 5 6 -8 -9 -10 11 -12 -13
leaf_value=0.02758642202568256 0.015917684355855378 0.027219877941156073 -0.011473825598080339 -0.014355826098536039 -0.027151047200077067 0.010798879712863814 -0.027593478136603573 0.012856539879908787 -0.027509291979479603 -0.020203515384830398 -0.012006884876225889 -0.028524852524084529
leaf_weight=1.5381777882575991 0.29257550835609425 0.77232724428176858 0.39730660617351532 0.38213521987199817 0.22298119217157442 0.55153752118349064 0.33395176380872726 0.4528018981218338 0.23947031795978546 0.24005175381898869 0.37094909697771072 1.3286208063364027
leaf_count=2 1 1 4 4 3 3 4 2 3 3 4 16
internal_value=0 0.0177078 0.00677428 -0.0125065 -0.0146979 -0.0188226 -0.00365113 0.00025988 -0.0178796 -0.0249567 -0.0180945 -0.0274047
internal_weight=0 2.94728 1.4091 4.1756 3.88303 3.04809 0.885489 0.834937 0.636777 2.1626 0.59393 1.56867
internal_count=50 10 8 40 39 33 7 6 7 26 7 19
is_linear=0
shrinkage=0.0176103


Tree=12
num_leaves=11
num_cat=0
split_feature=39 46 7 47 48 38 39 7 7 0
split_gain=4.76749 1.0012 2.29318 0.792367 0.803977 0.84386 0.16834 0.199523 0.0666435 0.00836873
threshold=1.5000000000000002 25.000000000000004 1.0000000180025095e-35 1.0000000180025095e-35 7.5000000000000009 115.00000000000001 4.5000000000000009 4.0000000000000009 123.50000000000001 1.5000000000000002
decision_type=2 2 2 2 2 2 2 2 2 2
left_child=1 -1 -3 -2 5 6 7 -5 -4 -8
right_child=3 2 8 4 -6 -7 9 -9 -10 -11
leaf_value=0.027169471913610105 0.015486281858233714 0.026748488397044693 -0.013267619519222052 -0.02720668822208502 0.0019360113304381871 -0.00020054862382527807 -0.019685305451194755 -0.0083615406787682315 -0.026716204981619252 -0.027508881169447757
leaf_weight=1.5161094069480898 0.28801402449607838 0.75251197814941384 0.36904981732368469 0.29911921918392304 0.7383180484175681 0.63741485774517048 0.23601672798395146 0.48366814851760864 0.24025113135576248 1.3920873850584028
leaf_count=2 1 1 4 4 5 4 3 5 3 18
internal_value=0 0.0173308 0.00622486 -0.0122485 -0.0144084 -0.0183982 -0.0231521 -0.0158569 -0.0189619 -0.0265199
internal_weight=0 2.87792 1.36181 4.07464 3.78662 3.04831 2.41089 0.782787 0.609301 1.6281
internal_count=50 10 8 40 39 34 30 9 7 21
is_linear=0
shrinkage=0.0176103


Tree=13
num_leaves=13
num_cat=0
split_feature=39 46 7 47 42 0 1 38 7 39 5 46
split_gain=4.58496 0.906983 2.05172 0.754057 0.753632 0.835443 0.883344 0.434008 0.0907726 0.0570011 0.0567937 0.0218712
threshold=1.5000000000000002 25.000000000000004 1.0000000180025095e-35 1.0000000180025095e-35 5.0000000000000009 25.000000000000004 42.500000000000007 115.00000000000001 123.50000000000001 4.5000000000000009 1.0000000180025095e-35 7.5000000000000009
decision_type=2 2 2 2 2 2 2 2 2 2 2 2
left_child=1 -1 -3 -2 7 9 -7 -5 -4 10 -6 -11
right_child=3 2 8 4 5 6 -8 -9 -10 11 -12 -13
leaf_value=0.02678635233529621 0.015193563269147852 0.02633489990581846 -0.011081138084877927 -0.013054798677094958 -0.026255106882532502 0.010112651019297279 -0.0266893939858865 0.012538495109018933 -0.026286307591647538 -0.018653879261001011 -0.013105210345914237 -0.027763447749557555
leaf_weight=1.4708948731422427 0.28357478976249684 0.73267161846160866 0.37117095291614532 0.37318042665720019 0.21427498012781221 0.53553281724452961 0.31526058912277222 0.44092383980751038 0.23083196580410004 0.23472552001476277 0.35337485373020172 1.263343460857868
leaf_count=2 1 1 4 4 3 3 4 2 3 3 4 16
internal_value=0 0.0172503 0.00658523 -0.0120645 -0.0141872 -0.0183625 -0.00349347 0.0006654 -0.0172977 -0.0244056 -0.0184875 -0.0264908
internal_weight=0 2.80557 1.33467 4.01419 3.73062 2.91651 0.850793 0.814104 0.602003 2.06572 0.56765 1.49807
internal_count=50 10 8 40 39 33 7 6 7 26 7 19
is_linear=0
shrinkage=0.0176103


Tree=14
num_leaves=11
num_cat=0
split_feature=39 46 7 47 48 38 39 11 48 0
split_gain=4.27559 0.902726 2.02854 0.707564 0.757589 0.775032 0.135405 0.165519 0.0630363 0.0136723
threshold=1.5000000000000002 25.000000000000004 1.0000000180025095e-35 1.0000000180025095e-35 7.5000000000000009 115.00000000000001 4.5000000000000009 1.0000000180025095e-35 7.5000000000000009 1.5000000000000002
decision_type=2 2 2 2 2 2 2 2 2 2
left_child=1 -1 -3 -2 5 6 7 -5 -4 -8
right_child=3 2 8 4 -6 -7 9 -9 -10 -11
leaf_value=0.02641729351670434 0.014827826594354309 0.025930508012486597 -0.012715076189388124 -0.026419712759510813 0.002042407268516868 -0.00019450015218026504 -0.01842864142895978 -0.0087815922652156701 -0.026226426339972395 -0.026763671213909514
leaf_weight=1.447566092014313 0.27942904829978976 0.71035969257354714 0.36258009821176529 0.28619726002216461 0.73158534616231907 0.62032317370176304 0.22799202054738987 0.46697056293487549 0.21783054620027542 1.3209989219903944
leaf_count=2 1 1 4 4 5 4 3 5 3 18
internal_value=0 0.0168746 0.00601431 -0.0117555 -0.0138395 -0.0178479 -0.0225447 -0.0157873 -0.0181939 -0.0256847
internal_weight=0 2.73834 1.29077 3.9335 3.65407 2.92248 2.30216 0.753168 0.580411 1.54899
internal_count=50 10 8 40 39 34 30 9 7 21
is_linear=0
shrinkage=0.0176103


Tree=15
num_leaves=13
num_cat=0
split_feature=39 46 7 47 42 0 1 48 7 39 5 46
split_gain=4.06879 0.846332 1.85248 0.672802 0.731324 0.768208 0.771358 0.396772 0.0808393 0.0489306 0.0475389 0.0319855
threshold=1.5000000000000002 25.000000000000004 1.0000000180025095e-35 1.0000000180025095e-35 5.0000000000000009 25.000000000000004 42.500000000000007 3.5000000000000004 123.50000000000001 4.5000000000000009 1.0000000180025095e-35 7.5000000000000009
decision_type=2 2 2 2 2 2 2 2 2 2 2 2
left_child=1 -1 -3 -2 7 9 -7 -5 -4 10 -6 -11
right_child=3 2 8 4 5 6 -8 -9 -10 11 -12 -13
leaf_value=0.026080078382592391 0.014568441039737281 0.025558538237831104 -0.010867227541018072 -0.014466608793918144 -0.02542546297603435 0.0093571858626647249 -0.02589059190669649 0.010885808322691521 -0.025590469027568768 -0.017189664356674569 -0.012876528463964521 -0.027165242682801818
leaf_weight=1.4065036177635195 0.27547752857208285 0.69031053781509377 0.35965180397033691 0.30149531364440951 0.20349986106157336 0.52477966248989094 0.29456647485494614 0.49767602235078812 0.22114110738039017 0.22787997871637333 0.33936953544616699 1.2100806832313535
leaf_count=2 1 1 4 3 3 3 4 3 3 3 4 16
internal_value=0 0.0166718 0.00610074 -0.0115289 -0.0135779 -0.0178127 -0.00328412 0.00114979 -0.0168685 -0.023739 -0.0180116 -0.0257398
internal_weight=0 2.67761 1.2711 3.87483 3.59935 2.80018 0.819346 0.799171 0.580793 1.98083 0.542869 1.43796
internal_count=50 10 8 40 39 33 7 6 7 26 7 19
is_linear=0
shrinkage=0.0176103


end of trees

feature_importances:
result_1=31
mf_courseout=29
ninki_3=24
waku=17
result_3=15
f_course1=13
ninki_1=12
ninki_2=9
result_2=5
f_course2=4
mf_course2=4
f_mf_courseout=2
umaban=2
f_courseout=1

parameters:
[boosting: gbdt]
[objective: lambdarank]
[metric: ndcg]
[tree_learner: serial]
[device_type: cpu]
[data_sample_strategy: bagging]
[data: ]
[valid: ]
[num_iterations: 237]
[learning_rate: 0.0176103]
[num_leaves: 47]
[num_threads: 16]
[seed: 0]
[deterministic: 0]
[force_col_wise: 1]
[force_row_wise: 0]
[histogram_pool_size: -1]
[max_depth: 8]
[min_data_in_leaf: 3]
[min_sum_hessian_in_leaf: 0.001]
[bagging_fraction: 1]
[pos_bagging_fraction: 1]
[neg_bagging_fraction: 1]
[bagging_freq: 0]
[bagging_seed: 7719]
[feature_fraction: 1]
[feature_fraction_bynode: 1]
[feature_fraction_seed: 2437]
[extra_trees: 0]
[extra_seed: 11797]
[early_stopping_round: 0]
[first_metric_only: 0]
[max_delta_step: 0]
[lambda_l1: 0.00611384]
[lambda_l2: 0.00622374]
[linear_lambda: 0]
[min_gain_to_split: 0]
[drop_rate: 0.1]
[max_drop: 50]
[skip_drop: 0.5]
[xgboost_dart_mode: 0]
[uniform_drop: 0]
[drop_seed: 21238]
[top_rate: 0.2]
[other_rate: 0.1]
[min_data_per_group: 100]
[max_cat_threshold: 32]
[cat_l2: 10]
[cat_smooth: 10]
[max_cat_to_onehot: 4]
[top_k: 20]
[monotone_constraints: ]
[monotone_constraints_method: basic]
[monotone_penalty: 0]
[feature_contri: ]
[forcedsplits_filename: ]
[refit_decay_rate: 0.9]
[cegb_tradeoff: 1]
[cegb_penalty_split: 0]
[cegb_penalty_feature_lazy: ]
[cegb_penalty_feature_coupled: ]
[path_smooth: 0]
[interaction_constraints: ]
[verbosity: -1]
[saved_feature_importance_type: 0]
[use_quantized_grad: 0]
[num_grad_quant_bins: 4]
[quant_train_renew_leaf: 0]
[stochastic_rounding: 1]
[linear_tree: 0]
[max_bin: 255]
[max_bin_by_feature: ]
[min_data_in_bin: 3]
[bin_construct_sample_cnt: 200000]
[data_random_seed: 38]
[is_enable_sparse: 1]
[enable_bundle: 1]
[use_missing: 1]
[zero_as_missing: 0]
[feature_pre_filter: 1]
[pre_partition: 0]
[two_round: 0]
[header: 0]
[label_column: ]
[weight_column: ]
[group_column: ]
[ignore_column: ]
[categorical_feature: ]
[forcedbins_filename: ]
[precise_float_parser: 0]
[parser_config_file: ]
[objective_seed: 8855]
[num_class: 1]
[is_unbalance: 0]
[scale_pos_weight: 1]
[sigmoid: 1]
[boost_from_average: 1]
[reg_sqrt: 0]
[alpha: 0.9]
[fair_c: 1]
[poisson_max_delta_step: 0.7]
[tweedie_variance_power: 1.5]
[lambdarank_truncation_level: 30]
[lambdarank_norm: 1]
[label_gain: ]
[lambdarank_position_bias_regularization: 0]
[eval_at: 1,3,5]
[multi_error_top_k: 1]
[auc_mu_weights: ]
[num_machines: 1]
[local_listen_port: 12400]
[time_out: 120]
[machine_list_filename: ]
[machines: ]
[gpu_platform_id: -1]
[gpu_device_id: -1]
[gpu_use_dp: 0]
[num_gpu: 1]

end of parameters

pandas_categorical:[]
