tree
version=v4
num_class=1
num_tree_per_iteration=1
label_index=0
max_feature_idx=49
objective=lambdarank
feature_names=f_course1 f_course2 f_course3 f_courseout mf_course1 mf_course2 mf_course3 mf_courseout f_mf_course1 f_mf_course2 f_mf_course3 f_mf_courseout f_len1 f_len2 f_len3 f_lenout mf_len1 mf_len2 mf_len3 mf_classout f_mf_len1 f_mf_len2 f_mf_len3 f_mf_classout f_class1 f_class2 f_class3 f_classout mf_class1 mf_class2 mf_class3 mf_classout.1 f_mf_class1 f_mf_class2 f_mf_class3 f_mf_classout.1 time_df_course1 time_df_class1 ninki_1 result_1 time_df_course2 time_df_class2 ninki_2 result_2 time_df_course3 time_df_class3 ninki_3 result_3 waku umaban
feature_infos=[0:77] [0:59] [0:68] [0:338] [0:55] [0:57] [0:50] [0:362] [0:16] [0:8] [0:7] [0:55] [0:20] [0:17] [0:13] [0:107] [0:14] [0:9] [0:10] [0:101] [0:5] [0:4] [0:3] [0:15] [0:4] [0:8] [0:4] [0:38] [0:4] [0:7] [0:4] [0:33] none [0:3] [0:2] [0:5] [-1:0] [-1:0] [-1:180] [-1:110] [-1:0] [-1:0] [-1:180] [-1:160] [-1:0] [-1:0] [-1:180] [-1:160] [1:8] [1:18]
tree_sizes=4634 4621 4645 4641 4628 4652 4645 4630 4614 4646 4645 4652 4675 4655

Tree=0
num_leaves=43
num_cat=0
split_feature=43 47 39 38 9 49 16 6 25 42 19 9 39 39 14 49 17 3 1 46 42 11 2 15 7 17 3 3 38 46 42 42 27 3 42 7 42 2 1 27 5 19
split_gain=74.7299 39.8007 19.6701 13.6389 10.8298 9.90325 8.34487 7.21314 6.58411 7.81306 11.3166 6.92544 6.685 8.43308 7.35179 6.91567 6.40287 8.85524 5.63825 4.81301 6.42963 4.72293 4.55545 4.4119 4.24409 3.84674 3.75811 4.56776 3.63601 3.24635 3.48384 8.06899 4.5646 3.21047 3.1839 2.7433 2.64413 2.31354 2.91222 2.34936 2.12634 1.98747
threshold=5.5000000000000009 6.5000000000000009 3.5000000000000004 75.000000000000014 1.5000000000000002 11.500000000000002 2.5000000000000004 1.0000000180025095e-35 2.5000000000000004 25.000000000000004 31.500000000000004 2.5000000000000004 1.0000000180025095e-35 3.5000000000000004 2.5000000000000004 5.5000000000000009 8.5000000000000018 2.5000000000000004 3.5000000000000004 6.5000000000000009 4.5000000000000009 1.0000000180025095e-35 2.5000000000000004 13.500000000000002 17.500000000000004 2.5000000000000004 30.500000000000004 7.5000000000000009 19.000000000000004 4.5000000000000009 25.000000000000004 85.000000000000014 1.0000000180025095e-35 1.5000000000000002 25.000000000000004 1.5000000000000002 45.000000000000007 1.0000000180025095e-35 1.0000000180025095e-35 3.5000000000000004 3.5000000000000004 1.0000000180025095e-35
decision_type=2 2 2 2 2 2 2 2 2 2 2 2 2 2 2 2 2 2 2 2 2 2 2 2 2 2 2 2 2 2 2 2 2 2 2 2 2 2 2 2 2 2
left_child=3 2 7 8 29 6 37 -2 9 10 12 28 14 -14 18 19 17 -11 26 20 -15 35 -23 41 33 -24 27 -1 -12 -3 -31 32 -32 -17 -8 -19 -7 -4 -39 -40 -16 -5
right_child=1 4 5 23 -6 36 34 -9 -10 16 11 -13 13 15 40 24 -18 21 -20 -21 -22 22 25 -25 -26 -27 -28 -29 -30 30 31 -33 -34 -35 -36 -37 -38 38 39 -41 -42 -43
leaf_value=0.021176623251841876 -0.02372970330322496 -0.014854122209050229 -0.11857040042934756 -0.01502708499988871 0.01182360811908204 -0.026496449194202229 0.059012621005305618 0.075526635810204759 0.080292321572311365 0.052285264674457488 -0.11226555484662021 0.04909265718095971 0.081115128753469184 -0.056255457936782993 0.034976497373373119 0.068505311363065369 0.092690893442091388 -0.012283785450312031 -0.073927599237464156 -0.086987224506303487 0.079012569324994092 0.040468023757193196 -0.083650056303326309 0.01194014016580058 0.080953692261566637 0.023132213246541848 0.080047214459404201 -0.057500205428062036 -0.011379631690098885 -0.11703010042826097 0.032721635246011099 -0.11152469926952593 -0.078624381907590898 -0.0091845450410733571 -0.042503965198861585 -0.096097061412887902 0.052217454483257285 0.0091053568931321726 -0.10574995860598349 -0.035560084580747414 0.095791676881270299 -0.085485595617810856
leaf_weight=12.470547024160636 3.707716140896081 1.8357068002223957 4.7425083182752195 2.2949961833655816 3.8902787677943698 2.4665831513702861 2.6107588075101367 12.179430231451986 10.762180496007202 6.3114376924932065 3.3255783841013891 2.8151576146483421 28.554536983370781 2.5165800936520117 4.3206146843731386 3.3502543307840842 2.5484066717326632 2.2119165770709541 3.2500637769699088 2.5456200540065765 2.9472862184047699 4.5284130647778493 3.4882976971566677 4.7438608184456825 9.8891995251178724 2.0725746341049671 2.8964011929929248 3.7219615317881098 2.455707885324955 22.559348002076149 3.1026609390974036 10.125739991664885 2.6261074803769588 5.3464753068983555 2.1887174732983112 5.2486654333770275 4.9527658261358738 1.7112320326268662 5.1468000970780832 3.0823586918413639 4.9912303686141968 5.3340543434023857
leaf_count=108 45 21 72 22 32 29 17 66 52 45 53 21 135 33 35 17 10 22 46 36 14 36 50 40 48 16 12 46 27 337 22 149 38 60 26 80 34 15 74 37 18 74
internal_value=0 -0.0458563 -0.00281933 0.0275065 -0.0875176 -0.0354311 -0.0588481 0.0522913 0.0333752 0.0292 0.0375354 -0.0307729 0.0443224 0.0574858 0.0213145 0.0320048 -0.000876116 -0.0110302 0.00176729 -0.016445 0.016544 -0.0339191 -0.00583212 -0.0352055 0.0529359 -0.0437512 0.0148188 0.00294325 -0.0699124 -0.0971488 -0.101036 -0.0780125 -0.0182854 0.0207628 0.0125134 -0.0715605 0.025898 -0.0822257 -0.0644385 -0.0798416 0.0679168 -0.0645917
internal_weight=0 86.9287 42.7889 144.942 44.1398 26.9017 19.4824 15.8871 132.569 121.807 95.3972 8.59644 86.8008 55.15 31.6508 26.5954 26.4097 23.8613 22.339 8.00949 5.46387 17.5499 10.0893 12.3729 18.5859 5.56087 19.0889 16.1925 5.78129 40.2496 38.4139 15.8545 5.72877 8.69673 4.79948 7.46058 7.41935 14.6829 9.94039 8.22916 9.31185 7.62905
internal_count=2170 1014 415 1156 599 304 241 111 1020 968 709 101 608 343 265 208 259 249 212 83 47 204 102 136 125 66 166 154 80 567 546 209 60 77 43 102 63 198 126 111 53 96
is_linear=0
shrinkage=0.0625684


Tree=1
num_leaves=43
num_cat=0
split_feature=39 15 43 7 38 2 39 42 47 47 7 7 49 47 19 19 47 15 2 47 43 0 3 47 14 46 4 38 4 7 7 49 36 42 0 18 47 7 46 3 42 0
split_gain=54.6369 20.3299 22.2064 21.1773 19.0352 18.8761 19.8469 18.2489 16.064 14.5034 13.9326 24.9447 15.8651 12.8815 11.2579 11.1466 11.1447 11.0086 24.1611 13.7151 10.7035 9.79246 9.15596 8.18185 7.50299 7.49477 7.06715 7.06083 6.84587 16.7818 7.92056 6.62463 8.99857 6.59009 10.558 7.65484 6.30083 7.0423 5.76187 7.64065 5.57161 5.51065
threshold=7.5000000000000009 14.500000000000002 5.5000000000000009 1.5000000000000002 45.000000000000007 5.5000000000000009 1.5000000000000002 85.000000000000014 9.5000000000000018 3.5000000000000004 41.000000000000007 106.00000000000001 13.500000000000002 4.5000000000000009 10.500000000000002 16.500000000000004 6.5000000000000009 34.500000000000007 19.500000000000004 5.5000000000000009 2.5000000000000004 8.5000000000000018 97.500000000000014 4.5000000000000009 1.0000000180025095e-35 10.500000000000002 2.5000000000000004 25.000000000000004 1.0000000180025095e-35 3.5000000000000004 14.500000000000002 2.5000000000000004 -1.0000000180025095e-35 65.000000000000014 29.500000000000004 2.5000000000000004 1.5000000000000002 8.5000000000000018 19.000000000000004 10.500000000000002 25.000000000000004 1.0000000180025095e-35
decision_type=2 2 2 2 2 2 2 2 2 2 2 2 2 2 2 2 2 2 2 2 2 2 2 2 2 2 2 2 2 2 2 2 2 2 2 2 2 2 2 2 2 2
left_child=1 2 4 -3 5 6 8 10 28 36 12 15 38 -6 16 25 -4 19 -19 -5 -14 -7 -21 -17 -18 -12 -11 -13 31 -30 -31 -1 -33 34 -20 -36 37 -8 -2 -40 -29 -22
right_child=7 3 14 17 13 21 9 -9 -10 26 11 27 20 -15 -16 23 24 18 33 22 41 -23 -24 -25 -26 -27 -28 40 29 30 -32 32 -34 -35 35 -37 -38 -39 39 -41 -42 -43
leaf_value=0.028067146852575126 -0.089391739042402857 -0.072564925226697705 0.011594860392917475 0.063460508300042892 -0.072854076530399811 -0.078315325185494569 0.071828824902308935 -0.10664442017395585 0.093915322609297497 0.026694458791728923 -0.090157994817946882 -0.11436613505475589 0.078756928518361788 0.027278150764789958 -0.081865116266700372 0.10017798058237622 -0.085241024863155587 -0.077189226433619418 -0.030090573648722432 0.036911346833796418 0.021342142891733081 0.0083237927312072978 -0.084667008454051618 0.013681650656539342 0.028076548412497838 0.02223760072784282 -0.0505052015026232 0.016098803423452514 0.093091778151085713 -0.081459510418508546 0.0050275129464912825 -0.020845409390969068 -0.10451951168737181 0.081831420727287718 0.013258047242987549 0.0842392500944492 0.081340545416842269 0.0082866006267670444 -0.093861115399170678 -0.0053378322920726107 -0.085127745365720445 -0.10999554034602217
leaf_weight=6.5062750317156306 23.79460727982223 7.2889808453619471 20.848344391211867 62.744983017444611 16.584366987459365 11.257612425833942 13.664929007180037 13.815332217141984 6.6002732291817656 14.339751828461887 3.7274137679487485 6.8113625347614279 5.3168300651013833 7.1722861398011437 15.139933033846317 9.8475098852068204 10.696926115080712 9.1370427999645454 10.562874164432285 5.5248781125992519 2.3141052909195423 9.2758363001048547 4.2629555240273476 7.6337994560599318 2.8725532479584208 6.0237005092203617 6.8223876729607573 4.7662698319181782 7.6295871026813975 5.1564221084117916 20.495969004929066 19.894718296825886 6.7369800955057171 9.0966001469641906 13.486491065472366 10.692254453897474 31.402513209730387 13.722193837165831 6.3133463133126488 9.6606929209083301 3.7806106545031071 2.6359940096735954
leaf_count=15 231 41 103 142 89 47 28 167 7 44 35 45 13 34 108 16 122 47 37 34 12 34 32 36 20 29 27 21 14 24 84 84 22 21 36 18 50 34 39 70 27 31
internal_value=0 0.0111085 0.000482261 0.0308453 0.00989445 0.0170926 0.0246592 -0.0396089 0.00105834 0.0461906 -0.0295639 -0.00322758 -0.0519424 -0.0425808 -0.0369417 0.0326961 -0.0170885 0.0368773 0.0151516 0.0527155 0.017267 -0.0391722 -0.016034 0.0625672 -0.0611608 -0.020772 0.00171385 -0.0669312 -0.00819445 0.0118207 -0.0123966 -0.0283219 -0.0421575 0.0344669 0.0219671 0.0447653 0.0621717 0.0400803 -0.0698374 -0.0405157 -0.0287035 -0.0486396
internal_weight=0 379.617 246.82 132.797 197.262 173.505 152.972 106.442 73.0202 79.9518 92.6262 42.5907 50.0356 23.7567 49.5578 27.2324 34.4178 125.508 52.9753 72.5328 10.2669 20.5334 9.78783 17.4813 13.5695 9.75111 21.1621 15.3582 66.42 33.282 25.6524 33.138 26.6317 43.8382 34.7416 24.1787 58.7896 27.3871 39.7686 15.974 8.54688 4.9501
internal_count=2170 1398 990 408 637 514 433 772 250 183 605 209 396 123 353 116 245 367 159 208 56 81 66 52 142 64 71 93 243 122 108 121 106 112 91 54 112 62 340 109 48 43
is_linear=0
shrinkage=0.0625684


Tree=2
num_leaves=43
num_cat=0
split_feature=39 43 7 12 1 38 1 43 5 10 43 1 11 8 7 16 36 7 49 39 49 42 9 18 48 49 11 43 5 48 7 7 31 23 2 16 47 20 13 38 42 2
split_gain=51.3224 30.9715 17.5641 12.1371 9.05479 8.92309 8.82284 15.0487 8.62234 7.7538 7.63154 9.78614 10.8646 7.05839 6.83174 8.78743 11.0564 8.50227 14.2786 6.76806 12.1924 7.14904 11.1595 6.74734 6.63549 6.52289 5.80817 9.90526 9.11968 7.16896 10.3311 4.61991 4.39114 5.22777 4.22469 4.06804 3.82822 5.07049 3.80756 3.79982 3.76455 3.70604
threshold=4.5000000000000009 8.5000000000000018 17.500000000000004 1.5000000000000002 1.5000000000000002 25.000000000000004 1.0000000180025095e-35 9.5000000000000018 1.0000000180025095e-35 1.5000000000000002 2.5000000000000004 1.5000000000000002 15.500000000000002 1.5000000000000002 51.000000000000007 1.0000000180025095e-35 -1.0000000180025095e-35 1.5000000000000002 7.5000000000000009 1.0000000180025095e-35 3.5000000000000004 5.5000000000000009 1.0000000180025095e-35 1.5000000000000002 4.5000000000000009 2.5000000000000004 6.5000000000000009 1.5000000000000002 3.5000000000000004 4.5000000000000009 4.5000000000000009 1.0000000180025095e-35 3.5000000000000004 1.0000000180025095e-35 34.500000000000007 1.0000000180025095e-35 8.5000000000000018 1.0000000180025095e-35 3.5000000000000004 19.000000000000004 1.5000000000000002 15.500000000000002
decision_type=2 2 2 2 2 2 2 2 2 2 2 2 2 2 2 2 2 2 2 2 2 2 2 2 2 2 2 2 2 2 2 2 2 2 2 2 2 2 2 2 2 2
left_child=3 2 4 6 8 10 7 14 40 13 38 -12 -13 23 15 16 31 -18 -19 25 -21 -22 24 32 -23 -8 28 -28 29 -5 -31 -1 33 -7 36 -25 37 -3 -4 -32 -2 -30
right_child=1 34 5 26 -6 9 19 -9 -10 -11 11 12 -14 -15 -16 -17 17 18 -20 20 21 22 -24 35 -26 -27 27 -29 41 30 39 -33 -34 -35 -36 -37 -38 -39 -40 -41 -42 -43
leaf_value=0.018653778742017936 -0.090518913912548751 -0.066567896380562055 0.031444354899141255 0.050814148228547316 -0.067042931910710354 -0.071033598172642556 0.021451369624363521 -0.068034536668362108 0.034792955091796585 0.047982583061898211 0.053415486332650253 -0.091226559072661861 0.053586263671751601 0.05638994685095796 -0.028098224500261899 0.075387934334610357 0.075354638978714375 -0.041527723729199585 0.066282911490834873 -0.061953793048995592 0.055961296539189471 0.023841449008997671 0.053881496798931588 -0.0092124120513634149 -0.061534408591024714 -0.067345226151405355 -0.046064518521792823 0.042353006343401979 0.047121667480905571 -0.065695427329170886 -0.0020126829823278358 -0.044653518213992494 0.0424656186283391 0.023664641074740828 0.013898265905023122 -0.08753135015104771 -0.092974456761750757 0.021787769120688645 0.085224633767198438 0.05849832841658674 -0.023831682478320081 0.088925863177742814
leaf_weight=7.9240292645990875 4.1509671136736932 21.116141170263294 11.4481941703707 20.917200107127428 22.970620382577181 5.3209602981805855 4.327879253774884 6.8745860289782277 9.3843008112162334 6.9215831086039534 7.2242084331810501 6.1543843224644643 2.980543315410614 3.6438013389706603 7.5377888493239871 15.847082648426293 16.591014362871647 9.2771535143256205 9.905414801090954 9.3636927306652051 12.652958119288085 5.3008204475045213 8.9969766046851873 3.5533322729170314 10.65928498841822 12.486457392573355 8.4215017035603541 11.959209177643059 17.227987524122 6.5973304063081768 8.4107150323689002 10.354085527360438 4.8643495775759211 3.9319159239530563 2.251524180173873 10.042783081531523 20.978495506569743 2.8535993061959735 9.5812927000224573 7.7602782957255831 16.594974234700203 16.616563204675913
leaf_count=27 25 210 37 63 176 38 14 62 45 20 28 53 8 13 46 39 38 40 24 53 34 21 28 20 72 104 25 36 56 41 28 59 19 21 13 78 276 16 20 20 95 29
internal_value=0 -0.0257975 -0.00988835 0.0184536 -0.0374657 0.00945774 0.00714135 0.0204258 -0.014831 -0.011752 0.0311933 -0.000798859 -0.0438328 -0.0250096 0.0283191 0.0344294 0.0223617 0.0425849 0.0141034 -0.0104013 0.00177706 0.0177141 -0.00168074 -0.0358067 -0.0331183 -0.0444264 0.0355449 0.0057481 0.0433576 0.0244009 4.78269e-05 -0.0171633 -0.0053913 -0.0307318 -0.0691392 -0.0672165 -0.0733306 -0.0559873 0.0560955 0.0270173 -0.0373513 0.0677458
internal_weight=0 175.968 128.768 246.01 53.1009 75.6673 148.099 84.3112 30.1302 38.2787 37.3886 16.3591 9.13493 31.3571 77.4366 69.8988 54.0517 35.7736 19.1826 63.7881 46.9737 37.61 24.9571 27.7133 15.9601 16.8143 97.9108 20.3807 77.5301 43.6855 22.7683 18.2781 14.1172 9.25288 47.1998 13.5961 44.9482 23.9697 21.0295 16.171 20.7459 33.8446
internal_count=2170 1211 696 959 341 355 661 335 165 209 146 89 61 189 273 227 188 102 64 326 208 155 121 176 93 118 298 61 237 152 89 86 78 59 515 98 502 226 57 48 120 85
is_linear=0
shrinkage=0.0625684


Tree=3
num_leaves=43
num_cat=0
split_feature=39 43 42 7 14 49 42 12 39 7 47 38 49 43 29 19 43 47 2 18 42 39 46 3 43 18 27 0 7 19 49 1 20 0 42 16 14 42 43 4 42 16
split_gain=40.4438 29.326 11.1519 10.67 8.53394 8.17866 13.2801 7.53275 9.76733 11.2975 11.9815 9.5487 8.55815 7.5756 6.21824 5.92271 5.77154 5.76685 5.66635 5.52397 5.32878 5.24268 6.38819 5.10282 7.92453 9.26127 7.5883 5.92093 4.89967 8.31013 4.93566 4.8839 9.84752 7.13778 4.49499 4.31986 10.2157 4.99724 6.334 4.86931 4.15863 3.94905
threshold=3.5000000000000004 6.5000000000000009 45.000000000000007 45.000000000000007 5.5000000000000009 12.500000000000002 19.000000000000004 1.5000000000000002 1.0000000180025095e-35 5.5000000000000009 5.5000000000000009 25.000000000000004 9.5000000000000018 4.5000000000000009 1.0000000180025095e-35 23.500000000000004 6.5000000000000009 3.5000000000000004 34.500000000000007 1.0000000180025095e-35 75.000000000000014 6.5000000000000009 55.000000000000007 131.50000000000003 8.5000000000000018 1.0000000180025095e-35 1.5000000000000002 29.500000000000004 14.500000000000002 14.500000000000002 13.500000000000002 3.5000000000000004 1.0000000180025095e-35 4.5000000000000009 7.5000000000000009 1.0000000180025095e-35 1.0000000180025095e-35 1.0000000180025095e-35 4.5000000000000009 1.0000000180025095e-35 9.5000000000000018 8.5000000000000018
decision_type=2 2 2 2 2 2 2 2 2 2 2 2 2 2 2 2 2 2 2 2 2 2 2 2 2 2 2 2 2 2 2 2 2 2 2 2 2 2 2 2 2 2
left_child=7 2 3 35 14 18 -7 8 28 13 11 12 19 40 15 -5 -13 -15 31 -11 -8 22 -4 26 25 -25 -9 -27 30 -30 -1 32 33 -3 -16 37 -37 -2 39 -39 -10 -31
right_child=1 5 21 4 -6 6 20 23 9 10 -12 16 -14 17 34 -17 -18 -19 -20 -21 -22 -23 -24 24 -26 27 -28 -29 29 41 -32 -33 -34 -35 -36 36 -38 38 -40 -41 -42 -43
leaf_value=-0.046867918856448691 -0.063793457162565154 -0.072255438819957524 -0.063433995692125905 0.014728266538095008 0.075304252221364942 -0.092763998163321704 0.06998628294057381 -0.0018732603060419746 0.088705366819768858 0.041526402711846218 -0.07112542809883346 -0.05808045251107237 0.082156268428903403 0.048709849734792664 -0.0013786850186857011 -0.072150938550593485 0.026332771610876309 -0.046574828598713383 0.015911997595864726 -0.0383537044622718 -0.028450988989206696 -0.065675249457974136 0.021449554270648881 -0.072288996040087414 0.078558837148705832 -0.02781443159116093 0.057446847039333004 0.04545131235678089 0.037576366250608242 -0.093358666967284218 0.033586221191705387 -0.093995430114586498 0.068626700162973092 0.032233182241722926 0.069103735467478153 0.056912511878470039 -0.055757863992311744 0.027883105274026498 -0.071621357938917801 -0.035877542202714836 0.039375104311052851 0.012260799462452465
leaf_weight=19.563858788460497 8.6114660464227182 29.380758950486779 5.5656379573047188 8.038540683686735 12.672671407461165 4.9234297499060622 5.8681127764284593 10.517959199845789 13.736633703112604 7.7023226059973258 7.5248318538069716 8.5010564178228361 10.236709013581274 4.8784306272864324 5.8337944969534865 4.9158627688884726 4.9997743219137183 5.0028661303222179 3.2871978990733615 5.9922032542526722 3.3467488158494234 12.838116873055695 9.0800406429916602 5.6798550039529863 5.8096143975853911 6.743853751569989 41.970753241330385 11.826106715947388 12.430881492793562 3.5744332335889331 3.4803893379867068 18.894841091707349 2.3480576127767554 2.7692823857069007 8.861196890473364 9.2327607311308366 4.7347133643925181 13.87748876959086 5.0256576240062705 7.0327745750546447 13.422228403389452 2.2112891189754009
leaf_count=125 67 347 39 31 28 68 21 40 23 25 64 50 22 18 33 36 18 36 17 25 38 116 37 32 12 34 100 27 50 36 18 210 8 19 23 27 37 63 51 39 43 17
internal_value=0 -0.0210485 -0.00170925 0.00905824 0.0328371 -0.0527823 -0.0100867 0.0191397 0.00932705 0.0218239 0.000712359 0.0152334 0.0389687 0.0473942 0.013266 -0.0182543 -0.0267495 0.000360875 -0.0634006 0.00648465 0.0341406 -0.0365229 -0.0108023 0.0337685 0.0131401 -0.00257232 0.0455451 0.0187822 -0.0154784 0.00871661 -0.0346379 -0.0683112 -0.054135 -0.0631967 0.041107 -0.010691 0.0185984 -0.0225714 -0.00877776 0.00636248 0.0644443 -0.0529597
internal_weight=0 187.139 116.321 88.8369 40.3221 70.8184 14.1383 205.806 123.258 81.9971 44.9569 37.4321 23.9312 37.0402 27.6494 12.9544 13.5008 9.8813 56.6801 13.6945 9.21486 27.4838 14.6457 82.5481 30.0594 24.2498 52.4887 18.57 41.2609 18.2166 23.0442 53.3929 34.4981 32.15 14.695 48.5149 13.9675 34.5474 25.9359 20.9103 27.1589 5.78572
internal_count=2170 1355 627 435 151 728 127 815 570 324 204 140 72 120 123 67 68 54 601 50 59 192 76 245 105 93 140 61 246 103 143 584 374 366 56 284 64 220 153 102 66 53
is_linear=0
shrinkage=0.0625684


Tree=4
num_leaves=43
num_cat=0
split_feature=47 43 46 42 38 4 46 27 39 6 7 19 3 47 46 49 14 3 38 1 11 49 21 49 7 5 9 39 27 16 39 42 7 48 38 39 48 49 20 49 5 39
split_gain=32.0396 26.6343 13.5206 15.0696 11.042 10.3907 9.04941 8.42107 7.61661 7.50136 10.2418 6.99043 7.2608 6.53986 6.30974 5.83007 5.69607 12.3323 5.67427 5.37066 7.77177 5.25776 4.59458 5.44671 4.42909 6.2441 4.32365 3.99092 3.90872 3.88226 3.81323 3.62935 3.52224 7.87996 3.45998 6.53503 3.33591 3.1939 2.94876 2.76191 2.74749 2.54487
threshold=3.5000000000000004 2.5000000000000004 19.000000000000004 85.000000000000014 45.000000000000007 1.0000000180025095e-35 65.000000000000014 8.5000000000000018 15.500000000000002 2.5000000000000004 4.5000000000000009 1.5000000000000002 17.500000000000004 1.5000000000000002 3.5000000000000004 12.500000000000002 2.5000000000000004 43.000000000000007 25.000000000000004 11.500000000000002 1.5000000000000002 6.5000000000000009 1.0000000180025095e-35 14.500000000000002 1.5000000000000002 1.5000000000000002 2.5000000000000004 1.5000000000000002 1.0000000180025095e-35 1.0000000180025095e-35 1.5000000000000002 55.000000000000007 25.500000000000004 3.5000000000000004 85.000000000000014 8.5000000000000018 2.5000000000000004 5.5000000000000009 1.0000000180025095e-35 8.5000000000000018 1.0000000180025095e-35 4.5000000000000009
decision_type=2 2 2 2 2 2 2 2 2 2 2 2 2 2 2 2 2 2 2 2 2 2 2 2 2 2 2 2 2 2 2 2 2 2 2 2 2 2 2 2 2 2
left_child=4 11 14 15 5 9 29 8 22 10 27 -2 -13 16 -3 19 17 24 -14 20 28 36 23 34 -7 30 31 -1 37 -5 -26 38 -27 -34 -6 -36 -18 -4 -16 -23 -12 -29
right_child=1 2 3 6 7 13 -8 -9 -10 -11 40 12 18 -15 26 -17 21 -19 -20 -21 -22 39 -24 -25 25 32 -28 41 -30 -31 -32 -33 33 -35 35 -37 -38 -39 -40 -41 -42 -43
leaf_value=-0.011423739750144393 0.057892234249602409 0.0025398213442311122 -0.034584415413871736 -0.058155608063089469 -0.068483233662911841 0.077448741172039995 -0.090075644811817901 0.047128064563508869 0.068316799354254776 0.06984437185835983 -0.095339744232570994 -0.053482351236391078 0.051555784845588877 0.05339987900737718 -0.088059461701408451 0.046719867183880562 0.045736895535558098 -0.060112324975483009 -0.017635466935065916 -0.061268995511789173 0.061061355495825337 0.085104063238253549 0.036525328215410227 0.025123459583991415 -0.095405519979613856 0.05923238361066728 0.0063900672308154884 0.046437108955397294 -0.058208068945206082 0.039808703737118929 0.00434933095499619 -0.00037668733458861019 -0.058741677311077156 0.034919567685822522 0.014028532241028699 -0.092253104419786916 -0.011759174273432411 0.035940858290751818 -0.016977124276412198 0.03848899306291298 -0.033348235093323846 0.001439171740966203
leaf_weight=21.176525425165892 13.270794905722139 4.7871552631258956 4.4734677933156579 2.6778544448316124 16.996184814721353 5.0329892486333838 14.407981952652333 7.5570106320083132 3.0959836281836024 5.4271730147302142 4.7254869528114778 6.7620659880340126 10.794388022273781 38.455173959955573 33.47327690012753 9.2287912927567941 7.0607627108693114 8.5321225225925428 8.0654123313724977 6.2950393557548514 6.5838895663619033 10.135215155780317 3.2709093652665606 4.183031987398862 2.8376055881381026 8.9861247465014475 2.4810354672372332 11.626683473587038 6.2151870764791957 3.7741944864392281 3.0940126851201057 2.229649279266595 4.6506236754357841 14.039288822561501 6.6546461619436723 3.3849060609936714 8.8446712009608728 5.6421788856387138 2.5132449418306342 10.188034202903507 7.1459374725818634 8.606613125652073
leaf_count=124 39 32 30 26 143 9 173 26 13 13 36 37 31 123 427 40 22 59 38 53 24 22 15 24 26 28 13 33 51 24 16 13 37 69 43 39 31 28 21 34 39 46
internal_value=0 -0.0230932 -0.039506 -0.0197774 0.0147014 0.0216226 -0.0625508 -0.0129537 -0.0250942 0 -0.00715571 0.0210929 0.00193927 0.0320383 -0.065169 0.00343999 0.0221581 0.00778948 0.0219281 -0.0102336 0.0038063 0.0408125 -0.0335689 -0.0409795 0.02285 0.0145723 -0.0731564 0.00751846 -0.0192853 -0.000768014 -0.04345 -0.0783508 0.027085 0.0114917 -0.0512664 -0.0218799 0.0137367 0.00463157 -0.0831462 0.0618911 -0.0583142 0.0273849
internal_weight=0 143.676 104.783 59.2986 225.708 180.565 20.86 45.1427 37.5857 58.7084 53.2812 38.8927 25.6219 121.857 45.4844 38.4386 83.4015 47.1728 18.8598 29.2098 22.9147 36.2287 34.4897 31.2188 38.6406 33.6077 40.6972 41.4098 16.3308 6.45205 5.93162 38.2162 27.676 18.6899 27.0357 10.0396 15.9054 10.1156 35.9865 20.3232 11.8714 20.2333
internal_count=2170 1100 955 449 1070 767 223 303 277 291 278 145 106 476 506 226 353 244 69 186 133 109 264 249 185 176 474 203 109 50 42 461 134 106 225 82 53 58 448 56 75 79
is_linear=0
shrinkage=0.0625684


Tree=5
num_leaves=43
num_cat=0
split_feature=39 43 47 3 9 8 7 5 5 48 42 3 6 39 3 49 43 5 49 39 42 16 15 46 46 46 0 2 11 19 38 49 0 43 3 1 13 3 26 38 1 6
split_gain=29.8588 17.6346 9.09483 7.78271 6.94495 6.72789 5.97565 7.18342 9.09713 6.7974 5.96473 6.03698 5.0401 6.68817 4.86425 4.50106 4.46524 6.00492 6.57679 4.85749 4.23393 3.91135 3.91583 3.88895 3.88492 3.77906 5.81332 3.96759 3.76236 4.86031 4.11706 3.55536 4.72766 3.53008 3.4513 3.2487 2.66144 2.63269 3.72726 9.37377 3.38573 2.5563
threshold=4.5000000000000009 4.5000000000000009 6.5000000000000009 57.500000000000007 2.5000000000000004 1.5000000000000002 5.5000000000000009 1.5000000000000002 3.5000000000000004 1.5000000000000002 45.000000000000007 1.5000000000000002 1.5000000000000002 1.0000000180025095e-35 7.5000000000000009 13.500000000000002 1.0000000180025095e-35 1.0000000180025095e-35 6.5000000000000009 13.500000000000002 6.5000000000000009 1.0000000180025095e-35 2.5000000000000004 10.500000000000002 4.5000000000000009 45.000000000000007 1.0000000180025095e-35 1.0000000180025095e-35 2.5000000000000004 4.5000000000000009 19.000000000000004 7.5000000000000009 15.500000000000002 2.5000000000000004 7.5000000000000009 3.5000000000000004 1.0000000180025095e-35 61.500000000000007 1.0000000180025095e-35 19.000000000000004 14.500000000000002 1.0000000180025095e-35
decision_type=2 2 2 2 2 2 2 2 2 2 2 2 2 2 2 2 2 2 2 2 2 2 2 2 2 2 2 2 2 2 2 2 2 2 2 2 2 2 2 2 2 2
left_child=3 4 15 6 10 -4 12 9 14 -8 16 -12 13 34 -9 24 17 -2 -19 28 -16 -10 -23 -15 -3 27 -27 -26 29 41 -31 35 -33 -25 -1 -29 -11 -5 39 -39 -41 -18
right_child=1 2 5 37 -6 -7 7 8 21 36 11 -13 -14 23 20 -17 19 18 -20 -21 -22 22 -24 33 25 26 -28 31 -30 30 -32 32 -34 -35 -36 -37 -38 38 -40 40 -42 -43
leaf_value=-0.002013986866641664 -0.082945313376228388 -0.084536669209062748 -0.074018828455058902 0.068003278272355749 0.056348898223933894 0.0081747538125719974 0.041121407598385132 0.060609347697346716 -0.069138638307720976 -0.076167408330149913 0.040116972126577423 -0.06638629982453248 0.082597930574299636 0.050915313726217347 0.038407817502524186 0.025331142210956958 -0.0085173188761683751 -0.060777148535974553 0.033367888700388856 0.066336432021771877 -0.040958071941691682 -0.041759337603349309 0.0075118813929190009 0.036936320084258047 -0.069391366641530283 0.012448411046481164 -0.091687371646316185 0.068282145379752093 0.046060054396028442 -0.0020517643678817131 -0.09473938293501806 -0.090010873656578103 0.029689632897552887 -0.021548795375125659 -0.072654334508497051 -0.0049731541817623418 -0.0070092515926977869 -0.056410226897367924 0.03757645561073749 0.065638401344227743 0.0039064932020772321 0.043334624781126513
leaf_weight=11.694294806569813 4.703779365867379 4.5020163245499161 33.144274098798633 7.1004590615630141 7.766626924276351 4.3835083842277518 3.0829346068203476 12.989675004035236 4.5610239543020716 10.361664492636917 2.5845488160848609 10.108217045664786 4.8708837181329718 18.367686713114381 5.9477244801819307 6.7403291426599017 8.7423107363283687 4.4881273955106726 8.0920039713382703 6.1337805576622477 4.6619049087166786 8.9390512853860873 21.219619564712048 8.3366238474845904 3.027427274733788 3.2346234805881959 5.8160930909216404 4.7186084128916246 6.7629273161292067 3.8235067129135123 3.701446395367384 2.6659556180238715 2.4346233084797859 7.7589647099375716 3.5050562694668761 4.6675229631364346 2.8110027499496928 6.4908345974981811 46.7293556407094 6.8599100708961469 7.1118259280920029 6.4039352126419535
leaf_count=66 44 60 466 20 21 30 13 39 33 89 11 90 12 64 20 38 48 38 32 19 32 66 119 21 31 26 66 20 26 19 26 33 10 55 36 31 19 46 156 21 32 26
internal_value=0 -0.0213126 -0.042565 0.0155763 0.00052064 -0.0643897 0.00627832 -0.00522039 0.00502034 -0.0419642 -0.00610278 -0.0445643 0.0220168 0.0160016 0.0349822 -0.0208348 0.00313511 -0.0229006 -0.000202686 0.0158277 0.00341072 -0.0153269 -0.00708504 0.0312531 -0.0309031 -0.021678 -0.0544381 -0.0046145 0.00520179 -0.00698677 -0.0480062 0.00897317 -0.0328352 0.00868789 -0.0184995 0.0318462 -0.0615481 0.0317097 0.0278263 0.00548121 0.0343788 0.0133794
internal_weight=0 148.646 75.335 203.4 73.3112 37.5278 129.108 74.5746 58.319 16.2556 65.5446 12.6928 54.5335 49.6626 23.5993 37.8072 52.8518 17.2839 12.5801 35.5679 10.6096 34.7197 30.1587 34.4633 31.0669 26.5649 9.05072 17.5141 29.4341 22.6712 7.52495 14.4867 5.10058 16.0956 15.1994 9.38613 13.1727 74.2924 67.1919 20.4626 13.9717 15.1462
internal_count=2170 1211 811 959 400 496 684 430 309 121 379 101 254 242 91 315 278 114 70 164 52 218 185 140 277 217 92 125 145 119 45 94 43 76 102 51 108 275 255 99 53 74
is_linear=0
shrinkage=0.0625684


Tree=6
num_leaves=43
num_cat=0
split_feature=39 43 23 47 8 10 29 42 43 48 35 26 6 4 39 38 5 3 27 1 46 3 46 39 42 47 43 48 4 16 3 12 48 7 46 3 49 48 26 7 49 48
split_gain=20.457 14.2663 7.45798 6.76809 6.8473 6.71412 6.65304 5.52925 5.72679 5.52405 5.45179 5.39837 8.74264 6.79059 6.53208 5.97084 5.35283 4.85355 4.71707 5.46878 5.58782 5.13903 10.4289 4.60989 5.35518 5.72601 6.03287 4.53281 3.86405 3.80651 3.5026 7.17327 5.01051 4.49129 3.44173 5.40441 6.00075 4.62947 3.34987 2.90405 2.7971 2.36439
threshold=3.5000000000000004 4.5000000000000009 2.5000000000000004 8.5000000000000018 1.0000000180025095e-35 1.0000000180025095e-35 1.0000000180025095e-35 25.000000000000004 1.0000000180025095e-35 3.5000000000000004 1.0000000180025095e-35 1.5000000000000002 9.5000000000000018 7.5000000000000009 1.0000000180025095e-35 35.000000000000007 18.000000000000004 1.5000000000000002 13.500000000000002 3.5000000000000004 16.500000000000004 13.500000000000002 25.000000000000004 1.0000000180025095e-35 4.5000000000000009 6.5000000000000009 4.5000000000000009 5.5000000000000009 1.0000000180025095e-35 1.0000000180025095e-35 7.5000000000000009 5.5000000000000009 4.5000000000000009 14.500000000000002 65.000000000000014 20.500000000000004 5.5000000000000009 4.5000000000000009 1.0000000180025095e-35 64.000000000000014 7.5000000000000009 6.5000000000000009
decision_type=2 2 2 2 2 2 2 2 2 2 2 2 2 2 2 2 2 2 2 2 2 2 2 2 2 2 2 2 2 2 2 2 2 2 2 2 2 2 2 2 2 2
left_child=11 2 5 9 -5 6 7 8 29 10 -3 12 13 23 -14 16 -16 -9 19 21 39 22 -11 30 -25 34 -27 28 -10 -2 33 32 -32 -1 35 37 -37 -26 -19 -21 -23 -13
right_child=1 3 -4 4 -6 -7 -8 17 27 18 -12 41 14 -15 15 -17 -18 38 -20 20 -22 40 -24 24 25 26 -28 -29 -30 -31 31 -33 -34 -35 -36 36 -38 -39 -40 -41 -42 -43
leaf_value=-0.006819027048723684 -0.060057926328464635 -0.073721535808767072 0.049598000167338431 -0.072612772010253956 0.0010718587508691986 -0.065676649116249694 0.041169711299231464 0.019281043046553443 0.023884026330903012 -0.078873011561420361 0.02913385287349678 0.027870226878735544 -0.08088838686713265 0.067409120579046591 -0.029011728438862433 -0.068240791273755749 0.051460370765064406 -0.076157794739895257 0.06001134035715 -0.048558146193207287 -0.087311786234614802 0.075744903568744248 0.02979540757289223 0.047946772842533514 -0.0034229485159158568 0.018040086916195675 -0.068844426657103386 0.047698990012450711 -0.056446806356099832 0.010309202659139321 -0.00529392050809201 0.05997585556030207 -0.079812468492834049 0.056290144545297502 0.060496199358118993 0.02556530156119358 -0.061808416384973919 0.051867162317300375 4.8681326822026104e-05 0.035682931948649896 0.0043685876300803535 0.068542931480773825
leaf_weight=14.699951346963646 6.8536473773419839 11.017881419509648 11.3768376968801 24.206866160035137 6.1615035794675341 6.4343110732734194 12.979970436543224 4.19887197762728 5.7268759310245532 6.3836468234658259 2.4317058138549319 17.167149253189567 5.997506923973563 9.5812951587140542 5.7479202561080474 4.376786231994628 7.2957565821707249 9.5031802952289564 3.5359945446252814 3.0892372205853444 6.6981619633734226 4.4097008891403657 7.4506948627531528 21.488114133477211 9.5757397674024123 6.1001103855669481 6.3335843831300735 13.102571822702883 3.9123649522662163 5.2890226915478706 6.7256012652069348 3.0830791145563117 7.4985372498631477 6.2590812705457202 7.4545395188033572 5.8491714000701887 6.4017857015132904 15.36305635422468 2.9205311574041835 3.2505912557244301 4.239794809371233 8.4589005447924119
leaf_count=91 67 141 35 372 51 50 52 18 26 78 17 52 56 31 32 29 24 83 16 32 80 14 46 64 40 27 68 46 29 28 44 8 73 20 25 21 40 48 21 18 35 22
internal_value=0 -0.0158017 0.00263916 -0.0341212 -0.0576412 -0.00489766 0.00117999 -0.00889593 0.00523188 -0.0204692 -0.0550167 0.0148757 0.0103219 0.0168326 -0.0247504 -0.00524278 0.0159302 -0.0385631 -0.00850777 -0.0154092 -0.0475982 0.00324968 -0.0203363 0.0126574 0.0213311 0.0112697 -0.0261939 0.0237727 -0.00868707 -0.0293718 -0.00512491 -0.0259513 -0.0447499 0.0120335 0.0217401 0.0138948 -0.0200451 0.0306165 -0.0582015 -0.00522998 0.0410359 0.0414103
internal_weight=0 165.174 82.2982 82.8758 30.3684 70.9213 64.487 51.5071 34.8845 52.5074 13.4496 175.458 149.832 126.414 23.418 17.4205 13.0437 16.6226 39.0578 35.5218 13.038 22.4838 13.8343 116.832 78.5661 57.078 12.4337 22.7418 9.63924 12.1427 38.2663 17.3072 14.2241 20.959 44.6443 37.1898 12.251 24.9388 12.4237 6.33983 8.6495 25.626
internal_count=2170 1355 455 900 423 420 370 318 196 477 158 815 741 600 141 85 56 122 319 303 130 173 124 569 333 269 95 101 55 95 236 125 117 111 174 149 61 88 104 50 49 74
is_linear=0
shrinkage=0.0625684


Tree=7
num_leaves=43
num_cat=0
split_feature=39 43 38 43 27 47 42 29 49 43 19 49 47 16 6 19 39 49 4 3 19 5 49 0 0 27 2 6 31 43 4 19 42 47 48 20 39 1 46 0 0 19
split_gain=19.0004 13.4218 7.19615 12.2097 6.41557 6.36149 5.80246 4.89737 6.00837 4.78972 6.02329 4.76916 5.45632 6.76109 5.06636 4.08566 4.04908 8.61601 5.22612 3.6712 3.66232 5.25147 3.62686 3.39679 3.3476 5.9111 3.11707 3.03414 3.0235 2.81265 2.77156 7.78476 3.22261 2.76972 2.75722 2.74113 2.73628 4.15451 2.72309 5.69353 5.71802 3.45007
threshold=4.5000000000000009 8.5000000000000018 9.5000000000000018 6.5000000000000009 15.500000000000002 3.5000000000000004 35.000000000000007 1.0000000180025095e-35 6.5000000000000009 8.5000000000000018 1.5000000000000002 5.5000000000000009 4.5000000000000009 1.5000000000000002 8.5000000000000018 8.5000000000000018 1.5000000000000002 6.5000000000000009 7.5000000000000009 31.500000000000004 23.500000000000004 6.5000000000000009 7.5000000000000009 14.500000000000002 5.5000000000000009 1.5000000000000002 34.500000000000007 2.5000000000000004 5.5000000000000009 11.500000000000002 1.0000000180025095e-35 2.5000000000000004 55.000000000000007 6.5000000000000009 6.5000000000000009 1.0000000180025095e-35 6.5000000000000009 1.5000000000000002 45.000000000000007 5.5000000000000009 2.5000000000000004 9.5000000000000018
decision_type=2 2 2 2 2 2 2 2 2 2 2 2 2 2 2 2 2 2 2 2 2 2 2 2 2 2 2 2 2 2 2 2 2 2 2 2 2 2 2 2 2 2
left_child=2 11 3 7 6 -5 16 24 -9 10 -8 20 14 -14 38 -12 17 18 -4 -15 21 36 -18 -16 25 -1 30 34 -17 -11 -3 32 -32 35 -26 -33 37 -2 39 40 41 -13
right_child=1 26 4 5 -6 -7 9 8 -10 29 15 12 13 19 23 28 22 -19 -20 -21 -22 -23 -24 -25 27 -27 -28 -29 -30 -31 31 33 -34 -35 -36 -37 -38 -39 -40 -41 -42 -43
leaf_value=0.013165174945236124 0.037899219977132595 -0.079420152247796 -0.00033295743071944036 0.020006396637625969 0.075589858693556153 -0.087373515817964709 0.019115507764940046 -0.089122283247919362 0.0074323127396672059 0.061426851897009013 -0.082590701989009085 0.00093359048951530859 -0.049724938633331855 0.056693083490673396 0.019500950098309183 0.0083442975670023432 0.021310073332364912 -0.047595069410178686 0.075881377123131949 -0.022464093587497343 -0.072811757508045999 0.036824084224912332 0.0574706495756451 0.081945623715268853 -0.013897126526447546 -0.064143300586430307 0.011416860962767087 0.059258508512189806 -0.061812027962968946 -0.0024787325253825755 -0.032564913365224407 -0.057547477729730075 0.060477549430089504 -0.08622838648526622 0.048140677904390514 0.024159807563409123 -0.050785440221425886 -0.046539157694184166 0.039875577113764146 -0.078258315351078467 0.059451365960119476 -0.072622912398686498
leaf_weight=31.926660247147083 4.4704281352460473 11.820336716249583 7.3084263168275374 2.8297733701765528 8.3362616747617704 8.7442534640431386 12.076835688203575 4.151671960949896 6.2953913323581219 6.3512277752161008 5.5490657202899483 11.94423510134221 13.286256024613978 4.9156749565154296 7.6355445981025678 6.8409120254218561 20.372945223003626 7.2675576098263255 6.7137385755777359 4.2248096466064453 5.3304826766252509 5.7282197177410117 23.690191630274057 6.2610120549798012 6.5669286474585551 4.3708315901458255 2.9991281405091277 10.391217172145842 3.6527072601020336 4.6067283563315868 2.5235411804169443 5.9457859713584202 3.3365193847566843 9.3031729394569975 4.8262838087975979 2.1548824124038219 11.585682766512035 4.5837683882564306 6.0036189854145041 3.693417612463235 5.6159881949424735 3.1130630038678637
leaf_count=175 21 199 33 13 19 103 47 30 34 24 41 76 147 23 41 39 85 49 16 30 45 27 72 11 34 42 13 29 24 31 31 74 18 166 19 14 126 40 35 38 18 18
internal_value=0 -0.0178631 0.0126409 -0.00168602 0.0228253 -0.0610418 0.0185801 0.0083471 -0.0309926 -0.000466213 -0.0141692 -0.00563718 0.0038466 -0.0212554 0.0165954 -0.0392828 0.0299802 0.00749496 0.0361716 0.0200356 -0.0256093 -0.0159456 0.0408053 0.0478427 0.0154558 0.00377537 -0.0493884 0.0348317 -0.0160881 0.0345331 -0.0546238 -0.0418822 0.0202636 -0.0628699 0.0123486 -0.0356656 -0.0306801 -0.00473982 0.00222448 -0.00704811 0.00572503 -0.0143262
internal_weight=0 136.476 192.87 80.103 112.767 11.574 104.43 68.529 10.4471 39.0775 28.1195 98.3922 66.6936 22.4267 44.2669 16.0427 65.3529 21.2897 14.0222 9.14048 31.6986 26.3681 44.0631 13.8966 58.0819 36.2975 38.0834 21.7844 10.4936 10.958 35.0842 23.2639 5.86006 17.4038 11.3932 8.10067 20.6399 9.0542 30.3703 24.3667 20.6733 15.0573
internal_count=2170 1211 959 479 480 116 461 363 64 206 151 696 437 200 237 104 255 98 49 53 259 214 157 52 299 217 515 82 63 55 502 303 49 254 53 88 187 61 185 150 112 94
is_linear=0
shrinkage=0.0625684


Tree=8
num_leaves=43
num_cat=0
split_feature=43 47 39 42 6 49 47 46 5 4 2 13 49 19 16 4 42 42 15 19 46 46 38 19 4 49 39 6 13 38 7 46 11 48 5 6 49 5 26 3 9 48
split_gain=16.7546 15.4932 6.75687 6.472 5.36201 5.30805 6.55625 6.46794 4.43679 4.18199 4.06368 7.15312 4.01975 5.3224 4.23697 4.56043 4.01162 6.41 4.19911 3.93196 6.78517 3.8383 3.77318 6.93386 4.18143 3.07187 3.53392 3.08617 3.00589 3.00035 2.73355 3.36432 2.82876 2.62823 5.76057 4.11181 2.59626 2.33857 2.32451 2.91472 2.31352 2.29667
threshold=5.5000000000000009 6.5000000000000009 3.5000000000000004 45.000000000000007 1.0000000180025095e-35 3.5000000000000004 9.5000000000000018 4.5000000000000009 11.500000000000002 2.5000000000000004 23.000000000000004 2.5000000000000004 4.5000000000000009 1.5000000000000002 1.0000000180025095e-35 3.5000000000000004 55.000000000000007 85.000000000000014 40.500000000000007 27.500000000000004 35.000000000000007 3.5000000000000004 45.000000000000007 1.0000000180025095e-35 1.0000000180025095e-35 10.500000000000002 2.5000000000000004 1.0000000180025095e-35 2.5000000000000004 9.5000000000000018 4.5000000000000009 35.000000000000007 1.5000000000000002 4.5000000000000009 2.5000000000000004 4.5000000000000009 11.500000000000002 18.000000000000004 1.0000000180025095e-35 10.500000000000002 1.0000000180025095e-35 5.5000000000000009
decision_type=2 2 2 2 2 2 2 2 2 2 2 2 2 2 2 2 2 2 2 2 2 2 2 2 2 2 2 2 2 2 2 2 2 2 2 2 2 2 2 2 2 2
left_child=3 2 4 5 -2 6 7 28 30 -6 11 19 13 -5 -14 -16 21 -18 -19 22 -21 -3 24 -24 25 27 -27 -7 38 41 31 36 -32 -13 -35 -36 -4 -10 39 -1 -17 -26
right_child=1 16 8 12 9 10 -8 -9 37 -11 -12 33 14 -15 15 40 17 18 -20 20 -22 -23 23 -25 29 26 -28 -29 -30 -31 32 -33 -34 34 35 -37 -38 -39 -40 -41 -42 -43
leaf_value=0.018539965807115161 -0.023685745091044531 0.021303055650032925 -0.079886283218637666 0.054669639552780008 0.074084150985070416 0.030111637825394107 0.067341492474839421 -0.054458992733576038 0.048711099105035981 0.0141464558078286 -0.025289612725971557 0.066233518246662987 -0.068622550654123107 -0.035392154436540466 0.050271397388989211 -0.078029395984560906 0.023790569740985552 -0.075736073865855957 0.025196529288269445 -0.061989734761646556 0.052813230272586241 -0.072320627611395544 0.036415003774544867 -0.061190690542757047 -0.0078010233635979831 0 -0.079633487576304257 -0.027892647737433818 -0.0417393384599411 0.047147617107280465 -0.067913702658743136 0.037513727994215797 -0.01266582766350619 -0.023120105010534329 0.086969327252973447 0.022926550896907004 0.018479170287822966 -0.01953618167980558 0.044773150899849165 -0.042432185704211617 -0.0027096752280473522 0.031535336268337259
leaf_weight=9.6118804477155262 6.6758025251328972 1.8138173706829572 2.6519067548215407 5.5391677543520945 8.4044649899005908 16.546077560633428 4.2216186970472327 11.094339482486246 4.7979848347604257 10.07452644407749 7.4932439662516108 14.697694584727286 8.2945507802069205 4.7228973247110844 3.4080929942429048 3.0530156046152115 6.2687933892011669 8.2950691329315287 1.9652373492717732 6.2929959632456285 2.9188686572015285 23.7568318862468 5.2230116687715036 6.1754625029861927 9.1724167875945586 7.2402979172766191 3.0917835123836994 4.5367075689136973 4.7609888501465312 27.210622638463974 9.9982476476579887 4.0239545367658138 5.7978216893970957 5.5369230993092087 6.9277807101607349 9.2209298610687238 1.6825891137123106 3.2611909061670303 6.3038389533758155 4.4678850993514052 3.3786458484828472 15.58928983286023
leaf_count=47 45 12 39 18 22 82 14 74 25 44 42 41 82 40 20 32 43 147 15 61 11 382 30 55 54 46 25 31 29 91 129 22 50 34 14 40 12 27 23 36 15 69
internal_value=0 -0.0212557 -7.77114e-05 0.00975701 0.0241851 0.0139589 -0.00609734 -0.0147368 -0.0190637 0.0415506 0.0194543 0.0218559 -0.0180561 0.013132 -0.0357583 -0.00780509 -0.0500654 -0.0258565 -0.0562767 0.0134789 -0.0254341 -0.0656172 0.01728 -0.0163925 0.0219008 0.00383287 -0.0240228 0.0175531 0.00279379 0.0327912 -0.0324841 -0.00338073 -0.0477746 0.0457362 0.031713 0.0505912 -0.0415967 0.02099 0.0133007 -0.00078339 -0.0388513 0.0169282
internal_weight=0 99.4682 57.3685 216.731 25.1548 188.335 40.4606 36.2389 32.2137 18.479 147.874 140.381 28.3964 10.2621 18.1343 9.83975 42.0997 16.5291 10.2603 103.998 9.21186 25.5706 94.7857 11.3985 83.3872 31.4149 10.3321 21.0828 25.1446 51.9723 24.1545 8.35845 15.7961 36.3833 21.6856 16.1487 4.3345 8.05918 20.3836 14.0798 6.43166 24.7617
internal_count=2170 1014 415 1156 111 949 223 209 304 66 726 684 207 58 149 67 599 205 162 555 72 394 483 85 398 184 71 113 135 214 252 73 179 129 88 54 51 52 106 83 47 123
is_linear=0
shrinkage=0.0625684


Tree=9
num_leaves=43
num_cat=0
split_feature=39 43 47 8 38 43 47 9 19 7 7 46 38 19 0 2 12 5 42 43 27 12 0 15 38 14 17 48 49 5 42 47 22 48 39 4 49 1 6 46 27 46
split_gain=16.5707 9.31054 4.85346 5.12747 4.4997 8.49722 4.04771 3.73505 7.28966 4.92073 3.39452 4.50318 3.72856 5.53295 3.09349 4.98921 2.66323 2.54798 2.38002 2.54195 3.49529 2.35761 4.48015 3.80098 3.32137 2.7099 2.71152 2.44568 4.4767 3.68991 2.32534 4.13386 6.48524 3.13619 3.14052 2.81045 2.30631 2.28894 4.88756 3.77424 2.28403 2.12367
threshold=4.5000000000000009 4.5000000000000009 6.5000000000000009 1.5000000000000002 9.5000000000000018 5.5000000000000009 3.5000000000000004 2.5000000000000004 30.500000000000004 47.500000000000007 1.0000000180025095e-35 25.000000000000004 45.000000000000007 16.500000000000004 7.5000000000000009 20.500000000000004 1.5000000000000002 11.500000000000002 25.000000000000004 2.5000000000000004 2.5000000000000004 1.0000000180025095e-35 1.0000000180025095e-35 33.500000000000007 1.0000000180025095e-35 4.5000000000000009 1.5000000000000002 5.5000000000000009 9.5000000000000018 1.0000000180025095e-35 6.5000000000000009 1.5000000000000002 1.0000000180025095e-35 3.5000000000000004 1.5000000000000002 1.0000000180025095e-35 3.5000000000000004 1.5000000000000002 9.5000000000000018 8.5000000000000018 1.0000000180025095e-35 55.000000000000007
decision_type=2 2 2 2 2 2 2 2 2 2 2 2 2 2 2 2 2 2 2 2 2 2 2 2 2 2 2 2 2 2 2 2 2 2 2 2 2 2 2 2 2 2
left_child=4 7 36 -4 5 21 -7 8 9 14 11 -6 30 40 18 -16 17 -11 19 20 -2 22 24 25 27 26 -23 29 -29 -1 -12 32 35 41 -35 -32 -3 39 -39 -38 -14 -33
right_child=1 2 3 -5 10 6 -8 -9 -10 16 12 -13 13 -15 15 -17 -18 -19 -20 -21 -22 23 -24 -25 -26 -27 -28 28 -30 -31 31 33 -34 34 -36 -37 37 38 -40 -41 -42 -43
leaf_value=-0.070621680461547598 -0.018686165916671913 -0.05340083645935343 -0.061867186875663845 0.013166572300826688 0.020915144128880292 0.0078532653179079759 -0.075939251730440457 0.043064662368096758 -0.069407829329629245 -0.026096229967330152 0.051824104240626306 -0.064166103614974226 -0.011377888788431111 -0.053942941501024785 -0.078999544499284868 0.027417202849177376 0.063912464650731207 0.043451532646637737 -0.0281872348046052 0.051460980208831747 0.049079590894891029 0.02791927747409749 -0.062211868053857734 -0.030660969099245247 0.053661456160001467 0.064712130429683906 -0.028124562838531986 0.063992664246174155 -0.017644269156543074 0.007170137361370032 0.0059819642641639808 -0.030135998413576063 0.060668188176473049 0.011097782537338121 0.056359133614183342 -0.062071840994306737 -0.045037415425120346 -0.05710222870555072 0.018511121223014584 0.031256056632395439 0.033920034528969342 0.033873483969703681
leaf_weight=4.2857193760573953 11.430604439228778 5.6492429450154296 26.970276687294248 4.0683956742286673 5.8852003589272481 3.1774212233722192 7.520806223154068 6.8512386530637732 6.2315239049494258 3.9910108074545843 17.01856161467731 4.0952894948422909 6.5120718367397847 5.1778885759413233 5.3263473920524111 2.5036811716854572 6.2030004858970633 4.1812634617090225 8.5230992138385755 4.6727818548679343 3.992218665778636 20.248154647648342 4.3688137605786315 4.9506786279380313 4.6639647036790839 6.3074574619531623 4.0085849389433852 4.4054155349731428 6.3952201679348946 5.2736476510763168 4.1322193965315801 4.1847237683832628 4.1423670798540106 8.2423153929412383 22.906878717243671 5.452485416084528 3.4813215136528042 8.3259710259735566 5.5304712206125251 9.0655510388314706 12.875428956001995 3.8760483972728252
leaf_count=37 76 73 466 30 28 16 105 21 55 27 51 23 46 42 59 16 18 17 74 18 19 94 47 35 14 16 30 13 41 31 24 27 9 43 72 35 44 105 34 59 60 20
internal_value=0 -0.0173056 -0.0343495 -0.0519928 0.0122035 0.000560445 -0.0510013 -0.000452724 -0.00571972 0.00210726 0.0206137 -0.0139817 0.024282 0.00325493 -0.0100978 -0.0448587 0.0330829 0.0093833 -0.000507685 0.0112037 -0.0010054 0.00909776 -0.0039771 0.0199437 0.00621414 0.0282011 0.0185862 -0.0046697 0.0156452 -0.0277133 0.0316449 0.0251082 -0.00436333 0.0354492 0.0444428 -0.0326967 -0.0171936 -0.00934744 -0.0268706 0.00993604 0.0186541 0.000518333
internal_weight=0 126.998 63.0912 31.0387 180.107 75.6059 10.6982 63.9068 57.0555 50.824 104.501 9.98049 94.521 24.5654 36.4487 7.83003 14.3753 8.17227 28.6187 20.0956 15.4228 64.9077 29.3928 35.5149 25.024 30.5642 24.2567 20.36 10.8006 9.55937 69.9556 52.937 13.7271 39.21 31.1492 9.5847 32.0526 26.4033 13.8564 12.5469 19.3875 8.06077
internal_count=2170 1211 811 496 959 479 121 400 379 324 480 51 429 148 262 75 62 44 187 113 95 358 183 175 136 140 124 122 54 68 281 230 68 162 115 59 315 242 139 103 106 47
is_linear=0
shrinkage=0.0625684


Tree=10
num_leaves=43
num_cat=0
split_feature=47 43 38 42 39 39 14 8 46 17 38 36 29 6 27 49 17 49 3 38 3 13 5 38 43 15 46 3 43 27 39 46 46 27 15 27 42 18 5 0 31 15
split_gain=13.4524 13.6482 7.6328 7.91459 5.34988 5.29148 4.33633 3.62532 4.00157 3.4336 3.21236 5.9459 5.30354 3.62216 4.15868 3.77748 3.17083 3.05879 3.18135 2.89274 3.034 2.81927 3.74597 3.0457 2.79256 2.78248 3.91487 3.03929 2.68468 2.59392 3.26079 2.57039 2.56473 2.55441 4.13469 2.32474 2.23812 2.18467 4.9754 4.88578 2.87318 2.03771
threshold=3.5000000000000004 2.5000000000000004 19.000000000000004 85.000000000000014 9.5000000000000018 14.500000000000002 3.5000000000000004 1.0000000180025095e-35 3.5000000000000004 1.0000000180025095e-35 35.000000000000007 -1.0000000180025095e-35 1.0000000180025095e-35 5.5000000000000009 1.5000000000000002 7.5000000000000009 4.5000000000000009 11.500000000000002 2.5000000000000004 95.000000000000014 6.5000000000000009 3.5000000000000004 5.5000000000000009 25.000000000000004 1.5000000000000002 1.5000000000000002 55.000000000000007 3.5000000000000004 8.5000000000000018 1.5000000000000002 1.5000000000000002 45.000000000000007 19.000000000000004 1.5000000000000002 1.0000000180025095e-35 3.5000000000000004 6.5000000000000009 1.0000000180025095e-35 3.5000000000000004 3.5000000000000004 2.5000000000000004 40.500000000000007
decision_type=2 2 2 2 2 2 2 2 2 2 2 2 2 2 2 2 2 2 2 2 2 2 2 2 2 2 2 2 2 2 2 2 2 2 2 2 2 2 2 2 2 2
left_child=4 9 7 19 6 -6 10 8 -3 33 11 12 13 14 15 -1 17 18 36 28 -21 23 32 -8 -11 27 35 -12 37 30 -20 -5 -23 34 -2 -27 -13 38 39 -4 -39 -9
right_child=1 2 3 31 5 -7 21 41 -10 24 25 16 -14 -15 -16 -17 -18 -19 29 20 -22 22 -24 -25 -26 26 -28 -29 -30 -31 -32 -33 -34 -35 -36 -37 -38 40 -40 -41 -42 -43
leaf_value=0.024681785948165957 0.054676886638058975 -0.00049366448773081135 0.018375359760150322 0.0042721314958940456 -0.047283986781245631 0.029135046589059823 0.025560870204178229 -0.046191603887815555 -0.071445735148373921 -0.049795696514096363 -0.014302587143104692 0.05812971612559209 -0.083394653092618121 0.041246295030487483 -0.061123679808261416 -0.027836387643211273 0.068262818655433377 0.051193871046747587 -0.069144475567176941 0.019780382052762089 -0.074758511353083701 -0.020286575650425808 0.041144201035571933 0.085200098867985199 0.015098247221619374 -0.062644827479046927 0.03899750506525386 0.046674580239534913 0.040000719690002025 0.021467282349873277 -0.00057628296696657919 -0.067912390023002867 0.036017764842378903 0.061751655882402529 -0.020523781520967264 -0.005112850562836997 0.010875527274411519 -0.078871397238509278 0.070059250938366069 -0.082095253980254385 4.8983290416062565e-05 0.024668410590426057
leaf_weight=12.54646903276444 5.4422266036272102 3.600634407252076 5.9834922626614624 2.3075906485319129 11.367269556969406 5.1040379479527465 7.0939699597656709 3.0430796295404425 24.497558569535613 4.1038627661764604 7.8754804804921168 8.0402699336409551 3.1586279533803454 6.9166763462126246 4.9337972514331332 9.3057202324271184 6.1546358950436106 10.299507208168505 3.6645171009004143 2.0887742489576331 3.4941418264061213 10.133395019918682 15.74065402522683 6.5181672498583794 6.9064073339104652 8.3529222570359689 2.6907755061984053 5.3269072473049164 8.1987904794514161 11.359040837734936 10.346721667796372 10.868270568549631 4.5632891915738574 7.9656675457954398 5.9439264833927155 4.1655196361243716 7.8039690256118766 2.788055144250392 4.1068348102271548 2.72780367359519 4.9400974661111832 3.2369738183915615
leaf_count=65 17 27 41 22 125 32 33 35 411 28 60 24 43 31 50 70 18 36 28 14 52 56 56 17 36 83 15 27 44 54 55 179 22 29 35 29 41 30 14 34 34 18
internal_value=0 -0.0170586 -0.0303462 -0.0140472 0.0104378 -0.0235253 0.0137985 -0.0528007 -0.0624044 0.0187336 0.00774705 0.0132961 -0.00630412 0.000962549 -0.00943608 0.00225789 0.0258402 0.0207096 0.0130296 0.0017564 -0.0392817 0.0306441 0.0199638 0.054338 -0.00906565 -0.0106706 -0.0289053 0.0102716 0.00980156 -0.000672841 -0.0187096 -0.0552069 -0.00268702 0.0345959 0.0153766 -0.0436536 0.0349962 -0.00223998 0.013535 -0.0131497 -0.0284943 -0.00955357
internal_weight=0 112.244 81.8821 47.5039 183.462 16.4713 166.991 34.3782 28.0982 30.3621 122.942 94.53 36.8613 33.7027 26.786 21.8522 57.6687 51.514 41.2145 34.328 5.58292 44.0495 30.4373 13.6121 11.0103 28.4116 15.2092 13.2024 28.7451 25.3703 14.0112 13.1759 14.6967 19.3518 11.3862 12.5184 15.8442 20.5463 12.8181 8.7113 7.72815 6.28005
internal_count=2170 1100 955 464 1070 157 913 491 438 145 729 515 259 216 185 135 256 238 202 263 66 184 134 50 64 214 127 87 197 137 83 201 78 81 52 112 65 153 89 75 64 53
is_linear=0
shrinkage=0.0625684


Tree=11
num_leaves=43
num_cat=0
split_feature=47 43 39 43 29 23 27 12 31 11 21 4 7 49 49 43 42 42 0 39 47 4 49 4 38 20 39 47 5 38 4 16 14 5 7 18 3 2 38 1 46 3
split_gain=11.3582 6.86465 5.94558 5.54519 3.4484 4.81488 3.36757 3.15027 3.85852 3.36178 3.9221 3.56944 3.09407 3.37293 2.56139 3.01593 3.04449 2.73762 2.48298 2.79066 2.70795 2.76574 2.24047 2.10303 1.98485 1.96266 1.88826 1.75386 2.6873 2.16922 2.14581 1.7429 1.74176 1.71809 1.67834 1.65235 1.96066 2.0577 1.58063 1.54476 3.26797 2.28733
threshold=9.5000000000000018 2.5000000000000004 3.5000000000000004 4.5000000000000009 1.0000000180025095e-35 1.0000000180025095e-35 13.500000000000002 1.5000000000000002 4.5000000000000009 6.5000000000000009 1.5000000000000002 1.0000000180025095e-35 47.500000000000007 6.5000000000000009 15.500000000000002 1.0000000180025095e-35 25.000000000000004 65.000000000000014 7.5000000000000009 1.5000000000000002 4.5000000000000009 1.0000000180025095e-35 8.5000000000000018 33.500000000000007 25.000000000000004 1.0000000180025095e-35 12.500000000000002 1.5000000000000002 6.5000000000000009 1.0000000180025095e-35 3.5000000000000004 1.5000000000000002 5.5000000000000009 1.0000000180025095e-35 2.5000000000000004 2.5000000000000004 131.50000000000003 13.500000000000002 25.000000000000004 1.5000000000000002 25.000000000000004 17.500000000000004
decision_type=2 2 2 2 2 2 2 2 2 2 2 2 2 2 2 2 2 2 2 2 2 2 2 2 2 2 2 2 2 2 2 2 2 2 2 2 2 2 2 2 2 2
left_child=2 -2 7 12 32 -6 25 8 18 11 -11 34 14 31 15 22 24 -18 19 27 21 -21 33 -10 -17 26 39 28 29 30 -1 -14 -3 -4 -9 36 37 -13 -15 40 41 -5
right_child=1 4 3 6 5 -7 -8 9 23 10 -12 35 13 38 -16 16 17 -19 -20 20 -22 -23 -24 -25 -26 -27 -28 -29 -30 -31 -32 -33 -34 -35 -36 -37 -38 -39 -40 -41 -42 -43
leaf_value=-0.0039802328014831821 0.018269786768811355 -0.06539978448830093 -0.055116220093183656 -0.057077870973604186 -0.083768424509541708 0.037864655676805387 0.033463464083241586 -0.028830167571501822 -0.055691720892806829 -0.048208114282132383 0.027721319744545069 0.026702785655955647 0.02101021478472093 0.055877961531255696 0.046466244887913823 -0.0019703087173606054 -0.046622615753259718 0.024304348516848012 -0.036979429293763189 0.017241013812191498 -0.0072077301122788415 0.059992279560549797 -0.079279047028987429 0.012064061526135834 0.043692300673617915 0.012684486981487357 -0.061231220060632703 -0.027214927380595139 -0.044487087289692744 0.040268758087243964 0.049196469020943427 -0.031266864648587522 -0.017418537761271259 0.010864788841886328 0.022762837437489695 0.06972308978679953 0.0099627691621704609 0.070247492159612471 0.015107368412001968 -0.038869752441914679 0.015127247254217166 0.030783315302221437
leaf_weight=20.399648705497388 8.0412333346903306 19.174655457958586 2.6231985539197904 6.2710054386407164 1.8886351659893978 3.7434511594474316 3.8578436430543652 4.3240899424999935 5.7036021798849088 4.7573718689382058 5.9537429325282574 9.1853301562368923 4.7846137825399655 9.8775727264583129 3.3629053831100455 7.9939894825220126 7.0670050494372827 2.9963058046996593 4.0801342502236357 12.921464595943695 6.8898354638367882 11.123014472424982 3.5558887924998999 2.5586191639304161 6.8721973281353712 4.2938753552734843 6.9637046782299867 6.5352292582392684 3.4200810678303233 8.6704118102788907 3.4392090290784827 5.1300662662833929 3.6148440223187199 3.6230185776948929 5.6595011167228222 7.2218832671642295 8.1625354997813684 8.1782698929309827 6.1532484386116257 16.099836090579629 8.5435160659253579 1.3815170936286447
leaf_count=149 40 347 25 102 40 26 27 32 62 27 23 34 25 31 16 40 68 23 23 51 44 37 37 20 35 30 107 50 30 35 15 44 40 25 26 19 38 20 36 193 67 11
internal_value=0 -0.0326116 0.00474806 -0.00601329 -0.0470509 -0.00297774 -0.0222308 0.0133726 0.00591996 0.0252974 -0.00594398 0.0331529 0.00598108 0.0226396 -0.00534536 -0.0104335 0.00109691 -0.0253838 0.0102694 0.0129265 0.0272135 0.0371193 -0.0397767 -0.0346107 0.0191136 -0.0272112 -0.03161 0.00247951 0.00793168 0.0135201 0.00370245 -0.00594122 -0.0578741 -0.0168122 0.000284382 0.0431289 0.0354808 0.0473709 0.0403612 -0.0251325 -0.0113569 -0.0410072
internal_weight=0 36.4628 250.635 111.451 28.4216 5.63209 47.4113 139.184 85.7412 53.4427 10.7111 42.7316 64.04 25.9455 38.0945 34.7316 24.9295 10.0633 77.479 73.3989 30.9343 24.0445 9.80211 8.26222 14.8662 43.5535 39.2596 42.4646 35.9294 32.5093 23.8389 9.91468 22.7895 6.24622 9.98359 32.748 25.5261 17.3636 16.0308 32.2959 16.196 7.65252
internal_count=2170 493 1677 942 453 66 537 735 516 219 50 169 405 136 269 253 166 91 434 411 132 88 87 82 75 510 480 279 229 199 164 69 387 50 58 111 92 54 67 373 180 113
is_linear=0
shrinkage=0.0625684


Tree=12
num_leaves=43
num_cat=0
split_feature=39 43 23 10 47 8 29 15 0 31 39 17 43 47 38 7 31 16 9 42 43 48 16 48 38 48 38 48 49 49 7 16 4 48 38 29 7 42 17 7 7 7
split_gain=10.66 8.50939 3.27777 5.04881 2.95088 3.83112 2.82115 2.61481 3.86714 2.95517 2.87233 2.58048 2.52887 3.65182 3.15011 3.42534 2.52405 3.36515 2.43449 2.33903 3.13858 3.03625 2.37238 2.35085 2.29261 2.18882 2.15631 2.07222 2.71023 2.0689 2.10045 3.96051 2.03456 2.8367 2.62114 2.55692 2.49903 2.02556 2.85365 2.49507 1.95756 1.81636
threshold=3.5000000000000004 4.5000000000000009 2.5000000000000004 1.0000000180025095e-35 8.5000000000000018 1.0000000180025095e-35 1.0000000180025095e-35 10.500000000000002 4.5000000000000009 9.5000000000000018 1.0000000180025095e-35 1.0000000180025095e-35 7.5000000000000009 1.5000000000000002 45.000000000000007 2.5000000000000004 1.5000000000000002 1.0000000180025095e-35 1.0000000180025095e-35 25.000000000000004 1.0000000180025095e-35 5.5000000000000009 1.0000000180025095e-35 2.5000000000000004 25.000000000000004 1.5000000000000002 2.5000000000000004 5.5000000000000009 9.5000000000000018 9.5000000000000018 5.5000000000000009 1.0000000180025095e-35 1.0000000180025095e-35 5.5000000000000009 75.000000000000014 1.0000000180025095e-35 1.5000000000000002 65.000000000000014 1.0000000180025095e-35 22.500000000000004 3.5000000000000004 51.000000000000007
decision_type=2 2 2 2 2 2 2 2 2 2 2 2 2 2 2 2 2 2 2 2 2 2 2 2 2 2 2 2 2 2 2 2 2 2 2 2 2 2 2 2 2 2
left_child=7 2 3 6 32 -6 18 8 10 16 25 -5 14 -14 29 -16 17 26 19 20 22 40 -2 -21 -8 -1 -9 -27 -29 30 -12 -32 33 -3 36 37 -35 38 -34 -39 -22 -7
right_child=1 4 -4 11 5 41 24 9 -10 -11 12 -13 13 -15 15 -17 -18 -19 -20 23 21 -23 -24 -25 -26 27 -28 28 -30 -31 31 -33 35 34 -36 -37 -38 39 -40 -41 -42 -43
leaf_value=0.040864274210410167 -0.045064422660441084 -0.075023645301405054 0.038377503026740901 -0.012090234973274754 -0.060174066882291363 0.046230572061192444 0.056365160034446513 0.0035498513286330315 -0.04377091830377243 -0.01457286081006917 0.038117607081912745 -0.096457284636793983 0.040352833574800857 -0.042080976309534057 0.026179883957953169 -0.066356244179036211 0.044173575900676325 -0.019658690032149938 -0.059540633154696751 0.019489117487493518 0.023037974533244878 0.045438804802622898 0.014656090297642222 -0.041567231215407778 -0.0018394873808662143 -0.034465393581777047 0.04197644295033074 0.039602751012560035 -0.020052453136380134 0.054367111312346769 -0.041415324099569294 0.031171308334361651 -0.046038982622534662 0.046107563848189814 -0.076271833885082171 -0.043378118508832456 -0.041102187599822808 0.055640892563816907 0.0089605169836137824 -0.012424881010055592 -0.038398205098980884 -0.030130856128909689
leaf_weight=3.1008284538984325 5.7214277498424071 5.2721152920275909 8.7452266439795476 2.6680519096553317 18.055207035504285 2.0714128874242297 6.2693756986409408 9.2880254834890383 5.9526197984814635 7.5978598184883586 13.37423161417246 3.1104984171688557 3.2254002913832647 5.8770425245165825 3.2762336544692507 2.9275250285863876 20.555145367980003 7.7878646887838832 2.8209960348904124 3.4633803106844416 4.4549370557069796 11.246026635169981 4.695870652794838 8.2612077388912422 4.5047034025192261 11.046888545155527 15.146587640047072 4.7769168987870199 7.7983895689249039 10.317853793501852 4.8608464747667295 7.3420665934681892 6.3004054185003104 2.9790472574532032 1.9090311899781225 6.9682240895926943 2.2051588036119938 4.5334986969828588 8.7787921074777824 3.8577511366456747 3.6661483272910118 2.8625667132437229
leaf_count=14 65 95 35 22 372 14 22 50 40 47 46 28 14 74 13 31 85 47 26 24 21 41 25 86 30 104 64 22 65 34 33 32 81 19 28 83 30 26 72 43 30 37
internal_value=0 -0.0126058 0.00262644 -0.00250865 -0.028736 -0.0468417 0.00332013 0.0118343 0.00466716 0.0217648 0.00839862 -0.0579857 0.0170803 -0.0127089 0.0235525 -0.0174294 0.0270229 0.0160136 -0.00364276 0.000173724 0.0095194 0.0244255 -0.0180762 -0.0234328 0.0319954 -0.00819435 0.0274399 -0.0147293 0.00256466 0.0306759 0.0210175 0.00213277 -0.0189572 -0.0403576 -0.014207 -0.0101926 0.00877325 -0.000245499 -0.0139963 0.0242907 -0.00460331 0.00179802
internal_weight=0 135.421 69.6279 60.8826 65.7932 22.9892 55.1041 144.252 83.8768 60.3755 77.9242 5.77855 51.2012 9.10244 42.0988 6.20376 52.7776 32.2225 44.33 41.509 29.7844 19.3671 10.4173 11.7246 10.7741 26.723 24.4346 23.6222 12.5753 35.895 25.5771 12.2029 42.804 12.3654 7.09324 30.4387 5.18421 23.4704 15.0792 8.39125 8.12109 4.93398
internal_count=2170 1355 455 420 900 423 370 815 522 293 482 50 277 88 189 44 246 161 318 292 182 92 90 110 52 205 114 191 87 145 111 65 477 172 77 305 49 222 153 69 51 51
is_linear=0
shrinkage=0.0625684


Tree=13
num_leaves=43
num_cat=0
split_feature=47 43 42 42 39 14 42 43 46 0 49 27 46 3 43 16 18 26 42 17 38 18 48 18 2 0 46 25 43 20 35 17 39 43 48 38 49 14 4 7 49 38
split_gain=9.58598 7.14821 4.4968 6.62916 4.23933 3.82129 3.04864 3.46743 3.97887 3.06858 5.88072 2.85925 4.32715 2.85814 2.75914 2.80146 4.87591 3.54397 2.56903 2.56686 2.36755 2.68888 2.77744 2.34336 2.16761 1.95833 1.96278 1.91963 2.17748 1.8574 1.8406 2.24993 2.09653 1.74235 2.58032 2.25294 2.97696 1.66053 1.63353 1.6325 1.61881 1.58838
threshold=5.5000000000000009 2.5000000000000004 19.000000000000004 85.000000000000014 9.5000000000000018 1.0000000180025095e-35 35.000000000000007 7.5000000000000009 65.000000000000014 22.500000000000004 3.5000000000000004 1.0000000180025095e-35 2.5000000000000004 9.5000000000000018 1.5000000000000002 1.0000000180025095e-35 1.5000000000000002 1.5000000000000002 55.000000000000007 5.5000000000000009 35.000000000000007 1.5000000000000002 3.5000000000000004 1.0000000180025095e-35 19.500000000000004 33.500000000000007 5.5000000000000009 1.0000000180025095e-35 2.5000000000000004 1.0000000180025095e-35 1.0000000180025095e-35 1.0000000180025095e-35 4.5000000000000009 8.5000000000000018 6.5000000000000009 25.000000000000004 10.500000000000002 1.5000000000000002 4.5000000000000009 49.500000000000007 5.5000000000000009 35.000000000000007
decision_type=2 2 2 2 2 2 2 2 2 2 2 2 2 2 2 2 2 2 2 2 2 2 2 2 2 2 2 2 2 2 2 2 2 2 2 2 2 2 2 2 2 2
left_child=4 30 25 5 6 40 9 8 27 10 11 12 -1 -6 15 20 -17 19 39 -18 21 22 -12 -7 -5 26 37 28 -8 -28 31 32 -2 35 -35 -16 -37 -3 -11 -15 -4 -13
right_child=1 2 3 24 13 23 7 -9 -10 38 14 41 -14 18 33 16 17 -19 -20 -21 -22 -23 -24 -25 -26 -27 29 -29 -30 -31 -32 -33 -34 34 -36 36 -38 -39 -40 -41 -42 -43
leaf_value=0.022886895310923069 0.041897268421050494 -0.051966183439958298 -0.0012633657439245043 -0.066269142487176552 -0.057666487700515398 0.012866453405996641 -0.01196666806290277 0.018505652687853549 0.021752856452333866 0.021153693052979414 0.043083836898198523 -0.060841345049907361 -0.060868359477394288 -0.017476168533987035 0.045614481654032674 0.043082008982100052 -0.07710903053740939 0.042895751123895196 -0.062325919949405381 -0.0016966476733881136 -0.039263052431167442 0.05506611741668456 -0.01122234186206054 -0.055650471406154346 0.0013473071554882619 0.024729783341982305 -0.067373649663566834 -0.003307030058785207 -0.071930392799563314 -0.0064126582575230575 0.050601204809274429 -0.037736475344968219 -0.016094221197034183 -0.051228339660945768 0.037128784498557603 -0.028131851817519645 0.049666104688121035 0.025564783308828613 0.058585446287810684 0.02859936141377389 0.048314911900669458 -0.002063388107179139
leaf_weight=9.1480191275477427 6.1621621586382407 2.1572250481694999 3.825133249163633 8.7491636108607036 5.6266744807362583 3.4873476196080437 3.5667753741145152 13.420536559075115 5.821160376071929 10.433633632957937 4.3784271068871083 6.7355356067419034 3.2431174069643012 5.6317212823778373 24.090114220976833 18.487794887274507 3.1326391547918302 3.3226431608200073 2.5074710752814999 4.0728770196437836 5.6942002177238455 3.6043320447206488 22.350383460521698 4.3215729333460331 2.3111071102321139 1.3015880193561304 18.48119342606515 4.3532754257321349 7.4321082942187786 2.2417683377861968 4.3090428560972205 3.6902547497302285 3.9691456481814384 2.3366395607590666 2.8131455518305302 4.2658472433686248 3.4473686255514622 2.0873385146260262 8.360659144818781 6.3618565630167723 7.6021800208836794 2.5091832540929317
leaf_count=50 22 33 33 181 73 31 29 82 32 50 22 56 31 58 93 75 38 8 38 33 51 14 158 50 21 11 367 33 74 16 16 28 28 29 16 31 16 15 28 39 40 21
internal_value=0 -0.019083 -0.0300435 -0.0135426 0.00723224 0.00860782 0.0103309 -0.00630272 -0.0220841 0.0143793 0.0107798 -0.0188039 0.000772457 -0.0199368 0.0170702 0.00928103 0.0237419 -0.0101433 -0.00512244 -0.0348389 -0.00234577 0.00458299 -0.00224264 -0.0249847 -0.0520781 -0.048991 -0.0529063 -0.0387894 -0.0526801 -0.0608534 0.0150437 0.00378356 0.01909 0.0307296 -0.00281836 0.0361941 0.00655937 -0.013676 0.037938 0.00688299 0.0316664 -0.0450721
internal_weight=0 74.6962 56.5656 30.2965 197.148 19.2362 177.02 34.5939 21.1733 142.427 123.632 21.6359 12.3911 20.1277 101.996 65.0433 29.016 10.5282 14.501 7.20552 36.0273 30.3331 26.7288 7.80892 11.0603 26.2691 24.9675 15.3522 10.9989 20.723 18.1306 13.8216 10.1313 36.9531 5.14979 31.8033 7.71322 4.24456 18.7943 11.9936 11.4273 9.24472
internal_count=2170 892 798 356 1278 154 1070 250 168 820 742 158 81 208 584 399 154 79 135 71 245 194 180 81 202 442 431 136 103 383 94 78 50 185 45 140 47 48 78 97 73 77
is_linear=0
shrinkage=0.0625684


end of trees

feature_importances:
result_2=41
ninki_2=40
umaban=40
result_1=38
mf_courseout=34
ninki_1=33
result_3=31
ninki_3=30
f_courseout=26
waku=22
mf_course2=19
f_course1=18
mf_course1=18
mf_classout=18
f_classout=16
mf_len1=15
f_course2=13
f_course3=13
mf_course3=12
f_len3=10
f_lenout=10
mf_len2=9
mf_len3=9
f_mf_course2=8
f_mf_courseout=7
mf_class2=7
f_mf_course1=6
f_len1=6
f_mf_len1=6
mf_classout.1=6
f_len2=5
f_class3=5
f_mf_classout=4
f_mf_course3=3
time_df_course1=3
f_mf_len2=2
f_class2=2
f_mf_classout.1=2
f_mf_len3=1

parameters:
[boosting: gbdt]
[objective: lambdarank]
[metric: ndcg]
[tree_learner: serial]
[device_type: cpu]
[data_sample_strategy: bagging]
[data: ]
[valid: ]
[num_iterations: 205]
[learning_rate: 0.0625684]
[num_leaves: 43]
[num_threads: 16]
[seed: 0]
[deterministic: 0]
[force_col_wise: 1]
[force_row_wise: 0]
[histogram_pool_size: -1]
[max_depth: 10]
[min_data_in_leaf: 21]
[min_sum_hessian_in_leaf: 0.001]
[bagging_fraction: 1]
[pos_bagging_fraction: 1]
[neg_bagging_fraction: 1]
[bagging_freq: 0]
[bagging_seed: 7719]
[feature_fraction: 1]
[feature_fraction_bynode: 1]
[feature_fraction_seed: 2437]
[extra_trees: 0]
[extra_seed: 11797]
[early_stopping_round: 0]
[first_metric_only: 0]
[max_delta_step: 0]
[lambda_l1: 0.0177849]
[lambda_l2: 0.0330836]
[linear_lambda: 0]
[min_gain_to_split: 0]
[drop_rate: 0.1]
[max_drop: 50]
[skip_drop: 0.5]
[xgboost_dart_mode: 0]
[uniform_drop: 0]
[drop_seed: 21238]
[top_rate: 0.2]
[other_rate: 0.1]
[min_data_per_group: 100]
[max_cat_threshold: 32]
[cat_l2: 10]
[cat_smooth: 10]
[max_cat_to_onehot: 4]
[top_k: 20]
[monotone_constraints: ]
[monotone_constraints_method: basic]
[monotone_penalty: 0]
[feature_contri: ]
[forcedsplits_filename: ]
[refit_decay_rate: 0.9]
[cegb_tradeoff: 1]
[cegb_penalty_split: 0]
[cegb_penalty_feature_lazy: ]
[cegb_penalty_feature_coupled: ]
[path_smooth: 0]
[interaction_constraints: ]
[verbosity: -1]
[saved_feature_importance_type: 0]
[use_quantized_grad: 0]
[num_grad_quant_bins: 4]
[quant_train_renew_leaf: 0]
[stochastic_rounding: 1]
[linear_tree: 0]
[max_bin: 255]
[max_bin_by_feature: ]
[min_data_in_bin: 3]
[bin_construct_sample_cnt: 200000]
[data_random_seed: 38]
[is_enable_sparse: 1]
[enable_bundle: 1]
[use_missing: 1]
[zero_as_missing: 0]
[feature_pre_filter: 1]
[pre_partition: 0]
[two_round: 0]
[header: 0]
[label_column: ]
[weight_column: ]
[group_column: ]
[ignore_column: ]
[categorical_feature: ]
[forcedbins_filename: ]
[precise_float_parser: 0]
[parser_config_file: ]
[objective_seed: 8855]
[num_class: 1]
[is_unbalance: 0]
[scale_pos_weight: 1]
[sigmoid: 1]
[boost_from_average: 1]
[reg_sqrt: 0]
[alpha: 0.9]
[fair_c: 1]
[poisson_max_delta_step: 0.7]
[tweedie_variance_power: 1.5]
[lambdarank_truncation_level: 30]
[lambdarank_norm: 1]
[label_gain: ]
[lambdarank_position_bias_regularization: 0]
[eval_at: 1,3,5]
[multi_error_top_k: 1]
[auc_mu_weights: ]
[num_machines: 1]
[local_listen_port: 12400]
[time_out: 120]
[machine_list_filename: ]
[machines: ]
[gpu_platform_id: -1]
[gpu_device_id: -1]
[gpu_use_dp: 0]
[num_gpu: 1]

end of parameters

pandas_categorical:[]
