tree
version=v4
num_class=1
num_tree_per_iteration=1
label_index=0
max_feature_idx=49
objective=lambdarank
feature_names=f_course1 f_course2 f_course3 f_courseout mf_course1 mf_course2 mf_course3 mf_courseout f_mf_course1 f_mf_course2 f_mf_course3 f_mf_courseout f_len1 f_len2 f_len3 f_lenout mf_len1 mf_len2 mf_len3 mf_classout f_mf_len1 f_mf_len2 f_mf_len3 f_mf_classout f_class1 f_class2 f_class3 f_classout mf_class1 mf_class2 mf_class3 mf_classout.1 f_mf_class1 f_mf_class2 f_mf_class3 f_mf_classout.1 time_df_course1 time_df_class1 ninki_1 result_1 time_df_course2 time_df_class2 ninki_2 result_2 time_df_course3 time_df_class3 ninki_3 result_3 waku umaban
feature_infos=[0:77] [0:59] [0:68] [0:338] [0:55] [0:57] [0:50] [0:362] [0:16] [0:8] [0:7] [0:55] [0:11] [0:8] [0:11] [0:77] [0:6] [0:4] [0:5] [0:60] [0:3] [0:2] [0:2] [0:16] [0:4] [0:3] [0:5] [0:21] [0:2] [0:3] [0:2] [0:17] none none none [0:4] [-1:0] [-1:0] [-1:180] [-1:120] [-1:0] [-1:0] [-1:180] [-1:160] [-1:0] [-1:0] [-1:180] [-1:160] [1:8] [1:18]
tree_sizes=2930 2711 2404 3048 1696 1880 2642 2318 2725 1810 1796 3484

Tree=0
num_leaves=27
num_cat=0
split_feature=43 38 39 47 46 42 46 39 39 3 42 39 27 27 38 3 5 14 5 4 2 7 47 46 47 12
split_gain=37.6832 14.4984 10.3509 8.7664 8.44881 8.15172 7.45876 9.34713 6.86707 6.76977 5.6743 4.48793 4.33557 4.27065 3.95594 3.87621 3.73008 3.72573 3.49113 4.36104 4.02122 3.34816 3.05002 2.02474 1.48577 0.941097
threshold=8.5000000000000018 11.500000000000002 8.5000000000000018 2.5000000000000004 85.000000000000014 115.00000000000001 8.5000000000000018 3.5000000000000004 10.500000000000002 25.500000000000004 65.000000000000014 1.5000000000000002 1.0000000180025095e-35 1.5000000000000002 16.500000000000004 67.500000000000014 9.5000000000000018 1.5000000000000002 7.5000000000000009 1.0000000180025095e-35 1.0000000180025095e-35 5.5000000000000009 12.500000000000002 55.000000000000007 1.5000000000000002 2.5000000000000004
decision_type=2 2 2 2 2 2 2 2 2 2 2 2 2 2 2 2 2 2 2 2 2 2 2 2 2 2
left_child=2 -2 6 9 25 8 7 11 12 -4 18 13 23 -1 22 24 21 -14 19 -8 -20 -12 -10 -3 -9 -5
right_child=1 5 3 4 -6 -7 10 15 14 -11 16 -13 17 -15 -16 -17 -18 -19 20 -21 -22 -23 -24 -25 -26 -27
leaf_value=0.061706753758963839 -0.36357492180273515 0.018595694571413784 -0.12421712933502896 -0.30988280348860614 0.049055767482143638 -0.30206655467775706 0.099411761730339207 -0.31269003788637884 -0.18110981216642741 0.20223630955810848 0.048724933174782194 0.18214719554045244 -0.24273570317676987 -0.15396054510415016 -0.29489830382652993 0.053842121649309037 0.16305648580399215 0.046246464878468854 0.17435714061616883 0.24914326126580652 -0.094161287083676673 -0.22572779990673883 0.078149089825177515 0.19747571148205548 -0.076346216355231297 -0.10438704559228433
leaf_weight=19.078426327556375 9.9080044813454133 4.874963961541658 3.5800114199519175 6.7265508323907834 4.6499724350869647 5.4948891922831526 13.494454085826872 3.7465160191059104 3.0576195530593377 6.1384122259914875 3.1389346048235875 9.5256874002516252 2.7612271383404723 3.9505037777125827 4.5790177844464779 2.1297032460570335 2.9894919842481613 3.4792296700179577 3.9792209155857554 21.611006092280149 3.8573996499180794 3.0238688997924328 3.1596173010766506 5.132858507335186 2.0412525571882725 1.8765997029840944
leaf_count=154 161 46 42 104 37 84 111 58 38 33 29 60 42 50 71 20 18 29 25 108 49 46 23 28 24 26
internal_value=0 -0.158596 0.0586648 -0.0592244 -0.161911 -0.0917038 0.0881669 0.0236828 -0.0442901 0.0809047 0.137445 0.0710437 0.0366908 0.0220293 -0.163491 -0.163168 -0.00315815 -0.0881521 0.167337 0.193875 0.0431955 -0.0908931 -0.0516846 0.115862 -0.242562 -0.273644
internal_weight=0 42.4474 115.538 22.9715 13.2531 32.5394 92.5665 40.4721 27.0445 9.71842 52.0944 32.5546 16.2483 23.0289 10.7963 7.91747 9.1523 6.24046 42.9421 35.1055 7.83662 6.1628 6.21724 10.0078 5.78777 8.60315
internal_count=1516 522 994 242 167 361 752 366 277 75 386 264 145 204 132 102 93 71 293 219 74 75 61 74 82 130
is_linear=0
shrinkage=0.198076


Tree=1
num_leaves=25
num_cat=0
split_feature=43 6 7 43 15 4 47 42 14 11 46 19 31 8 3 38 38 7 2 3 6 17 42 46
split_gain=11.5126 12.6687 20.5548 18.1798 16.6178 13.7025 11.0381 10.3358 10.2676 9.12033 8.94795 7.11861 9.72829 10.8705 5.88557 5.44506 6.56671 5.39716 4.51696 7.00622 5.37423 3.46424 2.6663 1.77312
threshold=8.5000000000000018 8.5000000000000018 34.500000000000007 5.5000000000000009 1.5000000000000002 6.5000000000000009 2.5000000000000004 45.000000000000007 1.0000000180025095e-35 1.0000000180025095e-35 55.000000000000007 16.500000000000004 1.5000000000000002 1.0000000180025095e-35 31.500000000000004 14.500000000000002 125.00000000000001 4.5000000000000009 18.500000000000004 15.500000000000002 1.0000000180025095e-35 1.0000000180025095e-35 6.5000000000000009 7.5000000000000009
decision_type=2 2 2 2 2 2 2 2 2 2 2 2 2 2 2 2 2 2 2 2 2 2 2 2
left_child=1 2 4 14 7 -3 9 10 -8 -6 -1 -7 -13 -14 -4 22 18 -9 19 20 -17 -21 -2 -24
right_child=15 5 3 -5 6 11 8 17 -10 -11 -12 12 13 -15 -16 16 -18 -19 -20 21 -22 -23 23 -25
leaf_value=-0.10720687193691265 0 0.33500596438600366 -0.30632946370259861 0.11754446039358644 0.08707995171382607 -0.13004765334206939 -0.13919595670702886 -0.026745050220443378 0.07672436195073952 0.27636420590930727 0.10582966236098984 0.26647025572568073 0.10037533740245598 -0.18697953565924991 -0.099065304366833681 -0.11890311636025172 -0.28471737445112089 0.1916664437981066 0.16138997154589074 -0.26848527815835682 0.13505826226876697 -0.038686309289635817 -0.086238765005962795 -0.30757384375740082
leaf_weight=56.233312493190169 1.8789560431614507 8.0164573676884157 15.272675076499587 7.2934223106130949 36.138180393725634 6.2761226724833241 13.035032269544898 7.8721129391342428 23.556515840813518 13.902954163029788 8.5382266789674741 8.8720295308157784 20.849362928420309 6.3544618189334861 9.3300711959600431 4.6487988820299604 3.6596112651750436 9.253137953579424 4.2436257153749457 5.6108698630705458 8.6282721664756519 4.9619527384638786 2.5121167059987766 6.5938434051349759
leaf_count=217 29 11 67 33 128 53 75 34 98 29 21 24 82 52 40 45 61 30 24 71 55 53 42 142
internal_value=0 0.0162401 -0.00610187 -0.150757 0.021558 0.104572 0.0818643 -0.0422259 -0.00072091 0.14189 -0.0784358 0.0576087 0.0917322 0.0309286 -0.231356 -0.0944568 -0.050997 0.0926773 -0.0161321 -0.0505521 0.0444684 -0.167579 -0.21218 -0.254555
internal_weight=0 250.794 200.426 31.8962 168.529 50.3684 86.6327 81.8968 36.5915 50.0411 64.7715 42.352 36.0759 27.2038 24.6027 42.738 31.7531 17.1253 28.0935 23.8499 13.2771 10.5728 10.9849 9.10596
internal_count=1516 994 772 140 632 222 330 302 173 157 238 211 158 134 107 522 309 64 248 224 100 124 213 184
is_linear=0
shrinkage=0.198076


Tree=2
num_leaves=22
num_cat=0
split_feature=39 6 27 48 47 46 19 38 42 3 15 19 38 7 3 42 19 46 7 43 4
split_gain=7.19298 9.13269 7.00201 6.75058 6.73803 9.76642 10.3049 9.04161 7.58284 8.2623 7.46819 6.30398 6.16994 5.18144 5.11236 4.81543 4.53555 4.28333 3.92134 3.76179 3.21708
threshold=3.5000000000000004 19.500000000000004 4.5000000000000009 7.5000000000000009 4.5000000000000009 7.5000000000000009 5.5000000000000009 75.000000000000014 14.500000000000002 4.5000000000000009 14.000000000000002 16.500000000000004 2.5000000000000004 6.5000000000000009 23.500000000000004 35.000000000000007 1.0000000180025095e-35 9.5000000000000018 16.500000000000004 9.5000000000000018 4.5000000000000009
decision_type=2 2 2 2 2 2 2 2 2 2 2 2 2 2 2 2 2 2 2 2 2
left_child=1 2 3 11 5 6 -2 10 13 20 14 12 -1 16 -7 18 -6 -5 -11 -17 -10
right_child=4 -3 -4 17 8 7 -8 -9 9 15 -12 -13 -14 -15 -16 19 -18 -19 -20 -21 -22
leaf_value=-0.017073142148631953 -0.2591313936593157 -0.16887062736348854 -0.12952122037291264 -0.1648187596182176 -0.20443034533400375 0.081432455798727335 0.058326901923219494 -0.1427518005579185 -0.26073184503675589 0.21265745813253059 -0.068359132838840958 0.23398772376778496 0.1003596239384837 -0.289688957854073 0.26230049913225739 -0.0032940775240686282 0.10769523508746559 0.044098614092190215 -0.016114308672828394 -0.19859595794337284 -0.023282272808130965
leaf_weight=25.217915437184274 8.3752205800265056 7.6574071804061523 7.594589687883853 7.2416737508028728 3.2607681378722182 16.05761802196503 7.0214230930432668 6.3035510871559373 7.1101054241880757 6.1910227481275779 7.0620599715039125 9.2664439566433412 55.529187141917646 9.1556983906775695 10.40553881973028 20.273388901725415 3.1388719510287046 7.2927052211016417 5.0349675333127379 4.3565049581229678 3.4417646247893572
leaf_count=123 99 44 39 40 60 80 52 58 82 37 53 23 214 132 28 144 28 26 48 87 19
internal_value=0 0.0340654 0.0486372 0.062177 -0.0348215 0.0153205 -0.116294 0.0671727 -0.0794407 -0.0382151 0.108311 0.0824176 0.0636834 -0.197229 0.156159 0.00753528 -0.0530579 -0.0612499 0.112679 -0.0412126 -0.188321
internal_weight=0 119.8 112.143 104.548 117.189 55.2254 15.3966 39.8288 61.9631 46.4078 33.5252 90.0135 80.7471 15.5553 26.4632 35.8559 6.39964 14.5344 11.226 24.6299 10.5519
internal_count=1516 509 465 426 1007 370 151 219 637 417 161 360 337 220 108 316 88 66 85 231 101
is_linear=0
shrinkage=0.198076


Tree=3
num_leaves=28
num_cat=0
split_feature=4 0 7 49 43 49 15 39 49 46 31 13 39 11 8 49 0 47 49 49 47 11 38 46 46 42 12
split_gain=4.82392 6.64072 8.90027 7.06907 6.77918 6.459 6.36094 5.69667 6.03203 8.25995 5.98809 4.90936 4.60719 4.35089 4.27179 4.00794 3.84197 3.32801 3.2031 2.72259 2.51863 2.2474 2.22177 1.82057 1.58174 1.27597 0.981212
threshold=1.0000000180025095e-35 27.000000000000004 3.5000000000000004 8.5000000000000018 6.5000000000000009 3.5000000000000004 11.500000000000002 12.500000000000002 4.5000000000000009 9.5000000000000018 3.5000000000000004 1.0000000180025095e-35 8.5000000000000018 1.0000000180025095e-35 1.0000000180025095e-35 4.5000000000000009 1.5000000000000002 5.5000000000000009 8.5000000000000018 7.5000000000000009 5.5000000000000009 1.0000000180025095e-35 1.5000000000000002 65.000000000000014 75.000000000000014 11.500000000000002 1.0000000180025095e-35
decision_type=2 2 2 2 2 2 2 2 2 2 2 2 2 2 2 2 2 2 2 2 2 2 2 2 2 2 2
left_child=1 2 3 5 22 25 15 8 9 16 12 21 18 -14 -9 -4 -2 26 -10 -7 -6 -12 -5 -19 -17 -1 -11
right_child=7 -3 6 4 20 19 -8 14 10 17 11 -13 13 -15 -16 24 -18 23 -20 -21 -22 -23 -24 -25 -26 -27 -28
leaf_value=0.10401762083091805 -0.26959947894817593 0.16406526448941935 -0.076358914160824867 0.24930004744208631 0.033592939646844198 -0.17495667571409007 0.035946641795296094 -0.23362253728000726 0.14733186505798845 0.029195978576881974 -0.25655701101991096 0.055338304888436225 0.066999146908243823 -0.19071762085614777 0.025209775527703624 -0.29847923777608176 -0.027907176420634835 -0.16553339481565055 0.058303571382714033 -0.0073682758864073439 -0.22859253874447527 -0.033859792750640189 0.086253298028792835 0.022902179620915581 -0.1148425808354209 -0.018699253014593981 0.13628896292584747
leaf_weight=6.8536928188987059 6.3286860226653499 5.5649763308465472 8.5186502020806127 5.6506909867748645 2.4966253545135251 14.145735652185978 6.0237618219107381 5.2086269464343768 32.338643845170736 6.8463965021073836 3.9394704401493064 8.0428815390914661 5.707577125169335 3.9467609543353319 4.2281714510172606 9.8492126767523569 4.4975464772433043 3.5452871983870855 33.564848281443119 5.3551146313548079 2.4975675735622644 3.4295116066932678 9.4311150545254332 3.6989277023822069 3.4694202272221437 5.6781240962445736 7.4307232294231653
leaf_count=28 51 28 50 18 18 106 40 95 128 34 36 52 51 53 47 96 40 46 192 27 53 37 58 31 28 40 33
internal_value=0 -0.0365713 -0.051506 -0.00272647 0.0880853 -0.0603636 -0.140889 0.0236082 0.0351531 -0.037753 0.0612368 -0.0497708 0.0841638 -0.0413415 -0.120953 -0.189813 -0.175235 0.033214 0.102846 -0.130624 -0.104081 -0.162164 0.153504 -0.0725152 -0.25674 0.0490211 0.0880691
internal_weight=0 85.5347 79.9697 52.1087 20.076 32.0327 27.861 132.754 123.317 32.3476 90.9697 15.4119 75.5578 9.65434 9.4368 21.8373 10.8262 21.5213 65.9035 19.5009 4.99419 7.36898 15.0818 7.24421 13.3186 12.5318 14.2771
internal_count=1516 590 562 348 147 201 214 926 784 235 549 125 424 104 142 174 91 144 320 133 71 73 76 77 124 68 67
is_linear=0
shrinkage=0.198076


Tree=4
num_leaves=15
num_cat=0
split_feature=43 9 5 19 8 42 12 38 31 19 7 19 9 46
split_gain=4.4417 5.26297 4.34736 3.41993 4.05672 3.69933 2.90586 2.72571 3.10525 2.30583 2.11075 2.95125 1.47634 0.177484
threshold=10.500000000000002 1.5000000000000002 21.500000000000004 20.500000000000004 1.0000000180025095e-35 95.000000000000014 1.5000000000000002 11.500000000000002 1.0000000180025095e-35 15.500000000000002 13.500000000000002 1.0000000180025095e-35 2.5000000000000004 5.5000000000000009
decision_type=2 2 2 2 2 2 2 2 2 2 2 2 2 2
left_child=1 2 3 4 5 -1 -6 13 10 -10 11 -9 -3 -2
right_child=7 12 -4 -5 6 -7 -8 8 9 -11 -12 -13 -14 -15
leaf_value=0.013629718093382429 -0.076648135744635443 -0.2424959756027964 0.14714343527934473 -0.11355329623823164 -0.0024173833825670787 -0.12484130765955458 0.16334974813598729 -0.21236313225977033 -0.24799625607407158 -0.022687291789745614 0.088216799659400297 0.047612041856321945 -0.049407046967297003 -0.23344888034641811
leaf_weight=123.63141957763582 1.1674280334264064 3.2844791859388343 9.2587222903966886 7.7978492062538853 6.2174990139901665 7.5960094882175317 11.323991987854241 2.5443613082170504 3.5229007033631197 3.5866435654461384 6.8481316077522933 3.5854876469820738 3.4088092967867851 3.5520824557170272
leaf_count=804 22 38 46 47 37 85 46 57 67 43 50 33 39 102
internal_value=0 0.0113315 0.0185081 0.0104339 0.0173242 0.00513673 0.105529 -0.0775747 -0.042846 -0.143829 0.0148282 -0.0662118 -0.154941 -0.206683
internal_weight=0 172.519 165.825 156.567 148.769 131.227 17.5415 24.807 20.0875 7.10954 12.978 6.12985 6.69329 4.71951
internal_count=1516 1142 1065 1019 972 889 83 374 250 110 140 90 77 124
is_linear=0
shrinkage=0.198076


Tree=5
num_leaves=17
num_cat=0
split_feature=23 42 6 46 47 43 27 48 38 5 39 43 49 43 16 43
split_gain=4.07094 2.43914 4.77699 2.78537 5.77615 4.47488 4.19352 3.64397 3.98664 3.49069 3.40777 3.27729 3.01778 1.9832 1.17035 0.270612
threshold=2.5000000000000004 125.00000000000001 16.500000000000004 35.000000000000007 8.5000000000000018 7.5000000000000009 2.5000000000000004 4.5000000000000009 11.500000000000002 15.500000000000002 3.5000000000000004 8.5000000000000018 5.5000000000000009 7.5000000000000009 1.5000000000000002 3.5000000000000004
decision_type=2 2 2 2 2 2 2 2 2 2 2 2 2 2 2 2
left_child=1 3 -3 5 6 9 11 8 -7 10 -1 -5 -6 -14 -9 -2
right_child=15 2 -4 4 12 7 -8 14 -10 -11 -12 -13 13 -15 -16 -17
leaf_value=0.023230962790195132 -0.083144943802052174 -0.2350151440011688 0.12963762873155579 -0.0026191713849120558 0 -0.20096556847682429 -0.13422663724137784 -0.20510306355058269 0.059754525090015401 0.13539721771836233 -0.062232214300040639 0.13939080911148688 0.23377624937906016 0.075048608488745519 -0.039450255615189486 -0.20228885110544692
leaf_weight=63.079430581070483 2.779869293794035 3.8070797184482208 1.7125313337892292 27.949099659919739 5.3421231964603093 2.6409901315346387 6.9484758693724862 8.0522769317030889 8.4317011008970422 7.520805647596716 25.246186624281108 7.7490156656131139 8.7615592479705793 5.8699109898880115 2.5815153280273071 3.027646055445075
leaf_count=309 24 83 12 162 49 68 48 171 90 39 252 59 31 51 29 39
internal_value=0 0.00528664 -0.119082 0.00944097 0.0430471 -0.00848181 0.00132706 -0.0887374 -0.00718059 0.00993645 -0.00129041 0.0293373 0.129643 0.174934 -0.169016 -0.15701
internal_weight=0 185.693 5.51961 180.173 62.6202 117.553 42.6466 21.7065 11.0727 95.8464 88.3256 35.6981 19.9736 14.6315 10.6338 5.80752
internal_count=1516 1453 95 1358 400 958 269 358 158 600 561 221 131 82 200 63
is_linear=0
shrinkage=0.198076


Tree=6
num_leaves=24
num_cat=0
split_feature=39 43 47 49 38 17 39 12 39 4 39 3 49 12 46 27 12 1 47 48 3 27 6
split_gain=3.60237 2.6796 4.91879 2.70515 2.37855 4.41956 2.90096 2.35308 2.33901 5.44794 4.28601 3.0982 3.00105 4.30778 2.45632 1.66528 1.6234 0.921161 0.836299 0.674769 0.200514 0.14181 0.039862
threshold=10.500000000000002 3.5000000000000004 11.500000000000002 3.5000000000000004 4.5000000000000009 1.0000000180025095e-35 1.5000000000000002 1.0000000180025095e-35 1.5000000000000002 3.5000000000000004 2.5000000000000004 8.5000000000000018 11.500000000000002 1.0000000180025095e-35 35.000000000000007 1.5000000000000002 1.0000000180025095e-35 27.000000000000004 7.5000000000000009 5.5000000000000009 1.0000000180025095e-35 1.0000000180025095e-35 1.5000000000000002
decision_type=2 2 2 2 2 2 2 2 2 2 2 2 2 2 2 2 2 2 2 2 2 2 2
left_child=4 22 17 -4 5 6 7 19 9 11 14 -6 13 -12 -10 -14 -7 20 -8 -1 -3 -5 -2
right_child=1 2 3 21 8 16 18 -9 10 -11 12 -13 15 -15 -16 -17 -18 -19 -20 -21 -22 -23 -24
leaf_value=0.032347253010855032 0.050804496297215708 -0.099010701414839863 0.17979250083912332 -0.014271373403776438 -0.030621583077783558 -0.07197118251570872 -0.18278037071626002 0.13173050269943573 0.05400443420551481 0.098394815382231993 -0.059138181539808404 -0.20758072428785959 0.10224711362003307 0.04670714506241961 0.19485482092249692 -0.016834705151860287 -0.24668904689567614 -0.041425892118281599 -0.020839613196866075 -0.066077968149326344 -0.22740423504749457 -0.10173885530970216 0.013064457974887507
leaf_weight=5.5330486390739733 3.1758562587201622 1.9393845219165102 2.3835735814645878 1.6562816072255375 11.517772439867263 5.965388900600372 2.6253707334399214 7.363679287955164 12.194516023620965 8.1815820857882482 31.047795817255974 5.6810053624212733 18.402170769870285 28.444320322945714 8.5535312201827747 5.7765098540112367 3.5796398743987083 1.9594164546579111 2.5685401265509427 4.5095458291471004 7.7005078415386379 2.0455777132883668 3.4019335713237524
leaf_count=42 23 31 17 35 55 47 33 38 50 43 299 39 123 213 29 53 35 24 33 31 150 36 37
internal_value=0 -0.0704379 -0.109939 0.0317651 0.0107228 -0.0370595 0.0108741 0.050157 0.0227154 -0.0306223 0.0358442 -0.0934781 0.0154669 -0.00840938 0.11547 0.0736444 -0.146743 -0.183413 -0.112526 -0.011941 -0.208167 -0.0707021 0.0347127
internal_weight=0 24.2625 17.6847 6.08543 161.944 32.1452 22.6002 17.4063 129.799 25.3804 104.419 17.1988 83.6708 59.4921 20.748 24.1787 9.54503 11.5993 5.19391 10.0426 9.63989 3.70186 6.57779
internal_count=1516 353 293 88 1163 259 177 111 904 137 767 94 688 512 79 176 82 205 66 73 181 71 60
is_linear=0
shrinkage=0.198076


Tree=7
num_leaves=21
num_cat=0
split_feature=47 25 8 24 42 42 48 3 6 5 13 17 7 19 19 15 0 38 38 43
split_gain=2.56825 2.88474 2.99761 2.84913 5.966 2.99516 2.52785 2.4254 2.38315 2.24671 2.12006 3.10958 2.01788 3.84149 4.70892 2.89389 2.53632 1.63243 1.62899 1.06026
threshold=5.5000000000000009 1.5000000000000002 1.0000000180025095e-35 1.0000000180025095e-35 19.000000000000004 65.000000000000014 3.5000000000000004 4.5000000000000009 11.500000000000002 5.5000000000000009 1.5000000000000002 1.0000000180025095e-35 65.500000000000014 1.5000000000000002 1.0000000180025095e-35 2.5000000000000004 4.5000000000000009 5.5000000000000009 45.000000000000007 6.5000000000000009
decision_type=2 2 2 2 2 2 2 2 2 2 2 2 2 2 2 2 2 2 2 2
left_child=3 2 12 5 -5 6 17 -7 19 -9 11 -8 13 14 -2 -14 -15 -1 -19 -4
right_child=1 -3 8 4 -6 7 10 9 -10 -11 -12 -13 15 16 -16 -17 -18 18 -20 -21
leaf_value=-0.0086971370668507322 -0.11087872369035041 0.13484922760132637 0.16350703367847766 -0.18893298102603312 0.05734113873022563 0.048950386817168318 0.023633466434259866 -0.24486711271732359 -0.082318852840946588 -0.0029567519965448528 0.097560233215852651 -0.094097163982480914 0.092893138750671095 -0.21367739196593483 0.076154568669947381 -0.12532206017883835 -0.035111794862144032 0.13402411978033785 0.014561141787992933 0.018091878974030962
leaf_weight=5.7269588978961137 11.755786194466054 3.3060338255017987 4.3656948152929527 7.0841413419693691 7.488187245093286 3.566639516502617 44.427407067269087 3.3721099775284529 3.619570684619247 2.6278678774833679 10.076935402117668 10.487764879595487 6.1042659785598499 10.667241893708704 8.8315216526389122 3.2755677197128534 4.8087121536955229 19.231245532631878 6.1838589347898951 3.7995907105505466
leaf_count=47 185 16 19 69 52 27 254 50 46 25 55 95 54 154 73 51 53 96 49 46
internal_value=0 -0.033129 -0.0439899 0.0167367 -0.063895 0.0281677 0.038821 -0.0748441 0.0433077 -0.148088 0.0161749 0.000389079 -0.0670348 -0.0881277 -0.0303015 0.0134647 -0.161383 0.0848697 0.106086 0.101475
internal_weight=0 60.534 57.228 120.273 14.5723 105.701 96.1342 9.56662 11.7849 5.99998 64.9921 54.9152 45.4431 36.0633 20.5873 9.37983 15.476 31.1421 25.4151 8.16529
internal_count=1516 697 681 819 121 698 596 102 111 75 404 349 570 465 258 105 207 192 145 65
is_linear=0
shrinkage=0.198076


Tree=8
num_leaves=25
num_cat=0
split_feature=1 7 6 3 31 7 31 38 38 48 38 39 19 19 47 46 29 1 6 6 43 6 49 43
split_gain=1.94792 7.24825 3.00984 2.80392 4.00698 8.50946 3.18279 2.53298 2.49343 2.44615 2.42027 2.086 4.23908 2.13022 2.08356 5.09797 1.69013 2.2141 1.61225 2.15049 1.54403 1.5049 1.29728 0.856534
threshold=1.5000000000000002 1.5000000000000002 3.5000000000000004 24.500000000000004 1.0000000180025095e-35 69.500000000000014 2.5000000000000004 75.000000000000014 65.000000000000014 7.5000000000000009 35.000000000000007 7.5000000000000009 1.0000000180025095e-35 1.5000000000000002 6.5000000000000009 45.000000000000007 1.0000000180025095e-35 7.5000000000000009 7.5000000000000009 4.5000000000000009 6.5000000000000009 1.5000000000000002 8.5000000000000018 3.5000000000000004
decision_type=2 2 2 2 2 2 2 2 2 2 2 2 2 2 2 2 2 2 2 2 2 2 2 2
left_child=3 20 9 4 11 10 -7 -8 18 16 -6 14 -13 -14 21 -16 17 -3 19 -4 -2 -1 -20 -10
right_child=1 2 8 -5 5 6 7 -9 23 -11 -12 12 13 -15 15 -17 -18 -19 22 -21 -22 -23 -24 -25
leaf_value=0.048401754582089611 -0.22770889409131648 -0.037415048749986093 0.028296750235674482 0.15463405360903409 -0.23392952157406174 0.14319343135633883 -0.12328139932950639 0.089768857114107384 -0.048714031045689721 -0.092988528210828758 -0.049404154082083561 -0.20669664806820115 0.15235213954949028 -0.075066798967184836 -0.22637849582323527 0.084798863610928671 0.16815120506370002 0.070698867720185132 0.057361127888998532 -0.21643753861806164 -0.054345499704682346 0.13505334357690288 -0.053003037002180814 -0.20293314714141822
leaf_weight=35.009264916647226 6.7640727907419187 10.558649541344492 2.2995112016797128 5.1903961477801195 7.8339785854332167 6.9211798328906289 4.7519243452697975 3.3092400934547186 2.8516219817101947 4.7330997870303682 4.869277972728014 3.45539473579265 3.3093810472637415 2.3924604644998908 2.9524496807716778 4.7708841022104025 3.9578775176778427 22.315211142413318 10.577760921791198 2.6439618202857673 3.5104256933555007 10.417840100824831 6.2272947113960972 4.0928160259500146
leaf_count=182 54 112 25 26 88 37 55 25 23 55 58 95 34 40 50 35 21 155 80 42 42 44 68 70
internal_value=0 -0.0226039 0.000426037 0.0191413 0.0104786 -0.0515456 0.0487483 -0.0346262 -0.0483503 0.034475 -0.168094 0.0383594 -0.0467062 0.05697 0.0534605 -0.0390865 0.0520451 0.0356635 -0.0137781 -0.108198 -0.174197 0.069628 0.0156136 -0.147803
internal_weight=0 80.5323 70.2578 95.1837 89.9933 27.6856 14.9823 8.06116 28.693 41.5648 12.7033 62.3077 9.15724 5.70184 53.1504 7.72333 36.8317 32.8739 21.7485 4.94347 10.2745 45.4271 16.8051 6.94444
internal_count=1516 747 651 769 743 263 117 80 308 343 146 480 169 74 311 85 288 267 215 67 96 226 148 93
is_linear=0
shrinkage=0.198076


Tree=9
num_leaves=16
num_cat=0
split_feature=42 5 49 46 49 38 47 7 5 26 46 15 12 42 19
split_gain=1.40586 2.59484 1.56196 4.64294 2.15114 3.01876 3.44131 2.96789 3.90414 1.91323 2.63782 2.55576 2.60657 2.36574 1.5299
threshold=125.00000000000001 15.500000000000002 14.500000000000002 19.000000000000004 10.500000000000002 55.000000000000007 4.5000000000000009 1.0000000180025095e-35 6.5000000000000009 1.0000000180025095e-35 11.500000000000002 6.5000000000000009 1.0000000180025095e-35 19.000000000000004 3.5000000000000004
decision_type=2 2 2 2 2 2 2 2 2 2 2 2 2 2 2
left_child=2 -2 4 14 9 7 -7 -6 -9 11 -11 12 -1 -13 -4
right_child=1 -3 3 -5 5 6 -8 8 -10 10 -12 13 -14 -15 -16
leaf_value=-0.00098561008825163434 -0.19154960286218287 0.1031296269948796 0.014941820320037011 0.15180490188651793 0.041071093518836858 0.1455935583842986 -0.090925054349953169 -0.18654415726765286 0.03703321092165078 0.15138618538570212 -0.013099269281880451 -0.12451334344944791 0.089635733596628811 -0.0039971042437793912 -0.15879092965012095
leaf_weight=60.745847668265924 3.2563492795452467 1.3204890089109538 4.8200651258230236 9.1381849199533445 4.7245638505555752 5.0620133848860842 3.8303409423679113 11.990419941488652 3.8009090516716233 7.6533761993050557 6.9318235032260418 10.491796227172019 15.139248968102036 15.814205499831585 2.7542275693267584
leaf_count=510 86 15 58 61 24 37 42 142 38 42 52 129 110 129 41
internal_value=0 -0.103065 0.00317809 0.0597196 -0.00339103 -0.0508808 0.0432787 -0.0921818 -0.132644 0.00864359 0.0745976 -0.000973222 0.0174057 -0.053719 -0.0525768
internal_weight=0 4.57684 162.897 16.7125 146.185 29.4082 8.89235 20.5159 15.7913 116.776 14.5852 102.191 75.8851 26.306 7.57429
internal_count=1516 101 1415 160 1255 283 79 204 180 972 94 878 620 258 99
is_linear=0
shrinkage=0.198076


Tree=10
num_leaves=16
num_cat=0
split_feature=42 7 7 5 13 42 14 38 43 39 7 38 5 7 15
split_gain=1.22561 3.01905 2.64878 2.27865 2.22616 2.17599 2.47484 1.96495 1.97076 1.78595 1.74344 1.68697 2.28923 1.11047 0.806671
threshold=65.000000000000014 1.5000000000000002 3.5000000000000004 21.500000000000004 7.5000000000000009 55.000000000000007 1.5000000000000002 75.000000000000014 9.5000000000000018 8.5000000000000018 8.5000000000000018 115.00000000000001 24.000000000000004 8.5000000000000018 12.500000000000002
decision_type=2 2 2 2 2 2 2 2 2 2 2 2 2 2 2
left_child=4 -2 -3 7 5 6 11 14 -9 10 -8 12 -1 -11 -4
right_child=1 2 3 -5 -6 -7 9 8 -10 13 -12 -13 -14 -15 -16
leaf_value=-0.005956681907607138 -0.19619124536457111 0.12968002600072095 -0.17912093902508819 0.11898505279913286 -0.13710903859335888 0.10259033500222688 -0.00030290345644908619 0.04602083398082938 -0.13144306885466894 0.055464660266645552 0.13910856163032917 0.10816362102370272 -0.13640617062345226 -0.10263246162138445 -0.038068894649651012
leaf_weight=92.341851966222748 3.5659928843379047 3.9133973047137287 5.2220464507117921 2.6425033807754508 3.5656534750014535 9.2586038671433908 4.8280926514416995 7.7539309039711934 3.0348226660862565 2.9614521861076346 11.334277927875517 4.2115434482693663 5.1576237156987181 3.0647370778024197 2.8858667323365808
leaf_count=822 57 27 71 20 40 54 33 78 67 26 62 39 46 42 32
internal_value=0 -0.0366424 -0.0108485 -0.0389748 0.00787393 0.0122835 0.00510705 -0.0638395 -0.00642508 0.0643747 0.0980596 -0.00796497 -0.0135591 -0.0251111 -0.134723
internal_weight=0 29.0186 25.4526 21.5392 136.724 133.158 123.9 18.8967 10.7888 22.1886 16.1624 101.711 97.4995 6.02619 8.10791
internal_count=1516 352 295 268 1164 1124 1070 248 145 163 95 907 868 68 103
is_linear=0
shrinkage=0.198076


Tree=11
num_leaves=32
num_cat=0
split_feature=43 38 42 38 42 47 4 3 42 31 47 43 7 31 31 39 14 39 38 6 42 49 39 3 49 13 48 5 38 48 17
split_gain=1.19044 3.27111 2.59829 2.43737 1.87897 1.98347 1.30229 2.85715 3.48709 2.11622 2.47782 3.5922 2.27481 1.80063 2.35138 1.74373 2.55405 1.61902 1.60241 1.56129 1.26955 1.15985 1.03441 0.984367 0.934993 0.907305 0.833136 0.797348 0.459412 0.256692 0.0747438
threshold=8.5000000000000018 11.500000000000002 25.000000000000004 25.000000000000004 45.000000000000007 9.5000000000000018 1.0000000180025095e-35 7.5000000000000009 35.000000000000007 1.0000000180025095e-35 2.5000000000000004 1.5000000000000002 57.500000000000007 1.5000000000000002 5.5000000000000009 6.5000000000000009 1.0000000180025095e-35 4.5000000000000009 45.000000000000007 1.5000000000000002 14.500000000000002 4.5000000000000009 1.5000000000000002 6.5000000000000009 9.5000000000000018 1.5000000000000002 5.5000000000000009 1.0000000180025095e-35 1.0000000180025095e-35 5.5000000000000009 1.0000000180025095e-35
decision_type=2 2 2 2 2 2 2 2 2 2 2 2 2 2 2 2 2 2 2 2 2 2 2 2 2 2 2 2 2 2 2
left_child=6 -2 3 20 -4 23 7 17 21 10 11 19 18 -14 -15 16 -12 22 26 -8 27 -9 28 -6 -10 -23 -11 -3 -1 -19 -7
right_child=1 2 4 -5 5 30 9 8 24 12 15 -13 13 14 -16 -17 -18 29 -20 -21 -22 25 -24 -25 -26 -27 -28 -29 -30 -31 -32
leaf_value=-0.03156085534698308 -0.18926894066209346 0.010114529225691256 -0.20069367292738066 0.18010477200532271 0.10017867354029007 -0.18048227752080381 -0.06864878753111131 0.15916722134454245 -0.14075021802340287 -0.088097873786079139 -0.14586346861551366 0.17361580218204503 0.10810418774787162 -0.062431119069565666 0.066716186983167711 0.069880506146037816 0.049463203081877009 -0.20053505184002415 -0.17989147422300464 0.075379518590051389 0.069250486479816256 -0.00512796015304563 0.011296644031441929 -0.02846027428321761 -0.0016337550783781581 0.10560513297338724 0.028489691410167356 -0.15904849605642793 -0.11880244593777514 -0.076776396177052467 -0.06853225121612104
leaf_weight=5.6909190677106434 4.1356481437105712 1.7488279100507518 2.6246059499680987 3.8739917911589146 3.5562632358632964 1.7584697939455503 4.5373124424368161 5.0778567269444528 3.69716852903366 4.033365195617078 5.1431386321783084 11.532594483345745 6.8352337554097202 12.102980908006431 9.4047572836279851 7.1653173808008424 4.5186714194715023 2.8509227670729151 3.6491738986223927 6.7068425342440605 3.8628761661238968 6.3290535518899542 9.6303239744156581 5.0543291997164488 3.7522931471467018 4.626745130866766 4.6578787695616484 1.9244013479910789 4.9556140191853046 2.3374740071594715 1.674262063577771
leaf_count=36 161 15 37 26 33 61 42 26 44 39 42 41 43 120 73 59 23 43 48 39 36 57 53 77 33 26 40 49 33 34 27
internal_value=0 -0.0350915 -0.00743795 0.0616821 -0.0620495 -0.0248282 0.0082994 -0.0169591 0.0323105 0.0238204 0.0561669 0.0980908 -0.00772235 0.0230011 -0.00532878 -0.00115393 -0.055517 -0.0625122 -0.0772882 0.0160672 -0.00491868 0.0839044 -0.0348931 0.026052 -0.0760037 0.0432102 -0.0263293 -0.0841483 -0.0762312 -0.157195 -0.142784
internal_weight=0 30.2137 26.078 11.4101 14.6679 12.0433 129.236 48.9484 23.4831 80.2873 39.6039 22.7767 40.6834 28.343 21.5077 16.8271 9.66181 25.4653 12.3404 11.2442 7.53611 16.0337 20.2769 8.61059 7.44946 10.9558 8.69124 3.67323 10.6465 5.1884 3.43273
internal_count=1516 522 361 126 235 198 994 385 186 609 246 122 363 236 193 124 65 199 127 81 100 109 122 110 77 83 79 64 69 77 88
is_linear=0
shrinkage=0.198076


end of trees

feature_importances:
ninki_1=22
ninki_2=19
result_1=17
result_2=17
mf_courseout=16
ninki_3=16
result_3=15
umaban=14
f_courseout=12
mf_classout=12
mf_course3=11
mf_course2=10
mf_classout.1=8
f_len1=7
waku=7
mf_course1=6
f_lenout=6
f_classout=6
f_mf_course1=4
f_len2=4
f_len3=4
mf_len2=4
f_course1=3
f_course2=3
f_mf_courseout=3
f_course3=2
f_mf_course2=2
mf_len1=1
f_mf_classout=1
f_class1=1
f_class2=1
f_class3=1
mf_class2=1

parameters:
[boosting: gbdt]
[objective: lambdarank]
[metric: ndcg]
[tree_learner: serial]
[device_type: cpu]
[data_sample_strategy: bagging]
[data: ]
[valid: ]
[num_iterations: 297]
[learning_rate: 0.198076]
[num_leaves: 64]
[num_threads: 16]
[seed: 0]
[deterministic: 0]
[force_col_wise: 1]
[force_row_wise: 0]
[histogram_pool_size: -1]
[max_depth: 6]
[min_data_in_leaf: 30]
[min_sum_hessian_in_leaf: 0.001]
[bagging_fraction: 1]
[pos_bagging_fraction: 1]
[neg_bagging_fraction: 1]
[bagging_freq: 0]
[bagging_seed: 7719]
[feature_fraction: 1]
[feature_fraction_bynode: 1]
[feature_fraction_seed: 2437]
[extra_trees: 0]
[extra_seed: 11797]
[early_stopping_round: 0]
[first_metric_only: 0]
[max_delta_step: 0]
[lambda_l1: 0.0460267]
[lambda_l2: 0.460414]
[linear_lambda: 0]
[min_gain_to_split: 0]
[drop_rate: 0.1]
[max_drop: 50]
[skip_drop: 0.5]
[xgboost_dart_mode: 0]
[uniform_drop: 0]
[drop_seed: 21238]
[top_rate: 0.2]
[other_rate: 0.1]
[min_data_per_group: 100]
[max_cat_threshold: 32]
[cat_l2: 10]
[cat_smooth: 10]
[max_cat_to_onehot: 4]
[top_k: 20]
[monotone_constraints: ]
[monotone_constraints_method: basic]
[monotone_penalty: 0]
[feature_contri: ]
[forcedsplits_filename: ]
[refit_decay_rate: 0.9]
[cegb_tradeoff: 1]
[cegb_penalty_split: 0]
[cegb_penalty_feature_lazy: ]
[cegb_penalty_feature_coupled: ]
[path_smooth: 0]
[interaction_constraints: ]
[verbosity: -1]
[saved_feature_importance_type: 0]
[use_quantized_grad: 0]
[num_grad_quant_bins: 4]
[quant_train_renew_leaf: 0]
[stochastic_rounding: 1]
[linear_tree: 0]
[max_bin: 255]
[max_bin_by_feature: ]
[min_data_in_bin: 3]
[bin_construct_sample_cnt: 200000]
[data_random_seed: 38]
[is_enable_sparse: 1]
[enable_bundle: 1]
[use_missing: 1]
[zero_as_missing: 0]
[feature_pre_filter: 1]
[pre_partition: 0]
[two_round: 0]
[header: 0]
[label_column: ]
[weight_column: ]
[group_column: ]
[ignore_column: ]
[categorical_feature: ]
[forcedbins_filename: ]
[precise_float_parser: 0]
[parser_config_file: ]
[objective_seed: 8855]
[num_class: 1]
[is_unbalance: 0]
[scale_pos_weight: 1]
[sigmoid: 1]
[boost_from_average: 1]
[reg_sqrt: 0]
[alpha: 0.9]
[fair_c: 1]
[poisson_max_delta_step: 0.7]
[tweedie_variance_power: 1.5]
[lambdarank_truncation_level: 30]
[lambdarank_norm: 1]
[label_gain: ]
[lambdarank_position_bias_regularization: 0]
[eval_at: 1,3,5]
[multi_error_top_k: 1]
[auc_mu_weights: ]
[num_machines: 1]
[local_listen_port: 12400]
[time_out: 120]
[machine_list_filename: ]
[machines: ]
[gpu_platform_id: -1]
[gpu_device_id: -1]
[gpu_use_dp: 0]
[num_gpu: 1]

end of parameters

pandas_categorical:[]
