tree
version=v4
num_class=1
num_tree_per_iteration=1
label_index=0
max_feature_idx=50
objective=lambdarank
feature_names=f_course1 f_course2 f_course3 f_courseout mf_course1 mf_course2 mf_course3 mf_courseout f_mf_course1 f_mf_course2 f_mf_course3 f_mf_courseout f_len1 f_len2 f_len3 f_lenout mf_len1 mf_len2 mf_len3 mf_classout f_mf_len1 f_mf_len2 f_mf_len3 f_mf_classout f_class1 f_class2 f_class3 f_classout mf_class1 mf_class2 mf_class3 mf_classout.1 f_mf_class1 f_mf_class2 f_mf_class3 f_mf_classout.1 time_df_course1 time_df_class1 ninki_1 result_1 time_df_course2 time_df_class2 ninki_2 result_2 time_df_course3 time_df_class3 ninki_3 result_3 waku umaban self_popularity
feature_infos=[-1:77] [-1:59] [-1:68] [-1:338] [-1:55] [-1:57] [-1:50] [-1:362] [-1:16] [-1:8] [-1:7] [-1:55] [-1:17] [-1:16] [-1:14] [-1:62] [-1:15] [-1:20] [-1:12] [-1:64] [-1:4] [-1:4] [-1:3] [-1:11] [-1:5] [-1:4] [-1:5] [-1:24] [-1:8] [-1:9] [-1:6] [-1:28] [-1:2] [-1:4] [-1:2] [-1:4] [-1:0] [-1:0] [-1:180] [-1:110] [-1:0] [-1:0] [-1:180] [-1:150] [-1:0] [-1:0] [-1:180] [-1:100] [1:8] [1:18] [-1:18]
tree_sizes=3309 4504 4528 4470 4539 4485 3536 4521 4065 4467 3342 3136 4273 4516 3042 2871 4535 3244 3328 4419 4503 3742

Tree=0
num_leaves=31
num_cat=0
split_feature=24 11 28 49 27 11 10 13 39 7 18 15 17 7 16 50 47 43 7 4 42 16 42 7 43 39 31 42 9 30
split_gain=4.67092 4.37876 5.97466 5.29097 4.71253 3.89008 4.0265 5.83491 4.07064 3.76752 3.2501 3.12534 3.02484 4.63864 7.53446 4.54632 6.51737 3.62232 3.5275 2.95392 2.46608 2.20496 2.05184 1.7861 1.58097 1.16527 1.09815 0.984862 0.0612211 0.0392243
threshold=2.5000000000000004 1.0000000180025095e-35 1.0000000180025095e-35 12.500000000000002 4.5000000000000009 23.500000000000004 1.0000000180025095e-35 4.5000000000000009 12.500000000000002 154.00000000000003 2.5000000000000004 46.500000000000007 1.0000000180025095e-35 53.000000000000007 1.5000000000000002 11.500000000000002 13.500000000000002 11.500000000000002 12.500000000000002 1.5000000000000002 8.5000000000000018 3.5000000000000004 8.5000000000000018 91.000000000000014 10.500000000000002 2.5000000000000004 12.500000000000002 11.500000000000002 1.0000000180025095e-35 1.5000000000000002
decision_type=2 2 2 2 2 2 2 2 2 2 2 2 2 2 2 2 2 2 2 2 2 2 2 2 2 2 2 2 2 2
left_child=1 9 5 4 21 6 7 8 -3 11 -6 12 15 17 -15 16 -1 -14 -17 -8 -21 -4 -23 -5 -12 -2 -25 -9 -27 -11
right_child=25 2 3 23 10 -7 19 27 -10 29 24 -13 13 14 -16 18 -18 -19 -20 20 -22 22 -24 26 -26 28 -28 -29 -30 -31
leaf_value=-0.012693308452244863 0 0.016446716903311332 -0.14120259139521374 0.13575928528130926 -0.12225343584654519 -0.10722943390323081 -0.031893194234102661 0 0.10117727079689401 -0.14983891665248825 0 -0.13204780513166894 0.051606765183042885 -0.10860092039664845 0.030382023247380371 -0.1087987270172274 0.080832766872605294 -0.081111305208571918 0.0077417802638370609 0 0.094273835164201902 0.041504238338257567 -0.076341358122797368 -0.059248995322769019 0.10295909941269309 -0.12820882979927764 0.070919210231931318 -0.14862336095206344 -0.058222332563033247 -0.054834746904068581
leaf_weight=77.14745891536586 1.2315389728173602 33.141719828825444 3.4624240142293292 1.5495997662656003 0.94747176580130954 1.3543637827970076 1.6598345912061656 0.66237898310646359 4.8215744537301353 1.2478441814891983 2.2930542808026075 1.3790934149874363 19.936197904869918 4.6769636766985041 6.8311248433310539 5.8011206863448006 5.7602764619514337 1.5014398619532574 2.4396984346676618 2.0810192823410025 13.631855661049483 1.2178225833922622 4.3382303039543331 0.83011388732120373 1.9858292033895848 2.2635242035612468 0.9508891690056771 1.5789319197647271 1.2328256983309982 0.7324289041571318
leaf_count=1113 19 424 83 12 20 25 27 14 47 31 45 26 233 86 77 118 46 31 44 27 127 18 70 18 14 45 12 35 19 17
internal_value=0 0.0019472 0.0181156 -0.0249811 -0.048215 0.0312299 0.0348073 0.019444 0.0276821 -0.00764274 0.0136835 -0.0056602 -0.00409973 0.0178323 -0.0249512 -0.0121953 -0.00598455 0.0415014 -0.0725904 0.0693943 0.0810917 -0.0856628 -0.0477326 0.0694222 0.0479746 -0.0834295 0.00200211 -0.11186 -0.108564 -0.123639
internal_weight=0 203.961 76.5071 17.5754 14.2448 58.9317 57.5773 40.2046 37.9633 127.454 5.22636 125.473 124.094 32.9457 11.5081 91.1486 82.9077 21.4376 8.24082 17.3727 15.7129 9.01848 5.55605 3.3306 4.27888 4.72789 1.781 2.24131 3.49635 1.98027
internal_count=2923 2840 1018 292 250 726 701 520 471 1822 79 1774 1748 427 163 1321 1159 264 162 181 154 171 88 42 59 83 30 49 64 48
is_linear=0
shrinkage=0.0852085


Tree=1
num_leaves=42
num_cat=0
split_feature=42 46 42 13 38 39 12 50 31 11 3 1 38 39 3 5 23 3 48 7 7 17 2 19 3 48 38 46 42 6 1 50 50 31 2 39 43 27 1 0 17
split_gain=18.5011 14.6948 14.0782 13.4562 13.0269 17.2777 10.6501 20.0001 10.4871 25.7411 19.1699 19.0274 15.1815 11.9383 11.7208 10.8953 10.8704 16.5618 9.81794 9.30513 10.9749 9.09394 11.2755 15.8284 14.2701 11.2513 8.63599 9.12397 10.6285 9.86202 8.60021 8.63591 8.32742 8.14149 7.70454 7.09458 6.2304 9.58671 6.08314 11.7185 6.06634
threshold=85.000000000000014 10.500000000000002 125.00000000000001 3.5000000000000004 65.000000000000014 11.500000000000002 2.5000000000000004 2.5000000000000004 1.0000000180025095e-35 1.0000000180025095e-35 8.5000000000000018 7.5000000000000009 85.000000000000014 4.5000000000000009 92.500000000000014 1.5000000000000002 2.5000000000000004 1.0000000180025095e-35 6.5000000000000009 9.5000000000000018 2.5000000000000004 2.5000000000000004 5.5000000000000009 3.5000000000000004 4.5000000000000009 2.5000000000000004 105.00000000000001 55.000000000000007 95.000000000000014 1.0000000180025095e-35 24.000000000000004 13.500000000000002 8.5000000000000018 2.5000000000000004 5.5000000000000009 3.5000000000000004 9.5000000000000018 1.0000000180025095e-35 1.5000000000000002 16.500000000000004 1.0000000180025095e-35
decision_type=2 2 2 2 2 2 2 2 2 2 2 2 2 2 2 2 2 2 2 2 2 2 2 2 2 2 2 2 2 2 2 2 2 2 2 2 2 2 2 2 2
left_child=1 3 26 6 -4 38 21 -8 9 11 -11 12 15 16 35 -3 17 -10 -16 20 -5 22 24 -24 -1 -23 36 -28 -29 -30 31 32 -15 -9 -27 -12 -2 -38 -6 -40 -21
right_child=2 8 4 19 5 -7 7 33 13 10 14 -13 -14 30 18 -17 -18 -19 -20 40 -22 25 23 -25 -26 34 27 28 29 -31 -32 -33 -34 -35 -36 -37 37 -39 39 -41 -42
leaf_value=-0.0011706837342959646 -0.12729083098062255 0.050112816842033801 -0.13137088217101561 0.037343894431051447 0.10498852233841112 -0.10380417901275352 0.024200323065889706 -0.14789561998429498 0.068776752540916281 -0.079354933563028862 0.03312479376974567 -0.10362320148000405 -0.11336744318260918 0.010231565303681736 0.060092544907682635 -0.034934069400195569 0.039895143740571966 -0.10431489665381771 -0.096076668657155542 -0.0052959071176467238 -0.14318938966866637 -0.093113105909121544 0.060720850456010236 -0.058922587280006433 -0.046492023085177435 0.073455530875867467 -0.13382458548056589 0.12771120071025849 0.078265360560949446 -0.15075998765551207 -0.078848699943633249 -0.060906126055810438 0.07952427481996778 -0.022520470864621313 -0.039676271581523329 0.12973206880242641 0 -0.16031665782418114 -0.097849223030548604 0.11761441951193297 0.073720522265837155
leaf_weight=116.78331152186729 18.350943686440591 48.686193438246846 4.2374243843369213 5.7145431600511056 12.019880480133002 5.3828238639980546 12.464673059061171 13.959962602704765 4.8689807141199735 5.3632981888949862 7.1335966773331156 10.643911836668847 5.7106234207749358 27.716733696404845 18.455158605240289 13.862678050994871 8.5858067423105222 20.261293364688754 3.3793873190879813 8.8219431638717634 4.1215601041913033 4.2818859396502367 29.551006212597713 10.877178737893699 89.713421126827598 24.368692602962259 3.2908609425649038 4.4046982079744321 2.3260462610051036 3.0570525452494621 5.5948646981269112 6.4471617713570586 23.970270404592156 5.572044998407363 5.1168156787753096 34.300130572170019 9.1844207998365146 3.8287185169756404 3.7612127251923075 3.4995254129171371 29.358561054803431
leaf_count=449 117 178 36 40 30 29 47 97 22 22 26 94 41 132 69 56 22 136 21 43 33 31 102 60 422 78 24 8 12 20 24 34 72 32 28 56 40 27 23 11 79
internal_value=0 0.00489509 -0.0404085 -0.00601031 0.00540512 0.0296575 -0.0124959 -0.0591108 0.021012 0.0353388 0.0734938 0.00194379 0.0186673 -0.00053002 0.0867229 0.0310156 -0.0416598 -0.0701355 0.0351262 0.0358918 -0.0370105 -0.00712239 -0.0128392 0.028138 -0.0209377 0.0342097 -0.07052 -0.0110057 0.0290735 -0.0491538 0.0210048 0.0309124 0.0426873 -0.112995 0.053292 0.113501 -0.0948213 -0.0476752 0.0678093 0.00400486 0.0550816
internal_weight=0 605.686 73.3436 360.706 28.9009 24.6634 312.689 31.9967 244.98 147.535 68.6316 78.9034 68.2595 97.4451 63.2683 62.5489 33.7161 25.1303 21.8345 48.0166 9.8361 280.692 246.925 40.4282 206.497 33.7674 44.4427 13.0787 9.7878 5.3831 63.729 58.1342 51.687 19.532 29.4855 41.4337 31.3641 13.0131 19.2806 7.26074 38.1805
internal_count=2923 2546 377 1541 129 93 1346 176 1005 563 194 369 275 442 172 234 180 158 90 195 73 1170 1033 162 871 137 248 64 40 32 262 238 204 129 106 82 184 67 64 34 122
is_linear=0
shrinkage=0.0852085


Tree=2
num_leaves=42
num_cat=0
split_feature=0 50 38 5 46 39 15 50 31 19 28 49 46 0 39 47 42 4 5 47 19 7 6 48 42 12 49 19 26 4 17 49 10 44 6 49 43 39 43 7 3
split_gain=9.8393 14.3684 13.5947 13.9119 13.8114 12.2023 13.1007 12.0805 12.1714 11.7954 21.4277 11.4795 10.8634 14.4828 11.7917 11.5525 10.3648 9.5694 9.42441 16.5039 10.1372 9.07848 17.3127 13.8354 12.08 8.62248 8.12501 7.95187 7.89207 7.71518 12.0884 9.23092 7.41081 7.39064 9.58861 6.98948 6.45364 6.32631 6.02256 5.74819 5.70841
threshold=1.0000000180025095e-35 5.5000000000000009 25.000000000000004 1.0000000180025095e-35 8.5000000000000018 1.0000000180025095e-35 3.5000000000000004 7.5000000000000009 1.0000000180025095e-35 32.500000000000007 2.5000000000000004 2.5000000000000004 10.500000000000002 13.500000000000002 10.500000000000002 11.500000000000002 4.5000000000000009 1.0000000180025095e-35 1.0000000180025095e-35 12.500000000000002 2.5000000000000004 20.500000000000004 3.5000000000000004 3.5000000000000004 1.5000000000000002 1.0000000180025095e-35 1.5000000000000002 5.5000000000000009 1.0000000180025095e-35 4.5000000000000009 2.5000000000000004 2.5000000000000004 1.0000000180025095e-35 -1.0000000180025095e-35 1.5000000000000002 8.5000000000000018 5.5000000000000009 1.5000000000000002 10.500000000000002 1.5000000000000002 13.500000000000002
decision_type=2 2 2 2 2 2 2 2 2 2 2 2 2 2 2 2 2 2 2 2 2 2 2 2 2 2 2 2 2 2 2 2 2 2 2 2 2 2 2 2 2
left_child=1 2 3 4 16 7 29 -3 17 11 -11 12 26 14 15 -14 -1 39 19 20 -13 24 32 -24 28 -26 36 33 -20 31 38 -7 -23 -4 35 -35 -2 -33 -31 -9 -21
right_child=9 5 27 -5 -6 6 -8 8 -10 10 -12 18 13 -15 -16 -17 -18 -19 21 40 -22 22 23 -25 25 -27 -28 -29 -30 30 -32 37 -34 34 -36 -37 -38 -39 -40 -41 -42
leaf_value=-0.032595663265813833 0.011852634035004127 0.10618651625523438 0.060203382061533847 -0.12516396382366235 0.050653863620380719 -0.11168098491122445 0.099624036147330688 -0.14175795976560651 -0.14985046961920281 -0.14469090595759854 0.030481240790389687 -0.010304866526687705 0.022263148022002181 -0.12321510320379177 0.10813217463437856 -0.14366983562003502 -0.16335308155747003 0.11712832979016688 0.050529745580186698 0.13670786637062321 -0.13737241650279111 -0.06907260192778597 0.08417740056801451 0.012355013411684745 0.070034966450215244 0.0021532440305953083 -0.12046534904639435 -0.086993762842906039 0.15604129195499714 0.091295528111722438 -0.087545985794440589 0.065024503003190598 0.053697384754101997 -0.13026225263595739 0.050629411122632126 0.023841817295409632 -0.1363061839565094 -0.030882030619022918 -0.033872049902989317 0.053899932972657619 0.017663465775048182
leaf_weight=15.83659609034658 9.8174956981092674 14.867939408868553 14.710432436317207 19.926974093541503 9.6455832794308645 9.7093898095190507 7.1375564802438012 2.3530128393322212 3.1944088842719784 9.9025681372731942 10.108132774010299 78.279882674105465 17.847207754850395 5.2694839648902407 9.4718487635254842 3.6298576816916457 6.3153553381562224 5.3694643415510654 10.658028250560166 7.152715999633072 4.8450995609164229 21.336920291185383 25.587166579440236 84.259944556280971 23.22422906011343 33.827581347897649 11.166702548973262 6.537017870694398 11.136343847960232 12.060853537172081 5.0950386580079785 5.4575212448835364 4.1206131651997557 6.3689949400722998 7.1192803457379332 2.9700815267860889 2.6499433964490899 47.957779676653445 3.4071889258921138 1.8428681902587412 5.491030452772975
leaf_count=64 54 29 51 126 29 55 18 22 23 84 46 428 78 41 20 18 32 14 35 11 41 155 84 407 91 191 85 42 12 33 41 19 18 35 23 14 27 262 25 10 30
internal_value=0 -0.0149691 -0.0407604 -0.0691179 -0.0334293 0.00438216 -0.0105666 0.0540221 -0.00570576 0.0079841 -0.0555525 0.0114677 -0.0225755 0.00637824 0.0290362 -0.00526223 -0.070739 0.0412208 0.0180924 -0.0039894 -0.0179437 0.0280366 0.0144828 0.0292419 0.0510895 0.0300736 -0.0675267 -0.00143544 0.105286 -0.0201796 0.024695 -0.0350406 -0.0485679 0.0161012 -0.022449 -0.0797408 -0.0187164 -0.020768 0.0627428 -0.0525262 0.086374
internal_weight=0 207.883 89.4303 51.7245 31.7975 118.453 90.8253 27.6277 12.7598 389.783 20.0107 369.772 59.8525 36.2184 30.9489 21.4771 22.152 9.56535 309.92 95.7687 83.125 214.151 135.305 109.847 78.8462 57.0518 23.6341 37.7058 21.7944 83.6878 20.5631 63.1247 25.4575 31.1688 16.4584 9.33908 12.4674 53.4153 15.468 4.19588 12.6437
internal_count=2923 967 416 251 125 551 453 98 69 1956 130 1826 323 157 116 96 96 46 1503 510 469 993 664 491 329 282 166 165 47 435 99 336 173 123 72 49 81 281 58 32 41
is_linear=0
shrinkage=0.0852085


Tree=3
num_leaves=42
num_cat=0
split_feature=10 5 7 30 48 47 38 46 15 1 7 5 5 28 47 4 4 7 43 49 7 39 7 48 3 14 27 28 50 39 38 7 23 48 1 50 48 42 7 19 1
split_gain=6.32734 13.4497 12.9516 8.79244 6.67782 7.61913 6.59471 10.9949 9.87393 9.18044 8.68998 16.0736 7.54368 11.3621 10.4482 12.9515 6.70319 10.1081 7.73287 7.0235 6.42503 10.9196 8.41558 5.87167 5.77483 5.65894 9.54262 5.60486 5.34294 5.27141 5.26517 5.05905 9.4093 5.48085 4.49294 4.2818 3.95064 3.66367 3.52575 2.6891 2.47394
threshold=1.0000000180025095e-35 15.500000000000002 14.500000000000002 1.0000000180025095e-35 6.5000000000000009 7.5000000000000009 5.5000000000000009 13.500000000000002 27.500000000000004 18.500000000000004 116.50000000000001 20.500000000000004 4.5000000000000009 1.0000000180025095e-35 6.5000000000000009 6.5000000000000009 1.0000000180025095e-35 6.5000000000000009 14.500000000000002 11.500000000000002 24.500000000000004 10.500000000000002 102.00000000000001 5.5000000000000009 13.500000000000002 3.5000000000000004 6.5000000000000009 1.0000000180025095e-35 2.5000000000000004 2.5000000000000004 85.000000000000014 14.500000000000002 1.0000000180025095e-35 3.5000000000000004 1.5000000000000002 11.500000000000002 3.5000000000000004 9.5000000000000018 91.000000000000014 1.0000000180025095e-35 48.500000000000007
decision_type=2 2 2 2 2 2 2 2 2 2 2 2 2 2 2 2 2 2 2 2 2 2 2 2 2 2 2 2 2 2 2 2 2 2 2 2 2 2 2 2 2
left_child=6 2 30 23 5 -5 7 9 10 16 12 -12 13 29 15 -14 18 36 24 -19 -4 25 -23 -3 -1 38 -27 -13 -6 -8 39 32 33 40 -16 -9 -18 -29 -22 -2 -10
right_child=1 3 20 4 28 -7 8 35 31 -11 11 27 14 -15 34 -17 17 19 -20 -21 21 22 -24 -25 -26 26 -28 37 -30 -31 -32 -33 -34 -35 -36 -37 -38 -39 -40 -41 -42
leaf_value=-0.011916526813093846 -0.025846472868620213 -0.0085057930233265067 0.11832825854802402 -0.079973435458507325 0.13602588475710817 0.04453874340279558 0.019397388529938851 0.1020086341231155 -0.057221773881252942 0.083255624446208348 -0.13646053098931585 0.10225794924139048 0.044299210387459896 -0.13271755657914772 0.093651037948055266 -0.058448797243941822 0.13854910058200251 0.0053789293113488254 0.11070016752414959 -0.120895980750674 0.040255130724858271 -0.1505169160341317 0.054682301646608554 -0.15113113407374526 -0.073986250093989334 -0.079157911557506372 0.086194303328391439 0.055942357746631789 0 -0.013890487824938645 0.049959484114320857 -0.11632665154353661 0.078707329899255274 -0.13166296237803835 0.019003465199608795 0 0.04018133728251827 -0.096517904031657595 0.10660015020103833 -0.13245233500550149 0.07943457973935851
leaf_weight=29.918425650335848 3.9502708092331869 3.7665253691375238 11.006890818476675 9.0826033782213944 3.9200691655278188 5.6723698228597632 42.805406577885151 12.301801343448458 2.2559134513139747 9.3949374519288522 9.988663839176299 3.6455942597240192 17.87947241216898 5.3558548707514992 15.577137822285296 17.611636999994516 5.2461892552673808 41.036562439054251 2.7088097594678393 3.4254851825535289 10.459670750424268 3.3859334178268901 2.3609664738178253 5.4753497876226902 17.775051984935999 4.8513083606958372 5.2060113847255707 1.707534573972225 4.4836462214589119 173.18632246553898 3.0099921226501465 8.8261444065719825 3.8653507865965357 5.5436741560697556 10.319712853059171 3.6593249896541229 8.2929608859121782 2.930258970707655 16.499421417713165 3.767361618578434 1.6255401335656641
leaf_count=167 27 28 21 65 5 15 210 40 30 37 95 8 73 49 49 115 11 210 10 25 44 23 13 27 111 32 13 9 27 928 13 82 15 67 50 29 37 34 46 23 10
internal_value=0 0.0197735 0.0423524 -0.0247075 0.00273715 -0.0310988 -0.00419481 0.0116605 -0.0108052 0.0025273 -0.00670853 -0.0636452 -0.00296882 -0.0103459 0.0233775 -0.00627159 -0.00435409 0.0152287 -0.0271821 -0.00409538 0.0595199 0.0439523 -0.0637898 -0.0948611 -0.0353994 0.0611268 0.00494864 0.0225502 0.0638127 -0.00722203 -0.0422196 -0.0657897 -0.0308954 -0.0775501 0.0645458 0.0779831 0.0796489 -0.0371736 0.0814967 -0.0801672 0
internal_weight=0 96.8984 64.4978 32.4006 23.1587 14.755 456.884 133.76 323.124 117.798 301.008 18.2721 282.736 221.348 61.388 35.4911 108.403 58.0012 50.4023 44.462 53.7702 42.7633 5.7469 9.24188 47.6935 37.0164 10.0573 8.28339 8.40372 215.992 10.7276 22.1166 13.2905 9.42513 25.8969 15.9611 13.5392 4.63779 26.9591 7.71763 3.88145
internal_count=2923 422 255 167 112 80 2501 677 1824 608 1620 146 1474 1187 287 188 571 283 288 235 192 171 36 55 278 135 45 51 32 1138 63 204 122 107 99 69 48 43 90 50 40
is_linear=0
shrinkage=0.0852085


Tree=4
num_leaves=42
num_cat=0
split_feature=0 1 39 39 42 31 42 39 50 39 49 39 32 49 48 50 43 7 30 14 46 42 39 49 5 49 7 50 4 5 43 47 43 4 46 3 19 39 4 42 6
split_gain=5.45079 10.6274 14.5847 7.21228 6.54644 7.71775 6.8783 8.43555 5.72446 6.02174 5.22021 10.4017 8.71172 5.63988 13.6231 9.28774 8.39292 8.2463 7.34816 5.4611 5.43927 6.08502 5.09942 4.96172 4.64204 13.534 9.05357 10.4421 7.72213 7.1704 6.924 10.3016 5.29902 6.65967 4.9518 4.54664 4.37622 5.4716 4.35533 3.88487 4.95002
threshold=1.0000000180025095e-35 1.0000000180025095e-35 13.500000000000002 14.500000000000002 75.000000000000014 3.5000000000000004 105.00000000000001 9.5000000000000018 3.5000000000000004 8.5000000000000018 2.5000000000000004 7.5000000000000009 1.0000000180025095e-35 5.5000000000000009 6.5000000000000009 7.5000000000000009 9.5000000000000018 3.5000000000000004 1.0000000180025095e-35 2.5000000000000004 25.000000000000004 45.000000000000007 10.500000000000002 1.5000000000000002 1.0000000180025095e-35 9.5000000000000018 38.500000000000007 5.5000000000000009 1.0000000180025095e-35 5.5000000000000009 15.500000000000002 9.5000000000000018 13.500000000000002 3.5000000000000004 9.5000000000000018 1.0000000180025095e-35 1.0000000180025095e-35 -1.0000000180025095e-35 1.0000000180025095e-35 55.000000000000007 3.5000000000000004
decision_type=2 2 2 2 2 2 2 2 2 2 2 2 2 2 2 2 2 2 2 2 2 2 2 2 2 2 2 2 2 2 2 2 2 2 2 2 2 2 2 2 2
left_child=1 3 36 24 10 6 8 -8 -6 -10 11 19 13 15 18 16 -12 -16 -15 20 23 -22 -17 -2 28 26 29 -28 30 -26 31 -1 33 -27 35 -30 -3 -38 -11 -39 -41
right_child=4 2 -4 -5 5 -7 7 -9 9 38 12 -13 -14 14 17 22 -18 -19 -20 -21 21 -23 -24 -25 25 32 27 -29 34 -31 -32 -33 -34 -35 -36 -37 37 39 -40 40 -42
leaf_value=0.0068734919221958056 -0.020454948434471595 -0.12716559900119484 0.085582742833043235 -0.11772483095787414 0.053666655046426127 -0.12836715874885582 0.050711528602558238 -0.09565445123905271 -0.11605411714411937 0.043566384055786667 0.022562981628169856 0.032901527531246776 -0.1225426958586306 -0.012534597932052985 -0.022243306206869051 0.087916639413811587 -0.094997891940513904 0.037365411848012405 -0.09786949166024593 -0.13798402104682378 0.073726274337032688 -0.077112224112445824 0.0054204221001930477 -0.12059527363198934 -0.090313757784522941 -0.047767527234687072 -0.088628370004096388 0.033887252978228775 0.069243635723512706 0.036113950542901514 0.11546979651862062 -0.11154093618288825 0.1337101940156899 0.062772840048455777 0.11994202765968645 -0.052520009529243683 0.033689370904104572 -0.11298985167255647 -0.090728073633270359 -0.11167027345787693 0.055116747841989007
leaf_weight=39.838151397183537 9.3826034720987135 9.7355518415570312 4.3715331442654124 3.7931076232343903 3.1516248695552376 4.6808305736631146 15.676635349169375 3.412862066179513 8.9048923943191785 4.2673949487507334 62.463072488084435 18.810880763456225 3.2548432238399974 53.871365831233561 20.650004966184497 25.4610212482512 4.6754134036600581 85.081144363619387 8.5843439847230893 4.2704305090010157 5.6836297363042814 2.8417187854647636 7.4253578409552565 6.3051160536706439 22.774169493466619 6.0984697416424813 7.0102467555552748 17.809078233316541 6.0277727879583853 3.596638821065425 3.4825601913034907 6.0999619029462329 3.8849386908113948 10.711913488805292 7.3432639613747588 3.3658657521009445 3.8477715142071309 8.8054302074015087 2.8819085899740458 2.2469481304287902 2.8531786017119884
leaf_count=199 58 73 17 28 16 54 80 36 80 20 279 98 24 331 137 75 31 360 70 43 23 18 39 57 151 43 67 78 25 14 8 54 10 47 22 14 19 70 27 15 13
internal_value=0 -0.0124054 -0.0568684 -0.00230101 0.00595735 -0.025148 -0.0120396 0.0236383 -0.0482612 -0.0692732 0.0102003 -0.0157631 0.0147803 0.0165177 0.00687299 0.0325771 0.0141099 0.0255782 -0.0245496 -0.0484291 -0.0318479 0.0215901 0.0697701 -0.0618273 0.000789442 -0.0140831 -0.0377435 -0.000185763 0.0171753 -0.0724785 0 -0.00859314 0.043684 0.0217648 0.0671382 0.0239907 -0.0801436 -0.0533246 -0.0086479 -0.0785016 -0.0156876
internal_weight=0 173.697 31.8604 141.836 361.737 42.9761 38.2953 19.0895 19.2058 16.0542 318.761 47.2944 271.467 268.212 168.187 100.025 67.1385 105.731 62.4557 28.4835 24.2131 8.52535 32.8864 15.6877 138.043 71.8855 51.1901 24.8193 66.1576 26.3708 49.4207 45.9381 20.6953 16.8104 16.7369 9.39364 27.4889 17.7533 7.1493 13.9056 5.10013
internal_count=2923 967 207 760 1956 313 259 116 143 127 1643 297 1346 1322 898 424 310 497 401 199 156 41 114 115 732 410 310 145 322 165 261 253 100 90 61 39 190 117 47 98 28
is_linear=0
shrinkage=0.0852085


Tree=5
num_leaves=42
num_cat=0
split_feature=42 4 5 11 5 38 14 47 7 47 14 27 49 42 38 46 48 46 7 13 38 43 46 43 15 2 43 1 50 46 46 50 27 43 42 42 47 18 27 13 0
split_gain=3.8807 8.30571 12.7854 10.5386 10.6669 7.22313 6.58177 6.95857 5.40667 9.01638 4.92327 10.8142 6.88942 5.10862 10.0643 10.4613 15.8306 16.6148 8.62203 8.93609 8.88737 5.70923 13.363 11.5805 9.72733 5.73844 5.6116 5.11674 4.81379 4.37596 4.41943 3.98245 3.84197 3.55154 2.89974 2.73437 2.59553 4.18624 2.16545 3.68138 4.84291
threshold=65.000000000000014 11.500000000000002 3.5000000000000004 1.0000000180025095e-35 1.5000000000000002 45.000000000000007 2.5000000000000004 6.5000000000000009 8.5000000000000018 6.5000000000000009 4.5000000000000009 6.5000000000000009 13.500000000000002 11.500000000000002 4.5000000000000009 25.000000000000004 6.5000000000000009 15.500000000000002 7.5000000000000009 1.0000000180025095e-35 65.000000000000014 9.5000000000000018 5.5000000000000009 8.5000000000000018 2.5000000000000004 1.0000000180025095e-35 7.5000000000000009 18.500000000000004 3.5000000000000004 75.000000000000014 85.000000000000014 6.5000000000000009 4.5000000000000009 10.500000000000002 25.000000000000004 45.000000000000007 6.5000000000000009 1.5000000000000002 8.5000000000000018 10.500000000000002 13.500000000000002
decision_type=2 2 2 2 2 2 2 2 2 2 2 2 2 2 2 2 2 2 2 2 2 2 2 2 2 2 2 2 2 2 2 2 2 2 2 2 2 2 2 2 2
left_child=10 2 3 8 6 -4 7 -5 29 31 13 12 33 21 -15 16 17 -16 20 -20 -17 23 -23 26 25 -24 27 -1 -28 -2 -31 -10 -26 34 -12 -36 37 -7 -13 40 -40
right_child=1 -3 5 4 -6 36 -8 -9 9 -11 11 38 -14 14 15 18 -18 -19 19 -21 -22 22 24 -25 32 -27 28 -29 -30 30 -32 -33 -34 -35 35 -37 -38 -39 39 -41 -42
leaf_value=-0.0052920580886290092 -0.12835878675867926 -0.099637137347291668 -0.079223037647768488 -0.089903130314143959 -0.10710039660817863 -0.062727284584825946 0.12683248517445744 0.062715237258046716 0.092382406328564939 -0.094070918324151431 -0.13661686700948308 0.090470000341362905 0.072623806934849933 0.070808898555009117 0.0278119909930063 0.092603593769099032 -0.10340333510611022 -0.10338170823927979 -0.033555111852178805 0.039030152090078866 -0.016289785176283544 -0.13248438189025449 -0.0056142217620938619 0.070893686003871997 -0.10790626149998934 0.095084067176354481 0.034707184914956724 0.037840427968220673 -0.13671796957619387 0.056628856224384447 -0.077559774539932569 -0.036830701260267142 0.01785833858039966 0 0 -0.12935687979338037 0.088141709604067808 0.071149849015792493 0.040583446746149388 0.066749208535519231 -0.12566593233423479
leaf_weight=168.60680791921914 10.227397181093695 7.9718645904213181 2.8062043227255371 3.2992480173707026 3.7574365325272074 2.5817395392805365 5.4460992589592925 6.0949004106223583 4.7372891418635827 6.082358330488205 8.9091966710984796 3.318820407614111 2.0408670939505091 22.208815135061741 39.432991018518806 22.176807720214132 12.405205169692634 8.4775756597518903 21.504920629784465 28.487688265740871 6.9035056307911864 7.7638865672051898 10.148371726274496 16.835125423967838 6.820505650714038 6.5900862216949454 1.4955302122980345 22.614555707201362 3.9905075337737799 2.2086637783795577 7.1853491105139256 2.4943354148417711 2.1044334769248962 2.8571014553308478 3.1117898225784293 1.8788670711219309 12.466583557426928 4.5195349007844925 2.3940227888524515 4.2759957686066628 2.4543509818613529
leaf_count=899 89 94 27 19 36 23 9 24 17 55 66 17 7 85 224 75 105 65 125 114 47 64 64 63 51 23 7 104 40 14 63 29 9 16 20 22 45 17 10 12 28
internal_value=0 -0.0170286 -0.00787442 -0.0313954 0.0192526 0.0455966 0.0524211 0.00739532 -0.0604406 -0.0170582 0.00317126 -0.0293351 -0.0703227 0.00569577 0.0174825 0.00886354 -0.0177037 0.0042292 0.0293174 0.00750517 0.0662483 -0.00195711 -0.0347207 0.00310593 -0.00442733 0.0332466 -0.00263037 -0.000106886 -0.0873395 -0.0890353 -0.0443297 0.0457837 -0.0766203 -0.0887357 -0.106486 -0.0491629 0.0643665 0.0203084 0.0314039 0.00803043 -0.0407836
internal_weight=0 81.879 73.9071 51.5331 18.5977 22.3741 14.8402 9.39415 32.9354 13.314 439.808 31.241 18.7978 408.567 161.598 139.389 60.3158 47.9106 79.0729 49.9926 29.0803 246.97 33.4273 213.543 25.6634 16.7385 196.707 191.221 5.48604 19.6214 9.39401 7.23162 8.92494 16.757 13.8999 4.99066 19.5679 7.10127 12.4432 9.12437 4.84837
internal_count=2923 561 467 355 88 112 52 43 267 101 2362 198 131 2164 840 755 394 289 361 239 122 1324 211 1113 147 87 1050 1003 47 166 77 46 60 124 108 42 85 40 67 50 38
is_linear=0
shrinkage=0.0852085


Tree=6
num_leaves=33
num_cat=0
split_feature=39 47 31 28 4 9 39 19 50 2 39 49 30 43 47 48 38 27 0 38 3 1 47 16 10 39 13 19 46 7 31 42
split_gain=4.18612 7.86339 9.60035 4.00559 13.319 6.68864 5.81253 7.13381 14.8104 5.44228 5.0898 4.73984 7.21629 7.99982 7.32701 5.57599 8.17994 11.3508 5.87503 9.95437 8.55031 3.44582 3.11534 2.89807 2.86611 2.76831 2.74914 2.04507 1.53107 1.16457 0.533686 0.209169
threshold=15.500000000000002 5.5000000000000009 1.5000000000000002 1.0000000180025095e-35 4.5000000000000009 2.5000000000000004 1.5000000000000002 16.500000000000004 5.5000000000000009 1.0000000180025095e-35 8.5000000000000018 11.500000000000002 1.5000000000000002 12.500000000000002 4.5000000000000009 6.5000000000000009 6.5000000000000009 4.5000000000000009 17.500000000000004 25.000000000000004 76.500000000000014 3.5000000000000004 10.500000000000002 3.5000000000000004 2.5000000000000004 6.5000000000000009 1.0000000180025095e-35 8.5000000000000018 11.500000000000002 9.5000000000000018 5.5000000000000009 13.500000000000002
decision_type=2 2 2 2 2 2 2 2 2 2 2 2 2 2 2 2 2 2 2 2 2 2 2 2 2 2 2 2 2 2 2 2
left_child=3 28 31 5 29 11 23 8 27 30 -11 15 13 14 -13 18 21 -18 20 -20 -1 -17 -15 -6 -7 -10 -25 -8 -2 -5 -9 -3
right_child=1 2 -4 4 6 24 7 9 25 10 -12 12 -14 22 -16 16 17 -19 19 -21 -22 -23 -24 26 -26 -27 -28 -29 -30 -31 -32 -33
leaf_value=-0.0030295543950107965 0.0480821630988712 -0.14822152089458396 0.076027853972279902 -0.043736612325495576 -0.12617463950311281 0.1012801043661415 0 -0.038807747761426266 0.021762964439615611 0.015988078946464437 -0.063224531751779028 -0.020671411426461495 0.1177119916974509 -0.037114087964904258 -0.11139257724751324 0.071693387724180851 -0.01669495569854236 0.079081764156171769 0.059148258643831199 -0.031402125539080492 -0.062235073697874885 0.005120945239647786 0.073705367762896948 0.028258938620890198 0 0.10106718796353774 -0.10345494178850434 -0.12618380577463881 0.12818220209141387 -0.1342809411945779 -0.12634846501747352 -0.067624757338866845
leaf_weight=222.72670665942132 3.8687117509543878 2.1877422016113992 3.3969405330717564 1.8863540887832622 3.8982806056737882 6.8595108613371831 1.5910658985376382 1.2984121441841114 5.062705151736739 20.384636994451288 8.183042570948599 15.381926003843548 2.2113005593419066 2.5814132988452902 11.813359644263981 24.400909526273608 45.735226245597005 11.135185912251471 25.507319014519453 13.195722591131924 19.285967633128166 7.9970820844173423 5.3164954818785191 2.74995007365942 3.1388560235500336 12.254759974777697 1.818787172436714 3.280658308416605 5.1281520687043667 7.0620768889784813 3.391910357400775 1.3698837347328661
leaf_count=1210 22 18 14 15 38 17 10 10 19 122 57 126 5 22 124 84 262 38 109 105 166 42 23 15 24 35 19 32 9 74 43 14
internal_value=0 0.042911 -0.0233683 -0.00139931 -0.0198456 0.00178695 -0.00594115 0.00385862 0.0414699 -0.0208005 -0.00622425 5.70829e-05 -0.0288396 -0.038604 -0.0607188 0.00301354 0.0215787 0.00182954 -0.00283863 0.0278874 -0.00781754 0.0557456 0.0355882 -0.0716459 0.0705244 0.0788339 -0.0212827 -0.087922 0.0957044 -0.117097 -0.105736 -0.12228
internal_weight=0 15.9514 6.95457 490.15 72.8626 417.287 63.9142 55.4472 22.1892 33.258 28.5677 407.289 37.3045 35.0932 27.1953 369.984 89.2684 56.8704 280.716 38.703 242.013 32.398 7.89791 8.46702 9.99837 17.3175 4.56874 4.87172 8.99686 8.94843 4.69032 3.55763
internal_count=2923 77 46 2846 489 2357 400 328 96 232 179 2316 300 295 250 2016 426 300 1590 214 1376 126 45 72 41 54 34 42 31 89 53 32
is_linear=0
shrinkage=0.0852085


Tree=7
num_leaves=42
num_cat=0
split_feature=24 13 1 13 47 49 39 19 7 49 19 16 3 2 31 29 39 17 50 43 27 3 14 7 30 49 3 49 1 7 46 46 24 43 48 48 9 15 11 48 38
split_gain=4.29467 4.88495 3.26652 6.14181 5.87042 9.08232 6.60795 6.54008 6.46102 5.28832 5.22465 4.86484 5.61891 6.06983 4.84088 8.99033 4.79526 4.26157 5.94536 6.4118 5.42132 9.61072 4.14244 3.89403 3.79657 3.74739 3.63462 3.47293 3.22103 3.34913 3.16355 3.03498 2.64797 2.09526 3.34761 3.32111 1.49795 1.08227 0.798443 0.371468 0.251101
threshold=2.5000000000000004 4.5000000000000009 3.5000000000000004 1.0000000180025095e-35 9.5000000000000018 5.5000000000000009 8.5000000000000018 1.0000000180025095e-35 1.0000000180025095e-35 13.500000000000002 32.500000000000007 1.5000000000000002 2.5000000000000004 4.5000000000000009 1.0000000180025095e-35 1.0000000180025095e-35 12.500000000000002 2.5000000000000004 5.5000000000000009 2.5000000000000004 4.5000000000000009 31.500000000000004 1.5000000000000002 2.5000000000000004 2.5000000000000004 3.5000000000000004 40.000000000000007 10.500000000000002 5.5000000000000009 9.5000000000000018 35.000000000000007 14.500000000000002 1.0000000180025095e-35 4.5000000000000009 3.5000000000000004 6.5000000000000009 1.0000000180025095e-35 5.5000000000000009 3.5000000000000004 4.5000000000000009 10.500000000000002
decision_type=2 2 2 2 2 2 2 2 2 2 2 2 2 2 2 2 2 2 2 2 2 2 2 2 2 2 2 2 2 2 2 2 2 2 2 2 2 2 2 2 2
left_child=2 40 9 14 8 6 7 -6 33 17 16 12 31 -14 28 30 -10 20 19 39 21 22 -1 -7 27 -21 -23 -20 -4 -30 -16 -11 -12 35 -35 -5 -3 -25 -8 -19 -2
right_child=1 36 3 4 5 23 38 -9 10 11 32 -13 13 -15 15 -17 -18 18 24 25 -22 26 -24 37 -26 -27 -28 -29 29 -31 -32 -33 -34 34 -36 -37 -38 -39 -40 -41 -42
leaf_value=-0.0048585688884966735 -0.051759441699657793 -0.032253721014026439 0.10440688705663533 -0.12729133346319968 0.063890928997025281 0.0003618334498643484 0.024429756818022581 -0.13231697018633493 0.012421463954189587 -0.0081218497544658184 -0.12228990894884771 0.095131151915703621 -0.11120643382870538 0.062441295179513731 -0.14136191009493154 0.079743750876885192 0.063687635598041997 -0.12325130785814496 -0.13011089489348041 0.096644722502843367 -0.12673268185187897 0.104327367373589 -0.070391219137685188 -0.017873120624777545 0.0078508503141778065 -0.0096200630297158599 0.0011953614902077631 -0.0045408740611079966 0.082233168494087516 -0.054275049303285645 -0.0029359937840046724 0.10112593770575123 -0.0078192861617782817 0.078940237326055068 -0.093256415402139428 0.0063099547660761344 0.065398112048741533 -0.11843057071476397 0.089550051324705365 -0.043410477358965097 -0.12563294476511777
leaf_weight=213.17493146844208 1.3047866672277431 2.5329389274120331 10.704411502927544 4.3548187762498838 1.8477914482355133 2.7976060733199111 3.0154200717806816 3.2092501670122147 121.35471319779754 2.7074680738151091 2.7745909783989182 6.8791708350181571 4.2222911771386862 2.0805052816867828 2.6436223201453668 5.433787165209651 15.103588499128817 2.145017582923177 8.1922159595414978 4.2486041672527772 2.5747906714677802 7.9724300038069469 7.2611629050225011 1.2589806839823712 2.4670660961419335 4.989304531365633 4.0293858647346497 2.3008036091923705 2.7962719835340968 2.2855460532009602 2.5904712043702602 4.4960688427090645 3.7330904770642519 1.6873609945178034 1.5286525897681711 1.6481620743870733 1.9352993369102476 9.0803009402006847 4.7557103186845779 1.5110257752239702 4.0251253508031368
leaf_count=1197 13 23 32 38 7 20 19 34 656 22 34 22 56 9 30 19 69 19 79 17 25 21 58 12 18 34 26 14 13 16 18 15 29 11 19 12 9 91 14 15 38
internal_value=0 -0.0557559 0.00112815 0.00934378 0.00355995 -0.0337292 0.0162876 -0.0577271 0.0100266 -0.00479556 0.0145736 0.0368337 0.00587203 -0.051491 0.0476739 0.00185359 0.0182198 -0.00811049 -0.0409937 0 -0.00442383 -0.00298649 -0.00709557 -0.0836281 -0.0816719 0.0378045 0.0710487 -0.104104 0.0776203 0.0179507 -0.0761519 0.0581422 -0.0592924 -0.0586642 0 -0.0882909 0.00687803 -0.107729 0.0664162 -0.0950098 -0.11078
internal_weight=0 9.79815 485.856 204.604 178.15 25.9651 12.8282 5.05704 152.185 281.252 142.966 20.3855 13.5063 6.3028 26.4541 10.6679 136.458 260.867 25.854 12.894 235.013 232.438 220.436 13.1369 12.9601 9.23791 12.0018 10.493 15.7862 5.08182 5.23409 7.20354 6.50768 9.21899 3.21601 6.00298 4.46824 10.3393 7.77113 3.65604 5.32991
internal_count=2923 83 2840 1193 1065 197 74 41 868 1647 788 124 102 65 128 67 725 1523 196 85 1327 1302 1255 123 111 51 47 93 61 29 48 37 63 80 30 50 32 103 33 34 51
is_linear=0
shrinkage=0.0852085


Tree=8
num_leaves=39
num_cat=0
split_feature=27 39 30 47 6 42 3 43 46 47 5 49 3 15 19 28 46 7 28 42 19 7 39 49 48 14 18 17 48 13 3 3 48 7 11 27 46 43
split_gain=4.05314 6.66908 5.14631 2.77142 7.20988 4.42525 7.02909 3.97869 4.14195 3.58077 9.40713 5.04705 5.13548 4.18495 3.93074 5.49535 4.56394 4.53421 5.7826 6.08597 4.7683 5.70217 4.62441 3.30426 4.98073 3.48975 3.12235 2.70381 2.52993 2.38859 2.24275 2.23936 2.0385 1.98257 1.26681 0.77972 0.604485 0.67035
threshold=15.500000000000002 6.5000000000000009 1.5000000000000002 12.500000000000002 10.500000000000002 55.000000000000007 16.500000000000004 13.500000000000002 14.500000000000002 9.5000000000000018 3.5000000000000004 13.500000000000002 7.5000000000000009 2.5000000000000004 31.500000000000004 1.5000000000000002 25.000000000000004 102.00000000000001 1.0000000180025095e-35 65.000000000000014 12.500000000000002 85.000000000000014 15.500000000000002 4.5000000000000009 3.5000000000000004 2.5000000000000004 4.5000000000000009 1.0000000180025095e-35 4.5000000000000009 1.0000000180025095e-35 45.500000000000007 4.5000000000000009 3.5000000000000004 32.500000000000007 1.5000000000000002 1.0000000180025095e-35 35.000000000000007 4.5000000000000009
decision_type=2 2 2 2 2 2 2 2 2 2 2 2 2 2 2 2 2 2 2 2 2 2 2 2 2 2 2 2 2 2 2 2 2 2 2 2 2 2
left_child=3 2 -2 9 5 7 -7 27 28 14 23 12 -12 -14 17 36 34 20 19 -19 22 -22 -1 24 30 33 -20 31 -9 -8 -11 -5 -6 -25 -17 -29 -16 -38
right_child=1 -3 -4 4 32 6 29 8 -10 10 11 -13 13 -15 15 16 -18 18 26 -21 21 -23 -24 25 -26 -27 -28 35 -30 -31 -32 -33 -34 -35 -36 -37 37 -39
leaf_value=0.00075554226212659289 -0.065592726354053929 -0.14260772355480533 0.098582555437397995 0.015823008314006105 0 -0.12199777948283266 0.076769558118199563 -0.13607088856649488 0.078660944635346564 -0.090461067096933898 -0.12473312155579103 0.1070723558247855 0.085248692478263291 -0.016937298880701408 -0.114331855674194 0.079268969773773776 -0.087790596630663159 0.068060716337130248 0.0029989053666956548 -0.042973544401959211 -0.11395759210054607 -0.0085582428171562322 0.067925855063271284 -0.11764954222510268 0.069888820459913029 0 -0.10318672108709058 -0.023905513351075255 0 -0.028699599842890822 0 0.092751245150630282 -0.14021888370780583 0 0 0.041482008180011798 -0.087116015086464285 0
leaf_weight=302.89189341664314 3.2461420577019435 3.7663653716444969 2.3603006955236197 3.9534406065940955 1.4412434920668595 3.1370557956397516 3.733977559953928 1.8903050459921353 2.1728198286145926 5.1481632404029387 2.0654429122805622 3.9320713821798554 4.4798187054693681 7.7266897466033697 4.7771383859217194 3.4662831742316467 2.6269129626452923 24.56763059087098 13.431568577885626 3.9989779219031325 5.6079896818846491 12.063261996954678 7.6128673478960982 10.350945634767411 3.0108337253332129 2.6217080615460864 2.2862847466021767 2.6195689290761939 1.9736144021153448 2.3760442957282066 2.8798276707530022 15.545619212090967 2.2765247151255608 1.3331100791692723 2.9071421064436436 2.4429778791964054 1.4452012646943333 1.2056886069476602
leaf_count=1738 24 31 8 24 14 30 15 20 12 52 25 10 17 50 62 15 22 104 79 25 65 60 30 111 11 20 26 15 11 21 20 47 29 12 23 13 19 13
internal_value=0 -0.0553893 0.00103712 0.00109445 0.0215853 0.0324713 -0.0179634 0.048206 -0.0116497 -0.000936572 -0.0241193 0.021993 -0.000592419 0.0194686 0.00162273 -0.0390505 0.0041766 0.00346035 0.0290426 0.0519606 0 -0.0430057 0.00245783 -0.0578168 -0.0208711 -0.0851642 -0.0116789 0.0635234 -0.0665234 0.0333786 -0.0569194 0.0779759 -0.090339 -0.105063 0.0446838 0.00476731 -0.0932244 -0.0486508
internal_weight=0 9.37281 5.60644 476.001 43.5632 39.8454 9.24708 30.5983 6.03674 432.437 43.5486 18.204 14.272 12.2065 388.889 16.4284 9.00034 372.46 44.2845 28.5666 328.176 17.6713 310.505 25.3446 11.0388 14.3058 15.7179 24.5616 3.86392 6.11002 8.02799 19.4991 3.71777 11.6841 6.37343 5.06255 7.42803 2.65089
internal_count=2923 63 32 2860 251 208 66 142 43 2609 328 102 92 67 2281 154 60 2127 234 129 1893 125 1768 226 83 143 105 99 31 36 72 71 43 123 38 28 94 32
is_linear=0
shrinkage=0.0852085


Tree=9
num_leaves=42
num_cat=0
split_feature=25 38 43 13 42 39 0 3 50 46 5 15 7 11 1 13 47 7 4 13 29 1 47 49 12 3 15 18 6 11 39 15 31 50 7 42 7 50 38 28 3
split_gain=2.23659 6.34038 5.21953 5.10897 3.53452 5.61869 6.13475 3.13762 3.05737 3.5935 7.1314 4.72921 4.57069 4.51752 4.60707 5.67654 4.39696 3.33698 4.14121 3.23083 2.94622 10.0412 8.76385 7.54134 7.36531 5.70954 4.97359 4.84223 8.8809 7.22369 4.6325 4.37053 3.79084 8.97609 5.67405 3.7293 3.26331 2.63319 2.58329 2.51976 2.17909
threshold=1.5000000000000002 85.000000000000014 5.5000000000000009 4.5000000000000009 65.000000000000014 4.5000000000000009 25.000000000000004 123.00000000000001 10.500000000000002 3.5000000000000004 1.5000000000000002 2.5000000000000004 24.500000000000004 1.0000000180025095e-35 1.5000000000000002 1.5000000000000002 9.5000000000000018 48.500000000000007 10.500000000000002 1.5000000000000002 1.0000000180025095e-35 4.5000000000000009 10.500000000000002 13.500000000000002 5.5000000000000009 212.50000000000003 8.5000000000000018 1.0000000180025095e-35 2.5000000000000004 1.0000000180025095e-35 8.5000000000000018 46.500000000000007 1.5000000000000002 7.5000000000000009 46.500000000000007 55.000000000000007 4.5000000000000009 4.5000000000000009 65.000000000000014 1.0000000180025095e-35 33.500000000000007
decision_type=2 2 2 2 2 2 2 2 2 2 2 2 2 2 2 2 2 2 2 2 2 2 2 2 2 2 2 2 2 2 2 2 2 2 2 2 2 2 2 2 2
left_child=8 2 4 -4 5 6 -2 -7 20 10 -10 -12 13 14 16 -16 -11 -14 40 -20 24 22 23 26 27 30 -22 32 35 -30 39 38 34 -34 -1 -29 -33 -27 -26 -23 -19
right_child=1 -3 3 -5 -6 7 -8 -9 9 12 11 -13 17 -15 15 -17 -18 18 19 -21 21 25 -24 -25 31 37 -28 28 29 -31 -32 36 33 -35 -36 -37 -38 -39 -40 -41 -42
leaf_value=0.0010676104241369442 -0.089853271563499926 -0.10483086464808858 -0.11770529643442948 0.013501216764799635 0.12274918911043747 0.1113846630200621 0.050062941276821656 0.011215055278445034 -0.10094305001514718 0.080999995846463529 0.070429393828934372 -0.059473521912199602 -0.077275403151001662 0.077742204610733168 -0.12945666776296472 0.024483451016438548 -0.018492998272125419 0.07567051408706521 -0.10027099918175561 0.025799449901682165 -0.087967495873047516 0.09845457089513647 0.078546350921691932 0.084402933517297329 -0.11482389135459224 -0.12238778075723648 0.016884068518353435 -0.11408795754319025 0.016045888555076153 -0.043883647272137706 -0.0058553135973571733 -0.10134182632256358 -0.10158755674460476 0.024451329213923519 0.068499138310848459 0 0.041553359076541903 0.019625444183239731 0 0.017020827279201439 -0.013401767400125792
leaf_weight=200.99456962849945 4.1401541344821506 2.6785645354539147 2.7513225078582755 8.9515518667176348 4.3628876321017733 6.9778048396110517 4.8720493875443935 3.8949389718472958 5.3227049335837355 8.6968199945986289 5.6401443816721422 3.0396321956068277 4.0553294476121691 15.397235728800295 2.9573850557208052 3.8474758062511683 4.7610464040189973 6.0560241453349573 3.3205833304673424 2.3468669950962067 15.35771888680757 15.51178005337716 4.8451270274817935 2.6545521840453139 8.835316199809311 1.8015935532748693 3.8747891373932353 9.7864286191761476 32.961532456800342 25.894519619643688 5.0849947184324256 1.6347672268748272 8.156339246779682 7.9080077446997157 9.4846583344042283 2.8493575770407906 3.7674799356609583 1.6354267448186872 1.7247575968503941 3.9415284488350144 2.5653219949454069
leaf_count=1120 34 29 27 49 10 15 26 24 56 39 28 32 46 55 38 32 52 27 41 21 144 45 19 9 75 20 20 74 185 192 28 23 77 41 39 22 24 13 17 32 23
internal_value=0 0.0196432 0.0294226 -0.0163123 0.0521062 0.0356742 -0.0126485 0.0770206 -0.0017389 0.0148032 -0.0230716 0.0231619 0.0249095 0.0427513 0.0153392 -0.0405279 0.0447306 -0.00897182 0.00949994 -0.045587 -0.0048318 0.0133078 -0.0236447 -0.0470362 -0.00804112 0.0491404 -0.0660713 -0.00496282 -0.0243003 -0.010076 0.0638203 -0.0644486 0.00107606 -0.0386876 0.00418785 -0.0891708 0 -0.0509483 -0.096267 0.0827822 0.0474828
internal_weight=0 38.6293 35.9507 11.7029 24.2478 19.8849 9.0122 10.8727 436.712 68.0066 14.0025 8.67978 54.0041 35.66 20.2627 6.80486 13.4579 18.3441 14.2888 5.66745 368.705 54.7075 26.7322 21.8871 313.998 27.9753 19.2325 298.035 71.4918 58.8561 24.5383 15.9623 226.544 16.0643 210.479 12.6358 5.40225 3.43702 10.5601 19.4533 8.62135
internal_count=2923 214 185 76 109 99 60 39 2709 490 116 60 374 216 161 70 91 158 112 62 2219 330 192 173 1889 138 164 1750 473 377 105 139 1277 118 1159 96 47 33 92 77 50
is_linear=0
shrinkage=0.0852085


Tree=10
num_leaves=31
num_cat=0
split_feature=9 12 13 10 7 7 39 42 38 27 7 38 7 46 19 42 43 19 21 43 11 23 28 49 50 30 7 11 46 38
split_gain=2.44841 3.46061 5.01452 2.86981 2.63158 5.91324 3.65836 3.20048 4.34741 2.98889 2.84948 2.42263 2.35545 4.90603 4.62854 3.29066 3.02917 2.14745 2.12829 2.08708 1.98346 1.86914 1.49153 1.44873 1.44773 1.33923 1.07714 0.990446 0.974849 0.062289
threshold=1.5000000000000002 1.0000000180025095e-35 3.5000000000000004 1.0000000180025095e-35 154.00000000000003 148.00000000000003 2.5000000000000004 45.000000000000007 10.500000000000002 2.5000000000000004 125.50000000000001 2.5000000000000004 102.00000000000001 45.000000000000007 16.500000000000004 10.500000000000002 11.500000000000002 20.500000000000004 1.5000000000000002 11.500000000000002 10.500000000000002 3.5000000000000004 2.5000000000000004 10.500000000000002 4.5000000000000009 1.5000000000000002 116.50000000000001 6.5000000000000009 14.500000000000002 45.000000000000007
decision_type=2 2 2 2 2 2 2 2 2 2 2 2 2 2 2 2 2 2 2 2 2 2 2 2 2 2 2 2 2 2
left_child=4 -2 3 -3 5 10 27 9 -9 22 12 -5 14 19 15 -1 -15 -16 23 -14 -13 -22 25 26 -11 -8 -4 -6 -20 -10
right_child=1 2 18 11 6 -7 7 8 29 24 -12 20 13 16 17 -17 -18 -19 28 -21 21 -23 -24 -25 -26 -27 -28 -29 -30 -31
leaf_value=-0.0087800003981049288 0.097608892304173994 -0.12368138028995768 0.06999567657265314 0.085241643562199085 -0.1299224145976399 0.13744898465110339 -0.036331252311761979 0.071711436579581844 -0.056393471920036832 0.0066777014421165511 -0.081724789805590836 0.01887564653529138 0.058161557633655693 -0.12628198704270202 -0.11577340759750927 0.0070474020654490337 0.031003907526232923 0 0.029983108599533091 -0.017542223402443279 -0.12597153585121548 -0.012018415672276276 0.089311274724393389 0.10856185001757086 -0.080439304970916586 0.060003221613302501 -0.0039325619276466437 -0.014237022613093654 -0.052254513163485145 -0.13086506508692133
leaf_weight=186.41845410130918 4.006089964881542 1.9141166247427488 2.7411533407866937 1.5774052329361428 2.9920969195663956 2.2231484055519095 2.0707650538533944 1.0525942910462607 1.026772500947118 2.1525242738425732 3.1077882200479499 3.3371862005442363 15.217180408537393 2.1588348895311351 3.715397208929061 194.87706631049514 1.2636421546339986 1.3463483713567255 2.6257966347038737 2.8380756936967364 2.039324726909399 2.8050332423299551 3.1888784840703011 4.2324805185198784 2.7809341922402382 1.9475592561066148 2.221081979572773 1.0390098132193086 1.6834457982331512 2.7602501474320889
leaf_count=1114 19 27 12 7 42 3 21 8 14 16 22 21 74 25 43 1218 9 10 17 22 21 24 11 9 15 12 18 12 19 38
internal_value=0 0.0238766 0.011436 -0.0286284 -0.00160656 -7.30279e-05 -0.0310009 -0.0125819 -0.0713095 0.00972655 -0.000864577 -0.00809564 -0.000205 0.0271954 -0.00176925 -0.000651475 -0.0641263 -0.0824708 0.0471623 0.0454217 -0.0281901 -0.0635976 0.0456028 0.0702673 -0.039617 0.00676396 0.0340952 -0.104158 0 -0.115268
internal_weight=0 29.1831 25.177 11.6731 434.177 413.166 21.0114 16.9803 4.83962 12.1407 410.943 9.75895 407.835 21.4777 386.357 381.296 3.42248 5.06175 13.504 18.0553 8.18154 4.84436 7.2072 9.19472 4.93346 4.01832 4.96224 4.03111 4.30924 3.78702
internal_count=2923 194 175 100 2729 2540 189 135 60 75 2537 73 2515 130 2385 2332 34 53 75 96 66 45 44 39 31 33 30 54 36 52
is_linear=0
shrinkage=0.0852085


Tree=11
num_leaves=29
num_cat=0
split_feature=42 18 42 42 49 27 47 48 49 43 7 7 43 31 4 30 47 39 4 49 39 39 38 19 3 31 47 15
split_gain=2.06189 2.80423 2.72011 6.41823 5.16406 3.48344 4.73837 3.06964 4.64434 3.03331 2.28496 10.7814 5.35783 5.71057 5.22416 5.16726 4.58219 4.2677 8.33558 2.68501 2.61923 1.89981 1.3942 1.24525 1.19964 0.939885 0.638153 0.0152865
threshold=155.00000000000003 2.5000000000000004 125.00000000000001 85.000000000000014 5.5000000000000009 1.0000000180025095e-35 10.500000000000002 5.5000000000000009 10.500000000000002 8.5000000000000018 20.500000000000004 46.500000000000007 12.500000000000002 1.0000000180025095e-35 3.5000000000000004 1.0000000180025095e-35 12.500000000000002 1.5000000000000002 3.5000000000000004 11.500000000000002 6.5000000000000009 6.5000000000000009 125.00000000000001 2.5000000000000004 5.5000000000000009 1.5000000000000002 2.5000000000000004 1.5000000000000002
decision_type=2 2 2 2 2 2 2 2 2 2 2 2 2 2 2 2 2 2 2 2 2 2 2 2 2 2 2 2
left_child=2 -2 3 10 22 9 25 21 -9 23 14 12 13 -12 15 16 -1 18 -13 -19 -16 -4 27 -6 -11 -7 -17 -5
right_child=1 -3 7 4 5 6 -8 8 -10 24 11 17 -14 -15 20 26 -18 19 -20 -21 -22 -23 -24 -25 -26 -27 -28 -29
leaf_value=0.0023131023196859115 -0.12197853205242842 0.024254417526398907 0.092668425454799683 -0.078238026285684117 -0.10910481994608089 -0.13971334230124988 0.04181264942699793 -0.11347229078814344 0.044331790092582368 0 -0.0216963033467392 0.092239587687329663 0.036825968347746679 -0.090232136241727157 0.0086852781390953111 -0.035969769582704918 0.044482895581511216 0.0079305476809459503 -0.040952082778611752 0.043809160919623634 0.10023214001458761 0.0062635900105911298 -0.0016871842257505903 0 0.079297242309904661 -0.034624325907809325 -0.1210865729704419 -0.12050247979188217
leaf_weight=217.40083455294371 2.2784608304500575 1.353986047208309 6.3579572029411775 3.4146686326712388 1.3945919899269923 2.9987470749765626 2.0225859452039003 2.0890538915991774 3.5954296216368675 2.6243931856006384 19.290190055966377 3.8834922835230854 5.0781423896551123 17.514941100031137 4.1207836735993606 1.7668694704771031 20.558323506265879 73.70306852273643 24.356021910905838 19.613234678283334 6.3645779602229595 3.1543753556907177 1.4069766215980042 1.1459876131266353 4.230493925511837 1.3494649361819027 2.400704238563776 4.7929580826312304
leaf_count=1270 29 8 23 34 20 29 17 24 20 19 117 11 27 148 20 17 100 501 192 99 15 25 12 12 21 22 29 62
internal_value=0 -0.0636505 0.00051093 -0.000677175 -0.0422718 -0.0111091 -0.0602002 0.0359342 -0.0113589 0.0206811 0.00182737 -0.00597323 -0.0432866 -0.0547707 0.00693386 0.00431304 0.0060251 0.00676837 -0.0220179 0.0156452 0.0658219 0.0657096 -0.0916031 -0.0555962 0.051262 -0.111034 -0.0891435 -0.105127
internal_weight=0 3.63245 456.629 441.432 25.3809 15.7663 6.3708 15.1968 5.68448 9.39547 416.051 163.439 41.8833 36.8051 252.612 242.127 237.959 121.556 28.2395 93.3163 10.4854 9.51233 9.6146 2.54058 6.85489 4.34821 4.16757 8.20763
internal_count=2923 37 2886 2794 248 140 68 92 44 72 2546 1095 292 265 1451 1416 1370 803 203 600 35 48 108 32 40 51 46 96
is_linear=0
shrinkage=0.0852085


Tree=12
num_leaves=40
num_cat=0
split_feature=3 4 7 27 27 23 19 25 48 38 50 27 49 38 27 38 43 17 49 31 2 43 43 19 47 27 31 48 19 47 7 19 5 43 24 48 0 49 11
split_gain=1.72076 3.81142 3.67781 2.29369 4.21882 3.89119 4.58947 4.34105 2.74683 2.60182 2.39456 3.21278 2.55306 3.08068 4.72609 3.64743 2.8458 5.21363 2.54569 3.91874 3.43311 3.34593 3.33763 3.15074 2.44903 2.32117 2.27208 1.86999 1.81739 1.71434 1.57406 1.44607 4.3836 1.21654 1.0595 0.88245 0.593396 0.238137 0.0900652
threshold=239.50000000000003 1.0000000180025095e-35 15.500000000000002 6.5000000000000009 8.5000000000000018 1.0000000180025095e-35 13.500000000000002 1.5000000000000002 6.5000000000000009 1.5000000000000002 10.500000000000002 4.5000000000000009 6.5000000000000009 7.5000000000000009 1.0000000180025095e-35 13.500000000000002 8.5000000000000018 1.0000000180025095e-35 13.500000000000002 15.000000000000002 20.500000000000004 1.5000000000000002 6.5000000000000009 23.500000000000004 10.500000000000002 1.5000000000000002 2.5000000000000004 3.5000000000000004 3.5000000000000004 1.0000000180025095e-35 9.5000000000000018 11.500000000000002 1.0000000180025095e-35 2.5000000000000004 1.0000000180025095e-35 3.5000000000000004 22.500000000000004 15.500000000000002 16.500000000000004
decision_type=2 2 2 2 2 2 2 2 2 2 2 2 2 2 2 2 2 2 2 2 2 2 2 2 2 2 2 2 2 2 2 2 2 2 2 2 2 2 2
left_child=3 35 34 10 28 7 -7 9 27 -6 18 12 13 14 -12 -15 17 -14 19 20 23 -22 31 -1 37 -18 -9 -8 30 -4 -5 32 -20 -30 -3 -2 -11 -24 -31
right_child=1 2 29 4 5 6 8 26 -10 36 11 -13 16 15 -16 -17 25 -19 22 -21 21 -23 24 -25 -26 -27 -28 -29 33 38 -32 -33 -34 -35 -36 -37 -38 -39 -40
leaf_value=-0.0058748991284817446 -0.033110476617399104 0.088494615011833061 0.016344073263375676 0.038598846490034165 0 0.086038739385166693 -0.0019435912999834462 -0.018410436409628271 0.039123622338662643 -0.12030905810481958 -0.079483526229767579 -0.084753796680151122 -0.084607524083965283 0.093744841892743805 0.064097638117372999 0.017210656453423404 0.034410994938027593 0.020238651133074725 0.075715834759342501 -0.11297419839873987 0 -0.12854523125004422 -0.041631877737128078 0.027604197869641699 0.051807202349263448 -0.048480958986221567 0.088395338848748756 -0.12738687952550393 0.0605705293287273 -0.11244564810272842 0.11541043765255268 0.08752934850846876 -0.066100611490105335 -0.021131737304875182 0.0042002853165054536 -0.12920957114594486 -0.042608915215992804 -0.12267911976808189 -0.044349957914350584
leaf_weight=289.18534067086875 1.6520875357091416 2.5563261695206148 1.3065732438117263 4.6380309872329217 2.6828468590974826 6.335678353905676 2.2008555922657256 3.0976639725267878 3.7710655592381954 4.2034481968730688 3.4866869077086475 2.2068736236542454 6.2636792585253698 9.4686966948211211 3.0672075748443604 9.7573565598577243 17.826193861663345 7.2144115809351206 4.3054577847942692 2.4289839044213286 2.6471257433295241 3.1490456871688366 1.4387253969907758 21.817745953798294 1.299707770347595 2.6784518081694833 2.4232139699161053 1.7231370853260157 2.2301216740161172 1.8888739645481112 4.782539825886488 5.1292746812105179 2.3722874000668526 2.8253131806850433 2.5603150147944689 2.622861884534359 1.7566330283880232 1.2009314559400079 1.2426709979772566
leaf_count=1755 16 9 10 25 11 19 19 24 19 48 36 26 78 29 16 80 117 43 20 20 15 37 21 161 9 31 10 16 11 24 12 17 21 18 20 31 19 14 16
internal_value=0 -0.0295579 0 0.000932017 0.0197143 0 0.0322613 -0.0309669 -0.0102536 -0.0690554 -0.00105071 0.0142795 0.0182326 0.0384774 -0.0100251 0.0557792 0.00241074 -0.027464 -0.0039327 -0.00562306 -0.00474083 -0.0696639 0.0293247 -0.00347529 -0.0361553 0.0227914 0.0260147 -0.0614291 0.0570527 -0.0560951 0.0794499 0.0524796 0.0230209 0.0121207 0.0495282 -0.0960969 -0.100276 -0.0851868 -0.0909154
internal_weight=0 13.8297 9.55476 439.615 42.6705 28.1945 14.0307 14.1638 7.69506 8.64293 396.944 61.9696 59.7627 25.7799 6.55389 19.2261 33.9827 13.4781 334.975 319.228 316.799 5.79617 15.7464 311.003 3.93936 20.5046 5.52088 3.92399 14.476 4.43812 9.42057 11.807 6.67775 5.05543 5.11664 4.27495 5.96008 2.63966 3.13154
internal_count=2923 126 79 2797 251 185 73 112 54 78 2546 456 430 161 52 109 269 121 2090 1988 1968 52 102 1916 44 148 34 35 66 50 37 58 41 29 29 47 67 35 40
is_linear=0
shrinkage=0.0852085


Tree=13
num_leaves=42
num_cat=0
split_feature=24 12 15 29 19 15 42 12 4 46 42 1 49 47 39 50 48 47 4 13 27 18 0 11 38 38 7 39 49 31 7 19 38 1 48 3 50 39 13 19 7
split_gain=1.83167 2.2375 5.6967 4.80397 5.60087 4.87918 6.73467 4.16236 6.46776 4.90637 4.86921 4.52631 4.33969 3.74096 3.71526 3.66905 4.20918 4.10715 3.57465 3.37209 3.35483 3.09639 2.95361 3.56911 2.79163 2.76962 4.11209 3.13276 2.69413 4.00214 2.92275 2.65474 2.62522 2.43757 6.06961 3.70128 2.37683 2.16692 1.90759 1.62779 1.5737
threshold=2.5000000000000004 1.5000000000000002 4.5000000000000009 1.0000000180025095e-35 19.500000000000004 11.500000000000002 35.000000000000007 1.0000000180025095e-35 1.0000000180025095e-35 12.500000000000002 5.5000000000000009 3.5000000000000004 7.5000000000000009 5.5000000000000009 5.5000000000000009 3.5000000000000004 6.5000000000000009 6.5000000000000009 16.500000000000004 1.0000000180025095e-35 1.5000000000000002 1.5000000000000002 13.500000000000002 27.000000000000004 9.5000000000000018 85.000000000000014 1.0000000180025095e-35 8.5000000000000018 9.5000000000000018 1.0000000180025095e-35 53.000000000000007 7.5000000000000009 25.000000000000004 2.5000000000000004 7.5000000000000009 31.500000000000004 7.5000000000000009 2.5000000000000004 4.5000000000000009 1.0000000180025095e-35 16.500000000000004
decision_type=2 2 2 2 2 2 2 2 2 2 2 2 2 2 2 2 2 2 2 2 2 2 2 2 2 2 2 2 2 2 2 2 2 2 2 2 2 2 2 2 2
left_child=1 7 -3 5 -5 6 39 11 9 10 14 25 18 24 -9 17 -17 -7 -10 -11 31 -8 -6 -24 -13 33 -27 -28 30 -30 -14 -15 -12 35 -35 -1 -20 -26 -2 -4 -40
right_child=38 2 3 4 22 15 21 8 12 19 32 13 28 20 -16 16 -18 -19 36 -21 -22 -23 23 -25 37 26 27 -29 29 -31 -32 -33 -34 34 -36 -37 -38 -39 40 -41 -42
leaf_value=0.0015775856316752092 -0.082010194063232289 -0.12071022646173342 0.10351147926575788 0.082266651947456679 -0.067655697048635194 -0.020025033544217453 -0.11541574226558685 -0.028350593296810531 -0.088031676051826629 0.089237279328107821 -0.12610279599664642 -0.016182879350880849 -0.026693852045352916 -0.017250772421013427 0.062873318263053285 0.019842970852813446 -0.038452536142199366 -0.12852899954466368 -0.065303346983563174 -0.0087982656709634111 -0.10460064053260071 0.035965189826585961 0.060222691932629122 -0.035783428358631436 0.11081059732372921 -0.10212156396405797 0.025437982391752583 -0.038759227904793539 0.018365657409509861 -0.10213446088231908 0.070150970709796617 0.076427076652512374 -0.002742684755582266 -0.086124979044005068 0.070200241395582383 0.088936413907119399 0.057386334161496695 0.0435024925420519 0.051446255673083523 0.041419550022903637 -0.057305647168428939
leaf_weight=178.81783312745392 3.9686891715973607 2.2946971654891959 6.2031227927655008 14.012939451262357 2.9970721658319226 17.897980466485027 2.4277217276394363 7.2284702770412022 17.090647233650092 6.9644220396876317 3.6635821964591733 3.2369379922747639 4.339993070811035 6.1185570750385505 5.6916619762778282 37.558418117463589 11.699053747579454 3.047731624916195 2.2088223714381447 3.5862177088856697 2.0702643804252139 1.4112471360713241 7.8920286111533624 4.1251899488270283 5.781964477151635 4.5284594669938114 9.0849203243851679 13.388024052605031 3.3319848999381056 4.3589892480522394 4.3798460401594639 3.2648749500513077 2.2839790768921375 6.452452786266802 2.3688542544841766 3.5725462287664405 2.3036007434129715 12.181674078106878 2.094953872263432 8.6748560741543752 1.7308526895940302
leaf_count=1105 51 20 16 45 36 135 26 43 143 22 34 21 19 37 20 264 116 27 22 29 29 10 33 39 19 39 56 112 21 52 20 14 17 58 9 12 15 59 16 46 16
internal_value=0 0.000729187 0.0106575 0.0133738 0.043495 0.0033597 0.0420874 -0.00297495 -0.0217827 0.00777945 -0.0176432 0.0020229 -0.0450416 0.0316252 0.0107355 -0.00676687 0.00567623 -0.036707 -0.070241 0.0545734 -0.00644955 -0.0560594 0.00620991 0.0260131 0.05288 -0.00234228 -0.0278937 -0.0121407 -0.0108818 -0.0481324 0.0203169 0.0139044 -0.081518 0.00119163 -0.0423448 0.00338688 0 0.0661655 -0.0408552 0.0684872 0
internal_weight=0 438.542 120.242 117.947 29.0272 88.9201 18.7169 318.3 67.4322 29.4183 18.8677 250.867 38.0139 32.6543 12.9201 70.2032 49.2575 20.9457 21.6031 10.5506 11.4537 3.83897 15.0143 12.0172 21.2006 218.213 27.0014 22.4729 16.4108 7.69097 8.71984 9.38343 5.94756 191.212 8.82131 182.39 4.51242 17.9636 7.7945 14.878 3.82581
internal_count=2923 2840 813 793 153 640 98 2027 457 165 114 1570 292 179 63 542 380 162 180 51 80 36 108 72 99 1391 207 168 112 73 39 51 51 1184 67 1117 37 78 83 62 32
is_linear=0
shrinkage=0.0852085


Tree=14
num_leaves=28
num_cat=0
split_feature=10 7 31 7 7 42 0 39 10 30 7 9 12 17 19 31 42 15 24 39 3 7 7 24 31 5 46
split_gain=1.79811 3.77911 4.46074 6.6601 4.27422 3.5201 2.87731 2.63245 2.83888 2.87117 2.4766 2.65257 3.7566 3.18755 3.05573 2.66401 2.25481 2.22963 2.16077 2.15942 4.39826 2.58417 1.57921 1.33456 0.865386 0.768643 0.448829
threshold=1.0000000180025095e-35 13.500000000000002 1.0000000180025095e-35 69.500000000000014 76.500000000000014 65.000000000000014 12.500000000000002 10.500000000000002 2.5000000000000004 1.0000000180025095e-35 189.00000000000003 1.5000000000000002 1.0000000180025095e-35 4.5000000000000009 27.500000000000004 5.5000000000000009 55.000000000000007 15.500000000000002 1.5000000000000002 15.500000000000002 11.500000000000002 12.500000000000002 2.5000000000000004 1.0000000180025095e-35 9.5000000000000018 14.500000000000002 10.500000000000002
decision_type=2 2 2 2 2 2 2 2 2 2 2 2 2 2 2 2 2 2 2 2 2 2 2 2 2 2 2
left_child=10 5 3 26 18 22 -5 8 16 -10 11 13 -13 14 19 -14 -6 24 -4 21 -21 -1 -2 -12 -15 -9 -3
right_child=1 2 4 6 7 -7 -8 25 9 -11 23 12 15 17 -16 -17 -18 -19 -20 20 -22 -23 -24 -25 -26 -27 -28
leaf_value=0.0024583889462855986 -0.0055057614946397862 0.063998839143725644 -0.10032091543086928 0.033627343028481464 0.051284639468032488 0.039856808029404389 -0.11179962778957303 0 -0.09747106201420061 0.010478537621388199 -0.10087098132883983 0.10213154716424566 -0.10599655792937593 -0.12370882727321059 0.098753990487639304 0.062818498453888635 -0.01920933389840342 0.018755187402435036 0.013706268419545782 -0.059805049081688329 0.06406902597183177 -0.012686873675532151 -0.11802150444971005 0.0036207609994690299 -0.022984458009666722 -0.088347115082681296 0.11246148601297856
leaf_weight=207.84320296160877 1.6350971870124329 4.5495396032929403 3.720537267625331 1.8487486764788621 20.393845930695537 2.2434226237237453 1.8346772193908689 1.6157565936446183 2.2633711881935579 7.3643040135502815 2.789382722228765 4.1295307725667945 1.4168924912810328 2.9706295989453784 2.1538984254002562 1.1465995907783506 3.5673741996288291 1.3964160382747648 1.451281741261482 2.5856387354433528 8.7130599692463857 133.61198982410133 3.3743365444242954 0.90211697667837132 1.3111354149878023 1.9038372635841367 6.5674300640821457
leaf_count=1294 14 19 42 10 101 13 19 12 26 51 51 16 26 40 7 6 30 9 9 25 38 964 32 8 17 27 17
internal_value=0 0.0131468 0.0206926 0.0610151 0.00618604 -0.0440032 -0.0351222 0.0166386 0.024302 -0.0135938 -0.00228088 -0.00153788 0.0513743 -0.00256628 -0.00150659 -0.0248715 0.0401519 -0.0657789 -0.0655567 -0.00217056 0.0343045 -0.00342469 -0.0845506 -0.0715017 -0.0967584 -0.0518148 0.0942244
internal_weight=0 64.3336 57.0807 14.8004 42.2803 7.25286 3.68343 37.1085 33.5889 9.62768 370.97 367.279 6.69302 360.586 354.908 2.56349 23.9612 5.67818 5.17182 352.754 11.2987 341.455 5.00943 3.6915 4.28177 3.51959 11.117
internal_count=2923 422 363 65 298 59 29 247 208 77 2501 2442 48 2394 2328 32 131 66 51 2321 63 2258 46 59 57 39 36
is_linear=0
shrinkage=0.0852085


Tree=15
num_leaves=26
num_cat=0
split_feature=10 7 31 6 7 47 38 39 13 3 7 9 12 7 7 42 50 42 25 27 24 28 46 6 18
split_gain=1.52808 2.55735 3.66926 4.07973 3.8797 2.78954 2.49767 2.16052 2.0126 1.98647 1.82814 1.79222 2.70738 2.25225 2.45971 2.01163 5.26349 4.17655 1.7907 1.56471 1.18095 0.743971 0.709904 0.537993 0.0124809
threshold=1.0000000180025095e-35 9.5000000000000018 1.0000000180025095e-35 7.5000000000000009 69.500000000000014 3.5000000000000004 95.000000000000014 1.5000000000000002 3.5000000000000004 173.00000000000003 189.00000000000003 1.5000000000000002 1.0000000180025095e-35 154.00000000000003 136.50000000000003 1.0000000180025095e-35 7.5000000000000009 7.5000000000000009 1.5000000000000002 6.5000000000000009 1.0000000180025095e-35 1.5000000000000002 10.500000000000002 11.500000000000002 5.5000000000000009
decision_type=2 2 2 2 2 2 2 2 2 2 2 2 2 2 2 2 2 2 2 2 2 2 2 2 2
left_child=10 5 4 19 22 -2 7 9 -9 -5 11 13 -13 14 15 16 -1 -17 -14 -4 -12 -15 -3 -6 -8
right_child=1 2 3 6 23 -7 24 8 -10 -11 20 12 18 21 -16 17 -18 -19 -20 -21 -22 -23 -24 -25 -26
leaf_value=0.018762172099753911 0.0014811068447321057 0.046426205250036844 -0.11402495969726108 -0.083492241692417937 -0.057502402545804229 -0.11586912018890314 -0.033231239544977177 0.0065573888494750224 0.052119948197611267 0.022055458564847755 -0.095557883262034127 0.089035416577273124 -0.10178323458887263 -0.10587400998188477 0.079424101834043317 -0.035004178275698863 -0.025799467809406843 -0.0020968306253557624 0.042502947472880838 -0.0047697862206055623 0.0033189621621102145 -0.0056378786560376173 0.098045998420540528 0.0039663297931329684 -0.098980270441069385
leaf_weight=77.854251567274332 3.638814326375722 4.9713032282888872 2.595516648143529 2.551879070699214 1.7211064696311944 2.1885144300758839 1.0674691908061498 15.472052718512716 14.374395821243523 2.240855386480689 2.448195699602365 3.7842964753508559 1.1450596470385792 1.990021271631121 2.6563853360712519 32.364461611956358 25.323032349348068 216.51462336070836 1.136019095778465 1.9716366380453108 0.91969537362456311 1.1972993556410072 6.7131484225392342 1.5468191467225549 1.0319235324859617
leaf_count=386 26 23 30 34 16 23 13 110 64 19 51 16 23 33 9 251 179 1522 9 15 8 14 20 13 16
internal_value=0 0.01236 0.0181162 0.00461019 0.0543317 -0.0404372 0.0144106 0.0202445 0.0290367 -0.0312212 -0.00208998 -0.00146658 0.0442169 -0.00228675 -0.00159928 -0.00226069 0.00767511 -0.00644053 -0.0238625 -0.0704972 -0.0643754 -0.0733278 0.0775585 -0.0241137 -0.0736254
internal_weight=0 62.0854 56.2581 41.3057 14.9524 5.82733 36.7386 34.6392 29.8464 4.79273 367.333 363.965 6.06538 357.9 354.713 352.056 103.177 248.879 2.28108 4.56715 3.36789 3.18732 11.6845 3.26793 2.09939
internal_count=2923 422 373 301 72 49 256 227 174 53 2501 2442 48 2394 2347 2338 565 1773 32 45 59 47 43 29 29
is_linear=0
shrinkage=0.0852085


Tree=16
num_leaves=42
num_cat=0
split_feature=42 38 39 47 19 4 25 48 14 47 0 3 29 50 19 7 7 13 42 18 46 2 38 1 5 0 7 43 43 28 5 39 11 4 18 47 7 7 47 47 50
split_gain=1.53331 3.91222 3.30276 3.70183 5.06683 4.59391 3.0857 3.02036 2.55053 1.76387 1.85905 7.97616 9.77219 6.50818 4.50551 6.17456 4.76902 3.35678 5.05293 6.04884 5.39161 4.23059 4.09431 3.54398 3.21891 6.00798 4.87162 3.34249 4.81617 3.58224 3.05474 3.27181 2.46542 2.13891 1.48856 1.38333 1.92978 1.32903 1.35494 1.5997 1.0793
threshold=75.000000000000014 65.000000000000014 1.5000000000000002 8.5000000000000018 1.5000000000000002 2.5000000000000004 1.5000000000000002 2.5000000000000004 5.5000000000000009 16.500000000000004 1.0000000180025095e-35 4.5000000000000009 1.0000000180025095e-35 9.5000000000000018 8.5000000000000018 38.500000000000007 7.5000000000000009 1.0000000180025095e-35 7.5000000000000009 1.0000000180025095e-35 7.5000000000000009 5.5000000000000009 9.5000000000000018 1.0000000180025095e-35 1.0000000180025095e-35 3.5000000000000004 10.500000000000002 5.5000000000000009 6.5000000000000009 1.0000000180025095e-35 14.500000000000002 6.5000000000000009 1.0000000180025095e-35 11.500000000000002 1.5000000000000002 11.500000000000002 8.5000000000000018 5.5000000000000009 8.5000000000000018 1.5000000000000002 11.500000000000002
decision_type=2 2 2 2 2 2 2 2 2 2 2 2 2 2 2 2 2 2 2 2 2 2 2 2 2 2 2 2 2 2 2 2 2 2 2 2 2 2 2 2 2
left_child=9 6 -3 4 -4 -6 37 -5 -7 10 11 14 13 32 15 16 -1 18 20 23 21 -12 -21 -20 25 -19 -27 29 -29 -26 -16 -32 -13 -14 -17 -9 -37 -2 39 -39 -15
right_child=1 2 3 7 5 8 -8 35 -10 -11 17 12 33 40 30 34 -18 24 19 22 -22 -23 -24 -25 27 26 -28 28 -30 -31 31 -33 -34 -35 -36 36 -38 38 -40 -41 -42
leaf_value=0.015352933152567862 -0.11427725063441485 0.082344144984719911 -0.10436929448394144 -0.076109228213417271 0.057595906264270323 -0.09269882567773774 0.054483967198623563 0.06098078378941936 0.053974979902603762 0.070239507378849222 -0.0091118397254022244 -0.11499592746498802 -0.011733852119296836 0.041754364276468142 -0.086534420012064961 0.034686875978522151 -0.033358208242508305 -0.097540366367173767 0.0076468385695043564 0.054200312509220347 -0.11375741219057837 0.084194602771977961 -0.039968235756178083 0.066636486409178616 0.025663868630664798 -0.00017182105701927614 -0.1295535443152509 -0.098583300729278248 -0.0030103264194487403 -0.020932601181633589 -0.063854770787048501 0.064953766265999233 -0.02917635740565995 0.085002966139671315 0.10957324991346865 0.055451082902292996 -0.03149055264817479 -0.10579228183227872 -0.10766123684695252 -6.569213728997177e-05 -0.035087196500847441
leaf_weight=58.631315881386399 3.5492189433425656 3.2510605715215197 5.3724918123334673 1.9646989833563591 4.7890112828463298 3.8094956688582897 1.5583208575844754 7.1377872209995967 0.94659220799803723 2.6921630688011637 25.202536962926391 13.714128408581027 2.4415607675909987 3.1094915829598895 6.0931784678250533 4.4239008687436563 19.320580136030912 6.3750949893146744 10.599055755883454 4.7568339221179476 3.1070997640490523 4.051456067711114 10.752725297585128 30.167970787733793 60.425397701561451 37.213399883359671 2.2225817181169978 4.3627963010221711 32.78014924749732 14.558600107207893 2.8418983072042465 2.8185767643153667 3.5959170050919047 3.892389602959156 5.0008096769452095 3.2942986227571964 4.0190783999860287 1.3555026836693267 2.0984341483563185 5.3152028005570173 2.1311782039701939
leaf_count=294 48 14 59 24 25 63 10 46 6 13 159 145 22 17 65 23 140 60 63 22 29 17 102 129 340 270 21 44 250 128 25 11 26 20 9 16 41 23 33 49 22
internal_value=0 -0.0142625 0.000658647 -0.00741656 -0.0384442 0 -0.0524419 0.0198875 -0.060201 0.00183309 0.0012952 -0.00698239 -0.0464022 -0.072906 0.00436415 0.0111689 0.00307823 0.00565391 0.0189359 0.034405 -0.0075097 0.00337881 -0.0100667 0.0516863 -0.00170758 -0.0208038 -0.00794687 0.00596449 -0.0147181 0.0164115 -0.044838 0 -0.0981236 0.0454899 0.0762543 0.0341195 0.00570294 -0.0672937 -0.0462129 -0.0242062 0.00763589
internal_weight=0 48.4612 34.5845 31.3335 14.9176 9.5451 13.8767 16.4159 4.75609 377.283 374.591 128.015 28.8847 22.5507 99.1303 87.3766 77.9519 246.576 88.6377 56.2766 32.3611 29.254 15.5096 40.767 157.938 45.8111 39.436 112.127 37.1429 74.984 11.7537 5.66048 17.31 6.33395 9.42471 14.4512 7.31338 12.3184 8.76914 6.67071 5.24067
internal_count=2923 457 294 280 153 94 163 127 69 2466 2453 819 252 210 567 466 434 1634 521 316 205 176 124 192 1113 351 291 762 294 468 101 36 171 42 32 103 57 153 105 72 39
is_linear=0
shrinkage=0.0852085


Tree=17
num_leaves=30
num_cat=0
split_feature=42 28 42 42 49 48 3 13 7 6 47 47 46 43 43 31 3 42 42 15 19 7 24 17 3 48 39 15 3
split_gain=1.29361 1.84038 1.52512 2.97238 3.82605 2.27736 2.42341 2.14414 1.6492 2.62492 2.00823 1.5289 1.45334 5.51931 4.31918 3.32398 4.93798 3.26122 4.63732 4.6572 3.07052 4.01025 3.30294 3.01865 2.83243 2.26471 0.862703 0.74404 0.556735
threshold=155.00000000000003 1.0000000180025095e-35 125.00000000000001 85.000000000000014 5.5000000000000009 5.5000000000000009 24.500000000000004 2.5000000000000004 23.500000000000004 6.5000000000000009 8.5000000000000018 8.5000000000000018 25.000000000000004 7.5000000000000009 9.5000000000000018 1.0000000180025095e-35 9.5000000000000018 16.500000000000004 35.000000000000007 9.5000000000000018 17.500000000000004 16.500000000000004 1.0000000180025095e-35 1.0000000180025095e-35 56.500000000000007 2.5000000000000004 9.5000000000000018 1.5000000000000002 5.5000000000000009
decision_type=2 2 2 2 2 2 2 2 2 2 2 2 2 2 2 2 2 2 2 2 2 2 2 2 2 2 2 2 2
left_child=2 -2 3 12 27 11 -7 8 10 -10 -6 -4 17 15 26 16 -14 20 24 -20 21 -1 -22 -17 -19 -16 -15 28 -5
right_child=1 -3 5 4 7 6 -8 -9 9 -11 -12 -13 13 14 25 23 -18 18 19 -21 22 -23 -24 -25 -26 -27 -28 -29 -30
leaf_value=0.005966560759855727 -0.10620195018957429 0.020028901282754853 0.079723049778959845 -0.074121638232772263 -0.072520130383561157 -0.098308322742292467 0.024015901556470917 -0.10031240469303689 0.087261461507762345 -0.034345877327045644 0.023378513031455456 0 -0.0079947403903363086 -0.11426836773367149 0.052240497573657292 -0.056364517791427586 0.049852715284650045 -0.030901240553517305 -0.034088205141604135 0.039636696003569408 0.043910948527120283 -0.019708958889725025 -0.01196757007592247 0.011982554835697136 -0.10633117312785036 -0.02753364182497137 -0.029830166049363005 -0.10775278304202486 0
leaf_weight=142.82957641594112 1.9359112177044147 1.1480004750192163 5.8822317067533714 1.9526039548218279 2.8644785881042463 1.6973764859139908 3.3449428305029869 1.4308430645614851 3.5664985608309507 1.7694306876510379 3.1558088716119528 2.6655624844133854 14.576027721166609 4.1142020933330086 3.7558072693645945 6.1838094014674452 36.394287394359708 11.763584787026049 13.394841695204379 11.557612001895903 23.255629723891616 63.716418223455548 10.896846121177076 18.588745297864079 5.8628010936081401 8.0251764915883523 1.8442031256854532 4.0500361677259207 1.6561356112360952
leaf_count=879 30 7 26 23 38 21 23 26 19 32 25 22 89 43 16 59 197 95 111 73 147 460 81 141 67 68 20 69 16
internal_value=0 -0.0546846 0.000414916 -0.00050942 -0.0321501 0.028468 -0.0145787 -0.00235942 0.00892124 0.0441773 -0.0199188 0.0555682 0.0011705 0.0104052 -0.0320082 0.0205464 0.0330213 -0.00182486 -0.02358 0 0.00196394 -0.00188321 0.0256488 -0.00452609 -0.0569931 -0.000755669 -0.0909489 -0.0797123 -0.0434258
internal_weight=0 3.08391 410.796 397.205 20.4458 13.5901 5.04232 12.7871 11.3562 5.33593 6.02029 8.54779 376.76 93.4823 17.7394 75.7429 50.9703 283.277 42.5788 24.9525 240.698 206.546 34.1525 24.7726 17.6264 11.781 5.95841 7.65878 3.60874
internal_count=2923 37 2886 2794 248 92 44 140 114 51 63 48 2546 633 147 486 286 1913 346 184 1567 1339 228 200 162 84 63 108 39
is_linear=0
shrinkage=0.0852085


Tree=18
num_leaves=31
num_cat=0
split_feature=15 27 1 43 27 27 7 7 50 7 0 27 35 39 39 3 8 7 39 48 6 6 2 14 27 15 0 29 11 3
split_gain=1.23191 2.47628 1.5533 3.93488 4.10236 2.97881 2.86389 4.26237 2.70289 2.07252 1.97918 2.04156 1.83919 2.72643 1.92472 3.08923 1.77771 1.56494 5.99125 5.05185 1.38519 3.14203 1.37382 1.19161 1.14813 1.1481 1.08924 0.90743 0.834488 0.432472
threshold=51.500000000000007 7.5000000000000009 15.500000000000002 5.5000000000000009 1.5000000000000002 1.5000000000000002 1.0000000180025095e-35 4.5000000000000009 3.5000000000000004 17.500000000000004 14.500000000000002 1.5000000000000002 1.0000000180025095e-35 8.5000000000000018 15.500000000000002 11.500000000000002 1.0000000180025095e-35 2.5000000000000004 1.0000000180025095e-35 6.5000000000000009 4.5000000000000009 13.500000000000002 19.500000000000004 2.5000000000000004 8.5000000000000018 4.5000000000000009 2.5000000000000004 1.5000000000000002 6.5000000000000009 167.50000000000003
decision_type=2 2 2 2 2 2 2 2 2 2 2 2 2 2 2 2 2 2 2 2 2 2 2 2 2 2 2 2 2 2
left_child=2 -2 10 5 -5 22 -7 24 -9 16 12 -12 14 25 17 -16 29 18 -1 -19 -11 -22 -4 -15 -8 -14 -17 -27 -3 -6
right_child=1 28 3 4 9 6 7 8 -10 20 11 -13 13 23 15 26 -18 19 -20 -21 21 -23 -24 -25 -26 27 -28 -29 -30 -31
leaf_value=-0.034824183629772652 -0.12794590535185191 -0.040492523119255136 0.091118851072510915 -0.10460636373246786 -0.033083647838490805 0.089615885897522049 -0.12551074869412215 -0.021111272167931041 0.039342534608514383 0.060373292794294285 0 -0.112546886367295 -7.089304647794267e-05 -0.022489744636839192 -0.043210722721732965 0.092128131344643982 0.029996090879532967 -0.014400385556732677 0.01778345384510617 0.013123457932477352 -0.094179691709626395 0.024772215144436501 0.018773587262397626 0.075082624080666391 -0.014386617571518 -0.12219306308542209 0.019211532942119094 -0.020368538873348194 0.04069986932926993 -0.11736806760869722
leaf_weight=19.242815144360065 1.6044102106243361 1.8806490302085879 6.8750526495277864 3.2125904820859459 1.4692214652895956 3.2673977240920093 1.9749589543789654 7.8310994245111969 15.484531380236147 3.7185289412736884 2.5342447943985453 2.3275531902909279 1.5537693835794906 1.7127964887768032 2.407709673047064 4.4798039756715298 1.1588833257555959 143.55846909992397 82.712047565728426 72.555826049298048 2.0201084297150356 7.4626721478998661 3.4659015834331512 1.5858642682433126 1.5460258126258848 3.0735009461641312 3.1547627029940486 1.3033357225358484 1.7299681417644022 1.7641681414097545
leaf_count=120 17 21 25 44 17 18 26 62 98 22 19 32 14 25 26 15 7 1103 495 480 29 48 27 6 13 41 19 14 10 30
internal_value=0 -0.0410165 0.000533513 0.0130544 -0.0165852 0.0286739 0.01445 0.00464041 0.0183938 0 -0.00166482 -0.0555054 -0.000838983 -0.0382916 0.000172536 0.0368764 -0.0508202 -0.000942853 0.00769909 -0.0050898 0.0165335 0 0.0684559 0.0201957 -0.0815308 -0.0732707 0.0641686 -0.0956569 0 -0.0843907
internal_weight=0 5.21503 403.454 61.2511 20.8062 40.445 30.104 26.8366 23.3156 17.5936 342.202 4.8618 337.341 9.22927 328.111 10.0423 4.39227 318.069 101.955 216.114 13.2013 9.48278 10.341 3.29866 3.52098 5.93061 7.63457 4.37684 3.61062 3.23339
internal_count=2923 48 2875 466 197 269 217 199 160 153 2409 51 2358 100 2258 60 54 2198 615 1583 99 77 52 31 39 69 34 55 31 47
is_linear=0
shrinkage=0.0852085


Tree=19
num_leaves=41
num_cat=0
split_feature=38 46 31 19 5 6 7 7 43 50 27 12 38 0 43 50 11 7 43 47 50 50 49 39 39 50 42 47 7 46 43 39 42 43 50 50 19 3 47 18
split_gain=1.29359 2.97068 3.95665 3.4134 7.83834 3.40777 2.69145 4.36048 8.84781 5.24943 3.50786 4.51498 2.48864 4.88131 4.22513 4.37443 2.43935 1.86886 1.74941 3.29558 6.06459 3.32454 2.87716 4.732 4.53593 2.76526 2.33596 3.88229 2.8498 1.91271 2.01898 2.90788 2.08937 1.26888 1.21215 1.084 0.485294 0.415297 0.412031 0.264294
threshold=6.5000000000000009 13.500000000000002 1.0000000180025095e-35 15.500000000000002 7.5000000000000009 19.500000000000004 8.5000000000000018 14.500000000000002 5.5000000000000009 3.5000000000000004 7.5000000000000009 2.5000000000000004 8.5000000000000018 1.5000000000000002 8.5000000000000018 8.5000000000000018 12.500000000000002 114.00000000000001 7.5000000000000009 8.5000000000000018 4.5000000000000009 14.500000000000002 5.5000000000000009 10.500000000000002 8.5000000000000018 14.500000000000002 8.5000000000000018 6.5000000000000009 9.5000000000000018 135.00000000000003 6.5000000000000009 13.500000000000002 9.5000000000000018 13.500000000000002 10.500000000000002 5.5000000000000009 1.5000000000000002 40.000000000000007 8.5000000000000018 1.0000000180025095e-35
decision_type=2 2 2 2 2 2 2 2 2 2 2 2 2 2 2 2 2 2 2 2 2 2 2 2 2 2 2 2 2 2 2 2 2 2 2 2 2 2 2 2
left_child=1 3 34 4 6 17 10 8 -8 -9 11 -1 13 36 35 -16 -7 -5 25 21 -21 26 24 -24 -22 29 27 -20 -28 30 31 -14 -32 -4 -3 -15 -2 -6 -38 -27
right_child=12 2 33 5 37 16 7 9 -10 -11 -12 -13 18 14 15 -17 -18 -19 19 20 22 -23 23 -25 -26 39 28 -29 -30 -31 32 -33 -34 -35 -36 -37 38 -39 -40 -41
leaf_value=-0.0095165440217516457 -0.12840856829836414 0.084019169520837933 -0.084220993010874323 5.6249324670682798e-05 -0.13286306464171757 -0.094993648763683186 0.093691742923717874 -0.10156274214779629 -0.071004801416087268 0.014527822509800449 0.060861692182007716 -0.11021061478801755 -7.021548413008409e-05 -0.0087485142866261089 -0.033390778870137666 0.11001657261105807 0.01804723139134258 0.080660229304185191 -0.05028732219800066 -0.11183007600277797 -0.061966089093695526 0.05287187797474157 0.020650218464194976 -0.077509218025227866 0.064599584794311049 -0.11112665173535541 -0.075822321334734571 0.082219479188942859 -0.022859277359651139 -0.072215227695720752 -0.037556496892773683 0.048632935865891937 0.046177299719382822 0.015754496069248267 0.016439478069362905 -0.10233794250611422 -0.093018676050455551 -0.046615340726911564 -0.016034000223104531 -0.027728998271441752
leaf_weight=48.195292079821229 2.8076262641698149 8.3935982137918455 1.8596927449107163 3.1742745228111771 3.2986915968358508 1.8888853453099717 10.740761328488587 3.3583391215652254 2.90443281084299 16.612413886934519 4.5215153619647017 3.4894156530499449 149.82078909873962 2.0598158873617631 2.5417244918644428 3.4374733753502369 4.5357214137911797 9.3132130540907365 3.2969300113618365 2.8177555464208117 2.2952090576291075 3.2288128416985264 13.085439937189223 4.8314060121774665 13.012064728885887 1.5222810488194221 12.993483029305933 2.9938845299184322 19.853091958910227 2.2544660177081814 2.3130628466606167 9.3901788946241123 14.630902944132684 1.3778419904410837 3.3018412478268138 2.3794354163110256 1.7466539740562441 1.2188092581927774 1.5135827027261255 1.0825765542685983
leaf_count=291 25 26 24 23 34 30 36 29 32 112 24 33 1066 15 24 10 23 35 32 33 28 21 98 65 65 23 138 11 213 32 21 47 80 13 21 30 17 14 16 13
internal_value=0 0.00707195 0.0428069 0.00221641 -0.0042687 0.0353091 0.00109292 0.0203038 0.0574509 -0.00438032 -0.0101351 -0.0166714 -0.00328602 -0.0353854 0 0.046711 -0.0131814 0.0614242 -0.00118399 -0.0118555 0.00674822 -0.0280289 0.0173579 -0.00507755 0.0445506 0.0033569 -0.0351255 0.0105019 -0.0443224 0.00471622 0.00579942 0.00271757 0.0338114 -0.0373566 0.0663204 -0.0626558 -0.0959125 -0.113402 -0.0623576 -0.0829417
internal_weight=0 128.185 14.933 113.252 94.3397 18.9121 89.8222 33.6159 13.6452 19.9708 56.2062 51.6847 275.909 16.4863 10.4184 5.9792 6.42461 12.4875 259.422 78.4081 36.0419 42.3662 33.2241 17.9168 15.3073 181.014 39.1374 6.29081 32.8466 178.409 176.155 159.211 16.944 3.23753 11.6954 4.43925 6.06786 4.5175 3.26024 2.60486
internal_count=2923 800 84 716 605 111 557 209 68 141 348 324 2123 137 79 34 53 58 1986 704 289 415 256 163 93 1282 394 43 351 1246 1214 1113 101 37 47 45 58 48 33 36
is_linear=0
shrinkage=0.0852085


Tree=20
num_leaves=42
num_cat=0
split_feature=10 7 7 39 40 11 11 42 49 49 3 8 43 38 2 0 50 3 50 19 7 24 47 7 49 43 43 3 31 50 3 47 49 47 0 38 39 0 42 20 19
split_gain=1.33765 1.90968 2.60101 2.81109 2.14221 2.96783 2.67765 2.06366 1.90813 4.27542 1.8649 1.75545 1.55672 1.35593 3.20137 4.29891 4.03062 6.66502 5.2653 3.98563 5.20663 3.74734 3.0856 2.60516 6.10543 7.87959 7.85427 8.76633 4.04439 3.92567 5.93599 5.55476 5.34295 3.48773 2.98982 2.71378 2.5437 2.41506 1.34766 1.24855 1.09213
threshold=1.0000000180025095e-35 13.500000000000002 24.500000000000004 10.500000000000002 -1.0000000180025095e-35 5.5000000000000009 3.5000000000000004 65.000000000000014 15.500000000000002 16.500000000000004 1.0000000180025095e-35 2.5000000000000004 5.5000000000000009 5.5000000000000009 5.5000000000000009 6.5000000000000009 5.5000000000000009 13.500000000000002 7.5000000000000009 17.500000000000004 6.5000000000000009 1.0000000180025095e-35 7.5000000000000009 2.5000000000000004 7.5000000000000009 2.5000000000000004 9.5000000000000018 5.5000000000000009 1.0000000180025095e-35 8.5000000000000018 1.0000000180025095e-35 4.5000000000000009 8.5000000000000018 7.5000000000000009 4.5000000000000009 12.500000000000002 6.5000000000000009 13.500000000000002 7.5000000000000009 1.0000000180025095e-35 8.5000000000000018
decision_type=2 2 2 2 2 2 2 2 2 2 2 2 2 2 2 2 2 2 2 2 2 2 2 2 2 2 2 2 2 2 2 2 2 2 2 2 2 2 2 2 2
left_child=8 7 -3 4 5 -4 12 -2 13 -10 -11 -5 -6 14 16 -16 19 18 -18 20 -1 36 -19 24 26 -26 27 -15 -27 31 -31 32 -25 -32 -33 -28 -17 -23 -8 -7 -12
right_child=1 2 3 11 6 39 38 -9 9 10 40 -13 -14 23 15 21 17 22 -20 -21 -22 37 -24 29 25 28 35 -29 -30 30 33 34 -34 -35 -36 -37 -38 -39 -40 -41 -42
leaf_value=-0.01152462936662263 -0.067695281508029156 0.070217186309911681 -0.12126443109710205 -0.098447238370014858 0.07840955786161187 0.051419648602923002 0.056631693350850013 0.034482952879288299 -0.12612034450462942 0.070455477153905835 -0.098684166143750904 0.0037823541921904163 0.010473826259962698 0.076214764408740199 0.079659148237121447 -0.066946142240053338 0.066694504734686744 -0.098394568347076813 0 0.063495890960795165 -0.093142612493180815 -0.014016519495954364 0.0078709597670565817 -0.052998420010136799 -0.12416263579997534 -0.018170404405340079 -0.11388745695151282 0.00011601978732158995 0.11260445276587136 -0.093084000669866718 0.037642284082998828 0.014480667011251305 0.0090277298633974472 -0.01009869589795738 -0.029743153136399317 -0.011917640506596657 0.038599213178293748 0.061481843450031833 -0.0016523126203325323 -0.03562861183307265 0.011563218548799478
leaf_weight=19.352228622883565 4.0930927377194157 6.0864069163799277 1.7302346564829338 2.588801276870071 8.5232389159500581 2.3772998042404652 3.309571739286187 1.9575594067573545 2.8421998023986808 1.9025116600096224 1.1896421909332278 1.7763417251408098 4.2167656291276208 22.140544474124908 9.0278727337718028 5.7964524626731899 15.825828373432158 4.8192688450217238 19.132081629708409 3.0873022750020018 8.3360329400747997 4.1860866378992787 2.9342877008020878 43.334577502682805 4.9872207418084171 12.496986282989379 3.0498410463333112 22.580866742879152 1.9563351832330234 3.7506808098405591 26.4398122895509 34.315944716334343 12.616087943315504 18.437486927956343 16.362841609865427 5.9865194484591484 2.0971157178282738 9.1258022487163526 17.901351567357779 2.2250613830983639 0.94386861100792874
leaf_count=111 46 25 19 42 32 13 13 13 33 9 20 17 31 80 35 57 54 45 139 16 88 35 22 392 49 121 31 154 5 47 176 231 106 172 157 54 12 41 150 21 9
internal_value=0 0.0120995 0.0176915 0.0101485 0.0174801 -0.0267611 0.0261918 -0.032163 -0.00202745 -0.0463923 0.00663607 -0.0537196 0.0571845 -0.00105908 0.00696056 0.0303215 -0.00245562 0.0142534 0.0303894 -0.0261226 -0.0367207 0.00851844 -0.0563896 -0.00476621 0.0083668 -0.032197 0.0233258 0.0381547 0 -0.0110551 0.00879011 -0.020246 -0.0387473 0.0177011 0 -0.0482792 -0.0369678 0.03664 0.00680971 0.00614385 -0.0435545
internal_weight=0 56.7857 50.7351 44.6487 40.2835 6.3326 33.9509 6.05065 339.054 6.87822 4.03602 4.36514 12.74 332.176 103.72 30.2333 73.487 42.7115 34.9579 30.7756 27.6883 21.2055 7.75356 228.456 73.1983 19.4405 53.7578 44.7214 14.4533 155.257 48.628 106.629 55.9507 44.8773 50.6788 9.03636 7.89357 13.3119 21.2109 4.60236 2.13351
internal_count=2923 422 363 338 279 53 226 59 2501 71 38 59 63 2430 655 180 475 260 193 215 199 145 67 1775 494 175 319 234 126 1281 395 886 498 348 388 85 69 76 163 34 29
is_linear=0
shrinkage=0.0852085


Tree=21
num_leaves=35
num_cat=0
split_feature=24 43 27 27 5 12 48 49 6 14 50 49 28 5 47 46 38 17 43 15 15 12 9 7 39 13 28 8 23 15 15 38 14 14
split_gain=1.45087 1.47717 1.44981 2.63164 3.63645 2.18022 4.79948 2.0245 2.14977 1.72265 1.60329 2.1583 2.34191 2.72579 4.15409 2.9349 2.70047 2.05007 2.07362 2.38105 1.76517 2.96799 1.69133 2.26654 3.98427 3.61811 1.57397 1.12649 1.67536 1.10625 0.859997 1.06708 0.812825 0.181262
threshold=2.5000000000000004 2.5000000000000004 6.5000000000000009 8.5000000000000018 1.0000000180025095e-35 2.5000000000000004 6.5000000000000009 8.5000000000000018 10.500000000000002 4.5000000000000009 10.500000000000002 11.500000000000002 1.0000000180025095e-35 1.0000000180025095e-35 6.5000000000000009 13.500000000000002 85.000000000000014 2.5000000000000004 14.500000000000002 1.5000000000000002 39.500000000000007 9.5000000000000018 1.5000000000000002 2.5000000000000004 1.0000000180025095e-35 4.5000000000000009 1.5000000000000002 1.5000000000000002 1.0000000180025095e-35 38.500000000000007 15.500000000000002 25.000000000000004 7.5000000000000009 3.5000000000000004
decision_type=2 2 2 2 2 2 2 2 2 2 2 2 2 2 2 2 2 2 2 2 2 2 2 2 2 2 2 2 2 2 2 2 2 2
left_child=2 33 10 30 -5 6 -6 9 -9 -7 20 12 13 14 -12 -15 26 18 19 -13 22 -22 23 24 -1 -25 -14 28 -24 -29 -4 -32 -3 -2
right_child=1 32 3 4 5 7 -8 8 -10 -11 11 17 16 15 -16 -17 -18 -19 -20 -21 21 -23 27 25 -26 -27 -28 29 -30 -31 31 -33 -34 -35
leaf_value=-0.030214574915380234 -0.017645702160332156 -0.099447689873158773 0 -0.08859485320610179 -0.11408026515123493 0.078023207777900852 0.044660317481297569 0.031770221870392162 -0.088298928515196023 0 -0.076430984394135079 -0.11836943627254458 -0.10595824162791066 0.070081582513007057 0.029604186765592504 0.0069657702677539974 0.057620700007835736 0.039445711298745023 0.043501107999073599 -0.01779401833297491 -0.11054152493821993 0.017744169899159355 -0.0015957718562886192 -0.0072717545537418519 0.015516110896878356 -0.07372469285204028 0.0022425977642200777 -0.051181569506877481 0.066570203573248415 0.04263021977726187 0.07792302150674997 0.016671436427483807 0 0.021850397528413924
leaf_weight=16.853662427514791 1.5578778069466346 2.6942269373685126 2.310206774622201 2.9365705531090525 2.6531942561268833 6.4937644992023689 2.6589087285101414 2.5025883931666604 1.757188696414232 2.8797856159508228 3.7989890091121188 2.915821945294736 2.6555454432964321 14.856614980846645 8.8566215932369214 9.2417615130543691 1.6061456203460691 3.1786918602883807 1.6628025919198979 5.1743599642068148 2.8624029010534278 2.0587452035397291 3.6283925268799049 174.87252277880907 73.531980095431209 6.195567585527896 1.1189072113484142 2.24094633758068 6.6129280347377062 1.3695149421691897 6.9486432336270791 3.9696021303534508 0.88101577013730992 1.6855710037052629
leaf_count=109 16 43 19 38 32 28 15 16 19 23 47 45 34 75 61 89 11 20 10 60 49 20 28 1343 437 73 13 24 35 12 30 25 12 12
internal_value=0 -0.0388611 0.000699914 0.0172104 -0.000264094 0.0127677 -0.0320331 0.0313575 -0.0145633 0.0537993 -0.000936959 0.0123284 0.0218307 0.0297222 -0.00115969 0.0465414 -0.0291541 -0.0174515 -0.0376001 -0.0562264 -0.00350669 -0.0540853 -0.00257548 -0.00410657 0.00681503 -0.00964154 -0.0702017 0.0262865 0.0410319 -0.0114137 0.0471761 0.0571421 -0.0764183 0
internal_weight=0 6.81869 380.403 35.1105 21.882 18.9454 5.3121 13.6333 4.25978 9.37355 345.293 55.0663 42.1346 36.754 12.6556 24.0984 5.3806 12.9317 9.75298 8.09018 290.227 4.92115 285.306 271.454 90.3856 181.068 3.77445 13.8518 10.2413 3.61046 13.2285 10.9182 3.57524 3.24345
internal_count=2923 83 2840 245 171 133 47 86 35 51 2595 465 330 272 108 164 58 135 115 105 2130 69 2061 1962 546 1416 47 99 63 36 74 55 55 28
is_linear=0
shrinkage=0.0852085


end of trees

feature_importances:
mf_courseout=73
result_1=49
ninki_2=44
result_2=42
result_3=39
self_popularity=37
umaban=36
f_courseout=35
ninki_1=33
mf_classout=30
ninki_3=29
f_classout=27
waku=27
f_lenout=21
mf_classout.1=21
mf_course2=19
f_course1=18
mf_course1=18
f_len2=18
f_course2=17
f_mf_courseout=17
mf_class1=14
mf_course3=13
f_len1=11
f_len3=11
f_class1=11
mf_len2=10
mf_len3=10
f_course3=9
f_mf_course3=9
mf_class3=9
f_mf_course2=7
f_mf_classout=5
mf_class2=5
mf_len1=4
f_class2=4
f_mf_course1=3
f_mf_len1=1
f_mf_len2=1
f_class3=1
f_mf_class1=1
f_mf_classout.1=1
time_df_course2=1
time_df_course3=1

parameters:
[boosting: gbdt]
[objective: lambdarank]
[metric: ndcg]
[tree_learner: serial]
[device_type: cpu]
[data_sample_strategy: bagging]
[data: ]
[valid: ]
[num_iterations: 187]
[learning_rate: 0.0852085]
[num_leaves: 42]
[num_threads: 16]
[seed: 0]
[deterministic: 0]
[force_col_wise: 1]
[force_row_wise: 0]
[histogram_pool_size: -1]
[max_depth: 7]
[min_data_in_leaf: 14]
[min_sum_hessian_in_leaf: 0.001]
[bagging_fraction: 1]
[pos_bagging_fraction: 1]
[neg_bagging_fraction: 1]
[bagging_freq: 0]
[bagging_seed: 7719]
[feature_fraction: 1]
[feature_fraction_bynode: 1]
[feature_fraction_seed: 2437]
[extra_trees: 0]
[extra_seed: 11797]
[early_stopping_round: 0]
[first_metric_only: 0]
[max_delta_step: 0]
[lambda_l1: 0.176138]
[lambda_l2: 0.033231]
[linear_lambda: 0]
[min_gain_to_split: 0]
[drop_rate: 0.1]
[max_drop: 50]
[skip_drop: 0.5]
[xgboost_dart_mode: 0]
[uniform_drop: 0]
[drop_seed: 21238]
[top_rate: 0.2]
[other_rate: 0.1]
[min_data_per_group: 100]
[max_cat_threshold: 32]
[cat_l2: 10]
[cat_smooth: 10]
[max_cat_to_onehot: 4]
[top_k: 20]
[monotone_constraints: ]
[monotone_constraints_method: basic]
[monotone_penalty: 0]
[feature_contri: ]
[forcedsplits_filename: ]
[refit_decay_rate: 0.9]
[cegb_tradeoff: 1]
[cegb_penalty_split: 0]
[cegb_penalty_feature_lazy: ]
[cegb_penalty_feature_coupled: ]
[path_smooth: 0]
[interaction_constraints: ]
[verbosity: -1]
[saved_feature_importance_type: 0]
[use_quantized_grad: 0]
[num_grad_quant_bins: 4]
[quant_train_renew_leaf: 0]
[stochastic_rounding: 1]
[linear_tree: 0]
[max_bin: 255]
[max_bin_by_feature: ]
[min_data_in_bin: 3]
[bin_construct_sample_cnt: 200000]
[data_random_seed: 38]
[is_enable_sparse: 1]
[enable_bundle: 1]
[use_missing: 1]
[zero_as_missing: 0]
[feature_pre_filter: 1]
[pre_partition: 0]
[two_round: 0]
[header: 0]
[label_column: ]
[weight_column: ]
[group_column: ]
[ignore_column: ]
[categorical_feature: ]
[forcedbins_filename: ]
[precise_float_parser: 0]
[parser_config_file: ]
[objective_seed: 8855]
[num_class: 1]
[is_unbalance: 0]
[scale_pos_weight: 1]
[sigmoid: 1]
[boost_from_average: 1]
[reg_sqrt: 0]
[alpha: 0.9]
[fair_c: 1]
[poisson_max_delta_step: 0.7]
[tweedie_variance_power: 1.5]
[lambdarank_truncation_level: 30]
[lambdarank_norm: 1]
[label_gain: ]
[lambdarank_position_bias_regularization: 0]
[eval_at: 1,3,5]
[multi_error_top_k: 1]
[auc_mu_weights: ]
[num_machines: 1]
[local_listen_port: 12400]
[time_out: 120]
[machine_list_filename: ]
[machines: ]
[gpu_platform_id: -1]
[gpu_device_id: -1]
[gpu_use_dp: 0]
[num_gpu: 1]

end of parameters

pandas_categorical:[]
