tree
version=v4
num_class=1
num_tree_per_iteration=1
label_index=0
max_feature_idx=50
objective=lambdarank
feature_names=f_course1 f_course2 f_course3 f_courseout mf_course1 mf_course2 mf_course3 mf_courseout f_mf_course1 f_mf_course2 f_mf_course3 f_mf_courseout f_len1 f_len2 f_len3 f_lenout mf_len1 mf_len2 mf_len3 mf_classout f_mf_len1 f_mf_len2 f_mf_len3 f_mf_classout f_class1 f_class2 f_class3 f_classout mf_class1 mf_class2 mf_class3 mf_classout.1 f_mf_class1 f_mf_class2 f_mf_class3 f_mf_classout.1 time_df_course1 time_df_class1 ninki_1 result_1 time_df_course2 time_df_class2 ninki_2 result_2 time_df_course3 time_df_class3 ninki_3 result_3 waku umaban self_popularity
feature_infos=[0:77] [0:59] [0:68] [0:338] [0:55] [0:57] [0:50] [0:362] [0:16] [0:8] [0:7] [0:55] [0:20] [0:17] [0:13] [0:107] [0:14] [0:9] [0:10] [0:101] [0:5] [0:4] [0:3] [0:16] [0:4] [0:8] [0:5] [0:38] [0:4] [0:7] [0:4] [0:33] [0:2] [0:3] [0:2] [0:5] [-1:0] [-1:0] [-1:180] [-1:110] [-1:0] [-1:0] [-1:180] [-1:160] [-1:0] [-1:0] [-1:180] [-1:160] [1:8] [1:18] [-1:18]
tree_sizes=3153 3157 3149 3154 3157 3146 3145 3125 3165 3178 3157 3172 3168 3148 3164 3147 3162 3169 3169 3159 3164

Tree=0
num_leaves=29
num_cat=0
split_feature=2 39 50 49 0 38 7 39 14 27 19 39 0 1 6 42 3 48 2 42 14 46 6 39 3 16 50 15
split_gain=5.78261 6.452 7.25775 7.12056 6.03869 5.00725 4.90789 4.69949 4.53278 3.82993 5.53538 3.95277 3.74145 3.79351 3.72951 3.53314 4.86237 3.47773 3.47565 3.54324 3.40214 2.85482 4.11143 5.28649 5.79302 4.58728 3.046 2.84243
threshold=5.5000000000000009 7.5000000000000009 5.5000000000000009 13.500000000000002 6.5000000000000009 15.500000000000002 19.500000000000004 4.5000000000000009 7.5000000000000009 4.5000000000000009 14.500000000000002 8.5000000000000018 13.500000000000002 7.5000000000000009 1.0000000180025095e-35 13.500000000000002 1.5000000000000002 7.5000000000000009 14.500000000000002 1.5000000000000002 4.5000000000000009 10.500000000000002 1.0000000180025095e-35 2.5000000000000004 3.5000000000000004 1.0000000180025095e-35 1.5000000000000002 2.5000000000000004
decision_type=2 2 2 2 2 2 2 2 2 2 2 2 2 2 2 2 2 2 2 2 2 2 2 2 2 2 2 2
left_child=1 21 3 -3 20 6 -6 8 14 10 11 -4 13 -8 -7 -13 -17 -14 -9 -20 -2 22 25 24 -24 -1 -23 -12
right_child=4 2 9 -5 5 7 12 18 -10 -11 27 15 17 -15 -16 16 -18 -19 19 -21 -22 26 23 -25 -26 -27 -28 -29
leaf_value=-0.018106756318868416 -0.16669974283244268 -0.16275876606682022 0.17998414593059189 0.13479869303582828 -0.17884416183109383 -0.044125001961372541 -0.095654323112634179 0.045305775550634864 -0.10594034929875218 0.22025171053309395 0.015897034004445313 -0.017310348228002936 -0.15720984463589555 0.13462321758572104 0.16039866801388028 -0.03890469617002721 0.13797230329152874 0.060352577678652479 0.09529160074427151 -0.12014728705269835 0.049104843429527333 -0.11267346208568781 -0.13134524247904406 -0.17259072643687504 0.055435862590338759 0.16703219339520503 0.040008910112788065 -0.17007069502306543
leaf_weight=23.835803253576163 13.045382677111771 6.8271158367861045 10.493135300464926 2.2241428676061332 7.8956939555937451 2.6636380101554122 1.8816980663686971 10.311633136123421 1.9163390116300423 4.6478535495698443 5.8552911652950552 13.001525271218268 5.4877446762984619 5.7179352203384042 12.834580996423027 5.706499321851882 17.938568834681064 2.3276486992835999 1.6299172316212196 11.573787081055341 1.8949438994750387 3.0517870412440962 7.1571721255313667 10.673691882984711 11.907332000089808 3.5209646425209931 38.372245369129814 2.6498975439462811
leaf_count=371 268 132 88 16 173 35 31 151 40 15 77 189 120 59 116 88 213 28 17 224 18 58 115 212 172 20 587 61
internal_value=0 0.0188249 0.0601025 -0.0785307 -0.0394775 -0.0138871 -0.0775516 0.0235771 0.0902715 0.0827285 0.0649213 0.0887912 -0.0123768 0.0688706 0.123395 0.0555942 0.0948625 -0.0914005 -0.0278269 -0.0847669 -0.136142 -0.0105722 -0.0362609 -0.0806916 -0.018754 0.0133 0.0244741 -0.0586274
internal_weight=0 167.863 69.344 9.05126 79.1809 64.2406 23.3107 40.9299 17.4146 60.2928 55.6449 47.1397 15.415 7.59963 15.4982 36.6466 23.6451 7.81539 23.5153 13.2037 14.9403 98.519 57.095 29.7382 19.0645 27.3568 41.424 8.50519
internal_count=3694 2414 879 148 1280 994 411 583 191 731 716 578 238 90 151 490 301 148 392 241 286 1535 890 499 287 391 645 138
is_linear=0
shrinkage=0.179372


Tree=1
num_leaves=29
num_cat=0
split_feature=39 3 27 7 18 24 48 39 16 25 47 49 43 12 38 16 39 18 49 50 47 5 42 48 7 15 1 43
split_gain=15.5739 13.0103 15.6128 15.7424 18.8919 10.9117 20.583 13.6652 16.1685 12.7872 17.0756 15.1672 11.8592 10.3667 10.3264 13.3916 12.0762 10.4529 10.303 10.1172 11.3626 9.88433 9.65245 8.78027 13.1081 9.43459 14.0644 8.41782
threshold=14.500000000000002 4.5000000000000009 1.0000000180025095e-35 93.000000000000014 1.5000000000000002 1.0000000180025095e-35 7.5000000000000009 1.0000000180025095e-35 2.5000000000000004 1.0000000180025095e-35 3.5000000000000004 3.5000000000000004 3.5000000000000004 5.5000000000000009 15.500000000000002 1.0000000180025095e-35 15.500000000000002 1.5000000000000002 13.500000000000002 11.500000000000002 14.500000000000002 12.500000000000002 9.5000000000000018 7.5000000000000009 11.500000000000002 7.5000000000000009 1.0000000180025095e-35 9.5000000000000018
decision_type=2 2 2 2 2 2 2 2 2 2 2 2 2 2 2 2 2 2 2 2 2 2 2 2 2 2 2 2
left_child=1 -1 3 4 19 6 7 8 -4 11 -11 12 -9 27 17 -16 -17 -2 22 23 -21 -13 -8 25 -25 26 -3 -7
right_child=14 2 5 -5 -6 13 18 9 -10 10 -12 21 -14 -15 15 16 -18 -19 -20 20 -22 -23 -24 24 -26 -27 -28 -29
leaf_value=0.030661840642546796 -0.21322797285093328 0 -0.22301615805275293 -0.2099856812867123 0.12547311917149093 0.11482972516279739 0.081485192340560786 0.082911432700643731 0.10241183429258792 0.055570300652404654 -0.22220568140781916 0.08828471233201439 -0.13520397934790374 -0.038903694472419349 0.1800652427543864 0.11630398252404404 -0.21744174211614595 0.089811660348213598 -0.28839755430415392 -0.24649327449824374 0.087751473989616677 -0.13129496668358198 -0.21097209099036396 -0.10262113246081885 0.20119180071859702 0.062406112288647168 -0.18325090874454256 -0.072610250870106585
leaf_weight=188.92050788004417 5.2192056030035001 23.381958367303014 15.432933464646341 21.716564312577248 15.937323763966559 54.028064724290743 6.9622876588255185 10.565279280766843 5.6817396674305192 12.081782634602861 13.780683551914988 91.873919347301126 22.498884813860059 28.067626757081598 34.101776064373553 5.9267424363642913 4.8467805068939924 6.3286730237305164 11.459813909605144 15.925421162042769 3.0485679581761351 5.5952158807776859 4.6837965827435255 6.7503320816904298 8.6335864774882776 11.901519555598496 30.509477116167545 7.682080684695392
leaf_count=1048 55 117 119 143 60 233 23 46 22 73 104 417 134 233 98 25 36 29 109 103 9 53 45 42 22 56 188 52
internal_value=0 -0.00833569 -0.0256325 -0.0749655 -0.0469692 -0.00187193 -0.0251621 -0.00366031 -0.133625 0.0149932 -0.0962842 0.0380973 -0.0643903 0.0495005 0.0888119 0.126942 -0.0414324 -0.0554202 -0.178388 -0.0761691 -0.189239 0.0735289 -0.0464673 -0.0462859 0.0698655 -0.0747429 -0.106292 0.0899427
internal_weight=0 617.119 428.199 137.805 116.088 290.394 200.616 177.51 21.1147 156.396 25.8625 130.533 33.0642 89.7778 56.4232 44.8753 10.7735 11.5479 23.1059 100.151 18.974 97.4691 11.6461 81.1769 15.3839 65.793 53.8914 61.7101
internal_count=3694 3451 2403 740 597 1663 1145 968 141 827 177 650 180 518 243 159 61 84 177 537 112 470 68 425 64 361 305 285
is_linear=0
shrinkage=0.179372


Tree=2
num_leaves=29
num_cat=0
split_feature=47 19 49 43 28 17 50 3 46 38 38 39 17 43 9 43 39 42 38 49 47 38 39 47 38 48 46 3
split_gain=13.9455 18.2861 12.8944 9.55526 6.91581 12.9423 9.21277 8.01081 7.62694 12.1619 8.04914 12.1154 6.44535 8.5042 11.5231 8.37317 17.3321 13.3716 7.70916 6.35615 5.59717 5.90205 5.30143 5.80455 10.194 7.90887 3.98576 7.6705
threshold=12.500000000000002 19.500000000000004 15.500000000000002 15.500000000000002 1.5000000000000002 3.5000000000000004 7.5000000000000009 5.5000000000000009 85.000000000000014 45.000000000000007 155.00000000000003 8.5000000000000018 1.0000000180025095e-35 5.5000000000000009 1.0000000180025095e-35 8.5000000000000018 10.500000000000002 65.000000000000014 12.500000000000002 10.500000000000002 3.5000000000000004 5.5000000000000009 4.5000000000000009 15.500000000000002 8.5000000000000018 1.5000000000000002 10.500000000000002 117.50000000000001
decision_type=2 2 2 2 2 2 2 2 2 2 2 2 2 2 2 2 2 2 2 2 2 2 2 2 2 2 2 2
left_child=2 22 3 4 5 8 7 -6 12 -10 11 -11 15 18 -15 17 -17 -1 -14 -7 21 -4 -2 26 -25 -26 27 -24
right_child=1 -3 20 -5 6 19 -8 -9 9 10 -12 -13 13 14 -16 16 -18 -19 -20 -21 -22 -23 23 24 25 -27 -28 -29
leaf_value=-0.013675834591556255 -0.018308334710839959 -0.19681633377424462 -0.20200507170615356 -0.20015933114583753 0.15091512499292103 -0.24147061394359445 0.18426604849774178 -0.15209981319406862 -0.25801236227622937 0.028395183478442988 0.15792868456145576 -0.18987788240323947 0.0055105066116415058 0.018523372572313269 -0.20323962676717364 0.091311877993941526 -0.086342074503597557 -0.17225385843245611 0.11440224743461756 0.045084146322155558 -0.23758969397805904 0.0360432563912274 -0.18270880542606399 0.15405751272151388 0.12531182043713884 -0.16893939503798822 0.16598672345798185 0.16089313364350161
leaf_weight=184.18729432346299 10.944815750233827 6.0961456075310698 3.4482248881831792 6.2762677259743205 2.87695060670376 9.1615099310874921 12.571004912257193 5.822837240062654 7.3620862476527682 19.567520156502727 4.9627016000449649 11.860255829989908 35.257958695292473 40.411220089066774 7.5322483014315358 57.762609158176929 23.568049597553909 17.300940145272762 51.686931624542922 2.5135967545211306 9.2171394051983935 8.4093493893742544 2.308824253268539 9.1253226920962351 2.7774716503918153 7.932562624104321 39.723458498716354 2.7703566448763013
leaf_count=1147 68 67 38 78 8 102 44 50 62 107 13 73 221 248 78 291 141 136 242 18 108 66 35 29 11 66 139 8
internal_value=0 0.0681528 -0.0108506 -0.00480109 -0.00162803 -0.00630217 0.0945573 -0.04216 -0.00122768 -0.0710852 -0.0232526 -0.0588385 0.00630055 0.038339 -0.0215899 -0.00905442 0.0389324 -0.0286669 0.0713626 -0.180566 -0.143022 -0.0481782 0.0934993 0.112671 0.0277516 -0.0847063 0.147577 0
internal_weight=0 81.679 521.757 500.682 494.406 473.135 21.2708 8.69979 461.46 43.7526 36.3905 31.4278 417.707 134.888 47.9435 282.819 81.3307 201.488 86.9449 11.6751 21.0747 11.8576 75.5828 64.638 19.8354 10.71 44.8026 5.07918
internal_count=3694 423 3271 3059 2981 2879 102 58 2759 255 193 180 2504 789 326 1715 432 1283 463 120 212 104 356 288 106 77 182 43
is_linear=0
shrinkage=0.179372


Tree=3
num_leaves=29
num_cat=0
split_feature=39 48 38 39 15 46 43 38 11 50 50 7 47 47 31 1 27 47 1 42 1 38 46 43 43 50 19 7
split_gain=11.3353 5.69451 9.6287 9.62828 16.1493 6.15174 7.6143 5.61597 5.5975 5.59228 5.45918 8.41095 7.37753 7.32675 6.94932 6.73362 20.3854 9.1803 8.68914 8.99537 6.45182 5.85525 9.23467 6.80789 5.50593 5.1978 5.14599 7.09754
threshold=14.500000000000002 7.5000000000000009 145.00000000000003 7.5000000000000009 2.5000000000000004 12.500000000000002 10.500000000000002 45.000000000000007 1.0000000180025095e-35 6.5000000000000009 14.500000000000002 3.5000000000000004 12.500000000000002 7.5000000000000009 12.500000000000002 15.500000000000002 3.5000000000000004 11.500000000000002 21.500000000000004 35.000000000000007 4.5000000000000009 75.000000000000014 45.000000000000007 8.5000000000000018 3.5000000000000004 7.5000000000000009 1.0000000180025095e-35 2.5000000000000004
decision_type=2 2 2 2 2 2 2 2 2 2 2 2 2 2 2 2 2 2 2 2 2 2 2 2 2 2 2 2
left_child=1 2 10 4 26 -5 8 -6 -7 -2 12 13 14 -12 15 16 17 -1 19 -17 -18 22 23 -14 -20 -16 27 -3
right_child=9 3 -4 5 7 6 -8 -9 -10 -11 11 -13 21 -15 25 18 20 -19 24 -21 -22 -23 -24 -25 -26 -27 -28 -29
leaf_value=-0.011634578577069458 -0.085429478715151386 -0.12459305538535412 -0.19820545077852295 0.16879766596061355 0.10688734267518431 0.17235646860848072 -0.12956831702400379 -0.068081962653991995 -0.087840295784945871 0.10380354709367244 -0.15220634830033436 -0.15644873244081275 0.15481455188423751 0.11838943262579137 -0.029415830158866136 -0.0053213413620861114 -0.0057985192296859138 -0.18818701809720151 0.035733129632123384 0.18290163720726435 -0.25555490982097379 0.14020597180928482 -0.18774592047016991 -0.031567934981317144 -0.1282141910557984 0.15813029511589582 -0.21858314300535542 0.15320877899122662
leaf_weight=262.76891597965732 4.3254584949463597 7.0837491778656858 7.4807623215019694 19.15016358345747 22.944522958248857 7.7001806180924159 5.5199401462450615 6.3866873737424603 2.4428110718727112 42.020250278525054 3.1374369803816107 17.868704902008176 10.286358015611773 8.2322700526565296 6.6827908493578461 14.621254982426764 4.458503418602052 8.2142858970910293 12.432857437059285 16.140130833722651 14.607450483366845 16.698896355926991 4.528258667793124 12.148184061981736 10.939360735006629 10.993222633376716 9.8230434628203493 2.8380909571424127
leaf_count=1695 51 46 67 83 146 32 40 66 36 192 34 158 36 33 58 99 33 73 77 57 136 58 43 81 115 43 93 13
internal_value=0 -0.00758982 -0.0157608 0.0347595 -0.0163062 0.104687 0.0166901 0.0666421 0.104727 0.0834549 -0.0118437 -0.0845874 -0.00623497 0.032574 -0.0147561 -0.0205838 -0.0314542 -0.0181574 0.0365624 0.0972067 -0.203092 0.0619737 0.00762821 0.0579472 -0.0437268 0.0898974 -0.135946 -0.0331314
internal_weight=0 526.129 442.24 83.8892 49.0761 34.8131 15.6629 29.3312 10.143 46.3457 434.759 29.2384 405.52 11.3697 361.859 344.183 290.049 270.983 54.1336 30.7614 19.066 43.6617 26.9628 22.4345 23.3722 17.676 19.7449 9.92184
internal_count=3694 3451 2896 555 364 191 108 212 68 243 2829 225 2604 67 2386 2285 1937 1768 348 156 169 218 160 117 192 101 152 59
is_linear=0
shrinkage=0.179372


Tree=4
num_leaves=29
num_cat=0
split_feature=27 28 50 17 7 35 50 5 50 43 38 18 19 48 7 3 46 7 50 38 48 7 12 16 31 14 4 2
split_gain=6.3334 4.55498 7.10769 5.62358 4.40871 6.53032 6.81686 5.98844 7.36592 7.72131 6.54784 5.57774 5.52235 5.14892 6.35843 6.14711 8.00557 6.07003 4.77573 6.66415 5.54211 4.49018 12.5359 10.0527 7.6925 7.67081 5.10482 4.07054
threshold=15.500000000000002 1.5000000000000002 6.5000000000000009 3.5000000000000004 116.50000000000001 1.0000000180025095e-35 3.5000000000000004 6.5000000000000009 8.5000000000000018 5.5000000000000009 12.500000000000002 1.5000000000000002 31.500000000000004 7.5000000000000009 38.500000000000007 13.500000000000002 13.500000000000002 1.5000000000000002 8.5000000000000018 5.5000000000000009 6.5000000000000009 24.500000000000004 1.0000000180025095e-35 1.5000000000000002 1.0000000180025095e-35 4.5000000000000009 1.5000000000000002 1.5000000000000002
decision_type=2 2 2 2 2 2 2 2 2 2 2 2 2 2 2 2 2 2 2 2 2 2 2 2 2 2 2 2
left_child=1 3 -3 4 7 18 -7 13 9 -9 -11 -10 -13 21 15 17 -17 -15 -6 -20 -21 23 26 24 -1 -24 -23 -5
right_child=-2 2 -4 27 5 6 -8 8 11 10 -12 12 -14 14 -16 16 -18 -19 19 20 -22 22 25 -25 -26 -27 -28 -29
leaf_value=-0.024245104650617633 -0.13360950711264769 -0.089983168169713468 0.13597218562506022 -0.0075436942684165634 -0.17618579012054852 0.15248885250386679 -0.09202392969033682 0.056530522619266631 0.19788114896710926 0.048332786534406605 -0.23504720210794375 -0.084274465326457826 0.15115092735772856 -0.033268978659033117 0.14259444127167284 -0.17949202277559528 0.033470447383380009 0.11191383622686704 0.12772947827704648 -0.21923151903186483 0.070664747984845552 0.021866197653103943 0.067067119937293918 0.14368397049946949 0.046519975571567167 -0.12007235020205655 -0.15651642597917262 -0.21884528596989397
leaf_weight=204.7722943094559 9.532033456489442 4.6105749085545567 16.109552823938429 5.9203950222581607 12.951801873277875 6.6166387684643251 5.0393933346495032 23.251917063724253 14.356743752956392 3.4002842810004932 5.0061628455296159 5.6835484718903881 4.0372497625648975 13.778712983010335 14.446400952525435 8.4836852764710802 11.719615346752105 22.552880075061694 4.4169094581156951 4.106629223562777 2.2348856367170811 5.6125895772129288 28.180874237790704 13.322585911490021 63.274158010492101 7.5780835887417188 27.728438118472695 4.8006837852299213
leaf_count=1358 91 52 62 65 117 27 51 126 54 24 56 65 8 83 67 87 93 124 18 60 14 39 148 54 373 73 223 82
internal_value=0 0.00273894 0.0820018 -0.000615788 0.00222939 -0.0573686 0.0472036 0.00686467 0.0612264 0.0026069 -0.129636 0.132523 0.0197724 -0.000495698 0.0429468 0.0138642 -0.0619945 0.0573561 -0.10917 -0.0144039 -0.121462 -0.00950267 -0.0498985 0.000591636 -0.00729493 0.0234014 -0.126389 -0.120129
internal_weight=0 543.994 20.7201 523.274 512.552 35.3663 11.656 477.186 55.7359 31.6584 8.40645 24.0775 9.7208 421.45 70.9813 56.5349 20.2033 36.3316 23.7102 10.7584 6.34151 350.469 69.1 281.369 268.046 35.759 33.341 10.7211
internal_count=3694 3603 114 3489 3342 287 78 3055 333 206 80 127 73 2722 454 387 180 207 209 92 74 2268 483 1785 1731 221 262 147
is_linear=0
shrinkage=0.179372


Tree=5
num_leaves=29
num_cat=0
split_feature=27 50 38 16 39 38 38 50 19 38 43 39 38 3 46 24 12 38 50 5 7 46 1 49 47 42 48 49
split_gain=4.85287 4.81979 8.99169 7.96365 9.46971 7.71278 7.75328 9.43097 10.9628 9.74277 9.67568 7.59932 7.41473 6.92958 9.58039 9.08747 8.58036 6.32785 6.15626 8.90176 6.3444 6.03653 6.01874 7.66555 5.86989 6.7633 5.82102 5.51922
threshold=15.500000000000002 5.5000000000000009 4.5000000000000009 4.5000000000000009 7.5000000000000009 8.5000000000000018 12.500000000000002 12.500000000000002 13.500000000000002 19.000000000000004 11.500000000000002 2.5000000000000004 7.5000000000000009 17.500000000000004 75.000000000000014 1.5000000000000002 1.0000000180025095e-35 95.000000000000014 7.5000000000000009 4.5000000000000009 1.0000000180025095e-35 55.000000000000007 8.5000000000000018 3.5000000000000004 8.5000000000000018 7.5000000000000009 7.5000000000000009 11.500000000000002
decision_type=2 2 2 2 2 2 2 2 2 2 2 2 2 2 2 2 2 2 2 2 2 2 2 2 2 2 2 2
left_child=1 2 -1 4 18 24 -7 8 26 10 -9 21 -13 14 16 22 -14 -11 19 20 -3 -4 -15 -24 25 -6 -8 -22
right_child=-2 3 11 -5 5 6 7 9 -10 17 -12 12 13 15 -16 -17 -18 -19 -20 -21 27 -23 23 -25 -26 -27 -28 -29
leaf_value=-0.09751610692373211 -0.12794903234270394 -0.10952267874507211 0.075132972727809375 0.1098630541314924 0.098208722447564401 -0.087947098177524385 0.055444426936859512 0.1613307020522311 -0.13884658082202544 -0.2362595438368931 -0.12192642939599733 0.11330015574445275 -0.093876426698967522 -0.19899549748206288 0.1476366221445734 0.10308116857678194 0.1009260854609426 -0.041540992646002882 -0.053814331797706408 -0.1417254634664159 0.10973379316003611 -0.096827959318816145 0.097199906318898688 -0.11788638297190367 0.16555748652577523 -0.16535073702065725 0.1717003956162402 -0.073026572961951475
leaf_weight=37.345588096417487 7.719397645443677 4.9231434930115929 46.946677688509226 24.594279921147972 6.8033389113843459 18.142164549790323 63.841704345308244 10.423525866121052 6.2483216049149624 6.3681271076202419 4.2273874543607226 8.73736524581909 25.001593450084329 17.62751280516386 9.7055641356855613 5.1800276059657326 8.4223054721951467 20.170221675187349 93.915301850996912 7.1225021868012837 32.028445718809962 6.0647870432585469 6.1546414904296425 15.771734477952121 20.561283156275749 3.3220953997224569 17.640823532827199 5.0047915214672676
leaf_count=315 91 44 261 131 32 149 317 37 80 67 37 38 230 152 41 27 41 142 776 91 152 64 32 128 83 30 60 46
internal_value=0 0.00224602 -0.0208035 0.014813 0.006946 0.0344891 0.0167087 0.0324932 0.0654147 -0.0370506 0.074484 -0.000686164 -0.0306137 -0.0469426 0.00427941 -0.0950847 -0.0418626 -0.0999832 -0.0271772 0.0235533 0.0563093 0.0528161 -0.124543 -0.0542117 0.113965 0 0.0837318 0.0825315
internal_weight=0 532.295 186.958 345.337 320.743 177.749 147.062 128.92 87.7308 41.1893 14.6509 149.612 96.6007 87.8634 43.1295 44.7339 33.4239 26.5383 142.994 49.0789 41.9564 53.0115 39.5539 21.9264 30.6867 10.1254 81.4825 37.0332
internal_count=3694 3603 1329 2274 2143 1034 889 740 457 283 74 1014 689 651 312 339 271 209 1109 333 242 325 312 160 145 62 377 198
is_linear=0
shrinkage=0.179372


Tree=6
num_leaves=29
num_cat=0
split_feature=10 5 31 17 4 6 15 48 3 43 27 29 4 38 50 4 42 3 19 42 50 50 39 4 48 13 43 38
split_gain=2.93261 4.07577 6.29743 4.56604 4.34427 3.96359 3.93172 5.107 3.70999 5.888 5.05966 5.93013 10.0142 4.24169 10.5707 8.97108 6.57016 4.98851 4.92554 6.33959 11.0167 5.05356 5.02547 4.6501 3.34479 3.31212 3.6788 3.24526
threshold=5.5000000000000009 6.5000000000000009 2.5000000000000004 1.5000000000000002 10.500000000000002 5.5000000000000009 24.500000000000004 7.5000000000000009 167.50000000000003 3.5000000000000004 7.5000000000000009 1.0000000180025095e-35 1.5000000000000002 85.000000000000014 12.500000000000002 1.5000000000000002 55.000000000000007 8.5000000000000018 10.500000000000002 7.5000000000000009 10.500000000000002 4.5000000000000009 5.5000000000000009 1.0000000180025095e-35 1.5000000000000002 14.500000000000002 12.500000000000002 1.0000000180025095e-35
decision_type=2 2 2 2 2 2 2 2 2 2 2 2 2 2 2 2 2 2 2 2 2 2 2 2 2 2 2 2
left_child=1 8 3 -3 5 -4 7 27 10 -10 11 13 -13 18 15 17 -17 -15 19 23 -21 -20 -23 -1 -6 26 -11 -5
right_child=-2 2 4 6 24 -7 -8 -9 9 25 -12 12 -14 14 -16 16 -18 -19 21 20 -22 22 -24 -25 -26 -27 -28 -29
leaf_value=-0.019919141891079403 -0.14735618632775929 0.13340323158201231 0.059697342672077859 0.067960712809533724 -0.12193150600592087 -0.14075244891701863 0.1224993256801046 0.11817759963951228 0.022621632867630033 -0.23587344473420319 0.082605606510320895 0.054206116569086367 -0.21929059832258133 0.16587567236623366 -0.086129477620574268 -0.19244843466437803 0.038924921556095171 0.032592257877812739 0.14149523940939426 -0.072980726909371366 0.030379859874776739 -0.13408570764028097 0.05918812525005699 0.060367764182886335 0.03280564417308366 0.032971998579178798 0 -0.13246291456531104
leaf_weight=49.370070250704885 2.655680281110107 23.747132101096213 3.158735739067196 2.1532753780484226 3.2758193137124172 10.005349393002687 6.19695577956736 3.7221037037670603 10.56522934138775 8.0772977191954833 19.459878411144018 6.2122148033231488 8.9325873022899014 23.944661632180214 15.869488711468874 4.3967468459159127 9.9475082289427501 16.027839252725244 11.170252135023476 110.3814361281693 45.774593309499323 5.0134999305009833 10.650130745023487 40.870528429746628 49.091588976792991 2.024108486250042 2.5490426905453196 9.3128267871215922
leaf_count=383 33 123 18 14 44 132 35 14 73 106 128 38 91 82 132 32 53 97 57 832 317 47 67 232 383 21 17 93
internal_value=0 0.00123646 0.0314768 0.0817651 -0.00406508 -0.0902167 0.0182292 -0.0311585 -0.00715694 -0.0742942 -0.00268358 -0.00771737 -0.111804 -0.00256426 0.0361965 0.0737273 -0.0434971 0.116257 -0.0127404 -0.0208339 -0.0425741 0.0578775 -0.00859163 0.0166909 0.0193766 -0.149678 -0.185603 -0.0897115
internal_weight=0 511.901 110.664 45.1323 65.5315 13.1641 21.3852 15.1882 401.237 23.2157 378.021 358.562 15.1448 343.417 70.1862 54.3168 14.3443 39.9725 273.231 246.397 156.156 26.8339 15.6636 90.2406 52.3674 12.6504 10.6263 11.4661
internal_count=3694 3661 856 279 577 150 156 121 2805 217 2588 2460 129 2331 396 264 85 179 1935 1764 1149 171 114 615 427 144 123 107
is_linear=0
shrinkage=0.179372


Tree=7
num_leaves=29
num_cat=0
split_feature=10 49 17 18 31 31 1 47 43 49 7 48 39 36 31 27 11 49 11 12 39 50 39 19 7 15 19 43
split_gain=3.30075 3.78446 4.01849 3.93784 3.04123 3.83456 5.1209 3.66871 7.73671 4.59941 4.5708 3.92817 4.85524 4.44177 3.85434 5.54084 4.894 3.69895 5.08877 3.86411 3.40236 3.11369 3.0268 3.65568 2.98475 2.97618 2.78659 2.12832
threshold=1.5000000000000002 12.500000000000002 3.5000000000000004 1.5000000000000002 12.500000000000002 7.5000000000000009 7.5000000000000009 12.500000000000002 15.500000000000002 15.500000000000002 102.00000000000001 7.5000000000000009 6.5000000000000009 -1.0000000180025095e-35 3.5000000000000004 2.5000000000000004 1.0000000180025095e-35 2.5000000000000004 1.0000000180025095e-35 5.5000000000000009 14.500000000000002 7.5000000000000009 10.500000000000002 15.500000000000002 5.5000000000000009 27.500000000000004 46.000000000000007 5.5000000000000009
decision_type=2 2 2 2 2 2 2 2 2 2 2 2 2 2 2 2 2 2 2 2 2 2 2 2 2 2 2 2
left_child=4 2 3 -2 5 7 -7 8 9 11 14 17 13 -13 15 16 20 18 -1 -19 -9 26 23 -11 -18 -5 -6 -14
right_child=1 -3 -4 25 21 6 -8 10 -10 22 -12 12 27 -15 -16 -17 24 19 -20 -21 -22 -23 -24 -25 -26 -27 -28 -29
leaf_value=0.068411929900331528 -0.14967453997623967 -0.19469311615275298 -0.16888588577397939 -0.061544160784371693 0.087135524708637488 -0.1691126709646229 0.040971317745805556 0 -0.1960941216134231 -0.17840010686319485 -0.11831761534112656 0.091694519648821568 0.021032547047497539 -0.065533967935142975 0.17203890784688741 0.12224044100335166 0.032875516028418518 -0.0067838009662858859 -0.050832467607593822 -0.10758912231722831 0.13539335560556207 0.11735525130747917 0.024959412233259867 0.061752388103787734 -0.18488478287544641 0.10507658553142746 -0.13747215735115795 0.145376982698352
leaf_weight=42.735797825269401 1.9706903789192498 3.9626267421990624 3.0168836843222371 3.5033284090459338 1.6001438889652515 7.850804787129162 5.086777102202177 27.992473803460598 4.9349394626915446 9.0568626504391414 3.7424660064280024 7.5145694352686414 7.3824163805693415 13.947318075224757 6.4041588660329571 15.345648640766738 2.1513641551136962 253.44753891788423 14.031343542970715 11.265152208507059 6.018188312649726 12.238156367093323 4.3112519634887567 1.5282833594828833 4.730342423543334 9.9256647359579784 2.4012402147054672 14.891542181372641
leaf_count=272 32 49 42 39 10 104 29 169 74 126 39 43 43 123 23 63 14 1817 136 132 22 53 32 13 48 57 34 56
internal_value=0 -0.0648782 -0.0223632 0.0189404 0.00323309 0.000398916 -0.0900688 0.00334826 -0.00338194 0 0.0417675 0.00413132 0.0535487 -0.00712862 0.0543919 0.0361709 0 -0.00277887 0.0380434 -0.0117785 0.0295607 0.0758034 -0.0925378 -0.138684 -0.121643 0.058504 -0.0454414 0.109174
internal_weight=0 22.3792 18.4166 15.3997 480.609 464.369 12.9376 451.432 385.047 380.112 66.3846 365.216 43.7358 21.4619 62.6422 56.238 40.8924 321.48 56.7671 264.713 34.0107 16.2395 14.8964 10.5851 6.88171 13.429 4.00138 22.274
internal_count=3694 219 170 128 3475 3378 133 3245 2867 2793 378 2622 265 166 339 316 253 2357 408 1949 191 97 171 139 62 96 44 99
is_linear=0
shrinkage=0.179372


Tree=8
num_leaves=29
num_cat=0
split_feature=29 17 27 43 42 38 48 38 39 43 47 3 46 3 39 48 39 43 15 46 31 3 50 43 13 2 9 38
split_gain=2.68595 2.91785 4.51423 4.12097 6.32511 7.17754 8.49707 7.52626 5.17029 6.40004 5.83963 4.89704 6.96789 6.07306 4.66939 4.56816 3.9387 3.64522 4.48573 3.84493 3.68001 3.57563 5.93272 3.52034 7.44406 8.25055 6.91212 5.83254
threshold=1.5000000000000002 1.0000000180025095e-35 9.5000000000000018 6.5000000000000009 9.5000000000000018 6.5000000000000009 3.5000000000000004 55.000000000000007 6.5000000000000009 4.5000000000000009 12.500000000000002 11.500000000000002 55.000000000000007 55.500000000000007 14.500000000000002 6.5000000000000009 2.5000000000000004 15.500000000000002 1.5000000000000002 95.000000000000014 1.5000000000000002 3.5000000000000004 2.5000000000000004 5.5000000000000009 1.0000000180025095e-35 15.500000000000002 1.0000000180025095e-35 55.000000000000007
decision_type=2 2 2 2 2 2 2 2 2 2 2 2 2 2 2 2 2 2 2 2 2 2 2 2 2 2 2 2
left_child=1 3 23 4 5 6 -1 -7 9 11 21 -6 13 -13 16 -11 -9 20 19 -19 -5 -10 -23 26 27 -26 -3 -25
right_child=-2 2 -4 17 8 7 -8 14 10 15 -12 12 -14 -15 -16 -17 -18 18 -20 -21 -22 22 -24 24 25 -27 -28 -29
leaf_value=0.051258435139144291 -0.080087492849576614 0.013171401975951201 -0.091866901411767815 0.0089292485814754761 -0.13103069561134978 0.099882495630948309 -0.10706245318404781 0.06027559169135234 -0.027196480227662488 0.11486834324763721 0.058987928055332942 0.13382943194679089 -0.1652697209388852 -0.074519136830498794 0.10783884885043465 -0.096206523237430994 -0.19487984599364933 -0.096077194349244666 -0.20260057576568113 0.13062837766749621 0.08917569439090825 0.011517467158830138 -0.22823329522561753 0.07817451888847976 -0.17112025063896494 0.046569344688560312 0.11667679764901237 -0.063780892585741863
leaf_weight=16.906210016459227 11.460869979113339 56.608165283687413 8.904894717037676 118.47038542106748 17.011634722352028 32.242429917678237 25.174720089882612 1.650296576321123 7.082907918840653 12.186251336708663 4.1505493912845841 9.8583795614540595 4.6264319848269215 5.9170852843672028 2.0769459009170532 2.8680237811058751 5.6822794582694769 3.3147086594253761 3.7571500213816762 3.0044301524758339 20.381358431652188 3.7375046303495791 16.007396311499178 31.771554171107709 12.50347913336009 8.1469848658889514 32.003314790781587 11.368471125140784
leaf_count=109 128 409 90 816 177 162 260 5 63 71 18 60 52 57 5 33 67 39 46 11 118 30 157 202 165 72 161 111
internal_value=0 0.00219238 0.0217272 -0.00778397 -0.0270261 0.00765259 -0.0435358 0.059447 -0.0614956 -0.0253008 -0.117891 -0.0646084 -0.00278439 0.055054 -0.0717967 0.0681005 -0.135044 0.0137634 -0.0822757 0.0143223 0.0217396 -0.147687 -0.184676 0.0293893 -0.00254832 -0.0873927 0.0521941 0.039414
internal_weight=0 477.414 161.307 316.107 167.179 83.7329 42.0809 41.652 83.4462 52.4678 30.9784 37.4135 20.4019 15.7755 9.40952 15.0543 7.33258 148.928 10.0763 6.31914 138.852 26.8278 19.7449 152.402 63.7905 20.6505 88.6115 43.14
internal_count=3694 3566 1210 2356 1326 608 369 239 718 450 268 346 169 117 77 104 72 1030 96 50 934 250 187 1120 550 237 570 313
is_linear=0
shrinkage=0.179372


Tree=9
num_leaves=29
num_cat=0
split_feature=11 38 8 27 5 7 12 2 15 42 46 0 50 49 39 4 38 6 19 3 3 23 46 8 19 5 38 0
split_gain=5.16764 3.44096 3.7863 3.50237 3.6193 3.03708 2.76989 4.91038 5.91046 5.00962 4.55759 4.66245 5.32725 4.54888 4.3063 6.22106 9.09506 5.23761 10.1035 4.22075 3.93163 3.92999 3.61605 4.30372 4.08145 3.57094 5.92037 3.4023
threshold=4.5000000000000009 65.000000000000014 1.0000000180025095e-35 1.5000000000000002 27.000000000000004 195.50000000000003 2.5000000000000004 5.5000000000000009 8.5000000000000018 2.5000000000000004 75.000000000000014 7.5000000000000009 10.500000000000002 11.500000000000002 1.5000000000000002 1.0000000180025095e-35 2.5000000000000004 1.0000000180025095e-35 3.5000000000000004 134.50000000000003 22.500000000000004 1.0000000180025095e-35 75.000000000000014 1.0000000180025095e-35 14.500000000000002 2.5000000000000004 35.000000000000007 1.0000000180025095e-35
decision_type=2 2 2 2 2 2 2 2 2 2 2 2 2 2 2 2 2 2 2 2 2 2 2 2 2 2 2 2
left_child=5 3 -3 -2 -5 6 7 8 14 -10 11 12 -9 -8 15 16 -1 -17 -19 25 22 -22 23 -16 -24 26 -13 -18
right_child=1 2 -4 4 -6 -7 13 10 9 -11 -12 19 -14 -15 20 17 27 18 -20 -21 21 -23 24 -25 -26 -27 -28 -29
leaf_value=-0.13018916039552655 0.0042078428456338024 0.10550267110196353 -0.079369676517649895 -0.18187511162258388 -0.024691342527631114 0.095057781114290765 0.059955450871719038 -0.17326109207380383 -0.058903497603820534 0.12833534845621633 -0.17828182844707138 -0.15384709061363705 0.03489639126812779 -0.072790371524991973 -0.025307774260547797 0.17274518481160442 -0.012905061265614739 -0.19316648764790148 0.077505133254897718 -0.12994279171668724 -0.16868027481877215 0.017517886041515739 0.059002830700984242 0.10699819606071487 -0.10803687391098617 0.086862274204332526 0.074666209375548007 0.14515116938962835
leaf_weight=12.804151576012375 8.6465699803084153 6.1280212700366956 4.9267992591485381 12.823460977524521 8.2659922279417497 10.295954776927827 49.700684177689254 10.059842107817529 4.7127229571342495 19.027055658400059 6.326083878055214 5.2996501121670025 5.0660739671438924 8.3487853491678816 158.3575242953375 12.056413182988761 8.2940781228244287 3.6622451953589943 25.568328412249684 4.1563535742461672 8.2325196340680105 5.0837020054459563 37.177274633198977 6.6648750137537709 3.7578831501305094 16.712870828807354 6.0906681288033724 6.7343213222920886
leaf_count=154 60 30 69 163 74 59 324 132 43 95 88 72 43 108 1236 49 60 45 144 49 104 32 227 43 42 83 41 25
internal_value=0 -0.0597463 0.0221709 -0.0903036 -0.127286 0.00581835 0.00325007 -0.00254138 0.00611183 0.0890831 -0.0518143 -0.029143 -0.105965 0.0390927 -0.00112866 0.0373205 -0.0268975 0.0803747 0.0345182 0.00978851 -0.0135139 -0.102381 -0.00691694 -0.0188541 0.0396715 0.0370958 -0.0363816 0.0642727
internal_weight=0 40.7908 11.0548 29.736 21.0895 434.19 423.894 365.845 312.133 23.7398 53.7115 47.3855 15.1259 58.0495 288.393 69.1195 27.8326 41.287 29.2306 32.2595 219.274 13.3162 205.958 165.022 40.9352 28.1032 11.3903 15.0284
internal_count=3694 396 99 297 237 3298 3239 2807 2299 138 508 420 175 432 2161 477 239 238 189 245 1684 136 1548 1279 269 196 113 85
is_linear=0
shrinkage=0.179372


Tree=10
num_leaves=29
num_cat=0
split_feature=21 7 4 7 42 3 7 42 3 39 43 6 7 43 2 15 50 49 46 50 7 31 43 39 39 42 42 50
split_gain=3.83429 2.2454 6.04353 4.5717 6.68498 5.08472 6.71467 8.62503 5.20455 4.89281 4.307 4.06553 3.90774 7.42903 5.52116 4.86808 6.46017 3.84457 5.97435 3.49576 6.13323 6.37924 3.29233 3.20811 6.29848 3.50207 3.66542 3.15924
threshold=1.5000000000000002 6.5000000000000009 1.5000000000000002 4.5000000000000009 17.500000000000004 2.5000000000000004 1.5000000000000002 65.000000000000014 15.500000000000002 9.5000000000000018 7.5000000000000009 1.0000000180025095e-35 11.500000000000002 1.5000000000000002 15.500000000000002 4.5000000000000009 6.5000000000000009 8.5000000000000018 7.5000000000000009 14.500000000000002 48.500000000000007 2.5000000000000004 14.500000000000002 15.500000000000002 14.500000000000002 85.000000000000014 75.000000000000014 4.5000000000000009
decision_type=2 2 2 2 2 2 2 2 2 2 2 2 2 2 2 2 2 2 2 2 2 2 2 2 2 2 2 2
left_child=1 2 3 5 -5 11 8 22 17 -10 -9 -1 13 -3 15 16 27 18 -7 23 -21 -22 -8 24 25 26 -14 -15
right_child=-2 12 -4 4 -6 6 7 10 9 -11 -12 -13 19 14 -16 -17 -18 -19 -20 20 21 -23 -24 -25 -26 -27 -28 -29
leaf_value=0.059709906300916479 -0.13616058701789266 -0.1859353597939844 -0.15302893499242931 0.14431646124256733 -0.029154624087039907 -0.1732012600649806 -0.17947340114932728 -0.10555874859314598 0.091435863396736386 -0.074424865487873346 0.12688359669601823 -0.095935250212129092 -0.00052189222633110808 -0.051941583467896332 -0.19355459837030425 0.089111173415276329 -0.14999607553402824 -0.14934851563977469 0.064655348192343212 -0.18653221051941224 0.11892884739192749 -0.11090379252445935 0.031702556399182298 -0.10944284660999395 0.13353019782262524 0.057518812637075312 -0.12629859703383439 0.13059066222112248
leaf_weight=60.793660091236234 4.9076463272795072 9.2144077997654659 4.7985507827252141 19.290064096450809 9.898249074816702 2.9048744440078762 16.461290412582464 2.3187441360205394 27.374868551269174 5.6877958616241804 5.9595952071249485 4.356029922142624 165.09376675868407 4.1648232899606281 3.1357368845492593 13.317600501701234 8.2212989535182697 6.4489354323595753 11.660405889153479 6.8454943122342256 6.4984746072441322 5.7588111851364374 2.0632601249963036 5.6083996519446364 11.190204353071747 31.225876151584089 6.1691672001034012 5.0655691735446453
leaf_count=375 58 98 60 90 81 39 190 40 180 52 29 42 1346 34 42 76 85 80 66 91 29 74 18 58 48 233 60 20
internal_value=0 0.00192878 0.0175162 0.0236696 0.0865311 0.010162 -0.0195989 -0.0903024 0.0167805 0.0602289 0.0533366 0.0469326 -0.00802314 -0.0566527 -0.0140286 0.0126826 -0.0474189 -0.0502386 0.00335141 0.00103196 -0.0692748 0.00938203 -0.154443 0.00770588 0.0116761 0.00383205 -0.00631495 0.0512956
internal_weight=0 461.526 180.016 175.218 29.1883 146.029 80.8798 26.8029 54.0769 33.0627 8.27834 65.1497 281.51 43.1194 33.905 30.7693 17.4517 21.0142 14.5653 238.39 19.1028 12.2573 18.5246 219.287 213.679 202.489 171.263 9.23039
internal_count=3694 3636 1342 1282 171 1111 694 277 417 232 69 417 2294 355 257 215 139 185 105 1939 194 103 208 1745 1687 1639 1406 54
is_linear=0
shrinkage=0.179372


Tree=11
num_leaves=29
num_cat=0
split_feature=42 1 47 1 27 25 6 3 47 3 14 50 42 47 39 46 49 11 1 3 0 3 50 2 39 38 1 7
split_gain=1.79097 2.11833 1.43673 3.81156 7.60671 3.7482 5.31135 3.67877 3.42709 6.05279 3.38065 3.32559 5.53061 3.10941 5.96787 5.92427 5.19781 4.73362 3.79863 5.24245 3.35505 5.08951 4.3188 7.7589 5.04903 4.84655 4.68287 3.89578
threshold=155.00000000000003 1.0000000180025095e-35 8.5000000000000018 1.5000000000000002 2.5000000000000004 1.0000000180025095e-35 1.5000000000000002 6.5000000000000009 10.500000000000002 11.500000000000002 1.5000000000000002 10.500000000000002 8.5000000000000018 5.5000000000000009 4.5000000000000009 5.5000000000000009 6.5000000000000009 1.0000000180025095e-35 1.0000000180025095e-35 13.500000000000002 1.0000000180025095e-35 45.500000000000007 8.5000000000000018 14.500000000000002 4.5000000000000009 35.000000000000007 17.000000000000004 5.5000000000000009
decision_type=2 2 2 2 2 2 2 2 2 2 2 2 2 2 2 2 2 2 2 2 2 2 2 2 2 2 2 2
left_child=2 -2 13 8 7 -6 -7 -5 11 -10 -9 12 -4 18 17 -16 -17 -15 19 -1 27 -22 23 25 -25 -23 -24 -20
right_child=1 -3 3 4 5 6 -8 10 9 -11 -12 -13 -14 14 15 16 -18 -19 20 -21 21 22 26 24 -26 -27 -28 -29
leaf_value=-0.01220524699036035 0.025530472910406186 -0.16266125815028634 0.13107868268126727 0.062319776221350445 0.086011345324682978 0.059821105296431865 -0.16651311919349682 -0.16024502615680625 -0.024834448801018653 0.11941051560107982 -0.013431044284563105 0.15245294500976203 -0.066924768683366817 0.092485437444107629 0.091332787095719986 -0.17959392346906475 -0.041252612430013554 -0.083602871858892244 -0.1669739673709752 -0.17252399871745999 0.067248173867746494 -0.18264715924796457 0.09377419752033439 0.069820050471488565 -0.079709460227067624 -0.016983398198310618 -0.10726105241564847 0.00078111322827154625
leaf_weight=90.99530525226146 2.4001243915408841 2.9670068323612213 6.8637333214283016 3.405904624611142 19.818885140120987 6.2713424321264011 4.1704275328665972 14.351860858500006 35.010505635291338 10.900022244080899 8.2326377835124713 13.068603565916417 8.0917859375476819 13.854256225749852 4.4628830440342417 14.832220408134161 22.365965189877898 5.6072233049198976 4.4415781181305674 5.4887714777141801 63.560195290483534 10.94371455255896 20.151493886485699 23.709484048187733 8.5557554885745031 11.484373323619364 2.985704952850937 15.755390025675295
leaf_count=738 21 32 29 18 117 46 75 173 277 63 82 56 67 91 28 146 219 62 58 61 409 163 125 158 106 98 45 131
internal_value=0 -0.089899 0.00139934 0.0171882 -0.017514 0.0423379 -0.0395815 -0.0861767 0.04362 0.0120165 -0.111994 0.0912694 0.0269304 -0.00504284 -0.0408715 -0.0783334 -0.102146 0.0383748 0.0035839 -0.0242513 0.0203854 0.0302833 -0.000461819 -0.0281089 0.0277171 -0.105513 0.0617247 -0.0451791
internal_weight=0 5.36713 449.38 130.186 56.2511 30.2607 10.4418 25.9904 73.9347 45.9105 22.5845 28.0241 14.9555 319.194 61.1225 41.6611 37.1982 19.4615 258.072 96.4841 161.588 141.391 77.8305 54.6933 32.2652 22.4281 23.1372 20.197
internal_count=3694 53 3641 1003 511 238 121 273 492 340 255 152 96 2638 546 393 365 153 2092 799 1293 1104 695 525 264 261 170 189
is_linear=0
shrinkage=0.179372


Tree=12
num_leaves=29
num_cat=0
split_feature=43 46 50 49 46 42 27 19 4 50 43 49 49 39 5 15 49 0 42 1 16 3 43 5 47 3 0 38
split_gain=1.5488 2.90501 1.57125 2.57633 2.54348 2.15793 1.95837 3.78039 4.67849 5.67368 6.69598 4.24889 3.60579 2.49729 2.35122 3.89746 3.67838 3.09885 3.3186 2.88056 5.57747 3.6454 5.70865 4.01608 2.64608 2.60809 3.68496 2.2764
threshold=16.500000000000004 95.000000000000014 16.500000000000004 14.500000000000002 9.5000000000000018 155.00000000000003 1.0000000180025095e-35 22.500000000000004 8.5000000000000018 13.500000000000002 9.5000000000000018 10.500000000000002 10.500000000000002 7.5000000000000009 1.0000000180025095e-35 22.500000000000004 7.5000000000000009 1.0000000180025095e-35 16.500000000000004 3.5000000000000004 5.5000000000000009 8.5000000000000018 7.5000000000000009 1.5000000000000002 2.5000000000000004 22.500000000000004 4.5000000000000009 8.5000000000000018
decision_type=2 2 2 2 2 2 2 2 2 2 2 2 2 2 2 2 2 2 2 2 2 2 2 2 2 2 2 2
left_child=2 -2 5 4 -4 6 7 8 9 10 12 -9 -1 -12 15 17 24 18 -8 20 21 22 -16 -23 -17 -21 -27 -11
right_child=1 -3 3 -5 -6 -7 14 11 -10 27 13 -13 -14 -15 19 16 -18 -19 -20 25 -22 23 -24 -25 -26 26 -28 -29
leaf_value=-0.010173861162406721 -0.16066929594931298 0.055729079111158854 0.083419787835181558 0.14408135397386584 -0.070988685812790941 -0.13691560049949669 0.052378127874432391 -0.15059630200668903 0.092114224801035996 -0.030625674442868227 0.00018529649965621676 0.034457774356697127 -0.086933492338778312 0.079790244582287659 0.068716878749917568 0.097964474809837887 -0.12544109929024663 0.08842201887967284 -0.1310041856669239 0.10710286378776439 0.084874069203094593 0.013807838272105339 -0.16859116639796792 -0.15292465200790126 -0.059082865977141852 -0.097702323723043133 0.019039264947538007 -0.18509506025059641
leaf_weight=93.782983831129968 3.4200460016727439 2.0584165789186954 4.705814151093362 4.8011874873191109 5.803868880495429 2.0597251700237384 6.656657934188841 10.491856827400623 13.253767758607863 6.7582211950793845 21.200457317754626 4.9679053686559191 23.713425044901669 31.59526563808322 10.500205997377632 6.2734587769955414 6.189369684085249 38.406520047690719 3.4791156956925988 7.6741967815905801 7.9757823925465337 5.6820143237710026 2.8000892214477053 16.302911320701241 4.5244433023035526 8.0273044435307366 83.054061041213572 6.3566210558637977
leaf_count=743 58 13 31 27 70 34 55 145 86 43 151 34 246 164 59 34 87 257 37 34 36 46 40 182 45 114 737 86
internal_value=0 -0.0829171 0.00134802 0.054886 0 -0.000762446 0.000400309 -0.0116338 -0.00446822 -0.0122999 -0.00292006 -0.0925567 -0.0267993 0.0491119 0.0127754 0.0404247 -0.0306999 0.0658434 -0.0186768 -0.000183148 -0.0380547 -0.0688553 0.00450628 -0.111164 0.031692 0.0165917 0.00700912 -0.118984
internal_weight=0 5.47846 437.037 15.3109 10.5097 421.726 419.667 212.121 196.661 183.407 170.292 15.4598 117.496 52.7957 207.546 65.5296 16.9873 48.5423 10.1358 142.017 43.261 35.2852 13.3003 21.9849 10.7979 98.7556 91.0814 13.1148
internal_count=3694 71 3623 128 101 3495 3461 1698 1519 1433 1304 179 989 315 1763 515 166 349 92 1248 363 327 99 228 79 885 851 129
is_linear=0
shrinkage=0.179372


Tree=13
num_leaves=29
num_cat=0
split_feature=12 1 2 7 7 39 1 49 1 46 48 3 48 50 31 50 39 49 47 46 50 43 13 13 49 39 50 38
split_gain=1.4907 4.30408 2.76707 3.41672 4.9056 4.6203 3.769 3.63228 3.32581 3.19891 3.37916 2.9344 3.94311 2.58791 3.43396 2.8062 7.27982 2.56453 4.20527 5.3588 5.07777 2.50135 3.58617 2.24392 2.09382 2.06083 7.52744 3.13547
threshold=2.5000000000000004 20.500000000000004 3.5000000000000004 49.500000000000007 6.5000000000000009 5.5000000000000009 17.000000000000004 6.5000000000000009 5.5000000000000009 3.5000000000000004 5.5000000000000009 44.500000000000007 4.5000000000000009 10.500000000000002 1.0000000180025095e-35 6.5000000000000009 5.5000000000000009 1.5000000000000002 8.5000000000000018 35.000000000000007 1.5000000000000002 2.5000000000000004 1.0000000180025095e-35 1.0000000180025095e-35 3.5000000000000004 3.5000000000000004 2.5000000000000004 105.00000000000001
decision_type=2 2 2 2 2 2 2 2 2 2 2 2 2 2 2 2 2 2 2 2 2 2 2 2 2 2 2 2
left_child=2 13 11 4 5 9 -6 24 -9 10 -4 17 -13 15 -15 16 -2 18 19 20 -1 23 -23 -5 -7 27 -27 -19
right_child=1 -3 3 21 6 7 -8 8 -10 -11 -12 12 -14 14 -16 -17 -18 25 -20 -21 -22 22 -24 -25 -26 26 -28 -29
leaf_value=0.088828696927572379 0.080765747695548659 -0.033874070315084499 0.085469421000437029 -0.05461750945061946 -0.14658305486684758 0.035611398629163862 0.018740744256201678 0.16645735865311115 -0.029126081551613399 -0.17825091329335971 -0.1400173666432043 -0.070358535238080722 0.13137357626947299 -0.15528913438068734 0.045304819359251826 0.12812655368135917 -0.15874647456824717 0.0063591435974179947 0.14485774374756788 0.10303941014741143 -0.15642291745744269 0.033349504308531584 -0.12902675895219484 0.089616447906632604 -0.1507637162910499 -0.18083138628574419 -0.0091022907765137585 0.1525735378738364
leaf_weight=2.6072278395295196 15.887850311584772 25.260385234840214 4.2275434974581021 3.1445510108023944 20.386926547624174 2.8248741105198851 4.9018455566838375 7.367326417937873 3.2304842383600771 4.6343690510839224 1.7024560812860725 2.9382006898522368 10.086209177970884 2.5254985336214286 6.385041456669569 16.618974633514881 3.6743769934400907 91.534729021135718 8.2801702134311181 7.069762321189045 6.9126376062631607 8.7676431806758028 6.0017751883715382 13.301016084849833 2.0326991006731987 7.1049771998077622 141.9047503946349 3.3585215099155894
leaf_count=10 105 303 29 34 272 25 37 36 38 61 27 40 51 36 38 83 61 720 36 38 74 77 113 67 24 88 1162 9
internal_value=0 0.023592 -0.00464173 -0.0332037 -0.0610419 -0.00451697 -0.114725 0.0553003 0.109571 -0.0890552 0.00208553 0.0038077 0.081911 0.0562063 -0.0253531 0.0769703 0.0261134 -0.000392157 0.0525307 -0.00157563 -0.0845336 0.0128079 -0.0379504 0.0586313 -0.0582585 -0.00617486 -0.0192978 0.014234
internal_weight=0 70.3521 364.321 82.5235 51.3085 26.0198 25.2888 15.4554 10.5978 10.5644 5.93 281.797 13.0244 45.0917 8.91054 36.1812 19.5622 268.773 24.8698 16.5896 9.51987 31.215 14.7694 16.4456 4.85757 243.903 149.01 94.8933
internal_count=3694 626 3068 840 549 240 309 123 74 117 56 2228 91 323 74 249 166 2137 158 122 84 291 190 101 49 1979 1250 729
is_linear=0
shrinkage=0.179372


Tree=14
num_leaves=29
num_cat=0
split_feature=11 3 27 50 5 25 8 43 31 43 38 39 19 38 5 24 16 50 49 47 6 19 47 11 42 38 38 46
split_gain=1.85173 2.19448 1.85325 3.43985 2.81945 2.23508 1.54487 6.27879 1.50476 1.38222 1.31518 5.1 4.64456 7.73978 4.98987 4.19041 3.89734 5.36342 5.24134 4.92487 4.72779 4.90424 3.46895 3.02545 2.91102 4.88383 2.79472 2.81148
threshold=4.5000000000000009 98.500000000000014 5.5000000000000009 6.5000000000000009 29.000000000000004 1.0000000180025095e-35 1.5000000000000002 4.5000000000000009 6.5000000000000009 5.5000000000000009 14.500000000000002 12.500000000000002 17.500000000000004 10.500000000000002 1.0000000180025095e-35 1.0000000180025095e-35 1.5000000000000002 3.5000000000000004 10.500000000000002 15.500000000000002 1.5000000000000002 6.5000000000000009 14.500000000000002 1.5000000000000002 35.000000000000007 75.000000000000014 85.000000000000014 85.000000000000014
decision_type=2 2 2 2 2 2 2 2 2 2 2 2 2 2 2 2 2 2 2 2 2 2 2 2 2 2 2 2
left_child=6 8 3 5 -4 -3 10 -8 -2 -5 11 12 13 14 15 -1 19 -18 22 20 23 -22 -19 24 25 -12 -23 -28
right_child=1 2 4 9 -6 -7 7 -9 -10 -11 16 -13 -14 -15 -16 -17 17 18 -20 -21 21 26 -24 -25 -26 -27 27 -29
leaf_value=0.040046428140202206 -0.15607357145001335 -0.13960303077777322 -0.15685747568584901 0.13886209919663181 0.020494870091490404 0.02936118690569443 -0.11843931747655387 0.14304864360121869 -0.0068658175077790391 0.0020080826141049071 0.0049357969049737011 -0.14272270041160989 0.065695102125350249 -0.1761193450786023 -0.04574647504194717 -0.091967897321140427 0.071952420546071788 -0.18522726011077367 0.031866394313902112 -0.13637563801235145 0.10853766867622003 0.039037541492750412 0.055397918317248357 -0.11788028364568623 0.034997289328704634 -0.13723145086233995 -0.15204432885814254 0.046413266121677295
leaf_weight=66.451017514802516 5.3718518270179612 3.3780781179666581 3.9431464197114092 5.4096636511385423 4.9699178859591484 3.8512329002842307 2.7785711996257287 7.8155323034152389 3.7372367028146982 4.0371580775827169 37.728058323264122 7.2117918054573229 24.944619064219296 7.444080648943781 53.252900055609643 7.088260385207831 6.8467355137690928 11.916210585273804 6.1169169945642343 4.5852067656815043 34.383595433086157 24.934276447631422 1.3667676597833622 4.6302916510030618 62.27727860538289 8.041781881824134 4.1595710804685941 2.6117269098758698
leaf_count=482 73 52 85 17 55 31 21 38 42 41 293 110 180 88 559 71 52 148 55 54 218 199 9 77 466 93 64 21
internal_value=0 -0.0387119 -0.0088052 0.0255529 -0.0686308 -0.0589745 0.00362469 0.0663525 -0.106891 0.090914 0.0015296 -0.0102681 -0.00275621 -0.0162455 -0.00458089 0.025354 0.0109826 -0.0514734 -0.0980682 0.0203949 0.0257228 0.0631856 -0.155942 0.00300535 0.010039 -0.0235998 0.010553 -0.0794016
internal_weight=0 34.6983 25.5892 16.6761 8.91306 7.22931 386.585 10.5941 9.10909 9.44682 375.991 166.393 159.181 134.236 126.792 73.5393 209.598 26.2466 19.3999 183.352 178.767 66.0892 13.283 112.677 108.047 45.7698 31.7056 6.7713
internal_count=3694 396 281 141 140 83 3298 59 115 58 3239 1490 1380 1200 1112 553 1749 264 212 1485 1431 502 157 929 852 386 284 85
is_linear=0
shrinkage=0.179372


Tree=15
num_leaves=29
num_cat=0
split_feature=26 27 11 4 26 50 49 38 0 28 38 3 4 5 31 50 48 43 3 38 11 15 27 49 49 49 27 39
split_gain=1.15157 1.54723 1.27459 3.23502 2.73456 2.68168 3.95935 3.93694 4.1117 3.84538 4.53943 2.7667 4.14461 2.60514 3.44042 3.01566 3.06291 2.52125 3.19032 2.39933 1.93623 1.8695 2.40828 2.03171 1.78725 1.77696 1.54291 1.36986
threshold=2.5000000000000004 14.500000000000002 1.5000000000000002 2.5000000000000004 1.0000000180025095e-35 3.5000000000000004 2.5000000000000004 125.00000000000001 1.5000000000000002 1.0000000180025095e-35 1.5000000000000002 55.500000000000007 1.5000000000000002 9.5000000000000018 12.500000000000002 3.5000000000000004 6.5000000000000009 1.5000000000000002 16.500000000000004 85.000000000000014 23.000000000000004 28.500000000000004 1.5000000000000002 5.5000000000000009 6.5000000000000009 9.5000000000000018 1.5000000000000002 7.5000000000000009
decision_type=2 2 2 2 2 2 2 2 2 2 2 2 2 2 2 2 2 2 2 2 2 2 2 2 2 2 2 2
left_child=1 2 5 24 13 6 17 8 9 10 -8 12 -10 15 19 -5 -17 -1 -19 -15 21 22 -6 -23 -4 -13 -26 -7
right_child=-2 -3 3 4 20 27 7 -9 11 -11 -12 25 -14 14 -16 16 -18 18 -20 -21 -22 23 -24 -25 26 -27 -28 -29
leaf_value=0.10433167068013116 0.065332151359252896 -0.091057513365796275 -0.17738883779427556 0.085453092135704886 0.088648423525878636 0.0006863955602835134 0.0078836578489917455 0.12005108284331419 0.11771491987581015 0.043354927482878163 -0.18674117941990792 -0.13805364083939037 -0.069315738842498253 -0.14469601464131468 0.045902763392905742 -0.10517257914830601 0.051624745804504032 -0.14831109419299385 0.074407455888945775 0.017933425101118096 -0.056280373296060088 -0.025669902563400727 -0.087193984626650164 0.14723812442392845 -0.12431573559004407 0.0089595789588909069 0.015383161158830577 0.02668877324732646
leaf_weight=8.5880491435527784 6.8485045223496845 4.4422466540709129 4.1414674241095772 8.9489157712087053 3.1639137174934211 142.30626617278904 4.596000310033566 2.3752912208437911 7.6475247005000728 3.2600728273391715 15.477080108597873 4.6291062757372838 4.9288514358922839 12.203394102863969 4.7467637062072745 7.6376863885670883 5.5380870141088963 2.3963214326649895 2.657777801156044 3.0457961317151776 3.2784320451319209 2.0234216935932627 3.5603325692936778 8.5455812038853747 2.2068475484848005 3.8922229371964931 6.1027140924707055 120.97288127429783
leaf_count=45 74 73 70 55 18 1249 44 6 54 22 212 57 52 176 37 81 41 36 18 34 43 32 42 44 47 45 64 923
internal_value=0 -0.00137161 0 -0.0207862 -0.00296553 0.0049048 -0.0285923 -0.0532659 -0.0668742 -0.116174 -0.144191 -0.00712501 0.0436876 -0.029151 -0.0735858 0.0126206 -0.039717 0.0515621 -0.0391948 -0.112634 0.048067 0.0719284 -0.00126748 0.113755 -0.0984474 -0.0786953 -0.0344923 0.01279
internal_weight=0 403.313 398.871 75.1434 62.6923 323.727 60.4483 46.8061 44.4309 23.3332 20.0731 21.0977 12.5764 42.1206 19.996 22.1247 13.1758 13.6421 5.0541 15.2492 20.5717 17.2932 6.72425 10.569 12.451 8.52133 8.30956 263.279
internal_count=3694 3620 3547 784 603 2763 591 492 486 278 256 208 106 424 247 177 122 99 54 210 179 136 60 76 181 102 111 2172
is_linear=0
shrinkage=0.179372


Tree=16
num_leaves=29
num_cat=0
split_feature=38 49 24 49 50 39 16 43 43 47 47 48 46 47 46 50 0 43 19 3 1 27 50 50 7 3 7 42
split_gain=0.843717 2.8487 4.21086 3.46378 3.46955 5.22814 5.04638 4.31607 2.71669 3.66877 2.62988 3.84096 5.79393 5.27806 7.51163 4.39919 3.41818 2.74952 3.93352 2.57272 6.09397 3.02232 2.4842 2.40723 3.16764 2.38482 2.34466 2.21941
threshold=13.500000000000002 5.5000000000000009 1.5000000000000002 12.500000000000002 11.500000000000002 7.5000000000000009 2.5000000000000004 2.5000000000000004 14.500000000000002 14.500000000000002 11.500000000000002 3.5000000000000004 35.000000000000007 5.5000000000000009 35.000000000000007 3.5000000000000004 13.500000000000002 9.5000000000000018 1.5000000000000002 7.5000000000000009 3.5000000000000004 12.500000000000002 13.500000000000002 1.5000000000000002 1.0000000180025095e-35 16.500000000000004 1.5000000000000002 35.000000000000007
decision_type=2 2 2 2 2 2 2 2 2 2 2 2 2 2 2 2 2 2 2 2 2 2 2 2 2 2 2 2
left_child=8 2 10 19 5 7 -6 27 23 -10 11 13 25 14 16 -15 -2 18 -12 -3 22 26 -21 24 -1 -13 -22 -5
right_child=1 3 -4 4 6 -7 -8 -9 9 -11 17 12 -14 15 -16 -17 -18 -19 -20 20 21 -23 -24 -25 -26 -27 -28 -29
leaf_value=0.063341820737875018 -0.12383188621241423 0.069804287355517566 0.12966787290128834 -0.056401936481636411 -0.16560826920566774 0.088674521159073302 0.079685628014616941 -0.15293952415785805 -0.17881775072850789 0.024957545715540833 0.069330818424429647 0.13858635645415743 -0.12824969804630487 0.032696303853484605 0.069777286121583876 -0.20682433724540167 0.037541177143403139 0.089961585397300564 -0.16754152639952752 -0.08694528108519857 -0.050083583472035273 -0.10447832704092032 0.051987582901060217 0.002398789226526349 -0.13305309415393729 -0.0063304425140980163 0.078466569170436137 0.12341533911515616
leaf_weight=2.4215898234397155 18.220046420581642 45.435150063596666 4.1144620552659026 2.7587914224714059 8.1354597304016334 12.390668815001844 2.4830491412430993 6.3978811493143439 5.0851897788234037 4.0749285034835339 3.1481068078428498 7.7749154455959815 4.0938121993094674 2.4416514728218308 13.43911732919514 10.398514928296207 4.3486775923520318 9.396467896178363 2.735073147341609 18.14545359835029 3.8661235347390166 2.1474401392042628 3.8860575985163441 150.76159910857677 7.6208083229139447 5.3881723452359438 37.629001240245998 2.9015824366360903
leaf_count=16 206 289 23 38 112 86 15 113 100 33 19 37 56 19 104 136 29 58 39 202 46 42 33 1351 129 49 302 12
internal_value=0 0.00702182 -0.0186553 0.0221957 -0.0257967 0.0118897 -0.10386 -0.0669549 -0.00954678 -0.0966459 -0.0287907 -0.0442656 0.0259699 -0.0694515 -0.0304994 -0.161575 -0.0915981 0.0349434 -0.0511406 0.0376491 0.0139836 0.0524311 -0.0598056 -0.00354777 -0.081987 0.0840365 0.0646366 0.0405211
internal_weight=0 231.676 85.499 146.177 35.0674 24.4489 10.6185 12.0583 169.964 9.16012 81.3846 66.1049 17.2569 48.848 36.0078 12.8402 22.5687 15.2796 5.88318 111.109 65.6741 43.6426 22.0315 160.804 10.0424 13.1631 41.4951 5.66037
internal_count=3694 2065 775 1290 376 249 127 163 1629 133 752 636 142 494 339 155 235 116 58 914 625 390 235 1496 145 86 348 50
is_linear=0
shrinkage=0.179372


Tree=17
num_leaves=29
num_cat=0
split_feature=13 39 13 3 15 3 38 38 48 10 5 38 46 49 16 3 3 3 46 9 42 6 11 3 48 46 14 3
split_gain=1.83476 1.64258 2.606 1.69759 1.92045 1.58383 1.53282 1.47452 2.3121 1.92127 1.60715 2.43334 3.94565 3.25059 2.52747 1.75517 2.27199 2.07696 1.70868 2.74129 3.73405 2.71734 2.70108 3.13481 2.69132 2.37078 2.77423 3.08534
threshold=15.500000000000002 14.500000000000002 1.0000000180025095e-35 57.500000000000007 25.500000000000004 1.5000000000000002 15.500000000000002 135.00000000000003 7.5000000000000009 1.0000000180025095e-35 1.0000000180025095e-35 95.000000000000014 45.000000000000007 5.5000000000000009 1.5000000000000002 25.500000000000004 3.5000000000000004 55.500000000000007 11.500000000000002 1.0000000180025095e-35 6.5000000000000009 2.5000000000000004 1.5000000000000002 3.5000000000000004 5.5000000000000009 65.000000000000014 1.5000000000000002 1.5000000000000002
decision_type=2 2 2 2 2 2 2 2 2 2 2 2 2 2 2 2 2 2 2 2 2 2 2 2 2 2 2 2
left_child=1 7 5 -4 -5 -3 -7 10 9 -9 11 12 14 -13 15 16 -1 -17 19 20 22 -21 23 -12 -23 -20 27 -27
right_child=-2 2 3 4 -6 6 -8 8 -10 -11 18 13 -14 -15 -16 17 -18 -19 25 21 -22 24 -24 -25 -26 26 -28 -29
leaf_value=0.018041444707521771 0.11784831069600647 -0.017575540637747349 -0.11822009246079621 0.094110998477243427 -0.058744153310111152 -0.0074400881412529677 0.12537838099990012 -0.153180216968264 0.05746332176344246 0.030930864156927331 -0.071914564079477744 -0.05485067269511873 -0.0672578538063896 0.12407588831826952 0.12456057559420469 0.10728547425920876 -0.043974700148248391 0.006031236116823234 0.020917584471213758 0.11334287375068663 -0.099957841434741956 -0.092742748207590958 -0.12524417278453023 0.027570925222199661 0.04528460401784868 -0.13707443733984659 -0.127576560645278 0.018852980559086675
leaf_weight=53.405765203293413 2.5514945425093165 3.8649407848715844 2.8591044321656209 3.5285944892093539 3.7286668764427304 2.9892554683610788 12.120170520618556 5.731029821559785 2.2583738192915916 1.5893118530511854 12.639332758262752 3.2370511488988987 19.576398844830692 10.458820385858415 4.9993856549262992 9.8618841823190468 27.316886538639665 16.402043805457652 72.784683188423514 5.96537624485791 25.16639740858227 6.4532309528440228 4.7638338897377244 33.818277284968644 8.6580120958387834 3.2245385311543968 6.4934112178161731 23.15869349334389
leaf_count=383 20 35 41 20 49 39 58 88 18 17 145 37 213 52 18 61 279 171 688 35 358 85 68 273 68 41 106 228
internal_value=0 -0.00127488 0.038466 -0.0307532 0.0173478 0.075699 0.099949 -0.00471365 -0.0687479 -0.112986 -0.00258821 0.0116809 0.0036142 0.0793294 0.0169509 0.00994714 -0.00320088 0.0487607 -0.0128869 -0.0298212 -0.0455068 0.0254578 -0.016144 -0.000684548 -0.0159829 0.00279453 -0.0359174 -0.00656046
internal_weight=0 387.053 29.0907 10.1164 7.25726 18.9744 15.1094 357.963 9.57872 7.32034 348.384 145.258 131.562 13.6959 111.986 106.987 80.7227 26.2639 203.126 97.4645 76.3878 21.0766 51.2214 46.4576 15.1112 105.661 32.8766 26.3832
internal_count=3694 3674 242 110 69 132 97 3432 123 105 3309 1214 1125 89 912 894 662 232 2095 1032 844 188 486 418 153 1063 375 269
is_linear=0
shrinkage=0.179372


Tree=18
num_leaves=29
num_cat=0
split_feature=13 2 43 48 49 46 39 13 1 25 47 27 43 39 39 6 7 7 46 50 49 7 39 47 49 6 49 49
split_gain=1.20643 1.14493 2.47009 2.04722 2.22108 2.0371 2.23602 2.25588 3.69097 1.8818 1.98877 1.93342 1.91492 2.7298 2.14314 5.98815 2.6556 1.94633 3.1827 2.59931 2.44885 2.18759 2.17334 1.69504 3.78607 1.80614 1.66993 1.62042
threshold=15.500000000000002 3.5000000000000004 7.5000000000000009 2.5000000000000004 4.5000000000000009 25.000000000000004 2.5000000000000004 4.5000000000000009 4.5000000000000009 1.0000000180025095e-35 4.5000000000000009 2.5000000000000004 9.5000000000000018 14.500000000000002 10.500000000000002 1.5000000000000002 45.000000000000007 17.500000000000004 13.500000000000002 6.5000000000000009 6.5000000000000009 48.500000000000007 11.500000000000002 8.5000000000000018 10.500000000000002 1.0000000180025095e-35 13.500000000000002 10.500000000000002
decision_type=2 2 2 2 2 2 2 2 2 2 2 2 2 2 2 2 2 2 2 2 2 2 2 2 2 2 2 2
left_child=1 9 5 -4 -5 -3 -7 8 -8 11 -11 12 13 14 23 -16 -17 19 -19 27 22 -20 -21 25 -25 -1 -22 -14
right_child=-2 2 3 4 -6 6 7 -9 -10 10 -12 -13 17 -15 15 16 -18 18 21 20 26 -23 -24 24 -26 -27 -28 -29
leaf_value=0.011415598025409921 0.094319376591397594 0.021601219809119932 -0.14623992699987426 0.069348454442488744 -0.048340588724774168 -0.14455676974777171 -0.10716858091000872 -0.10317726637033868 0.063915889494201641 -0.0047249417831413641 -0.15947191956402978 0.073909818377439207 0.045036194815969835 0.095009742604131031 -0.1682769279104164 0.087014316172129444 -0.088288601469975081 -0.10639608203399969 -0.062447289906719217 0.093328985428947214 -0.053816579466388285 0.076865942526959941 -0.050051998383358089 0.075132275798224998 -0.096049490740646282 -0.033463165815069418 0.049454154228630531 0.17650803657862393
leaf_weight=52.935896777547896 2.66064036078751 57.819889114703983 4.6434541260823599 4.4672482637688509 32.845973019953817 3.4865321982651976 3.8542155306786361 4.7551643159240475 13.73134626355022 7.6873694304376823 2.7478656508028507 12.439170790836213 9.0162153188139182 6.529769384302198 7.8896722029894617 6.4902087319642288 2.5948565183207393 6.5317265233024981 3.8215057887136927 14.650628407485785 14.282449184916915 9.3578119454905373 3.0030650720000258 18.071852399036292 3.682616055943071 59.17066784389317 5.7209427505731574 5.331309398636221
leaf_count=464 20 567 94 38 411 65 55 73 126 72 44 87 61 44 82 41 39 111 50 79 116 71 30 132 53 608 47 14
internal_value=0 -0.00107304 -0.0149897 -0.0496244 -0.0314709 0.00280932 -0.0374124 -0.0111756 0.0195509 0.00585035 -0.0631143 0.00930864 0.00522283 -0.00578956 -0.0112472 -0.0683028 0.0294822 0.0292041 -0.0171491 0.0470758 0.0198093 0.03287 0.0658634 -0.00314195 0.0406929 -0.0122649 -0.0219783 0.108139
internal_weight=0 377.559 125.604 41.9567 37.3132 83.6471 25.8273 22.3407 17.5856 251.956 10.4352 241.52 229.081 157.366 150.836 16.9747 9.08507 71.7157 19.711 52.0046 37.6571 13.1793 17.6537 133.861 21.7545 112.107 20.0034 14.3475
internal_count=3694 3674 1429 543 449 886 319 254 181 2245 116 2129 2042 1463 1419 162 80 579 232 347 272 121 109 1257 185 1072 163 75
is_linear=0
shrinkage=0.179372


Tree=19
num_leaves=29
num_cat=0
split_feature=50 39 50 19 15 7 38 27 46 1 42 43 46 19 11 26 50 14 1 50 49 42 38 15 39 5 27 27
split_gain=1.13142 2.15473 5.73023 4.0872 3.65072 3.32913 5.24908 3.28798 2.50291 2.05301 4.43078 3.17762 3.16809 2.06084 1.38797 2.25985 2.28533 2.05466 2.68619 2.03011 1.92626 2.38217 1.99876 1.6733 1.3463 1.27492 1.22514 1.67908
threshold=3.5000000000000004 2.5000000000000004 2.5000000000000004 1.5000000000000002 12.500000000000002 6.5000000000000009 35.000000000000007 12.500000000000002 95.000000000000014 1.0000000180025095e-35 3.5000000000000004 1.5000000000000002 25.000000000000004 1.0000000180025095e-35 1.5000000000000002 1.0000000180025095e-35 8.5000000000000018 3.5000000000000004 15.500000000000002 12.500000000000002 9.5000000000000018 95.000000000000014 35.000000000000007 1.5000000000000002 4.5000000000000009 7.5000000000000009 4.5000000000000009 7.5000000000000009
decision_type=2 2 2 2 2 2 2 2 2 2 2 2 2 2 2 2 2 2 2 2 2 2 2 2 2 2 2 2
left_child=1 2 9 8 -4 -5 7 -7 -3 10 -1 13 -13 -11 26 17 -17 18 20 -18 21 -16 -22 -24 -8 -26 -2 -28
right_child=14 3 4 5 -6 6 24 -9 -10 11 -12 12 -14 -15 15 16 19 -19 -20 -21 22 -23 23 -25 25 -27 27 -29
leaf_value=0.16311530647382202 0.014227386153007743 -0.15740008104598568 -0.17440830666657056 0.1087321139166619 0.027300212066625112 -0.15702225633795017 0.088959652934586922 0.055663172531237738 0.056020438801830059 0.02663453872765539 -0.036723070081712175 0.1164864276450869 -0.069534288332850636 -0.14186321494536178 -0.13653561813796289 -0.045325263704018702 0.11248709024561335 -0.1489050159682227 0.075072388627649075 -0.044123355438647011 0.060466952732131804 0.029293424255147662 0.052054597442832744 -0.12703268495027192 -0.085899966568732805 0.059732932248391768 -0.097036356531600934 0.0081497462551022026
leaf_weight=8.6510946666821855 230.94896233920008 10.28881342243403 5.8165336195379478 4.6078688912093666 3.8538350164890289 9.379892657510938 6.7116911187767965 1.9283979069441546 1.0952722318470467 2.9449487640522447 4.4859765488654366 7.9784319717437011 2.8330948352813721 4.0786041663959622 9.3447178816422873 6.9214515006169703 8.4658964704722148 4.0574791855178765 5.0410631056874982 2.423664189875125 6.5041652228683215 2.8438236685469738 1.2646292708814142 3.3301690742373466 2.6713574007153511 1.8536063446663318 6.1727483905851868 11.704474890138952
leaf_count=41 2009 167 65 20 40 131 52 14 6 23 58 51 39 66 164 108 56 83 40 39 54 39 8 57 34 22 90 118
internal_value=0 -0.0188395 0.00958174 -0.0483961 -0.100279 -0.00761379 -0.0378983 -0.116972 -0.131067 0.0477464 0.0972537 0.00525322 0.0636241 -0.0776483 0.00506475 -0.0215806 0.0275302 -0.0491124 -0.0268303 0.0750585 -0.0530831 -0.0977433 0.000947417 -0.0742997 0.0451623 -0.0234808 0.0106147 -0.0324426
internal_weight=0 79.1794 40.6425 38.5369 9.67037 27.1528 22.5449 11.3083 11.3841 30.9722 13.1371 17.8351 10.8115 7.02355 299.023 50.1971 17.811 32.386 28.3286 10.8896 23.2875 12.1885 11.099 4.5948 11.2367 4.52496 248.826 17.8772
internal_count=3694 829 383 446 105 273 253 145 173 278 99 179 90 89 2865 648 203 445 362 95 322 203 119 65 108 56 2217 208
is_linear=0
shrinkage=0.179372


Tree=20
num_leaves=29
num_cat=0
split_feature=39 38 48 47 49 48 0 19 7 3 49 49 38 47 18 7 42 18 2 20 38 39 11 18 43 48 22 10
split_gain=0.889881 1.5239 1.51454 1.48938 2.51861 2.62383 2.35285 1.77503 1.59952 2.81553 1.58588 1.58883 2.16312 2.17093 2.48039 2.40046 2.14322 1.90873 1.62836 1.57627 1.97476 1.74303 1.98243 1.52119 1.51396 1.48071 1.42384 2.05633
threshold=14.500000000000002 15.500000000000002 6.5000000000000009 10.500000000000002 13.500000000000002 5.5000000000000009 14.500000000000002 12.500000000000002 13.500000000000002 1.0000000180025095e-35 15.500000000000002 9.5000000000000018 1.5000000000000002 4.5000000000000009 1.5000000000000002 1.5000000000000002 105.00000000000001 2.5000000000000004 8.5000000000000018 1.0000000180025095e-35 85.000000000000014 2.5000000000000004 17.500000000000004 1.5000000000000002 11.500000000000002 7.5000000000000009 1.0000000180025095e-35 1.0000000180025095e-35
decision_type=2 2 2 2 2 2 2 2 2 2 2 2 2 2 2 2 2 2 2 2 2 2 2 2 2 2 2 2
left_child=3 -2 -3 10 5 8 7 -7 9 -5 11 17 23 14 15 -14 18 26 -15 20 21 -19 -23 -13 -17 -16 27 -1
right_child=1 2 -4 4 -6 6 -8 -9 -10 -11 -12 12 13 16 25 24 -18 19 -20 -21 -22 22 -24 -25 -26 -27 -28 -29
leaf_value=0.0044055509672484327 -0.041725036802039893 0.078798706667331492 -0.021738415122394564 -0.1002301264262862 0.050825757114114384 -0.14971532399515836 0.029745948389754091 0 -0.055682839376545203 0.051953693090143402 -0.059346305541710762 0.026559118129570489 0.027599762120848814 0.080497126022215246 0.074585844457139047 -0.11252384450338737 -0.081334436521227724 -0.02182572870299964 -0.02309246157258282 0.02425982867406231 0.037166457112701314 -0.18092238894522483 0.033496439068904336 0.12810688464913811 0.037230682194796236 -0.058326871075108498 0.083695633080352397 -0.099942624238943831
leaf_weight=153.25659608189017 5.7627181163989034 15.720185422338547 5.5122591685503712 3.3264337629079845 9.436131982598452 12.098501822911205 3.1287608686834565 2.8571409294381729 13.711428996175526 16.548200393095613 10.85249032685533 12.322159794159235 6.4800049383193281 21.165447684936233 8.6291369246318919 13.352345249615608 2.4155260492116204 6.6941302148625308 5.1145978281274429 5.8580094110220662 3.0722169689834109 6.8137150360271335 0.95497742295265187 8.2724112626165134 1.5394451096653927 2.1435688175261012 5.2249145507812491 4.6698607704602173
leaf_count=1424 84 104 55 34 90 114 28 35 183 123 188 118 62 166 65 190 29 82 74 67 37 132 9 35 12 26 42 86
internal_value=0 0.0303654 0.0522728 -0.0025467 -0.0275425 -0.0433042 -0.0954078 -0.122965 -0.011608 0.0199536 0.00300088 0.00593707 0.0265938 0.00852863 -0.0226584 -0.0569494 0.0433533 -0.00314488 0.0595566 -0.0493075 -0.07474 -0.100937 -0.151514 0.0745998 -0.0938454 0.0425333 0.00379955 0.000210229
internal_weight=0 26.9952 21.2324 339.938 61.1066 51.6705 18.0844 14.9556 33.5861 19.8746 278.832 267.979 81.4346 60.8401 32.1445 21.3718 28.6956 186.544 26.28 23.393 17.535 14.4628 7.76869 20.5946 14.8918 10.7727 163.151 157.926
internal_count=3694 243 159 3451 607 517 177 149 340 157 2844 2656 777 624 355 264 269 1879 240 327 260 223 141 153 202 91 1552 1510
is_linear=0
shrinkage=0.179372


end of trees

feature_importances:
ninki_1=45
self_popularity=44
result_1=43
umaban=37
f_courseout=36
result_2=35
mf_courseout=29
ninki_3=28
result_3=25
ninki_2=24
waku=23
f_classout=20
f_course2=19
mf_classout=17
mf_course2=13
f_lenout=13
f_mf_courseout=12
mf_classout.1=11
f_course1=10
f_course3=10
mf_course1=10
mf_course3=10
mf_len1=9
f_len2=8
mf_len3=7
f_len1=6
f_len3=6
mf_len2=6
f_mf_course3=4
f_class1=4
f_class2=4
f_mf_course1=3
f_mf_course2=3
f_class3=3
mf_class1=3
mf_class2=2
f_mf_len1=1
f_mf_len2=1
f_mf_len3=1
f_mf_classout=1
f_mf_classout.1=1
time_df_course1=1

parameters:
[boosting: gbdt]
[objective: lambdarank]
[metric: ndcg]
[tree_learner: serial]
[device_type: cpu]
[data_sample_strategy: bagging]
[data: ]
[valid: ]
[num_iterations: 273]
[learning_rate: 0.179372]
[num_leaves: 29]
[num_threads: 16]
[seed: 0]
[deterministic: 0]
[force_col_wise: 1]
[force_row_wise: 0]
[histogram_pool_size: -1]
[max_depth: 9]
[min_data_in_leaf: 17]
[min_sum_hessian_in_leaf: 0.001]
[bagging_fraction: 1]
[pos_bagging_fraction: 1]
[neg_bagging_fraction: 1]
[bagging_freq: 0]
[bagging_seed: 7719]
[feature_fraction: 1]
[feature_fraction_bynode: 1]
[feature_fraction_seed: 2437]
[extra_trees: 0]
[extra_seed: 11797]
[early_stopping_round: 0]
[first_metric_only: 0]
[max_delta_step: 0]
[lambda_l1: 0.0944408]
[lambda_l2: 1.65353]
[linear_lambda: 0]
[min_gain_to_split: 0]
[drop_rate: 0.1]
[max_drop: 50]
[skip_drop: 0.5]
[xgboost_dart_mode: 0]
[uniform_drop: 0]
[drop_seed: 21238]
[top_rate: 0.2]
[other_rate: 0.1]
[min_data_per_group: 100]
[max_cat_threshold: 32]
[cat_l2: 10]
[cat_smooth: 10]
[max_cat_to_onehot: 4]
[top_k: 20]
[monotone_constraints: ]
[monotone_constraints_method: basic]
[monotone_penalty: 0]
[feature_contri: ]
[forcedsplits_filename: ]
[refit_decay_rate: 0.9]
[cegb_tradeoff: 1]
[cegb_penalty_split: 0]
[cegb_penalty_feature_lazy: ]
[cegb_penalty_feature_coupled: ]
[path_smooth: 0]
[interaction_constraints: ]
[verbosity: -1]
[saved_feature_importance_type: 0]
[use_quantized_grad: 0]
[num_grad_quant_bins: 4]
[quant_train_renew_leaf: 0]
[stochastic_rounding: 1]
[linear_tree: 0]
[max_bin: 255]
[max_bin_by_feature: ]
[min_data_in_bin: 3]
[bin_construct_sample_cnt: 200000]
[data_random_seed: 38]
[is_enable_sparse: 1]
[enable_bundle: 1]
[use_missing: 1]
[zero_as_missing: 0]
[feature_pre_filter: 1]
[pre_partition: 0]
[two_round: 0]
[header: 0]
[label_column: ]
[weight_column: ]
[group_column: ]
[ignore_column: ]
[categorical_feature: ]
[forcedbins_filename: ]
[precise_float_parser: 0]
[parser_config_file: ]
[objective_seed: 8855]
[num_class: 1]
[is_unbalance: 0]
[scale_pos_weight: 1]
[sigmoid: 1]
[boost_from_average: 1]
[reg_sqrt: 0]
[alpha: 0.9]
[fair_c: 1]
[poisson_max_delta_step: 0.7]
[tweedie_variance_power: 1.5]
[lambdarank_truncation_level: 30]
[lambdarank_norm: 1]
[label_gain: ]
[lambdarank_position_bias_regularization: 0]
[eval_at: 1,3,5]
[multi_error_top_k: 1]
[auc_mu_weights: ]
[num_machines: 1]
[local_listen_port: 12400]
[time_out: 120]
[machine_list_filename: ]
[machines: ]
[gpu_platform_id: -1]
[gpu_device_id: -1]
[gpu_use_dp: 0]
[num_gpu: 1]

end of parameters

pandas_categorical:[]
