tree
version=v4
num_class=1
num_tree_per_iteration=1
label_index=0
max_feature_idx=49
objective=lambdarank
feature_names=f_course1 f_course2 f_course3 f_courseout mf_course1 mf_course2 mf_course3 mf_courseout f_mf_course1 f_mf_course2 f_mf_course3 f_mf_courseout f_len1 f_len2 f_len3 f_lenout mf_len1 mf_len2 mf_len3 mf_classout f_mf_len1 f_mf_len2 f_mf_len3 f_mf_classout f_class1 f_class2 f_class3 f_classout mf_class1 mf_class2 mf_class3 mf_classout.1 f_mf_class1 f_mf_class2 f_mf_class3 f_mf_classout.1 time_df_course1 time_df_class1 ninki_1 result_1 time_df_course2 time_df_class2 ninki_2 result_2 time_df_course3 time_df_class3 ninki_3 result_3 waku umaban
feature_infos=[-1:70] [-1:51] [-1:64] [-1:338] [-1:55] [-1:57] [-1:50] [-1:362] [-1:16] [-1:8] [-1:7] [-1:55] [-1:10] [-1:8] [-1:6] [-1:57] [-1:8] [-1:6] [-1:7] [-1:42] [-1:2] [-1:2] [-1:2] [-1:9] [-1:4] [-1:3] [-1:3] [-1:21] [-1:2] [-1:2] [-1:3] [-1:17] none none none [-1:3] [-1:0] [-1:0] [-1:180] [-1:100] [-1:0] [-1:0] [-1:180] [-1:140] [-1:0] [-1:0] [-1:180] [-1:150] [1:8] [1:18]
tree_sizes=2407 2446 2649 2655 2766 2760 2230 2866 2764 2548 2751 2540 3094 2330 2555 2447 2965 2564 2649

Tree=0
num_leaves=22
num_cat=0
split_feature=39 38 43 3 42 42 46 49 43 38 49 47 43 7 38 42 39 48 17 15 5
split_gain=27.6894 9.89683 9.87143 12.065 7.7711 6.58317 6.31503 6.74313 6.05576 5.79185 6.4991 4.9767 7.1837 3.88476 3.1931 3.94722 3.09335 1.9101 3.91085 0.6638 0.25973
threshold=6.5000000000000009 7.5000000000000009 5.5000000000000009 20.500000000000004 1.5000000000000002 75.000000000000014 25.000000000000004 4.5000000000000009 16.500000000000004 45.000000000000007 14.500000000000002 1.5000000000000002 1.5000000000000002 1.0000000180025095e-35 2.5000000000000004 19.000000000000004 8.5000000000000018 6.5000000000000009 1.0000000180025095e-35 6.5000000000000009 4.5000000000000009
decision_type=2 2 2 2 2 2 2 2 2 2 2 2 2 2 2 2 2 2 2 2 2
left_child=1 4 3 9 17 11 -7 -8 14 16 -11 12 -3 -13 -4 -16 -2 18 -1 -5 -6
right_child=2 5 8 19 20 6 7 -9 -10 10 -12 13 -14 -15 15 -17 -18 -19 -20 -21 -22
leaf_value=-0.018970308065702029 0 -0.033806483083062569 0.010791451441819457 -0.021905660377568453 -0.042514621135289823 0.028776985595257504 0.014660463767197684 -0.035205691290105756 0.012232290728777566 -0.031972434777959469 0.021569584368502908 -0.0056049231082338832 0.016075570233855571 0.026369092407683349 -0.037435879367337464 -0.018729129099956679 0.029538664326344458 0.01738736430098509 0.02385276415014919 -0.042394342927875882 -0.025087180110732875
leaf_weight=3.4684470519423467 2.6041758134961146 2.0162252821028215 1.2424923107028067 1.6832368113100518 2.3523600213229652 2.3568108417093736 2.324319064617157 3.6266895122826099 2.5473848246037951 2.8748439364135256 2.0227248221635818 2.1094870865345028 6.1343419328331947 27.239645641297102 10.258355218917133 15.022197306156157 6.5738484375178814 3.2756493575870991 1.6485480330884454 2.4401452168822289 0.99489301815628994
leaf_count=42 30 30 9 23 37 12 18 58 21 44 13 22 46 148 158 190 34 21 9 39 15
internal_value=0 0.0106963 -0.0130218 0.000189208 -0.00805902 0.015524 -0.00286994 -0.0155721 -0.0213241 0.0103616 -0.00966548 0.0196243 0.00361073 0.0240382 -0.024584 -0.0263615 0.0211517 0.00363907 -0.00498163 -0.0342853 -0.0376486
internal_weight=0 57.5474 47.2694 18.199 11.7399 45.8075 8.30782 5.95101 29.0704 14.0756 4.89757 37.4997 8.15057 29.3491 26.523 25.2806 9.17802 8.39264 5.117 4.12338 3.34725
internal_count=1019 458 561 183 124 334 88 76 378 121 57 246 76 170 357 348 64 72 51 62 52
is_linear=0
shrinkage=0.0229628


Tree=1
num_leaves=22
num_cat=0
split_feature=38 43 42 39 6 19 30 43 38 42 43 42 46 42 19 39 7 43 42 16 47
split_gain=26.3805 16.6337 16.767 12.5487 11.1899 18.4551 13.4539 12.5669 10.8404 11.1859 8.98445 9.04594 8.94378 8.70239 8.04732 4.28459 3.92475 1.02202 0.576411 0.320417 0.238161
threshold=75.000000000000014 10.500000000000002 105.00000000000001 5.5000000000000009 4.5000000000000009 3.5000000000000004 1.0000000180025095e-35 3.5000000000000004 11.500000000000002 10.500000000000002 12.500000000000002 125.00000000000001 11.500000000000002 75.000000000000014 15.500000000000002 12.500000000000002 34.500000000000007 7.5000000000000009 25.000000000000004 1.0000000180025095e-35 4.5000000000000009
decision_type=2 2 2 2 2 2 2 2 2 2 2 2 2 2 2 2 2 2 2 2 2
left_child=1 4 8 13 5 6 -1 14 20 -10 15 -12 -9 -2 -6 18 -17 -15 -5 -7 -3
right_child=3 2 -4 10 7 19 -8 12 9 -11 11 -13 -14 17 -16 16 -18 -19 -20 -21 -22
leaf_value=0.0026886471052928189 0.012801629825996898 -0.029607937137499752 0.021497635141917281 -0.026027181545019401 0.030703307974822864 -0.040053475338881185 0.036776068920122799 0.01728782513822014 0.018488041290112993 -0.021619471847179068 0.015741358217391043 -0.032088995574491568 -0.012654520680504343 -0.015234842782055372 0.0049352526263297912 -0.027045619460361527 0.0086973075366478924 -0.039117637107701844 -0.040845826997362507 -0.028284434933665763 -0.041840334859112815
leaf_weight=96.573673367500305 10.715915754437445 1.6848827265203015 6.5137966349720946 2.022461634129292 24.540994998067617 3.2465926744043818 6.5231439843773833 9.8449796885252017 5.4092037416994598 11.268331136554478 5.1178831383585912 3.504782609641552 11.274964228272436 2.2962455227971068 8.7679516077041608 6.4196383580565435 2.1163728311657906 1.8817402943968771 12.491100940853356 3.6205866187810898 7.5054122135043144
leaf_count=338 27 12 21 17 35 23 7 29 21 74 23 24 46 16 33 56 12 15 105 22 63
internal_value=0 0.00367803 -0.0113531 -0.0155414 0.00664477 0.00241942 0.00485577 0.0151632 -0.0196637 -0.00855284 -0.0237172 -0.00359438 0.00125846 0.00178213 0.0239501 -0.0312021 -0.0180723 -0.0262415 -0.0388528 -0.0340036 -0.0397127
internal_weight=0 196.775 32.3816 46.5661 164.393 109.964 103.097 54.4289 25.8678 16.6775 31.6722 8.62267 21.1199 14.8939 33.3089 23.0496 8.53601 4.17799 14.5136 6.86718 9.19029
internal_count=1019 724 191 295 533 390 345 143 170 95 237 47 75 58 68 190 68 31 122 45 75
is_linear=0
shrinkage=0.0229628


Tree=2
num_leaves=24
num_cat=0
split_feature=39 48 11 1 3 4 43 39 48 36 42 30 42 5 38 0 38 48 48 3 43 19 5
split_gain=30.2893 17.5007 14.341 13.503 19.4914 12.555 11.3349 10.7063 9.85364 13.5102 12.4217 10.383 8.7486 16.1669 13.5256 8.22573 7.48237 6.25773 6.12186 8.49593 1.64984 1.64929 0.164677
threshold=6.5000000000000009 6.5000000000000009 1.5000000000000002 1.5000000000000002 163.50000000000003 4.5000000000000009 4.5000000000000009 8.5000000000000018 7.5000000000000009 -1.0000000180025095e-35 9.5000000000000018 1.0000000180025095e-35 19.000000000000004 3.5000000000000004 75.000000000000014 12.500000000000002 11.500000000000002 4.5000000000000009 2.5000000000000004 13.500000000000002 6.5000000000000009 15.500000000000002 1.0000000180025095e-35
decision_type=2 2 2 2 2 2 2 2 2 2 2 2 2 2 2 2 2 2 2 2 2 2 2
left_child=2 6 8 -4 5 -5 16 20 10 -10 11 -1 13 -9 -14 -12 -2 -18 19 -8 -3 -20 -11
right_child=1 7 3 4 -6 -7 18 12 9 22 15 -13 14 -15 -16 -17 17 -19 21 -21 -22 -23 -24
leaf_value=-0.020075308381891449 0.0084694763810154675 -0.014007631566954818 0.038592927002907833 0.017003297967381231 0.030180823919278465 -0.036540620705342988 0.00094360086499340628 -0.041052192906246988 0.014936051453916922 -0.033512625650041108 0.011451678714626816 0.023903216854934718 0.030920696698119924 0.014310290043169303 -0.010794674060117629 -0.017982423017599013 -0.032571084401560001 0.00097809882477467667 -0.037118650177143026 -0.039331569020451228 -0.038619118030086261 -0.013080199216557797 -0.044302578292711135
leaf_weight=15.03334126994014 10.215785045176746 3.2520281523466101 12.775988683104513 3.8067599609494227 10.337403513491152 5.7951172553002834 7.3548409193754214 4.6602366752922553 3.7512003183364868 2.3642002828419191 67.622138824313879 3.4665772914886466 12.626652382314207 6.8574673384428024 6.0234529785811892 5.3799342140555373 6.8494211956858617 5.0290842559188604 18.379139173775915 4.3768018893897533 2.8486300855875015 1.782067123800515 3.7308803237974644
leaf_count=86 26 18 16 12 22 25 47 46 10 17 216 5 23 27 45 25 50 26 170 43 26 14 24
internal_value=0 -0.0102836 0.00692331 0.0201457 0.00827359 -0.015215 -0.0185727 0.00202935 0.00264521 -0.0191579 0.0050024 -0.0117802 0.00766461 -0.00801297 0.0173973 0.00926876 -0.00587508 -0.0182907 -0.0273378 -0.0140079 -0.0256702 -0.0350435 -0.0402938
internal_weight=0 90.2556 134.064 32.7153 19.9393 9.60188 53.9871 36.2685 101.348 9.84628 91.502 18.4999 30.1678 11.5177 18.6501 73.0021 22.0943 11.8785 31.8928 11.7316 6.10066 20.1612 6.09508
internal_count=1019 561 458 75 59 37 376 185 383 51 332 91 141 73 68 241 102 76 274 90 44 184 41
is_linear=0
shrinkage=0.0229628


Tree=3
num_leaves=24
num_cat=0
split_feature=39 43 11 38 48 1 46 43 1 38 42 0 39 5 42 42 42 12 39 39 7 48 47
split_gain=18.5524 18.2378 13.0152 9.87577 10.8578 8.58456 12.0675 8.11685 7.89298 7.36816 10.5289 7.81876 7.2475 9.99254 8.4688 6.24454 6.96024 5.77863 4.03453 3.0161 2.94961 0.386747 0.135598
threshold=6.5000000000000009 6.5000000000000009 1.5000000000000002 75.000000000000014 6.5000000000000009 1.5000000000000002 25.000000000000004 16.500000000000004 1.0000000180025095e-35 7.5000000000000009 2.5000000000000004 1.0000000180025095e-35 1.5000000000000002 1.5000000000000002 25.000000000000004 25.000000000000004 75.000000000000014 1.5000000000000002 13.500000000000002 12.500000000000002 44.500000000000007 3.5000000000000004 8.5000000000000018
decision_type=2 2 2 2 2 2 2 2 2 2 2 2 2 2 2 2 2 2 2 2 2 2 2
left_child=2 3 9 4 8 -4 -7 15 -2 10 11 -1 14 -14 -11 20 -17 -8 21 -6 -3 -5 -12
right_child=1 7 5 18 19 6 17 -9 -10 12 22 -13 13 -15 -16 16 -18 -19 -20 -21 -22 -23 -24
leaf_value=0.0069600561174706166 0.0047331357095416887 -0.040778779238960054 0.033914826899882032 -0.024026336855226454 0.012783335177777824 0.023500456581471488 -0.036263744197778836 0.0083867673907187818 -0.027217030242705737 -0.03872819736854622 -0.032655572058888652 -0.028671481868831814 -8.0440764223133705e-05 0.01818099528515494 0.00077955913629857224 0.0028301872590040405 -0.025315907692132815 0.0055773548221413234 -0.0026161161879477727 0.033184312268456626 -0.01995537799576164 -0.04139095637228965 -0.043190929287149217
leaf_weight=13.78576116263867 13.704141989350321 10.812205333262684 11.867868706583979 1.3180319592356671 10.444119490683081 11.105728901922705 3.4310450702905646 4.8110032118856898 5.7820457667112342 3.8878990523517123 2.6806991994380942 4.2406548932194701 34.595717128366232 28.919441897422075 10.636779747903345 7.5419329218566444 11.776085205376146 3.4600619971752167 3.3962564654648304 6.2657836079597464 5.7204016856849185 3.018744558095932 2.6683756560087204
leaf_count=44 46 120 16 14 30 28 20 21 49 25 22 25 129 76 39 49 114 11 25 11 45 37 23
internal_value=0 -0.00838602 0.00540363 0.00185235 0.00690506 0.0187291 0.00865779 -0.0194698 -0.00470147 0.00146969 -0.00982512 -0.00137309 0.00486532 0.00821981 -0.0097366 -0.023235 -0.0142796 -0.0151245 -0.0216678 0.0204952 -0.0336367 -0.0363551 -0.0381123
internal_weight=0 84.5908 131.28 43.9291 36.1961 29.8647 17.9968 40.6616 19.4862 101.415 23.3755 18.0264 78.0398 63.5152 14.5247 35.8506 19.318 6.89111 7.73303 16.7099 16.5326 4.33678 5.34907
internal_count=1019 561 458 212 136 75 59 349 95 383 114 69 269 205 64 328 163 31 76 41 165 51 45
is_linear=0
shrinkage=0.0229628


Tree=4
num_leaves=25
num_cat=0
split_feature=39 43 38 38 43 30 46 49 43 6 48 2 46 38 42 48 4 17 12 48 7 4 48 46
split_gain=19.3139 14.5847 9.68396 15.0456 12.318 11.6786 9.38156 7.91037 8.02334 6.89752 6.45069 6.20544 7.07766 5.73274 5.65316 8.14085 5.89552 4.83066 4.26076 3.4452 2.65653 2.13186 1.02691 0.928716
threshold=6.5000000000000009 6.5000000000000009 9.5000000000000018 10.500000000000002 1.5000000000000002 1.0000000180025095e-35 45.000000000000007 8.5000000000000018 2.5000000000000004 1.0000000180025095e-35 6.5000000000000009 2.5000000000000004 85.000000000000014 75.000000000000014 15.500000000000002 7.5000000000000009 15.000000000000002 1.0000000180025095e-35 1.0000000180025095e-35 6.5000000000000009 44.500000000000007 7.5000000000000009 2.5000000000000004 9.5000000000000018
decision_type=2 2 2 2 2 2 2 2 2 2 2 2 2 2 2 2 2 2 2 2 2 2 2 2
left_child=2 7 4 11 10 6 -5 8 9 -2 17 12 -4 19 20 16 -16 -1 -15 -9 -3 -22 -6 -10
right_child=1 14 3 5 22 -7 -8 13 23 -11 -12 -13 -14 18 15 -17 -18 -19 -20 -21 21 -23 -24 -25
leaf_value=-0.023114247322492874 -0.023598599764425309 -0.039477180019203924 -0.0089385183505369756 0.0067455831573531673 -0.020182112510908689 0.02597048644259569 -0.01102373894711787 -0.003243789001246312 -0.019853393418548106 0.015235847587763014 0.016426956352860556 0.03500719301637633 0.02850634202779093 -0.040254334084959063 -0.024745249403851598 0.01102213604878898 0.013297066639581651 0.0075512033658645351 0.0067214877096793985 0.018665306121081096 0.00040665622589345171 -0.030466603687266416 -0.040705895277029301 -0.040481537110040544
leaf_weight=6.2052586227655464 3.9212406538426858 8.2562299817800504 4.8574920482933539 42.826170176267624 2.1513586081564418 10.790918614715336 24.696322843432426 4.8610053732991281 1.9912084080278862 6.2505859173834324 9.0606269389390928 13.401056092232464 5.8062377870082855 1.9896240159869183 16.900111276656396 5.7913539893925181 2.4242381341755381 4.7407507747411728 2.0211983025074005 16.03127259761095 1.9641331173479546 2.7387621477246284 4.4160730130970478 3.8077667467296124
leaf_count=45 26 104 23 136 14 22 117 27 12 28 22 19 10 28 166 27 13 9 13 40 14 25 41 38
internal_value=0 -0.00894464 0.00547629 0.00868633 -0.00685435 0.00379177 0.000232149 0.000558607 -0.0120293 0.000168847 0.00205947 0.0245723 0.0113629 0.00867021 -0.0191707 -0.0127484 -0.0199222 -0.00974777 -0.0163584 0.0135225 -0.0315376 -0.0173792 -0.0341411 -0.0335777
internal_weight=0 78.9487 128.952 102.378 26.5741 78.3134 67.5225 40.8739 15.9708 10.1718 20.0066 24.0648 10.6637 24.9031 38.0748 25.1157 19.3243 10.946 4.01082 20.8923 12.9591 4.7029 6.56743 5.79898
internal_count=1019 561 458 327 131 275 253 212 104 54 76 52 33 108 349 206 179 54 41 67 143 39 55 50
is_linear=0
shrinkage=0.0229628


Tree=5
num_leaves=25
num_cat=0
split_feature=39 43 6 22 15 1 25 38 2 46 49 43 7 48 6 42 48 38 5 42 6 1 10 0
split_gain=20.2685 10.9121 9.65499 8.84221 7.27651 10.3845 7.99606 6.94678 8.65565 7.44698 6.49609 6.89893 11.4181 6.04937 5.94768 5.68027 9.10226 8.19269 5.96663 4.69714 4.19736 3.99897 8.63869 0.688586
threshold=6.5000000000000009 6.5000000000000009 4.5000000000000009 1.0000000180025095e-35 5.5000000000000009 20.500000000000004 1.0000000180025095e-35 11.500000000000002 1.0000000180025095e-35 14.500000000000002 8.5000000000000018 1.5000000000000002 53.000000000000007 4.5000000000000009 2.5000000000000004 25.000000000000004 6.5000000000000009 55.000000000000007 11.500000000000002 75.000000000000014 2.5000000000000004 1.5000000000000002 1.0000000180025095e-35 9.5000000000000018
decision_type=2 2 2 2 2 2 2 2 2 2 2 2 2 2 2 2 2 2 2 2 2 2 2 2
left_child=2 7 3 4 6 -6 -1 9 13 14 21 -12 -13 -9 -2 18 19 -18 23 -17 -10 -4 -23 -3
right_child=1 15 10 -5 5 -7 -8 8 20 -11 11 12 -14 -15 -16 16 17 -19 -20 -21 -22 22 -24 -25
leaf_value=0.00047165336590300054 -0.015257380346428106 -0.038724510633668642 0.030445847350819899 0.033377417177848888 -0.036077093874078335 0.0078421076487265231 0.030427274254418202 -0.023327754218576927 -0.034924602683524882 0.030738527385183463 0.022763337989994463 0.027894981593799099 -0.035596873218610887 0.014499049604017487 0.019621933448328133 -0.0054030610186016547 0.031649075671279156 -0.012173973942040398 -0.0014969800376247785 -0.035039420676551941 -0.0066020447994146374 -0.013408799097884387 0.02785384741620732 -0.02279053153078462
leaf_weight=64.357995882630348 6.3700189739465731 10.272857423871754 13.972179092466833 4.3749721236526957 6.5360585227608663 4.9622226320207119 5.0719360820949069 2.9768172390759018 6.7141420077532512 6.0411210879683486 4.6016689985990507 2.2523147687315941 4.3614283949136734 8.7445750497281534 4.3205365389585495 4.7215568348765391 3.974638566374777 5.1378029137849808 3.401035673916339 7.3256220445036888 4.8453694619238377 4.3312095329165441 6.8978701531887054 2.0590821802616111
leaf_count=265 28 131 24 8 47 18 9 30 68 12 11 6 33 33 12 38 7 38 22 91 29 23 14 22
internal_value=0 -0.00922806 0.00583057 0.00159237 -0.000115462 -0.0170437 0.00267499 -0.000897151 -0.00902974 0.0103614 0.0157311 0.00110299 -0.0138277 0.00480736 -0.00107039 -0.0182368 -0.0103942 0.0068408 -0.0287197 -0.0235079 -0.0231403 0.0222023 0.0118543 -0.0361479
internal_weight=0 76.9052 121.72 85.3032 80.9282 11.4983 69.4299 40.0126 23.2809 16.7317 36.4167 11.2154 6.61374 11.7214 10.6906 36.8926 21.1596 9.11244 15.733 12.0472 11.5595 25.2013 11.2291 12.3319
internal_count=1019 561 458 347 339 65 274 212 160 52 111 50 39 63 40 349 174 45 175 129 97 61 37 153
is_linear=0
shrinkage=0.0229628


Tree=6
num_leaves=20
num_cat=0
split_feature=39 43 11 38 48 0 9 47 11 3 2 43 46 6 42 42 27 7 39
split_gain=18.1722 12.0149 9.16006 7.10002 8.206 5.9949 8.28971 6.09304 5.79747 9.59494 5.53548 5.0755 4.98667 4.03376 3.98671 6.18824 3.49981 2.12434 0.319401
threshold=6.5000000000000009 6.5000000000000009 1.5000000000000002 11.500000000000002 4.5000000000000009 12.500000000000002 1.0000000180025095e-35 8.5000000000000018 2.5000000000000004 163.50000000000003 1.0000000180025095e-35 16.500000000000004 14.500000000000002 2.5000000000000004 25.000000000000004 55.000000000000007 4.5000000000000009 44.500000000000007 8.5000000000000018
decision_type=2 2 2 2 2 2 2 2 2 2 2 2 2 2 2 2 2 2 2
left_child=2 3 5 12 18 6 7 -1 -4 -10 -6 14 13 -2 17 -16 -7 -3 -5
right_child=1 11 8 4 10 16 -8 -9 9 -11 -12 -13 -14 -15 15 -17 -18 -19 -20
leaf_value=0.0045181434142023335 -0.011355527735878038 -0.037878588200953328 0.028205791897096863 -0.023984395353559083 0.011918852662184273 -0.040974112228596489 0.02573081395871946 -0.011057964640135165 -0.019592412113921313 0.020912571722891432 -0.01469099498044231 0.0048556335772822002 0.02920104580579997 0.018744073382511592 0.0079569852887291723 -0.022561371515811737 -0.00080588501650403111 -0.018717724366107375 -0.03677722686006183
leaf_weight=62.587513256818056 5.276190333068369 8.7975982483476418 13.234215382486584 2.4317824281752136 9.261059872806074 2.5921323373913756 8.0150843784213048 16.777197014540434 4.7201631888747206 8.8157338276505453 7.4227008670568457 4.260212503373622 5.6966485306620589 4.2110214978456497 4.7411118894815472 12.981713801622389 2.1332865357398987 5.0740451477468005 3.3776932545006275
leaf_count=250 28 120 28 24 33 23 18 82 27 20 60 21 12 12 25 138 10 45 43
internal_value=0 -0.00897253 0.00555017 5.73543e-05 -0.00810676 0.00210171 0.00347385 0.00121314 0.0173777 0.00671629 2.23934e-05 -0.0184871 0.0122134 0.00190619 -0.0216649 -0.0143436 -0.0230547 -0.0309445 -0.0316027
internal_weight=0 73.5318 118.875 37.6771 22.4932 92.1052 87.3798 79.3647 26.7701 13.5359 16.6838 35.8547 15.1839 9.48721 31.5945 17.7228 4.72542 13.8716 5.80948
internal_count=1019 561 458 212 160 383 350 332 75 47 93 349 52 40 328 163 33 165 67
is_linear=0
shrinkage=0.0229628


Tree=7
num_leaves=26
num_cat=0
split_feature=39 48 38 43 42 38 7 43 6 48 23 49 46 42 38 15 47 48 16 39 12 46 47 39 1
split_gain=17.6009 9.78619 8.78325 10.8098 8.16152 12.2325 8.22747 7.88764 7.83168 12.9827 7.18991 5.20669 5.56015 4.2963 4.12363 4.05537 3.9014 2.69215 6.75571 2.30264 2.28828 1.45051 0.379879 0.310042 0.0676384
threshold=6.5000000000000009 6.5000000000000009 9.5000000000000018 1.5000000000000002 19.000000000000004 75.000000000000014 38.500000000000007 4.5000000000000009 4.5000000000000009 7.5000000000000009 1.5000000000000002 3.5000000000000004 6.5000000000000009 65.000000000000014 11.500000000000002 1.0000000180025095e-35 3.5000000000000004 6.5000000000000009 1.0000000180025095e-35 9.5000000000000018 1.0000000180025095e-35 35.000000000000007 8.5000000000000018 7.5000000000000009 1.0000000180025095e-35
decision_type=2 2 2 2 2 2 2 2 2 2 2 2 2 2 2 2 2 2 2 2 2 2 2 2 2
left_child=2 7 3 17 6 21 19 14 9 10 -4 12 -9 20 -2 -7 -16 18 -1 -3 -10 -6 -5 -13 -11
right_child=1 4 8 22 5 15 -8 11 13 24 -12 23 -14 -15 16 -17 -18 -19 -20 -21 -22 -23 -24 -25 -26
leaf_value=-0.023645712668918732 0.0095965587315981656 -0.015834943313391529 0.0039792169722768535 -0.027581636517061362 0.0324067514281806 0.0044293052251346858 0.0082246295030431234 0.018942664446890745 0.028202108533399724 -0.040019517910870231 0.029016747010286288 -0.022883891668436001 -0.021780961682375241 0.00081424515314894178 -0.03243819075273012 -0.032546958587380936 -0.00091027608464781438 0.012168045109596324 0.013205108086989209 -0.040791485872923347 0.012689589918257922 0.015915008763543952 -0.041210588098114967 -0.034691398457887344 -0.029550036222460573
leaf_weight=5.4026667363941723 6.7598389983177176 4.3671640418469888 53.339142646640539 3.0742852389812461 5.9277869984507578 2.8418701589107505 5.7029688432812682 2.3751927390694636 15.357590578496461 2.2907135114073744 6.8444347456097594 1.8889713659882534 6.6972454786300659 5.8575075268745413 3.6258056554943305 3.3677084632217884 4.9670517817139626 7.6488441079854956 5.0623995959758759 3.8139025606215 7.86472338810563 6.0188456922769547 2.7323007024824619 13.02951557561755 1.7166482172906397
leaf_count=40 26 28 195 27 12 20 27 13 31 17 13 20 71 29 38 36 38 22 14 43 25 19 28 170 17
internal_value=0 -0.00898847 0.00547518 -0.00691546 0.000404207 0.0105668 -0.0128163 -0.0166611 0.00866325 0.00416515 0.00684388 -0.0248922 -0.0110115 0.0185581 -0.00373426 -0.0154779 -0.0143317 0.00177604 -0.00572996 -0.0275974 0.022992 0.0241844 -0.0341783 -0.0332655 -0.0358
internal_weight=0 71.3839 117.191 23.9205 32.0402 18.1562 13.884 39.3436 93.2708 64.1909 60.1836 23.9909 9.07244 29.0798 15.3527 6.20958 8.59286 18.1139 10.4651 8.18107 23.2223 11.9466 5.80659 14.9185 4.00736
internal_count=1019 561 458 131 185 87 98 376 327 242 208 274 84 85 102 56 76 76 54 71 56 31 55 190 34
is_linear=0
shrinkage=0.0229628


Tree=8
num_leaves=25
num_cat=0
split_feature=39 43 38 46 42 49 42 48 49 43 43 1 39 2 42 47 42 42 38 30 49 7 46 47
split_gain=16.2346 9.36141 6.90115 8.56144 10.2116 10.1822 8.27387 6.50583 6.14242 5.7076 5.32159 5.0109 5.00413 4.75514 6.62243 4.81931 3.63987 4.78498 3.51327 1.58482 3.46293 1.48602 0.676188 0.0828178
threshold=6.5000000000000009 6.5000000000000009 7.5000000000000009 25.000000000000004 75.000000000000014 11.500000000000002 2.5000000000000004 5.5000000000000009 4.5000000000000009 2.5000000000000004 16.500000000000004 1.0000000180025095e-35 8.5000000000000018 2.5000000000000004 10.500000000000002 1.5000000000000002 25.000000000000004 55.000000000000007 45.000000000000007 1.0000000180025095e-35 13.500000000000002 44.500000000000007 7.5000000000000009 8.5000000000000018
decision_type=2 2 2 2 2 2 2 2 2 2 2 2 2 2 2 2 2 2 2 2 2 2 2 2
left_child=2 7 6 13 5 -5 19 9 -6 11 16 -2 -9 14 -4 -15 21 -18 -14 20 -1 -3 -11 -8
right_child=1 10 3 4 8 -7 23 12 -10 22 -12 -13 18 15 -16 -17 17 -19 -20 -21 -22 -23 -24 -25
leaf_value=-0.0089366684184916615 0.0098944515680054884 -0.036423180873838876 -0.012220572846901187 0.012126281363456873 0.0019959311365196062 -0.021370517396755041 -0.02939060590730485 -0.015809781444701913 -0.032955299604074909 -0.018282339137961422 0.0060342073007137566 -0.029919947985176918 0.020823787789805315 0.0047749195130308147 0.015196616345107083 0.027920095978409935 0.0067006614399448116 -0.021390926193213158 -2.5368383195233789e-05 0.014988722701032501 0.018829845101044181 -0.019585125756012751 -0.037770950128386369 -0.039536450872647295
leaf_weight=10.608035355806356 5.9437601044774038 8.139689842239024 6.5464969687163856 30.49934171512723 4.4426257759332639 5.6558318864554158 2.2503977566957465 4.015209428966048 6.3957447782158852 1.595356449484824 4.3044392168521872 2.3098079785704613 10.625661090016367 6.5655202642083195 15.764339469373224 18.157765224575996 4.3270558565855053 11.754230143502353 6.9623757246881715 3.3160934299230567 3.0344683080911627 4.6912717930972567 3.5999155696481466 2.1433298289775848
leaf_count=63 31 120 34 89 18 28 23 26 58 11 21 25 28 25 48 34 25 138 47 6 6 45 44 26
internal_value=0 -0.00887551 0.00525162 0.00793233 0.000978463 0.00685852 -0.00650806 -0.00056955 -0.0185449 -0.0131311 -0.0176108 -0.00114011 0.00720725 0.0148594 0.00710854 0.0218136 -0.0211643 -0.0137732 0.0125179 0.000714796 -0.00268784 -0.0303476 -0.0319849 -0.0345823
internal_weight=0 68.2688 115.38 94.0277 46.9935 36.1552 21.3523 35.0521 10.8384 13.4488 33.2167 8.25357 21.6032 47.0341 22.3108 24.7233 28.9122 16.0813 17.588 16.9586 13.6425 12.831 5.19527 4.39373
internal_count=1019 561 458 334 193 117 124 212 76 111 349 56 101 141 82 59 328 163 75 75 69 165 55 49
is_linear=0
shrinkage=0.0229628


Tree=9
num_leaves=23
num_cat=0
split_feature=39 48 11 1 3 43 38 42 43 9 3 48 46 12 18 47 38 15 48 46 39 0
split_gain=14.5496 8.88383 7.53179 5.73225 7.2732 5.7313 5.67532 10.8488 6.29207 5.65272 5.76161 5.3888 5.88457 5.37243 5.33388 4.41949 3.94946 3.57406 3.06415 1.16076 0.354671 0.230127
threshold=6.5000000000000009 6.5000000000000009 1.5000000000000002 1.5000000000000002 163.50000000000003 4.5000000000000009 75.000000000000014 19.000000000000004 6.5000000000000009 1.0000000180025095e-35 47.500000000000007 2.5000000000000004 6.5000000000000009 2.5000000000000004 1.0000000180025095e-35 8.5000000000000018 11.500000000000002 1.0000000180025095e-35 4.5000000000000009 35.000000000000007 7.5000000000000009 1.0000000180025095e-35
decision_type=2 2 2 2 2 2 2 2 2 2 2 2 2 2 2 2 2 2 2 2 2 2
left_child=2 5 9 -4 14 16 7 8 -3 10 15 12 -7 -12 -5 -1 -2 -8 -18 -9 -13 -19
right_child=1 6 3 4 -6 11 17 19 -10 -11 13 20 -14 -15 -16 -17 18 21 -20 -21 -22 -23
leaf_value=0.0044333363443874209 0.0084569796923968429 0.0055513234335164106 0.030635379400722692 0.0094986974505415541 0.020757163625433908 0.02147142413359612 0.00083760125098849875 0.0298723144582905 -0.028174051571176254 0.019266510551959069 -0.036790316718419667 -0.020817924566830577 -0.020260517888184389 0.0096282642444204536 -0.032893972512166636 -0.01000506640426717 -0.029514201162219155 -0.022991474819167398 -0.0010373469035879486 0.01476434304559089 -0.033777009804159208 -0.038276056598171404
leaf_weight=59.707345545291901 6.6225313022732726 6.582724250853067 9.2268209829926509 3.1168866567313662 9.045894041657446 2.3887836597859877 2.8204267621040335 5.5131421387195569 5.1836814768612385 8.8895768970251066 4.0428337045013896 1.71001861616969 6.8261787723749876 1.9037939570844171 3.0887282975018024 13.726145923137663 4.0519720427691919 1.2165543474256995 4.0586868561804295 5.9894659966230392 11.966076744720338 2.3703205250203609
leaf_count=236 26 24 16 14 22 12 22 12 64 25 38 19 78 9 23 75 50 13 26 19 165 31
internal_value=0 -0.00844865 0.0050432 0.0163177 0.0075887 -0.015859 0.000915002 0.00621522 -0.00922926 0.00190536 -2.76107e-05 -0.0230588 -0.00933536 -0.0217725 -0.0114545 0.00172123 -0.0046054 -0.0181783 -0.0153875 0.0220947 -0.0322316 -0.033383
internal_weight=0 67.3006 112.748 24.4783 15.2515 37.6242 29.6763 23.269 11.7664 88.2697 79.3801 22.8911 9.21496 5.94663 6.20561 73.4335 14.7332 6.4073 8.11066 11.5026 13.6761 3.58687
internal_count=1019 561 458 75 59 376 185 119 88 383 358 274 90 47 37 311 102 66 76 31 184 44
is_linear=0
shrinkage=0.0229628


Tree=10
num_leaves=25
num_cat=0
split_feature=39 48 10 39 19 6 7 42 43 48 38 42 43 48 46 38 15 26 47 48 47 39 0 0
split_gain=13.6094 8.22955 7.36907 6.32334 11.5995 7.58849 6.74376 6.65595 5.20232 5.1508 4.88788 7.85362 5.98381 4.53448 4.75871 3.98122 3.07844 2.84546 5.54851 2.51435 1.03194 0.397543 0.243684 0.101372
threshold=6.5000000000000009 6.5000000000000009 1.0000000180025095e-35 1.5000000000000002 3.5000000000000004 4.5000000000000009 1.5000000000000002 35.000000000000007 4.5000000000000009 4.5000000000000009 75.000000000000014 19.000000000000004 6.5000000000000009 2.5000000000000004 6.5000000000000009 11.500000000000002 1.0000000180025095e-35 1.0000000180025095e-35 2.5000000000000004 4.5000000000000009 4.5000000000000009 7.5000000000000009 1.0000000180025095e-35 2.5000000000000004
decision_type=2 2 2 2 2 2 2 2 2 2 2 2 2 2 2 2 2 2 2 2 2 2 2 2
left_child=2 8 3 4 6 7 -1 -5 15 -7 11 12 -3 14 -10 -2 -12 18 -4 -17 -13 -15 -18 -6
right_child=1 10 17 5 23 9 -8 -9 13 -11 16 20 -14 21 -16 19 22 -19 -20 -21 -22 -23 -24 -25
leaf_value=-0.017187404647175678 0.0080147062408188648 0.0063397085232099679 0.02846033001899306 0.0096020591401791908 -0.040536676053061355 0.028757178216753585 0.0090377035458347136 -0.0072101557597364571 0.018179998840232522 0.0027566096859409986 0 0.026238627637982573 -0.026608325478885309 -0.019268192019019352 -0.019877926444342348 -0.029569252503918342 -0.021542420533382171 0.034032012445275595 -0.0085130658683592892 -0.0029574904688207861 0.012020488971789978 -0.033004158688768555 -0.03735311786826296 -0.030760683467712036
leaf_weight=7.5894253514707151 6.7301810011267644 6.8377204313874298 4.8857039064168912 27.243121523410082 3.0979458615183821 11.318113543093206 16.184739895164967 22.766112498939037 2.3196448013186473 6.3609622456133357 2.8248872086405745 5.6413805186748487 5.0108237341046333 1.6511665247380722 6.6167652383446693 3.7556507717818022 1.1825051195919516 5.2368077486753455 3.7502172235399485 3.9065940752625465 5.8634041026234627 11.335819443687795 2.2005007546395063 2.3278970085084438
leaf_count=49 26 24 11 101 21 23 62 112 12 31 22 13 64 19 78 50 13 8 23 26 18 165 31 17
internal_value=0 -0.00826448 0.00491554 0.00266271 -0.00625175 0.00652249 0.000624621 0.0019295 -0.0155876 0.0194582 0.000700499 0.0055459 -0.00751747 -0.0226405 -0.00988964 -0.00477545 -0.0173674 0.0205765 0.0122971 -0.0161325 0.0190806 -0.0313364 -0.032134 -0.0365389
internal_weight=0 65.877 110.761 96.8883 29.2 67.6883 23.7742 50.0092 36.3158 17.6791 29.5612 23.3533 11.8485 21.9234 8.93641 14.3924 6.20789 13.8727 8.63592 7.66224 11.5048 12.987 3.38301 5.42584
internal_count=1019 561 458 416 149 267 111 213 376 54 185 119 88 274 90 102 66 42 34 76 31 184 44 38
is_linear=0
shrinkage=0.0229628


Tree=11
num_leaves=23
num_cat=0
split_feature=39 43 23 1 1 43 47 47 5 46 38 2 6 43 39 5 42 3 16 7 15 7
split_gain=12.1787 7.50826 6.6836 7.26569 11.42 6.7844 11.0096 7.01834 7.99817 6.54515 5.95915 5.56387 4.38094 3.50756 3.34984 3.75934 2.4955 4.14821 2.32326 2.22443 0.292835 0.060522
threshold=6.5000000000000009 6.5000000000000009 1.0000000180025095e-35 1.5000000000000002 20.500000000000004 10.500000000000002 1.5000000000000002 1.5000000000000002 1.5000000000000002 19.000000000000004 11.500000000000002 1.0000000180025095e-35 5.5000000000000009 16.500000000000004 13.500000000000002 1.0000000180025095e-35 25.000000000000004 4.5000000000000009 1.5000000000000002 44.500000000000007 1.0000000180025095e-35 51.000000000000007
decision_type=2 2 2 2 2 2 2 2 2 2 2 2 2 2 2 2 2 2 2 2 2 2
left_child=2 10 5 -4 21 7 -7 9 -9 -1 14 12 -12 16 15 -2 19 -18 -13 -3 -8 -5
right_child=1 13 3 4 -6 6 20 8 -10 -11 11 18 -14 -15 -16 -17 17 -19 -20 -21 -22 -23
leaf_value=2.9779894317290895e-05 0.016763052794552098 -0.0348129548307856 0.028855643004127813 -0.039503985798430313 0.023565575939851237 0.017886216469728364 -0.039046204894288096 -0.00019427276178678093 0.018121931035319807 -0.029590423288970089 -0.0073872850118313124 -0.027628790672120471 0.024545340261624433 0.0038053164195164533 0.029233152009350494 -0.011287622086799157 -0.034136766151336297 -0.0057028649626569795 0 -0.013875170626262732 -0.026861071727187737 -0.028248706894359616
leaf_weight=25.035123847424988 5.540493503212927 7.4278986752033287 11.245238322764637 1.3527911193668836 4.4528839811682701 3.2270501330494863 3.673603892326355 23.636360913515091 26.604283491149545 4.6495677605271331 6.8739349190145749 7.2143964264541847 3.3622967824339867 3.9744600728154174 3.8696755245327941 4.5820478722453117 3.6151405442506066 11.214111121371387 2.1035924404859543 4.4846289977431297 2.5405102744698524 1.8295704182237384
leaf_count=117 19 120 24 14 12 12 24 108 78 28 51 82 12 21 8 25 52 111 15 45 25 16
internal_value=0 -0.00791833 0.00470095 0.0171204 -4.38425e-05 0.00206591 -0.0163186 0.00425007 0.00948645 -0.00458041 -0.000378397 -0.00859205 0.00301324 -0.0161211 0.0110316 0.00397219 -0.0191183 -0.0127048 -0.0214396 -0.0270165 -0.0342345 -0.0333679
internal_weight=0 64.2627 108.247 18.8805 7.63525 89.3665 9.44116 79.9253 50.2406 29.6847 33.5464 19.5542 10.2362 30.7162 13.9922 10.1225 26.7418 14.8293 9.31799 11.9125 6.21411 3.18236
internal_count=1019 561 458 66 42 392 61 331 186 145 212 160 63 349 52 44 328 163 97 165 49 30
is_linear=0
shrinkage=0.0229628


Tree=12
num_leaves=28
num_cat=0
split_feature=39 43 3 38 43 46 42 31 2 42 48 11 39 38 43 49 15 6 31 43 48 16 5 15 48 47 27
split_gain=11.6602 6.95404 9.48241 6.26723 9.32044 7.94313 7.64339 7.60041 4.64934 4.42512 4.17241 5.64923 3.74409 4.02531 3.42639 5.38235 3.34771 3.31693 2.98939 2.5255 2.31665 4.11107 1.52411 1.06309 0.475654 0.187631 1.3603e-05
threshold=6.5000000000000009 5.5000000000000009 20.500000000000004 9.5000000000000018 1.5000000000000002 25.000000000000004 35.000000000000007 1.0000000180025095e-35 2.5000000000000004 19.000000000000004 6.5000000000000009 1.0000000180025095e-35 8.5000000000000018 75.000000000000014 12.500000000000002 3.5000000000000004 10.500000000000002 1.0000000180025095e-35 1.0000000180025095e-35 14.500000000000002 6.5000000000000009 1.0000000180025095e-35 1.0000000180025095e-35 6.5000000000000009 2.5000000000000004 7.5000000000000009 3.5000000000000004
decision_type=2 2 2 2 2 2 2 2 2 2 2 2 2 2 2 2 2 2 2 2 2 2 2 2 2 2 2
left_child=3 2 12 4 20 8 17 -8 9 -5 14 19 22 -14 25 -16 -10 -7 -13 -12 21 -1 -2 -4 -6 -3 -25
right_child=1 10 23 5 24 6 7 -9 16 -11 11 18 13 -15 15 -17 -18 -19 -20 -21 -22 -23 -24 26 -26 -27 -28
leaf_value=-0.019401266097550589 0.00038948224292758573 -0.026806905918918253 -0.014152109849972033 -0.01034846526280995 -0.020298591718543941 -0.0003439939440587414 -0.017138897686315144 0.007479898171268649 0.027848214113477175 0.01353290073023476 -0.030684513538744445 0.020704085629235095 0.017058127580243724 -0.01145471858171669 0.0084074698488616033 -0.029067631080420889 0.0090603591694943218 0.021201314742863533 -0.0086241770689618261 -0.0010757680836589532 0.012217334065531453 0.011048695461772508 -0.022809636542450624 -0.030715273551844453 -0.036847638893407253 -0.034396281483183543 -0.040137768415892346
leaf_weight=4.9983449801802688 3.6114383190870347 6.8895520232617873 2.3401545472443095 5.8846853338181999 1.6322111412882794 5.9022845439612857 15.877668991684915 11.263472471386192 15.168880023062231 13.188642531633375 4.468092564493416 4.3424613177776337 14.652094960212709 3.132705081254243 4.0264440272003394 3.9961679261177778 7.7273505330085746 10.011402625590561 3.1111623533070087 2.404018672183156 7.1203720346093169 4.3495772331953049 2.4520655684173107 1.7257182449102404 3.8796508200466633 4.5898272171616554 1.4922465123236177
leaf_count=40 22 96 23 32 14 22 94 52 31 43 58 20 50 30 31 58 28 25 26 17 22 14 19 22 41 72 17
internal_value=0 -0.00781738 0.000318497 0.00461976 -0.00628603 0.00745041 0.000497791 -0.00688747 0.0145595 0.0061144 -0.0149174 -0.00541756 0.00664617 0.011981 -0.0218448 -0.0101451 0.0215512 0.0131521 0.00833639 -0.0204706 0.00231232 -0.00513229 -0.00884266 -0.0266485 -0.0321346 -0.0299333 -0.0354168
internal_weight=0 63.2341 29.4064 107.005 21.9802 85.0244 43.0548 27.1411 41.9696 19.0733 33.8277 14.3257 23.8483 17.7848 19.502 8.02261 22.8962 15.9137 7.45362 6.87211 16.4683 9.34792 6.0635 5.55812 5.51186 11.4794 3.21796
internal_count=1019 561 183 458 131 327 193 146 134 75 378 121 121 80 257 89 59 47 46 75 76 54 41 62 55 168 39
is_linear=0
shrinkage=0.0229628


Tree=13
num_leaves=21
num_cat=0
split_feature=39 43 11 38 9 1 47 3 47 43 39 42 48 1 7 43 15 3 42 47
split_gain=10.7993 6.19609 6.14036 6.07049 4.19019 4.04149 6.06249 3.98526 3.78268 4.21011 3.76595 3.73667 3.6569 3.72929 3.4464 2.97397 2.68894 4.3606 0.744479 0.201709
threshold=6.5000000000000009 6.5000000000000009 1.5000000000000002 45.000000000000007 1.0000000180025095e-35 1.5000000000000002 4.5000000000000009 167.50000000000003 12.500000000000002 5.5000000000000009 12.500000000000002 9.5000000000000018 6.5000000000000009 1.0000000180025095e-35 1.0000000180025095e-35 16.500000000000004 3.5000000000000004 25.500000000000004 65.000000000000014 6.5000000000000009
decision_type=2 2 2 2 2 2 2 2 2 2 2 2 2 2 2 2 2 2 2 2
left_child=2 3 4 12 8 -4 7 -7 11 -10 18 -1 13 -2 -12 16 17 -3 -5 -18
right_child=1 15 5 10 -6 6 -8 -9 9 -11 14 -13 -14 -15 -16 -17 19 -19 -20 -21
leaf_value=-0.0076711174240388291 0.0063409804139221548 -0.017703973593747695 0.028015398643810155 -0.019928092742264196 0.016973056515098426 0.001923138240852844 -0.015822967733428665 0.031624602344344707 0.0042642140703451322 -0.038646327229770509 0.026241668406842344 0.0044826300674994995 0.01724358269728004 -0.02298001637495448 -0.012427090744030532 0.0031271482407440815 -0.024607524022551976 0.01423438748707976 -0.037916351023712422 -0.034717744994115181
leaf_weight=18.107560381293297 7.946282163262369 16.90695501305164 8.2874498814344424 4.2688923850655538 8.4204884096980077 4.6448060944676381 4.0663569606840602 5.0486633330583572 2.0962329804897299 2.7213350012898445 1.7937877513468263 50.385156583040953 9.6553580164909345 3.1990515813231468 3.7506138123571873 4.0377802476286879 2.8654492013156405 2.5648320317268363 2.0169138684868813 3.8122789468616247
leaf_count=104 37 213 16 46 25 21 29 9 12 24 7 218 28 31 34 21 39 16 29 60
internal_value=0 -0.00751428 0.00454859 -0.00054727 0.00163427 0.0153072 0.00757904 0.0174962 -0.000115268 -0.0197875 -0.0137051 0.00125541 0.00689136 -0.00199401 0 -0.0150129 -0.0178503 -0.0134465 -0.0258681 -0.0305361
internal_weight=0 62.8182 103.778 32.6309 81.7308 22.0473 13.7598 9.69347 73.3103 4.81757 11.8302 68.4927 20.8007 11.1453 5.5444 30.1873 26.1495 19.4718 6.28581 6.67773
internal_count=1019 561 458 212 383 75 59 30 358 36 116 322 96 68 41 349 328 229 75 99
is_linear=0
shrinkage=0.0229628


Tree=14
num_leaves=23
num_cat=0
split_feature=39 43 10 39 3 42 42 38 6 3 7 7 47 15 3 46 6 49 26 47 46 47
split_gain=10.1873 5.75575 5.21886 4.69284 8.50693 6.58024 7.54839 4.3166 5.11128 4.71563 4.29482 3.80684 3.78339 3.16529 3.26252 3.16024 3.14675 2.74173 2.48902 3.71364 0.30162 0.239506
threshold=6.5000000000000009 6.5000000000000009 1.0000000180025095e-35 1.5000000000000002 15.500000000000002 9.5000000000000018 55.000000000000007 11.500000000000002 5.5000000000000009 3.5000000000000004 1.5000000000000002 1.5000000000000002 140.00000000000003 3.5000000000000004 25.500000000000004 14.500000000000002 2.5000000000000004 4.5000000000000009 1.0000000180025095e-35 2.5000000000000004 8.5000000000000018 6.5000000000000009
decision_type=2 2 2 2 2 2 2 2 2 2 2 2 2 2 2 2 2 2 2 2 2 2
left_child=2 7 3 4 10 17 -7 15 11 -10 -1 -9 13 14 -3 16 -2 -5 19 -4 -6 -15
right_child=1 12 18 5 20 6 -8 8 9 -11 -12 -13 -14 21 -16 -17 -18 -19 -20 -21 -22 -23
leaf_value=-0.016482493319584162 -0.011012051975238054 -0.015357636481794808 0.024599031567654431 -0.00014886366219102055 -0.022273951470054589 0.014409127017909291 -0.0025705958656994242 -0.0017491788629689239 0.032651628906794211 -0.0076718835083348135 0.0068208558991259757 -0.027308197881247991 0.023741644513063914 -0.023870616607534253 0.012500268482676821 0.024401360004953899 0.017037156208717524 -0.03627795414328415 0.031639061600894657 -0.0069606254454729448 -0.035565250239842264 -0.034562725259192108
leaf_weight=5.5708697959780755 4.9070985913276655 18.956436727195989 4.3021392524242383 2.0456700995564452 1.9339739196002472 36.617451697587967 22.020800050348043 5.5708914659917372 2.6254767477512351 3.5922065414488316 16.503187399357557 7.0880131125450134 1.2667753100395192 2.776460211724042 2.4696165397763243 4.7298123687505713 3.6861592158675194 2.5574443191289902 4.6869452521204948 3.5501210018992424 3.5335925295948982 3.9633897468447685
leaf_count=38 28 228 11 11 18 123 109 41 5 29 62 85 2 39 16 12 12 24 8 23 31 64
internal_value=0 -0.00738842 0.00440733 0.00247689 -0.00541591 0.00592935 0.00801661 -0.000648166 -0.00773856 0.00921046 0.000895062 -0.0161388 -0.0147291 -0.0164957 -0.0121008 0.00932578 0.000911161 -0.02044 0.0183034 0.0102124 -0.0310541 -0.0303131
internal_weight=0 61.6323 103.322 90.783 27.5416 63.2414 58.6383 32.1997 18.8766 6.21768 22.0741 12.6589 29.4327 28.1659 21.4261 13.3231 8.59326 4.60311 12.5392 7.85226 5.46757 6.73985
internal_count=1019 561 458 416 149 267 232 212 160 34 100 126 349 347 244 52 40 35 42 34 49 103
is_linear=0
shrinkage=0.0229628


Tree=15
num_leaves=22
num_cat=0
split_feature=47 3 2 38 42 42 38 31 43 2 39 10 39 47 25 3 39 39 39 49 7
split_gain=9.44467 7.96844 7.76028 5.75486 6.16224 4.83888 6.37818 4.30286 6.0559 4.22894 3.80266 6.99931 5.52919 3.7179 3.26356 4.35313 2.63621 2.57428 1.43904 0.424544 0.344338
threshold=8.5000000000000018 38.000000000000007 1.5000000000000002 75.000000000000014 9.5000000000000018 75.000000000000014 95.000000000000014 1.0000000180025095e-35 4.5000000000000009 4.5000000000000009 1.5000000000000002 1.0000000180025095e-35 2.5000000000000004 13.500000000000002 1.0000000180025095e-35 3.5000000000000004 13.500000000000002 5.5000000000000009 7.5000000000000009 4.5000000000000009 4.5000000000000009
decision_type=2 2 2 2 2 2 2 2 2 2 2 2 2 2 2 2 2 2 2 2 2
left_child=3 2 7 4 14 6 18 8 -2 20 11 -6 -12 -9 15 -1 19 -8 -5 -7 -4
right_child=1 -3 9 5 10 16 17 13 -10 -11 12 -13 -14 -15 -16 -17 -18 -19 -20 -21 -22
leaf_value=0.0012192078512009927 -0.00028363103267490424 -0.03550024316186659 0.025729213055656255 -0.038198201974827803 -0.012998360605152996 -0.018955825016955155 0.021469726889447632 0.014442757588253471 -0.029404990397544333 -0.01168337422097538 0.024435422461317597 0.024088722014904359 0.0075828584533544317 -0.023999586848341078 0.019019064113260226 -0.018239586552152361 0.0027716190786795649 -0.001604708573855175 -0.0097792363868373713 -0.035197254111707155 0.014810399836456859
leaf_weight=15.130644757300621 5.8759643696248594 5.4957132898271075 3.5115074552595598 2.047835446894172 9.3932426832616311 1.4877570867538441 4.9579362794756872 4.4554727189242831 10.820382814854382 3.0944164544343948 13.150991499423979 3.7459525018930426 48.368806669488549 1.877396836876869 2.9364352524280539 10.019732717424629 1.5108573846518991 5.0984337143599987 1.9466945566236971 3.9556722361594439 3.920031625777483
leaf_count=72 32 80 14 16 58 15 14 26 127 29 34 10 230 22 10 79 13 50 21 51 16
internal_value=0 -0.00984522 -0.00561197 0.00310694 0.00535143 -0.00782567 -2.93092e-06 -0.0130958 -0.0192153 0.01067 0.00880439 -0.00234913 0.011202 0.00288967 -0.00379317 -0.00649659 -0.023487 0.00968005 -0.024606 -0.0309472 0.0201068
internal_weight=0 39.0509 33.5552 123.751 102.746 21.0052 14.0509 23.0292 16.6963 10.526 74.659 13.1392 61.5198 6.33287 28.0868 25.1504 6.95429 10.0564 3.99453 5.44343 7.43154
internal_count=1019 346 266 673 493 180 101 207 159 59 332 68 264 48 161 151 79 64 37 66 30
is_linear=0
shrinkage=0.0229628


Tree=16
num_leaves=27
num_cat=0
split_feature=39 38 42 46 13 23 43 38 2 2 49 47 42 3 3 43 39 5 49 3 7 4 7 48 4 5
split_gain=9.65913 5.10758 6.55574 5.78554 6.83549 5.86917 4.65439 4.8746 4.47431 3.99826 4.17487 3.98853 3.29182 3.44797 4.60558 3.08707 2.09102 2.59743 2.014 4.97777 1.86881 2.07199 1.85227 0.490617 0.448218 0.0457507
threshold=6.5000000000000009 7.5000000000000009 1.5000000000000002 25.000000000000004 1.5000000000000002 1.0000000180025095e-35 6.5000000000000009 11.500000000000002 1.0000000180025095e-35 2.5000000000000004 8.5000000000000018 1.5000000000000002 15.500000000000002 35.000000000000007 25.500000000000004 3.5000000000000004 13.500000000000002 1.0000000180025095e-35 5.5000000000000009 1.5000000000000002 44.500000000000007 7.5000000000000009 57.500000000000007 2.5000000000000004 1.5000000000000002 2.5000000000000004
decision_type=2 2 2 2 2 2 2 2 2 2 2 2 2 2 2 2 2 2 2 2 2 2 2 2 2 2
left_child=1 2 18 9 5 -5 7 16 15 10 -3 -11 20 14 -14 -9 17 -2 -1 -20 -8 -22 -10 -4 -6 -15
right_child=6 3 23 4 24 -7 12 8 22 11 -12 -13 13 25 -16 -17 -18 -19 19 -21 21 -23 -24 -25 -26 -27
leaf_value=-0.010565377661896585 0.015157838635176673 -0.0064773068957110222 -0.017668585983521428 -0.0010496532278252079 -0.018525414127215672 0.02108234735185284 -0.032655508198932148 0.010224024036750422 -0.027262019077517664 0.0028331028425728319 0.014930944080244502 0.026091124413478339 -0.0088119532831228472 -0.024639665917251807 0.026457574605308707 -0.018582051012107942 0.025845126138589275 -0.0090497246420075308 0.022171703060948317 -0.010710156625479852 0.0066942377551266969 -0.027893289069932187 -0.0039209066372841673 -0.03547046394648732 -0.037078011501425361 -0.034491764029422368
leaf_weight=4.9779553748667267 5.2276713699102419 8.4653104767203349 1.4713336713612069 29.099467281252146 1.4617357254028314 8.0432386808097345 6.0850384738296288 7.0306737311184424 6.1984011083841306 5.3329813182354 10.972201332449911 15.368452541530131 13.980583876371389 1.9334532264620059 2.2577597275376311 2.7075440771877766 3.2514915913343421 4.175817996263504 5.3910603150725347 4.3682510145008564 1.6987228877842429 1.8865941315889356 2.6659973710775375 3.1553866602480412 2.0695081911981106 1.5052224062383173
leaf_count=29 19 41 13 138 12 23 104 36 78 25 41 34 142 32 8 27 8 25 17 26 14 25 19 39 20 24
internal_value=0 0.00437765 -0.006188 0.00692126 0.000792616 0.00371886 -0.00723587 -0.00103656 -0.00854277 0.0131073 0.00555889 0.0201469 -0.0138054 -0.00833865 -0.00384515 0.00211373 0.00992164 0.00430741 0.0012381 0.00735773 -0.0248241 -0.0112495 -0.0203535 -0.0300315 -0.029692 -0.0292577
internal_weight=0 100.177 19.364 80.8129 40.6739 37.1427 60.605 31.2576 18.6026 40.1389 19.4375 20.7014 29.3474 19.677 16.2383 9.73822 12.655 9.40349 14.7373 9.75931 9.67036 3.58532 8.8644 4.62672 3.53124 3.43868
internal_count=1019 458 124 334 193 161 561 212 160 141 82 59 349 206 150 63 52 44 72 43 143 39 97 52 32 56
is_linear=0
shrinkage=0.0229628


Tree=17
num_leaves=23
num_cat=0
split_feature=39 43 38 2 30 38 42 43 6 6 49 48 48 38 27 6 5 42 43 46 6 0
split_gain=9.5925 4.89639 5.38694 5.21297 4.72954 5.20271 6.91216 7.02691 5.495 5.38434 8.04556 3.77466 2.96922 2.30991 2.37985 2.65021 2.17173 1.48531 1.00292 0.739976 0.321415 0.0320766
threshold=6.5000000000000009 6.5000000000000009 11.500000000000002 1.0000000180025095e-35 1.0000000180025095e-35 7.5000000000000009 55.000000000000007 9.5000000000000018 4.5000000000000009 1.0000000180025095e-35 13.500000000000002 1.5000000000000002 6.5000000000000009 11.500000000000002 1.5000000000000002 1.0000000180025095e-35 1.0000000180025095e-35 7.5000000000000009 5.5000000000000009 35.000000000000007 11.500000000000002 5.5000000000000009
decision_type=2 2 2 2 2 2 2 2 2 2 2 2 2 2 2 2 2 2 2 2 2 2
left_child=4 2 16 12 5 9 8 -8 -7 10 -1 -11 -4 20 15 -15 -2 -18 -6 -5 -3 -16
right_child=1 13 3 19 18 6 7 -9 -10 11 -12 -13 -14 14 21 -17 17 -19 -20 -21 -22 -23
leaf_value=-0.011216928841674165 0.018761271886855654 -0.032701204806694306 -0.011126157520113462 -0.01556688460926433 0.01057930043394272 0.0051464435315403652 -0.016550461782210181 0.009861470821375895 0.022229098023161496 0.0034025682025746822 0.035406085848398744 -0.033976589611337545 0.014190566926130745 -0.018599604939200466 -0.034580131904319474 -0.0016990359417310801 -0.01015983711456063 0.012172577193792059 0.024368776786683439 -0.030023181426454125 -0.015329372976693109 -0.024920060485255045
leaf_weight=6.6777583137154597 7.0931245908141154 3.5808526128530529 4.6108186915516871 4.4157335720956308 5.5949859246611577 35.279412120580673 12.713337361812593 9.0738701075315458 13.942852217704056 1.8871441930532444 2.7496717497706413 5.2917952463030815 5.1582033261656761 8.0705771986395174 1.4476573802530759 12.778981290757654 3.3686550557613373 2.9336576424539089 6.3052945882081985 3.9236334674060345 0.95281922072172154 1.8313043266534803
leaf_count=52 22 62 44 41 19 141 85 40 41 10 4 51 19 101 23 121 17 13 15 56 12 30
internal_value=0 -0.00723801 -0.000957012 -0.00915067 0.00437609 0.00251822 0.00523273 -0.00550701 0.0100058 -0.00903055 0.00228822 -0.0240211 0.0021444 -0.0141076 -0.0112149 -0.00828855 0.0100479 8.56908e-05 0.0179702 -0.0224918 -0.0292738 -0.0295054
internal_weight=0 60.166 31.5038 18.1084 99.5161 87.6158 71.0095 21.7872 49.2223 16.6064 9.42743 7.17894 9.76902 28.6622 24.1285 20.8496 13.3954 6.30231 11.9003 8.33937 4.53367 3.27896
internal_count=1019 561 212 160 458 424 307 125 182 117 56 61 63 349 275 222 52 30 34 97 74 53
is_linear=0
shrinkage=0.0229628


Tree=18
num_leaves=24
num_cat=0
split_feature=39 11 43 0 9 38 1 3 49 30 39 7 3 42 3 3 47 4 4 3 39 42 5
split_gain=8.71924 4.47324 4.45177 4.11329 5.38823 4.10826 3.45425 5.11079 4.01114 3.40878 3.1656 3.26524 2.90147 2.44114 2.83027 4.44138 1.96713 1.94883 2.68103 1.89778 1.85617 0.647774 0.062531
threshold=6.5000000000000009 1.5000000000000002 6.5000000000000009 12.500000000000002 1.0000000180025095e-35 45.000000000000007 1.5000000000000002 163.50000000000003 4.5000000000000009 1.0000000180025095e-35 12.500000000000002 1.0000000180025095e-35 212.50000000000003 15.500000000000002 35.000000000000007 25.500000000000004 4.5000000000000009 4.5000000000000009 7.5000000000000009 4.5000000000000009 8.5000000000000018 65.000000000000014 2.5000000000000004
decision_type=2 2 2 2 2 2 2 2 2 2 2 2 2 2 2 2 2 2 2 2 2 2 2
left_child=1 3 5 4 9 16 -3 8 -8 -1 21 -12 -5 17 15 -15 20 -4 -19 -18 -2 -7 -16
right_child=2 6 13 12 -6 10 7 -9 -10 -11 11 -13 -14 14 22 -17 19 18 -20 -21 -22 -23 -24
leaf_value=-0.00065664346322847613 -0.0020378914353080678 0.026210714699738326 -0.031413623588588249 -0.03691827156408433 0.022617741703115604 -0.018271428911477379 0.0090583491822290255 0.0186917774872646 -0.031161942552774081 0.017162003582248449 0.025797420803580471 -0.012201471353925698 0.0013057785921312165 -0.0097181710413700405 -0.023292237806801327 0.02509801817098371 -0.014130063302117524 0.012028880669488682 -0.02850744439644155 0.0069129877279152513 0.018571820456128232 -0.036068868415385022 -0.033787766455915733
leaf_weight=60.990956466645002 3.2540417239069992 7.5167264714837101 5.8625747561454791 2.3990433961153022 6.6826504394412032 4.0166416279971582 2.5703637674450857 7.3854008987545967 2.6018664464354515 6.2297514528036109 1.7993348836898801 3.5122857987880707 1.77322331815958 13.219127798452975 1.8374968562275165 2.2494197003543368 4.063310854136942 1.6070382483303549 1.7960554882884023 5.0304475091397762 7.2815165780484676 1.7631596624851225 1.4356260038912294
leaf_count=315 22 16 106 24 18 46 11 22 26 17 7 34 9 142 32 8 23 12 25 27 24 29 24
internal_value=0 0.00418751 -0.00699827 0.00168766 0.00295158 -0.000928164 0.013861 0.00638798 -0.0109974 0.000981327 -0.0121236 0.000499832 -0.0204569 -0.0136216 -0.00877062 -0.00458946 0.00535025 -0.0233244 -0.0090926 -0.00238668 0.0121173 -0.0238827 -0.0282155
internal_weight=0 98.15 58.7281 78.0756 73.9034 30.7207 20.0744 12.5576 5.17223 67.2207 11.0914 5.31162 4.17227 28.0073 18.7417 15.4685 19.6293 9.26567 3.40309 9.09376 10.5356 5.7798 3.27312
internal_count=1019 458 561 383 350 212 75 59 37 332 116 41 33 349 206 150 96 143 37 50 46 75 56
is_linear=0
shrinkage=0.0229628


end of trees

feature_importances:
result_2=45
ninki_2=44
result_1=43
ninki_1=37
waku=32
result_3=24
f_courseout=23
ninki_3=21
mf_courseout=18
mf_course3=16
umaban=15
f_course2=13
mf_course2=12
f_course3=11
f_lenout=10
f_course1=9
f_mf_courseout=8
mf_course1=7
mf_class3=6
f_mf_course2=4
f_mf_course3=4
f_len1=4
mf_len1=4
mf_classout=4
f_mf_classout=3
f_classout=3
mf_classout.1=3
mf_len2=2
f_class2=2
f_class3=2
f_len2=1
mf_len3=1
f_mf_len3=1
time_df_course1=1

parameters:
[boosting: gbdt]
[objective: lambdarank]
[metric: ndcg]
[tree_learner: serial]
[device_type: cpu]
[data_sample_strategy: bagging]
[data: ]
[valid: ]
[num_iterations: 115]
[learning_rate: 0.0229628]
[num_leaves: 28]
[num_threads: 16]
[seed: 0]
[deterministic: 0]
[force_col_wise: 1]
[force_row_wise: 0]
[histogram_pool_size: -1]
[max_depth: 5]
[min_data_in_leaf: 15]
[min_sum_hessian_in_leaf: 0.001]
[bagging_fraction: 1]
[pos_bagging_fraction: 1]
[neg_bagging_fraction: 1]
[bagging_freq: 0]
[bagging_seed: 7719]
[feature_fraction: 1]
[feature_fraction_bynode: 1]
[feature_fraction_seed: 2437]
[extra_trees: 0]
[extra_seed: 11797]
[early_stopping_round: 0]
[first_metric_only: 0]
[max_delta_step: 0]
[lambda_l1: 0.0414369]
[lambda_l2: 0.00330479]
[linear_lambda: 0]
[min_gain_to_split: 0]
[drop_rate: 0.1]
[max_drop: 50]
[skip_drop: 0.5]
[xgboost_dart_mode: 0]
[uniform_drop: 0]
[drop_seed: 21238]
[top_rate: 0.2]
[other_rate: 0.1]
[min_data_per_group: 100]
[max_cat_threshold: 32]
[cat_l2: 10]
[cat_smooth: 10]
[max_cat_to_onehot: 4]
[top_k: 20]
[monotone_constraints: ]
[monotone_constraints_method: basic]
[monotone_penalty: 0]
[feature_contri: ]
[forcedsplits_filename: ]
[refit_decay_rate: 0.9]
[cegb_tradeoff: 1]
[cegb_penalty_split: 0]
[cegb_penalty_feature_lazy: ]
[cegb_penalty_feature_coupled: ]
[path_smooth: 0]
[interaction_constraints: ]
[verbosity: -1]
[saved_feature_importance_type: 0]
[use_quantized_grad: 0]
[num_grad_quant_bins: 4]
[quant_train_renew_leaf: 0]
[stochastic_rounding: 1]
[linear_tree: 0]
[max_bin: 255]
[max_bin_by_feature: ]
[min_data_in_bin: 3]
[bin_construct_sample_cnt: 200000]
[data_random_seed: 38]
[is_enable_sparse: 1]
[enable_bundle: 1]
[use_missing: 1]
[zero_as_missing: 0]
[feature_pre_filter: 1]
[pre_partition: 0]
[two_round: 0]
[header: 0]
[label_column: ]
[weight_column: ]
[group_column: ]
[ignore_column: ]
[categorical_feature: ]
[forcedbins_filename: ]
[precise_float_parser: 0]
[parser_config_file: ]
[objective_seed: 8855]
[num_class: 1]
[is_unbalance: 0]
[scale_pos_weight: 1]
[sigmoid: 1]
[boost_from_average: 1]
[reg_sqrt: 0]
[alpha: 0.9]
[fair_c: 1]
[poisson_max_delta_step: 0.7]
[tweedie_variance_power: 1.5]
[lambdarank_truncation_level: 30]
[lambdarank_norm: 1]
[label_gain: ]
[lambdarank_position_bias_regularization: 0]
[eval_at: 1,3,5]
[multi_error_top_k: 1]
[auc_mu_weights: ]
[num_machines: 1]
[local_listen_port: 12400]
[time_out: 120]
[machine_list_filename: ]
[machines: ]
[gpu_platform_id: -1]
[gpu_device_id: -1]
[gpu_use_dp: 0]
[num_gpu: 1]

end of parameters

pandas_categorical:[]
