tree
version=v4
num_class=1
num_tree_per_iteration=1
label_index=0
max_feature_idx=49
objective=lambdarank
feature_names=f_course1 f_course2 f_course3 f_courseout mf_course1 mf_course2 mf_course3 mf_courseout f_mf_course1 f_mf_course2 f_mf_course3 f_mf_courseout f_len1 f_len2 f_len3 f_lenout mf_len1 mf_len2 mf_len3 mf_classout f_mf_len1 f_mf_len2 f_mf_len3 f_mf_classout f_class1 f_class2 f_class3 f_classout mf_class1 mf_class2 mf_class3 mf_classout.1 f_mf_class1 f_mf_class2 f_mf_class3 f_mf_classout.1 time_df_course1 time_df_class1 ninki_1 result_1 time_df_course2 time_df_class2 ninki_2 result_2 time_df_course3 time_df_class3 ninki_3 result_3 waku umaban
feature_infos=[-1:77] [-1:59] [-1:68] [-1:338] [-1:55] [-1:57] [-1:50] [-1:362] [-1:16] [-1:8] [-1:7] [-1:55] [-1:17] [-1:16] [-1:14] [-1:62] [-1:15] [-1:20] [-1:12] [-1:64] [-1:4] [-1:4] [-1:3] [-1:11] [-1:5] [-1:4] [-1:5] [-1:24] [-1:8] [-1:9] [-1:6] [-1:28] [-1:2] [-1:4] [-1:2] [-1:4] [-1:0] [-1:0] [-1:180] [-1:110] [-1:0] [-1:0] [-1:180] [-1:150] [-1:0] [-1:0] [-1:180] [-1:100] [1:8] [1:18]
tree_sizes=2415 3508 2531 3969 2614 2298 2523 3781 2854 2394 2925 3219 2278 2514 3783

Tree=0
num_leaves=24
num_cat=0
split_feature=6 29 4 8 13 15 42 3 3 11 15 47 3 46 18 49 39 39 13 3 38 3 15
split_gain=1.76396 5.09115 2.22311 2.12369 1.50185 4.91392 4.21078 1.38438 1.33831 2.04766 1.97711 1.17096 2.42875 1.1625 1.10978 0.868716 0.783974 0.72312 0.592828 0.516234 0.512553 0.255121 0.0207826
threshold=12.500000000000002 1.0000000180025095e-35 1.0000000180025095e-35 2.5000000000000004 1.0000000180025095e-35 1.5000000000000002 4.5000000000000009 5.5000000000000009 123.00000000000001 1.0000000180025095e-35 11.500000000000002 11.500000000000002 32.500000000000007 13.500000000000002 1.5000000000000002 1.5000000000000002 5.5000000000000009 8.5000000000000018 1.5000000000000002 1.5000000000000002 3.5000000000000004 2.5000000000000004 35.000000000000007
decision_type=2 2 2 2 2 2 2 2 2 2 2 2 2 2 2 2 2 2 2 2 2 2 2
left_child=1 2 11 14 5 19 -7 -3 10 -10 -6 12 13 -1 -2 -16 -13 -9 -14 -4 -17 -18 -5
right_child=3 7 4 22 8 6 -8 17 9 -11 -12 16 18 -15 15 20 21 -19 -20 -21 -22 -23 -24
leaf_value=-0.079319396312226981 0 0 8.6208004561927562e-05 0 0 0 0.14343200535702386 0.14820699959919825 -0.016465992128419527 0.079667315592363938 -0.11114842119232847 0 0.043463450892032941 0 0 0 0 0 -0.0084645043720597488 -0.03935979284485578 -0.11231822806114779 0.077146089643874718 0.01196259763391032
leaf_weight=34.423225551377982 2.928483339026573 3.4626184469088939 14.125084327068182 2.5787842837162307 12.693484628107401 4.1764875864610103 19.212946679908782 11.698701191693543 5.4001777148805585 12.556328971870242 8.3600487778894585 3.3458475079387417 10.161507095210256 14.803111138753591 2.1216991795226958 3.3368536513298777 3.128683281131087 4.2065872903913251 16.965732178883627 11.491018038708715 16.824731667526066 5.9563364433124661 4.9092076830565929
leaf_count=450 33 56 174 32 186 57 182 90 77 142 138 50 116 186 26 50 34 47 241 160 279 58 59
internal_value=0 0.00671646 -0.000619426 -0.0401135 0.0174428 0.0401833 0.103298 0.0978271 0 0.0242112 -0.0413091 -0.0239593 -0.0346626 -0.0598537 -0.0707982 -0.0859999 0.00299739 0.121016 0 0 -0.098301 0.0545545 0
internal_weight=0 196.168 176.8 32.6998 88.0156 49.0055 23.3894 19.3679 39.01 17.9565 21.0535 88.7844 76.3536 49.2263 25.2118 22.2833 12.4309 15.9053 27.1272 25.6161 20.1616 9.08502 7.48799
internal_count=2923 2444 2251 479 1116 573 239 193 543 219 324 1135 993 636 388 355 142 137 357 334 329 92 91
is_linear=0
shrinkage=0.187109


Tree=1
num_leaves=34
num_cat=0
split_feature=43 43 49 39 1 3 38 39 43 42 48 49 13 39 14 3 49 42 4 38 6 38 38 4 47 6 6 46 6 47 16 27 47
split_gain=13.4865 17.9698 8.69813 9.55177 6.46826 5.86508 11.7193 12.0046 13.9145 9.54478 10.7247 9.2774 6.56964 5.80667 5.60439 10.204 5.64385 8.0117 5.53206 5.15701 5.14239 5.06333 4.97182 4.19125 4.08123 3.88139 3.38997 2.3947 0.810847 0.597569 0.489971 1.12543 0.0237672
threshold=7.5000000000000009 9.5000000000000018 2.5000000000000004 2.5000000000000004 1.0000000180025095e-35 58.500000000000007 3.5000000000000004 2.5000000000000004 5.5000000000000009 5.5000000000000009 3.5000000000000004 9.5000000000000018 1.0000000180025095e-35 8.5000000000000018 3.5000000000000004 38.500000000000007 6.5000000000000009 95.000000000000014 4.5000000000000009 7.5000000000000009 1.0000000180025095e-35 5.5000000000000009 35.000000000000007 7.5000000000000009 2.5000000000000004 2.5000000000000004 4.5000000000000009 19.000000000000004 1.5000000000000002 2.5000000000000004 1.0000000180025095e-35 1.0000000180025095e-35 2.5000000000000004
decision_type=2 2 2 2 2 2 2 2 2 2 2 2 2 2 2 2 2 2 2 2 2 2 2 2 2 2 2 2 2 2 2 2 2
left_child=2 13 3 4 -1 6 12 26 -9 11 -11 -7 23 30 15 16 17 -3 20 -17 32 -18 -12 -4 -20 -16 -8 28 -15 -21 -2 -32 -5
right_child=1 14 5 18 -6 9 7 8 -10 10 22 -13 -14 27 25 19 21 -19 24 29 -22 -23 -24 -25 -26 -27 -28 -29 -30 -31 31 -33 -34
leaf_value=0 -0.23012537302816921 -0.086399195183618951 0.006818176181292687 0.028838009034038346 -0.18340712659209593 0.16408398857443385 0.15126793367091146 -0.026629812543479736 0.10412063947432651 0.14970223317906731 -0.084576169082018107 -0.0010002275325767332 -0.15994188206503013 -0.021586319754113695 0 0 0.12065071144885266 0.044642576681510691 0.1780098382431122 0 -0.12585397976977211 0 0.021696970633244057 -0.1202315786932866 0 0.13845863478603881 0 -0.1075374100775453 0.058742878587405942 -0.20428600037468159 -0.12952642912331977 0 0
leaf_weight=13.995078103616832 20.267170738428835 41.265191487967968 42.701612796634436 6.2913999632000941 19.111934270709753 43.779885599389672 35.115181319415569 96.006913213059306 39.231174748390913 16.061391262337565 25.463732577860355 8.638462793081997 15.414863804355262 6.8590229414403456 7.9320582579821375 10.739123314619066 20.628937469795346 21.496842052787542 9.6236996529623884 4.4433658793568638 12.895145267248152 35.936459248885512 27.369978843256831 10.115644931793211 11.956132754683493 14.177703972905872 8.6375313661992532 8.9303325898945314 7.1015319153666496 14.655984379351137 5.5281955637037736 6.1856437064707279 7.0861621424555779
leaf_count=60 100 181 168 27 99 139 121 437 123 67 150 45 80 38 35 45 70 60 24 29 67 170 129 40 38 47 41 49 40 103 38 30 33
internal_value=0 -0.0372527 0.0187496 -0.0339288 -0.112647 0.0316438 0.0126136 0.0393072 0.00781469 0.0663714 0.012449 0.127773 -0.0502643 -0.130668 -0.00440217 -0.0200879 0.000471419 -0.0338342 0.0106782 -0.117939 -0.0345303 0.0470432 -0.0205117 -0.00870784 0.0877771 0.0790536 0.125224 -0.0305024 0 -0.176144 -0.18677 -0.0688054 0.0183142
internal_weight=0 226.148 449.496 80.9596 33.107 368.536 247.223 178.991 135.238 121.313 68.8951 52.4183 68.2321 54.8719 171.276 149.166 119.327 62.762 47.8525 29.8385 26.2727 56.5654 52.8337 52.8173 21.5798 22.1098 43.7527 22.8909 13.9606 19.0994 31.981 11.7138 13.3776
internal_count=2923 1035 1888 348 159 1540 1010 722 560 530 346 184 288 295 740 658 481 241 189 177 127 240 279 208 62 82 162 127 78 132 168 68 60
is_linear=0
shrinkage=0.187109


Tree=2
num_leaves=24
num_cat=0
split_feature=39 5 39 7 3 38 43 7 46 47 10 15 20 1 46 42 39 42 38 7 49 43 2
split_gain=4.72785 4.7545 7.09767 4.74885 11.5862 6.38777 6.20017 4.91224 4.90817 4.48648 4.03177 10.3435 6.51076 3.33518 5.73173 6.88932 4.4031 4.62844 4.36715 1.87664 1.72644 1.58396 0.199602
threshold=15.500000000000002 1.0000000180025095e-35 11.500000000000002 20.500000000000004 5.5000000000000009 125.00000000000001 11.500000000000002 10.500000000000002 55.000000000000007 5.5000000000000009 1.0000000180025095e-35 3.5000000000000004 1.0000000180025095e-35 1.0000000180025095e-35 9.5000000000000018 4.5000000000000009 4.5000000000000009 3.5000000000000004 25.000000000000004 2.5000000000000004 8.5000000000000018 3.5000000000000004 1.5000000000000002
decision_type=2 2 2 2 2 2 2 2 2 2 2 2 2 2 2 2 2 2 2 2 2 2 2
left_child=1 2 13 4 7 10 8 20 -6 -2 11 -5 -12 14 15 -1 18 -18 -15 -16 -3 -9 -8
right_child=9 3 -4 5 6 -7 22 21 -10 -11 12 -13 -14 16 19 -17 17 -19 -20 -21 -22 -23 -24
leaf_value=0.0046879267649152156 0.18659745525586463 -0.030826637680469299 -0.1690966118155183 0.028210159812390431 0.11619479085103639 -0.17090400033864445 0 -0.22151112842774454 0 0 0.083279025016648092 -0.066556860617307978 -0.027344824900739098 -0.025190796364441666 0.10257494847590294 -0.14701065920667411 0.10585461251637977 -0.032420442811144708 -0.16713671072426317 0 0.080001991536340161 0 -0.075208748772233963
leaf_weight=29.583221627399325 8.9529169462621194 11.853680018335583 12.208803022280334 76.253937016241252 65.600933358073235 7.7087118644267312 3.7607428636401883 6.0016170591115934 17.116874804720283 6.7689276561141005 44.663703095167875 77.026863006874919 23.135195478796959 38.163732875138521 22.103432513773441 12.718651071190832 11.507187116891144 29.44944173656404 15.290202833712099 13.259193882346151 7.4824931472539893 7.0846922248601913 4.1282173972576857
leaf_count=137 31 63 107 423 289 47 24 34 87 46 208 423 115 212 85 96 41 198 93 59 24 44 37
internal_value=0 -0.00298094 -0.0279709 0.00874274 0.0389092 -0.00538478 0.0754292 -0.0481729 0.0929534 0.10056 0 -0.0162832 0.0384445 -0.0149892 0.00889693 -0.0299582 -0.0397304 0 -0.0752225 0.0689002 0 -0.136647 -0.046389
internal_weight=0 536.102 184.284 351.818 123.029 228.788 90.6068 32.4225 82.7178 15.7218 221.08 153.281 67.7989 172.075 77.6645 42.3019 94.4106 40.9566 53.4539 35.3626 19.3362 13.0863 7.88896
internal_count=2923 2846 1028 1818 602 1216 437 165 376 77 1169 846 323 921 377 233 544 239 305 144 87 78 61
is_linear=0
shrinkage=0.187109


Tree=3
num_leaves=39
num_cat=0
split_feature=49 48 38 46 31 27 43 42 4 7 13 31 7 0 46 49 16 4 39 28 49 7 14 39 42 42 19 7 42 47 1 4 7 7 17 7 46 25
split_gain=3.3092 7.3286 7.25408 4.84289 4.76526 7.85648 5.84394 3.66402 4.97694 4.6056 4.36255 7.09375 6.45815 3.63446 4.63438 3.30254 10.2988 6.33212 3.64275 4.9252 5.97258 4.14712 3.83848 3.53387 3.40597 3.89435 3.21744 2.552 2.17126 2.05243 1.86718 1.85295 1.41277 1.10141 0.565061 0.428216 0.0445763 0.0240305
threshold=6.5000000000000009 4.5000000000000009 75.000000000000014 45.000000000000007 1.0000000180025095e-35 1.0000000180025095e-35 3.5000000000000004 2.5000000000000004 7.5000000000000009 1.5000000000000002 1.0000000180025095e-35 1.0000000180025095e-35 56.500000000000007 17.500000000000004 13.500000000000002 11.500000000000002 1.5000000000000002 12.500000000000002 2.5000000000000004 1.0000000180025095e-35 8.5000000000000018 67.500000000000014 1.0000000180025095e-35 14.500000000000002 1.5000000000000002 105.00000000000001 15.500000000000002 77.500000000000014 75.000000000000014 7.5000000000000009 1.0000000180025095e-35 1.0000000180025095e-35 26.500000000000004 3.5000000000000004 1.0000000180025095e-35 9.5000000000000018 35.000000000000007 1.0000000180025095e-35
decision_type=2 2 2 2 2 2 2 2 2 2 2 2 2 2 2 2 2 2 2 2 2 2 2 2 2 2 2 2 2 2 2 2 2 2 2 2 2 2
left_child=1 3 13 7 6 -6 -5 8 9 -1 11 -9 -12 14 29 18 23 -18 22 20 27 -22 30 24 -17 -26 -21 -20 -8 -3 35 -32 -4 -24 -7 -2 -16 -28
right_child=15 2 32 4 5 34 28 10 -10 -11 12 -13 -14 -15 36 16 17 -19 19 26 21 -23 33 -25 25 -27 37 -29 -30 -31 31 -33 -34 -35 -36 -37 -38 -39
leaf_value=-0.086034220844434628 0.07054812493725636 -0.19123275122850589 0 0 0.14643725431202009 -0.13141527623488261 -0.24203192971075863 0.11624077934619782 -0.13980374162406847 0.044895400835042301 -0.064887946677323671 0 0.082057545517818672 0 0 0 0.17424047292362138 -0.0048616117276239455 -0.041705969703864691 -0.16718772460937986 0.091707607672744551 -0.018478306092496649 0 0.017650372088690067 -0.15035839019332292 0 -0.011989727479481812 0.068178326125126351 -0.041249303719445421 0 -0.12290810588063004 0 0.097100113570431593 0.13852043850943979 0 0 -0.012980922801045451 0.001701946949657889
leaf_weight=11.962669176980851 13.94973246753216 24.769788563251499 5.5505514591932279 9.4396758042275923 9.368625473231079 5.0627069137990457 9.0366350077092665 42.368876235559583 9.2744773700833303 35.291580372489989 25.467339323833585 19.029348745942116 17.369057716801763 7.032235335558652 5.7142358049750319 8.3438870310783368 12.03854673728347 5.3247196655720463 40.608760746195912 7.9157849010080126 47.56862292252481 6.9711455870419732 6.5840151440352228 4.1480450108647338 26.698827289044861 3.9920943174511185 5.5941002219915372 6.453470377251505 12.252936631441115 6.07773882895708 4.9427066799253208 6.6298035643994808 6.5698211975395679 23.461527382954955 4.7653606031090021 10.108303200453518 9.0863664820790273 3.950041975826025
leaf_count=77 46 141 36 52 40 30 55 194 64 163 185 133 84 34 30 48 35 59 238 51 244 46 40 16 214 29 55 34 70 39 41 34 27 91 36 44 50 18
internal_value=0 -0.0140697 -0.0691903 0.000633954 -0.0476182 0.00378143 -0.095212 0.0186587 -0.0136335 0.00136058 0.0407956 0.0728191 0 -0.102091 -0.12165 0.0158011 -0.0173542 0.0922485 0.0292883 0.00516255 0.0247003 0.0687733 0.0655528 -0.0727699 -0.0947452 -0.123558 -0.0802299 -0.0162056 -0.150279 -0.164588 0.00815285 -0.0325428 0.0339046 0.117182 -0.0840551 0.0477738 0 0
internal_weight=0 275.49 64.8007 210.689 49.9259 19.1967 30.7292 160.763 56.5287 47.2542 104.235 61.3982 42.8364 52.6804 45.6481 245.284 60.5461 17.3633 184.738 119.062 101.602 54.5398 65.6761 43.1829 39.0348 30.6909 17.4599 47.0622 21.2896 30.8475 35.6305 11.5725 12.1204 30.0455 9.82807 24.058 14.8006 9.54414
internal_count=2923 1540 357 1183 283 106 177 900 304 240 596 327 269 294 260 1383 401 94 982 686 562 290 296 307 291 243 124 272 125 180 165 75 63 131 66 90 80 73
is_linear=0
shrinkage=0.187109


Tree=4
num_leaves=25
num_cat=0
split_feature=39 43 42 23 6 6 3 4 19 7 4 30 18 11 7 13 16 3 47 4 5 46 1 49
split_gain=5.00102 6.84697 2.31488 3.29245 2.69403 5.63956 2.93481 2.45546 3.80424 2.69952 3.16962 5.24205 4.91562 2.64382 3.99797 2.80627 2.6157 3.2604 2.4669 2.40382 2.0842 1.67544 2.29321 0.153661
threshold=13.500000000000002 6.5000000000000009 65.000000000000014 3.5000000000000004 6.5000000000000009 3.5000000000000004 4.5000000000000009 1.0000000180025095e-35 1.5000000000000002 20.500000000000004 6.5000000000000009 1.0000000180025095e-35 2.5000000000000004 1.0000000180025095e-35 1.0000000180025095e-35 1.0000000180025095e-35 1.0000000180025095e-35 11.500000000000002 6.5000000000000009 3.5000000000000004 1.5000000000000002 11.500000000000002 1.0000000180025095e-35 3.5000000000000004
decision_type=2 2 2 2 2 2 2 2 2 2 2 2 2 2 2 2 2 2 2 2 2 2 2 2
left_child=2 -2 7 4 5 6 -4 8 13 16 11 -11 -12 14 -1 -15 17 -9 20 -18 -10 22 -3 -6
right_child=1 21 3 -5 23 -7 -8 9 18 10 12 -13 -14 15 -16 -17 19 -19 -20 -21 -22 -23 -24 -25
leaf_value=-0.037623568645997592 0.15137990429931891 0 -0.12836121755184321 0.085025974969342305 0 0.088614054148585891 -0.0081547327631659536 0 -0.19535958945948287 -0.070677065180904081 0.062644918283594545 0.060451457397400883 -0.014107544908476545 0 0.034976072444228137 -0.17223752681841148 -0.054876015144874328 0.095204210628061309 0 0.06955665093438311 0 0.04655712709284944 -0.12743217086621014 -0.1458288636205306
leaf_weight=40.591141139157116 17.343257430940866 3.8098095320165175 14.303710425272582 4.6079712556675068 3.8229281641542903 10.443806480616329 35.762831783853471 22.244455484673381 8.793716527521612 45.271616045385599 48.569823438301682 9.9876188002526742 55.782908231019974 6.2208423987030965 68.102365148253739 6.2277861349284649 15.733048027381303 36.896434932947159 7.6299886777997008 7.3178025744855395 4.5511161424219599 9.990883516147731 7.0239511644467711 11.610117780044673
leaf_count=269 72 22 82 18 26 43 246 127 70 283 222 39 362 36 365 53 117 166 57 20 22 52 54 100
internal_value=0 0.0649476 -0.00535954 -0.0341945 -0.0479593 -0.0199488 -0.0524482 0 -0.0187803 0.0121598 0 -0.0381387 0.0170357 -0.00182683 0.00340606 -0.0852303 0.039772 0.0611587 -0.0930106 0 -0.141142 0 -0.0576759 -0.12535
internal_weight=0 38.1679 464.472 80.5514 75.9434 60.5103 50.0665 383.921 142.117 241.804 159.612 55.2592 104.353 121.142 108.694 12.4486 82.1917 59.1409 20.9748 23.0509 13.3448 20.8246 10.8338 15.433
internal_count=2923 200 2723 515 497 371 328 2208 872 1336 906 322 584 723 634 89 430 293 149 137 92 128 76 126
is_linear=0
shrinkage=0.187109


Tree=5
num_leaves=23
num_cat=0
split_feature=35 15 16 4 7 38 5 7 38 6 46 14 24 38 28 43 0 38 31 42 19 7
split_gain=1.97673 3.55789 2.20207 4.94975 4.36988 4.70411 3.59956 3.57995 2.93168 4.01267 3.71946 2.68943 2.32532 3.28364 2.00454 1.40045 2.23612 1.31383 0.81155 0.574198 0.43694 0.34517
threshold=1.0000000180025095e-35 35.000000000000007 1.5000000000000002 13.500000000000002 64.000000000000014 3.5000000000000004 6.5000000000000009 46.500000000000007 115.00000000000001 1.0000000180025095e-35 85.000000000000014 1.0000000180025095e-35 1.0000000180025095e-35 85.000000000000014 1.5000000000000002 5.5000000000000009 12.500000000000002 8.5000000000000018 1.5000000000000002 10.500000000000002 31.500000000000004 22.500000000000004
decision_type=2 2 2 2 2 2 2 2 2 2 2 2 2 2 2 2 2 2 2 2 2 2
left_child=2 18 4 7 6 -6 8 21 10 -10 -1 20 13 -7 17 16 -13 -9 -2 -17 -5 -4
right_child=1 -3 3 11 5 12 -8 14 9 -11 -12 15 -14 -15 -16 19 -18 -19 -20 -21 -22 -23
leaf_value=0 0 0 0 -0.099812690952689506 0.0042584522852441757 -0.19839236087947615 0.10589520121093884 0 0 0.13106259099927001 -0.079042714368588465 0.1291269654483693 0 0 0 0 0 0.1336327902236833 -0.12946523008926084 -0.068673678676287181 0 -0.042119865645845841
leaf_weight=275.48129345756024 4.8105094805359903 12.733376272022722 5.2220310606062394 11.094644073396919 8.1029458604753035 12.866713855415588 11.273063268512486 6.7475342079997054 8.9605706650763768 13.367698911577461 22.346225684508681 7.6106780320405978 6.4218443967401972 3.3689212799072257 8.1934916377067548 3.9035965912044031 5.7512295804917812 27.170354053378105 12.819719491526483 4.2623355053365231 4.3354249503463498 6.6364275459200144
leaf_count=1655 30 55 24 97 43 116 45 40 67 62 162 35 45 28 28 15 34 100 97 44 49 52
internal_value=0 -0.0460772 0.00310427 0.0295739 -0.00221776 -0.0701911 0.00266666 0.0675166 0 0.063991 -0.00593303 -0.0128705 -0.11782 -0.155802 0.0938123 0.0123846 0.0616996 0.113905 -0.103136 -0.00994564 -0.0788323 0
internal_weight=0 30.3636 453.117 90.9277 362.189 30.7604 331.429 53.9698 320.156 22.3283 297.828 36.9579 22.6575 16.2356 42.1114 21.5278 13.3619 33.9179 17.6302 8.16593 15.4301 11.8585
internal_count=2923 182 2741 518 2223 232 1991 244 1946 129 1817 274 189 144 168 128 69 140 127 59 146 76
is_linear=0
shrinkage=0.187109


Tree=6
num_leaves=24
num_cat=0
split_feature=29 25 39 1 3 5 10 38 46 3 38 7 6 13 3 39 47 27 1 12 5 42 12
split_gain=1.59179 4.86326 1.98769 5.64104 4.28872 2.86506 2.21683 1.89216 1.82901 6.24654 3.99277 3.04998 4.22603 2.84287 10.6119 5.57593 2.588 2.15492 1.90726 1.89909 1.24933 1.67942 0.854176
threshold=1.0000000180025095e-35 2.5000000000000004 7.5000000000000009 1.5000000000000002 54.500000000000007 9.5000000000000018 2.5000000000000004 10.500000000000002 5.5000000000000009 137.50000000000003 6.5000000000000009 3.5000000000000004 4.5000000000000009 1.0000000180025095e-35 14.500000000000002 9.5000000000000018 9.5000000000000018 6.5000000000000009 2.5000000000000004 2.5000000000000004 6.5000000000000009 25.000000000000004 8.5000000000000018
decision_type=2 2 2 2 2 2 2 2 2 2 2 2 2 2 2 2 2 2 2 2 2 2 2
left_child=1 8 4 5 20 -4 -6 -5 9 11 16 17 -13 14 -12 -15 -10 -1 -18 -11 -2 -22 -21
right_child=2 -3 3 7 6 -7 -8 -9 10 19 13 12 -14 15 -16 -17 18 -19 -20 22 21 -23 -24
leaf_value=-0.087614300980336762 0.038536752105307583 -0.17383399698723054 0 0 0.12646884945655595 0.14396752654756592 0 -0.15933628619620827 0.10402695861601437 0.15013557465759153 -0.021878718485426114 0.011805498404827617 -0.083184390886040682 -0.071148900769950299 0.091732314107173765 0.025647346265527417 0.044561527477156408 0 -0.092996958431724161 -0.018203440076691783 -0.10103016421515151 0 0.061869969007538467
leaf_weight=44.918877299875021 9.2954321280121821 5.7597927507013074 7.0077519491314906 5.7432910595089188 21.295436650514606 7.2471848130226135 7.6517801210284224 8.1092483540996891 22.450417997315526 7.2766289636492756 77.172663046047091 60.815939239226282 20.442379364743829 49.585183199495077 42.604691008105874 26.375120849348605 12.626301802694799 5.4263682663440695 4.606326622888445 6.2227984182536584 8.4924096390604955 6.301014954224228 7.0832675825804472
leaf_count=327 37 44 39 30 85 33 47 79 117 20 436 341 142 430 201 187 70 26 38 37 85 47 25
internal_value=0 -0.00492442 0.0238318 -0.00209463 0.0466199 0.0609095 0.0955349 -0.101347 -0.00109023 -0.0181037 0.00786107 -0.0356142 -0.00628166 -0.000734679 0.0145769 -0.031207 0.062207 -0.0732013 0 0.0699203 0 -0.0445247 0
internal_weight=0 393.367 81.1435 28.1075 53.0361 14.2549 28.9472 13.8525 387.607 152.186 235.421 131.604 81.2583 195.738 119.777 75.9603 39.683 50.3452 17.2326 20.5827 24.0889 14.7934 13.3061
internal_count=2923 2441 482 181 301 72 132 109 2397 918 1479 836 483 1254 637 617 225 353 108 82 169 132 62
is_linear=0
shrinkage=0.187109


Tree=7
num_leaves=38
num_cat=0
split_feature=7 47 1 49 27 29 48 3 47 3 47 3 2 7 7 7 13 3 48 43 15 47 46 3 7 1 38 13 4 7 27 43 42 43 3 7 47
split_gain=1.72549 3.91349 3.13352 3.56388 4.28407 5.12979 4.7278 5.86339 2.94461 2.91403 4.32392 2.44711 2.32742 4.98986 4.33391 8.42745 3.11612 2.08192 2.05083 1.93559 1.82702 1.69774 1.63894 1.45119 1.17313 1.15159 1.11696 1.08669 1.01572 0.985951 0.923 0.704244 0.536367 0.446256 0.347531 0.176465 0.0337324
threshold=2.5000000000000004 1.5000000000000002 5.5000000000000009 8.5000000000000018 1.0000000180025095e-35 1.0000000180025095e-35 2.5000000000000004 7.5000000000000009 9.5000000000000018 46.500000000000007 8.5000000000000018 57.500000000000007 19.500000000000004 9.5000000000000018 16.500000000000004 55.000000000000007 3.5000000000000004 43.000000000000007 3.5000000000000004 5.5000000000000009 2.5000000000000004 11.500000000000002 55.000000000000007 2.5000000000000004 46.500000000000007 11.500000000000002 6.5000000000000009 1.0000000180025095e-35 1.5000000000000002 1.5000000000000002 3.5000000000000004 8.5000000000000018 7.5000000000000009 4.5000000000000009 218.50000000000003 12.500000000000002 13.500000000000002
decision_type=2 2 2 2 2 2 2 2 2 2 2 2 2 2 2 2 2 2 2 2 2 2 2 2 2 2 2 2 2 2 2 2 2 2 2 2 2
left_child=1 11 3 4 6 17 24 -8 12 10 22 23 14 -14 -4 -16 -15 -6 -12 20 -5 -20 32 -1 -2 -13 -21 -10 -28 -25 -29 33 -3 -11 -27 -22 -32
right_child=2 9 8 19 5 -7 7 -9 27 31 18 25 13 16 15 -17 -18 -19 21 26 35 -23 -24 29 -26 34 28 30 -30 -31 36 -33 -34 -35 -36 -37 -38
leaf_value=0 0 0 0.10107826413063635 0.078722998460616284 -0.15255661028293399 0 -0.093131204557681049 0.0027365447611897293 0 0 -0.095092746155540267 0.096382107243043746 -0.19084893669824654 -0.044992741444106948 -0.097998896534939678 0.067509839027087404 0.066271709429751288 0 0 0.011971614056688144 0 0.086811816419579746 0 -0.13006664509771615 0.078538962405005797 -0.045473477261577869 0 -0.11383448755427368 -0.072713482571128571 0 -0.015729422974570313 0 0.15409225552509773 -0.10058231963127552 0.019453507852916909 -0.032330918376900553 0
leaf_weight=13.296380261890592 20.192581372335553 6.6161796469241407 31.556762205436826 21.166312909685075 25.790230356156826 9.7706857658922655 38.91978919133544 31.279941562563181 4.1196168251335648 4.3920562081038934 5.2529613375663784 5.1340653579682103 4.4560145102441302 10.624606230296196 16.088257554918528 30.291399005800486 21.055430712178349 7.1377036273479453 6.2421494685113457 10.422547159716485 5.1200006399303657 10.725728742778299 6.8089856747537842 10.128299994394181 14.215074975043533 4.9643867313861829 9.6840013992041367 8.1709487177431601 14.554582891985772 3.452715450897812 4.598048083484171 4.6911194343119851 20.887755148112774 3.8062559729442 3.8921620436012745 5.7351655242964625 3.476493863388896
leaf_count=103 123 47 158 111 173 68 281 169 17 37 39 22 36 71 128 173 114 45 52 47 27 43 45 105 65 46 59 85 117 25 42 38 78 43 18 49 24
internal_value=0 0.0203781 -0.0064575 -0.0214516 -0.0384519 -0.0905873 -0.0124412 -0.0436433 0.0138143 0.0495054 0.0693313 -0.017321 0.0282205 0 0.0469892 0 0.0137367 -0.126702 0 0.00887384 0.0460566 0.0364006 0.110875 -0.0573522 0.0371362 0.0252105 -0.0116571 -0.0428943 -0.0416345 -0.100806 -0.0679589 -0.000208075 0.131872 -0.0542636 0 0 0
internal_weight=0 110.291 348.426 213.989 147.306 42.6986 104.607 70.1997 134.438 69.4232 56.5338 40.868 114.072 36.1361 77.9364 46.3797 31.68 32.9279 22.2208 66.6826 32.0215 16.9679 34.3129 26.8774 34.4077 13.9906 34.6611 20.3651 24.2386 13.581 16.2455 12.8894 27.5039 8.19831 8.85655 10.8552 8.07454
internal_count=2923 741 2182 1334 924 286 638 450 848 422 304 319 680 221 459 301 185 218 134 410 187 95 170 233 188 86 223 168 176 130 151 118 125 80 64 76 66
is_linear=0
shrinkage=0.187109


Tree=8
num_leaves=28
num_cat=0
split_feature=49 39 46 38 7 7 47 14 15 9 49 1 42 3 39 46 12 19 39 39 42 11 38 19 39 24 6
split_gain=1.77877 3.54908 3.4075 2.76806 1.77322 2.91041 2.62918 2.22378 3.62861 2.0284 1.61374 3.43533 1.4503 1.15342 2.57729 2.67174 1.67952 3.50952 1.51471 1.11702 1.11271 0.796197 0.668699 0.669683 0.618246 0.343792 0.0762843
threshold=2.5000000000000004 5.5000000000000009 65.000000000000014 45.000000000000007 154.00000000000003 48.500000000000007 3.5000000000000004 3.5000000000000004 1.5000000000000002 1.5000000000000002 1.5000000000000002 1.0000000180025095e-35 65.000000000000014 57.500000000000007 13.500000000000002 11.500000000000002 2.5000000000000004 2.5000000000000004 2.5000000000000004 1.0000000180025095e-35 45.000000000000007 8.5000000000000018 6.5000000000000009 4.5000000000000009 7.5000000000000009 1.0000000180025095e-35 1.0000000180025095e-35
decision_type=2 2 2 2 2 2 2 2 2 2 2 2 2 2 2 2 2 2 2 2 2 2 2 2 2 2 2
left_child=1 10 3 22 5 13 9 8 24 -6 25 -12 -10 14 18 -16 17 -15 -2 -18 -8 -9 -3 -24 -7 26 -1
right_child=4 2 -4 -5 6 7 20 21 12 -11 11 -13 -14 16 15 -17 19 -19 -20 -21 -22 -23 23 -25 -26 -27 -28
leaf_value=0 0 0.034165017617332524 -0.10195802734636972 0.10027882504914082 -0.14514709678892779 0.0033567772224604069 0.055491480737772061 -0.06701628804532718 0.093851542588120479 0 0 -0.20796049594244403 0 0.09918473156429819 0 0.12867921436895299 0.054115736099415265 -0.0034624963684938078 -0.031127980040953566 -0.017547082102505492 -0.039362152581669078 0 -0.079221908663030749 0 -0.061681658368737916 0 -0.04154794600237164
leaf_weight=5.782694227993491 61.088498364202678 6.8063636310398605 6.746268678456544 14.179545331746338 9.2911103516817146 13.954804802313449 10.114490151405333 6.0429357476532441 44.523298617452383 6.8394922092556945 9.4466664157807845 7.9799022898077956 7.6816086657345286 21.30456937476993 8.828531317412855 8.6298709698021394 9.3512159176170808 8.0994846038520318 104.72331185080111 36.227874506264925 4.5175003074109545 7.218988174572587 5.9922437779605371 5.8086042813956738 5.4720206335186949 4.5230101235210887 8.3565169386565668
leaf_count=40 366 31 55 59 93 96 59 43 217 50 59 85 55 96 51 32 36 59 727 295 54 33 53 35 47 29 68
internal_value=0 -0.0261376 0.0015434 0.037937 0.00529599 0.0102686 -0.0342876 0.0402905 0.0548328 -0.0887449 -0.0696539 -0.11491 0.0809137 0 -0.00761602 0.0544394 0.0198924 0.0547114 -0.0171133 0 0 -0.00196575 0 -0.0356983 0 -0.00105253 -0.0290224
internal_weight=0 75.6218 39.533 32.7868 373.91 343.147 30.7626 84.8937 71.6317 16.1306 36.0888 17.4266 52.2049 258.253 183.27 17.4584 74.9831 29.4041 165.812 45.5791 14.632 13.2619 18.6072 11.8008 19.4268 18.6622 14.1392
internal_count=2923 514 233 178 2409 2153 256 491 415 143 281 144 272 1662 1176 83 486 155 1093 331 113 76 119 88 143 137 108
is_linear=0
shrinkage=0.187109


Tree=9
num_leaves=24
num_cat=0
split_feature=29 17 43 42 18 31 46 13 7 6 19 1 12 39 12 24 19 46 46 39 14 39 39
split_gain=1.55987 2.82274 3.6841 1.90058 1.20787 2.61717 2.80265 1.27244 1.63113 1.25667 1.40998 1.17746 0.877393 2.2927 1.911 1.16571 0.40622 0.309756 0.579545 0.27926 0.108073 0.044296 0.344486
threshold=1.0000000180025095e-35 1.5000000000000002 3.5000000000000004 45.000000000000007 1.5000000000000002 5.5000000000000009 35.000000000000007 5.5000000000000009 2.5000000000000004 6.5000000000000009 17.500000000000004 27.000000000000004 1.5000000000000002 4.5000000000000009 1.0000000180025095e-35 1.5000000000000002 17.500000000000004 19.000000000000004 65.000000000000014 6.5000000000000009 7.5000000000000009 3.5000000000000004 9.5000000000000018
decision_type=2 2 2 2 2 2 2 2 2 2 2 2 2 2 2 2 2 2 2 2 2 2 2
left_child=1 4 19 12 7 6 -6 9 -9 11 -11 -1 13 16 -15 -14 -2 -5 -19 -3 -10 -4 -23
right_child=3 2 21 17 5 -7 -8 8 20 10 -12 -13 15 14 -16 -17 -18 18 -20 -21 -22 22 -24
leaf_value=0 -0.077959922842964421 -0.14857744579731344 -0.017498474334701277 0 0.091185611483159276 -0.050752229235691421 0 0 -0.15662479527062745 -0.11084483605799123 0 0.067441872270478695 0.099696468469347002 0.083431220069674336 0 0 0 -0.078602967481699093 0 0 0 0.035766395904178024 0
leaf_weight=259.38064525369555 5.5557113438844663 11.02077738009393 3.6844094693660763 5.5326630063354996 25.559516698122025 5.0532694682478896 6.6387601010501376 4.7144434824585906 4.3099223151802999 7.386642210185526 3.3205539602786303 8.9869402348995191 17.816172538790855 18.258689600974325 6.0727629512548438 6.0583190321922293 6.009020883589983 5.2737313490360958 6.3667340371757746 3.9781697057187548 4.4241269640624523 9.5411054380238038 4.6459717303514472
leaf_count=1714 41 88 38 35 119 45 47 38 42 66 23 45 83 90 41 38 55 49 50 23 43 69 41
internal_value=0 -0.00513664 -0.0572732 0.0241663 0 0.0317376 0.0598232 -0.00395931 -0.0600558 0 -0.0632573 0.00129472 0.0426506 0.00696916 0.0500584 0.0757536 -0.0418985 -0.0120795 -0.0336459 -0.125074 -0.109201 0 0.00506878
internal_weight=0 362.645 32.8704 76.9438 329.775 37.2515 32.1983 292.523 13.4485 279.075 10.7072 268.368 59.7707 35.8962 24.3315 23.8745 11.5647 17.1731 11.6405 14.9989 8.73405 17.8715 14.1871
internal_count=2923 2441 259 482 2182 211 166 1971 123 1848 89 1759 348 227 131 121 96 134 99 111 85 148 110
is_linear=0
shrinkage=0.187109


Tree=10
num_leaves=29
num_cat=0
split_feature=39 39 47 48 27 47 7 39 26 42 3 23 38 15 19 39 43 39 38 7 5 39 7 48 7 3 3 14
split_gain=1.26316 4.64324 3.00676 2.71737 2.35167 2.52951 2.26368 2.24244 2.94703 2.20756 3.1549 1.98409 2.85991 1.78989 1.31647 2.132 1.26287 0.895914 0.895155 0.442275 2.95175 1.04577 0.346925 0.336923 0.166854 0.122649 0.0497339 0.0326236
threshold=7.5000000000000009 6.5000000000000009 12.500000000000002 5.5000000000000009 9.5000000000000018 4.5000000000000009 80.500000000000014 12.500000000000002 1.0000000180025095e-35 3.5000000000000004 1.0000000180025095e-35 1.0000000180025095e-35 3.5000000000000004 17.500000000000004 1.0000000180025095e-35 1.5000000000000002 2.5000000000000004 1.5000000000000002 15.500000000000002 11.500000000000002 2.5000000000000004 15.500000000000002 5.5000000000000009 4.5000000000000009 49.500000000000007 50.500000000000007 12.500000000000002 4.5000000000000009
decision_type=2 2 2 2 2 2 2 2 2 2 2 2 2 2 2 2 2 2 2 2 2 2 2 2 2 2 2 2
left_child=1 4 7 18 6 24 14 8 9 26 -11 12 -8 -3 16 -16 -1 -13 -4 21 -21 22 -9 -22 -6 -10 -2 -27
right_child=2 13 3 -5 5 -7 11 19 25 10 -12 17 -14 -15 15 -17 -18 -19 -20 20 23 -23 -24 -25 -26 27 -28 -29
leaf_value=-0.042555076714422033 0 0.094609525969122782 0.13347313673027777 -0.0068093432385162673 0.0023303372883321481 0 0 0 0.030341171411749652 0 -0.099056482943770355 -0.055087324463245491 -0.13560764675204598 0 0.0425211093212138 -0.0024930599812768785 0 0.02531939508791483 0 0.10837602716127717 0 0 -0.12033462581207918 -0.040812754861148041 0.14632204666067644 -0.014580023167520006 0.016770895373945851 0
leaf_weight=36.753559106960893 4.5542531087994558 26.623363373801112 8.9511248711496609 6.8810616694390765 9.0259195324033552 5.2926657479256383 7.2295045908540514 6.9420166555792076 4.5802729278802863 8.8223774805664998 47.494137329980731 7.4201246500015285 13.951629035174845 6.114550605416297 53.847489949315786 63.038652719929814 40.707641586661339 12.798516046255825 6.6976588517427436 9.7311974838376063 6.4948064647614938 5.6782874055206767 3.3558248952031136 6.9654033817350864 7.5658670291304579 5.1976913791149837 6.0153975710272789 5.3832388520240784
leaf_count=263 38 145 43 54 51 41 63 69 24 65 370 56 139 51 293 443 268 81 39 34 38 25 26 58 25 53 35 33
internal_value=0 0.00710071 -0.0143349 0.040061 0 0.0568868 -0.00681107 -0.0284714 -0.0463853 -0.0646165 -0.0795273 -0.0465776 -0.0864636 0.0733767 0 0.0141466 -0.0170853 0 0.0910723 0 0.0236881 -0.0121196 -0.0610114 -0.00268504 0.0976694 0.00233848 0 0
internal_weight=0 290.369 143.745 22.5298 257.632 21.8845 235.747 121.215 82.0474 66.8862 56.3165 41.3998 21.1811 32.7379 194.347 116.886 77.4612 20.2186 15.6488 39.1675 23.1914 15.9761 10.2978 13.4602 16.5918 15.1612 10.5697 10.5809
internal_count=2923 1919 1004 136 1723 117 1606 868 618 508 435 339 202 196 1267 736 531 137 82 250 130 120 95 96 76 110 73 86
is_linear=0
shrinkage=0.187109


Tree=11
num_leaves=32
num_cat=0
split_feature=43 25 31 42 48 47 7 19 4 39 49 43 5 7 5 29 49 7 7 4 9 15 0 15 1 3 7 5 29 3 6
split_gain=0.840683 1.52554 2.60961 2.0814 2.16515 2.11354 1.82057 2.92864 1.81545 1.7492 1.74104 1.71364 1.55629 1.39315 3.36983 1.56409 1.29791 3.4761 1.19245 1.46186 1.15357 0.984056 1.21904 0.842609 0.773302 1.12568 0.732088 0.494016 0.288591 0.164938 0.0756991
threshold=3.5000000000000004 1.0000000180025095e-35 4.5000000000000009 4.5000000000000009 3.5000000000000004 10.500000000000002 2.5000000000000004 3.5000000000000004 8.5000000000000018 3.5000000000000004 4.5000000000000009 12.500000000000002 1.0000000180025095e-35 20.500000000000004 2.5000000000000004 1.0000000180025095e-35 9.5000000000000018 7.5000000000000009 67.500000000000014 17.500000000000004 1.0000000180025095e-35 8.5000000000000018 14.500000000000002 2.5000000000000004 27.000000000000004 2.5000000000000004 38.500000000000007 2.5000000000000004 1.5000000000000002 10.500000000000002 1.0000000180025095e-35
decision_type=2 2 2 2 2 2 2 2 2 2 2 2 2 2 2 2 2 2 2 2 2 2 2 2 2 2 2 2 2 2 2
left_child=13 3 9 10 5 8 11 -8 -5 30 -2 -6 -7 14 16 18 24 -18 26 -20 -11 23 -23 -17 25 -1 27 -15 -4 -28 -3
right_child=1 2 28 4 6 12 7 -9 -10 20 -12 -13 -14 15 -16 21 17 -19 19 -21 -22 22 -24 -25 -26 -27 29 -29 -30 -31 -32
leaf_value=0.013303139723172767 0 0.015138665697856813 0.049365996726158587 -0.062921528746385541 0.090885593566037481 0 -0.016976383637771379 0.043278059049329486 0 -0.12491477134094674 -0.12904325735325042 0 0.070509284472936071 0 0.082170996802259616 0 -0.13366015425357103 0 -0.13718204971523598 0 0 0.081945751568886324 0 -0.1049924489803621 0.057281438908437995 -0.02997113102653504 0.028294719310664511 -0.078751579681401659 0 0 -0.017404562548949998
leaf_weight=26.053568551316857 4.0680813863873464 5.6746466420590895 7.3465544711798412 28.151980696246028 32.193669810891151 4.9652614220976856 40.630421556532383 58.02632958162576 9.5630045272409898 12.923844876699151 5.4424978848546743 9.3221519161015731 15.95789973810315 4.1054345052689332 16.003072772175074 5.6992262378335017 9.6696599833667261 5.2220454886555663 11.070629402995111 5.839988086372613 4.112264320254325 9.1024840725585836 7.2255961596965781 3.8461832329630852 7.3132083453238002 41.316824508830905 7.0375679526478079 7.0552932471036911 4.3008101172745228 11.637860242277382 4.1479497589170933
leaf_count=155 25 35 44 232 171 39 290 395 58 144 53 55 76 37 73 48 90 27 102 47 31 42 40 38 34 310 35 51 34 77 35
internal_value=0 0.00706871 -0.0225285 0.0148727 0.020837 -0.0023249 0.033962 0.0135849 -0.0358111 -0.0616557 -0.0580089 0.0705278 0.0349156 -0.00978837 0 -0.0300797 -0.00986858 -0.0599666 -0.0507023 -0.0969077 -0.0976167 0 0.0344817 -0.0390587 0 -0.00608694 -0.00799069 -0.0492953 0.0263793 0 0
internal_weight=0 246.827 38.5061 208.321 198.811 58.6381 140.173 98.6568 37.715 26.8587 9.51058 41.5158 20.9232 178.199 105.578 72.6203 89.5753 14.8917 46.7468 16.9106 17.0361 25.8735 16.3281 9.54541 74.6836 67.3704 29.8362 11.1607 11.6474 18.6754 9.8226
internal_count=2923 1717 323 1394 1316 405 911 685 290 245 78 226 115 1206 689 517 616 117 349 149 175 168 82 86 499 465 200 88 78 112 70
is_linear=0
shrinkage=0.187109


Tree=12
num_leaves=22
num_cat=0
split_feature=49 15 49 49 47 1 47 46 42 42 49 49 27 46 11 3 27 39 38 39 42
split_gain=0.991705 0.800697 1.74938 2.15955 1.94064 1.52618 1.45571 1.70959 1.02518 0.936188 0.92572 3.22186 2.84798 1.63516 2.00521 1.60948 1.37279 0.892293 1.64114 0.641501 0.273018
threshold=16.500000000000004 1.5000000000000002 12.500000000000002 8.5000000000000018 8.5000000000000018 1.0000000180025095e-35 1.5000000000000002 35.000000000000007 25.000000000000004 65.000000000000014 2.5000000000000004 1.5000000000000002 1.0000000180025095e-35 25.000000000000004 1.0000000180025095e-35 111.50000000000001 2.5000000000000004 9.5000000000000018 25.000000000000004 11.500000000000002 15.500000000000002
decision_type=2 2 2 2 2 2 2 2 2 2 2 2 2 2 2 2 2 2 2 2 2
left_child=1 2 3 17 8 6 -3 -8 -5 -4 11 16 -13 15 -15 -12 -7 18 -1 -19 -6
right_child=-2 5 9 4 20 10 7 -9 -10 -11 13 12 -14 14 -16 -17 -18 19 -20 -21 -22
leaf_value=-0.050127484698253025 0.066089579840695009 0 -0.13700571799936581 0.083180560679300394 -0.049134702082354882 -0.034628314729008944 0.099095065590451767 0 0 0 -0.026266097854289846 0 -0.15993706596794147 0 0.054675621736978069 0.01286022656021839 0.057350145250959453 0.046022413377432278 0 -0.008501323610426801 0
leaf_weight=52.186131201684475 7.6252937689423552 7.8471843805164125 6.0495344419032318 19.836734980344776 3.9901353009045115 8.1229097452014702 16.903641067445282 6.6534718610346308 5.9329679682850829 3.0243221558630466 75.396191299892962 3.7346761599183074 9.3254621094092709 23.999918502755463 41.463262716308236 54.688507372513413 11.412039740011094 9.9567520413547772 31.966239582747221 13.644992617890237 3.6151522435247898
leaf_count=373 48 54 68 91 37 80 75 44 44 21 558 32 113 192 281 346 69 56 227 91 23
internal_value=0 -0.00125762 -0.0129498 -0.00411946 0.0323575 0.00365137 0.0424455 0.0674152 0.0628763 -0.0953369 0 -0.030518 -0.10406 0.00310652 0.0287549 -0.0061102 0 -0.0199315 -0.0296462 0 -0.00799781
internal_weight=0 409.75 150.203 141.129 33.375 259.547 31.4043 23.5571 25.7697 9.07386 228.143 32.5951 13.0601 195.548 65.4632 130.085 19.5349 107.754 84.1524 23.6017 7.60529
internal_count=2923 2875 1031 942 195 1844 173 119 135 89 1671 294 145 1377 473 904 149 747 600 147 60
is_linear=0
shrinkage=0.187109


Tree=13
num_leaves=25
num_cat=0
split_feature=39 38 38 27 3 38 7 6 6 3 27 14 5 42 7 7 3 31 46 7 49 5 7 5
split_gain=0.520263 1.18868 2.92172 1.54686 3.09626 1.71626 1.03782 1.47912 1.19682 0.891267 1.87091 1.24491 0.752849 0.688382 0.803114 1.39556 0.630911 0.625579 1.46929 1.42518 0.440376 0.309822 1.97927 0.400103
threshold=1.5000000000000002 6.5000000000000009 8.5000000000000018 3.5000000000000004 25.500000000000004 4.5000000000000009 80.500000000000014 2.5000000000000004 3.5000000000000004 13.500000000000002 7.5000000000000009 2.5000000000000004 9.5000000000000018 8.5000000000000018 1.0000000180025095e-35 19.500000000000004 1.0000000180025095e-35 1.0000000180025095e-35 11.500000000000002 2.5000000000000004 5.5000000000000009 1.0000000180025095e-35 1.0000000180025095e-35 2.5000000000000004
decision_type=2 2 2 2 2 2 2 2 2 2 2 2 2 2 2 2 2 2 2 2 2 2 2 2
left_child=6 3 16 4 5 12 7 9 -9 21 11 -11 -2 14 -4 -16 -3 18 -15 -19 -5 22 -1 -23
right_child=1 2 13 20 -6 -7 -8 8 -10 10 -12 -13 -14 17 15 -17 -18 19 -20 -21 -22 23 -24 -25
leaf_value=-0.034384988756603237 -0.051900707314088267 0 0 0 0.12088913543376277 0.065834016630967232 -0.058643643939014792 0.091384108870877639 0 -0.10119346763740268 0 0 0 -0.045125859791821182 0.06512962990562994 0 -0.098097049723361043 0.11633288687318998 0 0 -0.049281766863432004 -0.046755870859025675 0.060097916839273458 0
leaf_weight=7.6646395195275572 13.186688395217066 3.7599203810095814 6.2304205186665049 6.0258574523031694 14.095440998673437 11.465180864557622 14.411820271983741 8.633526002988221 12.317939305678008 15.489683773368602 4.4291175603866568 4.4453220404684535 4.2543187327682963 31.427867917343974 24.358565460890532 18.815869551151991 12.43873526714742 4.175703275948762 76.411946751177311 80.535006836056709 6.1728917099535465 9.4792585819959623 17.482060365378857 4.814790289849042
leaf_count=57 104 26 56 34 70 66 139 33 72 136 22 34 21 251 150 142 109 14 541 614 53 63 93 23
internal_value=0 0.00373877 0 0.0288212 0.0481624 0 -0.0117996 0 0.0387125 -0.0177344 -0.0457336 -0.0762187 -0.0233873 0.00351595 0.0233764 0.0356876 -0.0778737 0 -0.0109346 0.0102892 -1.59404e-06 0 0.0121673 -0.0221487
internal_weight=0 313.354 258.154 55.2004 43.0016 28.9062 99.1682 84.7563 20.9515 63.8049 24.3641 19.935 17.441 241.955 49.4049 43.1744 16.1987 192.551 107.84 84.7107 12.1987 39.4407 25.1467 14.294
internal_count=2923 2251 1903 348 261 191 672 533 105 428 192 170 125 1768 348 292 135 1420 792 628 87 236 150 86
is_linear=0
shrinkage=0.187109


Tree=14
num_leaves=39
num_cat=0
split_feature=42 42 49 49 7 5 39 39 0 15 11 9 38 3 47 1 1 46 39 46 39 49 14 14 46 38 18 1 38 6 19 27 27 13 48 46 6 2
split_gain=1.17143 1.83446 2.1737 4.63034 3.25451 1.86358 1.02356 1.86443 1.3822 1.08383 1.37594 1.06294 1.43465 1.35316 1.53446 0.975909 1.71641 2.03366 1.02848 1.70714 1.43441 0.869345 0.824978 0.716197 1.15661 0.711104 0.444022 0.380161 0.365957 0.326465 0.256245 0.141056 0.138341 0.382215 0.138315 0.0949416 0.0269054 0.00162531
threshold=13.500000000000002 9.5000000000000018 4.5000000000000009 9.5000000000000018 2.5000000000000004 7.5000000000000009 10.500000000000002 12.500000000000002 12.500000000000002 37.000000000000007 11.500000000000002 1.0000000180025095e-35 35.000000000000007 2.5000000000000004 11.500000000000002 8.5000000000000018 1.5000000000000002 5.5000000000000009 10.500000000000002 5.5000000000000009 7.5000000000000009 5.5000000000000009 2.5000000000000004 1.5000000000000002 14.500000000000002 25.000000000000004 1.5000000000000002 21.500000000000004 7.5000000000000009 2.5000000000000004 1.5000000000000002 3.5000000000000004 3.5000000000000004 4.5000000000000009 5.5000000000000009 55.000000000000007 1.0000000180025095e-35 3.5000000000000004
decision_type=2 2 2 2 2 2 2 2 2 2 2 2 2 2 2 2 2 2 2 2 2 2 2 2 2 2 2 2 2 2 2 2 2 2 2 2 2 2
left_child=1 15 23 4 -4 -6 9 8 -8 11 27 13 31 34 -15 16 18 25 20 -20 -1 22 28 24 36 -18 37 -11 -17 30 -9 -13 -23 -34 -2 -14 -3 -5
right_child=6 2 3 26 5 -7 7 29 -10 10 -12 12 35 14 -16 21 17 -19 19 -21 -22 32 -24 -25 -26 -27 -28 -29 -30 -31 -32 -33 33 -35 -36 -37 -38 -39
leaf_value=0 -0.016625074489019655 0 0 -0.003304303412202034 -0.20918715245464908 0 -0.11282234993526187 0 0 0 0 0 -0.10060619542169964 0.050854874440794014 0 0.10377218881255951 -0.11105347598511567 0 0 0.10373821735765629 -0.089300949034500435 0.017328538288510113 0 -0.053908898202220584 0.07866450111752718 0 0.051290300327125823 -0.11260787561109434 0 0 0.062770030938682247 0.045486179205068776 -0.040380383782369911 0 0.0072343943505223463 0 -0.012920944038186749 0
leaf_weight=59.728875083848834 14.631742084398867 5.6407426409423405 7.5086671039462116 5.036375889554618 11.265887690708043 5.359784582629799 9.1292666159570235 6.6964721530675906 3.0023163165897122 2.8012216687202436 5.7560087144374847 5.7062560506165045 4.725856274366377 87.27623020298779 13.176781570538877 9.0355159118771571 13.065141187980776 10.246875345706938 7.5581161752343204 8.6332395151257497 6.2456189412623635 9.700480770319702 7.0539872571825972 4.6707584559917441 8.144613314419983 5.2604233473539344 5.733960982412099 4.9041274506598711 5.7208789829164735 5.8547194488346568 5.0529376976191998 4.1180975958704948 9.1829628981649858 5.970196407288312 14.152565412223337 3.4753435738384724 5.4669353943318129 3.6824772823601961
leaf_count=413 98 33 43 41 94 39 86 49 24 28 35 48 44 594 100 39 145 71 51 36 63 56 47 35 35 43 32 66 34 44 26 21 65 39 98 31 48 29
internal_value=0 -0.00930002 -0.0364447 -0.0641189 -0.114996 -0.160984 0.0107368 -0.0128897 -0.0754424 0.0181222 -0.0146515 0.0244112 0 0.031088 0.0413969 0 -0.00800641 -0.0483476 0.000223077 0.0462612 -0.00385905 0.0240344 0.0511371 0 0.0237853 -0.0864901 0 -0.0805246 0.0760573 0.00334192 0.0312271 0.019861 0 -0.0110684 0 -0.0743328 0 0
internal_weight=0 219.913 62.5102 38.5872 24.1343 16.6257 190.46 29.7357 12.1316 160.724 13.4614 147.263 18.0256 129.237 100.453 157.402 110.738 28.5724 82.1658 16.1914 65.9745 46.664 21.8104 23.923 19.2523 18.3256 14.4528 7.70535 14.7564 17.6041 11.7494 9.82435 24.8536 15.1532 28.7843 8.2012 11.1077 8.71885
internal_count=2923 1531 429 278 176 133 1392 229 110 1163 129 1034 144 890 694 1102 822 259 563 87 476 280 120 151 116 188 102 94 73 119 75 69 160 104 196 75 81 70
is_linear=0
shrinkage=0.187109


end of trees

feature_importances:
mf_courseout=41
result_1=36
f_courseout=30
ninki_1=26
ninki_2=24
ninki_3=23
umaban=23
result_3=20
mf_course3=16
f_course2=15
result_2=15
mf_course1=13
mf_course2=13
f_lenout=12
f_classout=12
f_len2=10
mf_classout=10
f_len3=9
waku=8
mf_class2=6
mf_classout.1=6
f_mf_courseout=5
f_len1=5
f_course1=4
mf_len1=4
mf_len3=4
f_course3=3
f_mf_course2=3
f_class1=3
f_class2=3
f_mf_course3=2
mf_len2=2
f_mf_classout=2
mf_class1=2
f_mf_course1=1
f_mf_len1=1
f_class3=1
mf_class3=1
f_mf_classout.1=1

parameters:
[boosting: gbdt]
[objective: lambdarank]
[metric: ndcg]
[tree_learner: serial]
[device_type: cpu]
[data_sample_strategy: bagging]
[data: ]
[valid: ]
[num_iterations: 125]
[learning_rate: 0.187109]
[num_leaves: 62]
[num_threads: 16]
[seed: 0]
[deterministic: 0]
[force_col_wise: 1]
[force_row_wise: 0]
[histogram_pool_size: -1]
[max_depth: 6]
[min_data_in_leaf: 29]
[min_sum_hessian_in_leaf: 0.001]
[bagging_fraction: 1]
[pos_bagging_fraction: 1]
[neg_bagging_fraction: 1]
[bagging_freq: 0]
[bagging_seed: 7719]
[feature_fraction: 1]
[feature_fraction_bynode: 1]
[feature_fraction_seed: 2437]
[extra_trees: 0]
[extra_seed: 11797]
[early_stopping_round: 0]
[first_metric_only: 0]
[max_delta_step: 0]
[lambda_l1: 2.58401]
[lambda_l2: 0.175191]
[linear_lambda: 0]
[min_gain_to_split: 0]
[drop_rate: 0.1]
[max_drop: 50]
[skip_drop: 0.5]
[xgboost_dart_mode: 0]
[uniform_drop: 0]
[drop_seed: 21238]
[top_rate: 0.2]
[other_rate: 0.1]
[min_data_per_group: 100]
[max_cat_threshold: 32]
[cat_l2: 10]
[cat_smooth: 10]
[max_cat_to_onehot: 4]
[top_k: 20]
[monotone_constraints: ]
[monotone_constraints_method: basic]
[monotone_penalty: 0]
[feature_contri: ]
[forcedsplits_filename: ]
[refit_decay_rate: 0.9]
[cegb_tradeoff: 1]
[cegb_penalty_split: 0]
[cegb_penalty_feature_lazy: ]
[cegb_penalty_feature_coupled: ]
[path_smooth: 0]
[interaction_constraints: ]
[verbosity: -1]
[saved_feature_importance_type: 0]
[use_quantized_grad: 0]
[num_grad_quant_bins: 4]
[quant_train_renew_leaf: 0]
[stochastic_rounding: 1]
[linear_tree: 0]
[max_bin: 255]
[max_bin_by_feature: ]
[min_data_in_bin: 3]
[bin_construct_sample_cnt: 200000]
[data_random_seed: 38]
[is_enable_sparse: 1]
[enable_bundle: 1]
[use_missing: 1]
[zero_as_missing: 0]
[feature_pre_filter: 1]
[pre_partition: 0]
[two_round: 0]
[header: 0]
[label_column: ]
[weight_column: ]
[group_column: ]
[ignore_column: ]
[categorical_feature: ]
[forcedbins_filename: ]
[precise_float_parser: 0]
[parser_config_file: ]
[objective_seed: 8855]
[num_class: 1]
[is_unbalance: 0]
[scale_pos_weight: 1]
[sigmoid: 1]
[boost_from_average: 1]
[reg_sqrt: 0]
[alpha: 0.9]
[fair_c: 1]
[poisson_max_delta_step: 0.7]
[tweedie_variance_power: 1.5]
[lambdarank_truncation_level: 30]
[lambdarank_norm: 1]
[label_gain: ]
[lambdarank_position_bias_regularization: 0]
[eval_at: 1,3,5]
[multi_error_top_k: 1]
[auc_mu_weights: ]
[num_machines: 1]
[local_listen_port: 12400]
[time_out: 120]
[machine_list_filename: ]
[machines: ]
[gpu_platform_id: -1]
[gpu_device_id: -1]
[gpu_use_dp: 0]
[num_gpu: 1]

end of parameters

pandas_categorical:[]
